6785.298765 2692.956173 96.761728 415.540123 -349.147531 -384.538889 -2.455556 -153.958025 -2012.601852 -590.098148 -25.673457 -308.596914 -521.475926 -34.138889 -77.339506 -46.759259 -585.726543 -44.829012 -363.144444 -13.083951 -849.612963 -428.411111 -533.771605 -12.421605 -1144.824691 -837.665432 -425.640123 -10.254938 3692.723457 -209.167901 46.265432 7.318519 219.513580 -254.712346 17.703086 -135.035185 -1743.188889 -219.990741 50.736420 -281.574074 -647.110494 134.865432 -8.420988 -61.647531 -307.806790 297.217284 -391.364198 20.866049 -198.994444 65.151852 -526.603704 10.222840 -141.264815 -158.872222 -270.668519 37.206790 2561.509877 452.561111 44.038889 162.458025 401.048148 266.727160 76.464815 56.890741 -1314.040123 140.630247 253.056790 -327.874074 -569.016049 54.695679 9.384568 -144.428395 -186.779012 173.416667 -258.384568 33.634568 -15.747531 260.308025 -108.303086 2.311728 34.401235 147.322222 -12.046296 36.435185 1445.393827 476.222222 -4.172222 200.790741 408.176543 261.697531 -123.743210 175.593827 -463.235185 81.484568 -23.566667 -59.943210 -344.140123 111.011728 -1.080247 -71.334568 -111.804321 227.914198 33.858025 6.332099 5.806790 129.355556 72.113580 6.794444 -4.090123 63.664815 18.463580 -1.411111 632.576543 -423.840123 -206.533951 45.334568 233.141975 -231.488272 -280.346914 80.596914 17.272840 41.664815 -85.043210 27.736420 -173.413580 65.098148 21.751235 -8.650617 -57.647531 28.945679 12.812346 1.150000 -2.867901 -37.838272 -21.728395 0.000000 -52.711728 -171.304321 -28.892593 -2.751852 218.964198 -626.185185 -141.921605 -116.473457 275.683951 -23.654938 38.030247 -23.997531 -20.211728 -102.677160 29.893210 13.548765 -119.670988 -284.411111 -24.388272 3.786420 -50.878395 -280.778395 -35.660494 -15.528395 -30.719753 -265.223457 -64.012346 -10.600000 -111.866667 -223.794444 -39.360494 -72.866049 220.614198 -82.795062 12.898765 -0.125309 194.285802 275.822222 36.375309 99.657407 -36.985802 409.210494 12.547531 106.996914 -25.216049 479.380864 -8.509259 -30.859259 -44.116049 523.008642 -31.366049 -36.247531 -114.524691 565.732716 21.916667 -34.251852 40.190741 993.562346 182.095062 -30.246914 
2692.956173 5280.301358 41.201358 920.972716 -955.839568 405.061111 -21.918333 314.475679 -1603.804630 -361.139815 -28.610494 -126.496543 -359.466481 -55.175556 -26.089691 -31.321481 79.436049 21.952284 97.789444 3.183086 363.624815 1.052778 45.542469 26.231914 -62.710988 -318.848951 -182.927160 31.345247 591.326049 479.189506 -15.753827 264.620741 -121.305123 516.668951 -11.917099 485.210926 -899.469444 221.428704 -51.525432 262.948148 -292.074753 33.538951 10.249938 12.237099 198.675617 -35.661975 166.598210 8.841975 119.797222 -104.827593 -109.702037 -11.155864 -58.747037 -131.103333 -123.382407 23.706605 -133.505494 -191.866111 -24.994444 -45.724568 -101.125185 108.673086 -71.024074 215.571852 -398.640494 22.838210 -40.397840 200.141481 -70.995309 -275.391173 176.457160 -14.090802 73.426728 -311.688889 70.341173 -20.641728 -4.553457 -155.322901 -45.706790 -20.029198 -48.291173 1.771667 -7.745185 18.488519 -202.355802 -384.692778 -133.372778 -51.865926 14.152284 -464.128210 -256.402284 16.793642 309.217593 -415.607284 32.401111 35.089938 96.273951 -243.623086 219.450123 -13.656049 -33.588951 -172.877099 72.532654 -1.159938 -20.655062 -86.402222 -14.026790 -5.648889 -18.908272 -2.327963 6.695988 -3.330000 -619.540494 -1017.000494 -446.755802 1.684938 509.895679 -521.483642 -313.977654 7.458210 840.262469 -145.898519 137.739383 8.619012 91.356235 -32.620185 127.763272 7.653642 -46.876790 -8.941173 7.074938 4.251667 3.612840 16.921358 12.017531 0.000000 29.175309 87.112716 44.146296 8.671481 -1274.694877 -1160.569074 -268.476420 -235.579383 749.128580 -284.190864 -35.556235 15.540988 887.151975 -5.924198 72.207284 242.583951 10.831049 -14.157778 -0.439198 103.499012 -11.305802 -89.981914 -13.886975 24.018642 40.337099 -141.152160 6.027284 8.232222 -75.522778 -209.225556 54.173025 2.176914 -978.295432 -1514.944136 -9.223827 -514.874012 287.247654 -1490.965000 2.437346 -146.252593 556.379568 -1139.018580 -3.035432 489.147654 110.802469 -230.513210 -23.054815 298.475185 39.851914 100.585679 -62.920309 115.273210 33.299012 205.409753 -64.862778 40.417593 -77.902037 507.566605 -44.330309 53.851790 
96.761728 41.201358 53.723580 -11.577284 9.588210 27.094444 11.192778 -7.963210 -42.171296 -9.089815 -0.638272 -7.696543 -9.510926 -4.914444 -2.339691 -1.177037 -4.008395 -11.136605 -6.505000 0.366420 -24.791852 -19.652778 -15.985309 0.459691 -44.499877 -38.732284 -15.949383 -0.693642 147.464938 1.850617 11.123951 -4.712593 -38.210679 -22.358827 2.310679 -10.150185 -57.358333 -19.560185 -3.542099 -6.768519 -12.530309 -13.838827 -9.105617 -0.996235 0.236728 -20.711975 -9.707346 -0.185802 -3.675000 -26.549815 -22.940926 -0.978086 -15.891481 -12.592222 -13.149074 1.884383 112.811173 55.906111 0.916667 18.064321 -34.636296 19.611975 -1.312963 6.444074 -45.940494 0.577099 2.729938 -4.358519 -9.117531 8.119938 1.418272 -2.085247 1.976728 2.522222 -10.219938 4.447160 4.924321 -7.400679 -16.462346 1.115247 0.664383 16.249444 2.049259 1.616296 25.299753 45.173889 -1.628333 18.511852 -0.986605 40.621790 -1.185617 15.576975 -18.882407 15.853827 6.028889 2.656605 -6.448272 6.443580 3.794568 -2.233827 -3.444506 15.861790 -3.039568 0.651173 2.478272 18.664444 2.562099 0.906667 5.575062 20.405370 5.584877 0.364444 -18.812716 6.577284 2.133086 5.312716 -1.848765 3.149691 -1.772099 3.730432 -5.126420 -1.259630 5.911605 1.441235 -5.399321 8.813148 4.624383 0.092531 -2.354568 10.892160 3.613827 0.168333 -0.009383 6.910247 2.417531 0.000000 1.391975 9.107160 9.096296 -1.522963 5.849568 -11.646852 0.506914 -4.196049 3.873025 -6.518642 4.710432 -5.342346 -3.903580 -19.429753 4.579506 1.495062 -2.552284 -18.702222 1.933025 1.132346 -0.155802 -11.470802 2.329691 0.051975 4.181543 3.603395 3.538395 0.698889 -9.028333 9.774444 12.978580 -3.556420 42.932346 16.944753 0.115062 5.625988 -1.180123 26.523889 1.681790 -0.224815 -4.042654 8.670309 4.714568 8.297654 1.646914 -7.852099 6.139630 -0.958148 11.957469 -17.669877 4.485247 -3.593457 9.893457 -34.673580 2.648333 -1.637963 -38.068704 -83.566728 7.019691 -3.387099 
415.540123 920.972716 -11.577284 333.736543 -319.089136 -38.050000 -12.473333 100.561358 -348.920370 -95.474074 -5.198765 -26.371975 -53.064074 -8.124444 1.229506 -6.834074 50.462099 21.191235 37.085556 5.142840 98.202963 19.905556 40.026049 12.856049 18.798025 -46.255679 -11.782099 8.798272 -44.666790 96.162346 -11.572099 110.890370 -10.723580 113.335679 -5.815309 180.591852 -199.200000 34.357407 -9.804198 91.190741 -40.065062 -8.189877 22.567654 10.089753 75.923457 -11.313951 82.011975 5.261728 37.311111 -14.769630 23.971481 -0.233951 -1.841852 -38.274444 -12.409259 0.044321 -169.250988 -95.597778 -6.927778 -17.029136 -1.519259 11.247284 -13.842593 90.528148 -64.046543 -5.544691 -4.351235 106.458519 19.447160 -84.246790 58.607654 22.880617 46.755679 -106.161111 60.919012 -8.032346 -12.916914 -71.861358 -10.674691 -5.638395 -20.707901 -50.068889 -7.965926 -1.916296 -115.184938 -126.448889 -20.496667 -26.761852 -28.908765 -129.443086 -37.069012 1.462840 67.224074 -120.639012 20.432222 20.060988 55.822346 -98.469506 73.942469 3.941235 14.006543 -95.233086 5.327531 -0.674321 -10.357901 -59.353333 -17.493580 -1.845556 -11.550988 -32.491481 -7.574691 -1.347778 -145.168765 -219.886543 -84.734938 -4.297901 59.169136 -133.300617 -42.896420 -1.286914 174.511605 -60.868148 55.942099 1.734691 44.389136 -32.938148 34.009877 1.602840 -4.043580 -15.730123 -2.749012 0.962222 0.972346 5.336049 1.386173 0.000000 6.995062 40.440988 3.420370 5.650741 -284.637531 -250.517037 -58.899506 -35.696543 133.520494 -81.901728 -6.905802 2.860864 183.829506 12.642716 25.605679 52.584568 18.514321 49.857778 5.571605 26.693580 -4.173827 59.571728 4.030494 6.057284 2.084198 45.567901 13.219012 1.928889 -5.718889 43.881111 34.348272 18.930494 -263.484198 -361.771605 -2.257654 -109.710247 62.437531 -357.337778 -1.786420 -29.191852 103.388025 -296.286049 -1.955309 100.615309 7.271605 -115.133086 8.177037 65.585926 1.697160 -68.659753 11.847160 22.167531 -4.445309 -24.578272 3.121111 6.307407 -27.450741 37.350988 9.523827 29.354691 
-349.147531 -955.839568 9.588210 -319.089136 2263.955895 675.530556 27.417500 107.851049 1132.593981 258.978241 -6.572531 100.131605 -87.975093 -14.409444 -88.860710 0.116296 -543.520802 -162.748364 -344.919722 -14.041543 -722.631852 -287.948611 -389.990679 -15.299290 -678.013951 -327.931080 -223.164198 -14.708735 -470.032469 -1078.703086 14.904691 -418.271481 1066.405340 -352.995586 6.166883 -250.205463 933.131944 -82.281019 -51.981728 -75.943519 -86.623735 -56.944475 -211.088858 -12.979660 -371.132253 179.742099 -255.193549 -5.832099 -80.712500 329.061019 -9.532315 6.061265 147.820741 249.101667 43.099537 -0.747747 -114.433364 -418.483611 7.161111 -218.837716 566.384815 -425.005988 -24.232407 -290.449815 640.073025 -188.502438 -101.626080 -108.259630 -175.171790 231.403920 -25.420247 -20.696265 -227.207809 527.275000 144.726636 10.965309 -7.592716 442.383673 208.339506 4.742377 113.723364 268.797500 107.128148 -7.216481 62.339012 168.124167 35.280833 -19.089259 252.954414 168.219660 102.653920 -65.896821 -6.853241 199.389753 36.141111 -42.861636 -238.517531 377.497654 94.008272 -7.216420 -124.169414 303.516327 109.592006 5.479969 6.194198 165.076111 60.143951 2.513333 24.143025 54.377870 13.771451 2.276111 342.092469 747.264136 222.197346 8.740864 -34.972840 420.483488 178.966605 -0.456883 -393.761790 218.282593 9.105309 -19.003951 -256.222562 76.529537 -67.176080 -8.874043 -48.692160 17.592809 -13.465247 -1.078611 -3.384198 -42.916235 -15.030988 0.000000 -52.034877 -168.034136 -58.356481 -11.105185 750.983549 780.620648 145.377099 95.128580 -137.175401 285.442654 45.444784 22.026728 -443.142654 21.362099 -58.228642 -81.322531 -181.390525 -104.835000 -48.277623 -65.030062 -42.141543 -147.517377 -40.492623 -17.725988 -36.910216 -165.871142 -32.858086 -1.177222 -67.980278 -59.103889 -54.172623 -42.949568 539.081049 962.333179 1.536914 272.567562 -140.534938 865.649167 -3.813117 196.170741 -307.945340 876.920401 -11.923951 -116.798827 -144.245679 575.620494 -46.428148 -168.595926 -96.923179 427.326605 -32.537068 -68.522716 -46.446728 329.664568 49.259167 -9.258796 -44.437870 396.844475 146.556821 -35.239784 
-384.538889 405.061111 27.094444 -38.050000 675.530556 948.716667 30.369444 196.166667 452.663889 246.625000 -7.588889 105.227778 -49.397222 -15.988889 -38.675000 1.022222 -143.966667 -34.169444 -87.413889 -7.922222 -123.477778 -13.030556 -90.744444 -10.252778 -122.388889 -12.352778 -70.288889 -2.552778 -630.211111 -343.183333 9.155556 -173.372222 221.741667 42.225000 -1.286111 4.925000 526.019444 123.958333 -48.522222 144.433333 34.708333 -0.741667 -113.258333 22.086111 -82.891667 22.038889 -83.113889 -2.766667 16.786111 122.058333 -19.075000 -4.119444 57.666667 221.355556 16.625000 0.452778 -437.891667 -274.269444 -9.188889 -136.361111 -5.283333 -237.466667 -32.283333 -155.472222 373.988889 -137.786111 -107.947222 25.261111 26.988889 84.263889 -58.572222 28.736111 -61.402778 213.194444 60.325000 -3.872222 19.755556 194.930556 64.588889 -0.230556 43.641667 214.713889 32.650000 1.088889 -196.933333 -54.325000 -18.652778 -48.205556 12.019444 -64.158333 -3.408333 -70.936111 105.991667 -32.277778 25.827778 -23.369444 -31.738889 136.066667 57.127778 2.211111 -51.536111 131.430556 44.686111 0.741667 -1.383333 82.305556 25.038889 0.888889 17.433333 61.486111 13.125000 4.272222 -97.305556 230.027778 15.227778 -0.927778 73.744444 121.686111 23.577778 -4.819444 45.350000 93.322222 45.016667 -3.405556 -78.186111 47.219444 1.636111 0.458333 -28.722222 34.208333 3.888889 0.747222 -1.077778 16.961111 9.800000 0.000000 -5.694444 28.144444 5.500000 -0.055556 -7.147222 245.802778 24.016667 5.750000 69.586111 33.011111 5.002778 10.377778 29.716667 11.688889 -6.388889 21.238889 -58.552778 11.805556 -14.558333 0.161111 -10.411111 -30.486111 -6.902778 3.533333 12.080556 -56.447222 6.455556 3.866667 -17.919444 -39.561111 17.147222 -20.083333 94.411111 149.691667 -4.316667 0.830556 -3.111111 35.219444 -1.963889 5.244444 28.063889 98.719444 0.894444 -5.083333 -10.833333 104.855556 -32.322222 -20.200000 24.591667 53.783333 -2.508333 15.505556 66.661111 35.100000 7.413889 16.519444 -111.880556 -0.780556 -29.813889 -2.752778 
-2.455556 -21.918333 11.192778 -12.473333 27.417500 30.369444 10.114167 -4.221667 13.529167 7.443056 1.441667 -1.085556 -0.713611 -1.282778 -1.691944 0.245556 -12.345000 -6.547500 -8.163056 -0.327222 -18.726667 -11.715278 -6.659444 -1.050278 -15.182222 -4.936389 -1.305556 -0.955278 31.173333 -2.961111 6.554444 -8.563333 3.258056 -9.861389 2.575278 -11.011389 -4.351389 -8.884722 -1.740000 -5.163889 -4.132500 -8.092500 -7.724167 -0.648056 -6.679167 -8.913333 -8.400833 -0.422222 -3.940278 -6.333056 -2.253056 -0.743056 -3.573333 2.333889 2.012500 -0.147500 40.229722 16.373056 1.794444 2.487222 1.195556 -0.283889 -1.502778 -6.283889 -4.972778 -10.307500 -3.551389 -7.026667 -4.427222 -2.458056 -6.252222 -1.213056 -2.235833 3.808333 -0.494722 -0.247778 2.291111 3.956389 -2.266667 -0.014167 0.533611 9.629722 0.326667 1.371667 10.525556 21.371944 -2.614722 7.201111 3.749722 15.850278 -4.741389 5.733056 -4.595833 10.940000 -2.840000 0.044167 -2.445556 12.342222 2.112222 -0.621111 -2.776944 15.826944 2.759167 0.111944 -0.245556 13.938333 3.603333 0.921111 3.122778 16.160833 2.120833 1.227222 -11.903333 8.637222 0.311667 0.803333 0.050000 11.023611 1.053889 3.678056 -7.262778 10.063333 2.487778 1.304444 -4.473056 10.566944 3.826389 -0.279722 -1.066111 8.269722 4.199444 -0.047500 -0.051111 4.395000 1.724444 0.000000 -1.341667 -0.449444 1.286111 -0.506667 5.458611 6.299167 3.609444 -2.722778 1.733611 2.079444 4.006389 -2.550556 -7.118333 -6.734444 2.948889 -1.875000 -3.246944 -12.039444 0.851389 -1.550556 -0.249444 -10.210833 -0.803611 -0.640556 0.971389 -6.534722 -1.079444 -0.285000 -4.320278 -5.288333 0.025278 -2.338333 28.082778 21.437500 0.513333 4.999167 -0.404444 20.646944 1.543056 3.665556 -3.310278 19.353611 2.186667 0.598333 -1.861111 9.703333 0.028889 -4.056667 2.799167 5.068333 0.874167 -1.991111 0.310556 2.760000 1.239167 -1.412500 -9.503056 1.720278 2.948056 -4.776944 
-153.958025 314.475679 -7.963210 100.561358 107.851049 196.166667 -4.221667 139.673951 57.326852 30.784259 -4.241358 46.701728 -18.912407 -3.615556 -4.785123 -1.766296 -7.715309 18.352531 3.301667 0.327654 13.209630 38.897222 3.004568 5.739568 -6.686049 -20.825864 -17.785802 4.946235 -349.823086 -96.330247 -7.421358 -12.250741 53.337716 50.513642 -3.998827 81.362407 166.186111 61.815741 -12.984938 96.668519 14.080679 6.718086 -2.590309 13.236605 9.233642 10.541235 38.642160 0.943210 25.119444 32.654259 29.169815 1.237346 16.634815 26.412222 -5.323148 1.540802 -289.609691 -142.776111 -4.600000 -54.665062 -20.057037 -94.202346 -7.498148 -13.819630 141.285309 -40.787840 -23.611420 61.476296 28.813457 -3.019198 21.553580 23.644877 -0.696358 -5.338889 48.613642 -3.476420 -5.907284 -10.671173 14.093827 -2.554877 -5.502531 -0.001667 -0.511481 -3.502963 -141.377901 -66.611667 1.315000 -28.010741 -19.775247 -79.471049 15.819691 -25.807346 57.654630 -70.845309 20.220000 -0.220309 14.128642 -25.919877 30.725062 4.988642 -6.162531 -34.439938 2.823272 0.532531 -6.238642 -27.001111 -9.588395 0.036667 -6.006914 -28.643148 -5.320062 -1.167778 -63.948025 11.671975 -0.533457 -1.351975 36.322840 -18.690432 5.991728 -2.983395 56.564568 -26.943704 16.772469 -0.190494 -1.739938 -14.908704 2.855247 1.333765 -6.460617 -7.524753 -3.270864 0.732778 0.017531 -2.692099 1.075432 0.000000 2.154321 9.309136 -1.868519 2.638519 -92.093272 6.944630 -7.757654 7.596420 33.851790 -13.078765 -7.143395 13.020494 59.467654 17.043457 3.517531 26.641975 -3.252531 56.165556 -2.245988 11.927284 -4.239012 39.054877 0.482901 4.967654 0.392160 17.772531 6.483086 2.885556 -1.896111 13.478889 10.424012 5.485679 -113.133827 -95.065123 -2.609136 -32.174506 3.090494 -130.439444 -0.991049 -3.642963 31.080062 -108.277346 -2.537160 31.262716 -3.304321 -55.281605 -7.071852 20.812593 -4.200432 -29.323827 -4.500432 12.917160 4.927284 -6.331235 -2.016111 10.804630 -10.046852 66.120802 -0.374877 22.735617 
-2012.601852 -1603.804630 -42.171296 -348.920370 1132.593981 452.663889 13.529167 57.326852 1933.820833 501.051389 22.123148 237.807407 297.523611 25.441667 -39.938426 44.038889 -287.500926 -101.175463 -178.434722 -8.589815 -408.694444 -80.873611 -157.999074 -17.533796 -239.492593 -46.988426 -88.301852 -9.531019 -1350.981481 -743.918519 -14.990741 -289.766667 328.363426 -288.061574 -7.680093 -225.576389 1498.051389 -0.359722 -35.042593 3.391667 312.866204 -58.611574 -182.805093 19.366204 -234.939352 27.575926 -135.281019 -7.003704 -95.843056 262.637500 129.276389 13.991204 139.050000 407.108333 118.370833 7.694907 -817.828241 -437.165278 -17.200000 -187.932407 65.094444 -444.112037 -38.402778 -279.197222 972.606481 -244.619907 -162.168981 -26.788889 136.223148 195.853241 -130.331481 52.567130 -149.094907 425.091667 167.677315 -8.164815 -26.751852 392.471759 258.070370 13.302315 92.711574 284.384722 112.877778 3.525000 -406.348148 -50.059722 27.356944 -72.794444 -23.161574 68.194907 115.475463 -120.530093 169.340278 125.046296 11.550000 -26.441204 -72.212963 299.309259 22.757407 20.670370 -69.596759 238.994907 84.430093 -2.078241 0.690741 110.669444 44.998148 -0.033333 17.884259 26.318056 7.732870 4.080556 30.653704 635.312037 241.254630 -13.298148 -139.742593 448.735648 230.743519 -26.919907 -271.665741 201.644444 21.451852 -17.731481 -136.949537 55.704167 -60.118981 -4.982870 -23.215741 13.281019 -9.734259 -1.123611 -2.262963 -16.243519 -3.042593 0.000000 -25.995370 -69.323148 -34.202778 -6.838889 516.719907 748.926389 170.412037 112.512037 -216.875463 180.078704 16.971759 8.162037 -322.945370 31.270370 -50.368519 -77.254630 -105.641204 19.797222 -25.414352 -48.695370 -17.334259 9.667130 -14.661574 -10.223148 -14.581019 6.471759 -12.843519 1.769444 12.006944 75.025000 -14.578241 -10.360185 415.021296 756.375463 -0.701852 221.585648 -120.157407 658.215278 -8.663426 91.572222 -181.118981 633.311574 -16.214815 -184.904630 -99.557407 295.635185 -37.894444 -143.188889 -40.175463 102.621296 6.477315 -52.235185 20.271296 36.340741 17.848611 -8.543056 -2.934722 -16.421759 42.707870 -8.085648 
-590.098148 -361.139815 -9.089815 -95.474074 258.978241 246.625000 7.443056 30.784259 501.051389 214.087500 5.876852 80.481481 109.126389 14.341667 -9.411574 15.411111 -50.999074 -18.013426 -33.687500 -2.710185 -67.455556 7.740278 -24.467593 -5.082870 -17.174074 32.955093 -13.320370 -1.702315 -429.085185 -194.737037 -2.798148 -83.300000 10.097685 -44.416204 -2.225463 -51.523611 411.476389 39.065278 -12.135185 35.130556 142.867130 7.789352 -52.422685 14.983796 -46.282870 10.068519 -41.896759 -1.807407 -21.306944 71.529167 17.540278 1.008796 40.561111 146.930556 36.612500 0.960648 -272.893981 -129.045833 -4.961111 -56.784259 -61.288889 -130.487963 -9.291667 -92.691667 259.926852 -79.474537 -52.247685 -10.300000 80.354630 60.218981 -61.985185 24.132870 -31.343981 127.763889 22.411574 -0.740741 0.690741 116.494907 54.612963 4.497685 25.910648 101.559722 28.738889 0.825000 -130.924074 -15.223611 4.243056 -22.650000 -27.399537 3.849537 22.802315 -44.575463 53.515278 8.953704 -4.094444 -18.136574 3.496296 67.446296 -9.474074 4.907407 -15.714352 68.688426 16.375463 -0.255093 2.814815 35.886111 12.001852 0.672222 5.532407 14.293056 2.433796 1.802778 -13.487037 168.982407 41.378704 -1.429630 -14.874074 105.492130 34.945370 -6.957870 -38.778704 57.750000 5.175926 -3.201852 -30.300463 21.518056 -15.014352 0.088426 -6.934259 11.618981 -2.482407 0.056944 -0.725926 1.315741 0.570370 0.000000 -6.232407 -9.526852 -7.530556 -2.450000 72.357870 186.545833 28.371296 27.932407 -26.380093 39.971296 -3.582870 11.421296 -55.615741 15.990741 -12.887037 -6.423148 -27.514352 14.652778 -6.385648 -7.287963 -3.976852 6.327315 -2.910648 -0.276852 0.003241 5.017130 -3.889815 1.563889 15.915278 23.313889 -2.310648 -6.167593 69.312037 129.230093 -1.292593 29.692130 -7.509259 94.479167 -2.647685 12.077778 -19.492130 109.021759 -3.324074 -32.345370 -17.298148 63.031481 -14.333333 -26.438889 0.386574 26.023148 -0.160648 -7.037037 22.873148 16.975926 0.273611 0.204167 -6.687500 -17.106019 -1.552315 -3.486574 
-25.673457 -28.610494 -0.638272 -5.198765 -6.572531 -7.588889 1.441667 -4.241358 22.123148 5.876852 4.804321 1.186420 19.310185 3.977778 6.318827 2.540741 4.529012 5.084877 2.986111 0.366049 -2.901852 1.319444 1.111728 -0.229938 -3.335802 -2.023765 -1.151235 -0.391049 -10.648765 -7.617901 0.076543 -2.125926 -2.716975 -4.137346 1.078086 -3.604630 13.963889 2.545370 6.264198 -2.901852 9.275617 1.751543 6.976235 -0.278086 -0.887346 -3.999383 -0.983642 -0.172840 -1.697222 -7.400926 -1.873148 -0.124383 -2.192593 -6.950000 -1.971296 -0.262654 -5.276235 -2.536111 0.688889 -1.219753 3.631481 -3.289506 3.409259 -3.648148 8.976543 -3.483642 2.831790 -3.568519 1.556173 -1.818210 -4.704321 -0.603395 -1.042901 -1.911111 -6.148457 -0.276543 -1.019753 -3.244753 -2.741975 1.086728 -1.484877 -4.247222 -1.996296 0.435185 1.010494 4.286111 3.675000 -0.409259 4.612654 0.161420 0.881790 -1.881173 1.956481 -3.732099 -5.966667 -1.701543 0.454321 0.017284 -5.080247 -0.467901 -1.101543 2.578086 -2.172531 -0.092901 -0.320988 2.327778 -0.164198 0.111111 0.265432 1.784259 -0.016975 0.366667 8.143210 4.559877 2.738272 0.084568 -0.446914 1.620062 -0.819136 -0.428086 -3.288272 2.931481 -2.887654 -0.341358 -1.477469 2.078704 -1.940432 -0.114506 -0.436420 -0.207099 -0.309877 -0.019444 -0.034568 0.295062 -0.189506 0.000000 0.177160 -0.865432 -0.459259 -0.207407 7.555864 7.550926 0.306173 2.759877 -2.691049 5.383951 -0.150309 1.385802 -6.339506 3.961728 -1.162346 -0.551235 -1.968210 2.633333 -0.685494 -0.530247 -0.322840 2.724383 -0.779938 -0.289506 -0.328086 1.973765 -0.673457 -0.116667 3.813889 3.772222 1.164506 -1.343827 2.114198 3.074383 -0.190123 1.544136 -0.847531 4.630556 -0.205247 2.207407 -3.844136 3.891049 -0.291358 -0.003086 -2.549383 2.980864 -1.337037 -2.475926 -1.407716 2.025309 -2.602160 -1.364198 -1.719136 0.571605 -0.675000 -0.810185 5.154630 0.048457 6.397840 -2.771914 
-308.596914 -126.496543 -7.696543 -26.371975 100.131605 105.227778 -1.085556 46.701728 237.807407 80.481481 1.186420 59.801728 42.957037 4.451111 -3.482346 6.011481 -12.748642 2.527531 -4.656667 -1.150123 -13.101481 22.183333 -2.089877 0.364568 -6.202716 -2.078642 -5.385802 1.276790 -271.267531 -95.596914 -3.749136 -35.278519 -20.898395 -5.122469 -1.740494 -1.395926 226.883333 30.657407 -5.840494 42.518519 66.300123 9.137531 -14.448642 10.806049 -11.908025 5.691235 13.444938 -0.879012 -1.122222 31.179259 30.705926 3.412346 8.990370 32.156667 5.868519 1.582469 -185.323580 -81.162222 -3.105556 -33.359506 -55.357037 -78.852346 -1.531481 -43.808519 143.729753 -38.562840 -16.414198 11.959630 41.696790 29.978025 -4.024198 17.147654 -13.538025 35.405556 32.977531 -1.043086 -6.585062 20.976049 23.966049 1.447901 1.522469 12.895556 4.055185 -1.197407 -90.750123 -22.870000 6.417778 -15.710741 -26.600247 -15.534938 28.461358 -27.076790 30.596296 -12.461975 17.864444 -9.561975 2.789753 8.996790 -0.008272 4.188642 -7.937531 -3.481605 -2.073951 0.168642 -1.771975 -8.240000 -3.888395 -0.207778 -1.795802 -12.929259 -2.278395 -0.373333 -13.286914 68.616420 30.110988 -1.257531 -0.543827 36.506790 27.708395 -5.341728 -10.685432 0.589630 1.394691 -1.668272 -14.559383 -5.967037 -13.403086 0.875432 -3.416173 -4.394198 -5.348642 0.435556 -0.304691 -2.980988 -0.852346 0.000000 -1.262346 -0.268642 -3.257407 -0.439259 20.576173 76.741852 15.281235 20.301975 -18.967654 12.965679 -5.373951 11.137160 -18.876790 3.582346 -7.488025 2.986420 -11.121975 20.104444 -4.059877 -0.328272 -1.350123 13.596543 -0.114321 1.456543 0.000494 11.653086 1.177531 1.680000 4.790000 20.912222 0.671235 0.569012 -15.611605 20.998765 -1.636914 13.950494 -7.198395 12.224444 -1.916049 9.307037 -4.617160 18.753210 -2.703827 -8.098395 -8.520988 10.318395 -6.844074 -6.676296 0.657901 -1.640494 1.596790 -0.716173 10.366173 -1.997901 -0.035556 1.857407 7.172593 18.779136 -2.616543 6.638395 
-521.475926 -359.466481 -9.510926 -53.064074 -87.975093 -49.397222 -0.713611 -18.912407 297.523611 109.126389 19.310185 42.957037 237.114167 35.839444 44.295093 21.867778 150.703148 48.493241 48.103611 5.776481 29.284444 11.240278 -10.163148 2.568241 -64.906296 -42.293796 -29.509259 -1.670093 -275.889630 -32.909259 -5.682593 -4.996667 -106.845648 -16.887315 0.462315 -18.272500 218.587500 19.448611 29.335926 -4.341667 196.236019 -5.373981 40.323981 4.942685 40.528241 -46.011481 -17.865648 -1.485185 -25.756944 -44.566389 -34.636389 1.742130 -6.184444 6.861667 -5.287500 -1.749352 -191.640648 -35.315833 -0.666667 -12.688704 -73.276667 -20.080185 14.308333 -30.956111 144.123519 -32.833426 8.552315 -16.882222 110.913519 -21.448796 -38.665185 6.301759 14.004907 2.869444 -41.809537 -0.938519 -17.868148 2.891574 -8.470370 8.398796 -8.101574 -10.792500 0.287778 0.227222 -87.059630 2.244167 26.829722 -16.360000 -31.792870 -5.434907 32.078981 -28.529907 32.831944 -48.711852 -11.578889 -14.752130 40.628519 -18.644815 -36.384074 -0.652593 10.804537 0.458426 -19.788981 -0.708426 -5.341852 1.616111 -5.578148 0.643333 -1.986481 -11.105833 -2.710648 0.571667 20.254074 42.572407 29.215370 1.095926 -23.207407 10.481019 8.946481 -6.103426 -13.833148 -2.070000 -20.386296 -0.914074 23.186204 -10.916389 -12.975463 1.246204 10.507963 -10.598796 -4.946852 0.319167 0.256296 3.413519 0.472593 0.000000 11.139815 25.559815 2.425000 -0.095556 9.945648 62.399167 6.011296 32.273519 -49.270093 6.297963 -12.708426 15.090185 -26.053519 23.234074 -13.382593 -3.006481 19.867870 45.410556 -1.607870 0.536481 10.176481 52.103981 3.326019 2.240926 1.106574 46.556019 4.077963 1.465000 38.646389 43.839444 10.216019 -1.297593 -26.385741 -23.264352 -1.812593 7.317685 -14.197037 -16.930833 -2.831019 3.832222 -9.184352 -21.376019 -3.842963 -19.138704 9.857407 -33.970741 -6.071111 -8.101111 11.384352 -29.200185 -5.485093 -5.689259 13.619815 -33.702963 -15.283056 5.459722 14.413611 -22.464907 4.211019 -4.145463 
-34.138889 -55.175556 -4.914444 -8.124444 -14.409444 -15.988889 -1.282778 -3.615556 25.441667 14.341667 3.977778 4.451111 35.839444 20.745556 20.727222 2.457778 30.532222 44.471667 18.957222 0.995556 4.185556 26.291667 -0.246667 -0.311667 -1.386667 5.110556 -5.105556 0.767222 -22.125556 -18.166667 -1.841111 -3.204444 -17.083889 -3.250556 2.195000 -5.595000 16.802778 23.752778 23.186667 -2.811111 32.523889 32.776111 44.040556 0.653889 4.219444 10.862222 1.026111 0.838889 -7.247222 -16.316111 -18.878333 0.002778 -8.030000 -15.398889 -7.880556 -1.450556 -17.335000 -2.526111 3.677778 -1.525556 -13.586667 9.860000 21.150000 -8.540000 0.437778 9.218333 31.058333 -13.575556 10.334444 -13.238333 -10.093333 -1.792778 -5.810556 -29.744444 -35.122778 -0.762222 -6.662222 -32.176111 -20.866667 0.149444 -6.382778 -22.073889 -6.996667 -1.056667 16.378889 21.532778 20.859444 -3.025556 3.338333 1.106111 21.111667 -9.528333 -9.552778 -28.775556 -10.096667 -8.533889 -7.491111 -34.404444 -34.264444 -2.175556 -4.315000 -22.501667 -20.781667 -0.337222 -1.546667 -10.267778 -5.671111 -0.168889 -1.126667 -6.483889 -1.558333 -0.112222 69.082222 10.752222 8.895556 0.467778 4.427778 -16.097222 -11.720000 -1.532778 -16.842222 -21.456667 -24.663333 -0.830000 -6.518333 -12.505000 -13.858333 -0.103889 -0.243333 -2.949444 -3.090000 0.016111 -0.102222 1.428889 -0.578889 0.000000 0.272222 4.040000 -1.783333 0.370000 48.011667 2.998333 -6.308889 9.754444 -13.921667 0.075556 -9.453889 4.504444 -19.708889 10.586667 -7.607778 -2.272222 -2.866111 18.498889 -1.330556 -1.195556 0.856667 18.317222 1.387222 0.141111 0.498333 19.947222 0.818889 0.324444 22.331667 33.078889 3.406111 -1.137778 19.771111 17.263889 -0.751111 5.481667 -2.114444 27.460556 -1.002778 -2.296667 -10.348333 16.012778 -1.265556 -12.486667 -3.594444 0.501111 -1.464444 -10.857778 -0.596111 -10.446667 -0.340556 -4.471111 4.226667 -18.796667 -0.510556 0.241667 18.332778 -20.031667 3.262778 -6.076111 
-77.339506 -26.089691 -2.339691 1.229506 -88.860710 -38.675000 -1.691944 -4.785123 -39.938426 -9.411574 6.318827 -3.482346 44.295093 20.727222 48.249969 0.447037 112.056728 68.380216 78.068611 6.524136 67.811852 38.143056 18.068086 4.142253 -14.807901 -19.412994 -11.372840 -0.074969 -19.417160 37.204938 -1.810617 25.672593 -52.445710 15.660772 3.501265 15.902130 -28.020833 31.742130 36.733210 0.143519 38.630031 27.441883 88.547006 -1.189599 34.889660 -16.505802 26.563179 -0.180864 -5.898611 -55.168796 -33.821019 -1.059414 -23.639630 -55.011667 -22.082870 -2.462994 -22.758117 6.715833 4.322222 7.375123 -22.599259 25.997469 30.071296 9.470926 -22.788951 9.486512 54.890895 -11.177037 22.313642 -45.524660 8.180617 -5.817809 0.874105 -79.791667 -60.600340 -1.762716 -11.962099 -71.599599 -45.204321 -0.799414 -13.321883 -44.307500 -15.735926 -1.612407 15.832469 10.333611 19.720278 -3.941852 5.466327 -10.668179 22.908673 -7.797253 6.314352 -51.050494 -1.793333 -7.410216 3.272716 -69.744691 -43.030123 -2.735062 -5.677994 -48.294846 -35.141265 -0.595895 -3.170494 -20.316111 -10.668765 -0.398889 -1.534506 -7.047870 -2.041821 -0.149444 59.419383 -20.998951 1.229691 0.275062 23.476543 -40.848302 -16.877346 -2.249043 6.332531 -37.917037 -26.042716 1.199877 -2.672623 -19.720648 -14.370216 1.504414 -0.943765 -3.619105 -4.143272 0.141944 0.356049 9.674753 2.672469 0.000000 13.510802 34.222284 7.656481 2.008519 25.006821 -31.847315 -11.423025 6.294383 3.658364 -18.393025 -12.521821 2.874012 2.309691 8.304198 -6.271728 0.857716 -0.352438 31.150556 0.618364 0.427099 3.585247 37.368858 5.290031 0.520802 4.618735 36.717438 10.306605 0.807222 42.336944 52.821667 16.111142 4.046975 3.254877 -28.168364 -1.108395 -5.214599 5.900123 -8.185833 -1.283179 -8.322963 2.975710 -19.140031 0.873210 -6.380432 0.053086 -22.654568 3.652593 -8.639630 8.131698 -39.025123 2.706698 -5.935432 18.343765 -59.279753 -0.061389 -0.646759 6.262315 -85.619660 -0.967191 -4.590957 
-46.759259 -31.321481 -1.177037 -6.834074 0.116296 1.022222 0.245556 -1.766296 44.038889 15.411111 2.540741 6.011481 21.867778 2.457778 0.447037 3.482222 -0.859630 -1.804815 -1.535556 -0.160741 -3.078889 0.072222 -0.791481 -0.304815 -5.064074 -2.469630 -2.303704 -0.247037 -31.514074 -13.820370 -0.508148 -5.025556 -7.021481 -4.788148 -0.084074 -5.001111 30.805556 1.916667 0.965926 0.077778 17.699630 -0.262593 -2.292963 1.148519 -1.820370 -1.223704 -2.507037 -0.107407 -2.155556 1.051111 0.748889 0.062963 1.417778 5.252222 0.861111 -0.147407 -20.318148 -8.896667 -0.433333 -3.477037 -6.423333 -9.548519 -0.494444 -6.752222 18.332963 -6.550370 -1.846296 -2.884444 8.098519 4.238148 -3.321852 1.279259 -1.947037 10.205556 0.345185 -0.054074 -1.011481 7.599630 2.935185 1.161852 0.304815 1.946667 0.578889 0.175556 -10.677407 0.571111 2.318889 -1.617778 -2.677037 1.054815 3.015926 -3.219630 2.622222 -0.064074 1.262222 -1.775185 0.702963 4.226296 -0.686296 -0.043704 -1.287407 5.011481 0.088519 -0.050370 -0.134074 2.286667 0.131852 0.128889 -0.084815 -0.906667 -0.242593 0.108889 0.455185 9.084074 4.950370 0.105926 -3.090741 6.857407 3.747037 -0.547037 -3.010370 2.886667 -0.000741 -0.200741 -1.821852 0.545556 -1.662963 0.045926 -0.468148 -0.861852 -0.531852 0.021111 -0.041481 -0.790370 -0.320741 0.000000 -0.674074 -1.749630 -0.866667 -0.171111 3.743704 12.513333 2.078519 4.271852 -5.291481 4.764074 -0.455926 2.244074 -4.925185 2.636296 -1.380370 0.068519 -1.711852 1.936667 -0.609259 -0.254074 -0.260741 1.449259 -0.495926 0.008148 -0.373704 1.551852 -0.649259 0.082222 1.135556 2.363333 -0.597037 -0.507037 -1.804074 1.853704 -0.161481 2.942963 -1.188148 2.710000 -0.246296 2.662222 -1.648519 3.895926 -0.494074 -0.843704 -1.648148 3.061481 -1.428889 -1.704444 -0.073704 2.732593 -1.662593 -0.845926 0.045926 2.382593 -1.271111 -0.338889 3.815556 6.123704 2.344074 -1.148519 
-585.726543 79.436049 -4.008395 50.462099 -543.520802 -143.966667 -12.345000 -7.715309 -287.500926 -50.999074 4.529012 -12.748642 150.703148 30.532222 112.056728 -0.859630 902.777654 217.129568 350.276111 16.255062 837.371852 195.975000 165.612716 30.416605 4.289136 -86.839568 -42.709877 6.037716 -186.709012 418.817901 -10.979877 173.535926 -324.690802 168.674012 0.274136 119.263519 -238.508333 110.954630 63.621358 58.540741 198.542160 62.469568 267.741543 8.621420 463.615123 -119.801728 253.493642 -3.888272 155.991667 -315.052407 -87.112407 -8.720062 -114.110741 -306.740000 -113.223148 -14.967346 -187.624877 85.753889 1.938889 58.150864 -202.655926 151.285062 53.435185 89.143704 -168.030988 54.151420 146.551543 27.160741 258.581605 -209.746235 128.936543 -6.162160 191.728457 -415.644444 -168.137099 -9.161235 -31.573580 -415.726358 -227.185802 -8.605617 -77.346235 -252.709444 -86.429259 -10.895185 -97.500494 -78.199444 18.418333 -24.254074 -85.464877 -132.625864 7.709321 -10.826605 89.615741 -217.086790 23.896667 -9.739568 234.342346 -346.157284 -100.716420 -7.745432 74.597099 -285.523642 -150.198580 -3.394877 -15.593457 -127.593333 -61.975802 -2.842222 -7.433210 -30.608704 -10.038580 -1.421111 -106.603210 -233.862099 -57.011605 -3.857901 54.391358 -246.131173 -84.488642 -12.186358 211.763827 -193.697037 -36.571235 5.388025 157.743025 -86.326481 1.779321 7.648951 37.829753 -18.824012 -10.900123 1.000556 4.025679 41.264938 19.529506 0.000000 64.433951 169.042099 54.970370 10.315185 -273.981420 -277.824259 -62.658395 -18.286543 62.682160 -144.276173 -43.509691 -16.706914 255.537284 -14.598395 18.986790 16.545679 121.514877 95.017778 22.046605 20.731358 44.482840 146.183395 32.351049 10.548395 32.338086 140.898457 56.821235 6.297778 122.640556 146.976667 58.987716 38.259383 -234.246420 -374.352160 -4.969877 -112.767469 97.984198 -398.099444 -4.689198 -99.038519 164.250802 -383.862160 3.762469 13.911975 105.210494 -216.726420 21.273704 19.072593 74.695494 -201.106420 13.645494 -8.848025 83.264691 -262.597160 -10.667222 21.887963 33.248704 -297.752901 -84.841173 10.923025 
-44.829012 21.952284 -11.136605 21.191235 -162.748364 -34.169444 -6.547500 18.352531 -101.175463 -18.013426 5.084877 2.527531 48.493241 44.471667 68.380216 -1.804815 217.129568 214.001821 140.257500 2.954383 201.130370 214.598611 65.582284 7.078673 56.524198 50.393179 -6.840123 7.328117 -54.772099 49.409877 -5.822346 26.742963 -112.588920 49.676821 3.338920 32.637315 -61.581944 104.605093 65.676420 21.500926 61.288673 129.341265 198.803179 0.672747 96.016821 51.213951 119.342191 0.266049 43.168056 -76.476204 -42.167315 -0.200772 -47.824815 -143.500556 -52.114352 -6.351265 -47.442068 16.604722 11.122222 6.443025 -66.502963 57.022160 64.828704 -2.886481 -85.634012 65.465525 123.752623 -23.697407 41.605617 -66.912932 40.753457 -9.993117 9.251265 -207.913889 -113.778735 -6.178765 -27.394198 -225.815031 -119.986420 -5.112994 -45.621265 -151.979722 -49.872963 -6.530926 50.457160 52.355833 58.609167 -10.638148 2.615710 -22.224969 66.514846 -27.294784 -18.411574 -115.038765 -6.554444 -27.781821 7.310988 -191.186049 -121.548025 -8.274568 -5.144043 -162.973858 -105.023364 -1.868735 -10.164321 -78.132778 -38.017531 -1.787778 -6.274012 -29.757130 -7.912809 -0.893889 183.996543 -13.566235 6.609938 4.370123 51.141975 -101.767438 -50.828580 -4.492253 -2.236605 -111.726296 -87.336543 2.237531 1.237253 -61.252130 -46.947377 2.917994 3.246358 -16.012932 -13.414877 0.708611 0.733210 9.605617 3.313827 0.000000 15.791049 46.700679 11.226852 6.532593 71.483364 -59.989907 -34.753272 26.265988 -8.860772 -43.117716 -40.181698 14.319691 -8.048951 24.446173 -19.661235 2.884877 14.953735 74.106111 -1.028549 4.581420 9.187716 81.232438 10.315340 5.712160 8.942191 75.700154 20.205988 4.946111 83.175833 108.960556 28.258673 8.550062 -12.846358 -73.399228 -3.886790 -11.663364 25.262469 -17.274722 -3.434414 -25.663704 1.841142 -39.526451 -1.916914 -32.579198 10.200617 -51.611358 0.145185 -22.985926 15.201451 -79.831914 3.498673 -7.928642 33.753642 -121.610617 5.321944 10.588426 69.743796 -140.635710 -20.469660 -10.192191 
-363.144444 97.789444 -6.505000 37.085556 -344.919722 -87.413889 -8.163056 3.301667 -178.434722 -33.687500 2.986111 -4.656667 48.103611 18.957222 78.068611 -1.535556 350.276111 140.257500 299.071944 12.546111 477.703333 226.454167 224.638333 15.771389 142.553333 22.824167 4.227778 4.767500 -135.602222 248.538889 -6.908889 114.004444 -182.048056 115.876944 -0.946389 96.343611 -129.987500 79.662500 43.974444 47.819444 98.741389 69.416944 223.683056 6.266944 193.212500 -47.751111 264.330833 -2.794444 45.601389 -181.504722 16.174167 -4.879167 -68.808889 -204.159444 -62.618056 -9.981389 -139.833056 6.035833 0.761111 24.545000 -110.046667 66.176111 37.086111 56.515000 -64.051667 48.466389 117.501389 18.453333 118.385000 -108.907500 133.410000 -5.661389 49.648056 -299.369444 -94.606389 -7.126667 -36.948889 -303.030833 -148.161111 -6.459167 -56.888056 -188.455278 -63.186667 -8.218333 -73.045556 -35.561944 18.439167 -17.024444 -7.439722 -42.704722 52.364722 -14.289722 74.234722 -117.902222 53.741111 -10.995278 53.580000 -241.845556 -81.802222 -6.746667 -8.186389 -208.430278 -115.572500 -2.458611 -12.208889 -95.962778 -45.851111 -2.170000 -6.537222 -26.989722 -8.493056 -1.085000 21.667778 -100.716111 -15.426111 -1.112222 103.761111 -106.195833 -14.627222 -7.465833 75.945000 -131.843333 -35.164444 4.141111 9.608611 -77.160278 -32.604167 4.910833 -4.037222 -17.479722 -14.185000 0.313056 1.718889 28.746111 15.840000 0.000000 39.630556 130.751667 40.486111 10.018889 -49.251944 -132.608056 -30.232778 1.581667 74.467500 -68.289444 -32.625278 15.453889 70.356111 11.896667 -3.253333 20.086111 9.103611 83.748333 9.709722 4.981667 16.073889 120.145278 25.961389 3.183889 21.703056 132.779167 50.767222 2.956111 89.466944 172.729444 59.875833 30.140556 -69.229444 -196.054167 -2.921111 -50.141389 53.258889 -150.392500 -4.420833 -34.414444 65.641389 -147.439167 7.298889 22.517222 29.994444 -100.973333 32.708889 -0.597778 45.564167 -158.133889 30.961389 -11.073333 68.715000 -224.575556 15.128611 -2.631944 -4.442500 -299.583611 -38.828056 0.974722 
