106.067006 373.943827 18.640309 15.479784 95.244136 204.768086 31.890123 16.680247 -101.415710 145.948117 17.218086 9.984074 -140.156420 73.921790 -5.132099 -11.453580 -22.073951 -36.083858 -16.092315 -0.295864 -7.617068 -72.966019 -17.341543 0.939383 -3.498549 -15.994722 -2.593611 -1.220463 114.284414 -76.481389 -27.018611 7.235216 77.705093 -97.749969 -14.446420 8.200247 -15.883148 -39.305031 -19.679938 -8.919846 -45.262963 -81.370309 -37.633642 -8.930864 -7.523179 -132.563796 -13.827901 0.815309 7.250309 -69.581852 4.115062 3.167531 4.446821 -3.995031 9.057562 3.884784 97.105278 -229.064753 -11.146019 -4.607346 47.106574 -52.034630 -5.189599 5.420741 -90.911451 77.862346 -26.902037 2.046389 -30.480031 48.685401 -4.842006 6.082685 17.150247 31.884877 15.980247 6.261728 17.301173 5.859198 8.071173 3.341914 -2.343364 -5.917160 -4.276080 0.986235 72.869938 100.805802 11.869321 11.435000 -24.273395 93.865617 15.052099 3.619198 -59.687685 24.607809 26.109383 -9.481605 -18.475123 -46.603488 29.036019 -16.748580 15.833642 -41.418148 -22.386142 0.558488 13.345216 -50.277099 -37.110957 3.535617 -5.873302 -33.119506 -24.003117 -1.266481 26.311667 55.612253 8.372253 6.821728 35.080772 32.368735 30.947562 -2.264846 -2.244198 -15.138920 22.642685 -9.623827 -34.538673 -55.393796 -27.939691 -8.267901 -23.293981 -53.912531 -25.671327 -10.315679 -11.988210 -25.629475 -12.662809 -4.461975 -2.654290 -11.208549 -2.714074 -2.920741 68.671512 33.343364 0.855062 4.314383 65.828272 24.436790 -7.389074 9.328210 -18.430093 1.843951 -48.384506 5.629290 -35.023920 2.748796 -45.722685 2.737500 -20.963426 18.348765 -13.235031 -3.043580 -18.557685 26.122006 9.767407 -14.147160 8.473611 51.897747 19.241883 -1.894352 28.119938 6.806327 -3.194074 5.912932 -5.782253 28.191235 -15.301883 35.355864 -48.735679 29.036358 -18.873765 4.833889 -29.357284 -3.865648 0.206080 -22.883951 -5.781636 -27.934321 8.738673 -4.762716 6.328302 -65.092068 9.744074 -1.354815 -13.995062 -139.977963 -3.445802 5.028210 
373.943827 3350.406173 171.874691 120.427160 412.903086 1825.552469 252.720988 106.764198 -422.484568 1115.832716 181.724691 164.825926 -991.202469 1005.704321 30.854321 17.085802 -263.738272 279.369136 -42.524074 -7.174691 -39.398765 -459.498148 -102.051235 3.450617 -42.306173 -175.788889 -26.066667 -5.481481 273.369753 203.244444 -184.538889 104.250617 638.274074 -371.219753 -155.069136 69.241975 304.548148 -296.058025 -144.011728 -28.515432 -246.637037 -644.274691 -329.146914 -63.874691 -90.320988 -1210.020370 -273.870988 -11.597531 -38.691975 -764.053704 -91.422840 -7.691975 -57.937654 -180.902469 -11.156173 -0.583951 240.155556 -2339.469136 -200.664815 -54.459877 540.303704 -705.953704 -33.606790 13.403704 -297.132716 312.348765 -185.301852 0.383333 -236.313580 270.904321 -149.504938 46.653704 14.630864 175.629012 77.136420 66.027160 65.093827 163.019136 52.499383 26.230864 -9.141358 73.527160 -73.008642 26.404321 357.878395 456.719753 41.606790 25.144444 -147.543827 590.566049 40.245679 38.313580 -433.792593 271.574691 101.078395 -64.661728 -89.009877 -188.351235 201.059259 -56.814198 98.569136 -66.940741 -21.963580 65.229012 26.833951 -133.117901 -209.282099 49.410494 -13.503086 -101.332716 -123.277160 7.631481 76.333333 157.996914 -5.269753 11.738272 117.039506 102.048765 113.832716 -17.454321 31.175309 -142.330247 226.181481 -81.522840 -115.882716 -343.914815 -104.969753 -11.159877 -32.662963 -332.196914 -147.256173 23.012346 -58.890123 -215.391358 -82.924691 -64.746914 -50.732099 -151.445062 -38.592593 -51.520370 212.743210 116.685802 -35.750617 8.745062 420.050617 125.026543 5.696296 47.862346 58.742593 6.599383 -231.499383 71.637654 -179.535802 -33.729630 -296.175926 71.650000 -74.918519 -12.548765 -96.180247 -4.736420 -188.498148 -56.239506 0.403704 -132.456173 -40.116667 -25.763580 42.456173 -66.064815 28.389506 -16.838272 -19.398148 -10.498765 -51.252469 27.909877 -98.645062 161.680247 -216.898765 28.003086 -127.012346 110.372222 -195.210494 -33.129630 -52.196914 18.595062 -34.953086 -143.662346 -11.345062 51.760494 -42.563580 -324.670988 62.070370 14.303704 -95.660494 -771.698148 107.663580 74.956790 
18.640309 171.874691 33.922099 2.700309 41.123457 115.133210 34.450617 6.062346 -37.178827 92.504753 23.638765 10.608148 -89.152099 84.668395 9.906173 1.619877 -27.120864 33.504877 2.266481 -1.960988 -3.678951 -26.544259 -6.711605 -1.740864 -4.491914 -9.201667 -1.078333 0.251296 28.131790 12.189444 17.843889 -0.276975 44.854630 -60.208457 -0.225432 2.782346 31.265926 -42.682654 -10.069136 -2.756728 -9.798148 -66.585432 -25.037654 -5.232099 -8.954506 -112.442037 -15.577284 -1.055679 -5.106790 -64.700370 -6.132469 0.674321 -7.201173 -18.055988 -1.777469 0.885864 23.353889 -149.835432 -13.035370 -3.198395 49.332037 -75.705926 -11.605494 -2.199630 -0.518086 -10.399383 -23.952963 -2.316111 -6.799321 12.066728 -3.840309 5.233148 12.865679 14.888272 20.301235 9.608642 20.078642 15.296543 8.409753 6.665679 0.915123 -26.459136 -11.515123 4.227284 20.286914 8.337901 -0.277284 3.504444 4.738025 9.515309 -2.058395 0.623210 -19.368704 -5.222901 8.318025 -12.773580 -4.982840 -19.172160 18.725370 -3.389012 19.582099 -8.894074 -6.624877 16.391049 12.010802 -30.819383 -26.836728 11.857531 1.362654 -44.294198 -13.279198 1.110370 4.142222 -0.351790 -1.408457 1.935309 15.663025 -3.488827 2.573642 0.478827 6.132346 -31.424877 12.826481 -8.326914 -4.598086 -34.199815 -4.363457 -7.339506 -10.471296 -31.699877 -10.806358 1.068272 -6.158272 -26.307099 -7.201543 -3.252099 0.181049 -10.324136 2.039630 -3.017037 11.188951 -0.926235 -2.970247 -1.285309 19.386914 -1.408272 -7.515926 0.220494 12.867593 -7.981358 -25.150864 2.930062 -2.929321 -6.059074 -17.678704 1.147222 -10.593519 -2.872840 -1.090432 -8.709012 -18.366481 -0.696358 6.519259 -12.272469 4.625000 23.300679 12.079691 -2.958704 0.186914 -6.272531 -2.129259 1.706605 -16.479321 -17.642716 -9.323025 2.104321 -12.312840 -33.506543 -12.121605 -7.718889 -2.604198 -43.806852 -0.821543 0.385802 -1.226235 -44.946049 5.542531 5.411975 -2.765988 -53.640062 13.401481 -1.169630 9.496914 -67.888148 22.394321 -1.207284 
15.479784 120.427160 2.700309 15.982562 26.160802 57.094753 10.667901 5.363580 -16.975154 36.907562 5.844753 13.335185 -48.358642 11.598457 -5.176543 3.764198 -15.539506 -29.128858 -7.843981 -0.639198 -4.627623 -28.158796 -5.918210 -0.128395 -2.214660 -8.731944 -1.320833 -0.914352 8.942747 -36.798611 -10.118056 17.475772 27.663426 -26.648302 -4.386420 3.530247 5.499074 -11.871142 -5.718827 -0.769290 -17.512963 -21.222531 -12.183642 -1.803086 -3.535957 -46.947685 -3.484568 -0.130247 4.283642 -26.679630 1.939506 -0.169136 2.897377 -10.032253 -1.534105 -0.120216 24.323611 -70.394753 -3.558796 -1.620679 15.583796 -18.104630 3.366512 0.035185 -26.768673 23.517901 -2.606481 -2.781944 -9.740586 20.047068 -5.371451 3.686574 2.885802 1.262654 6.530247 3.095062 3.675617 -4.321914 11.320062 -1.055864 0.376080 -8.404938 -2.334414 0.959568 22.713272 31.080247 3.845988 1.641667 -5.358951 30.686728 7.493210 0.039198 -21.517130 8.951698 14.032716 -7.577160 -3.776235 -10.480710 8.975463 -5.055247 9.661420 -18.831481 -3.360031 2.761265 3.225772 -22.668210 -4.991512 -1.052160 -5.537191 -17.283951 -3.232562 -0.223148 5.891667 14.985031 1.090586 1.661728 7.959105 6.263735 11.260340 -1.310957 -4.364198 -4.801698 13.536574 -3.116049 -9.699228 -23.414352 -1.571914 -3.551235 0.831019 -20.228086 -4.034105 -0.701235 0.798457 -12.260031 -3.943364 0.613580 -4.458179 -10.097994 -3.324074 -0.690741 9.660957 2.090586 -1.732716 0.574383 19.377160 -0.098765 2.712037 1.107099 -2.305093 -4.660494 -5.470062 1.872068 -8.421142 -5.505093 -6.803241 2.112500 -8.571759 -6.645679 -3.726698 -0.508025 -7.372685 -0.522994 -0.814815 -0.938272 0.059722 3.998302 0.364660 -1.439352 0.852160 -6.424228 -0.851852 -1.838735 4.820525 -3.493210 -3.259105 10.250309 -6.229012 9.427469 -2.690432 4.969444 -8.445062 10.161574 0.462191 -3.800617 -2.939969 -1.120988 0.571451 -2.010494 -2.126698 -6.524846 -1.375926 0.029630 4.410494 -10.276852 -4.846914 8.395988 
95.244136 412.903086 41.123457 26.160802 858.326543 217.601235 127.338272 60.126543 536.091049 340.988580 -17.809877 150.857407 -812.201235 255.960494 -99.278395 -49.565432 -369.774691 -10.023765 -50.039815 -35.529012 -32.207716 -154.887963 -42.728395 2.453086 -32.100309 -79.219444 -11.597222 -3.493519 134.545988 147.758333 7.169444 40.089198 359.217593 -453.490432 2.526543 49.854321 137.412963 -304.215123 -83.253086 -3.713272 -286.601852 134.087654 -173.395679 -25.612346 -62.391049 -287.510185 -45.971605 -19.004321 11.462346 -182.107407 9.763580 4.895679 37.503395 46.418210 28.538580 14.310802 157.330556 -325.612346 -34.732407 2.278395 339.176852 -246.340741 -56.036728 25.879630 -62.310802 74.460494 -186.442593 9.008333 -168.459568 254.207716 -115.783025 39.843519 42.320988 81.128395 54.720988 46.019136 91.708025 68.551235 203.291358 7.876543 60.329321 -50.241975 89.854012 16.854938 122.914198 49.309877 7.456173 17.150000 77.830864 90.191358 -3.182716 -11.815432 -125.215741 59.876235 57.508642 -71.297531 -13.327160 1.429938 79.093519 -20.215432 90.334568 -162.642593 -26.087346 52.025617 144.605864 -334.122840 -15.541049 27.985802 -45.629321 -409.563580 -52.788580 -8.664815 16.772222 20.642901 -11.690432 15.735802 47.133642 -21.864506 49.710802 -1.446605 -21.890123 -111.537346 177.571296 -43.875309 -30.921914 -237.882407 98.612346 -41.282716 146.154630 -256.995679 -41.494753 31.278395 181.404938 -256.259568 -71.476235 49.098765 -18.385494 -156.816975 -56.190741 -7.401852 6.029938 -16.457099 -14.286420 -10.091358 76.353086 -23.067284 25.031481 -6.571605 29.510185 -65.525309 13.564198 1.896605 -12.365123 -97.156481 -22.543519 -0.575000 78.015741 -84.316049 -7.237346 7.079012 55.978704 -63.761420 -5.131481 12.363580 -8.991667 -1.181790 -20.010802 -9.037963 -19.813580 -3.666358 8.587037 -3.496605 -51.559568 -104.339506 -15.928086 31.945679 -55.921605 -118.784568 -27.722840 69.788889 -28.863580 -37.712037 -7.309568 1.125309 5.609568 -38.172840 1.288580 -16.736420 10.957099 -98.502160 6.901852 -6.787037 30.447531 -145.962963 14.462346 24.317284 
204.768086 1825.552469 115.133210 57.094753 217.601235 1270.410988 155.983951 57.506790 -269.701049 807.576975 115.755432 82.597037 -556.285432 661.846173 40.906173 8.275432 -118.987531 342.677099 -39.833519 7.366790 -20.440062 -247.988704 -80.844938 1.109136 -40.058580 -136.979444 -21.567222 -4.570926 151.754012 -59.521667 -92.528333 38.039691 339.610185 -188.064012 -79.175432 31.287901 220.804815 -160.077099 -73.330247 -13.084506 -80.681481 -462.440988 -194.809877 -43.487654 -61.982284 -852.175370 -204.060617 -12.377901 -39.090123 -524.978148 -83.710247 -9.153457 -42.095617 -145.544877 -18.677469 -2.353025 123.981667 -1532.013210 -135.285370 -40.198395 261.970926 -496.505926 -47.638827 2.605926 -137.606975 155.517284 -140.375185 13.200556 -117.382654 130.138951 -102.468086 44.349815 21.149012 118.177160 75.284568 43.208642 58.784198 149.685432 47.337531 21.254568 3.820679 -2.375802 -67.554012 10.566173 209.714691 339.704568 36.006049 12.437778 -137.811975 379.959753 -1.025062 20.195432 -247.857593 149.771543 30.973580 -18.101358 -56.066173 -134.816605 116.875370 -23.055679 82.220988 -24.910741 5.041790 40.068827 30.033025 -125.208272 -157.925617 36.213086 -11.298457 -190.349753 -108.323642 -0.072963 73.875556 183.525988 28.197099 5.307531 85.963025 143.005617 109.440309 -17.448951 28.776790 -34.374877 111.443148 -54.082469 -33.092531 -219.305370 -128.519012 -3.061728 -4.560185 -252.910988 -118.073025 -4.287284 -71.174938 -201.834877 -70.384877 -93.690988 -42.502284 -154.740802 -22.560370 -60.128148 283.766728 261.129321 56.263086 18.481358 229.720247 159.236173 21.922963 29.470494 -45.737963 25.551975 -233.878642 37.007840 -102.112654 -29.114630 -237.767593 40.119444 -44.376852 -20.761728 -53.223765 -25.892346 -147.672037 -88.674136 6.902593 -118.372469 -51.913889 -71.027099 27.113025 -66.847593 210.503580 323.866358 9.776296 89.423272 -107.223765 305.746173 -75.178580 103.404321 -244.968395 197.343457 -107.743827 -27.946667 -148.793086 -3.929074 -38.215988 -28.708642 -25.176235 -91.540494 -7.729691 31.717531 -42.471543 -187.478951 41.268148 0.163704 -0.464198 -387.565926 103.333210 9.103827 
31.890123 252.720988 34.450617 10.667901 127.338272 155.983951 97.713580 8.560494 -7.980864 182.312346 71.683951 26.242593 -243.528395 205.919136 14.385802 3.006173 -81.067901 60.833951 9.942593 -7.806173 -7.480247 -53.875926 -12.119753 -6.806790 -6.754321 -3.977778 -0.216667 1.346296 52.249383 6.294444 24.611111 6.315432 115.974074 -159.582716 27.188272 10.454938 51.575926 -113.517284 -7.370988 -6.469136 -54.637037 -102.895062 -55.933951 -11.156173 -20.058025 -244.475926 -36.502469 -8.588272 -12.432716 -133.792593 -12.059877 -0.460494 -9.846914 -14.495062 1.945679 0.623457 53.827778 -235.556173 -11.864815 -4.208025 117.148148 -133.425926 -17.414198 4.787037 -30.667901 18.435802 -59.174074 4.777778 -38.822840 60.808025 -30.890123 16.859259 20.727160 22.758642 27.866049 17.412346 35.762346 39.628395 54.962346 7.738272 12.693827 -10.659877 4.911728 1.235802 57.315432 40.010494 5.369753 5.083333 5.798765 22.045679 -0.569136 -0.016049 -72.187037 4.733951 18.270988 -21.359877 -8.730247 -10.114198 31.048148 -2.349383 48.928395 -37.290741 -6.728395 25.047531 54.359877 -99.697531 -11.135802 9.662346 -7.388272 -109.417901 -18.840123 -6.368519 15.388889 32.967284 0.145062 3.523457 29.370988 -25.703086 9.184568 -0.863580 -13.056173 -78.195062 30.437037 -17.104321 -9.434568 -91.375926 11.267284 -18.358025 27.331481 -80.361728 -8.026543 -6.324691 30.724691 -78.595062 -15.183951 -11.628395 -11.519136 -42.593210 -5.414815 -12.348148 -2.441975 -14.849383 -12.370988 -1.073457 23.848765 -28.719753 -25.637037 2.769753 32.420370 -38.226543 -43.345679 8.846914 25.393827 -20.607407 -15.687037 6.583333 8.881481 -11.580247 4.232716 -12.310494 -9.514815 -13.304321 14.770370 -15.359877 6.383333 40.966049 29.032099 -9.448148 -34.784568 -45.751235 -5.531481 -9.663580 -39.667284 -90.797531 -18.420988 -13.454938 -3.235802 -138.761728 -18.547531 -0.494444 15.409877 -113.835185 0.877160 24.920988 4.333951 -79.503086 11.595679 18.673457 -0.072840 -108.202469 29.898148 1.609259 2.693210 -171.137037 36.067284 1.664198 
16.680247 106.764198 6.062346 5.363580 60.126543 57.506790 8.560494 14.865432 -13.633951 42.224691 -0.126543 18.840741 -65.445679 38.399383 1.060494 -4.637654 -16.924691 10.556790 -1.703704 -1.379012 -4.104938 -11.801852 -4.306173 1.569753 -2.053086 -10.255556 -1.400000 0.114815 10.404321 -18.594444 -7.644444 5.097531 37.570370 -42.387654 -4.129012 6.948765 10.235185 -21.012346 -7.964198 -1.077160 -22.512963 -16.745679 -16.867901 -2.962346 -5.488272 -46.757407 -6.988272 -1.437654 0.101235 -21.501852 1.241358 0.245679 1.583951 -2.740123 0.113580 1.541358 21.072222 -71.856790 -4.029630 -0.854938 29.285185 -25.451852 0.560494 1.785185 -21.519136 14.404938 -11.214815 -1.405556 -15.745679 19.249383 -9.152469 1.024074 4.237654 11.450617 8.220988 1.041358 8.191358 8.262346 16.063580 0.487654 2.776543 -7.447531 -4.132099 3.488272 17.658642 25.387654 2.978395 1.377778 0.303086 27.191358 3.389506 1.490123 -13.718519 11.862346 11.369753 -6.564198 -2.510494 -8.117284 13.657407 -6.476543 3.612346 -12.964815 -2.612346 3.133951 11.069753 -27.683951 -10.210494 8.046914 -2.459877 -23.652469 -12.019136 1.568519 3.650000 15.734568 1.823457 1.163580 4.914198 14.566049 11.569136 0.139506 4.526543 0.254321 21.662963 -4.091975 -4.202469 -23.901852 -1.270988 -3.771605 -6.975926 -15.745679 -9.191975 3.906173 10.999383 -7.779012 -7.801235 10.615432 3.478395 -5.508642 -4.440741 1.653704 14.504938 9.301235 1.546914 -0.046914 17.503086 8.071605 6.598148 1.272840 -1.831481 -2.725309 -8.741358 1.132716 -8.929012 -12.598148 -15.362963 -0.144444 -9.714815 -12.349383 -6.573457 -1.459877 -3.524074 1.058025 -2.125926 -1.003086 0.583333 1.765432 -3.319136 0.281481 11.275309 14.875309 0.281481 3.550617 -5.573457 10.449383 -4.469753 11.134568 -13.732716 10.559877 -6.656173 6.872222 -8.674691 11.390741 -2.584568 -6.230247 -1.698765 0.777160 1.185802 -4.241975 -1.479012 -6.527160 1.462963 -1.592593 2.641975 0.148148 1.817901 6.645062 
-101.415710 -422.484568 -37.178827 -16.975154 536.091049 -269.701049 -7.980864 -13.633951 2433.341080 -77.673488 -81.978827 137.758148 -81.731728 -290.626975 -425.614198 -46.978272 -1018.513457 -376.208549 -290.951574 -148.360062 -153.157191 -327.628981 -97.934753 -45.477901 -74.614599 -175.128056 -21.899167 -20.300093 -48.063117 764.835278 9.514722 7.217932 91.886574 117.180895 -15.160617 17.563827 420.496481 -260.585895 -84.895988 57.912253 -167.731481 903.271049 -218.420062 18.682716 -93.513302 515.073241 -41.029136 -29.898272 21.486728 -89.355926 -26.839877 -14.246049 0.223364 -75.431451 -21.602932 -11.514599 -124.933611 273.298827 -44.603426 10.930309 103.152870 -85.036481 -125.493920 44.222593 284.160154 -108.230864 -250.483519 67.896389 -137.388673 192.908858 -214.092623 18.345648 -3.063951 36.133642 49.221605 10.340123 35.974012 -41.048827 190.727346 -24.044506 36.675772 -113.722099 94.460340 -18.268086 -116.186235 -153.880617 -14.876358 -10.448333 -33.690679 -94.511543 -85.810247 -17.116605 -85.100648 123.594228 -134.013457 48.102346 43.290309 253.786636 23.387870 55.182284 72.370062 -17.521852 138.421883 22.523920 60.844599 -308.898086 66.437809 -10.780432 -15.542438 -412.997901 -8.848179 -19.492407 -79.538333 -127.834660 -64.896883 -10.310988 -80.747623 -200.107809 -32.274043 -19.371636 -77.719506 -129.064228 231.205648 -47.856543 26.016265 -133.717870 211.463395 -26.319136 301.880093 -222.598951 -18.737377 70.577531 225.851914 -341.188117 -41.182562 -24.781728 -10.316636 -165.702377 -37.988148 -48.011481 -195.166142 -162.814660 -47.494321 -28.697346 47.883210 -12.856420 170.409074 2.799198 29.521759 -27.427654 250.170432 -4.219475 -86.438117 -111.449352 27.064352 -23.934722 178.727315 -97.746914 19.700772 27.987284 197.529352 -151.082932 -33.947407 3.742346 -51.226389 -209.488673 -80.042068 -58.557315 -139.330679 -145.877623 23.070741 -49.716080 143.964660 -111.485309 63.137623 59.675617 -47.492469 128.349938 39.194136 189.789444 -199.885679 199.108426 -15.291451 9.520988 11.015895 31.961358 -34.255154 -23.173210 39.825216 116.790031 -104.959630 2.474815 85.915432 94.264630 -43.037160 8.749198 
145.948117 1115.832716 92.504753 36.907562 340.988580 807.576975 182.312346 42.224691 -77.673488 888.778117 100.510309 60.941852 -564.305309 753.808457 9.640123 -14.001358 -177.421728 296.142809 -34.412315 -0.632531 -9.465957 -187.512685 -64.950432 -2.662840 -28.630772 -90.585833 -13.181389 -2.847130 137.673302 -79.276944 -31.317500 16.705216 319.493981 -367.079969 -15.870864 21.788025 170.264630 -197.659475 -76.907716 -20.818735 -72.796296 -320.724753 -204.378086 -34.391975 -38.448735 -784.220463 -144.391235 -24.159136 -15.049691 -444.838519 -40.874938 -7.883580 -13.757623 -71.741698 9.729784 0.908117 124.391944 -1042.524753 -103.427130 -24.450679 269.577685 -396.919074 -70.577377 2.455185 -138.675895 145.834568 -178.849815 -6.838056 -92.673364 161.486512 -84.312006 46.984907 66.310247 90.690432 93.230247 44.361728 106.127840 135.446975 132.257840 25.329691 33.451080 -54.898272 -21.614969 3.894012 144.578827 185.060247 11.928210 13.859444 -53.177840 255.868951 -9.693457 7.092531 -217.091019 121.062253 41.256049 -56.561605 -26.666235 -66.413488 115.414907 -24.861914 119.089198 -51.989259 12.532747 45.330710 105.472994 -200.837099 -106.333179 36.010062 -17.895525 -359.565062 -122.039784 -13.179815 66.943889 125.657809 22.747809 1.801728 88.831883 74.064290 88.767562 -3.529290 -11.223086 -53.186698 78.936019 -49.708272 0.434660 -194.696019 -73.109691 -34.395679 54.872685 -238.910309 -91.057994 -19.609012 -23.092654 -231.218364 -68.718364 -85.377531 -46.412068 -162.537438 -21.917407 -62.332963 232.517068 188.787809 44.740617 11.423272 155.653827 67.843457 -5.175741 14.547099 -25.007870 -29.842716 -207.861173 25.103735 -19.223920 -59.614537 -181.400463 24.087500 8.475463 -42.684568 -24.940586 -36.639136 -118.443241 -85.851327 29.414074 -98.634938 -42.554167 6.054414 53.170772 -61.112130 162.117716 259.306327 8.857037 69.448488 -94.110031 227.516790 -52.699660 50.089198 -224.377901 114.174136 -84.334877 -69.056111 -104.949506 -102.305648 -17.203920 -12.628395 -0.848302 -171.902099 17.320895 41.447284 -24.559475 -236.374290 44.381852 -2.502593 12.954938 -395.581296 83.601975 16.869321 
17.218086 181.724691 23.638765 5.844753 -17.809877 115.755432 71.683951 -0.126543 -81.978827 100.510309 141.555432 0.352593 -86.407654 173.285062 86.367284 14.975432 -50.426420 65.054877 2.694259 -3.255432 -29.828951 -41.760926 -20.056049 -12.529753 -13.319691 -14.546111 -1.228333 0.484630 31.748457 14.789444 26.971667 -3.232531 68.065741 -57.647346 34.746790 4.860123 38.088148 -73.632654 30.514198 -3.978951 -35.164815 -82.563210 -21.765432 -4.937654 -19.054506 -166.369815 -39.255062 -7.627901 -11.529012 -114.917037 -26.154691 -1.886790 -21.478951 -63.978210 -12.227469 -4.830802 37.653889 -195.552099 -0.224259 -8.015062 79.393148 -104.828148 -0.166605 5.889259 -45.856975 17.972840 -28.297407 8.206111 -48.949321 42.800062 -29.912531 15.788704 4.726790 10.921605 0.317901 17.275309 17.273086 11.524321 12.404198 8.015679 -1.851543 -29.281358 -7.354012 -2.089383 47.281358 43.937901 5.528272 0.571111 6.082469 19.837531 7.152716 2.256543 -90.185370 19.927099 17.540247 -2.318025 -29.488395 38.655617 28.803148 6.288765 28.937654 26.105926 -0.185988 26.229938 37.760802 -54.397160 15.213272 3.457531 -8.431790 -89.127531 -4.990309 -2.395185 11.070000 26.270432 -1.858457 -0.164691 26.396358 -27.588827 4.556975 -4.115617 -20.473210 -56.147099 27.020926 -12.938025 -25.036975 -38.777593 23.964321 -13.250617 19.095370 -31.410988 7.921420 -10.881728 31.991728 -77.673765 -0.479321 -23.068765 -16.568951 -61.918580 0.795185 -14.394815 -25.588827 -30.948457 -12.831358 -1.246420 13.314691 -22.880494 -18.865926 9.648272 24.495370 -15.103580 -22.423086 16.030062 6.470679 -3.703519 3.354630 6.369444 14.400926 -7.645062 2.837346 -9.103457 9.994630 -9.974136 11.302593 -15.083580 -0.625000 47.806235 40.368580 -12.914259 -49.124198 -61.778086 -4.929259 -15.076728 -31.240432 -99.998272 -12.023025 -5.912346 6.437160 -132.573210 -8.888272 9.408889 6.284691 -98.023519 2.817346 23.196914 -1.981790 -76.090494 12.925864 16.717531 -2.443765 -109.312284 45.095926 1.697037 -16.786420 -128.610370 54.172099 -2.057284 
9.984074 164.825926 10.608148 13.335185 150.857407 82.597037 26.242593 18.840741 137.758148 60.941852 0.352593 101.817778 -202.050370 48.369259 -36.557407 49.010370 -138.795185 -6.127407 -30.315556 -11.224815 -24.494815 -49.790000 -19.056296 -2.208519 -9.478148 -21.317778 -2.468889 0.992222 -6.809259 24.674444 -0.924444 19.374815 73.205556 -63.802963 -4.843704 10.537407 65.776667 -72.561481 -9.709259 4.194074 -45.177778 16.888519 -37.575926 -1.859259 -18.930370 -86.253333 -19.338148 -5.697407 1.431481 -88.681111 -2.229259 -2.110741 -1.589259 -25.010370 0.512963 2.949630 6.421111 -154.505926 -8.460000 -1.189259 65.157778 -83.631111 -2.081852 0.058889 1.727037 -8.774074 -18.154444 -9.097778 -23.405926 40.195926 -21.517407 4.217778 10.665185 13.762963 20.657407 8.735185 27.048519 -17.016296 48.222963 2.315185 -3.670370 -63.097037 1.225926 8.021481 31.069259 35.298519 11.328519 3.228889 16.129259 45.395185 20.092963 -2.426296 -30.260000 29.455926 34.571481 -21.577037 -7.438148 12.040370 38.708889 -10.902963 22.342593 -35.768889 9.691852 17.768519 22.275926 -109.076296 -13.453704 11.836296 -19.046296 -109.977407 -17.189630 0.326667 8.813333 28.601481 7.347037 4.019630 11.362593 35.168148 26.839630 1.125185 -8.890370 -7.774815 53.907778 -11.829259 -8.204074 -70.701111 30.632593 -7.137037 28.233333 -81.174815 -2.658148 15.510741 27.040370 -65.003704 -20.214815 14.955185 -0.815926 -15.040370 -6.082222 6.868889 8.007037 6.503704 2.919630 2.352593 19.769259 -1.692963 12.240000 2.069630 -5.972222 -25.191481 9.201481 -0.656296 -10.292593 -30.851111 14.166667 -4.555556 8.444444 -31.959259 10.374074 0.317037 14.671111 -18.068148 -5.276667 2.999630 -4.061111 10.788519 0.312593 -0.408889 0.680370 -7.651852 -0.202222 10.141852 -19.587037 -18.952963 -5.458148 13.053704 -7.280370 -19.012593 -3.979630 23.691111 -9.884074 20.024444 -0.317037 0.575926 4.131481 -5.555185 13.365185 -10.523704 10.082963 -41.717037 11.418889 -5.598889 -11.440741 -91.854444 25.602593 18.714074 
-140.156420 -991.202469 -89.152099 -48.358642 -812.201235 -556.285432 -243.528395 -65.445679 -81.731728 -564.305309 -86.407654 -202.050370 1880.758765 -635.265062 -16.495062 -11.306543 329.845309 -399.936543 -201.083704 -24.997901 -187.628272 58.661481 -34.669506 -14.133580 -2.893086 -2.625556 -1.006667 1.858148 -171.101235 9.712222 -14.078889 -67.500247 -488.946296 625.886790 -34.660123 -64.055679 -116.440370 385.208765 106.530247 10.882840 419.370370 129.719877 161.070988 55.787654 71.798395 872.310370 19.008395 27.075679 23.006790 492.499259 -6.601975 0.769012 -0.967160 -54.476790 -42.619753 -12.759753 -216.464444 749.303210 35.873704 2.538395 -436.902593 412.949259 34.670494 -32.304815 198.400864 -71.661728 201.932963 -14.326667 180.419877 -263.679506 71.445309 -39.094815 -55.039012 -90.738272 -122.829012 -62.458642 -110.985309 -55.236543 -231.584198 -34.755679 -59.629012 50.611358 -26.404321 -23.375062 -264.428025 -272.705679 -47.080494 -27.963333 -32.581358 -172.617531 -31.581605 -5.027654 216.179259 29.902346 -122.693580 105.232469 67.141728 163.831605 -148.527037 49.742346 -136.348765 201.667407 41.863210 -92.777160 -199.435802 377.037160 110.283951 -54.283086 -3.582099 346.498642 91.250864 8.131852 -87.760000 -143.049877 0.953457 -24.694198 -137.075802 -26.618395 -85.195309 -5.001605 -21.955679 189.196543 -193.035926 47.309136 85.668642 329.144815 -47.134321 28.767284 -65.637037 342.090988 73.589136 -53.117160 -176.029506 259.787654 60.937654 -4.996790 -21.897160 59.348025 4.201481 35.688148 -97.290617 -6.765432 37.328025 7.971975 -137.194691 43.503827 16.879259 -20.151605 -65.014815 128.405802 82.007531 -29.652840 1.126543 139.854074 83.987037 -13.511111 -34.898148 44.767284 24.643210 16.607901 0.694815 45.742469 -32.861481 50.095802 -12.177778 -63.219012 -80.714691 39.427037 51.533086 62.186420 7.491481 8.176173 114.737654 139.823827 43.066914 -18.309877 64.292840 281.066543 48.410494 -33.948889 -58.704691 222.586296 -2.391235 -56.602469 -19.304321 96.594938 -28.918642 37.514691 -0.374568 246.782840 -86.480370 37.571852 70.975309 621.579259 -160.629877 -39.151605 
73.921790 1005.704321 84.668395 11.598457 255.960494 661.846173 205.919136 38.399383 -290.626975 753.808457 173.285062 48.369259 -635.265062 1343.559136 142.902469 8.749506 -114.252346 907.640062 72.355370 42.553827 58.185864 -48.438704 -30.876420 10.960988 -18.371543 -78.935000 -9.900556 -1.932037 74.485494 2.850556 17.727222 -2.741790 345.287963 -382.617716 47.506049 34.452716 99.771481 -250.256728 -13.737654 -40.119691 -163.987037 -422.631728 -200.311728 -38.711728 -54.000802 -818.636481 -176.856914 -22.320494 -51.238272 -447.528148 -57.573210 -11.029383 -33.058580 -20.663395 31.948457 4.750679 116.842778 -919.670617 -39.340926 -21.928025 319.398704 -347.255926 -24.131420 4.194815 -170.921790 151.008025 -199.286296 7.150556 -131.334506 168.079691 -118.121790 49.966481 25.841605 69.414198 65.449383 55.651235 81.454568 159.187284 197.263457 23.708272 49.791049 54.405679 54.053395 9.251358 201.594321 240.369383 28.943086 14.460000 -59.560123 232.857901 -9.560247 7.358395 -237.796481 132.906728 42.347654 -75.930988 -19.501358 6.035247 54.025370 -15.859383 123.756173 -28.071852 22.901049 67.572531 121.829321 -192.411975 -12.094136 29.233457 -26.307716 -336.125679 -70.182901 -15.561852 51.892222 137.566728 8.160062 8.305679 71.253765 58.213025 52.082901 2.376975 -9.019506 -62.832284 91.004259 -53.067654 -8.229568 -148.899815 -36.250494 -32.846914 87.617593 -132.629506 -84.735988 5.449753 46.738025 -192.142284 -47.947840 -60.715062 -69.626358 -187.287099 -53.793704 -57.450370 88.446358 80.614506 8.761235 6.599877 158.305432 26.465802 -35.899259 3.829753 62.050926 -11.888765 -140.354568 30.865247 -8.120062 -41.820185 -131.089815 31.880556 14.289815 -0.830247 -22.442284 -35.712716 -103.338704 -53.370432 12.685926 -83.996543 -62.497222 16.365494 54.481543 -48.047593 41.338765 106.868210 1.942963 22.538086 -13.542284 98.603580 -40.352654 16.839506 -116.292469 27.997160 -66.453086 -20.774444 -82.391235 -50.062407 -26.728951 10.887654 -0.507716 -106.071975 16.257346 18.104568 -42.040062 -241.119691 82.473704 -2.336296 -9.534568 -470.838148 143.679506 31.807531 
-5.132099 30.854321 9.906173 -5.176543 -99.278395 40.906173 14.385802 1.060494 -425.614198 9.640123 86.367284 -36.557407 -16.495062 142.902469 248.113580 -19.427160 199.098765 191.661728 129.375926 18.677160 17.958642 63.612963 8.191358 0.509877 3.190123 22.677778 3.138889 4.668519 -18.256173 -60.033333 29.683333 -13.756790 -23.737037 -10.360494 18.849383 0.549383 -20.718519 19.049383 50.023457 -5.635802 44.618519 -183.045062 72.327160 -0.322840 0.175309 -141.353704 -1.646914 -0.788272 -18.060494 -46.181481 -21.098765 -0.060494 -22.730247 -59.361728 -14.670988 -4.376543 -8.311111 -80.845062 17.779630 -8.491358 6.187037 -42.987037 23.058025 -6.196296 -13.829012 -19.336420 46.398148 -8.127778 -11.545062 -33.047531 35.798765 -3.796296 -1.189506 12.097531 -14.389506 12.234568 8.867901 6.250617 -61.493210 21.332716 -21.478395 -54.620988 -47.204938 1.552469 16.848765 -9.778395 0.736420 -3.216667 41.809877 -45.270988 4.819753 0.922840 10.979630 -43.693827 29.882099 -10.398765 -28.952469 -2.103086 28.314815 -2.038272 0.172840 51.970370 -8.639506 7.297531 23.276543 41.735802 2.203086 1.640123 1.200617 -25.645679 -13.051235 3.259259 16.516667 7.183951 1.478395 0.167901 39.870988 -6.469753 -17.715432 2.847531 25.671605 -6.883951 -31.440741 6.501235 2.187654 47.729630 -12.238272 7.053086 -54.401852 61.899383 22.334568 -18.791358 -30.836420 30.271605 14.104938 -4.433951 7.853086 -6.043210 26.562963 -1.659259 -18.030864 -29.827160 -17.743210 -0.534568 5.454321 -33.103086 -47.681481 6.925309 38.798148 0.373457 -37.440123 19.441358 16.521605 15.987037 3.162963 10.077778 -23.162963 -22.241358 -0.906173 -10.710494 -36.548148 -7.770988 22.898148 -5.132099 -0.450000 23.599383 66.370988 -2.153704 -56.640123 -59.845679 -9.714815 -19.519136 -33.878395 -108.880864 -14.643210 -20.904938 26.280864 -178.239506 -11.019753 18.383333 42.109877 -109.324074 -3.895062 35.493210 0.917284 -53.558642 14.340123 24.956790 -7.633951 -112.352469 64.737037 8.725926 -27.290123 -180.053704 93.878395 -16.613580 
-11.453580 17.085802 1.619877 3.764198 -49.565432 8.275432 3.006173 -4.637654 -46.978272 -14.001358 14.975432 49.010370 -11.306543 8.749506 -19.427160 129.505432 -53.329753 -15.471235 -33.406296 42.091235 -32.186173 3.272963 -12.670494 1.006914 1.200864 15.482222 1.336667 5.027407 -25.387654 -17.370000 10.520000 8.234691 -6.887037 35.686543 0.616790 -1.563210 -11.164074 -10.995432 15.325309 0.019383 0.390741 -58.945432 14.562346 6.001235 0.356049 -41.018148 -2.473951 5.036543 6.132099 -39.568148 -4.328025 -0.826790 1.524938 -15.394321 -1.696914 3.767531 -21.345556 -55.089877 3.236296 1.497160 -10.955185 -7.701481 5.637284 -3.548519 -17.918642 -25.160494 18.965926 -5.692222 26.349012 -25.479383 16.625802 0.293704 5.781235 -22.961728 4.101235 0.453086 2.521975 -20.454568 6.435309 -1.185432 8.712346 28.915309 15.332099 7.979506 12.634691 25.653457 11.692716 1.612222 -2.916420 -1.759136 17.223827 3.713210 -13.119259 -1.315679 21.214691 -3.731358 -12.318395 18.009506 12.018148 -7.213457 -1.406790 4.257037 -0.480988 9.299383 5.530247 -34.668272 1.038272 6.137531 -4.184568 -10.100864 16.620247 0.308148 6.907778 26.474321 12.192099 2.698642 3.111358 44.526173 19.657531 6.333827 -17.779877 20.535679 14.983704 -1.122469 -34.271975 -20.632593 20.449877 -4.411728 -10.496296 -19.614321 4.226420 -4.386173 19.498395 -16.893210 -10.448765 4.237901 0.670494 -5.678025 -4.791481 11.531852 2.465062 15.459877 15.698642 6.590247 -16.365309 5.876173 13.697407 -1.449506 -29.901852 -9.668025 20.061358 -6.370494 -18.393210 -1.341852 44.568519 -6.605556 -4.374074 11.577160 19.940123 -2.965679 21.317407 24.910864 -3.550741 2.506420 6.350000 51.287901 3.111358 6.081852 27.973580 17.069136 2.632963 14.750494 -0.809877 33.471728 8.204198 10.982099 3.144938 35.653457 17.017284 -10.103333 -6.585309 42.061481 13.799012 -25.703086 -1.029012 1.102840 23.044198 -14.189136 5.576790 -37.963951 20.550370 -2.745185 0.791358 -57.891481 -3.957901 9.967160 
-22.073951 -263.738272 -27.120864 -15.539506 -369.774691 -118.987531 -81.067901 -16.924691 -1018.513457 -177.421728 -50.426420 -138.795185 329.845309 -114.252346 199.098765 -53.329753 804.679506 46.271358 159.410370 64.004198 99.465679 170.039630 58.144321 18.132840 37.736049 118.126667 11.670000 9.832963 -54.930247 -337.775556 -19.791111 -17.461605 -189.164815 121.795802 -10.875802 -23.172469 -245.486296 264.234198 37.327160 -18.512099 178.651852 -335.754691 176.847531 1.730864 98.291235 -37.512593 47.116790 24.701358 -23.347531 192.976296 7.540494 2.810247 13.021235 103.829753 7.399383 -0.297284 -41.623333 210.350864 29.336296 -1.273210 -180.005185 165.731852 51.407654 -31.909630 -23.192716 13.859877 136.888148 -37.820000 146.917531 -171.064568 137.373951 -24.745185 -10.566914 -43.943210 -60.569136 -16.617284 -61.642840 38.671358 -168.879506 5.127531 -19.263580 63.889383 -67.925309 -5.961235 -41.706049 -35.522469 -12.188765 -9.126667 36.170617 -85.385062 -0.240988 1.072469 192.180741 -168.200864 18.518395 -1.268395 27.550123 -141.020123 -47.565185 -13.231975 -97.686420 7.551481 -15.473580 -45.604321 -106.438272 258.774321 16.456790 -26.832840 12.163580 352.586173 17.946173 11.313704 13.746667 -9.649753 14.068025 -4.288395 17.315062 39.135432 -40.340617 10.119012 56.233086 109.215309 -189.049630 67.618272 25.187284 189.511852 -126.501975 54.395679 -142.840741 211.504198 58.728272 -33.828765 -145.542346 230.041975 68.597531 -12.599136 1.355679 97.923827 34.886296 7.381852 39.652099 32.396914 9.289383 1.249506 -71.872716 -23.970123 -90.819259 -15.864321 7.209259 39.606049 -92.112716 -8.844568 87.780864 102.902593 21.707407 16.577778 -54.896296 86.490123 -12.608025 22.376914 -61.654815 70.390494 -3.700741 41.341605 3.850000 -73.960247 1.148395 15.381852 58.871728 57.200617 -10.578148 -3.886543 -11.819136 72.697654 -17.443951 -99.108642 112.252346 -42.639136 1.982099 -122.097778 138.312840 -51.260741 -4.626914 5.017284 0.435802 96.973210 -40.687284 18.940494 -13.771358 131.432346 -21.210741 14.482593 5.367284 216.191852 -35.048642 -19.030988 
-36.083858 279.369136 33.504877 -29.128858 -10.023765 342.677099 60.833951 10.556790 -376.208549 296.142809 65.054877 -6.127407 -399.936543 907.640062 191.661728 -15.471235 46.271358 1788.690710 289.562870 15.745123 286.154660 869.273241 129.594506 38.711358 71.180586 141.763056 14.805278 24.487685 -57.905710 -137.546944 42.385833 -56.503920 65.097685 -101.418735 84.732346 -0.055432 46.754259 -116.990710 62.594753 -11.987006 -64.164815 -330.733765 15.826235 -35.932099 -66.230340 -236.092315 -39.986173 -31.464568 -45.415123 -60.288148 -2.748025 -2.891235 -23.431451 63.355957 34.343364 11.147253 5.468611 -289.278210 26.961019 -28.146728 22.209537 -145.135370 22.064228 -14.589630 1.883858 -44.221605 -50.713519 -6.285833 -17.037932 -63.510772 -54.046698 16.943426 -48.433210 -55.264506 37.929012 15.347531 13.638086 103.822654 157.175864 19.408457 54.972068 146.899753 73.780710 21.677840 129.869691 182.439012 42.922160 1.793889 -22.754753 100.475864 6.503827 -13.169568 -52.919537 95.882377 4.732469 -40.660247 -15.916728 111.861451 -24.213241 11.721543 31.734877 46.032593 21.915957 48.797994 27.537191 -83.406605 11.417438 18.313642 18.016821 -196.581975 -6.268920 -2.451296 61.762778 121.745710 37.142377 9.149753 66.216080 174.961451 94.991142 -3.927562 20.333457 119.407623 80.934537 -33.225802 7.563302 17.267685 -32.235123 5.732716 14.746759 -3.115988 -69.126636 54.217160 51.282284 -59.102932 -46.625154 -9.208765 -48.507006 -105.621636 -28.645926 -19.138148 200.653117 181.261265 77.688642 20.503025 70.028025 130.273951 70.201296 2.582160 -76.317130 4.983086 -102.360309 -7.890216 -53.641821 -75.074907 -107.135648 3.881944 -14.561574 8.393827 2.219290 -41.513457 -82.073981 -39.274414 13.000370 -54.206914 -59.904167 37.950957 14.727191 -18.617315 219.936358 292.614969 26.791852 104.200216 -3.383488 425.848395 -5.029414 101.634877 -194.626173 337.436235 -49.074383 -101.365000 -58.178642 105.942870 -12.168488 -65.241975 -1.874846 -14.417160 56.414475 -24.342469 -48.674043 -147.842562 122.680370 -22.938519 -29.197531 -411.843148 155.568765 -11.156728 
-16.092315 -42.524074 2.266481 -7.843981 -50.039815 -39.833519 9.942593 -1.703704 -290.951574 -34.412315 2.694259 -30.315556 -201.083704 72.355370 129.375926 -33.406296 159.410370 289.562870 249.060833 2.016852 132.417685 233.919722 97.657593 11.691481 34.956574 95.772500 13.438056 7.313056 -36.074537 -63.451944 30.724167 -13.254352 -24.001389 -38.237685 31.278519 -0.334815 -41.048333 12.098241 23.099074 -4.001759 4.244444 -132.086481 80.593519 -6.553704 1.484907 -108.599167 68.045185 -3.369630 -19.726852 10.196667 27.954074 3.678148 -2.268426 37.410463 8.689352 1.195463 -9.133056 84.530185 26.155278 -3.019815 -26.132500 15.616111 25.950093 -8.513333 -0.441019 -11.679630 50.120556 -5.351944 24.851019 -20.130463 48.495093 -1.630833 -6.751481 0.315741 10.268519 9.796296 7.834630 3.180926 -20.452037 15.790185 2.092130 -15.685926 -25.911574 -2.581296 0.888704 -4.084815 0.197963 -4.312778 10.593148 -33.685370 6.548519 -5.956852 39.130278 -48.462130 27.627037 -18.293704 -3.696481 -44.791574 17.938056 2.149815 4.889815 -1.302222 -19.359537 12.853241 17.313426 37.754259 -23.760648 9.244630 -0.086574 20.717037 -17.721574 -5.509444 5.543889 -5.144352 4.140093 -3.019259 14.833426 -8.702685 0.177130 -1.428981 28.365185 1.304352 -0.574167 6.954074 1.519537 40.603056 2.135370 5.290741 -37.615278 47.455741 6.440463 5.394074 -13.351296 61.272685 3.389352 13.421852 -0.372870 50.816574 10.945556 2.402222 21.894537 -16.231019 -2.847037 -0.616852 9.130370 2.540370 4.898333 4.172407 12.798611 0.836296 -11.240185 5.825648 -5.382870 -10.085833 -19.506944 -1.243056 -24.368056 -0.398148 -4.516204 -18.044074 -45.705278 6.124907 21.456667 -9.800370 15.115278 42.528796 49.594537 3.820278 8.538704 -11.642130 -1.591111 0.732130 -2.424537 22.969259 0.982130 7.995370 -6.952593 -21.770926 -7.132407 -15.683889 27.877037 -45.510278 3.737130 9.098148 -0.667130 -21.855185 13.930463 4.909630 -2.385093 -76.285093 49.157778 0.628889 -3.918519 -250.651667 66.030370 -17.072037 
