140.644784 353.285556 20.765895 18.570000 170.968765 258.560926 34.932840 29.572469 -111.614691 180.928025 20.510556 11.807531 -245.097654 123.973117 4.505494 -10.472315 -72.238457 31.253827 -1.158642 -4.517593 2.323148 -47.761728 -16.822562 -1.739414 -21.598765 -79.772716 -9.182099 -2.370617 86.811358 -13.158241 -6.527099 18.836883 102.670679 -90.416698 5.569074 13.151698 -28.898642 11.089043 -11.400525 2.791543 -83.937593 -40.214352 -28.954938 -11.520833 -28.892377 -196.821852 -33.950648 -0.736667 -17.414877 -172.444815 -27.299414 -2.721944 -31.957377 -109.253272 -10.823580 -4.690154 133.633858 -308.864568 -11.584506 -9.330895 124.456204 -190.477870 -3.008395 -3.569506 -70.986636 -43.586019 -29.671975 -12.951728 -80.130864 28.454321 -23.620247 -3.839383 -6.985185 66.196451 -5.187901 3.688981 0.637840 62.258148 -3.138086 15.118457 -0.129907 26.722346 -3.354136 16.463488 156.404537 73.080123 12.739660 18.441728 16.031852 89.983488 11.377963 17.150957 -134.194444 101.317654 18.932994 -8.035833 -62.776049 74.180247 22.175895 -8.946759 -3.437809 43.911420 9.234228 -5.203148 6.155833 62.563426 0.702870 12.216574 93.602222 79.105648 1.054691 66.363488 45.880556 101.085216 5.475216 16.120370 -44.312130 77.841667 2.566296 2.504599 -58.675031 -17.954691 1.813117 -14.594753 -15.072191 -128.339136 -28.114568 -7.682006 -1.909475 -167.290062 -20.034228 -9.941852 -2.002500 -150.740525 -0.652685 -29.371389 127.559105 -90.786049 27.199506 -40.575401 -5.426235 16.316944 -0.402562 -1.452160 -17.223642 -25.267685 -2.166821 -5.578086 -10.123549 -37.889074 -13.228488 -2.721049 -3.136204 -19.126636 -8.591914 -0.242346 -1.713148 -3.814722 11.568488 -0.586543 0.792469 15.220000 24.471265 -5.735710 -44.708642 -8.115556 21.330895 -26.889599 -14.192160 -23.979815 -2.495926 -6.766667 -10.307623 -44.962654 1.700957 -16.925432 19.251296 -58.821420 0.882191 -0.325463 24.986698 3.760772 0.281636 30.855710 2.885833 -6.936111 27.358272 3.731451 -10.969352 -50.682222 12.280772 -0.105926 -40.785772 -54.985988 -25.464352 -0.359938 
353.285556 2722.848889 115.572222 73.395556 366.473333 1662.664444 247.486667 68.262222 -232.502222 1176.851111 251.287778 60.370000 -1107.975556 1148.642222 61.251111 17.371111 -348.491111 715.203333 -0.655556 -3.483333 102.838889 35.477778 -80.024444 12.478889 -63.883333 -324.007778 -37.677778 2.726667 284.223333 690.634444 -79.478889 58.305556 559.238889 -70.380000 5.312222 77.988889 105.720000 -178.477778 -10.432222 -9.814444 -454.762222 -486.044444 -181.527778 -83.550000 -171.406667 -1183.001111 -273.491111 -22.534444 -97.537778 -1076.493333 -188.313333 -20.735556 -202.325556 -723.652222 -66.242222 -30.446667 277.932222 -2576.065556 -183.440000 -73.357778 894.841111 -1344.295556 -25.060000 -53.343333 -53.160000 -491.282222 -131.610000 -79.585556 -421.966667 -115.927778 -187.463333 -22.757778 -40.627778 71.588889 -65.862222 25.367778 -11.464444 168.447778 -32.481111 75.473333 -20.975556 56.870000 -25.053333 75.421111 652.454444 139.746667 46.916667 60.771111 180.454444 461.972222 80.857778 73.880000 -798.916667 675.310000 67.097778 -17.224444 -408.153333 572.661111 144.375556 -46.716667 -22.450000 424.133333 13.247778 -7.782222 37.292222 422.188889 7.612222 121.271111 463.754444 433.567778 39.487778 386.621111 317.400000 371.385556 8.071111 59.483333 -256.867778 435.483333 35.778889 28.781111 -395.518889 -76.904444 41.616667 -92.233333 -108.953333 -766.456667 -194.871111 -46.821111 -13.048889 -1021.751111 -129.664444 -53.535556 40.220000 -908.890000 9.667778 -147.206667 566.238889 -459.623333 239.831111 -159.595556 -2.955556 121.147778 -2.345556 -0.933333 -97.541111 -122.834444 14.316667 -28.094444 -65.023333 -273.707778 -63.712222 -13.432222 -21.345556 -152.073333 -65.034444 -2.004444 4.247778 -26.293333 86.875556 -1.847778 62.335556 110.490000 222.358889 -30.260000 -412.816667 -25.970000 138.624444 -161.662222 -16.868889 -85.752222 -6.395556 -19.883333 -16.360000 -94.605556 -31.025556 -64.997778 0.115556 -147.231111 -9.637778 -48.066667 102.625556 -57.280000 186.111111 12.894444 64.313333 -198.183333 343.867778 -16.680000 -47.026667 -377.697778 -5.017778 -1.526667 -234.486667 -341.963333 -292.438889 -2.215556 
20.765895 115.572222 15.171451 1.350000 32.859877 86.856481 19.483951 4.252469 -24.808025 69.491358 19.491667 8.036420 -85.782099 86.379784 11.613272 1.831019 -26.987346 57.477160 3.569136 0.715741 5.900926 -2.906173 -5.099228 0.323920 -5.626543 -29.821605 -3.582099 -0.411728 17.435802 42.905093 7.965123 1.514660 33.020679 -16.943364 5.460185 4.023920 7.524691 -12.949846 2.007253 -1.076235 -29.928704 -27.875463 -8.749383 -5.976389 -12.289043 -81.396296 -17.543981 -1.772222 -5.157099 -80.020370 -12.581636 -1.470833 -13.980710 -54.218827 -5.541358 -1.839043 16.587191 -141.734568 -9.970062 -3.390895 60.938426 -81.852315 -0.995062 -3.028395 10.898920 -31.000463 -8.575309 -5.283951 -28.664198 -5.017901 -14.285802 -1.477160 -4.451852 11.929784 -4.267901 1.713426 -1.079938 20.392593 -2.089198 4.937346 -0.508796 13.945679 -1.677469 6.311265 39.974537 2.195679 3.384105 1.689506 16.179630 19.794599 5.904630 4.805401 -38.755556 37.393210 6.617438 -1.379167 -24.210494 30.002469 10.121451 -2.991204 -2.443364 21.555864 4.168673 -0.489815 2.173611 27.391204 2.588426 7.469907 42.966667 33.096759 2.791358 22.511265 20.741667 23.067438 1.961883 2.125926 -16.019907 17.108333 2.574074 1.600154 -19.023920 -15.135802 3.574228 -3.761420 -5.239969 -57.891358 -8.984568 -2.452006 -1.068364 -74.831173 -5.324228 -3.162963 0.954167 -67.809414 2.910648 -9.906944 45.786883 -41.427160 16.545062 -18.994290 0.073765 11.695833 0.561883 -0.224383 -5.172531 -8.219907 0.783179 -1.733642 -3.275772 -14.571296 -3.180710 -0.052160 -1.071759 -9.356636 -2.855247 0.137654 0.993519 -4.229167 4.480710 -0.015432 7.335802 0.405556 14.227932 -1.805710 -33.141975 -6.416667 11.535340 -10.430710 -7.229938 -16.428704 -2.342593 -2.800000 -1.266512 -26.490432 -1.939043 -7.843210 -0.356481 -19.839198 4.545525 -3.447685 -1.267747 -21.093673 15.137191 3.044599 5.956944 -28.158333 17.388272 -0.456327 7.782870 -28.755556 2.784105 0.229630 -12.103549 -29.601543 -16.986574 -0.157716 
18.570000 73.395556 1.350000 6.960000 20.060000 48.957778 4.524444 5.182222 -17.264444 29.910000 2.728889 0.218889 -32.268889 10.074444 -2.801111 -1.315556 -7.008889 3.946667 -2.894444 0.094444 2.294444 1.211111 -1.864444 0.543333 -0.388889 -7.836667 -0.522222 0.512222 8.832222 -10.478889 -3.815556 6.077778 16.500000 -4.836667 -1.012222 3.266667 -4.736667 0.422222 -4.578889 1.131111 -9.848889 -14.588889 -5.366667 -1.944444 -2.326667 -28.337778 -7.525556 0.123333 -3.040000 -17.795556 -4.514444 -0.370000 -5.452222 -11.353333 -0.757778 -0.792222 18.895556 -60.662222 -1.832222 -2.514444 15.953333 -32.704444 -1.562222 -1.528889 -12.462222 -8.240000 -5.173333 -1.986667 -5.722222 1.966667 -3.208889 -0.108889 1.483333 3.916667 -0.704444 0.337778 0.997778 8.257778 -0.518889 1.232222 -0.268889 6.068889 -0.474444 1.712222 23.145556 15.853333 1.177778 3.490000 -2.204444 17.222222 0.720000 1.564444 -22.633333 10.656667 0.863333 0.435556 -7.396667 10.705556 2.724444 0.311111 0.772222 7.944444 0.118889 -0.662222 1.946667 9.444444 -0.478889 0.123333 13.723333 11.682222 -0.415556 9.601111 2.927778 11.531111 -1.332222 2.366667 -7.943333 11.405556 -1.662222 0.880000 -10.553333 -6.667778 -1.772222 -2.600000 -2.502222 -20.882222 -5.912222 -0.756667 -0.195556 -23.554444 -3.857778 -1.303333 0.324444 -19.604444 -0.567778 -4.443333 19.838889 -13.948889 4.285556 -5.726667 -2.133333 -3.492222 -0.771111 -0.350000 -3.136667 -5.232222 -0.816667 -0.561111 -2.110000 -8.114444 -2.132222 -0.567778 -0.626667 -4.326667 -1.626667 -0.195556 -0.536667 -0.662222 1.946667 -0.118889 0.436667 2.982222 3.974444 -1.017778 -6.072222 -1.857778 2.281111 -4.093333 4.380000 11.018889 1.006667 0.905556 0.204444 20.266667 -0.513333 1.464444 -0.054444 12.242222 -1.206667 0.472222 2.196667 11.857778 -1.405556 3.011111 -0.352222 2.794444 5.604444 0.257778 -0.917778 -6.802222 0.428889 -0.040000 -5.285556 -8.492222 -8.000000 -0.051111 
170.968765 366.473333 32.859877 20.060000 1438.895802 399.250370 119.384321 94.482840 769.168272 472.988395 -37.437778 173.546049 -1372.415802 166.989877 -139.572099 -54.185926 -635.784198 43.814568 -7.382716 -50.003704 -30.612963 -160.348765 -16.690988 -4.729506 -64.085802 -371.626790 -44.608025 -12.153210 142.832840 345.163704 53.343086 27.717901 600.703086 -506.341605 75.928519 51.788272 159.697284 -192.380864 -94.473951 33.189136 -443.341481 453.303704 -107.162346 -39.394444 -132.845802 -374.467407 -50.557037 -25.110000 -20.509136 -634.060370 -67.687284 7.291111 -96.876914 -643.043457 -59.180617 -16.866914 208.912840 -444.159753 -28.336543 1.203457 685.173704 -626.635926 -40.672099 44.316790 39.031605 -319.875185 -170.700494 -24.979877 -385.227160 115.752469 -133.320617 -14.787901 -50.712963 182.709877 -24.829753 11.574815 -1.325679 108.211481 -12.807160 59.185309 -4.631852 -54.144691 -14.202840 56.659136 239.121481 54.495309 4.573457 11.466543 412.814074 42.269136 -43.972593 58.750864 -120.411111 66.392469 -29.024321 20.380000 -225.203457 73.311728 118.217654 -30.814815 -19.566049 125.610494 78.728765 -13.493704 9.902222 197.242593 4.319259 128.352963 205.506667 189.919259 -0.653827 297.109136 48.911111 22.793457 -20.803210 9.609259 44.565926 7.655556 -55.482593 30.065802 -53.630494 -179.562840 30.565432 3.572840 -2.341728 -514.121728 27.806914 -24.505432 1.138395 -627.497654 6.076790 -41.705185 10.452222 -551.071728 6.635926 -58.276667 419.056790 -348.355679 66.623210 -35.040864 -39.875309 -97.764444 -12.108765 -14.517901 5.808395 -95.028519 -28.808025 -12.060494 16.138765 -96.944074 -33.590247 -5.852346 16.280741 -106.871728 -16.260617 -0.015309 3.204074 -139.451111 -6.223086 -2.238025 45.853951 -170.051111 42.443580 -25.798025 -8.238272 -165.841111 154.202099 -97.562469 -34.376790 -208.751481 -25.930370 -27.438889 45.229136 -258.658025 -37.376914 -64.554691 68.186296 -285.073827 -57.522716 -30.579630 82.534938 -257.729877 -84.049383 38.574691 63.120000 -117.522222 -16.244321 8.573210 58.463704 -173.691111 194.785679 0.911852 -9.409012 -184.816914 24.348148 -2.119012 
258.560926 1662.664444 86.856481 48.957778 399.250370 1287.356667 164.110370 81.505926 -191.380370 873.572593 159.025556 63.452963 -990.777037 745.768704 58.676296 -4.549444 -259.256296 575.069630 36.064815 -0.827778 104.466667 89.785185 -52.355370 18.917963 -47.003704 -226.761852 -24.014815 1.099630 191.789259 327.199444 -30.667037 32.160185 406.018519 -69.470185 22.096667 63.999074 57.043704 -104.132407 -31.654259 19.869259 -355.424444 -267.913889 -103.885185 -63.402778 -119.558704 -858.713333 -169.296111 -17.363333 -63.073704 -814.197778 -137.827593 -5.118333 -162.557593 -573.345185 -50.549259 -23.016481 188.065370 -1777.938519 -123.205926 -50.188704 592.512778 -1008.366111 -20.190370 -30.195926 -41.115370 -379.989444 -101.505185 -61.430370 -285.479630 -76.424074 -131.969259 -16.839630 -16.400000 22.195370 -47.842963 14.877222 -7.441852 123.917778 -29.002963 50.565185 -10.709444 70.475185 -20.060370 57.465370 474.689444 144.295185 52.326852 34.518148 151.147778 309.684259 57.376667 50.759074 -555.172222 428.968148 32.872407 -9.857222 -277.597407 362.787037 117.563148 -26.008333 -12.626852 285.796296 27.913148 -3.047778 23.892778 325.525000 4.332778 77.828333 398.670000 371.305000 24.451481 253.154259 237.961111 366.964630 18.085741 36.572222 -176.605000 304.805556 19.635556 23.213148 -271.942407 -66.040370 29.478704 -57.768519 -66.040926 -580.828148 -117.744074 -30.332037 -7.880185 -754.967037 -74.490926 -35.815556 27.176111 -644.580926 20.277222 -118.143889 468.515741 -340.970741 165.943704 -153.390185 -14.557407 105.337222 -2.186481 -8.390741 -64.617407 -93.893889 0.832407 -24.185185 -39.612407 -188.804444 -47.836481 -7.999630 -10.243889 -88.353148 -30.167037 -0.371852 4.301111 6.832778 81.479815 -1.249259 59.013704 72.496667 146.807593 -26.198704 -320.740741 -44.240000 96.599815 -131.747593 -31.967407 -54.587778 4.875556 -22.694444 -6.452407 -48.170370 -4.402037 -55.477037 16.897778 -82.086296 19.403148 -43.852778 64.000185 -159.066481 122.806481 8.895370 55.207222 -265.811111 188.515185 -6.736852 12.677222 -330.712222 -6.258704 -0.886667 -179.350185 -306.819259 -236.291667 -2.055185 
34.932840 247.486667 19.483951 4.524444 119.384321 164.110370 62.935062 7.621358 20.815309 164.410247 57.542222 23.976420 -247.216543 176.129506 21.768272 0.171852 -83.916790 70.533827 13.319136 0.190741 -2.329630 -46.595062 -11.716173 0.227531 -23.220988 -82.709383 -7.926543 -2.936173 51.065802 122.905926 16.315679 3.627160 102.456790 -67.840864 34.137407 9.764198 10.231358 -74.473457 10.433086 -6.013457 -94.455926 -54.246296 -25.899383 -14.627778 -35.245432 -226.559630 -37.158148 -7.580000 -15.846543 -232.573704 -29.812469 -3.821111 -36.272099 -162.398272 -15.098025 -4.369877 69.366914 -287.726790 -12.147284 -6.677284 169.041481 -204.339259 1.890494 -0.476173 -3.944691 -99.705185 -27.145309 -11.660617 -91.303086 -17.351235 -36.373580 -4.431605 -12.001852 21.167284 -6.836790 2.894815 -2.311605 43.371481 -4.287531 14.747901 -1.469630 27.096790 -4.892469 20.979877 118.823704 21.194568 9.454938 7.776173 55.399630 58.654321 6.584074 14.783457 -109.927778 92.940988 9.611605 -0.676667 -71.683827 65.163580 40.718395 -9.687037 -4.480864 57.708642 26.229506 -2.145926 6.712222 80.259259 4.394815 22.888519 110.470000 86.750370 2.561358 81.174321 62.516667 80.964938 5.013827 8.053704 -30.876296 57.300000 5.648519 5.144321 -45.051975 -24.155802 12.183951 -9.125309 -11.864691 -153.693580 -4.865679 -8.503951 -1.095309 -208.197284 -6.351728 -10.261852 11.506667 -187.676914 9.767037 -24.602222 127.832716 -119.251605 50.423951 -42.097901 3.843210 25.906667 0.969383 -0.016049 -7.496420 -12.620741 4.584568 -4.019753 -5.151605 -40.367407 -4.217654 -3.119383 0.010741 -30.515802 -5.321358 -0.732346 2.119630 -17.758889 18.038765 -0.516543 19.968025 -8.370000 54.844321 -6.646543 -96.080864 -31.278889 44.388395 -32.234321 -10.442716 -49.613704 -5.405926 -5.316667 -0.837901 -58.632099 -7.966543 -14.927654 -7.755926 -47.970864 3.465802 -12.862963 3.954198 -63.232840 33.735802 -4.795679 25.821111 -89.355556 60.762716 -3.859383 9.017037 -101.395556 15.936049 0.131852 -53.400494 -101.480988 -46.874074 -0.402716 
29.572469 68.262222 4.252469 5.182222 94.482840 81.505926 7.621358 22.780988 -8.318765 41.019877 -0.804444 19.597901 -109.463951 11.765802 -5.286914 -6.535926 -29.730494 -8.322469 -3.634568 -1.309259 -0.896296 -22.752469 -4.428025 1.261235 -8.267284 -30.350864 -3.039506 -0.701358 16.947654 -24.419630 -1.455062 1.414198 48.593827 -41.610123 -0.043704 6.623457 3.956543 -0.966049 -10.149877 6.676173 -31.797037 12.620370 -11.186420 -2.872222 -7.655062 -47.850741 -7.862593 2.217778 -5.507284 -44.310370 -8.246543 4.424444 -12.141728 -35.311975 -3.278765 -1.909506 26.710988 -66.606049 -6.206914 -3.278025 41.623704 -58.524815 -6.259136 2.779753 -16.866543 -21.669630 -15.369012 -2.911358 -21.734568 11.233951 -6.307654 -0.900864 0.848148 16.819136 -0.381605 1.252593 0.689136 18.105926 -1.125679 3.264938 -0.542963 8.446049 -0.967654 3.340617 24.371481 14.797160 -0.052469 2.225802 19.158519 10.050617 -3.778148 5.274938 -21.400000 5.851728 -1.150247 1.480000 -10.888642 5.148765 9.204691 -0.342593 0.637654 9.923457 5.338025 1.106296 2.091111 17.081481 -0.630741 4.197407 20.595556 18.658148 -0.205679 14.740617 1.027778 13.117531 -1.662469 1.009259 -6.634074 8.288889 -5.243704 2.775062 -12.399012 -12.383210 1.474691 -1.095679 -2.589877 -36.514321 -1.928272 -0.759136 0.297654 -42.701358 -2.688025 -1.621852 -1.542222 -34.286543 -2.119630 -7.437778 34.847531 -19.168642 2.771358 -8.648272 -5.438272 -4.447778 -0.951358 -1.536420 -6.237901 -10.150741 -3.245062 -1.384568 -2.696420 -4.616296 -3.599506 0.056914 -0.208148 -4.747654 -2.636543 0.077284 -0.057037 -8.723333 -3.858272 -0.291728 0.579877 -11.640000 -3.297160 -2.190617 4.415432 -5.824444 6.839136 -7.832840 -2.145309 -1.412593 1.547407 -2.983333 -3.300494 -15.911728 -0.897284 -5.880617 4.130741 -33.436790 -5.291235 -1.274074 3.997901 -38.016914 -16.679012 9.917284 4.447778 -13.883333 -14.298025 6.760247 6.613704 -8.007778 16.648642 0.545185 1.555802 -10.648395 1.714815 -0.137531 
-111.614691 -232.502222 -24.808025 -17.264444 769.168272 -191.380370 20.815309 -8.318765 2907.205432 155.097901 27.331111 176.055432 -307.556049 -330.768025 -335.239753 25.184815 -1549.066173 -490.113086 -230.537654 -112.135185 -303.487037 -481.280864 -96.335309 -25.376790 -16.132716 -556.940247 -51.882716 -32.049753 28.753457 873.187407 58.959506 -4.991975 364.556173 67.269012 59.689259 42.770988 765.330123 -448.917284 -13.082346 94.348272 -215.220741 968.757407 -163.808025 37.533333 -275.557160 479.410741 -95.489630 -61.302222 95.525062 -389.544074 -87.339012 1.640000 -75.028272 -978.218025 -78.302346 -19.287160 -60.023210 207.346049 -32.110864 20.081358 497.389630 -360.554074 -84.795309 80.271358 591.350988 -461.073704 -146.213210 25.881358 -366.393210 68.193827 -271.877901 -21.451358 -125.514815 53.469753 -106.008395 -3.918148 19.490864 -166.552593 -11.366543 8.902840 -19.560370 -398.053827 -21.007901 11.241605 -158.594815 -301.994938 -71.753086 -21.210247 624.840370 -285.489506 -129.630741 15.616173 604.466667 -306.608395 -181.268642 42.017778 -233.564691 -220.209877 45.826420 -32.151852 -37.332099 111.559877 126.948642 -43.888519 -18.043333 290.462963 7.415185 76.279259 -18.513333 78.854074 4.343457 221.302716 -92.822222 -296.609753 -61.394198 -21.870370 311.921852 -280.244444 -94.082963 35.661605 240.424568 -38.743457 53.236420 77.134568 1.469877 -89.920123 242.268272 -21.206420 4.770123 -293.355309 95.473580 -58.041481 -50.382222 -302.509012 -59.034815 0.870000 301.269136 -254.721358 -75.812469 230.102716 -39.256173 -235.076667 -19.221975 -27.991358 64.563457 -77.472593 -32.338272 -8.776543 53.367531 -48.063704 -1.679383 -11.533580 22.507037 -218.870123 -59.959012 0.034938 -5.128519 -390.486667 -159.938395 -1.989383 -43.216543 -436.786667 -86.255062 -25.591605 376.445679 -259.234444 220.963086 6.792840 -117.456914 -575.711852 -87.592963 -51.166667 -52.626173 -777.854938 -157.244938 -89.194938 6.951481 -920.405432 -241.685432 -84.964815 132.060988 -729.174198 -229.943210 -28.778395 127.604444 -100.400000 -90.623086 15.765309 93.415185 143.593333 404.339136 4.217037 121.151975 92.051728 426.140741 1.110864 
180.928025 1176.851111 69.491358 29.910000 472.988395 873.572593 164.410247 41.019877 155.097901 949.558765 148.040000 51.642346 -937.391728 849.499136 36.374198 -3.058148 -395.647160 517.783086 46.504321 4.007407 80.820370 111.808642 -26.511358 17.489012 -28.506173 -202.939753 -17.345062 -5.012469 183.703210 440.963704 2.578272 31.297531 383.799383 -131.210123 62.750741 46.567901 89.750988 -195.621605 -13.866543 -3.057160 -352.447037 -173.435185 -92.925309 -52.250000 -136.182840 -748.339630 -132.245926 -28.871111 -47.073951 -840.882593 -121.863210 -6.942222 -157.041728 -704.328642 -59.473210 -24.598395 229.410988 -1396.083827 -88.629136 -35.355802 610.334815 -885.335926 -18.353580 -12.248025 -21.722099 -417.102963 -109.380123 -50.500247 -300.029012 -114.177160 -135.007654 -17.939753 -36.885185 6.841358 -39.209383 9.869259 -7.460864 84.911481 -26.886790 51.159383 -9.548519 -5.487284 -23.523210 66.357284 445.449259 111.291605 52.880864 28.553580 214.069630 260.911728 35.866296 52.636049 -465.944444 406.573951 22.477531 -6.136667 -278.866420 302.015432 133.421358 -35.248148 -19.734568 251.556790 73.893580 -17.921481 25.230000 365.353704 11.141481 72.469630 416.306667 414.380370 20.799877 260.957284 217.166667 362.723086 29.848642 38.598148 -119.734074 312.950000 29.239630 23.841728 -205.049012 -27.633210 27.952469 -42.651235 -48.012099 -551.786543 -57.394938 -32.609136 -8.069012 -759.368025 -28.349136 -47.094074 51.568889 -655.842099 36.174815 -130.210000 557.719753 -381.885309 161.171358 -195.481605 -17.316049 90.907778 1.009753 -12.464198 -33.976790 -76.250741 1.693827 -24.884568 -19.418642 -185.210741 -44.693951 -8.954198 -1.713704 -111.392099 -21.403210 -0.472716 4.170741 -34.023333 85.608395 -2.675062 89.779877 8.626667 167.491728 -33.835062 -286.112346 -97.935556 87.905802 -148.460617 -38.328642 -125.368148 -10.669259 -21.805556 11.071728 -56.317284 -15.408395 -52.069506 9.358519 -99.497901 4.158765 -58.779630 54.347901 -194.150247 140.843210 -18.354938 54.570000 -298.055556 245.901975 -14.856420 12.591481 -337.668889 -3.201358 -1.665926 -158.283086 -283.303951 -258.446296 -0.648642 
20.510556 251.287778 19.491667 2.728889 -37.437778 159.025556 57.542222 -0.804444 27.331111 148.040000 158.798889 -0.957778 -115.147778 187.828333 84.328889 1.001667 -133.185556 50.464444 -8.366667 3.183333 -39.005556 -77.172222 -24.627222 -0.040556 -26.944444 -88.707778 -6.133333 -3.090000 59.184444 136.420556 14.021111 -0.236111 75.844444 -10.371667 40.784444 7.663889 42.703333 -104.919444 59.715000 -4.220000 -105.023333 -74.247222 -8.611111 -13.641667 -59.153889 -210.401111 -47.727222 -10.156667 -13.998889 -260.415556 -35.571667 -3.766111 -48.111667 -215.441111 -15.608889 -5.310556 77.096111 -296.065556 -20.440000 -12.860556 178.055000 -230.731667 19.056667 1.390000 5.548333 -140.746111 8.573333 -16.996667 -141.194444 -40.627778 -45.913333 -8.357778 -27.222222 -16.969444 -13.195556 -0.168333 -3.870000 8.647778 -3.414444 9.551111 -3.867222 -5.068889 -7.931111 19.535000 139.823889 29.518889 17.408333 7.348889 118.837778 80.330556 42.102222 12.643889 -128.972222 127.721111 22.206111 -10.221667 -120.486667 82.216667 44.089444 -20.430556 -10.908333 79.933333 41.717222 -8.326667 7.378333 116.080556 13.353889 13.412778 141.610000 125.203889 6.998889 68.785000 113.516667 147.543889 27.785000 12.805556 2.123889 122.661111 42.517778 8.889444 -55.043889 61.012222 51.336111 -14.444444 -23.111667 -115.434444 16.567778 -16.246111 -2.129444 -214.701111 4.360556 -14.013333 7.922778 -199.665000 15.615000 -28.487222 152.569444 -130.956667 60.842222 -40.170556 14.644444 69.072778 7.485000 2.650000 -5.424444 23.390556 20.558333 -2.783333 -9.309444 -38.074444 3.862778 -5.382222 -1.609444 -42.026111 -7.756667 -1.426667 1.975556 -32.290556 18.606111 -0.931111 12.946667 -19.593333 64.628333 -7.290556 -98.150000 -39.481111 46.877222 -26.042778 -24.685556 -105.696667 -6.628889 -11.544444 -29.973889 -137.011111 -14.850556 -29.214444 -25.023333 -166.136667 0.426111 -31.447222 7.711667 -167.949444 67.797222 -13.452778 33.449444 -125.138889 92.951111 -4.116111 -1.807222 -101.858889 26.151667 0.873333 -61.522778 -104.835556 -46.336111 0.145556 
11.807531 60.370000 8.036420 0.218889 173.546049 63.452963 23.976420 19.597901 176.055432 51.642346 -0.957778 85.783210 -227.333827 17.337531 -28.017531 32.945926 -152.477284 -5.751975 -6.998765 -9.679630 -16.292593 -61.797531 -8.257531 1.378765 -12.566049 -83.968025 -9.177160 -2.383086 17.097901 95.004074 8.581728 0.480247 76.745062 -57.814321 16.444815 7.432099 52.107901 -65.817284 -4.971235 11.514938 -59.137407 50.290741 -22.646914 -1.544444 -26.768272 -75.322593 -18.928519 -3.718889 -4.224938 -135.260741 -18.766790 6.834444 -20.139383 -132.106914 -12.019012 -2.503827 8.165679 -94.765062 -13.071975 -2.735309 97.945185 -113.981852 -12.723086 6.460247 46.389877 -85.679259 -31.629877 -2.390864 -35.393210 -1.561728 -28.400123 -1.806914 -5.159259 25.586420 -6.563951 1.576296 1.096420 24.647407 -2.005432 7.613951 -3.893704 -10.326049 -3.613457 9.874938 5.516296 -34.567160 -7.336420 -1.721358 58.073704 -32.195062 -17.386296 6.299506 18.561111 -35.675062 -11.735309 3.623333 -16.020247 -23.809877 29.287531 -2.068519 -0.698765 29.165432 26.837531 -0.082963 -1.054444 54.946296 4.298519 21.745926 38.425556 35.365185 -1.523210 58.686049 -3.377778 -32.659753 -10.499753 -2.725926 14.516296 -25.983333 -9.466296 3.856049 7.235679 -57.054568 13.758642 3.801235 3.225432 -100.986790 27.190494 -2.039753 2.720123 -122.316420 8.818025 -7.097037 -1.226667 -110.509012 0.298519 -10.874444 86.624691 -81.632469 10.009753 2.902716 -6.906173 -27.315556 -2.521975 -4.058025 4.169012 -10.672593 -5.116049 1.706790 4.739753 -3.680370 3.898395 1.399753 3.273704 -21.553457 -3.836790 0.396049 3.427037 -41.947778 -11.688395 -0.589383 6.089012 -53.820000 11.517160 -6.502716 2.151235 -45.417778 46.613086 -17.768272 -14.768025 -41.222963 -6.576296 -6.505556 -10.276173 -89.093827 -15.678272 -10.783827 -8.581852 -122.499877 -22.002099 -5.720370 8.299877 -107.701975 -27.965432 2.854938 19.460000 -61.522222 -1.011975 5.787531 19.587407 -47.234444 61.994691 1.039259 -14.864691 -46.120494 44.240741 -0.544691 
-245.097654 -1107.975556 -85.782099 -32.268889 -1372.415802 -990.777037 -247.216543 -109.463951 -307.556049 -937.391728 -115.147778 -227.333827 2769.909136 -646.605432 27.657654 50.222593 508.546420 -538.057901 -198.283951 15.587037 -328.764815 -82.629012 -32.441235 -36.084938 15.763580 131.539012 -6.119753 -4.882346 -225.675062 -447.111481 -73.106420 -33.462346 -728.603086 569.764938 -162.537407 -77.871605 -99.918395 315.997531 93.365062 -33.218025 801.183704 -123.898148 124.379012 114.438889 156.143580 1294.420741 92.452593 41.896667 54.472469 1255.173704 162.688395 -10.028889 207.070247 769.850123 64.857284 26.468025 -320.709506 1379.628642 38.784321 44.192099 -908.969259 1097.839259 -11.481235 -23.397901 97.709506 486.138519 186.969383 57.153210 505.727160 -29.958025 187.299506 21.927901 30.246296 -105.309877 16.266420 -12.211481 5.680123 -217.327037 33.356049 -83.588642 -3.208148 -123.054198 16.885062 -99.578025 -548.401481 -220.957531 -66.640123 -26.946543 -412.594074 -279.196914 -3.145185 -91.718642 477.022222 -310.789136 10.758765 -0.917778 341.057901 -142.439506 -199.794321 46.975926 22.788272 -81.310494 -154.177654 5.840370 -23.428889 -281.470370 -24.844815 -131.999630 -521.536667 -397.394815 -11.315062 -377.283580 -233.672222 -258.850123 9.100988 -35.131481 53.559630 -188.877778 48.040370 -60.898025 130.903827 187.820617 -9.265432 25.571605 4.579506 793.597284 18.645309 37.679877 3.024938 1028.873210 -20.839012 49.239630 -43.062222 929.130617 -66.161481 117.113333 -671.106790 629.286790 -169.949877 220.599753 25.541975 -83.534444 3.373210 -21.298765 2.137160 37.137407 0.824691 -2.950617 -32.879877 84.828519 26.560247 -5.145432 -20.105185 22.897284 -6.763827 0.511975 -13.730741 11.875556 -80.970247 0.620247 -116.432840 60.314444 -153.170247 25.011358 300.388272 175.001111 -163.958765 135.793580 25.650123 167.847037 -7.294074 1.094444 -54.710247 208.408025 15.998025 24.553580 -0.121852 221.556049 21.202716 43.201852 -39.867160 447.353210 -42.483951 -5.574691 -125.132222 539.055556 -111.497901 1.772346 -139.933704 444.684444 -59.582346 -1.976296 97.919012 375.179136 138.246296 3.921235 
123.973117 1148.642222 86.379784 10.074444 166.989877 745.768704 176.129506 11.765802 -330.768025 849.499136 187.828333 17.337531 -646.605432 1381.367006 177.954383 11.926019 -110.147346 955.617160 113.452469 31.265741 85.012037 245.677160 -6.573117 14.173364 11.873457 -60.292716 -3.459877 2.719383 107.232469 352.437870 19.846235 10.600772 278.376235 -148.739475 53.973519 32.598920 58.164691 -231.085957 43.117809 -50.060679 -264.592037 -392.367130 -65.171605 -64.306944 -116.660710 -788.270741 -130.506759 -21.180000 -73.865988 -798.462593 -95.688858 -21.700278 -122.045710 -534.323272 -48.148025 -21.601821 95.076636 -1333.387901 -86.988951 -36.809228 592.078981 -738.812870 8.379383 -24.103951 52.592809 -367.084352 -82.339753 -54.110617 -243.475309 -217.756790 -120.256914 -20.231605 -45.568519 -25.434105 -27.659012 11.707315 -23.803272 109.827037 -21.673642 53.645123 -11.762685 42.157901 -22.189691 69.750710 375.552870 3.911235 45.825772 9.220617 207.766296 237.814043 58.125741 46.834846 -478.166667 443.574321 69.421327 -19.586389 -284.061605 329.035802 166.414228 -42.021759 -23.501698 269.322531 81.533673 -12.187593 31.210833 339.010648 11.332315 82.648241 422.503333 372.262870 23.144691 245.184043 282.786111 379.424660 57.645772 28.942593 -102.630463 355.097222 85.776296 14.498488 -209.947809 -8.578025 94.932562 -54.622531 -63.588302 -569.471358 -47.121235 -36.047006 -9.196698 -798.255617 -36.789228 -40.395185 64.630278 -692.158858 30.682315 -121.261944 555.667438 -413.634938 146.729506 -239.060401 44.279321 218.610833 19.684660 -10.057716 -13.554753 -16.069352 35.824846 -30.644753 -15.664105 -176.670185 -18.891265 -12.055494 -5.704537 -119.150525 -23.824136 0.123210 13.844630 -33.374167 69.473488 -2.205432 104.084691 8.407778 165.931821 -28.489599 -282.425309 -88.890000 70.359228 -155.785710 -25.917716 -163.055370 -18.583704 -26.977778 36.549599 -89.095988 -13.481821 -56.427654 -0.347593 -48.590309 9.483858 -39.567130 23.008364 -193.295340 131.634414 -6.991512 62.975278 -360.836111 256.218272 -14.596883 43.932315 -325.340000 -29.359784 -0.434815 -131.668549 -255.105988 -279.033796 -0.783272 
4.505494 61.251111 11.613272 -2.801111 -139.572099 58.676296 21.768272 -5.286914 -335.239753 36.374198 84.328889 -28.017531 27.657654 177.954383 212.327284 -30.470185 158.031235 158.402840 103.880864 12.131481 11.040741 4.122840 3.383395 7.087469 -20.623457 -7.348395 1.593210 -3.437160 -10.336914 -107.029815 9.255432 -14.435494 -20.745679 -43.186358 32.285926 -5.428086 -18.205802 -5.679321 74.837469 -16.595432 -10.634074 -166.345370 65.354938 -12.236111 -18.758457 -202.097037 12.336481 -3.921111 -29.057901 -169.886296 -5.553642 -4.878333 -36.261790 -72.253951 -2.694198 -5.957346 4.373642 -69.360988 6.018395 -9.594383 44.624630 -30.964630 52.493951 -6.644938 -26.801420 -39.385370 59.313086 -13.702716 -71.463580 -36.359877 16.288025 -4.598395 -17.192593 -2.020062 9.824568 -2.735370 -5.213951 50.098519 3.423086 7.653210 4.902407 51.439877 -4.077531 24.832901 58.061296 51.029877 26.225617 -0.410617 48.249259 83.304012 72.657037 6.149321 -120.000000 135.524568 68.605617 -12.511667 -74.986173 79.369753 47.537716 -16.421296 -11.066358 28.730247 27.226605 -8.241852 4.021667 37.493519 9.653519 -11.497963 149.690000 74.253519 7.443086 27.244012 89.116667 156.290062 47.298951 3.596296 -2.210926 121.955556 65.619259 -0.532654 -54.319691 58.762469 57.635494 -19.124691 -16.913642 -67.135309 -2.833210 -11.158827 -2.411914 -126.803827 -6.021049 -4.040370 -3.289444 -119.332531 29.425741 -28.968333 61.142284 -62.527284 82.129383 -75.389321 31.423457 88.716111 11.348951 1.660494 9.338642 21.950185 24.195988 -3.380247 -5.541173 -27.895926 12.697099 -2.973951 -2.381296 -1.893642 16.359136 -0.666543 0.655926 35.173889 54.661790 -0.459012 -2.360247 48.210000 70.334012 -1.299568 -149.502469 27.586667 6.661049 -15.258457 -29.181728 -55.444074 2.038148 -16.900000 -15.763765 -84.162346 20.871543 -26.731235 -9.556296 -85.204691 57.621420 -10.950926 -15.036975 -130.899938 107.239198 0.476235 -1.899444 -172.983333 91.927284 -3.367840 -10.807593 -128.157778 -40.873272 -0.925185 -44.972284 -94.326790 -108.884259 0.714938 
-10.472315 17.371111 1.831019 -1.315556 -54.185926 -4.549444 0.171852 -6.535926 25.184815 -3.058148 1.001667 32.945926 50.222593 11.926019 -30.470185 81.391944 -48.114259 8.095926 -21.481481 18.908333 -22.936111 0.831481 -6.299907 1.111759 0.225926 -29.100370 -4.296296 3.858148 1.380741 51.399722 -1.211296 3.655093 -24.732407 39.228796 2.826111 -3.044907 -17.694815 -21.160648 3.422870 0.234630 10.468333 -51.215278 -4.087037 6.004167 5.470648 3.743333 -10.823056 4.282222 1.835370 -3.643333 -5.513796 0.463056 8.454537 -31.264259 -3.249630 4.319537 -14.472870 -45.463704 -4.055741 1.569537 -21.126944 -17.358056 -6.578519 -5.106296 12.953426 -16.105833 -2.463704 -0.070741 42.079630 -32.642593 2.357037 1.221852 8.322222 -17.327315 0.006296 -0.364167 0.290185 -12.935556 -0.282037 -1.359074 -2.379722 -26.448519 -2.507963 -2.411759 -11.838611 -29.988519 -2.708796 -1.865926 -31.895556 -31.227315 -7.145000 -6.926019 4.777778 -42.093704 -0.727685 -6.261944 30.587407 -27.187037 12.151019 1.448611 6.469907 23.745370 2.437130 -1.418333 -2.214722 18.351389 2.955278 11.830833 -17.056667 -8.014167 -0.371481 14.116019 -0.308333 -22.084352 -3.676574 -0.244444 0.289167 -1.886111 8.890000 -3.618426 15.842685 -32.650741 15.294907 -4.778704 10.221204 -26.114074 20.314074 -0.538241 2.740463 -13.866852 4.318426 -3.507778 3.532500 -13.018241 -2.816944 5.261389 7.410648 -31.127037 -10.322593 26.643796 -2.706481 -2.914722 0.962315 -0.439815 4.635741 18.089167 0.605093 4.910185 3.682685 16.956111 10.340093 2.716852 0.861389 -6.976574 1.283148 0.114074 2.456111 -15.064167 -4.871204 -0.627407 4.087407 -14.632222 5.587130 -2.749352 14.496296 -30.308889 9.102685 -6.787685 12.035741 2.822778 -3.634444 6.816667 -9.259537 -7.910185 -13.281574 5.300370 -9.237222 -3.859815 -15.228981 0.645833 -5.472130 35.922315 -3.199537 -5.071759 -2.632500 -1.713889 12.877037 -4.965648 4.549722 -17.720000 19.951204 -0.404444 -21.113981 -21.029074 27.412500 -0.477593 
-72.238457 -348.491111 -26.987346 -7.008889 -635.784198 -259.256296 -83.916790 -29.730494 -1549.066173 -395.647160 -133.185556 -152.477284 508.546420 -110.147346 158.031235 -48.114259 1489.148025 35.285679 176.383951 65.879630 222.481481 63.562346 30.877346 -2.940062 -7.802469 323.499877 7.641975 8.260123 -140.563827 -743.591296 -45.738025 -18.534877 -338.152469 51.187840 -67.557037 -36.381173 -454.853827 359.521914 -42.606728 -48.959753 296.355185 -462.076852 139.243210 -0.130556 329.125864 -16.842963 117.522407 55.797778 -24.444691 647.692963 69.347716 -7.707222 126.599198 1093.222099 78.837160 15.579198 -124.548827 410.471358 63.393457 -0.317099 -539.389074 586.802407 45.314568 -47.290988 -353.184506 514.158704 91.752840 12.496790 394.878395 -15.353086 221.633827 28.355432 137.714815 -3.070679 95.300247 -1.157963 -5.163457 213.615926 15.799506 -21.778025 31.794259 418.043086 35.459383 -23.946975 -161.701296 92.068642 10.037346 -7.625679 -469.844815 23.471914 33.956296 -30.900802 -187.183333 -37.827531 77.482901 -15.690556 318.853210 -93.810494 -56.969568 49.949074 54.797840 -270.345062 -100.230679 50.126296 4.565000 -424.560185 -27.646852 -83.319815 -159.296667 -327.730185 -11.001605 -266.719198 -35.105556 -42.830432 5.301790 -19.412963 -141.729074 -11.983333 30.109630 -20.826975 -34.984383 -14.837284 -56.381790 -21.782716 44.684383 251.508272 -133.917531 37.456235 2.211173 519.004568 -53.808210 74.154815 19.542778 512.444383 17.508704 61.611667 -496.257099 353.035432 -19.322346 -62.908086 55.202469 132.976111 6.368457 24.743210 9.846173 78.893148 19.005864 13.578395 -6.984012 108.865926 25.981420 10.845432 -3.414259 219.894383 57.341605 1.499136 4.441852 312.999444 69.700802 3.029753 0.516173 317.630000 -42.982531 33.269198 -92.888272 248.004444 -214.127346 79.470309 110.738765 539.697407 82.416296 38.472222 97.163025 584.414198 107.388086 84.790864 33.877407 716.410617 159.038951 86.895370 -77.235617 507.532901 41.247840 -0.472531 -69.437222 123.933333 -116.152099 -13.880679 -35.857963 73.471111 -314.831543 -3.768148 41.544877 126.754198 -180.404630 -0.860123 
31.253827 715.203333 57.477160 3.946667 43.814568 575.069630 70.533827 -8.322469 -490.113086 517.783086 50.464444 -5.751975 -538.057901 955.617160 158.402840 8.095926 35.285679 1685.268395 239.158642 22.442593 380.496296 1176.372840 123.546173 59.260247 205.848765 311.606049 43.693210 25.253951 4.999753 257.070741 53.579877 6.761728 48.637654 70.559753 47.305926 20.074691 -7.623580 -33.015432 3.854691 -18.233210 -164.826296 -250.614815 72.810494 -72.111111 -92.697901 -441.555926 3.338148 -27.685556 -22.915679 -464.271852 -26.157531 -10.087778 -73.613457 -334.888395 -20.965309 -15.250123 -139.976914 -1023.313210 -39.312716 -34.670494 177.928519 -594.304074 7.925062 -20.919383 183.965802 -283.790370 6.488642 -40.337160 5.725309 -265.393210 -58.979753 -14.899506 -11.625926 -244.228395 -57.562099 0.237407 -29.696173 -101.630370 -35.386914 21.828765 -21.471481 -36.239012 -18.048642 38.404568 66.466296 -38.213457 39.339506 -13.819506 16.434815 132.584568 62.808148 22.075432 -261.566667 222.554568 27.540617 -7.387778 -137.462840 212.291975 104.283827 -23.324074 -21.030247 244.652469 33.900494 -15.271852 6.378889 292.546296 28.165185 56.612593 264.397778 372.215185 45.739753 153.660123 73.894444 131.960617 22.187284 4.779630 -52.411481 164.394444 29.989259 2.157901 -112.440247 -97.461975 21.782716 -42.591358 -24.137531 -459.199753 -30.996543 -23.169383 -6.800247 -604.296049 21.816173 -27.013704 24.945556 -472.977531 68.259630 -85.313333 322.739506 -199.991728 138.717160 -183.178765 -19.093210 46.395556 2.009506 -12.061728 4.315309 -63.139259 -6.101235 -14.635802 19.808272 -89.502593 -20.686790 9.790494 7.107037 -19.438642 23.522469 5.892346 18.838148 67.096667 112.213457 -0.880123 68.285309 86.813333 130.835679 -19.165679 -319.096914 -18.073333 38.309383 -124.742346 23.944938 -57.806296 1.801481 -7.494444 127.186790 176.648765 29.708765 20.619877 60.262593 409.268642 74.599753 25.157407 35.220247 188.940617 142.714198 3.001235 7.765556 -158.250000 145.613951 -4.649506 62.665185 -212.717778 -201.551605 0.817037 -72.285062 -213.094568 -318.953704 -2.559506 
-1.158642 -0.655556 3.569136 -2.894444 -7.382716 36.064815 13.319136 -3.634568 -230.537654 46.504321 -8.366667 -6.998765 -198.283951 113.452469 103.880864 -21.481481 176.383951 239.158642 185.243210 5.035185 125.159259 192.097531 62.436420 12.362346 33.227160 100.474691 17.649383 2.891975 -28.723457 -126.779630 14.310494 -11.846914 1.210494 -71.956790 36.679630 -5.565432 -32.795679 -10.182716 19.445679 -10.843827 -32.848148 -100.829630 67.941358 -15.616667 3.793827 -219.029630 60.862963 -4.422222 -23.589506 -146.120370 8.012346 -3.611111 -28.750617 2.430247 1.712346 -2.567284 -16.834568 -43.343827 29.853086 -8.808025 3.831481 -8.242593 42.253086 -5.713580 -22.076543 -14.379630 40.765432 -5.652469 -0.923457 -54.088272 19.817901 -1.097531 -2.101852 -39.986420 6.145062 -0.796296 -5.630864 22.925926 -3.751235 7.310494 5.792593 60.893827 0.884568 15.345062 16.198148 45.249383 21.769753 -0.519753 4.351852 39.472840 36.496296 4.516049 -78.277778 50.122840 51.291975 -9.466667 -16.847531 27.204321 44.963580 -10.575926 -6.412346 -1.537654 14.535802 -5.387037 2.833333 18.470370 4.859259 -1.903704 96.911111 70.364815 5.448765 20.606173 34.944444 54.686420 15.158642 0.075926 7.464815 45.833333 24.062963 1.000617 -13.640123 -7.620988 26.646914 -17.295679 8.684568 -93.376543 -0.949383 -7.852469 -2.095679 -107.113580 6.003086 -4.207407 -2.966667 -91.620988 31.770370 -17.900000 62.047531 -39.653086 51.491358 -73.377160 22.445062 64.855556 4.336420 13.658025 24.704321 15.164815 9.632716 4.637654 11.108025 -6.312963 8.882716 2.424691 4.124074 16.673457 23.601235 0.595062 0.668519 39.188889 52.133951 -0.350617 4.565432 36.016667 51.567284 0.149383 -95.367901 18.661111 -4.653086 -20.545062 -6.503086 11.801852 6.424074 9.472222 13.756173 -27.039506 16.932716 11.293827 7.118519 -16.801235 41.270988 7.442593 -10.093210 -73.380247 61.232099 -5.821605 -2.311111 -174.733333 65.458642 -5.314198 17.175926 -115.427778 -40.469136 -1.092593 -15.058642 -67.578395 -99.362963 -0.608642 
