672.872191 913.509012 27.407130 72.450926 73.518117 545.128673 -37.503981 27.875648 59.220710 148.497562 -97.204259 8.613086 30.195278 -54.876975 -128.322099 32.801698 -109.191543 -151.547037 -114.474105 18.435031 -77.374167 -69.606080 -33.278457 -14.113210 -25.476142 -15.475988 -6.805926 -2.128796 52.208889 -174.392130 -39.148735 3.932531 55.832747 -107.598611 -45.728025 17.913457 65.152438 -14.293611 -10.857068 4.721944 -42.997623 45.791944 -36.410679 -2.494259 -14.546049 57.924660 -20.357346 3.720710 7.099630 22.670216 -16.863951 7.317068 -2.464691 7.723056 -2.044630 3.291883 9.001049 -49.746111 4.657932 -1.910154 71.009444 85.724630 27.936142 4.804043 -50.216420 166.256975 1.023056 6.584414 -107.765988 158.269506 -29.704043 7.984475 -21.658951 60.321698 -11.458951 11.841327 -8.713889 42.623858 -3.790988 9.773796 28.849475 74.473549 -3.614506 29.921728 57.677963 36.731975 9.748519 0.338580 6.533210 96.816790 -45.156975 10.551049 -69.713951 105.771605 -68.891111 0.704198 -52.184630 -11.320031 -75.854846 -3.839938 -1.281543 -80.707315 -12.191543 24.956821 -0.300185 -76.752901 4.227562 -9.224722 55.839630 -38.488056 14.115957 -42.124877 6.173302 -88.115093 -96.683611 -7.954599 -33.888025 -74.679784 -134.384691 1.087932 -11.931019 -64.872130 -75.463302 -0.318796 -6.134969 -46.143611 -26.393056 -2.357500 1.190401 -35.917932 -3.143179 6.499414 3.739846 -8.412654 26.086543 8.708858 -129.240185 89.130833 83.285772 -18.849259 -55.381698 -124.364660 -78.404877 -15.705247 -13.142099 -53.978920 -47.111944 -9.367778 -4.753951 -25.858056 -9.428735 -6.539012 -0.683519 2.885895 8.880648 -1.467222 8.800247 39.011574 36.699753 -0.458179 -12.860062 60.548210 55.395895 5.400648 -101.697531 84.537778 -40.653951 33.179938 76.699630 206.067438 -6.657191 35.524444 46.100741 311.074877 -3.675833 29.277191 15.806759 399.005833 33.584012 14.713025 32.112963 285.853889 52.374444 -12.971173 46.298858 147.594877 -9.672222 -5.926142 -6.155000 35.920093 -134.352438 -3.615741 4.363889 -27.909074 -61.789383 2.960247 
913.509012 8250.135062 510.273704 262.885185 -457.040247 3363.371975 171.401481 -84.444815 253.863827 1345.467531 -249.811852 127.412099 638.217778 35.532346 -455.574938 299.326543 -118.702716 -817.426296 -686.200247 88.670988 -458.182222 -642.846790 -303.479506 -79.248272 -239.349877 -219.061605 -57.202963 -39.447037 -116.123333 128.840741 -67.152840 -5.204568 92.960123 -661.966667 -43.433457 -47.229383 329.710247 -353.648889 154.919383 -25.102222 116.167160 -83.664444 -282.470617 -40.976296 -74.203580 -56.939753 -440.310617 -13.936173 -81.791852 -94.614198 -165.904198 0.971728 -33.260123 -41.421111 -23.157037 -0.635309 92.921358 -8.724444 108.428272 -5.529383 385.553333 525.624815 229.985432 18.063827 -1.049877 820.713210 -153.004444 54.784568 -273.109383 1005.226420 -422.963827 30.344321 -84.925309 623.419877 -176.103086 64.354691 -13.544444 303.372346 -27.648272 69.673704 11.392099 246.201358 -3.436420 56.133086 400.612593 623.163210 65.238148 4.740123 -91.875062 768.836173 -278.524321 31.060247 -341.681975 660.208025 -521.295556 0.468765 -161.182593 253.832346 -381.290617 -7.343580 -27.789383 -190.330741 -121.391605 114.341605 17.692963 -101.947284 23.557531 62.868889 267.783704 2.423333 40.812840 16.180617 -48.915432 -1153.709630 -875.085556 -41.484938 -169.080123 -299.558642 -768.414568 -4.503951 -80.353704 -508.477037 -432.499012 -16.822593 -17.550123 -526.526667 -192.700000 -15.915556 -8.119383 -439.797160 -7.663951 -5.956543 8.681728 -198.488272 160.590494 -30.980988 -364.799259 247.113333 412.960247 -148.771852 -235.899877 -1386.263580 -555.492716 7.659877 -16.834938 -29.849877 -287.645556 90.713333 -3.996420 64.524444 -41.565062 38.369383 16.681852 216.618642 108.295185 6.978889 23.122346 385.798148 367.877654 0.321605 -51.700864 444.789383 365.054198 -0.950370 -853.448765 161.185556 -100.174198 0.452469 161.063704 55.369136 24.894321 -9.693333 121.133704 854.430494 74.760000 215.321235 42.642963 1129.157778 276.468395 134.041235 200.931481 838.247778 396.962222 71.104691 111.439012 76.579383 91.122222 25.277901 -195.578889 -290.900370 -672.182469 -14.270370 -74.261111 -331.405926 -567.639136 0.563457 
27.407130 510.273704 237.714167 -30.275000 -31.157315 164.904352 100.980833 -26.224722 17.566019 67.179907 -33.305000 29.599259 139.607500 -83.657593 -85.595185 71.396759 4.163148 -162.917778 -101.820648 8.913426 -71.761944 -75.478796 -34.765370 -9.981852 -21.366759 -22.063519 -4.797778 -4.220278 28.707778 166.254167 40.102130 -0.159074 5.991019 -38.415278 0.090370 -5.364074 28.570093 -58.748056 -27.583981 -0.713611 74.706574 -33.355833 -28.044259 1.479444 27.948519 5.331204 -36.503148 2.793796 -2.458889 8.924537 -13.494074 1.757315 -0.561852 2.913056 -1.490556 1.241759 -0.747963 5.273889 0.328796 -1.048796 -15.115000 4.338333 -9.226574 -1.139537 -1.757037 20.210926 -11.014722 2.089352 21.004259 73.605185 2.450648 5.358426 3.212037 100.415648 14.434259 5.136759 -1.997222 99.499907 1.707037 15.658611 18.465648 91.226759 2.595370 33.347407 2.501667 -41.708519 -18.207778 -4.334259 -27.427037 27.693704 -16.810926 -1.647963 -23.877407 -13.540741 -17.970000 -5.097407 3.666111 -46.195093 -22.725093 -1.296481 -2.385741 -70.665833 0.463148 -4.131204 -12.629444 -25.468704 3.122130 -16.483611 92.223333 38.424167 13.980648 32.552037 -15.182870 -167.396944 -81.002500 -7.237685 -7.938519 -53.714352 -55.814074 -0.373426 -1.729167 -65.232500 -37.643796 -2.046944 2.166759 -73.836944 -17.293056 -1.995278 -0.727130 -64.479907 1.557685 -4.347870 -20.593241 -31.221296 27.319630 -16.468426 -34.833889 63.933056 93.997870 -32.526667 -26.200093 -146.641204 -49.006852 -4.726852 -1.314074 -22.930648 -26.174167 -0.476667 0.690370 -0.239167 -1.545648 -0.115926 4.031667 19.502685 19.548056 0.389444 1.542963 40.137500 64.562593 0.344907 -20.270185 63.024630 68.426019 -0.521944 -138.320370 28.373333 7.890370 -8.765741 -10.314444 -15.944907 11.544537 -12.913333 5.951111 56.381296 27.984167 -2.764537 -0.166944 117.085833 59.393148 -7.247593 -1.144444 27.618333 76.592222 -4.397963 13.624907 -78.255370 40.755556 1.833241 -20.833889 -80.974722 -67.014537 0.002778 -49.202778 -83.137222 -71.708148 -0.261481 
72.450926 262.885185 -30.275000 140.172222 -24.854630 192.378704 -21.913889 36.880556 9.217593 78.300926 0.783333 10.218519 41.575000 -47.796296 17.512963 3.460185 -52.670370 -101.222222 -13.232407 -0.756481 -54.986111 -70.089815 -14.724074 -2.275926 -20.865741 -17.320370 -2.600000 -2.341667 -35.188889 -135.836111 -19.065741 9.118519 8.162037 -55.475000 -3.848148 4.218519 45.310185 -26.958333 40.556481 -0.786111 -25.887963 -38.102778 -6.357407 -3.255556 -44.712963 -32.695370 -23.140741 -0.432407 -11.888889 -6.806481 -7.659259 -0.978704 -1.903704 -0.752778 -1.216667 -0.828704 5.901852 1.916667 9.062037 -1.062037 56.372222 23.627778 28.965741 -0.293519 10.831481 3.290741 -0.708333 -1.943519 -47.914815 -29.990741 -19.250926 -5.928704 -12.320370 32.254630 11.335185 -4.167593 2.833333 79.800926 8.901852 8.613889 7.537963 54.154630 -0.914815 29.037037 28.450000 25.740741 5.450000 5.270370 45.137037 13.029630 -16.846296 5.790741 -0.437037 22.757407 5.027778 -0.103704 -16.927778 -12.315741 32.678704 -8.585185 0.946296 -43.269444 34.640741 -10.765741 20.372222 -47.729630 8.523148 -12.802778 77.566667 -23.497222 8.526852 0.868519 31.706481 8.541667 -7.819444 6.349074 1.518519 21.904630 -12.170370 3.628704 0.325000 29.430556 23.860185 2.541667 -0.500926 -2.641667 20.297222 -0.658333 0.732407 -38.195370 4.162037 -0.215741 27.476852 -55.637037 10.620370 -8.315741 1.788889 -68.830556 24.910185 -35.483333 2.978704 39.762037 -2.981481 6.446296 -5.448148 25.956481 6.336111 -0.322222 -1.025926 9.275000 2.456481 -0.668519 -0.761111 -0.899074 -2.597222 -0.194444 2.264815 -11.002778 6.362963 -0.171296 24.929630 -24.062963 36.189815 1.725000 -53.951852 -26.083333 -9.448148 5.051852 -4.011111 -26.028704 -4.056481 -0.555556 -6.961111 -51.529630 -11.352778 -0.887963 1.197222 -91.191667 -20.009259 -1.174074 4.100000 -56.144444 9.166667 -3.937037 5.312037 -48.579630 56.261111 -5.510185 11.294444 -58.213889 0.228704 -1.027778 3.044444 -46.050000 -12.824074 1.081481 
73.518117 -457.040247 -31.157315 -24.854630 196.092932 -121.930957 -41.812870 21.794537 102.609969 -7.907623 -44.099815 21.223827 -28.139167 18.678951 -60.661358 -9.746451 -65.847469 43.482963 -27.572623 -2.346451 -21.864167 57.757994 8.276358 -1.501358 36.573117 40.410309 8.300741 5.075648 3.637778 -142.342130 -7.826142 -7.351173 43.594228 -80.470833 -23.871728 1.673086 39.013179 -55.083611 -50.945586 2.090833 -6.950586 2.256389 -32.742531 0.524630 8.036543 57.196512 2.145247 3.226636 7.745185 43.510957 8.083457 5.858920 3.196049 10.933056 3.436481 2.848179 8.239568 -29.293889 -2.645031 -1.461636 -9.127222 -24.579815 -5.687562 0.159969 -31.989383 -5.822284 -4.000278 -1.511883 -19.254136 13.916543 4.490031 3.168549 6.954012 16.735772 4.731790 4.790957 2.063889 26.823117 4.837531 23.092685 14.780216 38.698735 1.148457 31.906543 9.363519 -1.086173 3.530741 -1.035494 -0.255309 -32.428025 -1.116605 -3.104877 -8.127654 -44.498765 -7.684444 -2.002840 -5.844630 -76.069660 -15.266698 -2.611790 3.121420 -85.383981 3.319198 -1.626142 14.636481 -47.341420 3.649043 -29.060278 75.098519 -14.839167 10.016698 -23.825247 18.732562 53.742685 -5.470278 -2.056080 10.926049 -35.066821 -21.552840 -1.949475 4.730093 -28.826574 -11.519228 -0.044352 0.321327 -15.244722 0.956944 2.224722 1.640031 -3.846080 3.623858 -1.533549 18.199475 -6.105247 3.615802 -19.505216 42.072037 -37.426944 -4.642377 -40.901481 5.895340 28.200154 -9.009691 -4.653395 4.417531 -0.512994 3.705833 -6.908889 3.607901 -1.649167 5.456080 -3.521975 0.814259 -4.503735 3.970648 -0.701667 5.299506 -4.621759 -12.205062 0.117747 16.317346 -23.538086 -33.540401 0.991759 79.639506 -31.981111 -55.330988 2.492901 6.300741 39.013735 1.154660 8.340000 8.415185 43.575247 11.297500 -10.305772 11.510093 71.720278 19.884753 -5.912160 -15.503704 -15.460556 -36.798889 -5.565988 17.270340 -30.209198 -87.277778 1.734228 40.168333 27.650093 -23.396512 2.267593 54.058333 35.159815 22.895432 0.157284 
545.128673 3363.371975 164.904352 192.378704 -121.930957 3077.935154 -54.645648 43.761759 197.716080 1752.631821 -172.259815 100.014938 487.570278 346.282284 -184.520247 194.150772 -307.945247 -402.519259 -372.423179 38.172994 -427.071389 -372.018117 -208.202531 -44.611358 -153.564105 -134.629691 -34.744815 -18.509352 -278.402222 -1347.817130 -146.192253 -78.960062 93.150340 -1084.823611 -135.153951 -42.506914 333.568179 -606.051944 174.616080 -26.497500 -54.457809 -233.871944 -90.840309 -53.110926 -229.542346 -29.542932 -296.403642 -20.672809 -80.883704 -26.230710 -101.917654 0.555031 -17.679506 -10.207500 -11.633519 3.079846 58.158457 -96.462778 84.525525 -15.888858 322.420556 292.919074 257.479660 14.460525 32.181728 586.597716 52.131389 42.763117 -391.358580 697.795432 -266.071636 -4.022006 -134.457099 526.754105 -110.307099 24.501512 4.441667 395.097006 -4.366914 104.582130 49.565216 261.989290 7.704012 127.097654 250.900185 863.411605 264.604074 10.258951 -7.535309 524.324198 -49.536605 28.791790 -236.167654 521.001235 -305.568889 23.228272 -174.706852 170.436451 -255.281698 -35.897346 -14.401914 -262.610093 -71.078580 3.985525 26.116481 -180.188086 5.328488 -6.844167 380.900741 -11.679722 36.476142 102.765864 4.524228 6.954352 -272.886389 -18.772191 -122.386173 -262.469599 -459.949506 -5.544475 -64.089352 -360.969352 -289.897562 -8.027130 -14.752562 -349.851944 -131.956944 -8.749167 -2.532747 -288.757747 -17.514475 -16.960772 5.050031 -177.605247 103.679136 -96.056883 -102.840185 32.405833 324.573735 -181.604815 -176.852994 -679.552623 -303.619691 -14.681173 -33.506914 -140.261327 -170.936944 9.893333 -12.529877 -8.610833 -30.011142 3.731358 4.377593 98.247932 57.627870 0.966111 22.070617 232.925463 230.273827 -0.796142 -4.152654 271.279691 333.935710 -5.829907 -634.254938 131.887778 -10.002099 -41.207099 85.105185 237.499846 0.291883 36.196667 -52.143704 324.761914 21.288056 33.928117 -23.040463 123.191944 162.774753 -30.638827 149.718519 76.176111 337.952222 0.152901 79.722006 -274.623642 203.672222 -18.225216 -73.249444 -424.977130 -367.568179 -12.904630 -124.730556 -360.925741 -426.063457 -1.336049 
-37.503981 171.401481 100.980833 -21.913889 -41.812870 -54.645648 176.103056 -34.041389 -0.272870 -44.425648 94.528333 -9.756296 102.840833 -22.502037 -17.356296 16.624537 73.835370 -84.734444 -42.481759 -5.003241 -17.867500 -89.151019 -24.409815 -6.559630 -40.544537 -40.269074 -7.753333 -4.714722 48.602222 246.504167 38.474352 10.224259 11.091019 75.034722 30.395926 -2.719630 31.842315 -26.025833 -22.145093 -1.213611 75.689907 -37.289167 -9.188704 -0.248333 18.592963 -16.813241 -15.780926 0.149352 -6.414444 -1.847685 -14.782963 0.096204 -1.556296 8.229722 -2.479444 1.886204 -3.703519 -11.581667 -10.565648 -1.032130 0.040556 -39.295000 -29.209907 -4.189537 49.898519 -56.477963 -13.598056 -2.627315 48.148704 -38.689259 13.333981 0.769537 -7.354630 19.926759 11.023148 -6.352130 -3.925000 55.838796 -1.965185 -10.280278 17.926759 47.254537 -0.476852 10.697407 -0.426111 -91.225185 -25.868889 0.437963 18.100741 -22.578519 7.311296 -4.681296 29.994815 -37.546296 20.963333 -1.330741 21.032778 -11.539537 30.358241 -2.746481 -4.085741 -10.043611 20.152037 -10.508981 -13.885000 5.053519 0.499907 -9.861389 47.617778 5.857500 0.302870 23.302037 28.406019 -69.919167 -18.391389 4.095648 19.205926 28.385648 26.013704 0.198796 11.137500 20.750833 13.711759 0.358611 6.188981 -3.631389 7.262500 -1.367500 -1.116019 -32.324352 4.618796 -0.686759 -11.082130 -33.243519 7.647407 -0.918426 -2.356111 0.171944 27.358981 0.117778 19.677685 -33.935648 8.637593 0.500926 9.752593 2.013796 5.064722 2.640000 3.873704 -2.078056 1.348796 2.534074 0.926111 -1.686204 3.592500 0.683889 4.404074 -8.318056 10.745926 0.644907 1.113148 -6.108704 14.914907 0.261389 -33.925926 -13.904444 10.790370 -6.160185 -32.870000 -89.533796 -1.516574 -20.152222 0.551111 -135.779815 -3.304722 -13.381204 16.044167 -94.930833 5.093148 9.635741 -9.172222 -67.703889 22.853333 6.768704 5.974907 -45.744259 37.144444 6.583241 -1.467222 -34.919167 27.913241 0.775000 -23.025000 -42.015000 -4.941481 -0.150370 
27.875648 -84.444815 -26.224722 36.880556 21.794537 43.761759 -34.041389 58.203056 22.006759 -2.296019 -19.321667 26.269630 -32.170278 -56.727963 -4.991481 1.722685 -58.144259 -43.901111 0.081204 3.428241 -32.178611 -27.263981 -1.413519 3.171852 -10.053796 -4.915370 0.630000 -0.042500 -24.097778 -123.118056 -13.012685 -1.788704 22.326204 -58.737500 -4.855926 5.706296 32.029352 -26.203611 17.001204 2.453056 -38.313796 -13.822500 -9.653519 0.279444 -26.838519 -12.320648 -7.756852 0.890093 -8.281111 -4.743981 -0.640370 0.561019 -1.463704 -2.853611 0.142778 -0.193426 10.077963 5.857222 5.697315 -0.567315 30.551667 11.149444 18.938241 0.940093 -1.360741 6.186852 -0.131389 -0.647685 -40.408704 3.168148 -19.567870 -2.465648 -6.523148 7.519352 -5.606481 6.390463 2.102778 6.140648 1.660741 8.975278 2.597130 -1.236204 0.121296 3.182593 19.862778 57.611852 17.475556 6.467593 15.097037 10.341852 -4.686852 2.644630 -5.923704 17.268519 -1.636667 -1.671481 -14.539444 -9.059907 2.287870 -5.527963 0.895741 -22.910278 3.027963 3.048426 18.320556 -31.944630 1.796204 7.571944 9.773333 -21.392500 0.273241 2.622407 10.091204 34.580833 7.936389 4.160463 -1.662593 -4.905093 -6.077037 0.756204 0.315278 -4.676944 1.515463 0.730833 -0.312870 -7.914722 2.484722 -0.456389 0.048796 -18.426204 -1.296019 0.631759 24.882685 -27.756481 -2.695185 -0.105463 2.810556 -38.689167 -4.315093 -1.110000 1.368426 29.710648 -1.025370 -1.039815 -2.532593 8.632315 2.664722 -1.237778 -0.967037 5.710833 0.945093 -0.636296 -0.673889 -0.689907 -4.374167 -0.093889 -0.244074 -11.229167 -10.433704 -0.053241 16.483519 -21.551296 -2.988796 0.922500 13.953704 -23.604444 -4.339259 3.826852 -1.614444 -0.830093 -1.273981 3.542222 -7.754444 -24.855741 -5.699167 3.042870 -1.300278 -44.236389 -16.625370 3.248704 -4.916667 -9.070556 -26.546667 0.694630 4.926759 9.296481 3.050000 -2.192685 6.405000 6.441944 17.131759 -0.402778 15.713889 -2.559444 23.215926 0.568148 
59.220710 253.863827 17.566019 9.217593 102.609969 197.716080 -0.272870 22.006759 539.975895 -210.752809 -6.714259 107.874568 252.140833 -624.321790 -101.421728 -1.977932 -318.235617 -525.327037 -216.920031 -63.066821 -265.189722 -247.214599 -102.316605 -30.025062 -46.864290 -47.651173 -9.529259 -6.533241 -10.136667 -159.536574 -2.171327 -13.561543 206.560154 -212.070833 37.754568 -7.251728 432.591698 -210.536944 39.331451 -0.258056 18.766451 -138.716944 -259.817716 -11.940926 -169.834198 26.247253 -220.759938 -2.618549 -23.084815 59.318364 -44.972469 15.386327 0.219012 19.190833 -3.236852 10.013364 61.568086 14.796111 35.410895 -3.742006 192.923889 28.873519 75.582068 7.925895 71.812099 95.686235 -49.686944 18.252932 -104.566728 255.528025 -128.725895 -6.188488 -31.355247 366.952068 -25.716358 21.508364 10.269444 358.796821 13.391605 114.077130 83.557623 287.970586 11.789198 149.986914 126.253519 206.850123 116.344074 4.729321 37.927284 27.722716 42.124877 0.351420 -73.272469 -36.213580 -45.925556 -13.322099 -42.624630 -264.653735 -27.287438 -20.006975 -4.401173 -347.780648 4.319938 -28.326883 13.018704 -214.631049 7.283858 -43.933611 474.019630 29.535278 33.848549 21.964383 96.208488 10.382685 9.164167 0.113549 11.692346 -153.470525 -81.694321 -5.613549 0.541204 -211.145463 -73.790710 -5.171019 2.525401 -217.270278 -35.143056 -3.739722 -1.098117 -219.417562 -0.554660 -22.123179 9.741327 -201.392284 45.012840 -83.921512 193.425370 -157.944722 125.919475 -200.247037 -4.630957 -143.396142 -61.066728 -16.840432 9.337160 -51.317068 -24.657500 -13.343333 5.345309 -16.533611 4.786451 -4.639383 1.746481 -0.413364 16.362870 -0.810556 23.967654 -4.138426 49.676790 0.432562 57.729198 -0.721049 96.848858 -2.529352 -137.634568 -38.948889 -57.371358 -27.855247 -50.173704 -141.056636 -0.296821 -38.168889 -26.063704 -257.708827 17.784167 -57.384290 -1.029907 -407.591944 21.833272 -45.150679 43.235185 -429.726111 7.764444 -14.404136 138.705154 -348.389938 85.850000 8.963488 68.355000 -253.626574 10.052747 5.800926 -36.902778 -158.277963 -106.735309 -0.903457 
148.497562 1345.467531 67.179907 78.300926 -7.907623 1752.631821 -44.425648 -2.296019 -210.752809 2093.112932 -166.703148 -16.871728 277.032500 1383.880062 -55.806914 175.395216 152.484753 363.661852 -68.320957 101.517438 -139.103611 -79.080340 -98.709198 -0.199136 -60.537438 -18.991914 -12.551481 -2.736019 -234.642222 -1184.461574 -121.088920 -78.063395 -202.896327 -1001.968056 -209.252840 -52.070247 -130.529599 -541.145278 60.963858 -36.371944 135.565525 -138.003056 230.478580 -40.713148 18.295432 -45.985154 -40.313642 -14.280586 -31.479259 -32.102932 -41.724321 -12.879414 -5.005062 -4.234167 -2.825741 -4.513488 -55.067099 -134.353889 7.437747 -13.391080 -36.009444 108.006852 99.927438 -2.769475 -24.386049 277.106605 124.288056 14.785340 -141.068580 285.052099 -101.302747 12.629105 -48.240432 177.908549 -69.668210 10.464846 2.969444 118.868117 -3.415802 8.841019 -14.469228 21.460401 2.865123 12.210988 -5.902037 512.331605 113.255185 2.370062 -67.943086 337.137531 0.171173 10.171790 -99.190988 328.962346 -174.058889 26.287160 -102.730185 248.067562 -193.521698 -11.794012 -2.347469 -19.405648 -51.698580 12.977747 17.035370 8.987469 4.482932 5.702500 25.052963 26.749167 20.121698 71.956975 -75.042438 141.329907 -132.810833 -13.996636 -77.059506 -119.580710 -240.579506 -5.058920 -54.589352 -187.809352 -168.256451 -4.734907 -18.734784 -157.017500 -84.973611 -3.775833 3.019475 -108.127747 -7.766698 -5.868549 -14.096636 -32.105247 47.431358 -52.577994 -106.413519 129.863611 134.353735 -46.391481 -101.915216 -317.669290 -164.046358 -5.131173 -28.459136 -68.662438 -90.243611 7.628889 -8.828765 4.663611 -23.681142 2.101358 3.563148 73.852377 34.737870 0.283889 4.269506 170.164352 125.186049 -1.479475 -64.661543 150.036358 110.381265 -5.409907 -238.632716 90.106667 -14.884321 -21.879321 85.981852 241.488735 7.554105 54.075556 -2.952593 353.926358 15.320278 49.564784 0.845093 292.133056 132.431420 -19.404383 44.957407 195.735000 229.003333 -8.711543 -61.734660 -113.676975 -104.411111 -14.487438 -53.583889 -132.546019 -297.920401 -6.904630 15.847222 -118.944630 -155.111235 -1.562716 
-97.204259 -249.811852 -33.305000 0.783333 -44.099815 -172.259815 94.528333 -19.321667 -6.714259 -166.703148 227.723333 -27.832963 68.648333 -98.750370 162.678148 -38.776852 66.683704 -115.230000 47.484630 -30.932407 -32.596111 -142.711296 -23.582593 -9.234074 -53.368704 -61.514074 -10.040000 -5.285000 21.843333 166.858333 20.469074 12.105926 26.052407 125.913889 47.871481 3.995926 79.064259 9.431667 57.541296 0.900556 25.344630 -83.022778 27.704074 -4.246667 -53.377037 -89.574630 -36.124815 -6.319815 -20.362222 -49.060185 -26.302963 -3.939074 -3.671852 -11.885000 -4.370000 -2.853519 -10.727407 -48.313333 -16.288704 -0.973519 53.292222 -67.795556 -8.167963 -2.592037 111.622963 -87.737407 28.276111 -3.156481 22.415926 -103.719259 3.214259 -11.581296 -29.562963 -43.322407 -10.818519 -12.535741 -3.755556 4.525741 -3.645185 -17.843889 -12.950185 -18.000185 -0.074074 -18.968148 -6.407778 -125.420741 9.667778 -5.748148 75.627407 -60.432963 56.570741 -0.760741 66.297037 -10.157407 68.326667 5.618148 16.365556 39.719074 77.525741 -7.855926 -4.875185 65.701667 36.267037 -15.303148 -15.603333 52.527407 0.314630 18.560556 -39.153333 12.581667 -9.592407 54.983704 58.043519 117.272778 118.056111 -0.067963 18.947037 80.006481 107.173704 1.373519 13.713889 78.057222 64.358704 2.483889 4.307593 37.165000 31.658333 -0.996111 -1.657963 -22.052407 4.391296 -1.264259 -21.356852 -56.679630 -19.134815 7.777963 56.037778 -73.439444 -26.202407 45.207778 39.370185 130.193519 69.282593 4.814815 5.801481 25.825741 35.085000 1.885556 2.743704 -5.567222 2.251296 2.499630 -1.508889 -36.402037 -20.481667 0.573333 -0.365926 -69.747222 -41.411852 0.504630 -7.699630 -72.158148 -3.210926 0.000556 52.929630 -43.153333 56.860370 -3.762963 -62.184444 -176.004630 -6.981296 -25.993333 -32.558889 -317.778148 -27.226111 -24.647593 -8.583889 -372.600556 -56.445185 13.369630 -0.400000 -190.618889 -34.843333 16.405926 -5.029815 1.898519 87.138889 7.097963 -8.190000 -5.666111 151.963519 0.833333 -23.511111 -3.657778 66.776296 -0.285926 
8.613086 127.412099 29.599259 10.218519 21.223827 100.014938 -9.756296 26.269630 107.874568 -16.871728 -27.832963 83.329136 73.191111 -225.601358 -37.113457 54.935802 -114.035679 -215.706296 -70.168395 -9.130864 -111.947778 -112.588642 -32.517654 -9.243457 -35.065802 -27.959012 -4.009630 -2.707037 -27.324444 -140.637037 -12.219877 -6.587531 34.998642 -118.938889 -4.678642 -2.444568 118.721728 -88.347778 31.124568 2.995556 13.703457 -57.373333 -44.622099 3.149259 -56.986173 -17.006049 -70.829877 1.413457 -20.715185 -0.704938 -18.518272 1.757654 -3.087531 0.230000 -1.693704 1.636173 10.393951 -5.610000 8.331235 -1.166790 48.201111 2.323704 39.159136 0.763457 24.945309 13.742469 4.846667 5.725309 -39.821235 78.534938 -35.913457 4.293580 -22.304938 114.555802 -9.171605 12.577284 -1.511111 103.506420 4.178765 33.932593 16.244691 78.315062 3.856173 39.559383 30.971481 64.398025 58.455926 3.275309 7.052346 10.175432 25.479753 0.882840 -28.518272 2.483951 -12.724444 -3.035309 -20.072593 -55.401358 -8.773210 -4.243951 -3.659012 -86.659630 2.442099 -3.192099 4.522963 -59.858765 4.552716 1.843333 119.652593 -4.486667 9.167654 22.703210 16.353086 41.232593 22.656667 5.233210 -5.360864 -43.604938 -17.640864 -1.394321 -2.175926 -62.605926 -23.976420 -1.385926 -0.417531 -69.664444 -12.316667 -1.092222 -0.669012 -70.791235 -1.947654 -6.162469 16.294321 -69.579012 14.250123 -20.766914 30.144074 -41.917778 51.477284 -51.897407 -13.904691 -56.911728 -20.976790 -4.291975 -4.961235 -23.999136 -9.018889 -4.495556 -1.391605 -5.923333 -1.105432 -1.630988 -0.138148 -2.352840 1.116296 -0.203333 3.378642 -6.296296 24.276914 0.034568 16.477284 3.370123 58.751605 -0.630370 -90.685802 -14.806667 8.886173 -7.943827 -22.265185 -61.016049 -0.750864 -14.742222 -23.019630 -116.636543 -5.374444 -19.695802 -6.154815 -147.717778 -3.737901 -20.383580 17.492593 -103.793333 26.668889 -7.711605 34.006420 -90.844321 75.311111 -1.154691 0.286667 -94.913704 11.956049 0.301852 -38.405556 -77.585926 -44.140617 -0.166914 
30.195278 638.217778 139.607500 41.575000 -28.139167 487.570278 102.840833 -32.170278 252.140833 277.032500 68.648333 73.191111 914.727500 -607.077222 53.957778 99.648611 -33.711667 -1039.257778 -271.721389 -77.968056 -576.741944 -600.863611 -202.803889 -73.037778 -191.577500 -138.020556 -18.967778 -15.511389 -45.056667 -259.634722 -12.067500 -20.967222 56.799167 -335.104167 -17.521111 -16.213333 477.023056 -315.022500 124.035278 0.724167 328.363611 -309.226944 -122.883889 -17.899444 -231.806667 -189.371389 -365.801667 -9.009167 -115.901111 -44.590278 -116.667778 0.972500 -16.220000 7.438611 -8.767222 4.752500 5.810556 -78.643889 4.996944 -5.225833 239.445000 -9.926111 88.701944 1.107500 272.115556 33.033889 58.927500 13.770833 -97.557222 193.712222 -169.824167 -8.997500 -94.841667 505.875278 -44.591667 15.450833 -0.625000 560.405833 14.273333 122.040833 85.253056 391.525278 9.547222 185.457778 85.689444 75.270000 104.573333 -5.775000 157.475556 46.868889 122.866111 6.310556 3.865556 25.855556 39.871111 -0.057778 -69.165000 -204.070278 71.753056 -41.443889 -12.970556 -358.163611 66.077222 -63.150833 5.788333 -222.649444 15.305833 -3.454722 567.763333 -0.016944 30.646944 144.321667 161.626389 55.651944 100.696389 -11.636944 39.837778 -123.723611 25.281111 -2.240833 7.370833 -215.180278 -24.129722 -3.181389 9.671944 -311.800278 -20.665278 -6.130833 -3.246389 -391.599167 0.232500 -36.384167 -5.359167 -382.141667 52.230000 -117.628056 235.751667 -255.693611 166.289722 -204.458889 50.889167 0.512500 6.348333 -13.380556 5.997778 -71.419167 5.772500 -15.375556 0.984444 -24.949167 0.098056 -4.491111 -0.289444 -21.158056 9.666944 -0.512778 18.676667 -51.329167 76.462222 0.615278 16.049444 -80.068333 162.844167 -5.045278 -207.616667 -104.081111 6.490000 -45.191667 -108.173333 -294.559722 -2.089167 -67.048889 -72.647778 -559.827222 -12.441389 -78.495278 26.506389 -642.924167 1.931667 -42.785000 82.288889 -510.888333 98.412222 1.360556 48.991944 -360.211667 145.527778 15.694722 21.162778 -303.731389 87.954722 3.086111 -74.797222 -231.199444 -68.547778 -1.726667 
-54.876975 35.532346 -83.657593 -47.796296 18.678951 346.282284 -22.502037 -56.727963 -624.321790 1383.880062 -98.750370 -225.601358 -607.077222 2560.545802 -65.053210 -52.416358 601.330123 1945.139630 271.498951 188.961420 703.267222 838.363642 158.500988 102.315679 277.390802 209.959012 18.320741 18.820926 -56.908889 -159.993519 -8.810679 -33.134691 -351.418086 -213.708333 -168.154691 -27.405432 -876.552284 -28.943889 -287.021790 -40.809444 -71.306235 328.576111 384.560988 -24.988148 489.363951 211.103272 509.718765 -1.432901 177.931852 36.213272 137.429383 -19.427099 35.470864 -11.493889 10.910370 -14.944506 -98.255062 -45.884444 -62.739568 -5.524877 -457.962222 -18.573704 -208.350802 -13.755123 -283.056420 16.113086 17.667222 -27.650309 196.315679 -242.673827 241.366235 32.998086 142.377160 -600.286358 58.616049 -15.280062 4.566667 -645.314753 -14.106543 -191.535370 -142.830802 -498.278951 -13.161728 -268.981605 -248.082593 -110.364691 -271.378148 -4.797531 -203.780123 116.424568 -189.785309 -4.116173 65.284938 129.793827 -79.292222 28.740864 79.533704 390.793025 -151.557346 62.871728 21.953457 475.290185 -77.108765 103.322654 3.365926 406.236543 -12.711049 -15.418333 -779.363704 112.467222 -32.720432 -133.380988 -272.839198 -223.602037 -254.637222 -29.674877 -45.005802 65.857716 -116.703580 -0.002901 -22.910185 170.797593 -53.981914 4.733148 -14.057469 287.633889 -18.675000 7.122778 8.044012 371.210679 -1.016235 41.893025 -31.358210 437.084568 -75.372346 89.247469 -232.088519 433.665000 -221.907840 241.669630 -44.848086 15.064506 -38.878765 11.275309 7.705679 109.796358 -31.817222 30.878889 9.252716 47.976111 -17.480679 9.958765 11.121481 55.822284 -6.663519 1.686667 -10.628642 137.332407 -85.226914 -0.809568 -105.043951 127.102099 -293.404383 0.322037 420.696914 192.228889 -89.436173 29.943827 280.426296 810.529938 4.331420 165.331111 159.091852 1169.669877 15.571667 162.720802 7.113148 1335.220556 52.604568 53.244691 -113.075926 928.771111 -86.452222 -2.721728 -148.292531 495.566543 -512.538889 -10.448086 5.930000 501.683148 -307.369938 -4.240741 265.922222 372.441481 90.501728 0.011358 
-128.322099 -455.574938 -85.595185 17.512963 -60.661358 -184.520247 -17.356296 -4.991481 -101.421728 -55.806914 162.678148 -37.113457 53.957778 -65.053210 391.666173 -46.595679 98.949506 -179.656296 218.818642 -44.023457 -118.947778 -227.964568 -16.530617 -28.391605 -92.400988 -72.657160 -6.087407 -6.307037 -47.191111 -56.998148 -7.266173 1.253210 -32.119877 70.066667 37.445432 2.862840 68.012469 5.885556 176.183827 3.112222 7.279383 -144.267778 168.703827 -8.372963 -137.443580 -194.998642 -51.781728 -12.721728 -58.509630 -111.519753 -44.666420 -8.962716 -11.857901 -29.114444 -4.927037 -5.345309 -16.593086 -85.776667 -9.876173 -0.498272 84.545556 -81.670741 62.727654 1.256049 140.471235 -73.611235 150.196667 1.406790 -37.513827 -124.433580 -3.239383 -25.204568 -59.508642 -81.925679 -32.630864 -11.870864 -4.327778 -46.534321 -0.102716 -16.239630 -34.503457 -88.783086 1.624691 -37.692469 -15.106296 -83.027901 70.089259 -12.632099 114.794938 -57.372716 128.694568 6.340247 76.783580 82.708025 112.447778 13.666543 -12.605926 137.496790 102.786049 -22.601358 -3.746049 120.612593 49.466173 -19.638395 -14.565926 64.050494 6.584198 71.221111 -146.658519 -0.036667 -11.569383 124.193951 58.167901 323.721481 240.251111 -8.098272 8.007654 100.869136 157.038765 1.398272 11.329630 85.249630 85.480988 3.714074 5.545432 24.363333 40.500000 -2.681111 -1.489383 -55.811605 -2.071728 -8.797654 -38.114938 -103.160494 -44.362840 13.636790 68.494074 -82.501111 -55.981975 116.158148 29.004568 220.803086 97.958395 1.393210 -8.259383 -1.150988 40.203333 -5.556667 -1.095309 -17.195556 0.937160 -2.127284 -4.465926 -54.799136 -36.000370 -0.608889 -14.850988 -102.490741 -77.699012 -0.017284 -20.198642 -113.226173 -18.961358 -1.519259 89.767901 -50.756667 133.349136 -5.503086 -89.826296 -249.369753 -5.615679 -38.214444 -52.908519 -352.593951 -33.080000 -33.247654 -17.971481 -393.206667 -68.408272 14.081235 -5.296296 -106.387778 -31.720000 29.834691 -59.706543 122.214938 107.794444 9.137901 -34.346667 57.008519 224.865309 1.140741 -41.866667 6.836296 135.279753 -0.574321 
32.801698 299.326543 71.396759 3.460185 -9.746451 194.150772 16.624537 1.722685 -1.977932 175.395216 -38.776852 54.935802 99.648611 -52.416358 -46.595679 117.012191 -29.981790 -195.779630 -66.046451 39.678858 -111.209722 -125.515586 -38.701543 -8.984568 -48.423302 -35.815123 -5.557407 -3.649537 -24.283333 -156.927315 -14.214043 -7.139198 -24.523302 -156.681944 -26.497531 -4.851235 15.749228 -98.640278 14.544290 -1.334722 73.680401 -47.295833 24.404012 3.373148 1.688272 -26.456327 -42.912654 3.138735 -21.690741 -7.428549 -21.199383 -0.422068 -4.280864 2.815278 -2.262037 1.052006 -11.968827 -11.719444 2.891512 -0.785957 -18.608333 8.045370 27.189969 -0.455710 -9.002469 25.594136 19.220833 4.623920 -8.942901 79.977160 -19.010957 10.381636 -13.213272 113.823302 -10.057716 13.532562 -3.980556 90.587809 2.415432 20.741204 10.423302 60.249228 3.858951 27.816049 -6.432407 44.430247 40.548148 2.305864 -31.232099 37.087654 19.561420 0.436728 -36.816049 6.789506 -21.477778 -2.797531 -20.595370 -26.703858 -34.022377 -0.408951 -3.737346 -60.936574 -5.504012 2.852623 -4.234259 -33.279321 6.395216 7.215278 76.075926 6.543056 11.661265 31.840432 -19.426080 -12.231019 -4.629167 4.575154 -16.914198 -53.206327 -29.219753 -0.952932 -7.166204 -76.005093 -33.873920 -2.066204 -3.260031 -81.395833 -20.020833 -0.865278 -0.883179 -69.285957 1.608179 -4.339969 -2.424846 -41.165123 28.701235 -17.787191 -37.067593 11.815278 72.188117 -33.974074 -30.812191 -88.632562 -27.248457 -3.578086 -9.851235 -37.037191 -12.326389 -4.700000 -2.543827 -8.368056 -2.197377 -2.693210 -0.245370 14.186883 15.336574 -0.602778 -1.735802 30.796759 57.646914 -0.266821 -12.246605 37.192901 71.253549 -0.780093 -142.258025 5.022222 14.295062 -6.313272 -8.562963 -51.047994 0.884414 -12.305556 -10.174074 -56.023765 -1.573611 -12.584414 10.378241 -30.548611 26.962654 -23.588580 20.720370 -29.741667 85.788889 -13.813272 -3.148302 -91.173765 48.127778 -4.628858 -19.486111 -110.827315 -43.493673 -1.234259 -49.125000 -86.862037 -61.733951 -0.235802 
-109.191543 -118.702716 4.163148 -52.670370 -65.847469 -307.945247 73.835370 -58.144259 -318.235617 152.484753 66.683704 -114.035679 -33.711667 601.330123 98.949506 -29.981790 733.260617 216.349259 136.032531 44.023765 157.260556 -184.089568 -35.169506 -16.163827 -113.170432 -96.318272 -15.176296 -10.270926 37.653333 299.621296 21.858827 7.036543 -133.867099 188.430556 -19.865679 -0.548272 -290.290309 90.088333 -96.630062 -3.373889 161.587716 35.229444 246.731605 -1.917407 201.150864 -91.412531 133.584938 -2.780062 -6.909630 -98.344753 -38.505309 -7.932160 -10.185679 -23.361667 -7.043704 -4.859198 -52.848642 -61.221111 -46.001173 2.604506 -156.782222 -95.476296 -128.847346 -9.063395 36.326790 -180.294568 74.616111 -18.407099 181.880617 -301.811358 146.463395 1.087099 18.113580 -277.167346 -3.525309 -29.295864 -15.494444 -208.564877 -16.536049 -79.414630 -40.278457 -137.946975 -9.358642 -91.948025 -118.517407 -376.483457 -189.538519 -16.104321 20.178272 -107.156049 -5.688765 -5.987531 152.766914 -85.441975 148.075556 11.560988 51.805185 94.521790 101.977716 2.009753 1.592840 181.043148 48.721728 -10.563395 -27.010370 158.072716 -0.551914 6.323889 -256.102963 12.882778 -30.866605 -2.867160 -39.557099 -105.214630 54.870556 -17.012160 47.140988 143.605247 195.405432 4.851049 16.565741 191.702407 140.900432 7.744630 -1.335123 166.493889 67.930556 0.205000 -0.636605 90.063395 16.669938 2.494012 -39.995494 38.933951 -47.746173 30.317346 -16.372593 23.768333 -131.534753 140.508148 71.696235 362.422531 164.013951 14.243210 9.168395 113.440679 87.961667 16.021111 -0.006420 34.685000 11.756605 9.772716 -3.582593 -24.424136 -23.180926 1.746667 -15.223210 -76.382407 -99.987901 -0.181173 -40.298642 -128.937284 -170.803025 -0.866481 289.367901 -11.673333 24.254691 12.502469 -6.376296 -131.233642 5.653765 -14.447778 24.402593 -85.988395 -16.632778 38.749568 7.797963 -104.181667 -78.302716 36.292346 -31.168519 -116.621111 -172.686667 13.929136 -76.087099 70.064938 -225.255556 1.346235 78.103333 195.600185 99.395864 -2.975926 152.161111 167.258519 196.985309 -0.240988 
-151.547037 -817.426296 -162.917778 -101.222222 43.482963 -402.519259 -84.734444 -43.901111 -525.327037 363.661852 -115.230000 -215.706296 -1039.257778 1945.139630 -179.656296 -195.779630 216.349259 2566.882222 341.869630 87.675926 1134.236667 1608.939259 364.959630 152.868148 525.465185 424.000370 54.691111 39.592222 72.357778 453.066667 32.567407 1.932593 -261.727037 318.833333 -87.281852 -8.402963 -943.400741 347.197778 -392.671481 -26.678889 -314.022593 606.217778 161.608519 -1.073333 516.365185 476.582593 660.455185 5.156296 272.880000 169.675926 253.861481 -11.388519 56.271481 8.731111 23.190000 -12.687407 -65.328519 101.771111 -51.005926 0.580370 -508.223333 -31.764444 -270.891852 -15.593704 -382.107037 -19.064074 -144.807778 -30.409259 255.190370 -269.344815 297.188148 31.673704 197.370370 -851.338519 113.403704 -39.822963 6.327778 -946.562593 -9.220741 -241.195556 -165.005185 -671.971852 -17.368519 -326.602593 -213.740000 -63.591852 -287.885556 -2.298148 -261.093704 47.549259 -247.452593 -15.134074 62.678148 37.603704 -128.142222 20.313704 136.780000 425.684074 -177.768148 91.961852 29.550370 604.018889 -130.622963 122.928519 4.823333 417.145185 -21.301481 -68.910000 -939.982222 42.070000 -41.281852 -342.122963 -313.281481 -138.684444 -316.328889 -12.280741 -57.477407 184.003704 -141.619630 1.936296 -23.705556 336.357778 -53.106296 5.848889 -13.315185 524.520000 -15.150000 14.186667 10.604815 692.543704 -11.404815 69.467407 15.602593 746.875926 -100.302593 160.744074 -297.447778 560.801111 -316.517407 245.834444 -85.440370 -111.803704 -94.737407 6.070370 6.791481 116.731852 -69.103333 31.362222 9.390370 44.912222 -20.891481 11.134074 11.978889 42.692963 -19.175556 1.797778 -9.684815 134.183333 -122.909630 -0.859259 -46.789630 188.627407 -350.350370 3.693333 510.835185 246.562222 -172.092963 51.525926 267.730000 912.887037 -14.776296 173.208889 150.156667 1299.795185 23.913333 148.334074 -7.487778 1571.317778 48.695926 70.416296 -139.338889 1148.887778 -129.046667 0.454815 -89.223704 710.541852 -455.961111 -22.423704 -4.320000 656.760000 -333.543704 -6.222222 230.816667 514.121111 46.847407 0.482963 
-114.474105 -686.200247 -101.820648 -13.232407 -27.572623 -372.423179 -42.481759 0.081204 -216.920031 -68.320957 47.484630 -70.168395 -271.721389 271.498951 218.818642 -66.046451 136.032531 341.869630 372.257377 -9.607562 160.125833 87.812438 116.475247 4.699753 -16.244660 -14.451914 1.732963 -0.578796 -28.907778 27.480093 -7.433920 6.728827 -93.080216 168.345833 -4.015062 7.465309 -195.084599 132.411944 57.052191 -1.022500 -64.249475 26.769722 277.459691 1.394630 -8.309012 -83.912377 155.051914 -4.825586 -18.655926 -76.100154 7.749012 -7.336636 -7.357284 -24.604722 -1.983519 -5.078488 -40.963765 -42.373889 -21.688364 1.480586 -88.623889 -94.475370 -16.073117 -4.486698 3.148395 -103.196728 151.961944 -6.350772 25.569198 -172.087901 126.658920 -13.019228 -21.940432 -225.826451 -12.740432 -20.906821 -12.025000 -244.427994 -14.228025 -56.926204 -56.343117 -231.891265 -5.234877 -99.685679 -85.894259 -79.738395 7.809630 -8.713272 -1.013086 -53.342469 107.874506 -2.885988 61.332346 31.017901 128.470000 12.894938 11.065370 196.561451 66.132191 -1.514012 -3.346358 230.398241 1.276975 1.688302 -19.594630 115.123025 -7.524290 69.464167 -345.688148 -20.476944 -25.465525 45.376975 -32.689660 297.423796 174.944167 -4.347191 -11.297284 153.010957 151.722716 0.891636 -3.869907 149.744537 81.338549 4.120093 -4.716451 127.923056 35.179167 1.481389 0.470031 95.017253 -5.133920 7.564228 -42.030525 59.672531 -54.193086 56.973673 -44.173519 39.508611 -110.956821 185.767407 -7.161327 172.355710 78.969198 6.757716 -13.595802 14.124784 28.282500 2.187778 -4.057654 -7.991389 -6.530586 0.759136 -3.722407 -35.977068 -35.613796 -0.245000 -20.129383 -65.166204 -96.092840 -0.498920 -39.141543 -75.242531 -91.300401 0.861759 200.389506 -7.451111 85.525679 15.876235 -45.939259 -166.702932 -9.627562 -14.481111 1.478519 -96.626975 -27.531389 19.753117 1.345648 15.922500 -50.436358 54.788951 -41.020370 229.148333 -61.186667 31.836235 -84.536327 314.693025 -33.050000 2.722006 -33.321667 213.431204 120.929043 -0.904630 24.641667 110.696481 170.408765 0.619506 
