25.616636 132.186605 7.786481 6.925093 10.861759 120.660926 11.074907 2.135802 -32.969228 72.243086 18.532623 9.026111 -76.220000 47.242006 5.411790 1.995216 -1.493889 14.640556 -4.526667 -1.082222 1.424630 -7.558457 -3.061821 1.237994 1.148549 4.869167 -0.647407 4.629568 19.558642 0.163673 -9.096111 3.309660 4.877068 -10.256389 -10.609074 1.230247 27.289846 -30.959907 -10.883981 5.506636 0.291111 -29.954568 -9.250309 -1.434321 -9.875494 -34.988580 -15.414691 -1.336049 -1.533364 -18.088241 -5.696265 2.359907 1.298519 17.968426 -1.555864 -3.096759 -8.611451 -108.744383 -8.470216 -3.679074 3.193549 -49.498920 -10.126944 5.618981 42.717716 -48.182562 -5.221358 5.811944 -5.826420 -23.598056 -6.891975 -0.643981 -12.643519 -10.283673 -5.084259 -0.378611 0.816759 -0.392099 -1.805556 2.649969 -4.754198 31.595617 -1.732006 -9.718179 41.584198 34.514290 11.137438 3.804198 -0.032932 -0.195617 -15.925957 8.810802 17.508981 -30.600741 -7.546759 5.689444 -15.517006 -10.189969 -0.950000 -4.201543 -15.750710 -0.671790 -0.423704 -1.889846 -4.687346 1.211111 0.444599 -2.273735 -10.605000 -3.507531 -0.273333 -11.081605 21.137994 22.795988 -4.248673 4.845679 -18.424012 3.336327 -12.151914 -7.261142 12.600988 -8.697346 -1.580401 -2.381636 -17.907099 -4.680093 -3.076111 -4.263426 -16.133056 -0.091728 -0.972623 -1.386049 -2.050432 2.418951 2.514630 1.295062 -1.482469 -5.751728 0.935802 -3.384938 13.109846 19.501728 0.272377 -1.168580 -6.508889 10.942006 4.875031 -13.667469 5.803302 -12.385494 -4.686944 1.779815 -16.676080 -0.103272 -7.159753 2.887932 -9.427377 9.663549 3.543488 -1.528179 -6.968117 11.891451 10.979321 -1.875802 -12.149290 15.712932 9.839414 -6.675833 6.798302 13.842747 0.547315 5.641142 -2.071111 7.308333 2.768302 -1.421759 -2.808025 -10.829660 -0.171358 10.666821 -13.118056 2.145340 -1.398858 5.062870 2.235679 -15.960062 1.911142 -6.805648 -4.143704 -26.419846 -3.098765 -2.047191 -8.837284 -6.805988 -9.075679 -1.615926 
132.186605 1566.753210 108.882963 73.895741 103.264630 1186.469630 103.893148 20.110494 -264.278457 762.210617 157.769691 36.176667 -738.585556 402.702901 84.528025 -6.720679 -45.875556 200.123333 2.910000 10.926667 52.717037 -28.675802 -11.908086 23.033765 -3.724012 52.135000 -7.530370 34.910247 87.495062 531.889568 -28.417778 34.787099 32.858580 101.632778 -94.343704 5.727160 192.381914 -242.855370 -92.764630 55.241049 40.247778 -296.521358 -90.422840 -4.961975 -73.569877 -449.632716 -157.064938 -26.762099 -31.674506 -207.474259 -64.623642 35.349815 -32.226296 129.385741 -12.361728 27.306481 -110.580679 -1306.278765 -106.057099 -43.718148 64.339321 -660.425617 -66.499444 15.965741 320.199877 -446.681790 -19.613827 32.389444 -16.249506 -262.972778 -91.033951 9.506481 -66.453704 -167.202901 -62.907407 -2.945000 -6.387593 -35.615309 -12.855556 29.047716 1.444938 113.136790 -0.057346 -23.395247 271.369506 99.718580 69.975988 20.038395 118.840802 -146.770123 -91.765247 33.038272 169.042407 -361.593704 -56.793519 12.157778 -139.008457 -86.918827 -14.438889 5.402469 -85.830309 -2.706914 1.407037 -2.348580 -33.096914 2.105556 1.305864 4.621420 31.885556 8.720494 5.306667 5.094568 84.383765 58.230864 -64.168457 37.602469 -104.771358 -146.628457 -117.402716 -50.463395 98.561975 -214.292469 -44.283025 -33.041049 -84.786420 -64.404630 -14.460000 -30.526852 -70.035000 1.839877 -1.585247 -4.650988 -23.581975 14.896790 19.515926 7.479012 114.113951 -28.950123 42.677160 25.159012 107.650802 56.116790 10.222531 23.680617 -15.802222 -34.419321 33.674506 -60.464938 22.683272 -102.015432 -8.117222 9.272963 -100.485494 31.307901 -27.616173 32.584753 -27.792531 94.008210 38.768086 -4.296358 -79.474012 106.961790 92.714198 6.440617 -72.919691 184.229198 171.533272 -26.772778 114.318827 96.002160 6.084630 71.533395 4.415556 193.500000 26.271049 39.545370 -75.738272 91.910679 36.247284 25.922531 -65.330556 -109.367099 25.878951 26.563519 58.156914 -194.233457 -20.114383 -3.751296 -55.989630 -179.179691 -25.164198 -6.392160 -119.481235 -5.798642 37.971975 -8.984074 
7.786481 108.882963 22.301111 1.885000 -0.505000 106.780000 17.648333 0.948148 -59.249815 78.527407 22.894630 -0.641111 -69.260000 56.870926 18.986296 1.976852 14.426667 56.691111 11.231111 3.575556 7.237778 5.101481 2.455741 -2.458704 -4.974259 -1.110556 -0.364444 -3.649259 5.557407 53.310926 20.014444 0.559074 -1.310926 3.040556 1.747778 -0.390741 1.274630 -15.456111 -7.911667 4.395370 20.173333 -35.917407 -10.024074 -2.571481 2.394815 -45.037037 -12.357037 -3.945185 -6.807963 -20.249444 -4.597593 -3.766111 -6.998889 -1.390556 -0.607407 -10.863889 -12.470926 -127.478519 -10.676852 -5.651111 3.119074 -77.710185 5.776111 -0.902778 11.020741 -30.784259 4.667407 2.737222 12.100370 -24.553889 -7.874074 7.147222 7.783333 -23.204259 -6.194444 0.557222 3.318333 -9.572593 -0.666667 5.675370 11.972593 16.891481 1.253519 12.898704 22.450741 -18.179815 3.303519 1.688519 18.903519 -33.697037 6.075370 1.531481 2.811667 -39.735556 -1.541667 0.226667 7.506852 -6.306481 -2.111111 2.457407 9.716852 -0.838519 0.656667 1.375370 -2.940741 -4.738889 -0.232407 1.259815 23.693333 12.234815 -0.242222 26.095926 6.130185 -4.040741 -6.240926 7.590741 5.893704 -30.599815 -11.499259 -0.863519 1.149259 -30.659630 -4.915741 -4.495370 8.285185 -8.536111 1.502222 -5.358333 8.816111 -0.038148 0.974259 -0.828519 -2.622593 -0.394074 0.907778 -2.012963 12.445185 -5.062593 -0.829630 4.324815 -10.943148 3.429259 0.995370 5.372963 3.128889 -2.556852 0.769074 3.620741 -7.403519 -0.879630 -0.053889 2.036667 -0.184259 4.844815 2.572593 -2.613519 2.281296 8.017963 3.725370 -2.131296 -10.290926 5.399815 9.942593 -1.323704 -1.655741 9.692037 16.696481 -3.187222 -0.854630 -7.410185 -0.087222 0.642407 -2.274444 1.450000 0.133148 2.091667 -6.659259 9.453148 2.967407 -2.476852 8.797222 -12.796852 1.705741 -4.485000 2.566296 -21.901481 -2.475370 -2.418333 -6.897778 -14.381296 10.974074 -0.903148 -6.213704 -8.144815 12.108148 -2.358889 
6.925093 73.895741 1.885000 9.183056 1.289722 52.378333 1.405833 0.309259 -18.561759 32.459630 4.554907 -0.028333 -21.967778 15.243426 1.570185 -0.477315 2.587222 0.033889 -0.858889 1.157778 2.265000 -0.652407 -0.722870 3.616574 3.257130 7.250833 -0.257778 7.250185 -2.814815 -19.304907 -4.567222 3.496019 4.971574 -17.183611 -5.183889 1.037037 17.205463 -17.517500 -3.295278 -0.072685 -2.956667 -10.836296 -3.699074 -0.680370 -4.179074 -11.812037 -4.155926 -0.441852 -1.791574 -6.399167 -1.708426 1.945278 -0.962222 11.658611 -0.482407 3.076389 -3.040648 -34.016852 -2.769907 -0.985000 7.788796 -16.094907 -1.660833 0.629167 17.313519 -15.510648 -1.180370 -0.860833 -9.631852 -7.697500 -2.618519 -1.376389 -2.741667 -1.957315 -1.313889 0.044167 -3.203056 -2.657037 -0.138889 -1.813796 -5.681852 -7.853519 -0.534537 -7.903796 7.858519 20.554352 3.790463 -0.090370 6.062685 3.025741 -6.524907 1.045370 9.959167 -13.292222 -3.884722 0.326111 -11.118426 -4.488426 -0.500000 -1.017593 -4.739537 -0.445741 0.248889 -0.433241 -1.404630 0.755556 -0.158796 0.185093 -4.851667 0.355926 0.186667 -5.605185 -8.588981 3.984259 -2.723426 -1.298148 -8.950185 -8.478426 -3.694259 -1.530463 6.213704 -8.924630 0.893981 -0.918981 -10.917593 -1.612500 1.056111 -0.840278 -6.725833 0.186296 0.120648 -0.475185 -0.437593 1.959815 0.783889 0.742593 -0.013704 6.616296 4.331481 0.049259 -5.821204 4.755926 0.968981 -0.299815 -2.684444 5.837870 4.355463 -2.492037 1.909537 -2.437963 3.280278 0.932778 -9.380093 1.420926 -0.248519 1.033426 -4.987315 6.906574 3.055648 -0.696019 -2.681759 10.550648 3.012037 0.810741 -6.538241 15.780648 9.356759 -1.141944 1.485648 -2.553241 0.210833 0.657130 0.596667 3.730556 0.931204 1.329167 -0.864815 2.713981 1.208519 2.280093 -4.170833 -0.199907 2.388241 -0.052500 -1.140370 -4.008704 -0.969537 -4.713611 0.142222 -11.615463 -1.303704 -0.461204 -11.249259 -3.587593 -4.256296 -0.707778 
10.861759 103.264630 -0.505000 1.289722 563.347500 174.220556 20.243611 63.998148 505.920463 179.895185 -11.290648 171.957222 -793.885556 -71.304352 -75.364259 -40.199537 -242.889444 -182.079444 -85.006667 -36.673333 -12.272778 -75.694630 -33.562870 19.785463 -10.658426 -5.224722 -4.860000 -5.020926 41.535185 76.362870 -27.109444 14.058241 133.948241 -12.788056 -26.020556 24.159259 231.607685 -294.936389 -36.191944 58.571759 -227.118889 80.090370 -51.210185 -16.151481 -131.425741 -184.534259 -97.880370 -9.437407 54.583981 -91.102500 -23.839537 80.519722 16.958889 -48.142500 1.684259 55.187500 28.284907 -90.334630 -0.542130 1.932778 53.691019 99.210648 -32.017500 39.873611 324.116852 -187.732870 -35.768148 52.610278 -258.284074 -121.974167 -54.118519 -28.520833 -157.247222 -16.681759 -26.491667 11.200833 76.136944 48.134074 12.033333 102.389537 -24.339630 -21.052407 -1.405648 -11.840463 254.742963 277.661019 106.213796 26.728519 8.586019 182.341296 -76.088241 35.978704 274.250278 -193.617778 -75.806944 40.216111 -160.915093 -119.471759 -68.150000 -27.856481 -178.518426 14.024259 -6.330000 4.803426 64.367593 81.127778 14.241204 80.220648 -69.811667 -47.097407 -9.398889 -7.752963 291.696574 167.689815 -18.911204 79.074074 -110.256852 88.331574 -66.482037 -26.010463 208.384815 -68.427963 -23.728241 -7.724537 -140.373148 -51.823611 -68.590556 -5.818056 -150.472500 0.920741 -15.952685 -5.865185 157.781296 38.807593 17.798333 46.337037 -84.234815 -6.652593 -23.185185 22.822593 67.032130 215.758148 -14.303241 76.556852 -80.168889 99.534537 18.218796 -75.116481 159.880648 -144.404630 -30.335278 2.501667 -71.602315 -66.909074 -74.300741 18.964537 -91.763981 -1.334537 21.820093 -15.991574 218.630463 0.585093 40.595370 21.802963 -158.031574 -9.382685 -64.827685 18.748056 -23.408796 76.880093 -3.143611 4.686019 -10.562222 23.713889 -5.523241 -20.876389 86.285185 -49.166019 -33.134815 81.346759 -56.104167 102.108981 -6.301759 62.913056 -50.777037 2.166852 94.199352 -76.736944 64.023333 -135.999907 -16.831481 -19.170093 -138.333704 -30.635370 -88.127407 6.962222 
120.660926 1186.469630 106.780000 52.378333 174.220556 1219.332222 108.338333 34.642593 -234.609815 853.152963 172.595741 72.601111 -863.831111 433.735370 102.220741 -5.350926 -62.580000 251.743333 18.167778 5.051111 27.892222 -22.917407 -5.209815 11.022407 -32.014259 41.220556 -7.451111 19.566296 101.246296 346.148704 6.434444 24.607963 53.479074 112.195000 -52.160000 11.148148 174.544630 -258.126111 -77.453889 54.806481 -11.708889 -271.660741 -86.812963 -35.728148 -80.702963 -463.492593 -161.393704 -34.777407 -62.683519 -250.690556 -75.283148 15.498333 -49.075556 122.738333 -15.235185 22.069444 -99.540926 -1258.194074 -103.493519 -43.168889 57.794630 -619.749074 -47.939444 22.280556 358.434074 -501.150926 -13.383704 34.721667 -41.380741 -318.132778 -99.224074 4.252778 -74.938889 -210.774259 -75.250000 2.533889 -18.638333 -17.091481 -25.888889 57.810926 2.730370 214.968148 -3.336481 -35.914630 342.294074 161.563519 92.624630 22.325185 104.335741 -105.634815 -71.811296 33.814815 231.303889 -394.321111 -58.419444 3.375556 -125.407593 -111.850926 -33.333333 -15.459259 -94.354259 -0.247407 -3.103333 3.322037 -41.068519 45.166667 -2.437963 21.118704 14.914444 52.210370 -2.895556 -21.978519 228.522407 195.009259 -51.397593 66.451852 -109.349630 -113.570926 -123.122593 -66.739074 160.000370 -227.628519 -38.021296 -65.867593 -91.209259 -77.680556 -27.801111 -53.025000 -87.587222 0.832963 -2.780185 -9.399630 10.658519 10.785926 16.760000 3.820370 113.882963 -64.854815 11.742593 4.295926 124.459074 200.421481 6.889815 38.055185 -20.864444 81.396481 38.794630 -88.093704 61.419815 -130.268519 -21.288333 -7.743333 -123.139815 2.341481 -44.191852 1.894259 -57.825370 72.736852 35.794259 -14.752407 -49.325370 86.098704 93.192593 4.784074 -47.217963 157.272037 129.003148 -11.393889 96.328704 110.606481 5.756111 39.219074 0.267778 134.527778 24.854259 10.141667 -27.742593 39.816481 12.555185 72.684259 -121.986111 -21.611296 5.479074 44.588333 6.808519 -135.632593 -8.416481 -40.150556 -60.856667 -131.507963 -11.892593 -10.022037 -96.929259 72.325185 15.862593 -6.567778 
11.074907 103.893148 17.648333 1.405833 20.243611 108.338333 33.227500 2.874074 -61.132685 102.529259 48.650648 6.095000 -131.304444 83.617685 43.596481 -0.278241 22.662778 52.505000 24.031111 0.525556 4.668333 -5.480926 0.167315 -2.672130 -12.851574 -8.467500 -1.297778 -8.939074 11.059259 56.132685 24.433889 1.942870 9.261759 -3.938611 19.828333 2.118519 13.188981 -52.921389 -0.538056 6.483796 11.245556 -54.535926 -9.889815 -8.336296 -6.904259 -86.737963 -20.999630 -5.458148 -3.736204 -36.006389 -10.152685 3.193611 -9.026667 -10.080833 -1.395370 -9.454167 -14.731574 -157.183148 -9.168981 -5.237222 10.300093 -111.632870 1.794167 1.620833 41.164259 -67.467130 4.035926 0.449722 -4.273704 -38.652500 -13.998148 1.981944 -3.813889 -34.726019 -11.291667 1.944722 15.547500 1.307037 -2.155556 22.524907 19.237407 38.803519 3.056759 24.187130 17.102593 -28.276574 -0.657130 0.229259 27.737315 -52.614630 -0.647315 3.804630 14.063056 -71.980000 -0.587500 -6.081667 -18.103796 -14.633796 -5.194444 -1.410185 -3.277130 0.440185 -0.365556 2.716574 9.710185 7.877778 2.686574 8.448241 10.562778 23.371852 3.896667 14.760741 6.083426 2.493519 -4.032130 -2.074074 12.477963 -29.232685 -12.505741 -4.952870 5.991852 -48.186481 -7.643981 -5.658796 -16.576852 -13.981944 -1.706111 -7.465278 1.020278 0.985926 1.796019 -0.974815 27.387593 8.073519 10.916111 0.407407 -2.280741 -6.860741 5.557407 -9.521481 0.515648 9.682963 1.697685 1.799815 15.445556 -23.343426 5.616759 -3.502407 12.468241 -33.962037 -4.780278 2.900556 -23.275463 0.451296 -3.034815 -3.000093 1.170648 12.837870 17.549907 -2.615093 17.898426 10.949352 35.576852 -1.382963 -24.939537 6.391574 13.687685 -4.830278 6.431019 1.503241 0.811389 4.576204 16.881111 0.941667 3.791019 8.498611 5.609259 13.080463 3.708148 11.286574 -5.890278 4.922130 10.650648 -17.247500 15.023704 -55.707963 22.013981 -20.664167 8.263333 -68.340093 4.742593 -4.594352 -29.967407 -52.995741 -25.321481 -3.281111 
2.135802 20.110494 0.948148 0.309259 63.998148 34.642593 2.874074 18.946914 28.338272 34.214198 -2.409877 37.072222 -100.283333 -2.754938 -9.265432 -3.495062 -28.438889 -20.216667 -9.538889 -2.272222 -5.214815 -13.923457 -4.293210 0.443827 -4.017284 -4.311111 -0.740741 -2.398765 7.041975 27.972840 -0.888889 0.260494 8.379012 6.333333 -3.474074 2.558025 22.190123 -25.096296 -3.559259 10.524691 -19.011111 17.126543 -6.353086 1.284568 -15.860494 -20.458025 -11.285802 1.000617 -2.675309 -12.079630 -5.232099 9.601852 -8.475926 -13.107407 -1.330864 -3.587037 1.199383 -8.643827 0.933951 -0.768519 -1.539506 19.924691 -3.338889 6.509259 42.071605 -15.483951 -4.974691 10.083333 -17.408642 -20.800000 -5.975309 -2.259259 -16.590741 -4.372840 -4.075926 3.600000 8.587037 16.434568 -0.833333 23.808025 -12.619753 -5.277160 -1.961728 -10.573457 31.903086 30.656790 16.932716 5.986420 -8.570988 30.966049 -5.645679 5.624691 32.987037 -13.312963 -6.814815 9.888889 -10.095062 -14.663580 -6.066667 -2.848765 -21.437654 1.448765 -0.798148 1.748765 12.276543 9.005556 2.632099 15.859877 -12.633333 -12.647531 -1.722222 0.911728 18.288272 24.504321 0.960494 15.023457 -25.656790 24.554938 -4.952469 -2.441975 23.765432 2.259877 -0.145679 -0.519136 -7.893210 -6.109259 -5.438889 -0.964815 -22.427778 -0.378395 -1.884568 -0.910494 14.817901 1.439506 1.562963 7.200617 -13.002469 -6.406173 -5.764198 10.672840 -4.870988 22.145062 -0.484568 6.303086 -13.750000 11.706173 1.775309 -12.174691 20.502469 -15.482716 -4.455556 1.070370 -7.174691 -9.521605 -8.475309 2.987654 -17.682099 -1.422840 -0.629012 -1.929012 12.466049 0.928395 -2.567901 4.247531 -6.579012 2.259877 -14.319753 21.327778 -6.025309 4.413580 -0.218519 -1.608025 -0.966667 -6.533333 -1.169753 -3.887037 11.797531 -8.171605 -5.596914 8.037654 -7.894444 15.911728 -2.019136 8.142593 -10.370988 9.504938 2.669753 -4.825926 0.746296 13.087654 -10.887654 -0.941358 -5.606173 28.084568 3.237654 7.229630 
-32.969228 -264.278457 -59.249815 -18.561759 505.920463 -234.609815 -61.132685 28.338272 2884.470710 -127.151605 -84.525586 292.533889 -719.654444 -422.107932 -352.976975 -48.441512 -1335.215000 -624.039444 -309.891111 -162.018889 -26.411296 -279.224136 -105.625586 61.953488 17.646265 32.546389 -21.184815 64.348580 79.617284 710.657068 -193.138333 24.407377 125.679969 439.153056 -136.408704 30.460494 895.673858 -541.394537 -66.009352 143.784105 -460.854444 207.837531 -55.903395 18.551358 -576.388210 -95.746605 -150.880494 -50.158765 242.402994 -284.357315 -71.801142 159.433426 192.943704 255.396019 7.596605 406.541204 11.555154 243.849568 -139.244599 2.014630 42.642377 568.361883 -141.247500 43.158796 1023.903765 -322.513735 -153.372716 109.730278 -426.459506 -349.310833 -139.239506 -56.139352 -740.967593 39.488488 -81.899074 -14.041389 184.524352 24.655802 24.211111 138.530772 61.984938 180.786235 9.371265 222.296698 430.643951 422.480525 271.601821 34.359506 -191.894475 730.680432 -89.654414 53.785494 736.578796 -278.450370 -198.508796 115.685000 -269.994846 -419.411883 -179.950000 -10.122531 -648.247809 14.058086 -42.689630 -7.623858 78.183642 57.672222 16.846142 84.941142 -237.937222 -285.613951 -13.064444 -242.117654 925.053488 553.361420 91.415710 232.752469 -398.887469 423.354043 -122.781049 -10.913673 505.037531 -28.629691 -54.328858 -16.925772 -276.494753 -124.131019 -188.761667 34.835648 -440.926944 -0.019012 -72.688858 3.363457 350.236358 28.328457 -8.091296 69.073457 216.266173 -164.776790 -51.417284 -95.822099 311.017191 510.615679 -27.453858 290.818951 -269.582222 538.614290 -1.011327 -66.477716 299.324105 -82.045988 -17.983056 -92.908704 -40.359105 -152.082654 -189.720617 50.759475 -230.272253 -74.508735 -62.773858 -7.683302 513.129599 -93.359599 -11.705247 34.352840 421.370031 -137.759969 -70.089784 -15.838611 -25.524228 214.386883 -6.522870 46.887006 -88.491111 244.947222 -33.642006 -36.717130 64.061728 -101.600710 -80.022716 97.423920 -93.320833 116.568735 -114.277438 230.184907 -174.188642 234.931543 41.169228 -3.235463 129.767037 10.880586 106.158025 -4.016883 -27.139012 12.064136 104.890864 13.644815 
72.243086 762.210617 78.527407 32.459630 179.895185 853.152963 102.529259 34.214198 -127.151605 946.662469 161.840988 93.393333 -848.602222 537.303827 157.168765 9.761728 -45.547778 233.445556 62.565556 13.154444 -7.355185 -23.099877 -6.609012 -12.894938 -58.969383 3.321111 -9.141481 -18.993457 41.641358 213.290494 42.204444 10.608395 54.496543 53.530000 33.867407 14.069753 128.114321 -271.358148 -3.022963 33.825309 -38.830000 -242.023210 -52.469136 -43.249012 -55.143951 -454.536420 -137.096420 -37.397284 -92.184691 -258.243704 -89.013457 -13.008519 -107.192963 42.327407 -19.213580 -33.046296 -92.031605 -951.852840 -59.850617 -35.079259 52.905062 -518.024691 -9.641111 14.018519 270.901728 -453.860494 21.321358 15.025556 -87.979136 -297.764444 -72.002469 -13.279630 -32.281481 -206.314938 -76.090741 7.213333 22.065185 34.864321 -30.600000 99.676420 -19.223580 190.079383 0.780617 -34.644321 196.665802 102.873210 46.025062 19.768025 77.339877 -152.501605 -21.275432 9.269753 182.511852 -380.632593 -0.457407 -44.247778 -130.020494 -94.336420 -37.072222 -25.234568 -53.125679 5.307901 -5.465185 8.341235 10.595679 85.850000 3.873457 60.277901 26.030000 141.063086 12.728889 25.387160 135.588395 225.067901 -20.563827 24.304321 -106.228765 -81.573827 -43.206420 -78.912469 87.649012 -256.377654 0.817901 -87.414198 -115.173457 -82.062963 -17.782222 -66.701852 -46.843333 5.736173 5.943457 -10.730617 74.942099 31.967160 55.971481 11.182716 -37.273086 -10.214938 38.869753 -4.881728 103.672099 214.231605 22.784568 5.265802 58.597778 -3.473951 51.779136 -105.590864 98.623086 -238.250617 -19.003333 -49.721481 -180.375309 -27.338395 -37.068025 -50.480988 -41.754568 64.468395 81.691235 -22.362099 -6.680494 78.412716 145.123457 7.059136 -179.635432 103.574568 105.478642 23.735556 87.175309 57.719753 3.854074 30.860247 148.198889 124.816667 13.994198 54.864815 43.808025 238.067160 10.693580 85.729012 -195.100000 187.056049 58.783580 -82.767037 13.058765 -195.159383 69.473580 -85.081852 -85.389630 -196.384321 -32.579012 -13.109753 -154.346049 26.486543 -40.113210 3.527037 
18.532623 157.769691 22.894630 4.554907 -11.290648 172.595741 48.650648 -2.409877 -84.525586 161.840988 128.800340 -2.210556 -184.882222 165.866142 111.537840 1.734414 17.451667 85.732778 46.625556 -1.385556 15.022037 -11.383395 1.228117 -0.881698 -16.650031 -0.803611 -2.618148 1.280062 6.043210 13.881142 37.172778 -0.238920 19.339228 10.314167 33.219074 5.867901 59.522006 -90.066759 17.596204 11.902623 -0.332222 -101.505062 -5.918210 -15.894938 -38.386358 -158.331790 -33.721235 -11.634691 -10.422932 -77.635093 -19.658549 -1.916574 0.849259 27.746019 -3.023765 6.246759 -27.130031 -281.143025 -6.631636 -9.924259 28.362747 -206.569599 -4.730833 4.242130 138.151914 -151.265586 0.836543 3.735833 -28.835432 -81.105278 -32.937654 -2.078241 -39.956481 -64.107809 -25.187963 0.914167 17.418796 -2.462716 -7.500000 27.410401 48.836790 68.504753 6.002747 16.142994 31.703210 12.000895 -2.994475 1.902099 39.481451 -77.821420 -21.513673 8.426235 85.234352 -143.650370 4.374537 -10.231667 -59.113364 -31.313735 -8.194444 0.820062 -35.494105 1.565494 -2.861852 2.839105 14.524383 10.616667 2.136883 8.942994 15.990556 29.410123 4.963333 -20.449136 18.923858 93.085494 -3.741698 7.945062 -5.735617 8.079969 -27.088457 -4.184043 29.617160 -75.755617 -5.693673 -6.299846 -63.646605 -26.253241 -1.289444 -13.225463 -21.182500 0.979136 2.079660 -2.718025 47.090062 10.430309 20.075370 -5.096914 35.597654 -14.367531 14.456790 -32.459136 -5.845772 55.045309 1.247994 2.417099 14.490000 -10.717191 5.914599 -11.207346 48.164846 -63.427469 -9.410833 14.419074 -88.416512 -4.308580 -7.852099 -2.510895 -18.801883 26.144969 30.666883 -6.281451 26.961080 29.764475 75.774383 -5.404568 -0.400340 26.275216 60.378735 -20.416389 20.622068 10.272068 2.060463 1.179599 45.397778 -22.175000 7.459846 1.166204 67.054321 13.751142 2.469877 37.886883 -32.626389 66.298364 21.309599 -31.003981 19.403951 -80.692531 56.678488 -50.824352 22.800370 -144.345340 15.800617 -9.618735 -47.751975 -111.887716 -54.168395 -7.460741 
9.026111 36.176667 -0.641111 -0.028333 171.957222 72.601111 6.095000 37.072222 292.533889 93.393333 -2.210556 190.421111 -415.385556 -44.120556 -45.002222 68.697222 -199.442222 -75.476667 -37.173333 -21.390000 -14.597778 -47.462222 -18.999444 2.935000 -7.861667 -6.703889 -2.493333 3.118889 17.450000 85.155000 -5.678889 11.143889 21.100556 41.449444 -12.440000 6.527778 126.646111 -128.007222 -9.646111 37.169444 -71.707778 -3.685556 -22.172222 17.046667 -76.726667 -53.955556 -41.465556 0.592222 8.326111 -67.137222 -22.070556 25.940556 -37.435556 -25.893889 -3.733333 4.925000 -6.723889 -26.841111 4.341667 0.324444 -6.453889 82.680556 -6.505000 14.636111 156.856667 -59.986111 -18.408889 25.517222 -51.582222 -84.672778 -25.250000 -7.947222 -90.638889 -1.351667 -16.044444 6.193889 23.427222 28.332222 2.433333 57.670556 -43.787778 32.502222 -7.056111 6.057222 83.474444 49.899444 48.266111 16.782222 -38.406111 84.381111 13.131667 13.966667 100.435000 -50.773333 -8.375000 22.352222 -34.512778 -74.297222 -23.950000 -7.211111 -89.671667 4.845556 -3.407778 3.298333 45.988889 23.827778 10.136111 38.146111 -10.503333 -33.606667 -1.698889 -32.667778 56.979444 79.800000 14.243889 38.727778 -75.646667 110.567222 11.230000 -11.157222 57.508889 20.693333 30.097222 -8.908333 -60.988889 -24.886111 -16.215556 0.291667 -69.062778 1.446667 -5.610556 1.142222 89.687778 14.428889 10.562222 29.800000 6.074444 -51.160000 -14.983333 -0.108889 -1.740556 73.437778 -0.086111 19.118889 -41.830000 52.207222 12.318333 -51.165556 45.878333 -54.350000 -2.745000 -9.973333 -34.452778 -30.226667 -29.415556 5.909444 -41.539444 -2.190556 9.615000 -6.382778 46.199444 -8.645000 3.400000 10.417778 19.793889 -14.035000 -41.443889 42.088333 -18.869444 17.025000 -0.845000 0.671667 -3.167778 -12.377778 -6.950556 -6.136111 1.772222 -24.329444 -22.497778 19.297222 -38.341667 19.342778 3.811667 25.717222 -39.006667 -12.432222 5.623889 3.495000 -32.248889 46.072778 -39.361111 -4.076111 4.097778 79.293333 50.518889 16.017778 
-76.220000 -738.585556 -69.260000 -21.967778 -793.885556 -863.831111 -131.304444 -100.283333 -719.654444 -848.602222 -184.882222 -415.385556 2464.462222 -291.335556 -122.904444 -55.388889 398.376667 -48.270000 -40.085556 36.614444 -88.045556 126.708889 45.562222 -34.585556 50.676667 -2.124444 18.602222 -26.278889 -113.355556 -397.434444 -26.541111 -49.951111 -218.693333 -102.823333 -15.257778 -54.705556 -473.230000 672.252222 18.496667 -138.805556 463.873333 191.456667 104.950000 41.493333 250.880000 863.983333 266.196667 50.995556 -49.792222 442.570000 129.997778 -121.246667 65.284444 -0.698889 10.977778 -98.250000 71.457778 1077.356667 92.194444 18.204444 -140.491111 436.627778 54.245556 -73.388889 -758.653333 701.583333 -6.667778 -84.760000 560.646667 470.793333 137.300000 45.755556 266.761111 261.496667 106.038889 -16.301111 -142.701111 -56.780000 -9.822222 -230.103333 17.024444 -246.451111 -9.478889 -76.918889 -424.440000 -258.123333 -187.284444 -45.807778 -106.501111 -85.698889 27.841111 -56.861111 -481.580000 627.853333 64.727778 -36.345556 438.868889 275.805556 122.394444 36.155556 308.534444 -26.170000 5.906667 -10.208889 -117.405556 -156.238889 -34.050000 -138.041111 -38.751111 85.881111 -3.092222 48.820000 -430.913333 -412.527778 -30.928889 -89.772222 195.684444 -52.265556 78.521111 109.357778 -329.715556 343.342222 9.155556 55.644444 336.433333 165.427778 118.518889 39.188889 237.180000 -10.323333 25.140000 15.167778 -389.202222 -113.597778 -71.647778 -77.394444 -141.328889 88.480000 -67.166667 28.593333 -185.014444 -426.502222 -5.383333 -97.762222 43.695556 -53.241111 -92.863333 234.346667 -292.382222 421.983333 41.121111 12.320000 198.266667 88.280000 141.496667 -16.136667 134.904444 -88.497778 -101.097778 38.784444 -414.467778 -102.862222 -250.716667 -32.420000 129.021111 -125.520000 -93.426667 -16.423333 -37.277778 -156.633333 1.298889 -49.990000 -52.935556 -140.444444 -7.801111 -8.105556 -115.583333 1.057778 25.898889 -171.077778 136.083333 -191.070000 -42.693333 -34.148889 72.981111 284.296667 -227.613333 159.040000 -71.747778 588.934444 -15.550000 42.225556 276.212222 254.325556 236.004444 1.335556 
47.242006 402.702901 56.870926 15.243426 -71.304352 433.735370 83.617685 -2.754938 -422.107932 537.303827 165.866142 -44.120556 -291.335556 697.512932 208.553642 12.338735 160.010556 472.842778 151.398889 31.110000 19.145741 32.754136 25.555031 -25.831821 -38.792377 -9.663611 -4.645185 -14.619691 15.082716 75.335710 92.957222 -7.620154 3.010586 7.861944 97.277593 -3.754938 -45.168858 -60.354907 42.326574 -6.247994 30.275556 -162.238642 16.814506 -53.950247 20.097099 -250.181173 -23.793951 -24.425679 -73.580216 -162.987685 -52.854969 -44.689537 -45.772593 29.955648 -16.552160 -64.866204 -51.104599 -558.145123 10.425154 -25.035741 26.190401 -423.764660 26.415833 -3.661574 88.638457 -270.439043 20.384938 -6.128611 58.523951 -228.240833 -45.254938 3.342130 52.206481 -214.671265 -51.617593 -1.265833 21.279537 -34.459136 -29.116667 43.153117 73.462840 109.675988 8.432623 18.502747 62.323827 -29.659969 8.324290 12.703827 78.142809 -191.887099 3.282747 -0.302160 -12.223796 -166.252963 47.500463 -39.711667 -53.537932 0.853549 10.522222 -5.483025 50.327253 2.206358 1.805185 8.268858 5.483025 -8.944444 4.239969 10.674969 66.855000 34.960617 16.334444 45.908765 -60.676265 67.594136 -17.611821 -11.658025 12.441914 -129.491265 -11.045617 -59.130216 8.361358 -206.573642 18.714969 -51.849228 -38.460802 -49.921759 20.015000 -48.843981 44.777500 4.297901 13.757191 -2.903457 -11.145247 8.952654 44.683519 -11.856790 26.101605 -28.880988 43.906173 -24.687901 -17.905525 35.814321 12.862191 -36.634506 88.314444 -90.292623 22.210772 -52.752284 31.399784 -164.081790 -2.146389 -20.883519 -135.388117 -16.330679 6.457284 -59.003364 2.931698 55.775957 62.968858 -15.665031 -84.259043 77.141265 103.794136 -12.077284 -28.749475 91.999414 118.497006 21.014722 19.321451 -28.761883 0.521204 13.594660 130.882222 20.480556 4.501451 40.197685 90.960494 182.512377 14.407160 58.906636 -130.976389 226.831821 55.767994 -132.899907 2.979753 -111.822654 67.741327 -122.779537 -80.458148 -130.067809 -48.546914 -14.667006 -60.045432 2.543642 -37.278642 -5.863704 
5.411790 84.528025 18.986296 1.570185 -75.364259 102.220741 43.596481 -9.265432 -352.976975 157.168765 111.537840 -45.002222 -122.904444 208.553642 233.407284 -17.861420 201.165556 146.602222 167.081111 11.597778 18.397037 14.730494 16.004506 -11.630309 -29.684753 -6.455000 -1.812593 -7.278272 -14.990123 -77.000802 74.803333 -10.090309 9.532284 -41.887222 73.560741 0.562346 -26.476605 -51.826481 50.203148 -6.668210 40.390000 -141.605062 47.384568 -31.178272 2.483086 -210.812346 5.806543 -17.995802 -37.038210 -65.086481 -13.893272 -25.562407 -38.406296 14.505741 -1.482099 -18.176852 -21.409198 -214.579136 17.839198 -7.693704 27.953025 -265.757099 18.665000 -3.367593 49.076914 -146.750309 37.180988 -16.318333 -28.374321 -75.731667 -12.970988 -2.226852 16.057407 -84.303642 -20.712963 0.573889 10.220185 6.115062 -7.338889 15.228457 19.992346 41.663086 9.781914 13.066605 -40.730123 -49.058827 -27.940309 -2.475679 60.041173 -126.724198 7.615494 0.462346 4.574630 -105.044815 32.706481 -25.701111 -60.636975 9.934877 6.800000 -1.621605 11.260062 3.018272 1.849259 2.009938 23.132716 20.944444 4.291049 11.672160 38.537778 15.849012 14.818889 9.945309 -66.119198 41.171605 7.181914 -33.316049 19.656049 -43.015864 4.730988 -8.588210 -15.732840 -74.330617 5.746605 -5.542901 -44.310494 -12.821296 12.007778 -22.843519 2.282778 3.118025 11.142160 -5.251358 28.131728 16.816420 38.394815 -4.108025 27.364321 6.710247 50.484568 -17.414691 -19.205494 2.656420 12.713272 -29.702346 47.378889 -83.651914 19.138210 -26.826790 48.405123 -76.485802 -1.909444 14.421852 -101.859568 11.455309 10.503457 -11.595617 -19.153272 51.707469 75.359938 -9.402284 -24.073642 64.926975 138.210494 -10.576790 -68.210062 47.171049 85.555123 -23.948333 33.915123 -0.612654 5.047963 1.511543 77.214444 -50.322222 16.702901 13.750926 102.593210 64.263642 11.586543 33.396605 -30.152778 129.824753 71.891543 -106.294259 19.320617 -184.017531 139.377099 -93.497963 -7.544074 -283.468951 0.750617 -15.184012 -116.046420 -214.801605 -149.396173 -15.977407 
1.995216 -6.720679 1.976852 -0.477315 -40.199537 -5.350926 -0.278241 -3.495062 -48.441512 9.761728 1.734414 68.697222 -55.388889 12.338735 -17.861420 149.608488 -56.752778 42.202778 -9.105556 26.144444 -12.582407 17.422531 -1.698920 -7.066512 1.530710 3.915278 1.874074 5.805247 -5.193827 5.947068 19.869444 4.558488 -12.037809 20.498611 11.615741 -1.478395 -39.968364 28.586574 7.660648 -2.282562 16.905556 -70.830247 -9.270062 20.241358 27.637346 16.120062 4.545062 8.967901 -2.204784 -21.382870 -8.182253 -6.136574 -14.590741 -18.460648 -4.297840 -17.097685 -14.169290 -31.801543 18.488735 0.365741 -11.944290 -36.877006 14.868056 -5.868981 -71.726235 -6.685957 1.122840 -7.120833 88.616049 -28.559722 1.138272 12.227315 41.771296 -21.058179 -1.449074 -0.268056 -10.085648 -15.125309 -5.600000 4.984105 6.343827 25.131790 -5.672068 50.904475 -44.399383 -80.823920 -22.447068 -3.299383 -13.015586 -61.087346 49.060031 -7.553395 -69.391204 22.318519 46.607870 -11.841667 39.147377 3.332562 19.183333 7.755247 49.356636 0.383642 3.975926 4.073920 3.361420 -9.272222 0.973920 -10.262191 41.069444 13.399383 3.305556 15.890123 -54.794290 -27.477469 8.755710 -18.947531 43.766975 0.947377 38.236728 -10.488117 -52.863580 9.955864 43.071142 -18.203549 2.455247 -4.931019 22.380556 -1.636574 56.809722 1.409877 4.304475 5.873457 13.277469 -0.518210 3.306481 0.190123 15.639506 -24.373457 -14.111728 -11.737654 18.648302 -20.893210 1.196142 -19.313272 32.811111 -21.789043 1.252006 -2.479938 -55.227006 -11.151543 13.240278 -13.239815 -6.236883 2.604012 9.110494 -12.676080 48.417747 -4.988735 5.257253 1.637809 -34.080401 -10.380710 -15.616358 0.639506 32.071142 -16.751080 -31.796451 29.951389 7.470216 0.659105 -0.266204 3.732562 11.283333 11.141667 -2.918673 17.632870 -53.460494 32.558179 -3.260494 -7.892747 -13.437500 -55.739043 22.260340 -22.599537 21.224691 -80.609568 -19.856327 31.613426 -40.657407 50.479475 -36.180864 6.263117 50.504321 75.316358 51.130864 9.531481 
-1.493889 -45.875556 14.426667 2.587222 -242.889444 -62.580000 22.662778 -28.438889 -1335.215000 -45.547778 17.451667 -199.442222 398.376667 160.010556 201.165556 -56.752778 948.223333 225.158889 193.930000 68.630000 26.362222 110.080000 45.507222 -24.967222 -22.040556 -24.622778 6.870000 -47.804444 -59.883333 -499.646111 86.552222 -12.601667 -31.753889 -320.212778 79.396667 -10.294444 -453.189444 200.572778 45.922778 -72.463889 170.915556 -73.967778 56.694444 -21.410000 352.614444 40.250000 90.958889 25.521111 -91.549444 219.749444 52.049444 -71.828333 -80.484444 -135.953889 3.616667 -183.058333 7.139444 5.804444 73.480556 15.901111 -6.372778 -257.797222 89.035000 -22.858333 -534.130000 196.069444 85.106667 -72.153889 48.625556 235.753889 76.422222 16.063889 410.422222 10.983889 60.555556 7.192778 -68.301667 0.563333 4.827778 -84.043889 -55.135556 -162.621111 7.837222 -122.033889 -301.243333 -166.890556 -120.835000 -15.075556 105.259444 -356.278889 49.217222 -29.000000 -398.439444 140.496667 88.569444 -67.132222 49.722778 241.363889 76.977778 7.666667 362.040556 -2.452222 25.510000 8.517222 0.505556 -26.338889 -2.513889 -31.189444 136.045556 146.146667 14.770000 190.330000 -551.361667 -344.750000 -33.135000 -134.700000 223.837778 -253.176111 79.517778 25.700556 -268.167778 11.785556 22.036111 42.897222 91.327778 83.047222 78.775556 -2.880556 254.656111 3.023333 44.473889 3.026667 -131.036667 -10.396667 13.170000 -29.455556 -177.910000 99.281111 13.538889 79.778889 -233.188333 -312.836667 11.213889 -138.232222 117.815556 -333.017222 -0.728333 58.564444 -157.976111 48.555556 0.303889 61.824444 -4.125000 105.642222 98.208889 -18.871667 155.620556 44.461667 54.517222 9.029444 -197.323889 48.465000 7.944444 -18.468889 -393.679444 56.367222 -12.653889 -33.423889 -52.236111 -157.719444 -2.746111 -31.673889 37.607778 -170.988889 0.359444 25.958333 -33.238889 43.922778 28.740000 -47.752778 63.330556 -10.338333 57.096111 -180.620556 122.535556 -168.052222 10.427222 -10.848333 -3.785556 -115.665000 -40.861111 6.038333 -91.440000 -126.042222 -161.448889 -23.141111 
14.640556 200.123333 56.691111 0.033889 -182.079444 251.743333 52.505000 -20.216667 -624.039444 233.445556 85.732778 -75.476667 -48.270000 472.842778 146.602222 42.202778 225.158889 973.343333 242.984444 56.828889 141.347778 359.901111 110.949444 -21.796111 -75.666111 -59.551667 5.887778 -63.818889 -16.772222 96.811667 97.078889 2.033889 -47.200556 51.589444 80.551111 -14.344444 -248.035000 183.757222 4.162778 -31.225000 93.630000 50.930000 22.916667 -25.835556 133.532222 200.533333 111.598889 -15.586667 -57.987222 55.631667 20.509444 -69.068333 -168.814444 -129.106111 -7.005556 -184.780556 -63.948333 -426.470000 -4.519444 -16.518889 2.426111 -308.113889 50.960556 -16.941667 -230.506667 -30.541667 40.764444 -9.417222 236.437778 -26.349444 -9.255556 37.419444 231.894444 -163.681667 -18.416667 1.522778 -44.705000 -64.865556 -18.066667 5.673889 2.160000 74.214444 1.950556 21.170556 -31.218889 -207.249444 2.189444 -14.054444 130.478333 -143.164444 84.790556 -13.088889 -231.301667 42.128889 74.775000 -6.907778 96.451667 103.275000 47.355556 32.933333 234.099444 6.587778 14.752222 17.451667 -35.022222 -8.800000 -11.619444 10.165000 104.386667 108.278889 -5.878889 189.978889 -44.568333 -105.394444 6.189444 -55.566667 185.874444 -255.917222 6.142222 -42.515000 -111.586667 -170.765556 6.436111 -19.508333 96.944444 -12.791667 72.132222 -16.875000 184.562778 3.014444 20.932778 10.718889 -126.743333 -1.512222 -25.851111 -4.350000 -11.868889 -18.506667 15.400000 30.197778 17.679444 -38.532222 9.702778 -42.313333 101.174444 -83.323889 10.070556 -9.117778 -110.272778 2.644444 29.339444 4.834444 34.441667 30.504444 59.104444 -29.109444 95.333889 11.157222 -11.465000 -0.395000 -196.727222 27.217222 -37.266667 -14.984444 2.433889 111.901667 107.505000 4.567222 9.152778 -19.930556 -2.271667 2.589444 8.001111 57.966667 6.122778 -6.002778 -71.044444 80.901667 22.136667 -53.547222 42.125000 -6.787222 -24.295000 -74.350556 27.545556 -6.428889 -87.668333 21.971667 -120.267778 170.249444 -40.066667 -2.812778 107.268889 265.456667 147.636667 -11.967778 
-4.526667 2.910000 11.231111 -0.858889 -85.006667 18.167778 24.031111 -9.538889 -309.891111 62.565556 46.625556 -37.173333 -40.085556 151.398889 167.081111 -9.105556 193.930000 242.984444 237.982222 10.432222 39.918889 73.060000 54.947778 -10.795556 -38.303333 -21.528889 -0.371111 -25.147778 -23.277778 -47.503333 71.437778 -5.425556 -7.668889 -22.214444 67.815556 -0.694444 -78.240000 35.973333 51.323333 -4.650000 48.558889 -50.891111 70.316667 -15.620000 16.828889 -88.188889 68.095556 -14.791111 -29.371111 -25.390000 7.482222 -19.790000 -56.902222 -18.535556 -1.394444 -32.850000 -17.115556 -77.041111 26.633333 0.030000 13.798889 -136.677778 29.297778 -6.761111 -58.054444 -11.238889 42.846667 -16.802222 13.190000 -25.503333 4.488889 4.777778 37.000000 -77.354444 -12.022222 -0.036667 -4.492222 -7.356667 -4.538889 11.390000 22.634444 53.885556 4.030000 57.576667 -62.175556 -119.825556 -30.014444 -7.284444 87.818889 -96.013333 34.728889 -9.805556 -66.045556 -7.056667 35.627778 -14.781111 -20.854444 33.483333 16.455556 11.388889 32.770000 1.251111 3.714444 5.495556 2.255556 12.194444 0.405556 12.271111 1.874444 -8.240000 8.245556 23.982222 -89.367778 -75.383333 2.330000 -29.883333 106.492222 -123.868889 17.768889 -13.465556 -28.985556 -66.006667 16.061111 1.900000 14.577778 0.088889 23.745556 -1.527778 29.806667 2.596667 11.286667 1.058889 -4.406667 8.290000 15.640000 3.016667 13.852222 -16.215556 47.794444 -4.131111 -56.187778 -65.078889 3.833333 -21.053333 59.325556 -78.490000 13.893333 -2.282222 -3.752222 -28.283333 18.724444 7.404444 -16.011111 19.962222 19.851111 -4.682222 15.557778 31.278889 43.684444 -1.041111 -39.503333 41.718889 57.072222 -6.187778 26.035556 43.901111 77.203333 -4.753333 -14.938889 -54.727778 -1.003333 -7.725556 29.626667 -42.011111 2.930000 19.194444 -7.733333 39.973333 6.985556 -7.772222 12.477778 25.167778 40.525556 -79.624444 16.604444 -120.471111 63.126667 -31.168889 -20.532222 -113.285556 2.116667 -10.467778 -7.735556 -80.334444 -95.775556 -11.454444 
