3882.336598 989.676972 93.251913 580.100500 394.026375 -23.207479 -36.415519 95.328895 -626.144628 -116.892205 -17.593664 -100.985053 59.076931 173.382308 -87.486175 10.956229 -885.410723 153.442251 -254.534282 -28.091572 -376.814713 -43.403479 -75.427609 -32.984848 -74.591776 -65.180084 -2.827977 -24.978268 1744.683859 126.345679 32.053464 297.630191 -145.303387 262.146465 54.524538 112.353433 -669.541271 292.131568 163.012448 -108.854658 49.127181 173.859351 -31.994439 31.371850 -175.847158 425.646924 -226.270023 77.296296 -57.556066 -79.797521 -36.191562 129.382308 -118.387460 -167.221253 17.882614 -90.044026 782.802826 198.500051 17.614988 75.247220 38.891644 397.887614 15.878176 94.263391 -89.171003 307.581879 136.014539 -51.010662 267.475105 -108.391797 -208.878482 -14.969850 -173.677737 -148.670748 -208.370932 51.186614 152.900520 -192.625395 -7.162585 172.094990 -299.710846 -85.843689 20.470819 -119.094735 621.754770 468.084022 -146.188246 17.544842 257.690440 111.442404 -315.603204 174.407509 242.650291 0.516682 -20.180900 12.692939 304.980971 -108.187889 -201.387460 -55.464902 9.583563 135.096521 -29.544842 6.071268 174.177125 250.136109 35.417457 141.610703 -496.623712 76.117794 -30.216458 76.203653 788.419804 315.519284 -467.437812 19.992756 59.976125 181.830119 -282.973574 183.173860 92.353790 89.930007 -151.276349 101.229875 300.640955 -55.563208 -95.366238 -34.921590 419.931946 98.659882 17.768646 47.527599 261.526018 173.117488 4.653148 63.946995 -279.251403 185.680543 -70.789766 123.083308 440.164320 43.009234 -339.295837 -9.078614 -36.382512 -21.316447 -256.660137 66.564789 273.562545 9.573309 -101.593052 86.387614 146.352362 42.966228 -30.007805 81.499745 68.332058 141.324406 -103.405061 149.811652 -86.695694 252.969136 -31.155137 19.818437 -198.973523 149.690899 0.902816 43.715182 43.749515 217.476380 -230.776706 -132.407050 83.527242 438.489950 -178.929242 57.481481 332.549128 206.963371 115.837568 90.862055 242.398939 238.025304 14.485359 133.287828 -225.856341 69.908683 -75.188552 -81.436894 -317.056525 -81.130854 -232.572442 -112.770738 -213.986379 -289.800020 -187.757678 -16.370013 
989.676972 663.660366 28.511325 270.173579 -494.394501 -12.585884 -34.201791 -14.622436 -142.205693 -62.322493 -1.620753 -31.231073 363.667687 39.909627 -28.765866 30.552189 -247.275355 -32.984670 -96.560223 -21.366519 -142.155086 -67.017957 -26.745791 -43.429293 -17.266784 -19.499260 -1.285966 -16.955081 689.984976 172.314534 5.561422 237.369248 -305.930262 109.010101 -13.408504 61.221585 -218.221329 -34.391083 15.002041 -38.113075 97.326446 -0.173248 -41.125599 17.663708 -47.246761 148.279385 -81.686384 16.271044 -53.399653 -49.316575 -14.557112 -29.815121 -52.160264 -23.434599 3.063055 -94.771375 337.574482 58.163198 -89.465667 92.678961 -23.189853 152.518544 -70.109887 76.715641 -78.058667 99.000383 57.892639 -28.067901 44.814101 3.371977 -59.457683 1.525559 -63.494694 70.588129 -68.491302 44.512295 40.784818 14.845067 -1.047725 90.452275 -139.288746 14.057749 1.332772 -107.855984 139.640292 74.384986 -214.300275 7.695669 93.683935 54.325630 -103.742246 27.511580 -3.712198 -4.588919 -22.754362 -20.789078 131.533849 -28.976074 -109.311779 -12.947301 14.474288 21.471942 -27.880012 3.264871 81.652484 45.136032 21.398250 52.714621 -241.526987 48.131415 -9.013213 16.298082 54.986149 104.261938 -183.844914 -3.214468 57.416437 109.713499 -58.208576 54.589149 -21.636032 56.459009 -48.920365 29.671564 74.152433 -6.537726 -31.179140 -8.710693 91.226176 -1.025992 -5.871467 6.888404 86.521197 -9.845245 29.272829 -3.592644 -154.058642 23.513494 -39.457504 50.466381 -0.199010 -2.953653 -78.514386 -59.166845 32.735563 19.270942 -86.279895 42.084226 19.294944 -5.555709 -16.225513 21.965514 -72.718192 13.233369 12.278237 -10.682150 -56.794587 32.745970 -22.935670 16.736966 5.420850 66.598765 18.978625 5.050837 -79.833257 52.220896 -6.939470 45.377717 5.644067 -36.232221 -76.795072 -134.300378 69.291475 51.079864 -71.493368 47.390572 70.522957 18.692786 55.088333 9.801984 -43.062188 13.107642 12.758239 -1.607642 -112.306678 -65.654066 -15.951178 -45.531094 -90.257321 -132.109504 -60.129528 -24.415595 -153.658555 -91.419319 -67.899628 -34.091623 
93.251913 28.511325 19.400367 17.971687 6.350168 -7.987297 8.133150 0.342057 -33.211203 -1.742118 -1.642792 -4.228497 11.845424 9.945363 -3.124120 1.040404 -0.939088 -4.523263 -9.311754 -0.852464 -10.964034 -19.430976 -3.565657 -5.267677 -4.146618 -7.327977 -0.316345 -4.829201 51.229415 1.437710 3.431895 8.412458 -1.189011 9.727273 4.389654 2.782216 -29.080961 25.930823 7.923171 -3.698653 0.662075 17.757117 -3.380777 3.276553 7.119069 13.265381 -12.190848 8.368687 -4.523263 -15.184114 -4.624120 10.334252 -18.910621 -17.372972 -1.497245 -16.031833 19.781604 4.060912 4.609122 2.225742 2.915519 12.270125 4.082185 2.782369 6.499235 16.971074 4.662994 -0.957912 25.754668 3.563361 -11.321396 0.978880 8.539639 2.834099 -8.250842 4.660086 5.610193 -2.333180 -2.278543 24.923477 -40.780227 -5.466177 -1.493266 0.891185 30.553872 13.019284 -1.735537 -0.796602 10.486073 3.457453 -10.099021 9.899602 4.073462 3.337466 -6.519743 6.465718 22.153505 -1.915213 -3.794460 -2.385369 8.137741 1.018519 -0.319559 -0.082492 7.724365 2.816651 -0.783134 6.351087 -24.999847 3.590603 -3.076523 9.353229 30.968320 8.928834 -19.546067 5.158555 -3.617998 2.965565 -13.755586 10.033058 -2.326752 3.085093 -9.264157 10.980257 20.461892 -0.157025 -1.096419 -2.388124 13.298745 11.747169 -3.559841 0.832262 3.524793 14.917049 -3.909397 1.343587 -4.033670 0.876186 -7.465871 1.525099 -8.246403 -3.601163 -21.739669 9.220233 -2.315274 1.793235 -19.773952 4.247322 8.415672 0.722681 -2.336088 3.103459 7.599021 5.797368 1.402663 2.175237 10.830732 14.113101 -10.344506 7.354760 3.502602 22.764310 -5.057086 3.198500 -9.224977 6.832262 -2.780073 11.286042 -33.745332 -32.030609 -16.862259 3.486991 2.905877 21.550811 -15.711815 11.914141 13.814968 21.073156 11.010254 1.283440 7.060300 18.121518 3.285889 5.353229 -4.537037 -4.300429 -7.186869 -0.050658 -2.566422 3.250230 -8.909397 1.547291 3.798898 -7.790021 -5.722834 7.875880 
580.100500 270.173579 17.971687 322.021860 -269.405163 -50.708270 -14.974059 61.987909 -107.278696 -39.338971 1.718549 -18.567519 249.825732 23.747398 -16.566396 16.740741 -151.340654 -21.461305 -64.431512 -2.180925 -93.243598 -50.020763 -18.173401 -14.106061 -16.417636 -19.227859 -0.849480 -9.212045 275.819126 45.752806 0.730283 209.324355 -165.409193 57.520202 2.598281 125.065988 -143.740868 34.119120 30.419141 -14.324635 52.024793 41.382614 -38.079941 13.881135 -38.628048 80.620983 -62.643888 24.370370 -13.293797 -62.717401 -8.371110 -3.270279 -38.133430 -61.779665 -0.299051 -69.694036 78.808744 18.448067 -14.709570 45.532395 -4.014004 67.007933 -14.624273 68.397766 -23.676564 66.588690 19.666131 -3.868126 61.939496 15.619299 -64.197964 2.726507 -29.619325 44.924880 -52.081089 27.699061 67.123814 9.122181 -2.076395 50.287241 -111.833690 -40.467605 0.943322 -85.342363 57.730079 38.594353 -26.961433 -2.217707 56.619707 37.915723 -22.617871 43.286705 39.764080 -5.310530 -28.353994 28.468906 91.727247 -11.446179 -61.128380 -7.154474 14.165289 43.145903 -12.875727 1.570146 94.318284 47.555122 15.222809 27.016478 -192.318896 4.812876 -1.141210 7.767422 78.409627 18.957530 -63.943271 -1.383022 25.390725 10.236455 -16.636389 18.114249 22.460030 31.825962 -39.141006 36.457453 105.113866 7.777395 -30.182201 8.723702 118.741378 77.662203 1.339022 14.502474 78.617463 33.561346 -2.959851 15.075043 -143.584456 -6.678936 -32.144118 53.687583 -22.560555 -8.877232 -41.832721 3.824941 -35.287139 0.885777 -23.796475 23.236404 32.524003 3.709979 -1.553642 11.995307 50.189419 33.473396 0.380165 34.509667 4.093791 76.070682 -23.324967 35.172737 -32.113993 58.025814 -6.378380 6.944878 -85.178222 19.872003 -19.599556 76.732476 -70.536935 -110.136619 -35.545148 -44.122794 -33.623890 -0.857489 -22.097388 41.745791 21.664830 6.641771 33.500128 14.632665 48.865065 22.372309 7.707938 20.178196 -106.863356 21.991225 -20.811448 -1.532114 -104.109224 -80.863866 -34.284767 -31.553183 -114.947046 -122.415085 -50.681487 38.289664 
394.026375 -494.394501 6.350168 -269.405163 4169.519641 416.410213 119.686869 277.149832 780.176768 86.694725 -3.121212 76.071268 -1686.797419 -92.629630 -27.079686 -118.796296 -173.763187 44.098204 91.897306 -74.014590 42.237935 133.002245 22.158249 23.828283 -4.514029 76.669473 7.097643 55.159933 -753.025814 -461.789001 2.140853 -549.009540 1633.901235 -299.762626 -3.167228 -112.411336 451.142536 251.505612 -64.589787 68.480359 -221.479798 74.390572 58.238496 -24.991021 209.766554 -163.005051 98.817059 -40.163300 -81.996072 266.914141 2.815937 -132.437710 82.172840 118.723345 11.089226 216.445567 -684.075196 -87.948373 258.741863 -341.924804 298.994949 -251.179574 187.895623 -182.664983 211.141975 77.109428 -121.417508 76.815937 114.709877 126.506734 83.809764 4.749158 248.276655 -70.700898 99.324355 -56.035915 -303.006734 72.943322 -14.561728 -132.223345 168.634119 31.837823 19.408530 330.385522 -104.723345 222.565657 572.762626 -74.932660 -20.123457 26.409652 82.482043 -1.807520 118.412458 33.023569 -105.979798 94.088103 85.313692 12.255331 151.581930 -30.010662 173.393939 -28.881594 83.074074 -18.618967 -319.280022 43.974186 -21.300786 19.965769 449.429854 16.742985 39.950056 98.707632 465.447811 18.328283 99.297419 -56.366442 -197.919192 -153.005051 -97.746914 -107.710438 26.505612 -56.231762 -40.024130 16.143098 143.212121 -29.547138 26.902357 10.507856 138.942200 -237.078563 26.289001 -32.655443 -40.644781 125.988777 2.904602 46.929854 409.994388 197.992144 198.493827 -40.945006 307.539282 201.965769 -139.023569 134.725028 -332.783951 42.033109 44.673962 -75.094837 105.805275 104.168350 89.164983 25.118406 217.883277 -36.278339 -57.005051 99.130752 158.315376 -197.509540 -81.926487 54.134119 78.371493 -2.133558 -14.791807 75.525814 165.875421 35.528058 173.548822 -191.099327 -371.349046 54.631874 -113.819865 279.443883 -158.754209 215.546577 25.036476 -48.230640 70.964646 96.209315 38.790123 46.399551 56.857464 65.652637 -21.291807 13.337262 101.145342 -212.867565 -92.986532 2.262065 66.594837 174.747475 -50.775533 117.316498 195.072391 -80.277217 145.992705 12.698092 
-23.207479 -12.585884 -7.987297 -50.708270 416.410213 207.931869 1.072773 49.174166 106.174013 61.445490 -0.904959 26.878813 -104.340424 -5.675314 19.660519 -0.473064 65.805760 9.189037 28.749235 -1.638175 40.896031 20.975309 5.168350 15.616162 8.566396 8.824278 0.927992 12.710667 -135.225003 -65.035634 2.766044 -98.864759 195.436282 -32.358586 -15.008749 -7.637614 79.091649 -14.500663 -41.120243 31.779181 21.569330 -65.380777 -28.248801 -1.084991 38.735945 -79.465335 -4.720666 -10.451178 -21.483522 31.443756 1.030890 -27.097031 13.711943 36.253035 -2.065504 44.095781 -106.179267 -35.376900 21.906081 -66.660953 37.468090 -83.155775 -22.861035 -31.547444 -2.544281 -72.276018 -74.004974 14.605499 -20.178706 -28.726278 -13.470998 -2.182430 23.671207 -3.996965 9.025533 -9.489236 -57.014080 30.658351 -3.578793 -9.048490 25.294664 29.202683 0.268799 73.045301 -37.805836 -20.812902 2.555096 -21.030227 -29.329992 -16.686614 8.517320 -26.816090 -74.961968 -4.216100 -25.839761 -4.217299 -7.630828 -9.391287 -13.424421 2.864300 32.743343 -19.196409 -3.734925 -2.959035 -49.724161 6.457734 -0.177813 -11.888838 59.599429 5.555351 1.258749 7.403836 -33.651592 2.034206 -1.593001 -15.121569 -9.539945 -1.260331 18.222707 -34.367692 -57.493087 -16.324584 -4.538057 -24.514845 -15.648301 -11.634144 -13.204852 8.678961 5.055224 -70.788925 -10.663631 -6.814687 -2.216636 -29.301933 -1.601214 -25.284410 67.675365 -32.524462 4.955413 -29.346903 -4.773697 20.177507 20.367156 -7.375906 -1.791832 15.170238 35.617871 -8.809866 -36.491404 0.071013 37.327288 -11.178502 -54.346444 -8.403607 -8.314050 8.836522 -14.549714 -61.292445 -11.133711 8.379604 7.559815 -26.040965 -2.694623 7.501862 33.573079 -26.381186 17.527931 -48.709979 18.944189 45.828079 1.266912 6.186614 16.389272 -13.283466 20.269564 -14.488215 -18.904500 -34.319916 -1.436767 -7.636797 -70.724110 -39.841547 -2.930619 -21.062494 6.631033 -71.388838 -9.395623 -14.061550 -9.975258 6.145776 -23.427813 31.717554 -10.248546 58.174498 32.079558 -28.882410 
-36.415519 -34.201791 8.133150 -14.974059 119.686869 1.072773 32.622819 -1.885675 71.009642 12.308770 14.472911 3.211892 -45.749311 3.279844 2.969467 -6.106061 16.419881 8.399679 6.337695 -4.978650 2.309458 -1.090909 -0.101010 1.919192 -1.799587 -2.014463 -0.185262 3.816116 -37.934573 -19.669192 0.676309 -23.949495 62.704775 -13.085859 9.593893 -16.084711 26.574151 18.844353 7.031680 -0.376263 -0.992654 10.740129 4.466483 0.598255 11.260331 -2.953398 3.036501 1.040404 -1.314968 -1.589761 -1.030533 5.151056 1.117769 -9.176309 -0.162994 0.789486 -22.881543 -3.087695 15.764463 -15.016070 19.706382 -11.683884 9.501837 -14.315427 16.878329 4.862948 -3.424931 -1.944444 19.017447 4.425390 2.910698 1.490358 12.292470 -2.168733 0.290404 -1.470615 -5.767218 0.302112 -2.341368 3.067723 -2.571166 -1.505969 -1.141414 10.541781 15.505051 11.134298 20.559688 -2.212810 19.343664 -5.376033 -4.726584 0.809458 15.445592 1.146924 -4.063361 -3.342287 19.652204 0.784206 6.617769 -1.935262 7.779614 1.242424 5.316345 0.237374 -13.578512 4.961203 0.458907 2.499541 5.261708 0.451331 4.353076 6.385675 39.061295 -6.388659 -2.556933 0.962810 19.687787 -12.419651 -11.140725 5.289027 3.963039 -6.260560 -1.632231 3.078053 16.420569 0.565886 10.212351 -5.863177 10.790863 6.388200 9.755510 0.609963 -6.833104 17.166896 -4.750689 10.175849 4.219697 1.058540 7.845730 1.213039 9.185491 -3.860193 -7.112489 11.514463 2.606290 -5.693756 -11.560836 1.596878 4.836777 -2.770432 -3.991047 2.045914 17.057392 -4.271579 3.750689 -1.952938 8.139348 -1.413453 -6.064279 10.361341 0.587925 -1.464646 -6.910009 5.851928 9.180670 -1.508724 -0.200872 5.571625 -16.886593 -7.745638 -4.902204 24.936639 -5.149908 15.753214 3.230487 1.797980 -10.920110 21.843893 5.966253 6.195822 7.001837 14.200184 1.163453 5.724059 -20.492424 -0.788338 0.636364 8.902433 -18.136823 -2.281680 11.330119 6.895546 13.408632 -14.732094 -1.801882 7.785124 
95.328895 -14.622436 0.342057 61.987909 277.149832 49.174166 -1.885675 157.269054 -21.894858 -5.692225 -2.301653 36.369911 -115.229262 -1.546373 -0.067799 0.318182 0.782522 1.179829 -2.627640 9.503979 26.696358 4.148148 -2.444444 10.717172 -3.100857 -0.944751 0.548669 4.066575 -101.385981 -58.457912 -1.189470 -24.851852 121.330425 -31.419192 -6.914907 77.071319 9.111264 8.503520 -5.554484 39.218855 -33.697429 1.106520 -16.710132 -0.529079 30.694062 -57.876492 -12.768748 1.368687 -12.698959 -17.058310 -0.623355 -29.359504 -5.240894 -11.505816 -2.649219 2.158096 -119.382614 -21.601316 32.875727 -46.670187 -12.435721 -41.664065 14.119835 -3.322773 -7.039639 -20.885216 -42.405418 19.629630 -32.981941 -1.856290 -15.567493 -2.246556 26.707836 18.120447 12.513468 3.592440 -33.701102 42.085706 -0.539639 8.758341 -43.068258 -6.786348 1.755892 27.371442 -51.452862 3.293848 81.892103 -15.784206 -44.779002 13.163759 39.513162 -5.621824 -44.462351 -2.352617 -29.343893 21.387818 -15.299969 1.182890 -6.649985 3.415672 34.533976 -1.887205 5.950872 0.456229 -2.779920 5.951025 4.515458 12.234772 -13.469850 3.611417 1.985614 31.126569 6.758953 -7.736915 37.561218 -8.224212 -55.240588 -27.970615 28.578818 -26.942149 -32.925773 -4.251760 8.127793 7.605601 31.618916 6.798439 -6.949036 16.489134 51.367922 11.773033 -5.813897 1.920263 21.086318 20.724365 -5.272421 3.009948 31.786195 -0.169115 -9.554331 -12.641261 -5.718243 21.838537 1.653811 16.441384 -63.644322 5.247169 41.733548 -11.378635 -14.360116 13.560147 37.967401 -4.315580 36.754515 10.409703 -6.741047 17.087389 42.482400 -1.042394 -14.872666 16.640190 -18.219773 16.089226 -10.548975 30.018672 -2.264922 -14.594888 0.608356 -19.205234 -12.168809 -30.625957 4.033976 14.467554 -36.769513 -35.363942 17.792623 -7.621212 -24.794766 -39.133762 2.050352 -11.293541 -34.131007 -19.368993 -0.205081 -17.984542 -24.589226 -24.194521 -12.641414 10.500153 -35.211356 2.441690 -34.529997 19.179982 35.387971 -15.331191 14.980410 38.103918 
-626.144628 -142.205693 -33.211203 -107.278696 780.176768 106.174013 71.009642 -21.894858 2070.714417 209.605142 116.721304 104.948118 -129.011019 67.376033 -62.925620 -20.318182 -1133.505969 73.660698 13.339302 -150.786042 55.346648 194.398990 102.095960 -9.055556 143.651974 127.286961 8.373278 72.760331 -467.238751 51.984848 -23.048209 -24.979798 14.031680 -164.510101 -42.461892 -128.513315 1066.773186 -314.327824 -126.607897 40.353535 10.826905 -94.407713 -101.191001 -18.253903 -230.453168 -55.861800 142.895776 -100.439394 112.084940 15.148301 57.943067 -217.467401 289.110652 101.608815 -8.190083 4.544995 -199.567034 51.054637 -75.736455 31.570248 -199.322314 -142.668962 -75.039486 -117.463269 350.557851 -312.504132 -244.211203 8.580808 -279.971074 -36.907254 -52.444904 -19.714417 -99.028007 3.740129 63.267677 -35.662075 44.538108 62.509642 2.386134 -257.442149 279.613407 77.479339 -10.020202 -106.527089 -118.363636 19.785583 -74.162075 48.071625 -68.483471 5.011478 5.413223 -104.658402 83.370523 -98.229568 -150.536731 -101.563820 -266.415060 -8.163453 -130.798439 21.262167 -19.817264 -15.732323 66.812213 -2.898990 -11.284206 -33.859045 14.617080 -61.760331 76.060147 22.571625 28.148760 -51.403122 -127.854454 -49.892562 -38.952709 -9.122130 139.788338 -0.921947 56.130395 -78.427456 -48.358127 -22.714876 -75.576217 -104.865014 -98.213958 14.875115 -118.680441 31.568411 -15.027548 -177.630395 6.932048 3.215335 -23.584481 -220.791552 61.738292 -50.141873 35.196970 -50.507346 82.513774 -79.019743 -186.437557 112.035813 -15.230487 -52.569789 190.324610 73.731405 2.513774 -29.726814 -73.363177 -32.844812 -73.976584 -19.391185 -111.382920 -4.831497 -67.990817 22.231864 -43.098255 -107.793848 22.548669 19.612489 -23.709826 -179.611111 34.868228 -24.529844 104.553719 -166.203857 51.011938 -152.125803 -229.536731 4.950413 -17.640496 -165.541781 74.994490 -96.147383 -116.622130 -62.484848 -67.227732 -34.259871 -124.929752 -3.027089 -95.180900 -1.076676 -27.953627 -64.191001 -1.863636 -62.795684 -30.116162 -0.827824 -34.361341 51.370523 20.940312 88.459137 147.057851 4.915519 73.284665 -72.986226 
-116.892205 -62.322493 -1.742118 -39.338971 86.694725 61.445490 12.308770 -5.692225 209.605142 157.297954 29.652893 25.893200 -114.471125 78.412381 26.764131 -0.644781 -35.579150 64.164396 22.933808 5.673732 60.141363 48.524130 20.562290 33.550505 26.175518 15.656540 1.517524 17.405800 -151.742603 -23.411055 12.804918 -45.997755 -43.480461 7.666667 30.874936 -42.408198 162.226023 62.251556 4.971891 17.545174 -19.369146 7.274870 -45.703959 6.313233 -0.221202 -95.848714 2.823564 10.594276 41.294868 -69.065886 6.412279 15.844200 50.873865 -17.585501 -5.857974 14.464774 -42.553770 16.536170 71.905469 -25.857617 -55.478650 -39.654244 32.394245 -31.725130 88.460922 -125.778313 -90.512320 13.748597 26.056219 -56.372283 -43.361264 -2.068105 40.484491 -65.158734 5.951459 -2.120243 16.201255 -37.809356 -3.018034 -14.048337 34.182022 -11.746505 -8.795174 -2.364249 117.248036 4.074151 27.392103 6.674549 -19.162560 -34.497296 -8.017422 0.499949 6.614249 -22.909856 -29.278237 13.624911 -37.700923 0.645291 -10.504923 9.910060 46.826905 6.887767 9.413835 7.498878 -11.469034 -5.284384 0.298005 -7.238853 14.732731 -5.544587 -1.119886 -8.438527 102.497169 -18.350551 -60.247424 28.141669 -4.584022 -21.187787 -5.074661 -27.316728 -30.715616 -20.890088 -5.967044 -24.534129 -19.088154 0.885139 -16.670416 19.840424 32.656081 -25.787853 -25.997118 16.338052 4.858203 -42.557061 -7.655698 -19.449087 31.394220 -52.699699 5.373839 -34.727681 -92.143608 13.726023 -40.743496 59.714391 -0.430798 29.946944 -2.079864 -0.700745 -41.491710 -1.609887 2.079354 -9.626467 -49.564228 1.724798 -12.720845 11.867131 -23.679497 -20.776681 -12.309254 19.127844 -8.542725 2.884961 -17.366034 -4.766121 34.309994 -34.607234 6.023339 -16.001530 -164.452199 -129.372870 -30.124273 -22.416845 0.296985 -41.814840 -46.059790 3.021886 -12.052342 -5.409295 -17.414575 -4.916718 -85.980614 -14.696153 -1.810019 -19.642230 -55.729237 -56.945924 -17.794613 -2.447378 -11.091266 14.848255 -27.371187 30.589914 83.808846 46.055734 19.773620 7.599990 
-17.593664 -1.620753 -1.642792 1.718549 -3.121212 -0.904959 14.472911 -2.301653 116.721304 29.652893 42.612489 2.353076 36.147842 44.241506 41.327824 3.363636 -82.741047 75.041781 0.140037 9.330579 -7.426538 49.979798 -4.217172 28.141414 12.673554 7.617539 -0.022039 16.758494 -13.742883 7.590909 5.206152 1.656566 -22.080349 21.343434 19.854454 -9.053260 48.264463 28.582645 35.401745 -4.030303 -10.343893 7.874197 9.705693 1.469238 -43.216713 -13.118916 -12.068411 7.494949 18.925620 -39.785583 -5.126722 26.044536 49.467860 -18.403122 -0.851240 10.962810 4.363177 8.779155 29.266299 -2.880624 -10.142792 -5.665748 11.938017 -4.449036 34.160698 -52.592287 -19.122590 -2.469697 9.156107 -42.437098 -20.426079 -6.029385 -15.329201 -49.615243 -21.015152 -1.648301 34.324151 -47.163453 -3.829201 -10.707989 52.872819 -24.915978 -0.348485 -29.658861 58.257576 -8.736455 4.286042 1.114784 23.591368 -22.792470 -22.124885 3.972452 28.052801 -20.352617 -14.899449 -3.103765 -28.023875 -7.613407 -23.971534 0.018365 -13.395317 21.777778 5.657943 2.090909 14.322773 26.336547 12.968320 0.206152 -24.426079 10.801653 3.660698 -9.455923 53.481175 -17.196511 -30.482553 6.213499 25.284665 -10.546373 -11.882461 -3.851240 15.547291 -5.940312 -13.335170 -2.611570 12.028007 -0.807622 -9.570248 5.667585 31.940312 13.574380 20.586777 8.189624 20.288338 -4.731864 5.493572 6.215335 -42.383838 -16.150597 -5.550964 4.527089 8.679063 -2.306244 -3.942149 5.741047 31.747934 -9.387511 -1.313590 1.597796 6.087695 -13.136823 -14.946740 3.420110 37.074380 -7.250230 -4.488522 12.154729 19.743343 2.809458 -2.249770 15.460055 14.766758 -18.757576 4.326446 -2.882002 -0.653811 -30.618457 -9.911846 18.077594 13.125803 -5.784206 4.205693 7.842975 14.195133 -30.735996 4.708448 1.934343 -4.006887 -21.549587 -4.153352 4.053260 25.614784 -0.443067 -3.051882 12.948118 -26.616162 19.948577 1.803030 5.421028 -39.480716 -24.613866 8.200643 -6.087695 8.761708 -32.964187 -9.598714 11.039945 
-100.985053 -31.231073 -4.228497 -18.567519 76.071268 26.878813 3.211892 36.369911 104.948118 25.893200 2.353076 45.922993 -96.884859 -0.621748 -8.921003 3.801347 -29.805454 0.615983 10.413759 -5.683986 40.968218 -0.158810 8.255892 1.424242 3.529410 -3.152255 0.316269 -3.494414 -104.727400 -13.072110 -1.021018 -23.833895 -1.145495 -25.752525 -5.116748 -2.352898 83.413249 -33.063463 -21.830323 30.203984 -25.573921 -13.604530 -14.773390 3.058514 2.782114 -35.562213 5.620727 -8.760943 1.051168 9.149908 7.865192 -24.371748 -9.991251 20.909346 -0.911540 -2.511453 -71.968422 -8.117743 0.561626 -16.981992 -43.007117 -23.836726 5.872513 -19.993419 5.361698 -41.237756 -33.286578 5.790123 -46.849454 -10.472987 -18.037267 -1.086165 7.888634 20.810861 11.359989 -3.588052 -23.193909 54.851903 1.663886 -15.992679 -11.100143 30.911948 -1.095398 22.361035 -42.094837 -16.076905 16.148760 -6.448194 -32.163733 6.835986 35.626084 -18.632793 -34.691843 -1.638353 -12.028466 -5.746276 -28.276273 3.117488 -14.334685 6.023059 23.581267 -3.138608 5.385063 4.558361 -23.167636 -7.176436 -3.372998 -2.335833 24.254260 -6.091011 -3.875676 12.833231 -26.142715 -14.640725 29.238853 -7.745128 2.250230 -11.577135 30.925747 -17.038644 -32.621544 -3.837797 10.950668 -12.853382 -5.541322 11.259948 -5.179446 9.240996 8.107157 -5.595220 -11.461866 5.278262 -16.814126 -10.114351 -5.666769 -6.538670 42.689955 -11.296322 -3.305122 -15.643149 -12.366646 2.110218 10.913376 -3.085680 -3.392128 -0.180033 24.694036 -8.013519 -32.764641 -3.323079 21.427533 -8.263494 -27.514131 8.453500 -5.187328 -2.620881 -16.892281 -4.200515 -4.892613 3.747883 -20.526911 3.971942 -9.160443 5.878456 21.616085 -7.453219 -0.131237 -28.110040 -18.472350 -4.368789 3.320324 7.446842 -17.089455 -21.398046 7.377206 -10.239057 -31.785583 -24.177635 -8.159040 -8.084813 -61.958014 -14.148046 -1.409754 -17.427711 -30.375140 -20.830783 -7.074074 2.531094 -22.121467 13.508494 -21.506836 22.688323 3.451485 18.555683 16.505688 -13.968983 
59.076931 363.667687 11.845424 249.825732 -1686.797419 -104.340424 -45.749311 -115.229262 -129.011019 -114.471125 36.147842 -96.884859 3133.869503 171.694368 125.483267 159.841751 -363.412203 125.059739 -280.661310 32.678502 -776.245281 2.714927 -110.456229 -15.025253 -4.039690 -14.243853 -2.831803 2.113713 720.293031 261.314254 -0.005408 375.469136 -722.006836 216.252525 30.551984 98.524742 -362.509387 -96.508826 132.951127 -94.889450 664.024793 -130.657790 -30.861086 51.839047 -457.478217 526.901286 -241.951127 94.941077 -94.356086 -197.406795 -83.245689 194.760024 73.658657 -204.146669 -15.213193 -168.331242 611.453525 93.116417 -143.101826 222.397715 -39.844812 199.150189 -145.826293 150.468473 -27.319661 -64.964340 109.138353 -71.861392 258.496735 -257.969085 -257.791399 -31.965412 -593.868483 -29.474952 -380.390011 33.483573 246.684420 -180.101724 -39.681614 185.197174 -31.180492 -137.794205 -0.721661 -275.842363 299.415264 -42.994031 -436.370523 37.380777 86.022906 -69.570809 -295.940261 37.678961 174.029232 -99.174166 91.090450 -98.813080 15.667483 -122.944495 -366.775686 -37.031578 -466.890266 36.235129 -226.577747 -2.593154 293.173503 94.337108 69.213550 29.679778 -440.098357 35.922304 16.796500 -22.810019 0.866697 10.909550 -313.108254 36.943577 141.658402 138.842516 -57.721406 91.586471 79.324508 -22.127742 -51.502959 -11.274870 -81.461892 -100.482706 -208.760484 -32.163504 -137.087746 85.390317 120.509897 -0.786246 132.003826 -86.422661 107.195031 62.947097 -529.575196 -157.395266 -151.443781 130.896337 -118.132946 21.990613 29.773339 -46.686001 295.329864 10.852107 -33.492603 72.197684 57.716764 -96.123355 -198.061218 21.847158 129.140598 -55.285022 -62.927916 -12.309356 89.155239 75.298796 87.999949 -14.391236 21.157892 -114.063412 83.618253 -50.725997 -135.892868 -171.646516 -164.637435 259.873890 76.899092 8.099072 9.202326 -301.030201 96.045301 -121.499745 -150.540149 58.710438 63.548669 -111.218498 -80.650546 -17.669524 284.413886 -140.999745 -15.174217 -2.717427 62.390011 261.023212 40.380471 17.249872 -138.070503 -150.209826 163.329711 -150.974901 125.199418 -98.424344 -132.288389 180.932762 
173.382308 39.909627 9.945363 23.747398 -92.629630 -5.675314 3.279844 -1.546373 67.376033 78.412381 44.241506 -0.621748 171.694368 242.550275 58.139195 31.111111 -310.910851 310.636287 -44.744031 36.189547 -46.341904 185.452862 -10.893939 79.434343 32.757193 36.311371 -0.159550 49.656795 107.341215 40.137205 18.913070 34.377104 -168.101316 111.580808 57.178681 8.920187 -51.318564 159.180594 116.727120 -12.170875 -17.481175 85.506428 -13.073156 11.249464 -150.672023 27.989210 -84.244796 22.873737 37.825681 -113.248163 -19.067876 122.037649 145.877487 -37.237986 -3.988062 74.559305 115.406030 54.404806 105.391491 5.501224 -85.057163 44.220768 60.172635 -3.892562 91.677380 -136.390496 -55.521809 7.728956 100.747781 -185.152204 -121.437328 -18.562902 -51.201408 -201.301117 -98.223064 -9.685644 54.007805 -199.648607 -14.047368 -18.830196 165.620141 -69.604836 -6.291246 -28.835170 288.639731 19.257805 33.161157 5.296373 16.737909 -66.520508 -93.843511 30.289409 101.984160 -57.593205 -60.597337 20.962274 -27.045531 -28.762779 -101.021503 2.491123 -7.185950 61.528620 8.034435 12.468013 17.040710 71.119911 14.698730 24.923171 2.053413 -0.096725 -3.282216 -10.172482 280.415748 -30.804178 -132.935874 30.850934 -5.747016 -20.841139 -56.434420 -1.268365 13.041705 -12.663529 -54.094735 5.342057 35.659780 -7.859734 -50.349633 39.049893 128.032216 16.390649 21.330196 39.194291 53.221074 -19.669498 -4.152280 38.937251 -19.682660 -30.688323 -20.578818 -0.300888 -6.090756 6.762244 -79.887052 67.888965 38.815350 -9.600245 -18.960132 8.860728 -12.463346 -20.329660 -46.393251 10.526324 61.583410 -1.266682 -21.541322 53.246174 26.872283 1.333257 -22.964800 61.402051 16.632767 14.961279 -27.574533 16.233624 38.945133 -50.676921 -19.717860 -8.474288 -142.833027 -97.500765 -58.877870 -15.226967 -21.215106 -4.511861 -63.433578 16.772727 -15.636823 -7.089838 -7.221840 2.408096 5.261861 8.010866 -4.219620 16.155800 -83.059764 29.463575 -37.207071 11.014769 -48.504438 20.918503 -44.142179 -6.755510 129.547750 19.173936 -21.347490 29.020508 
-87.486175 -28.765866 -3.124120 -16.566396 -27.079686 19.660519 2.969467 -0.067799 -62.925620 26.764131 41.327824 -8.921003 125.483267 58.139195 185.704137 7.441077 51.195108 160.992526 91.597260 43.436665 -52.294970 117.813692 -18.048822 72.207071 22.846470 18.910596 1.122666 44.108280 -27.933910 -4.773008 9.585604 -10.455668 2.928018 45.803030 28.176742 -1.461764 -44.466662 98.203653 82.395827 -4.968294 25.522039 -17.697123 73.568922 6.675798 -70.772319 -63.223829 -30.176130 23.018519 9.021988 -108.612718 -26.804280 66.571013 106.699546 -55.394807 -1.500765 38.492475 -13.842720 8.057902 72.183400 -11.941026 6.816116 -7.945031 40.769819 11.469544 53.765177 -91.665366 -15.182201 3.332772 82.824508 -110.469620 -21.387435 -13.178757 -54.180951 -108.553898 -71.848204 -3.961228 52.252219 -110.515662 -15.345092 1.109453 113.659678 -68.996582 -0.014029 -65.271962 95.946689 -41.703168 33.295225 -7.126645 45.495077 -54.518110 -17.310504 21.472707 39.360346 -6.970003 4.123049 25.847439 -71.276834 -14.632793 -34.962070 -2.547087 -71.226814 40.308642 -19.966789 1.455107 40.652791 51.460489 20.958091 5.961024 -24.695796 12.428630 4.118712 -38.753188 94.389272 -52.953857 -49.780788 7.197072 10.038108 -35.673095 -0.867743 -29.302954 1.877895 -18.409065 -13.207020 -7.642945 -31.879706 8.195975 -45.374732 20.005867 36.574049 41.316677 32.011759 11.878150 57.436716 1.361519 3.706408 23.465820 -79.253928 -39.293516 -21.364606 0.114988 31.796092 -16.330298 26.598561 12.179191 45.851418 -25.268697 53.969569 -11.140904 -8.388098 -2.754056 -22.318258 5.512040 73.521783 2.797495 -17.657025 33.707963 34.959009 11.617105 5.155086 27.654168 37.743011 -44.035915 5.464697 -5.788772 -27.567417 -69.915621 -23.432583 41.499388 54.942353 -27.364300 43.599786 -7.997041 21.826370 -138.000179 27.926589 9.380471 4.446740 -79.341496 -34.277446 3.237858 65.548158 -14.815835 -13.067442 26.421896 -4.454826 76.607489 20.139731 13.476099 -12.746607 -31.713728 47.652535 -29.032216 92.161922 -25.424676 -39.577926 77.373329 
10.956229 30.552189 1.040404 16.740741 -118.796296 -0.473064 -6.106061 0.318182 -20.318182 -0.644781 3.363636 3.801347 159.841751 31.111111 7.441077 66.656566 -108.710438 38.240741 -32.202020 47.786195 -53.410774 28.260943 -9.691919 12.161616 3.163300 2.749158 0.181818 3.070707 71.794613 30.200337 4.688552 33.538721 -90.850168 22.434343 9.597643 8.734007 -60.301347 -2.360269 26.542088 -3.920875 18.398990 -18.868687 -10.200337 9.023569 -41.703704 7.111111 -32.577441 17.520202 -4.097643 -29.803030 -7.791246 23.914141 13.895623 -8.634680 0.500000 11.451178 76.801347 5.299663 -3.664983 21.163300 -35.550505 10.786195 -5.065657 8.237374 -15.304714 -34.373737 5.636364 -9.200337 19.930976 -56.095960 -43.363636 -6.747475 -32.496633 -39.649832 -38.518519 1.648148 16.792929 -42.814815 -5.208754 5.705387 23.011785 -22.109428 -0.609428 -25.343434 45.119529 -19.297980 -34.954545 0.974747 1.915825 -24.804714 -22.885522 -0.602694 -2.898990 -15.131313 -3.696970 -11.289562 9.664983 -8.255892 -39.442761 -3.205387 -12.808081 19.634680 -6.601010 2.670034 15.668350 29.102694 11.170034 4.941077 -34.380471 2.190236 -1.713805 -9.991582 12.722222 -14.595960 -25.104377 0.159933 24.707071 6.136364 -4.370370 6.772727 -16.890572 1.877104 -7.851852 -1.232323 14.590909 0.045455 -11.363636 5.037037 34.097643 19.134680 18.653199 8.148148 28.136364 -0.764310 7.170034 3.892256 -56.821549 -10.107744 -16.875421 15.744108 3.094276 -5.250842 4.323232 -7.664983 32.599327 -10.478114 -0.173401 3.324916 -10.602694 -0.863636 -18.934343 -0.895623 17.158249 14.087542 -3.772727 4.991582 9.942761 -0.612795 -4.170034 10.587542 7.759259 -18.639731 -4.851852 -1.466330 -12.222222 -18.851852 -16.545455 5.686869 -25.644781 2.149832 -12.196970 -17.473064 -2.525253 15.547138 -28.730640 11.257576 -16.217172 0.407407 0.978114 -12.006734 -30.254209 -2.730640 3.400673 -10.728956 -59.531987 13.037037 2.979798 2.249158 -40.466330 -31.984848 -9.304714 -6.823232 -19.525253 -14.547138 -21.685185 1.430976 
-885.410723 -247.275355 -0.939088 -151.340654 -173.763187 65.805760 16.419881 0.782522 -1133.505969 -35.579150 -82.741047 -29.805454 -363.412203 -310.910851 51.195108 -108.710438 3114.452836 -389.448398 262.171182 47.475079 319.983114 -426.432099 -53.422559 -69.757576 -128.837950 -147.488241 -3.381466 -115.877028 -491.306576 -268.281425 -3.870166 -260.868126 572.962300 -145.383838 -11.653683 -32.234797 -347.039970 151.724620 -116.753699 22.992985 -132.803489 -63.588766 96.171462 -35.940975 797.191256 -417.879017 112.387537 28.281145 -94.908836 274.237144 -23.075936 -53.918427 -374.604250 71.456586 6.995562 -90.801219 -408.641312 -173.830834 45.871799 -173.598357 263.273875 -181.630675 74.394245 -14.639272 -341.505408 264.954010 86.184650 10.730079 127.770023 323.541858 319.093281 63.704622 519.907050 246.514667 243.150112 -6.098357 -246.697735 356.800071 8.101495 110.333818 -300.149628 213.906693 11.822671 307.080196 -343.485971 -224.375344 168.745638 -63.138583 -37.655826 -6.004030 251.389986 -8.557290 -360.229186 124.696204 141.883379 98.310096 268.044868 93.864147 431.532114 6.770330 199.407713 -171.583614 7.999694 -24.704826 -235.467350 -204.878660 -41.643072 -76.924038 307.554280 -43.490715 24.307724 20.847669 -364.184650 -30.598026 337.532038 -13.354964 -163.715335 -45.410009 104.140827 -10.932890 -81.469825 39.103178 193.827569 91.061830 -7.578053 40.597260 261.319483 -59.991225 -263.660417 -30.107719 -65.732808 -87.013800 -156.141797 105.562468 -49.152331 -78.647740 366.304994 -5.413504 48.538823 -99.372462 3.521375 -111.423809 182.271656 19.392843 -295.508239 -27.541271 89.777038 -23.214213 -38.109555 44.657790 270.695516 -21.532191 -64.229211 -9.283619 110.905418 -113.792802 27.076395 -36.485435 11.803540 -173.032089 74.312494 65.624018 -50.263340 -9.469825 126.138277 109.626773 27.927380 -2.344965 368.993929 -30.258392 127.921182 253.983828 -2.000995 17.191894 240.234823 -16.877104 45.841598 -47.107948 95.831216 -46.418401 -88.669166 -225.517702 27.918937 -97.578257 236.208474 -145.848281 29.457912 24.857336 272.588868 136.126033 97.995817 19.009106 219.248240 105.594455 48.275304 89.005714 
153.442251 -32.984670 -4.523263 -21.461305 44.098204 9.189037 8.399679 1.179829 73.660698 64.164396 75.041781 0.615983 125.059739 310.636287 160.992526 38.240741 -389.448398 804.934318 51.305862 72.800556 -17.196460 683.480920 6.513468 222.883838 101.777650 163.154295 3.928298 186.318258 107.090169 42.663580 18.021528 20.942200 -153.841853 130.949495 73.727910 14.993598 -117.373865 222.635956 227.568973 -9.721942 -92.490358 50.594735 121.473931 -2.248495 -240.858688 -82.126492 -42.955336 -71.690236 81.930109 -80.873967 -23.620268 162.042853 526.420442 38.723702 8.170646 348.849735 106.770023 47.835272 131.445312 -7.742016 -112.695822 47.337899 106.623202 -3.672942 122.779665 -190.274946 11.555020 10.923120 197.402459 -329.299893 -95.157560 -33.258341 -64.652995 -504.995995 -151.946409 -90.999592 21.154117 -483.628660 -32.847439 -260.716126 784.962606 -150.923834 1.982043 -98.700949 319.757015 -4.925849 83.780992 -6.136899 79.234185 -87.213907 -78.792955 33.293439 187.016605 -71.674166 -50.571166 30.743317 -42.220564 -38.513519 -114.170467 4.818590 -26.607438 126.622334 24.523263 16.349607 -62.824814 193.098893 35.189139 -14.202377 271.142383 43.142843 25.193807 -141.564228 394.101546 -77.648531 -107.626773 2.588358 45.708907 -57.071625 -60.811473 -17.219085 68.966764 -11.131951 -60.319457 -7.593052 60.401745 1.635981 -86.904423 64.161412 246.855857 5.093179 48.352490 63.707861 82.445745 2.729696 -1.569279 83.940363 10.186588 21.645980 20.130293 -5.521171 176.102745 -15.030431 -29.469085 17.237399 98.148888 -68.747220 21.432481 -18.159218 26.172151 -26.391032 -53.053642 24.153556 107.233190 -20.912126 -54.998623 98.078691 90.681334 -32.962988 -60.760994 125.034690 85.399475 -38.152637 -41.824508 27.810198 120.948041 -122.806448 -4.074304 -81.045301 58.390674 81.703449 -14.913835 68.885624 27.386211 -32.677354 8.916080 -12.956229 -51.809917 -53.927252 -38.715361 18.740409 7.705132 -12.260688 -17.182634 26.033415 -108.649551 22.247118 -51.468013 52.940950 -22.228752 43.873508 -31.823487 15.411463 52.391338 30.677507 -9.981150 -39.818080 
-254.534282 -96.560223 -9.311754 -64.431512 91.897306 28.749235 6.337695 -2.627640 13.339302 22.933808 0.140037 10.413759 -280.661310 -44.744031 91.597260 -32.202020 262.171182 51.305862 211.599862 2.971610 156.044383 95.925926 47.378788 46.126263 36.615167 30.858050 3.923554 36.547062 -163.821931 -40.778620 -2.313897 -49.240741 89.940618 -42.979798 -6.717248 -15.521656 69.554561 19.398837 -5.307469 14.484007 -39.873278 -32.162075 63.535047 -6.280686 76.627487 -174.989669 86.860499 -26.989899 26.500306 -16.504821 17.728574 -38.923324 94.553183 17.148913 6.346189 45.043082 -124.780686 -23.583869 23.439088 -23.913988 7.726125 -50.229033 29.698347 -15.076217 56.810683 -19.854683 -7.965794 5.114478 14.034129 -0.030073 71.943756 2.660698 61.568258 -28.727349 43.824074 -19.540251 -31.182736 -1.228803 -0.348408 -67.111035 125.271962 10.535507 0.937710 -6.846189 -62.452862 -47.180211 58.910927 -3.677916 25.843817 -11.847260 69.063437 1.125191 -5.696740 32.509183 12.818641 27.926155 -36.497169 27.101622 65.714800 8.040557 15.794307 -5.372054 4.604683 -0.003367 -30.157790 -19.648837 -11.893404 -21.778543 117.983318 -0.416131 4.906642 -47.491889 -48.014004 -40.427227 44.788950 -3.014845 -5.825069 -35.721304 33.558387 -29.025023 0.583180 -9.484772 22.060759 -12.302571 -44.856290 23.527319 2.431359 4.487297 -31.904117 4.303566 -16.939470 -6.501913 -10.735308 12.776477 -10.537343 -10.612642 84.111953 -1.941154 17.209213 -38.357055 -62.596572 -10.975742 42.623967 12.729492 -22.683119 -4.301041 55.065274 -21.453015 -24.492577 15.136823 30.762397 -7.928528 8.812825 -4.314585 -3.955923 7.325911 -10.501760 -13.633532 6.136976 -6.966789 20.971457 -21.208754 -10.206918 -8.053183 44.403811 -24.049893 16.793159 -22.001837 -15.425467 -67.481788 40.824610 20.423018 10.075069 -106.450031 49.390878 -11.212121 -32.028466 -42.186103 -24.746480 6.087313 19.674778 -20.386899 -10.156872 15.361647 71.529461 -8.677533 5.318182 38.690924 90.260178 58.570937 45.866697 31.347796 91.329201 55.791628 35.801576 -3.162841 
