5272.515049 2279.989848 67.995766 275.788695 1191.553056 294.647791 10.182481 57.419345 -161.296806 -107.681971 -18.523518 -4.772982 -232.522192 -13.595705 -30.489389 -28.300684 -801.989236 62.831140 -46.250332 -57.431589 -640.405724 64.077339 -2.001020 2.611825 -523.046118 -207.468575 8.622692 -58.943526 1383.152995 -450.804867 -43.752321 82.741812 138.901184 -244.829150 -80.942761 4.323742 -144.329762 -41.205795 -23.005204 -2.030507 -39.160647 80.992909 -1.212733 73.487807 -341.916947 50.426385 1.827773 21.434854 -298.198041 191.849199 10.179012 -2.651923 16.576064 398.943118 28.034639 60.047954 -465.964595 -16.571931 -87.118967 49.772421 -183.156004 92.862412 -69.296653 17.317315 -126.131976 50.860524 10.627844 -10.512907 -29.635547 73.150546 1.514641 40.030966 -189.363891 94.317876 1.009081 89.395878 -439.400928 144.376798 5.766146 42.410111 324.737068 209.639016 50.702836 24.183400 -747.990970 -729.688705 -75.291603 -152.370013 -334.600959 -164.870268 -54.374758 -66.216355 -71.707122 -38.048975 -9.461688 -13.280022 -13.669268 -4.691103 -9.219416 -5.889858 -132.168707 18.006122 -7.700133 19.270330 -447.298694 227.717988 27.016580 43.401082 318.356137 474.590297 84.293082 40.206867 -137.623406 -552.727018 -32.618049 -82.885114 -83.197531 -243.457657 -43.974084 -17.342567 -38.880828 -52.239567 -21.570401 -0.679778 -15.101163 8.439190 -30.051474 -0.464697 -58.826344 9.299255 -30.171360 0.030048 -147.533721 154.089940 35.945312 -1.402255 126.164677 298.474901 56.982298 3.153556 62.861800 14.988011 1.759718 2.027344 29.885777 -78.299663 -16.284206 4.831242 -0.695235 -35.261096 -13.028773 0.014998 -22.047138 84.095041 8.490919 0.000000 -67.184420 184.489899 69.130599 0.000000 -91.360933 169.011223 59.053617 0.181614 -71.732629 144.259259 34.099021 -2.172533 -84.522651 -162.882308 -53.076421 7.196715 158.938935 332.590552 13.878227 25.184573 121.852719 954.806805 161.209672 29.091317 -102.544128 487.779410 61.329762 18.745944 -77.052291 -53.385675 -40.524742 -10.648760 -113.394654 -98.432507 50.482094 -9.072033 -245.231252 -176.245893 -52.551117 0.000000 
2279.989848 2848.068156 24.515560 227.005459 651.506326 245.293592 -46.380982 65.936945 -168.426181 -122.750077 -17.847618 -8.588511 -16.801500 97.846087 -13.757321 -7.534180 -162.537547 396.976176 -16.506479 14.592287 -177.260943 334.043720 2.847975 53.924600 -342.760433 -88.691358 1.185083 -26.974288 704.270942 -105.723140 -137.292827 115.100704 408.746046 -57.876696 -93.102694 64.884093 -83.003265 -74.734211 -21.335935 -4.156668 -54.931334 -0.814152 -0.151821 -2.028824 -80.852413 48.501071 1.853280 3.424498 22.658555 155.576115 6.895062 27.196766 -9.641261 196.691256 7.090552 56.756300 -492.012601 -329.162228 -143.847363 22.919039 264.134119 185.211509 -46.039741 62.027344 13.163810 75.091878 22.180084 -2.332211 -38.151107 1.047495 1.833078 -12.305224 -39.497602 -20.550658 -0.909601 -10.054586 -19.556525 54.456076 6.438629 -9.297470 147.767524 62.208397 25.207479 41.922508 -781.422253 -566.975666 -81.782165 -96.945108 -38.416641 48.845169 -15.571217 -15.529895 1.058055 12.425008 3.067136 -1.440516 -15.811907 -11.908683 -11.551627 -7.119172 -21.430313 0.775788 -9.920773 -1.215845 -9.116519 79.793337 14.672431 -4.087338 105.382614 45.373431 -0.396388 5.626161 -242.700592 -466.805428 -30.821651 -50.472860 -67.831089 -91.988930 -31.340577 -2.128354 -17.011121 -34.624834 -19.090756 2.157586 -3.164218 -12.530405 -39.159576 -0.416692 97.399959 44.664779 -19.729619 -0.209723 -15.650699 21.618202 -7.194011 -2.072340 80.668197 -29.477196 -28.546730 -16.296959 10.423324 -21.675186 -0.246403 0.442965 4.096929 -60.478114 -21.179982 5.248954 -3.236506 -35.903275 -23.847720 0.249923 28.042088 79.741965 12.268187 0.000000 80.839608 135.691919 -7.394297 0.000000 -56.016325 0.677329 -59.566626 -0.495052 34.080655 34.574074 -1.917661 -2.454954 -99.576982 -302.559841 -64.861443 -1.780431 81.643710 137.507397 32.083053 7.471074 108.994541 681.138251 140.155341 16.878992 -91.994286 457.763443 94.826497 14.024487 -168.932711 114.837466 -28.822977 -4.493572 -92.530660 55.889807 6.033976 -3.147128 -83.320171 13.003316 7.499694 0.000000 
67.995766 24.515560 59.710642 -8.627742 84.898786 58.454035 14.711866 4.928069 -2.832619 -1.923018 -0.225997 0.406081 13.111876 0.230283 0.394909 5.213550 -3.772982 -1.472350 4.709723 2.962810 -39.117845 -30.946995 6.780890 -13.480461 -61.514896 -30.352413 1.366952 -10.340680 35.897255 -10.687328 26.503418 -10.232476 7.765279 -10.477910 7.430976 -3.281859 -4.957861 -6.293031 -0.635139 -0.957963 0.699316 -2.902867 -0.176921 -1.559025 11.982043 2.295990 0.367718 1.945414 -1.163147 10.721559 0.987093 1.957810 -39.765075 11.247985 2.344098 -5.944240 31.383430 -31.247781 -3.174523 0.214570 -7.383277 -13.838690 -0.737884 -0.553668 -5.499745 -3.187226 -2.356086 -0.664422 -3.041883 -1.568003 -0.248444 -1.848740 5.315172 -1.785430 -0.128201 -0.212478 0.520559 2.662381 -1.149373 2.294868 -8.452097 23.645444 0.852056 0.280278 51.362106 -23.298439 -2.091419 1.586369 16.151107 -3.603510 0.730385 7.220743 4.207479 3.467554 -0.867105 1.113917 -1.332721 -0.349964 -0.583053 -0.472044 -3.387716 -2.432813 -1.858535 0.135343 -4.378125 3.422763 -0.370013 1.579227 13.403428 16.863483 -2.289103 -0.235741 23.482196 34.058565 0.585808 1.388991 12.327722 20.701663 1.555300 5.614274 3.763800 4.184216 0.073309 1.680645 -3.998776 -3.427660 -4.365983 -0.024844 -9.889246 -11.707173 -8.305887 0.158606 3.138455 -6.598306 -2.623100 1.399857 24.202785 -0.627487 -3.141210 4.342261 -1.798439 4.964595 -0.037343 0.624681 -0.293286 3.356902 -0.978880 0.557137 -2.008826 -6.567799 -5.284971 0.016376 -10.920875 -12.740129 -11.770789 0.000000 -6.575145 -19.454545 -4.327620 0.000000 11.458168 -5.508979 1.550862 0.769309 26.123661 3.304714 7.394705 1.360065 -8.743036 -28.320324 -3.651260 -1.240384 -1.526630 -39.744618 -11.929854 -1.486685 -0.786399 -48.030201 -19.798592 1.193705 -16.035864 2.673809 2.190185 0.653658 -8.415009 22.499541 17.965616 -0.340220 22.253188 27.586318 10.648301 -0.100500 14.102541 26.760076 9.777625 0.000000 
275.788695 227.005459 -8.627742 75.114682 5.590705 -6.727783 -6.419447 20.306856 -32.908377 -16.241200 -1.650240 -1.553515 -5.069942 11.614121 -2.074788 -1.084430 7.065401 59.765024 -0.355933 18.275941 -11.385522 36.305530 2.993011 14.453882 -62.317927 -36.594837 1.377053 -15.982094 74.619478 -22.268136 -16.405673 30.242271 20.224875 -1.599123 -9.301347 16.556525 -10.478063 -2.919294 -2.276553 0.759208 -4.649168 4.455719 -0.055709 2.329864 -2.517957 5.200031 0.499031 0.824202 12.033823 22.474084 2.961841 7.366901 -36.093358 47.732833 1.712784 12.399194 -40.131721 -50.020508 -9.482604 -0.361188 24.556117 20.050199 -6.490409 11.006938 0.863891 8.944087 0.896439 0.941639 -3.294409 5.128966 0.175798 2.282573 -2.073717 5.244873 -0.128201 3.933986 -0.191562 23.404806 0.481941 2.491838 -15.593511 34.064636 2.271248 6.270177 -54.466177 -91.000459 -3.859096 -10.842924 -7.358994 -10.866136 -2.310019 -1.814611 0.419600 2.068564 0.001581 -0.375982 -1.171105 -1.188348 -1.330527 -0.441741 -8.276604 7.254056 0.712172 1.079788 -6.201357 40.377308 8.124936 5.235792 -10.737986 51.110958 6.756351 3.107693 13.643812 -49.921233 2.434292 -4.833231 -1.040965 -26.131670 0.322977 -3.567544 -4.685695 -6.250128 -2.613560 -0.849658 -1.882614 -1.831701 -1.128609 -0.034945 8.373380 7.247373 10.542598 0.123253 -4.255484 23.735027 9.311244 1.313999 -21.595194 26.367463 3.601214 0.614988 12.449036 22.939343 2.705081 0.892358 2.166310 -6.572391 0.546373 -0.225691 -3.877512 -4.214264 3.088766 -0.074533 -1.941077 4.259871 18.522141 0.000000 7.561218 16.217172 15.460259 0.000000 -10.824661 3.228395 0.934701 -0.139782 -29.497551 -7.311448 -1.883073 -0.437914 0.943832 -3.678910 -4.019947 -0.593919 -2.950872 24.002857 12.524691 0.967860 3.193399 50.096062 26.943832 7.617947 -5.480308 44.976839 37.619478 7.446587 -28.844302 -12.449954 15.935313 -0.476584 -29.585195 -27.201561 -1.179982 -0.908581 -28.988369 -15.366187 -7.762779 0.000000 
1191.553056 651.506326 84.898786 5.590705 1183.964009 538.464315 75.900087 28.079507 332.518646 77.867463 11.888455 9.501326 -99.791169 -34.844761 -10.419319 -20.498061 -400.849913 -125.106775 -6.953831 -71.922406 -259.763468 -68.638022 6.338639 -75.462300 -86.187966 1.590629 -0.935976 -8.815886 -122.150622 -281.123278 22.068131 -53.285200 473.818896 -24.847005 32.311448 -14.674370 182.095067 -7.264208 5.902816 1.840960 -18.514131 -17.951510 -0.555403 -1.349225 -99.490460 -22.576293 0.320835 -17.616289 -118.200490 74.280124 2.592873 -16.113534 103.530227 109.338715 10.490078 14.465284 -575.064407 77.798286 2.789843 -39.987297 166.574355 141.118993 13.620881 -9.167712 106.016580 54.595475 8.180160 1.383277 -9.985053 -8.915162 -0.128660 -6.536782 -26.104734 -22.752449 2.702275 -11.429778 -149.418707 -14.654806 4.510484 -22.184599 192.101087 62.903377 38.719493 4.268544 -377.963116 -115.019743 -6.553362 -82.047648 -17.683094 90.968830 -6.148735 -17.472426 15.382589 16.497092 -0.084073 1.528339 3.686257 3.785149 0.571268 -2.533849 25.561116 19.304025 14.437659 -1.988037 -187.108407 53.540200 30.080451 -12.395725 74.205158 153.651668 59.819406 -26.694393 -66.548694 -87.907892 -12.142205 -23.122156 -4.794052 -16.364121 -14.163045 4.435389 1.573742 3.873023 3.239822 3.633328 22.329584 41.742475 24.165646 -0.137614 46.098000 78.660035 35.973396 -0.253724 -117.492832 82.668172 46.180339 -4.322416 -138.667432 105.900214 28.965284 -19.215157 9.157025 12.453755 -1.364172 0.993164 20.471738 51.824916 5.572314 1.999260 38.951587 90.714264 31.277395 0.193220 52.711279 152.202250 54.019947 0.000000 -31.399602 90.012626 43.959775 0.000000 -77.777191 11.176487 -6.082849 -0.308030 -182.934267 -29.105219 -8.561371 -1.535149 100.861723 418.320324 15.110014 6.597286 138.024105 381.473574 23.112514 2.102847 161.570911 393.117743 31.717784 8.252423 -11.447301 2.057673 -71.294562 3.353918 -79.604352 -179.110652 -117.310734 -4.798669 -61.057902 -148.990358 -36.562443 -3.476941 -97.640419 -148.882971 -38.502372 0.000000 
294.647791 245.293592 58.454035 -6.727783 538.464315 562.808514 57.554510 49.677303 251.305454 98.108050 7.591088 15.861902 -26.799893 -17.962912 -4.418248 -13.772931 -159.069228 -17.532089 8.971483 -37.071166 -112.374579 55.663784 24.179931 -34.665850 -30.544409 123.078844 3.652484 42.932507 -271.430849 -141.912994 22.080681 -49.721840 264.744210 51.672891 41.513468 -0.016733 201.754081 25.382410 9.885828 6.293057 -1.845934 -12.258826 -0.845577 -8.131900 15.182941 -16.560683 1.627844 -16.781885 0.857361 18.581624 12.523850 -20.911361 4.882384 0.191486 16.976456 -17.176436 -384.210259 5.253290 9.246072 -37.036425 146.661897 78.013391 17.651949 -1.900342 131.357106 47.750051 5.830451 6.006173 -2.485359 -6.785379 -0.377206 -5.251046 70.483114 -4.746021 4.967809 -12.386313 20.386313 23.058693 11.138583 -23.142052 -52.932890 77.536221 40.052520 -37.828640 -177.531527 -23.253903 -4.456637 -45.002959 64.408428 97.323589 7.379426 6.047470 47.053694 36.222528 6.744363 6.562009 11.836853 11.592924 3.817059 -0.737399 114.627538 60.286578 29.298694 -1.148123 -32.874554 107.166157 47.956178 -9.289817 -201.182813 188.614019 63.437404 -25.873610 -0.782089 44.585068 -3.073947 1.216075 24.184063 65.164192 9.173197 15.718524 25.938144 44.745689 22.930364 7.319432 34.792394 66.906693 50.401490 -0.006913 107.697021 97.064228 63.568590 0.339175 -46.988394 57.045429 39.099837 0.825273 -245.969085 0.851546 -13.454214 -10.614912 5.104683 55.825043 3.671641 6.826344 18.146516 75.981481 20.772957 3.908504 38.507754 103.621518 61.437175 0.524717 49.463805 103.272039 72.855423 0.000000 22.311601 0.866162 17.062315 0.000000 -71.209392 -121.082772 -48.964697 -0.249872 -136.892485 -128.797138 -34.453933 -0.948985 97.150520 390.641720 42.026298 15.654831 109.069100 318.504642 55.312851 5.863177 97.227783 207.804459 31.456076 7.484593 -43.451587 -46.150010 -78.786909 1.365856 -75.565172 -143.880165 -109.698551 -3.806015 -43.950311 -94.286501 -41.504591 -2.018110 -26.662917 -64.177125 -17.484466 0.000000 
10.182481 -46.380982 14.711866 -6.419447 75.900087 57.554510 18.263366 3.695975 35.295404 15.160086 2.531655 1.130446 -0.603229 -3.670850 -0.677558 0.969595 -29.335119 -24.882206 0.134731 -4.447199 -19.186027 -21.449674 2.930874 -11.888481 -16.056295 -1.383558 0.679778 -2.768595 -32.994465 -16.515840 14.097158 -9.877334 21.513519 6.886950 15.436027 -3.897255 13.196485 5.817468 2.594429 -0.395138 -0.049230 -1.686231 -0.097031 -0.986404 -8.095398 -1.178069 0.185134 -0.914932 -8.424855 13.697378 1.346521 0.141542 -4.080272 11.480844 1.618279 -2.152612 -14.778109 15.209979 9.730359 -6.391950 2.137767 -0.827900 4.509055 -3.959009 -0.680033 -0.055530 -0.111290 -0.812570 -1.419447 -0.849760 -0.077492 -0.552291 -6.960463 -1.222758 0.228854 -0.797954 -9.909116 6.886670 0.310453 -0.579864 7.231788 28.088817 4.916412 1.037700 24.256964 12.976584 3.855015 -2.839863 3.259769 -1.002347 0.655622 -0.427023 -0.928961 -2.393786 -0.276808 -0.442480 -0.919957 0.204290 0.049944 -0.185619 -1.981686 2.861723 1.631670 -0.196536 -12.879196 15.282573 5.283645 -0.607030 -2.279538 34.019131 10.102541 -2.647664 16.398097 24.377130 1.199138 2.634553 4.682941 4.737399 1.427507 1.696383 0.803668 1.567289 1.715182 0.600372 -1.226278 3.814458 3.428018 -0.009769 -0.143914 6.968983 5.245154 0.047113 -7.937379 9.965896 6.188807 0.132333 -13.661310 12.779308 1.812034 -0.722860 0.456382 6.098128 0.453245 0.761657 1.224773 6.276094 2.059458 0.028747 2.236200 5.747628 3.740052 -0.029308 0.223064 4.952938 4.084277 0.000000 -4.526018 -4.739899 4.986966 0.000000 -2.643837 -5.560325 1.861086 0.021528 -14.682354 -11.490741 -2.398684 -0.004795 10.139654 29.459749 1.968957 0.186001 6.689853 15.232119 -0.950898 -1.103765 6.757831 -14.923528 -5.933578 -0.068309 1.708550 -28.992934 -9.350525 -0.204699 1.759081 -18.725436 -2.755841 -0.439624 1.135956 -12.724059 -0.790174 -0.254005 -3.567570 -9.861290 -2.922788 0.000000 
57.419345 65.936945 4.928069 20.306856 28.079507 49.677303 3.695975 22.469467 4.462886 1.982553 0.191843 2.679676 3.316116 -0.432201 -0.003290 -0.826752 8.829813 25.692684 2.787114 2.000918 -9.093434 26.139042 3.728803 6.892868 -29.423248 1.500842 0.697276 0.781451 -19.492118 -16.807851 -1.174549 3.700413 32.771962 5.559382 1.479798 8.968932 17.083027 -2.125650 0.098714 1.088690 1.607132 -1.130777 -0.140496 -0.072620 15.340067 2.327594 0.596725 0.057316 5.716253 6.700949 2.888047 0.609198 -19.548439 8.504515 1.998546 2.950796 -34.111188 -18.296143 -0.899832 -2.752066 33.872896 3.044766 -0.186333 3.612412 18.205540 2.034971 -0.214493 0.925926 -1.016376 -0.455617 -0.090144 -0.407560 14.442302 1.119146 0.016682 0.171335 12.101393 12.023186 0.353306 -0.079813 -27.921258 16.218243 1.880089 -1.429140 -12.783747 -23.396235 -0.855525 -4.109122 18.355984 6.701867 2.716177 0.895240 8.979875 4.401745 1.500612 0.253367 0.162994 -0.498699 -0.597643 -0.286425 12.361647 4.750918 0.444138 0.210667 8.501071 22.498776 5.280686 1.347873 -29.074610 25.359504 3.825528 -0.764845 11.073998 3.873355 1.083639 0.865549 8.205387 6.120830 2.289409 1.059305 1.818717 1.531068 0.322773 0.201485 0.091139 -1.908785 -1.283900 -0.015075 19.279920 2.520814 3.024717 0.111494 2.808157 5.193373 4.804255 1.080655 -24.024793 3.785124 1.844735 -0.308616 3.790634 18.639195 1.181129 1.363024 0.704163 4.338384 0.224288 0.462733 -1.391491 0.058310 -1.060376 0.075987 1.174242 -2.698118 7.054025 0.000000 9.703398 -0.290404 10.235920 0.000000 -6.190924 -13.160774 -1.512244 -0.060300 -16.133379 -2.169192 0.899449 -0.180594 3.768825 18.194674 -1.155571 3.502908 -2.792241 24.442455 0.884680 2.263545 -2.660392 36.666054 9.943067 3.181206 -8.355525 27.040481 23.202326 1.605831 -15.315504 -7.441690 11.923477 -0.557163 -9.104989 -9.901745 1.064738 -0.391950 -11.441001 -8.797827 -3.567264 0.000000 
-161.296806 -168.426181 -2.832619 -32.908377 332.518646 251.305454 35.295404 4.462886 445.860244 170.383073 22.704801 16.263034 79.987527 93.499592 3.021911 33.685134 -125.500051 -84.512652 0.270228 -2.061983 -103.657407 -168.361621 0.153148 -60.543567 -53.568131 -18.813412 -1.160953 -1.192378 -335.683680 -123.410698 -2.050326 -29.429829 132.972248 50.739771 37.048822 -9.349301 271.744286 43.598969 18.842669 10.025074 23.940873 12.960336 1.128252 14.938195 46.923681 13.447582 0.490715 21.425951 -37.384144 25.607948 2.022166 3.865805 -61.814126 -33.148888 2.965284 -11.660060 -323.414728 127.812060 21.643378 -18.360116 55.741021 102.430747 20.057979 -4.449622 149.722273 42.106494 5.214136 11.686308 17.551219 -0.173197 -0.226456 2.999949 73.505459 14.864631 3.435976 4.222656 -24.924676 15.285507 5.580732 1.147357 -99.175773 23.080604 17.190108 -16.667177 -227.505357 52.404959 7.232221 -33.520100 -28.806142 68.682328 -4.051398 -4.582619 33.243011 18.926844 0.556882 4.336420 21.340526 9.301219 7.692480 1.293975 99.286093 37.416973 25.425263 0.350806 -39.835221 36.460310 17.690644 -1.551831 -181.479415 83.517141 35.430058 -4.283007 -62.808106 -77.063539 -3.200515 -16.909576 -14.435466 -18.494516 -2.803081 -6.035226 6.268416 11.244924 7.799510 -0.096699 50.981558 42.047801 44.655086 0.010688 66.452454 70.149475 57.834277 -0.057673 -67.950592 49.930339 30.017804 -1.164473 -207.514998 32.642179 -12.311575 -2.829023 1.753444 6.158071 0.548592 -0.137690 12.270636 40.309764 9.318871 -0.662815 37.187124 79.078359 38.793006 0.062366 87.650673 115.891873 64.468064 0.000000 -12.755433 39.962121 28.152153 0.000000 -78.419983 -52.914422 -24.578716 -0.159269 -151.999005 -109.054714 -39.848332 -0.637078 91.869069 355.487450 34.755102 4.954954 75.192149 272.385420 32.253928 0.114784 120.282114 152.123253 29.114019 -3.883481 67.565555 -111.470794 -79.307418 -3.202097 -67.878456 -184.428375 -121.854352 -0.822084 -60.971585 -128.526171 -53.690542 -0.307979 -43.173936 -85.066167 -23.737909 0.000000 
-107.681971 -122.750077 -1.923018 -16.241200 77.867463 98.108050 15.160086 1.982553 170.383073 110.764922 12.962198 11.840526 32.151056 43.694827 1.470462 19.750995 -42.350015 -60.278543 -0.438629 -3.308999 -32.979798 -83.889042 0.882308 -26.721151 -53.554025 -16.765993 -0.565963 -7.049128 -189.727579 -41.709826 2.626569 -10.849403 36.202785 46.895164 28.434343 -3.266912 116.227579 53.655953 13.416437 7.716866 17.594888 13.466636 0.468779 10.378176 25.816498 6.775941 0.246710 12.233088 -1.196051 7.445516 -0.107744 3.918580 -52.161157 -20.421182 -0.975819 -9.720998 -153.083257 71.543618 15.442761 -6.848944 4.124579 46.058770 15.491889 0.930517 66.435874 24.290787 5.494796 7.947811 13.667891 3.930364 0.383073 5.301500 26.805173 12.479339 1.331803 6.427150 20.426385 1.504591 1.492654 5.082339 -74.227732 -4.571778 1.809305 -5.530456 -93.438476 14.022498 4.193909 -12.951485 -14.133762 15.111264 1.321702 1.299204 18.143863 16.244720 3.034741 5.855219 7.932966 6.627487 4.148148 2.420263 38.840373 12.574839 8.732629 0.579737 5.670646 16.046679 7.542547 2.515764 -99.195592 22.696051 12.613866 2.822926 -20.930058 -22.678910 -1.651821 -4.615549 -3.912458 2.735231 2.503520 -0.536578 4.890878 12.064891 5.990358 1.003061 13.714417 16.413835 16.955617 0.153964 27.321090 26.782216 25.523263 -0.088766 -18.558157 12.314203 14.316957 -0.060453 -82.343893 2.699725 -9.751301 -0.178757 -0.841139 6.858280 0.129477 0.717784 2.427150 15.974747 5.975207 -0.455158 11.376339 28.073003 16.431589 -0.022957 28.338384 32.367309 24.875268 0.000000 -1.440771 1.888889 15.751454 0.000000 -26.215641 -33.058923 -9.088766 -0.071013 -57.949954 -38.464646 -11.808540 -0.284053 31.051882 135.618457 19.910621 4.598102 11.941230 96.168656 18.885522 1.867769 31.645240 12.106673 1.218549 -1.418580 33.305020 -69.421794 -38.939700 -1.466942 -9.136517 -70.512856 -37.908326 -0.435262 -10.253597 -46.689164 -14.696051 -0.188858 -16.359504 -35.646618 -9.505969 0.000000 
-18.523518 -17.847618 -0.225997 -1.650240 11.888455 7.591088 2.531655 0.191843 22.704801 12.962198 2.755867 0.393225 2.051500 0.536068 0.205974 -0.408581 -4.991072 -11.700082 -0.239312 -2.885216 -5.857744 -10.130420 0.290072 -4.507091 -6.400342 -2.198373 -0.025150 -1.843893 -26.315555 -5.819789 0.559662 -1.547674 5.205132 6.979390 5.107744 -0.513723 14.421615 5.311652 2.194521 0.682762 1.175441 -0.119350 0.156872 -0.158887 1.598204 -0.463193 0.104632 -0.728370 -0.375727 1.851495 0.090629 -0.409729 -4.068335 -0.884017 -0.187353 0.475181 -16.917534 11.556168 3.161336 -1.833180 1.482884 3.639501 2.222401 -0.866570 7.294103 0.823105 0.293822 0.805275 1.587134 -0.069381 -0.001428 0.180645 1.226559 -0.244796 -0.002857 -0.277905 0.262754 -0.918197 -0.016912 -0.242093 -4.401362 -1.838027 -0.082058 -0.193552 -5.986838 6.713039 1.391593 -2.179471 -0.510968 -0.988267 0.065325 -0.996199 2.291271 0.090144 0.136568 0.106341 1.357361 0.034104 0.371493 0.130114 4.105397 0.418656 0.836598 -0.077926 -0.896949 0.859861 0.354505 -0.333537 -8.299281 1.914448 1.765075 -1.079864 -0.328870 -0.784639 0.039664 -0.475793 0.236813 0.282701 0.130140 -0.380905 0.153377 0.340322 0.176615 -0.052367 2.449571 0.008520 1.289205 -0.001658 4.961994 1.811652 2.243929 -0.008290 -1.383813 1.912943 0.919600 -0.106112 -10.238904 2.340833 -0.893506 -0.426104 -0.185950 -0.056295 -0.084405 0.025048 -0.017804 0.230640 -0.261938 -0.067978 1.081624 -0.020967 -0.366927 -0.004974 6.879630 2.457530 1.573564 0.000000 2.281604 1.547980 1.544970 0.000000 -0.917177 -2.753928 -1.461994 -0.006632 -8.219544 -5.920034 -2.324763 -0.026528 0.150214 0.019437 -0.465998 -0.172431 -0.141185 -1.998980 -1.472783 -0.238751 8.372462 -4.089430 -0.463422 -0.193807 11.517855 -6.732298 -3.070605 -0.122972 0.426819 -9.014233 -5.629885 -0.074610 -1.250485 -7.233242 -2.705693 -0.043108 -2.748010 -5.658198 -1.583027 0.000000 
-4.772982 -8.588511 0.406081 -1.553515 9.501326 15.861902 1.130446 2.679676 16.263034 11.840526 0.393225 4.451383 3.568258 6.654678 -0.023977 8.111927 -6.137231 -10.235282 -0.037445 4.294766 -5.304714 -15.912713 -0.138914 -1.392154 -9.423375 -9.037598 -0.185695 -0.901745 -19.953372 -3.858127 -0.196460 -0.142945 4.588817 1.318539 1.031987 0.425518 15.933170 5.248138 1.143557 1.443934 3.509999 2.595909 0.008571 3.466993 5.333895 2.742730 0.034078 5.935619 -3.934496 0.749260 -0.054994 3.135343 -11.771962 -3.351801 -0.299765 -1.789205 -20.977145 1.986838 0.318743 0.519437 3.756453 3.835323 0.740690 1.343791 13.253393 3.439190 0.966075 1.081369 1.800020 0.909193 0.074482 0.973880 5.703908 3.009336 0.027752 2.307877 1.939598 1.118763 -0.079584 2.790430 -13.884604 0.799561 -1.366646 0.223651 -13.343587 -5.287420 -0.208805 -0.715437 1.558208 5.079380 0.775227 1.830323 5.017549 4.069483 1.113458 1.226712 0.430364 0.537394 0.246914 0.363738 5.191868 -0.545301 -0.487705 0.178349 1.225487 0.502041 -0.521681 1.346138 -8.647536 -2.476278 -1.598102 2.923732 -3.381747 -3.638251 -0.355729 -0.232986 0.455668 2.823028 0.675900 0.267320 1.085808 1.300071 0.334099 0.242475 -0.492807 -0.879298 -0.616060 0.027650 1.494745 -2.140751 0.427660 -0.013264 -1.778747 -4.444342 1.176411 0.158504 -0.058004 -2.593052 0.018876 0.227324 -0.257117 2.225079 -0.151209 0.149168 0.085655 0.700337 -0.066575 -0.108764 -0.510815 0.867463 -0.036578 -0.007958 -1.880471 -0.431589 0.542955 0.000000 -2.771656 -4.828283 3.690134 0.000000 -2.652331 -3.805275 2.272931 -0.010611 -0.349250 3.562290 3.027854 -0.042445 3.387818 22.488675 1.773595 2.739261 0.440771 23.531936 0.470819 1.628099 -6.279818 6.559943 -2.960667 0.253546 -4.739108 -5.127232 -2.660443 -0.190695 0.230385 -2.252066 7.001275 -0.119376 0.629528 1.130854 4.134527 -0.068973 0.075911 -0.331905 -0.163147 0.000000 
-232.522192 -16.801500 13.111876 -5.069942 -99.791169 -26.799893 -0.603229 3.316116 79.987527 32.151056 2.051500 3.568258 582.481405 378.345883 22.472069 124.050811 392.571013 549.353688 13.514998 274.089073 -344.997475 -172.231788 -8.024946 59.791705 -815.558387 -513.500842 -2.867616 -141.456841 -30.632767 25.764692 10.339838 11.692608 -26.252678 12.798745 8.232323 15.656413 30.102464 -2.694827 -0.490358 0.473294 79.895164 43.457683 0.462810 26.873355 259.801347 179.998852 0.545608 123.229645 -61.447658 205.150291 -0.297138 113.181436 -576.769284 164.006964 -4.455846 6.387129 -6.211126 -11.407713 4.844276 18.524334 3.768519 -9.622360 12.225360 6.856826 31.822926 -17.989976 -3.166131 1.978114 12.460361 0.675543 -0.636211 -1.843128 159.936945 61.148072 -0.353229 21.595883 23.111188 140.996556 -2.512167 59.855755 -371.599403 185.475972 -16.597720 66.230334 24.213958 -52.843893 2.995562 19.948883 -3.506581 14.476737 13.775559 16.644705 11.423248 -7.788338 -1.619069 0.090067 3.254821 -1.991659 -0.801347 -0.675467 65.157178 21.899679 -1.243496 5.746174 65.061830 24.096725 -11.330732 17.326140 -146.610882 -0.855372 -43.999541 49.771273 12.699648 -30.080885 3.634910 9.475130 0.026936 -12.212198 3.308387 9.385598 6.351622 7.712274 0.723140 2.284741 9.921258 -11.291858 -5.617386 -0.051500 25.512550 -20.715029 -17.477885 1.126339 0.367692 -73.917891 -43.101775 4.774717 101.539486 -100.504591 -52.754285 24.471610 10.403581 -14.920646 0.266529 2.255433 2.386287 -15.090909 -3.193526 4.898607 -5.486379 -27.141873 -12.412075 0.906107 20.805556 -70.767906 -46.868993 0.000000 19.537649 -100.310606 -85.713422 0.000000 -6.270508 -86.106902 -47.876186 1.288950 225.365243 -33.997475 4.044536 3.095194 -52.535124 -135.611570 -4.982629 -7.396388 -56.473600 -173.130701 -28.147306 -10.011938 -83.243189 -161.759718 -19.305326 -4.007193 -46.565044 -3.132308 -23.958525 0.245409 -0.469161 163.055096 11.873584 3.409780 45.021426 200.182277 56.703857 2.251913 161.753214 195.538414 53.490588 0.000000 
-13.595705 97.846087 0.230283 11.614121 -34.844761 -17.962912 -3.670850 -0.432201 93.499592 43.694827 0.536068 6.654678 378.345883 441.360473 15.003775 125.847669 127.192786 461.078716 7.199061 201.573921 -249.099327 -139.203449 -3.946944 21.079023 -583.606928 -369.260382 -0.975921 -108.790174 -14.097133 48.651056 -2.828793 22.940924 -20.669626 15.878431 -1.385522 8.377512 25.561779 5.378125 -1.502143 2.510611 54.833435 55.838435 0.400520 39.396643 162.100449 146.014845 0.683094 105.922967 -51.929140 177.755790 1.398429 90.394960 -425.379553 115.276043 -1.377002 -9.549179 -59.977400 -17.693909 -6.359147 12.172482 2.268799 22.972758 1.895674 9.489542 17.837517 -5.918988 -3.132742 3.716611 7.750485 4.919090 -0.342159 3.662483 94.831446 58.692684 -0.350985 26.070911 8.838180 126.694368 -1.026477 49.361086 -273.135598 183.518621 -6.840424 48.291501 -118.151362 -63.202479 -4.291195 -1.254260 -40.740027 37.925671 4.537904 17.861596 4.452148 5.481022 -1.512448 5.081369 -0.198041 -1.577798 -0.842873 -0.232425 26.363687 17.747322 -1.375931 4.927711 52.951280 44.811091 -5.387409 16.062953 -126.337313 37.940924 -14.255433 54.732833 -59.694011 -79.220335 -1.760433 -7.049842 -23.410213 -18.373533 1.132180 -0.711764 0.949546 -1.507142 -2.182583 0.464595 1.068564 -10.145954 -7.894041 -0.017549 26.242628 -9.571370 -10.912509 0.351648 -4.403071 -32.202122 -22.085501 3.790991 67.653964 -38.780686 -26.316855 19.616111 -0.268136 -14.396796 -0.172023 1.083155 -2.393735 -20.397306 -3.443526 0.482502 -6.817468 -28.963422 -9.145240 0.129170 9.077441 -38.437098 -27.608611 0.000000 23.746403 -52.212121 -51.109326 0.000000 3.707887 -58.669473 -33.651719 0.212631 149.990664 -11.552189 -6.891491 0.688909 -39.882767 -89.635139 -3.945312 -4.612999 -37.991276 -69.456178 -5.834456 -5.981635 -58.078767 -69.918529 3.879859 -4.708091 -4.937659 -2.155596 -36.561779 -1.243649 23.446383 105.075298 -9.481073 3.634527 38.986634 136.672176 26.562443 2.397255 97.504897 103.867258 20.087389 0.000000 
-30.489389 -13.757321 0.394909 -2.074788 -10.419319 -4.418248 -0.677558 -0.003290 3.021911 1.470462 0.205974 -0.023977 22.472069 15.003775 7.803005 1.149883 20.026987 15.834201 5.211254 3.425620 -4.569865 -16.268008 -0.434292 -1.493470 -34.347694 -23.664703 -0.158912 -5.504591 -10.802852 8.779385 1.026757 0.611647 -7.637231 2.352821 -0.599327 1.896439 4.974569 0.175441 0.101775 0.543950 8.793133 3.356163 0.376798 0.896822 21.140292 6.698883 0.300531 3.848459 -2.646159 2.794409 -0.124860 1.827798 -28.786884 0.413198 -0.256530 -2.944317 -1.295710 -0.610040 -0.695567 1.759106 -2.702301 -0.562060 -0.029359 1.365447 5.675033 -0.941511 0.277446 1.044332 1.162585 -0.065861 -0.022702 -0.033619 13.253801 4.852541 -0.004999 1.725156 0.694036 5.391261 -0.252449 3.744898 -23.889884 5.991787 -1.092465 1.754719 -6.848179 0.559688 -0.036935 1.703602 -1.404295 5.745281 1.618738 2.417636 2.144194 1.209519 0.379145 0.170314 0.538261 -0.016707 0.182941 0.037675 6.419294 1.305249 0.258239 0.433706 5.786399 1.096929 -1.158657 1.433986 -15.566039 0.528313 -3.576523 3.675263 -6.744082 -2.983599 0.022064 0.377589 -2.163861 0.154449 0.648199 -0.032114 -0.502423 0.707938 -0.062137 -0.133940 0.962886 -0.650495 0.136160 -0.002270 1.303438 -2.779104 -0.979058 -0.011351 -0.263213 -4.371416 -3.100296 0.773901 4.919039 -7.051270 -4.994822 2.749898 -0.460514 -2.260764 -0.109198 -0.131670 -0.211713 -1.784512 -0.369376 -0.093077 -0.336955 -2.361188 -1.378864 -0.006811 1.364478 -4.447429 -3.146516 0.000000 -1.658708 -7.532828 -4.837338 0.000000 2.286986 -8.775814 -4.066065 -0.009081 18.428298 -10.223064 -2.414294 0.004081 -2.035736 -5.896541 -0.453755 -0.236098 -2.980028 -13.154780 -2.716891 -0.326905 -3.526222 -18.953219 -3.553413 -0.431334 -2.077339 -17.015738 -2.906387 -0.292853 -5.008749 3.615243 -5.689419 1.837236 3.826803 19.990817 0.902663 1.395521 20.042623 17.481992 9.278313 0.000000 
-28.300684 -7.534180 5.213550 -1.084430 -20.498061 -13.772931 0.969595 -0.826752 33.685134 19.750995 -0.408581 8.111927 124.050811 125.847669 1.149883 88.733905 34.792827 67.520151 -0.560555 99.578053 -106.542088 -101.935364 -1.087644 -1.637639 -214.323130 -150.899551 0.021528 -40.329201 16.380114 18.340220 3.449852 11.953474 -11.893888 -0.116417 4.072391 2.084226 -2.162943 -1.049536 -0.839914 0.343077 15.674676 12.976227 -0.142485 22.396592 61.781706 53.021426 0.062239 62.064024 -31.131925 69.534078 0.958474 46.792215 -185.279767 31.591113 0.147740 -9.380726 13.761453 -12.951638 1.620090 10.608050 0.643659 -7.532446 1.105857 5.090654 -2.070605 -5.009234 -1.293950 0.367565 2.445873 1.658657 -0.074125 1.373635 29.611927 24.926232 -0.138149 14.879655 -0.026120 57.742730 -0.798133 31.148250 -125.816192 92.095551 -3.488471 25.721202 11.095347 -36.129477 1.297776 8.929497 7.554382 -5.791909 2.230538 10.440822 3.511274 -2.211968 -0.633711 1.773850 -0.925008 -0.301602 -0.190797 0.148556 2.435823 2.808693 -1.270687 1.267269 1.945720 17.521630 -3.149015 9.350883 -24.307316 23.190848 -13.286348 24.782471 -2.464697 -17.026069 1.452505 3.014182 2.315937 0.066524 2.333231 3.242679 3.587338 -0.298031 -0.683808 1.291450 -1.956076 -4.798337 -3.942353 0.016325 -9.241557 -14.004081 -7.316294 0.157382 -10.951689 -17.038312 -9.181563 1.322569 55.055862 -13.286348 -10.481737 6.139935 -1.230487 -5.658606 -0.089685 0.643812 -0.983981 -5.693603 -1.458219 0.618814 -3.065146 -9.176615 -4.110958 0.139884 -8.324916 -20.792011 -14.245689 0.000000 -12.571472 -31.166667 -18.766401 0.000000 3.028722 -9.046016 0.534486 0.388532 49.097949 17.739057 14.136670 0.523824 -14.438629 -33.116009 -1.444342 -1.393123 -13.989440 -38.441282 -5.078002 -1.861341 -31.344863 -77.157535 -17.448730 -0.908377 -22.363840 -48.098153 -9.544128 0.035200 13.005714 30.446281 47.493317 -0.356290 9.970972 44.619376 29.396694 -0.272523 15.823845 38.574737 8.271656 0.000000 
-801.989236 -162.537547 -3.772982 7.065401 -400.849913 -159.069228 -29.335119 8.829813 -125.500051 -42.350015 -4.991072 -6.137231 392.571013 127.192786 20.026987 34.792827 1358.700235 804.309713 26.695337 285.860882 -5.789562 355.931640 -5.483267 217.919600 -1142.589124 -566.901235 -11.491940 -169.713039 -69.133354 -43.760790 -27.339710 24.791858 -13.698602 -15.476686 -5.609428 21.688603 -14.437353 -19.005765 -2.814662 4.208397 59.087134 -12.315019 1.923171 -20.140445 540.929854 137.854760 0.089175 70.860320 293.645852 149.884247 -3.418631 121.391542 -921.658555 53.559127 -15.818590 1.652944 61.083002 -137.476890 -16.176207 14.830272 62.205948 -97.148607 0.309560 13.543516 36.819967 -34.234823 -1.477451 7.879349 20.297725 -16.880063 0.462912 -10.668452 315.908224 22.779767 -0.079227 -12.164116 402.143914 86.641720 -9.495103 39.028722 -843.407101 79.982757 -37.803285 112.426589 158.438782 -48.058770 9.839863 45.700541 79.997143 12.179471 15.885420 29.580553 29.805887 17.848638 1.748444 7.554994 13.221457 1.742169 3.822671 2.382563 189.735486 15.263238 2.798337 -1.522294 297.721814 -45.182073 -26.236557 10.312162 -386.590144 -192.586930 -105.710591 50.476074 97.526885 110.697837 17.343077 29.344149 27.955668 51.840935 12.715386 12.274666 8.013264 14.345067 -2.350474 0.734211 20.271197 -26.387562 -1.541679 0.139220 124.108611 -50.404755 -14.519998 1.276911 100.443934 -159.117437 -77.674829 5.324253 28.737680 -229.564126 -101.584430 24.279665 3.213958 36.095602 5.612335 3.685899 -8.330783 -9.466330 1.284206 2.601979 -17.945618 -42.979645 -18.191766 0.281298 15.856902 -113.726354 -30.173299 0.000000 72.160851 -126.959596 -82.843842 0.000000 -8.474645 -125.370932 -79.734874 1.708397 209.729262 31.405724 13.485155 5.762881 -47.231558 -47.388736 9.274513 6.418325 -133.853076 -236.126467 -20.458474 -0.093664 -120.514896 -198.726559 -0.569942 6.376135 -119.902561 19.009591 128.225232 4.595807 -92.708091 108.537190 120.971431 -0.033058 11.797572 206.346648 49.709826 -0.607540 123.808693 213.512448 47.261555 0.000000 
62.831140 396.976176 -1.472350 59.765024 -125.106775 -17.532089 -24.882206 25.692684 -84.512652 -60.278543 -11.700082 -10.235282 549.353688 461.078716 15.834201 67.520151 804.309713 1566.192735 28.943628 376.215794 -390.786195 678.844608 1.245740 312.171921 -1163.319814 -469.667789 -8.132333 -108.818641 -2.804051 -9.574839 -36.030966 24.895929 22.681002 6.029334 -31.749158 34.829150 -45.882818 -41.369044 -15.536119 -5.913478 24.291042 11.653097 -0.881849 -9.825273 354.745230 181.328895 0.519335 74.253393 184.939088 227.520406 2.679574 123.324559 -698.599480 203.325018 -4.732527 61.601724 -171.819610 -108.056627 -40.724467 12.124732 96.474186 -15.288950 -11.729058 11.256606 14.114529 -23.731048 -8.079635 -2.870932 -10.992552 -15.568820 -0.783696 -14.079176 207.795021 23.685338 0.442710 -13.640139 303.059331 105.505204 -2.755127 21.486583 -567.769207 101.668146 -7.997602 83.097133 -177.818488 -91.509183 -10.330068 21.456331 -2.238802 89.392766 17.442710 45.340782 35.551933 25.537955 1.154525 5.906285 -2.376645 -1.038006 -2.977553 -2.316294 106.420773 34.904346 0.043108 -0.993470 272.651311 30.825630 -3.504642 1.370727 -301.370830 -88.038414 -54.014386 33.672380 -43.246659 -49.289970 7.436690 11.283185 -25.373176 44.885114 16.425875 20.889858 21.875319 28.187685 4.951025 4.109530 1.787114 5.818845 -1.912254 -0.069279 117.172993 6.747118 -23.095858 0.668758 79.691664 -116.770840 -69.605091 5.348995 59.368840 -193.024487 -83.059892 13.781247 27.218090 8.174064 4.520814 4.719212 13.950770 -12.907407 4.109275 4.896949 -6.649577 -22.270125 1.825834 0.519437 -0.867003 -80.954086 -37.377053 0.000000 75.744567 -111.707071 -123.439598 0.000000 1.939445 -189.132435 -113.203296 0.005714 313.306550 -55.208754 -16.383685 1.729926 -47.199112 -59.456994 10.922610 -9.073666 -92.588154 -86.899092 29.288440 -12.758953 -152.143812 -48.550148 44.225130 4.230997 -127.885624 50.343179 -5.450515 8.174166 -35.177278 167.223140 -18.090042 4.155188 48.095756 287.579890 48.127640 1.138149 239.368993 269.587032 40.037343 0.000000 
-46.250332 -16.506479 4.709723 -0.355933 -6.953831 8.971483 0.134731 2.787114 0.270228 -0.438629 -0.239312 -0.037445 13.514998 7.199061 5.211254 -0.560555 26.695337 28.943628 12.798796 2.264004 -10.052189 5.069534 6.092644 1.040200 -34.614529 -16.438272 -0.099990 -2.019743 -37.079788 6.342516 0.687532 0.593970 -1.236557 7.056525 -0.094276 4.797113 6.670697 -0.428936 -0.337619 0.807418 5.234211 1.225691 0.093970 -0.295939 29.204265 6.135751 0.268544 3.332466 2.020508 -0.591113 0.623457 1.321906 -32.344965 -2.173503 0.692123 -3.111825 -22.948067 -5.211050 -1.078563 0.420722 9.712682 2.864708 -0.427507 3.723192 12.314764 3.034078 0.215998 1.547699 -0.542802 -0.562494 -0.064789 -0.557188 19.290838 5.764157 0.345169 1.215896 11.804306 6.631160 0.416743 3.074023 -39.023722 5.791450 1.260229 0.236200 -7.838078 -6.329201 0.481584 0.907305 8.046883 13.910264 2.648199 4.315784 7.978370 7.845883 0.800020 1.154321 -0.153658 0.780431 0.487654 -0.123100 11.160035 7.989593 2.527599 0.200541 9.424446 11.371340 3.292521 1.831293 -36.124120 7.417202 0.564891 2.792266 -3.036170 6.921284 1.421896 1.176411 -0.303591 9.225997 2.695337 1.908122 0.579227 5.721406 2.720692 0.491480 0.500765 5.620549 6.533466 -0.006479 5.079533 7.227630 4.656464 -0.002092 -0.908836 0.215284 -0.026222 1.075247 -19.883991 -7.303796 -3.364351 2.860167 -0.314050 2.795633 0.696358 0.078767 1.337108 4.367003 3.683655 -0.093919 0.725334 6.244873 7.633762 -0.019437 -0.198653 0.671258 4.048771 0.000000 0.765534 -7.398990 -4.600806 0.000000 0.595909 -15.296857 -6.882563 -0.025916 2.097490 -15.695286 -4.732476 0.098357 7.310223 30.618610 9.057188 -0.512193 3.093205 -6.363534 3.302469 -0.660239 -2.679420 -27.096317 -2.800888 -0.387562 -4.957810 -27.449240 -3.453525 -0.229721 -5.954035 -7.803949 -6.455413 1.496327 -2.848281 7.036272 -3.127640 0.907305 14.136058 10.402867 3.689930 0.000000 
-57.431589 14.592287 2.962810 18.275941 -71.922406 -37.071166 -4.447199 2.000918 -2.061983 -3.308999 -2.885216 4.294766 274.089073 201.573921 3.425620 99.578053 285.860882 376.215794 2.264004 264.844812 -213.626263 -41.350781 -4.962351 113.647383 -599.845730 -352.171717 -2.656107 -84.171258 56.106520 -28.263545 -2.308540 22.743802 -28.185491 -18.410927 2.156566 7.652893 -14.924702 -15.327365 -4.132231 -1.443985 16.726354 8.186410 -0.306703 16.516070 135.459596 88.325987 -0.087236 87.314509 12.074380 142.692837 -0.166667 100.859504 -410.831497 133.970156 -3.470615 24.679982 13.518825 -39.244720 -1.707071 24.245638 1.398990 -20.461892 2.923783 12.882002 -6.916437 -9.809917 -1.517447 -0.904040 -0.789715 -2.630395 -0.188246 -2.755280 68.557392 22.851699 -0.553260 8.927456 56.986685 73.821396 -3.903122 37.714876 -244.900826 126.256657 -16.158402 60.245179 10.927916 -87.516070 -1.434803 23.005510 1.761249 -2.871442 5.628558 24.316345 4.981175 1.448577 -0.049587 3.232323 -1.197429 -0.910927 -1.267677 -0.499082 14.176309 4.420569 -1.843893 1.160698 40.675849 6.947658 -4.043618 8.600092 -48.888430 -10.609734 -31.999082 27.303489 13.786501 -27.643251 1.934803 12.160698 4.590909 -1.340220 3.507346 12.168503 10.464187 8.902663 1.279614 3.389348 -1.950413 -5.610652 -1.428375 -0.008724 -9.663453 -22.913223 4.768136 0.400826 -11.175390 -42.014233 -12.387052 1.775023 65.452709 -31.458678 -21.875574 9.056015 3.236455 -5.140955 -0.052801 2.781910 0.791093 -3.747475 -0.094123 4.324151 -7.455923 -12.293848 7.893021 0.625344 -17.409091 -42.596419 1.043159 0.000000 -31.288338 -75.989899 -25.849403 0.000000 0.068411 -52.166667 -13.796143 0.591368 103.836547 -3.196970 19.003214 1.304867 -29.277319 -29.687787 3.699725 -1.270891 -45.169421 -43.384298 12.045455 -3.847107 -78.957759 -183.718090 5.722681 3.372819 -71.141873 -129.660239 -17.661157 5.793848 -5.608356 39.044536 58.683196 0.117539 23.711203 89.349403 53.932966 -0.570248 71.435721 98.573462 30.248852 0.000000 
