717.483930 331.647689 56.237527 63.597184 -4.920263 0.552801 -17.429752 -1.235231 -181.572544 -127.246556 -145.630701 -36.319100 25.097796 -221.171411 -134.366085 -111.123202 212.190695 -48.695592 -16.260331 -92.588001 120.199418 45.386746 -3.969850 10.388889 84.240894 81.409856 4.499541 27.832568 979.544230 -39.658402 50.277625 2.295378 -42.119223 20.902816 0.273799 3.098102 -200.073768 3.628252 -59.814050 -0.814509 -56.455005 -62.865320 -70.266605 -1.195745 32.547597 -47.711509 -40.691460 -9.765381 5.009489 -126.084634 -22.237374 -44.992960 103.524640 -74.838996 -1.709826 -71.929293 562.537496 -182.128558 23.155647 -134.408173 -24.377257 35.113254 48.758035 -1.303949 1.936027 5.779461 -43.460361 29.897306 34.214417 -86.894245 -106.992654 10.767065 9.015764 -21.458678 -19.712427 -10.001684 -127.580043 5.783900 -20.043159 -17.858586 -118.196970 11.382308 -6.053566 -75.845271 238.445669 -54.500306 -5.153352 -102.358280 10.573615 -64.419651 -70.420416 -35.812213 -36.681971 -79.087695 -77.123661 17.437863 125.275482 -25.557698 -18.428834 40.580349 88.408785 24.860269 16.020049 -16.552342 -165.670493 -4.428528 -11.027548 -16.725895 -104.776400 68.313284 36.532140 8.160851 136.087695 30.005357 -18.406642 -24.243189 -75.195439 -42.547291 -68.963422 -49.214876 -91.325987 -89.176921 -36.656719 -77.098408 142.490970 -64.264310 -5.193603 -42.111111 41.480716 58.040404 -9.432201 6.110040 -108.197735 61.552036 -20.897306 -13.827977 -36.316498 31.089991 36.488215 -1.304255 19.600704 7.558923 -4.020355 26.927150 -64.298133 -26.528926 -10.875880 -7.505510 -26.413682 -45.671258 -7.824457 -39.680747 145.730181 -102.244414 16.474594 -50.986379 21.778084 64.265687 -35.840067 -6.797827 -67.630089 88.460514 -33.225742 1.260637 -2.571931 -19.939547 -15.299663 -0.652280 25.531680 22.276094 4.823998 27.560453 12.287114 -17.648607 -11.127028 11.386287 42.472758 -15.481022 45.682430 -5.345424 136.405571 -64.642792 60.080349 -7.904653 -63.684726 -65.461586 -104.910621 -0.171717 -66.142792 -17.716253 -31.769972 1.248546 -3.782369 -4.752525 -1.567034 0.262932 
331.647689 221.824125 23.297776 30.492475 -6.900928 11.409397 -15.607132 0.429803 -97.766912 -57.479339 -98.109402 -19.768978 19.009336 -106.527344 -69.612897 -72.547852 123.729747 -7.506887 -6.609122 -55.694955 82.705489 14.067672 -4.623533 5.109428 28.106418 22.330630 0.562060 4.373916 617.195235 91.368610 18.491787 23.150775 -19.416794 11.951127 -5.764896 2.664652 -134.125548 -7.456356 -39.007193 -2.717860 -26.740129 -18.241863 -38.865065 -4.043720 2.353204 -15.755025 -29.269972 -8.396159 3.254183 -84.409882 -18.664983 -15.563259 20.987348 -55.982349 -5.003061 -55.710438 389.126773 -129.199801 3.997857 -79.550888 19.535838 33.242093 20.487603 1.841292 -26.464366 10.411055 -9.587364 6.792649 16.173707 -42.274003 -50.593970 5.931793 -14.261759 4.495409 -15.853969 -8.633277 -67.724084 21.565070 -9.676462 -2.245791 -101.112795 22.857259 -9.309050 -40.650750 112.422610 -40.582083 -10.253444 -78.980206 26.008749 -17.675314 -36.057290 -17.922100 -22.730436 -37.666743 -36.055658 -3.084660 65.386899 -19.291756 -9.844047 13.591521 22.656132 10.581089 15.475793 -6.678528 -104.332441 -4.256071 -2.736838 -7.238369 -27.479109 21.294409 -21.530227 15.122232 24.863713 44.588817 -12.998214 -29.430798 -29.826115 -19.544689 -46.951969 -27.977808 -44.456765 -56.331446 -26.545250 -36.741685 72.435440 -50.670314 -6.087823 -37.554714 22.945745 8.675926 -2.047470 -5.543184 -68.723727 -8.085374 -18.985410 -13.177176 52.016274 -2.192378 -9.464927 -1.054765 -29.515585 4.471100 -4.610907 -8.779971 -33.458550 -20.122207 -7.979466 -6.749388 6.827671 -24.336471 4.294562 -15.668937 64.949827 -51.454418 11.360473 -24.790889 -8.086267 56.979084 -30.466611 -4.984211 -35.795404 70.987833 -4.873253 -0.853408 19.867794 13.370574 24.166386 -0.086522 13.669039 36.681538 7.105040 6.848689 14.983344 35.312621 18.373916 4.276196 34.277064 24.292037 63.826625 -4.392970 20.225232 -29.545301 12.245562 -5.552214 -53.285685 -2.568896 -74.273212 2.446128 -26.812978 22.745409 -10.508724 3.553285 -0.525023 8.595960 4.548133 0.358178 
56.237527 23.297776 8.300480 2.856698 7.369707 4.877564 2.403275 0.213448 -11.962657 1.382002 -10.459698 -1.605908 6.674778 -11.897357 -11.848077 -3.527446 5.395827 -5.275482 -2.058463 -6.662943 2.997908 4.655239 -0.128762 -0.190236 6.325171 7.312162 0.307316 1.849454 62.448016 -3.403734 7.561473 -3.404449 4.593103 1.717376 1.238037 0.597286 -17.521375 4.322059 -5.839914 -0.335629 -6.615243 -2.869248 -5.290583 1.920671 -2.798337 -1.326701 -4.516070 1.064432 -3.084073 -3.402561 -1.728956 -3.214978 8.468115 -2.304612 -0.018059 -1.718855 34.657892 -11.029079 0.564126 -11.867156 0.408836 2.469340 1.807163 0.917661 -2.447250 6.111672 -1.815529 1.199776 1.643557 -0.442710 -6.634221 1.069126 -1.259361 2.144628 -0.905673 0.156004 -9.105346 4.796959 -1.561830 0.043771 -8.215488 1.690491 -0.272217 -1.846495 24.121008 -4.387154 -2.506428 -10.580859 -2.149475 -4.743189 -9.057035 -1.927762 -5.691052 -5.413835 -6.380063 0.352107 13.442302 -1.710081 -1.340986 1.982400 9.483216 1.360831 1.024436 -1.467707 -12.540608 -2.906693 -1.411234 -1.253597 -2.164371 0.081624 0.151209 0.144067 20.333027 2.592542 -1.858994 -0.901388 -9.224161 -2.790940 -4.330170 -2.947352 -9.607285 -5.004183 -2.512601 -3.938986 10.073054 -3.705948 -0.126824 -4.639731 0.489746 4.619529 0.344761 1.004387 -10.360984 0.126008 -0.640853 -0.328334 4.468575 -4.705234 6.649270 -0.269156 11.377155 1.278900 -0.345934 7.667024 -4.717988 -1.203092 -0.237017 0.881390 -2.472299 -2.866238 -0.110907 -2.469034 13.949852 -8.522396 1.344302 -5.166412 -2.964697 12.278951 -3.960157 0.362769 -7.446332 15.397153 -0.333588 1.735180 3.545659 -1.382971 3.770483 0.029589 4.475360 3.583614 0.573105 5.376288 3.457198 1.114835 -0.226303 2.169626 7.703194 2.788083 4.841649 -0.818692 18.272472 -3.899602 3.032905 -1.969595 -9.727630 -3.109938 -11.277523 -0.309764 -8.344047 2.477961 -2.404500 0.945108 -0.142332 1.030303 1.251913 0.095909 
63.597184 30.492475 2.856698 13.554765 -6.520457 -3.136058 -4.713193 0.148658 -9.539639 -21.534894 -18.752500 0.008800 13.595194 -38.025661 -19.444546 -12.672431 22.556346 -19.481635 -4.290940 -12.070375 5.870472 -9.297648 -1.530941 -3.698653 1.305071 -2.152535 -0.003597 -3.203525 115.693552 -1.681895 2.700541 9.295557 -15.347771 3.919141 -1.443348 0.302699 -23.223192 2.243980 -5.638506 1.822544 3.062902 0.564534 -7.528364 2.053923 -0.665315 7.031170 -3.360882 -1.123431 -4.405749 -3.443552 -3.503367 -3.206356 -6.571574 -8.950362 -1.164677 -13.149832 72.497143 -22.977579 1.780686 -12.768059 -8.940593 7.127615 9.442149 -0.906183 -8.573793 8.377385 -1.553694 3.346521 7.951485 -3.417100 -9.169728 4.135496 -11.606877 8.141873 -1.264743 -0.634961 -21.449674 16.184599 -2.984542 0.228956 -24.239057 6.323589 -2.618814 3.894705 18.691970 -7.406999 -1.622130 -8.564381 -5.785864 -6.917738 -3.412509 -4.775635 -9.743904 -7.469773 -2.503469 0.139246 17.871748 -4.162126 -0.551117 4.424855 -1.911208 1.567621 0.825962 -0.451255 -27.517626 2.472885 -0.661081 -2.248470 -11.665978 5.484644 1.343511 9.948832 -2.555479 -1.687277 -3.595858 -0.195108 -9.767192 -5.524487 -8.869478 -6.129324 -11.850704 -12.567136 -2.240537 -15.537981 20.580221 -15.884119 -0.725870 -7.312290 4.314432 8.211279 -2.273059 4.407994 -13.871875 16.114963 -2.185746 -1.665391 -0.254770 9.888430 3.341470 0.817289 -9.845551 -3.934624 -1.503163 3.107234 -7.977069 -1.834328 -0.001352 0.179905 -3.753137 -6.972834 0.525202 -7.907994 16.256224 -16.149704 0.902561 -7.132640 7.688144 4.076727 -2.160213 -0.021248 -8.051296 15.452479 -7.092108 0.072518 -0.325809 7.498521 -1.734287 -0.123559 -3.088537 -2.001964 -0.999337 1.128150 -1.306219 -2.618355 0.266172 0.981584 -0.660647 -1.871263 8.309790 -1.118559 5.950821 -4.232170 12.669804 -1.429318 -6.475921 -11.637920 -7.549306 -0.695286 -9.050352 -5.340450 -4.973370 -0.251428 -0.444215 -1.277778 -1.012473 -0.008826 
-4.920263 -6.900928 7.369707 -6.520457 586.938986 169.548975 174.040710 9.457045 362.506275 684.795684 192.701051 102.554484 -365.506275 308.177125 -160.814305 266.148352 -230.984593 -123.152433 -48.530150 72.255076 -132.391083 -7.027752 -0.672737 -49.446128 -18.607846 27.240792 8.515458 -21.457963 -44.748903 -3.497092 -1.398327 -39.529130 625.927405 52.749413 68.907816 22.441894 283.445924 103.632793 -18.590297 50.495868 -176.208448 3.375982 -65.704979 52.329711 -23.460463 -43.775380 16.561983 69.124732 -108.536068 14.865065 28.350168 26.472860 -18.613509 32.179420 13.954699 27.840067 7.133813 18.344965 12.066269 -108.071319 393.793031 54.059739 -69.816804 35.611723 125.794052 88.861392 -147.010152 40.721100 -132.686716 72.213448 37.434496 -8.563004 -20.898276 26.245179 36.449138 41.901235 -32.917457 27.586267 25.776247 18.299663 -35.446128 49.289460 32.004846 11.465871 70.073819 87.142741 15.373278 -56.876747 16.292113 63.843740 -136.895368 43.645852 -58.004387 112.285736 -82.292419 102.294511 -187.858739 85.918376 29.407101 49.779767 55.595602 23.379910 3.360933 18.683043 67.392001 -11.217121 -16.343587 6.169115 33.140496 17.431997 -24.558463 -15.161667 52.729415 100.076115 2.667840 -4.363687 -117.669932 106.076982 -13.363891 40.853688 -85.930823 150.864300 -8.455566 162.418019 -151.467605 140.273288 -4.689675 98.114478 18.334405 44.430976 -0.426793 24.657841 37.070656 -23.621110 -27.386083 10.476788 22.686308 56.466942 11.655443 0.806652 -45.465004 117.803591 -3.995970 -5.095092 -75.452199 24.153964 -18.468830 -0.053566 -21.779767 49.492960 -9.811193 42.938119 -89.287012 87.764514 1.743087 10.626161 -30.457555 17.119733 -2.225028 26.272064 45.636109 5.805785 10.323334 10.451383 -0.806142 16.899653 10.781706 1.695235 -78.160851 4.236251 -5.378737 -15.889909 -36.813182 29.654066 -14.553923 -3.244618 8.685389 110.360524 8.440108 -4.641210 -124.585757 43.782063 26.911081 -10.261657 -22.101877 8.564177 5.722120 0.102694 43.782063 28.411846 8.578972 8.165391 -1.624885 -2.747475 9.766912 0.971738 
0.552801 11.409397 4.877564 -3.136058 169.548975 122.173554 69.140037 10.770738 25.302571 290.406795 -9.075605 59.436639 -108.646006 68.785430 -74.192531 41.192684 -86.136670 7.549587 -2.755739 -32.619223 -26.514539 11.496939 -1.155341 -5.434343 -1.083716 -8.713193 2.478421 -5.211050 35.322926 32.095500 5.334558 -24.272115 145.428528 28.161310 28.097490 6.654576 -61.430058 30.489134 -14.250230 8.925161 -30.415519 -11.461279 -34.028773 19.631619 9.785889 12.171870 -2.362259 17.229109 -33.580961 -0.625957 -0.383838 11.711356 -12.979951 -12.055709 4.850321 5.550505 55.134374 -15.855372 15.709366 -57.876033 80.553413 31.816192 -1.372360 14.027548 -48.927609 27.835017 -25.923171 1.493266 -7.558770 2.770125 -2.952709 5.520049 5.277931 21.426997 13.800429 16.084175 -58.299051 25.329813 7.734160 6.060606 -54.156566 27.007193 19.872972 12.449036 34.975054 31.633762 13.297521 -28.820631 -2.321243 22.286501 -40.919498 12.270432 -62.650291 24.499541 -16.576370 -3.780686 -27.915978 16.325222 12.743802 -12.642792 40.512550 10.228956 10.329507 5.570248 -49.524946 2.079737 2.750689 -1.081726 -16.359504 12.655341 4.455005 -5.286807 13.247934 67.088460 -0.251913 3.046526 -46.047597 39.807622 -14.944138 14.835170 -25.957759 55.273952 -0.064432 26.671105 -13.533823 39.215488 3.407407 -17.525253 22.896694 6.560606 9.563667 -6.562137 -44.286807 -0.992042 -5.917508 -3.219620 19.658249 3.901286 -17.703704 -1.192225 -29.633915 46.619529 -4.226048 -2.725283 -36.347260 6.736455 -8.179829 4.690542 28.147842 34.137741 1.989593 15.850015 5.749464 33.298745 9.092133 -11.477655 -31.613560 29.440159 -3.026936 4.680594 -17.338078 7.810836 -0.204163 5.566422 24.898684 5.723447 3.392256 0.824304 -24.036272 -5.345118 -1.425314 -4.791705 -1.918121 2.032293 -4.221151 -3.883226 53.137129 63.605755 38.586012 -2.423477 -0.396082 31.788797 28.559229 -8.267830 -78.193909 12.101775 -32.760484 1.590909 -16.726354 29.179522 0.861800 9.829813 0.652893 7.479798 13.612029 0.957147 
-17.429752 -15.607132 2.403275 -4.713193 174.040710 69.140037 124.583104 -1.308693 25.191001 282.040863 160.436333 5.893480 -141.514233 149.296449 -37.715029 102.807928 -58.125191 -52.456382 -10.577135 52.197582 -49.966789 -7.469085 2.217937 -14.919192 -10.310530 11.905265 1.684114 -4.334558 -66.443373 -34.955464 0.172482 -23.795072 292.656719 20.011172 61.045148 10.256964 37.858739 29.985002 26.307622 -0.528466 -79.533058 -2.824916 -4.475054 4.998929 26.534741 -37.907101 9.623967 39.488522 -29.840373 -6.107132 10.656566 11.070860 -22.592899 -1.991889 6.751148 15.671717 -55.025865 -0.109734 0.252066 -42.807622 206.421641 16.913529 -27.158861 26.691460 2.703704 51.501684 -21.996174 14.867003 -81.769054 31.875268 37.377410 -11.794919 16.815121 2.424702 19.456076 20.715488 14.056780 14.732017 10.544077 11.550505 -34.742424 15.830885 16.793082 20.100092 8.397919 53.713652 9.898072 -6.370217 9.020814 37.840680 -60.978727 39.934803 -53.948730 49.786961 -31.093817 45.896541 -112.200643 32.465259 15.891644 0.143710 33.814662 8.506734 10.541169 -0.990817 62.276706 -3.034129 4.511478 2.376951 -5.385675 -2.783594 11.147383 -7.975972 18.743343 53.210591 3.240282 11.064432 -62.204622 55.231405 -4.218243 30.241047 -43.506428 90.728038 4.576523 92.724365 -87.545761 72.245791 3.826599 42.621212 4.924702 12.121212 17.565044 0.606367 33.983624 -14.699571 5.956229 0.947964 -6.402357 -10.576217 15.367003 2.117233 -32.862106 50.771044 -6.665901 2.576370 -47.196204 15.089073 -7.120600 -2.336088 -13.547750 21.704775 5.147536 23.100704 -39.418580 36.348332 26.571472 18.164218 -41.274258 1.939241 28.831650 5.878023 -3.955617 4.258035 7.835782 4.211968 0.011172 -10.499235 8.250842 0.433119 -38.830119 -18.057239 -5.231099 -7.852770 -19.031527 28.248087 6.125038 -1.810223 6.201867 94.238445 68.264616 -1.540557 -66.785430 36.774564 98.017447 -6.597949 -122.162228 -8.803183 17.573309 -1.333333 -21.568871 6.803489 -0.453168 3.120906 -0.840680 0.560606 4.264463 0.362106 
-1.235231 0.429803 0.213448 0.148658 9.457045 10.770738 -1.308693 11.708805 0.386440 15.691460 -17.237119 41.098102 -23.356137 -17.564687 -16.516172 0.487807 -28.552699 -2.063820 -0.853841 -19.021937 -5.724569 1.821498 -0.864963 -1.860269 9.368891 -4.156668 3.125650 -1.540302 16.304204 11.024487 1.020559 -1.150495 -11.103969 0.358076 -1.074890 0.279512 -17.918784 -2.277370 -6.869911 8.084022 5.831038 -9.991021 -9.642230 12.029130 -14.395572 7.922814 1.067952 -5.335323 -5.799918 0.155392 -1.367003 3.471789 2.955974 -12.240996 2.797674 2.234007 32.688603 -2.937404 -0.208295 -7.948271 -9.981686 -3.981430 -0.669421 -1.874962 -13.121773 -8.433221 -0.819763 -1.448934 15.196664 -13.569993 -0.798286 5.455974 -5.533415 -1.384298 -1.415111 2.281706 -19.592695 0.694470 0.225283 0.789562 -16.395623 -5.309560 3.261351 9.906642 4.657076 -2.958882 -1.539486 -1.830681 -7.429344 -3.844047 -1.519029 -3.508877 -18.307724 -3.591674 12.667330 -10.536833 11.985155 -0.161667 6.438323 -1.943373 1.155596 5.080247 -1.093919 3.452097 -25.954035 4.294511 -2.641108 0.363789 -5.099174 -6.082849 -7.044689 4.316600 1.379553 -0.438425 -0.276757 -1.627844 -6.035558 0.906642 2.123406 -0.565963 -4.764616 -6.070350 7.473421 -15.935364 15.489083 -16.553311 -0.268799 -16.713805 13.114019 -7.356902 -4.765942 -1.192786 -15.142996 -2.052393 -6.367565 0.563259 12.477553 -6.454086 -4.706510 -0.301857 11.574788 2.461841 0.488573 2.794562 2.204061 1.788032 2.304663 1.607132 9.327212 4.473676 2.257066 -1.519335 8.875370 -6.557647 -1.378431 -8.528415 6.830936 -3.858994 -4.162738 -1.742781 -0.916998 7.762167 0.033466 1.624171 3.787369 7.338741 5.126824 0.057341 1.801500 2.505612 0.365218 4.023926 1.872156 1.801296 -0.015049 0.755229 6.130905 -0.313641 -6.129375 0.864912 13.993062 11.956076 -7.690848 0.181563 2.826650 5.691511 -4.240537 -1.013468 -2.569177 2.817723 0.150138 -0.100143 -0.351240 -0.676768 0.865167 -0.007448 
-181.572544 -97.766912 -11.962657 -9.539639 362.506275 25.302571 25.191001 0.386440 1312.844812 500.380624 192.886746 143.043618 193.892562 413.337313 -151.062137 353.474135 -597.228038 -202.209366 -132.182277 102.855984 -350.321702 7.260024 -14.249464 -89.762626 -192.110805 13.065504 -8.223140 -61.479645 -296.990664 -12.220845 -30.577747 2.905571 317.232935 4.872972 -1.905265 -1.835782 795.768289 62.884451 -40.481635 88.845730 115.180900 98.063973 -78.223447 100.551270 -209.568105 146.497857 -2.559688 69.317723 -163.336241 217.591674 15.797980 76.581420 -89.624120 74.466789 -41.651974 64.000000 -182.820631 181.252984 6.942608 46.335170 116.797674 43.987450 -33.615243 -4.234160 243.340067 21.734007 -196.691766 38.013468 -30.515611 87.208142 -37.672176 34.077900 -125.981941 56.915978 -8.998929 61.922559 44.121059 48.867463 -30.384298 56.818182 128.146465 -34.605755 -73.979186 106.890266 -22.120447 77.455617 24.572084 -18.541475 -41.664218 5.408173 -26.258341 21.087695 77.240435 57.309458 -55.380318 110.384144 -47.938935 40.446893 -31.327365 99.877870 -95.519131 -37.801347 -56.441384 52.218549 132.207836 -46.853688 -56.954086 20.275482 259.199725 -40.927303 -115.637741 70.606214 31.180441 -39.223294 -24.836853 -21.378635 -64.752831 1.895317 26.717937 27.388430 -109.273186 20.361647 -20.017141 78.503520 -75.420416 68.962963 -44.107744 120.459596 3.845271 56.474747 -37.456994 64.258800 65.823385 -18.409397 -44.584175 17.539333 175.234007 117.089073 25.437710 10.827518 43.627334 8.639731 -15.092899 -10.149066 -28.123202 10.159320 -22.780380 -0.026171 -57.726354 29.384757 -50.722987 5.443220 -115.285430 40.666054 -75.698959 5.313437 124.564585 -53.914754 -12.284512 48.779767 99.475513 -2.089073 29.610805 7.049893 25.973982 97.957606 66.372054 0.277931 48.017906 12.281145 -2.656719 -2.638353 25.010254 -28.234925 -55.964493 7.728803 -67.864249 -13.738139 -188.956688 14.054943 -102.136670 25.234619 -125.344353 25.537496 236.724824 58.231711 121.495256 11.181818 102.709366 46.087695 65.353994 2.822008 3.319100 26.828283 16.335629 0.064585 
-127.246556 -57.479339 1.382002 -21.534894 684.795684 290.406795 282.040863 15.691460 500.380624 1328.968779 306.224977 118.238292 -477.870523 781.743802 -270.344353 390.528926 -409.919651 -61.642792 -74.381084 101.667126 -258.534435 59.697429 -8.073921 -50.454545 -87.552342 8.202938 -0.282369 -23.748393 -273.141873 -20.619376 -14.190083 -68.706152 757.208448 78.807622 119.699265 26.095500 245.652893 173.097337 14.945363 41.647842 -221.817723 48.969697 -74.578512 42.455005 23.681359 -39.648760 -6.717631 124.073462 -149.709826 51.591368 -0.919192 81.026630 -84.290634 37.078053 -3.658861 87.050505 -165.470156 107.598255 18.137282 -104.707989 493.097796 87.646006 -54.500459 48.233242 64.474747 137.045455 -142.253444 31.843434 -156.739669 85.882461 31.315886 -20.694674 70.977502 -6.561524 23.352158 75.560606 -3.105142 24.153811 8.856290 46.712121 -32.474747 51.604224 19.627640 48.956382 -19.262167 145.407713 26.527089 -25.069330 16.273186 115.702479 -169.949954 84.089991 -114.755739 158.880624 -123.349403 122.720386 -228.472452 121.187328 17.322773 26.288338 113.337006 21.030303 5.830119 16.729109 126.121671 -14.893021 -1.214876 19.549128 9.715794 40.594123 11.361800 -31.005969 -76.602847 141.264004 -19.620294 9.569789 -160.882002 156.542241 -50.949036 87.714876 -124.527548 279.259412 -12.114325 233.266758 -232.058310 327.601010 0.656566 137.171717 -1.566575 76.363636 18.403581 13.714876 46.261708 -1.578972 6.893939 8.077135 -58.813131 79.687787 -11.914141 2.933884 -173.006428 95.570707 -31.291093 -23.140955 -151.957759 32.645087 -39.853076 9.293388 -17.636823 72.802571 -4.788338 38.148760 -145.731864 106.372360 38.067493 -11.284665 -71.241047 -3.102388 42.439394 24.073921 51.364096 -38.303949 -4.584022 7.352158 -25.561065 -21.336547 -26.000000 1.559688 -128.698347 9.439394 2.081726 -34.220386 -95.743343 64.869146 -7.879706 -9.413223 32.533976 253.752066 126.265381 -7.991276 -222.179982 122.309458 193.505510 -35.765381 -233.394399 -19.425620 57.174931 -10.671717 4.233701 18.519284 3.350781 11.845730 -10.601469 -5.858586 11.400367 1.511478 
-145.630701 -98.109402 -10.459698 -18.752500 192.701051 -9.075605 160.436333 -17.237119 192.886746 306.224977 864.259693 -180.618075 -349.816039 684.289358 436.036986 219.001326 104.191894 -35.172635 -43.168197 496.906311 -60.063922 -153.947225 -11.350908 11.355219 -119.451842 -87.362463 -8.394475 -41.210769 -388.672584 -153.804331 -29.350066 -39.246582 581.291603 -7.989083 132.267804 6.785609 674.773084 43.285711 261.382767 -10.137971 -254.824610 182.290685 180.211407 -66.100143 188.602107 -179.382563 52.476125 128.997628 112.110677 -64.981456 -2.026936 110.791603 -237.541679 -51.915417 -14.738904 37.175084 -269.853280 19.285200 -8.743496 60.109657 511.885343 -14.604964 -34.862259 26.094888 366.683221 96.232043 -21.401005 58.715769 -415.435874 261.729160 201.897459 -81.465922 127.230232 24.785583 38.081854 50.237654 406.732655 -0.168223 9.550658 71.624579 -139.058923 56.999337 -48.008060 236.730181 -109.788695 87.496837 62.110652 148.282624 139.939981 85.711586 -23.899857 115.920263 212.589328 77.301729 -112.646516 245.153377 -552.559076 13.624324 -13.823538 23.156872 84.698016 -44.220819 0.802291 -29.989516 616.764335 -90.043439 -25.096954 23.523493 240.178375 -128.663402 -81.695669 63.303540 -24.872436 -38.579329 25.579176 46.528288 53.919013 42.194827 11.848510 122.786348 33.770355 149.781247 -24.323130 447.928400 -441.281017 231.284792 -10.368406 324.125421 40.289792 2.147306 47.078538 17.520074 427.098995 -154.493445 -12.174523 16.343230 194.106622 -57.724977 182.917789 8.946102 -27.756530 -13.331369 -26.853433 -18.877359 -16.177507 -7.415901 -37.006147 -5.199189 -109.464953 32.229492 -33.898174 128.227400 -320.799077 251.715973 -9.435925 220.950515 -49.914345 -0.530660 108.156846 74.155622 122.656591 46.959826 107.107566 23.897791 0.781119 97.458014 163.018799 0.623406 -110.287955 -83.728676 -17.646975 -34.398888 -93.512116 -43.858841 -38.276426 -9.235639 -148.369044 79.341725 -88.888455 7.598969 -296.778798 130.138965 211.886670 26.018085 -125.748903 -15.235206 371.751020 12.422559 11.037955 -6.681589 56.892103 -1.414014 -11.006198 8.833333 2.636440 -0.187073 
-36.319100 -19.768978 -1.605908 0.008800 102.554484 59.436639 5.893480 41.098102 143.043618 118.238292 -180.618075 371.218779 -100.846648 -296.656260 -235.724671 177.013162 -395.720921 -166.660239 -33.416896 -251.979415 -148.043006 -5.499617 -6.240052 -56.262626 -5.365167 -29.676002 10.396006 -28.998240 27.958372 54.667355 -1.959749 -13.984925 -49.639425 6.761402 -20.253979 0.656183 -154.962657 -19.909627 -93.955464 54.677916 122.252066 -136.319865 -113.357515 124.455770 -190.121595 176.894552 -12.211662 -27.899219 -153.154653 124.872436 0.444444 12.380777 -28.631925 -65.616774 6.264922 27.757576 169.567799 5.919421 -8.819100 -87.622819 -93.127257 1.605678 -11.529844 -12.243343 -160.945286 -7.010943 6.895699 -16.953704 178.532599 -107.611417 -36.841139 60.661004 -83.565044 40.218090 -17.043235 26.076599 -268.183578 73.907637 -10.416896 27.232323 -91.959596 -28.743955 -7.008111 69.679982 140.183043 10.312825 -6.158402 -55.509795 -109.065274 -40.609045 -10.364861 -43.948577 -206.959749 -11.600321 67.245026 -95.837389 187.745179 3.513009 29.121671 -9.020661 -3.235155 4.958754 -29.674395 36.717860 -313.359887 12.109351 -28.610882 1.170569 -20.127410 -4.888736 -56.384527 38.771962 65.524564 31.464953 4.052954 13.324992 -104.223217 23.452709 12.938093 -21.280533 -83.661846 -8.025406 32.070554 -147.898913 164.796526 -116.822391 5.728114 -151.946970 55.629706 -29.815657 -28.222605 12.193373 -188.058846 40.074763 -23.755892 6.444751 41.814815 23.660698 -25.721380 0.804331 52.628482 39.652357 -1.075911 23.669575 -22.911769 40.998852 14.015534 15.249541 71.606520 74.002984 11.902816 -23.173171 123.555938 -57.822697 3.605908 -86.385369 23.510407 -8.522192 -27.807239 -13.977120 -29.880089 39.917585 3.963652 4.924778 19.617463 34.722069 9.409933 1.120447 56.483701 51.223064 4.152280 21.186716 24.511861 36.437251 6.562366 3.573156 57.003061 28.274028 21.629400 6.351546 123.562137 -0.910468 -104.184803 1.789792 45.603153 40.051041 -125.397995 -3.505051 -4.582185 34.074151 3.073462 -0.809535 5.654500 1.762626 6.496097 0.035660 
25.097796 19.009336 6.674778 13.595194 -365.506275 -108.646006 -141.514233 -23.356137 193.892562 -477.870523 -349.816039 -100.846648 1518.814509 -470.221151 -181.685338 -70.004438 54.970462 -215.674472 -99.605601 -259.027701 -277.309611 23.012703 -7.210132 -121.691919 -278.848791 28.399143 -16.938476 -91.863789 285.914907 45.170340 26.729262 42.887358 -512.419804 -45.665901 -105.513927 -22.098561 -307.470309 -48.162228 -119.861800 -37.977043 537.157484 -56.558923 -39.059382 22.443679 -99.290481 298.946587 -34.500918 -25.691460 -223.098102 433.842669 37.904040 -61.030915 -68.633456 209.603918 -40.363177 78.121212 293.542853 3.878329 14.400826 31.518365 -418.262320 18.027701 88.731405 -14.109275 -299.759259 -0.400673 119.737221 -71.074074 287.015611 -109.142485 -140.777319 38.220080 34.547597 -32.587695 -49.571778 -4.104377 -264.792776 57.844659 -60.156107 10.146465 165.297980 -85.646771 -35.611723 44.165289 192.176002 -94.329354 15.367309 -45.589838 11.144016 -61.317264 101.829048 -35.643251 -2.811142 -101.920569 105.021732 -164.126569 374.585399 -108.078206 -74.233242 -56.332415 63.332262 -47.026936 -80.927303 59.094582 -325.061371 8.328436 -58.909550 6.714417 73.320478 4.604071 42.966024 37.090756 169.107438 -38.574686 6.912611 17.237221 91.550811 -140.738751 1.847720 -57.837925 -23.388430 -191.649526 -18.255586 -250.513621 237.440618 -220.023569 -44.240741 -217.656566 159.866850 37.429293 -65.108662 29.973523 -191.323385 133.338690 23.144781 1.804102 38.260943 6.274564 31.607744 1.369452 211.130242 -64.356902 7.971687 69.159167 107.001990 -32.012856 19.699571 6.778696 -6.642332 -76.531221 -19.650750 -95.675543 219.780380 -138.201408 -89.290940 -98.808387 239.051576 17.197582 -93.670034 -7.360575 -68.541169 59.003214 -16.338078 1.162228 12.475513 -14.023263 36.127946 -1.444597 174.330579 30.542088 2.333486 46.961586 125.222069 -35.800429 -5.267830 21.710591 -50.287267 -213.999235 -129.366544 -6.327671 276.692225 -194.214417 -359.832415 -1.956688 481.840833 6.980410 -178.661922 18.601010 14.103765 8.836547 4.661157 9.546679 8.297062 33.747475 26.351240 -0.175696 
-221.171411 -106.527344 -11.897357 -38.025661 308.177125 68.785430 149.296449 -17.564687 413.337313 781.743802 684.289358 -296.656260 -470.221151 1643.925824 379.978931 23.948475 284.343842 575.908632 4.074992 639.039435 125.987399 14.130344 -8.107693 145.008418 -130.012958 -34.746046 -13.329813 12.437966 -521.258851 -39.378176 -31.479747 -21.382971 573.682838 26.133405 116.179778 16.309050 792.933680 142.206408 232.284818 -4.959137 -359.831497 370.086420 170.622539 -162.498725 342.174370 -301.318386 33.967860 116.628864 319.885726 -276.912866 -36.094276 163.081828 -127.828079 64.348689 -35.818947 11.067340 -450.241455 182.497398 17.491889 126.341445 510.794103 15.022855 -33.830119 43.481788 491.699776 33.888328 -153.508162 65.360831 -421.268442 304.995052 133.736609 -124.161412 168.841547 -9.837006 38.104479 -10.352974 732.989644 -105.828640 14.487450 18.759259 110.836700 174.591419 -63.219518 58.766605 -318.380880 107.787981 13.876033 132.296194 179.818896 103.225742 -68.198245 119.998010 372.449546 150.636976 -203.443628 305.101520 -521.963881 91.010815 -34.368840 79.782981 46.579227 -10.391134 41.784563 -81.258647 865.391848 -80.203959 2.925008 10.255433 309.085399 -25.016886 -60.142026 -38.053617 -205.212733 -65.867105 -54.337517 -15.063718 78.346291 103.241353 -25.510509 82.984083 103.068258 248.292980 -40.021835 459.918325 -484.826956 482.014029 -11.782267 479.331650 -153.343740 44.956229 72.728242 6.502041 449.506989 -129.690746 13.575196 14.947709 56.334456 68.094582 84.598204 4.084583 -106.678349 -48.718294 -29.390521 -70.416794 -50.195235 14.482706 -44.659218 -38.312978 -85.823385 -16.661769 -35.901949 68.442404 -383.159218 213.908071 22.833384 169.594786 -136.673503 -36.191256 144.591470 58.121161 93.039996 -37.109734 47.566830 8.079788 -46.351444 43.515203 54.416386 -0.206816 -108.256351 -61.235129 -1.123151 -55.617794 -129.129375 -10.849454 -28.334762 -11.113611 -69.378125 202.375829 -1.153403 -0.583512 -385.902867 180.887665 407.005204 -6.774207 -310.381186 -70.918529 376.801857 -7.008418 -27.864861 -19.094582 6.620294 1.987858 -25.123049 1.070707 -1.374962 0.427507 
-134.366085 -69.612897 -11.848077 -19.444546 -160.814305 -74.192531 -37.715029 -16.516172 -151.062137 -270.344353 436.036986 -235.724671 -181.685338 379.978931 790.256096 -219.616417 424.141516 398.569330 144.955617 360.213142 326.467809 -124.746454 -12.369095 152.523569 -119.803745 -141.706714 -12.326140 -57.505408 -293.067238 -50.727120 -17.281553 -3.882359 -13.580553 -38.493164 25.661106 -7.637384 451.639986 -54.390317 271.448730 -30.771350 -90.267218 217.685746 285.422049 -119.958014 217.591572 -115.136415 86.156107 4.585246 355.870421 -192.074176 -9.523569 96.424498 -237.075707 -69.727222 -27.221151 -25.811448 -235.480818 4.030915 13.352770 144.076523 110.918223 -44.393276 18.605601 -11.313897 350.363075 -52.594837 67.593919 22.121773 -292.943373 220.088409 180.132384 -81.004999 94.836649 95.483930 49.581675 -22.748597 473.321906 -28.428120 30.852923 39.638047 -142.345118 99.139016 -69.452607 203.463116 -163.345220 0.411642 45.178604 148.541220 167.623916 44.618304 89.119631 53.394705 391.198245 -9.585706 -42.095756 152.154168 -386.834405 -49.759922 -13.640190 -12.177992 37.541271 -47.793490 34.048413 -57.956076 575.680033 -96.073717 -4.475819 0.926232 274.473370 -128.624171 -92.293082 86.245434 -8.636517 -122.829150 17.703500 13.442404 202.808795 -19.945975 33.747373 60.001071 282.721610 31.450770 -23.768085 317.735894 -272.699163 112.426487 0.226150 221.801347 21.391338 -25.725589 62.296959 -22.883328 364.048464 -133.435313 -7.074635 2.091725 256.760382 -44.413223 183.546016 -0.259157 73.172584 -89.204826 3.045046 -21.556219 79.553464 -29.402051 -10.359249 -9.465871 -17.983624 26.087083 -21.033568 133.454035 -233.455209 273.161361 -8.746199 216.637333 -107.908275 85.062034 91.084736 41.695694 52.025150 114.549587 117.029334 14.656311 25.779563 140.708346 156.783389 0.748801 -49.439088 -70.090348 -3.598969 -22.358994 -43.310121 -76.206050 -27.278135 -9.633201 -87.786450 -45.063871 -99.633048 6.831395 -163.950464 61.529997 150.367463 34.468064 -120.782165 -12.165238 285.561575 14.284512 -27.227579 -7.132231 37.153811 -1.535864 -10.081267 9.101010 0.620906 -0.221406 
-111.123202 -72.547852 -3.527446 -12.672431 266.148352 41.192684 102.807928 0.487807 353.474135 390.528926 219.001326 177.013162 -70.004438 23.948475 -219.616417 635.265891 -424.736660 -500.691460 -143.972299 133.244516 -396.513213 -148.139323 -29.214978 -160.143098 -200.959545 -104.613662 -9.636517 -114.931793 -267.480767 -64.195898 -12.177941 -32.247220 332.441179 -0.664269 21.743904 7.028211 197.333435 22.121314 -48.788185 18.085399 -34.769513 -74.381594 -48.020406 97.682787 -87.227681 77.600653 -6.690083 147.440159 -256.199980 287.202989 3.471380 54.880573 -284.292572 22.217529 -18.386440 76.016835 -159.042496 65.994184 -17.141720 -7.974441 176.048771 20.257168 -50.018365 20.388583 -2.160494 109.997755 -15.686001 9.125140 -67.219773 59.709775 88.330732 9.995307 31.098969 24.251148 2.238394 85.072952 -68.059790 120.826395 -21.165901 101.567340 -128.941077 -6.749107 -69.521783 204.115549 44.108713 36.447148 7.381543 28.647128 -23.592184 13.484695 -40.804000 33.368993 -85.460769 69.485920 -3.963218 55.250893 -92.159014 37.170442 1.488369 24.885369 79.304051 -35.887767 -49.918682 38.494337 24.886491 -28.904908 -55.997398 38.493725 64.742883 -23.288389 -40.097031 64.132180 19.751454 15.953525 -0.565401 32.399857 -29.146516 40.034741 8.004336 32.780227 -111.468932 57.907918 -2.447301 53.312876 -126.611315 65.722783 -2.002806 59.255892 13.108050 37.466330 -13.375829 59.528824 30.218039 0.599276 -3.204265 33.748138 1.489338 65.016529 95.973625 10.413172 -19.847465 30.379349 -19.250332 7.328691 1.758086 34.574533 -18.454137 6.405571 -25.092440 31.306550 -11.679420 6.516631 -114.080400 23.387103 -2.844608 -7.947760 18.576421 -19.474850 20.295174 38.425416 83.514437 -22.673095 41.048771 14.629528 -34.659218 8.074584 19.842312 2.903224 -51.477655 15.418070 -7.117029 -3.225079 -33.079941 54.138455 0.189419 3.294868 -46.308183 65.830681 8.583818 2.754107 -124.254260 -8.426385 -46.831803 -6.420518 46.171309 3.267575 80.001735 2.638047 57.018059 -10.971074 32.687787 -0.584379 -7.447658 -10.737374 -3.471840 0.298643 
212.190695 123.729747 5.395827 22.556346 -230.984593 -86.136670 -58.125191 -28.552699 -597.228038 -409.919651 104.191894 -395.720921 54.970462 284.343842 424.141516 -424.736660 1347.352745 303.946281 104.821243 284.206739 507.245689 -279.550837 -19.650877 44.946128 -181.451536 -153.766656 -9.365090 -122.503546 273.675135 16.727349 13.178247 19.098383 -105.662330 -4.358535 20.145368 3.939726 -21.559637 15.897434 105.800122 -57.888200 -155.391185 315.177890 168.553617 -216.351903 519.695618 -217.798847 59.941690 -19.669498 305.602719 -156.935236 -9.011785 -25.955260 -355.494082 129.344302 -22.092899 -177.617845 5.654372 -52.300199 22.992042 69.071090 49.773926 15.044103 86.699265 26.941537 165.033389 47.460999 105.841572 24.330247 -258.012091 262.593868 82.674778 -116.140547 170.531119 33.055096 59.901107 -78.728676 325.772906 65.426513 30.620906 -16.052189 -221.952862 294.918835 -56.891287 35.766912 -225.555607 -55.557647 28.046373 31.806805 154.725258 30.538950 82.205438 44.098867 336.390368 11.080885 -35.309662 123.992067 -215.482859 0.970207 -8.731711 4.893327 150.916259 -0.380752 50.083129 -96.962886 383.628737 -76.250663 -22.076293 -16.014157 144.246786 -11.686665 -31.979875 2.712784 -147.762703 -96.247067 31.100908 -81.572569 151.565172 -51.571472 -53.256785 1.341445 257.285047 -8.225793 -40.345322 134.017779 -117.161029 113.939675 3.978395 190.423401 -3.859887 3.409933 25.540736 -16.610014 244.225411 -52.912943 -25.137486 -10.071982 117.881033 66.076217 88.037318 -1.968804 16.618279 -88.464366 14.280941 -65.066830 52.588180 -51.372743 -13.932992 -26.982935 -13.443832 -73.234236 -10.914090 38.064560 -105.690567 97.831522 -7.054076 128.228599 -80.582083 53.832364 21.160213 29.268723 -1.236583 78.870753 25.531502 3.937583 1.643990 83.137843 69.941358 -0.280482 13.442072 -18.250561 -3.768340 -21.865524 -16.946306 -62.376594 -3.831828 -4.542190 -44.819151 -26.441868 -0.653224 -10.169319 -104.279104 109.307928 207.380701 -13.146439 -139.524079 -41.478242 141.822033 0.063973 -45.277931 -44.366621 -10.193297 2.837287 -1.879017 -7.035354 -0.017830 -0.203296 
-48.695592 -7.506887 -5.275482 -19.481635 -123.152433 7.549587 -52.456382 -2.063820 -202.209366 -61.642792 -35.172635 -166.660239 -215.674472 575.908632 398.569330 -500.691460 303.946281 1253.924702 233.039486 9.265840 539.435721 660.927456 51.669421 363.702020 84.578053 192.526630 -8.400826 242.069330 -92.361800 88.467401 6.250230 6.031680 -148.010560 10.870523 24.319100 3.011938 112.767218 -2.581267 217.940771 -28.338843 -55.355372 120.585859 170.364555 -124.931129 232.814968 -127.066575 22.981635 -112.617080 512.415060 -438.835170 -36.797980 88.848026 447.404959 -69.196051 -23.334252 136.247475 -35.038567 41.899908 68.854913 56.458219 29.805785 -25.871901 77.385675 3.632691 301.686869 -214.909091 -31.900367 7.570707 71.322314 -113.287420 -59.132231 -39.665748 198.009183 -139.147842 -44.337925 -62.929293 431.041781 -411.746556 -12.394858 -118.207071 483.318182 -109.295684 -3.207530 -258.335629 -109.163453 -54.509642 9.285583 20.539945 210.866850 -51.395776 20.516988 -13.319559 332.608815 -75.643710 -145.668044 62.184114 13.187787 -28.264463 -53.311295 9.336547 -6.075298 7.580808 56.078512 -58.876033 314.371901 -35.028926 57.066575 -27.519743 138.131772 16.987144 36.820478 -127.147842 15.739669 -83.475207 -18.826905 -19.637741 157.502755 -22.613407 -3.269513 -41.303949 229.650597 39.043159 -37.583104 94.362259 -54.307163 176.964646 7.297980 135.500000 -155.572084 28.474747 75.491736 -49.046373 92.695592 -6.971993 61.469697 -12.990358 -42.565657 0.460973 -52.287879 -10.144628 15.990358 -20.070707 19.634068 -9.557392 -5.820478 -7.085399 6.629477 -35.375574 58.724059 16.431129 6.486685 23.778696 -60.511938 121.460055 66.310836 66.896235 -221.869146 61.207530 85.494949 -32.876492 -71.794766 -19.460973 -2.335629 -17.933884 -6.412305 -40.047750 -39.025253 -2.365014 -8.297521 1.030303 24.122590 -13.517447 -31.723600 -38.582645 25.963269 -11.998623 76.636823 8.047291 107.600092 -4.646006 -36.148760 12.140955 254.942608 -5.514233 -366.154729 -43.166208 12.007346 -15.540404 -79.505510 30.311754 -38.509183 -2.185950 -4.346648 9.843434 1.711662 -0.237833 
-16.260331 -6.609122 -2.058463 -4.290940 -48.530150 -2.755739 -10.577135 -0.853841 -132.182277 -74.381084 -43.168197 -33.416896 -99.605601 4.074992 144.955617 -143.972299 104.821243 233.039486 134.850321 -20.817876 197.519131 106.672023 25.679676 90.656566 33.650291 38.212733 -0.521579 55.368075 -50.158555 -8.682277 3.967554 -13.783900 -46.734772 0.290940 8.141261 -1.156872 -35.482247 -20.770125 42.997245 -8.862718 -4.466024 17.456229 61.166514 -32.033364 76.211815 -28.774258 30.395317 -38.291093 147.410621 -144.705081 5.540404 2.982400 87.880318 -62.503520 -0.270891 -24.353535 -45.505357 -10.668503 18.886134 -1.522498 -7.534129 -16.444751 12.632691 -7.437098 41.776094 -41.920875 24.721610 -6.735690 22.188705 -7.085093 0.527089 -13.387358 34.882308 -2.421488 4.682583 -21.139731 75.227885 -60.080961 11.163453 -16.969697 27.217172 -10.183043 13.164218 -51.813590 -12.321243 -7.812366 11.651056 3.665901 35.874043 10.634986 21.154576 -4.876033 69.502908 -11.000459 -7.700949 -1.874962 19.462810 0.252831 4.521579 -15.006428 0.187634 7.023569 32.467554 -20.717631 35.082798 -6.484236 25.786042 -10.329201 -19.041322 3.330425 25.995409 -3.460208 21.970156 -0.738139 15.675696 -11.035966 28.895164 2.307622 7.214111 -8.887052 99.522039 11.028160 -0.497092 7.960667 31.651362 2.319865 18.390572 -15.171717 -9.719467 -7.762626 38.237068 -23.838231 0.706459 -18.251301 23.629630 -9.642179 2.922559 -31.952250 0.547138 -1.759565 13.637129 3.006734 11.129170 1.055862 9.896847 -9.046373 7.500306 -8.764004 38.450872 18.501377 13.593970 19.696817 26.879094 28.643863 33.280686 4.488675 -68.450260 33.507499 22.850168 -17.709979 -39.467707 16.805785 11.455770 -5.477349 11.124273 -16.239516 -0.074074 -0.106673 -2.763545 -8.548822 6.136976 1.048362 -0.748087 -6.333027 12.827671 -2.905112 46.886287 -3.754515 46.907560 1.300429 39.011325 -21.812213 53.478421 2.228803 -128.217478 -21.911693 -30.531527 -2.277778 -43.423324 15.235078 -13.274564 0.600857 1.324610 4.515152 4.096878 -0.026018 
