233.805836 197.707632 43.338384 7.951740 117.683502 340.500000 28.757015 10.168350 2.698653 293.663300 -77.248036 18.587542 -24.030303 112.052750 -78.358586 21.677329 -15.407407 -12.423120 -28.422559 -0.326038 -18.773850 -42.146465 -2.033670 -59.282828 -15.864759 -17.796857 -0.256453 -29.455668 287.984287 106.565095 33.616723 3.058361 49.961841 -7.217733 -100.728395 2.686869 18.131874 -30.168911 -140.610550 7.599327 4.818743 -2.246352 -39.676207 11.144220 -72.205387 41.311448 -19.948373 6.219416 25.329405 48.308642 -0.984848 -18.809203 -40.496633 8.955668 -0.772166 -59.780022 281.811448 -7.233446 -85.831650 5.581369 -12.037598 -76.112795 -136.794613 0.929293 46.968575 -40.799102 -67.815376 -1.731201 17.237935 -7.546016 -47.982604 2.108866 -73.292368 18.612795 -22.947811 2.523008 28.880471 25.832211 -1.881594 6.663861 -47.578002 34.517396 -2.709315 -22.744108 61.431538 -9.889450 -97.826038 29.294052 23.956229 17.972503 -41.162177 14.737374 43.053872 19.604938 -38.054433 3.383277 12.485971 12.097643 -57.205387 6.897868 -19.888889 0.386644 -16.078563 1.717733 18.150393 10.118967 -3.563412 5.574635 -18.824355 16.495511 -21.229517 9.220539 -128.547138 -11.934905 -39.543210 5.608866 52.580808 90.986532 -32.248036 25.277778 11.441639 69.792368 -64.823793 3.462963 26.424242 6.829966 -42.065657 -0.178451 2.393939 -0.394501 -8.078563 0.000561 -2.971380 17.583053 -12.933782 1.331089 37.683502 2.891695 -41.896184 10.092031 -110.737935 -65.181257 -11.406846 -54.201459 29.014590 0.088103 -48.853535 -1.461279 -19.616162 53.688552 -68.531425 5.665544 15.351852 7.912458 -13.746914 -0.035915 -6.113356 2.838384 -10.499439 0.000000 4.078002 19.899551 -40.874299 6.120090 70.317059 18.322110 -43.916947 8.335017 -56.486532 -51.639731 -5.887767 -30.618967 -30.065095 -47.944444 -35.894501 -7.274411 -11.314254 19.368126 -31.948373 -0.506173 17.367565 14.794613 -4.609989 -0.251403 -15.236251 -2.161055 -28.590909 0.828844 -32.097082 36.229517 -35.983165 4.843996 61.658249 93.396745 -10.758698 4.912458 
197.707632 227.048184 48.533058 8.212708 96.067646 360.308540 28.005765 10.502908 14.630089 276.353688 -78.656311 21.917968 -17.773646 102.763443 -67.239669 15.110856 -39.500765 47.814917 -27.888965 -5.367641 -0.319279 16.969467 -3.294383 -40.758724 7.624018 22.278186 -0.425671 -12.701510 308.150622 156.689649 56.284180 3.158734 14.348612 40.429548 -107.449214 2.990358 29.007780 -24.899117 -154.155673 12.553796 28.039001 -25.178655 -41.896720 10.991838 -102.110269 19.483548 -24.491327 -0.995052 1.901464 34.701995 -3.256428 -27.094302 15.194062 34.590858 -1.272982 -40.096317 334.844659 5.657994 -89.476431 14.990103 -39.338741 -79.487297 -156.716636 1.340450 68.617131 -43.648709 -74.990027 0.375293 26.863611 -14.283721 -57.371544 5.516631 -97.471559 6.350015 -29.911234 -0.339430 9.596113 13.939904 -2.368330 -9.996429 13.600194 18.827722 -2.239567 -33.071778 73.336675 -8.201076 -113.614886 56.201510 6.811907 19.767090 -46.992858 19.737144 56.693832 15.438068 -42.581777 4.422891 22.429471 3.539180 -72.738369 7.382053 -29.995179 -1.316473 -21.628890 1.697862 18.724110 4.132793 -3.330451 -0.087415 8.736277 2.565172 -15.576574 -12.046985 -169.996250 -22.393684 -44.484032 14.171130 39.018365 99.365626 -27.731379 44.101699 -1.593766 86.752780 -65.906540 7.256045 20.885904 9.177839 -44.917126 -0.055249 0.506198 -0.579176 -9.767320 -0.004617 5.192914 18.193195 -8.861137 0.318513 23.358968 1.464060 -32.879375 1.486864 -151.988037 -86.923120 -13.077237 -61.657050 18.621926 -12.921360 -53.488292 1.255586 -32.923783 58.775635 -77.539664 9.537471 2.865549 10.810223 -17.847133 0.165085 -2.504260 4.281680 -2.418529 0.000000 2.125472 26.495613 -18.587670 6.289766 22.695414 26.588664 -34.055198 6.118840 -79.916131 -70.588001 -7.239491 -38.268927 -41.940108 -77.602617 -43.753188 -10.560989 -19.839710 6.336573 -42.824661 -0.052520 22.263136 31.881696 -0.434165 -0.032879 7.794715 45.137486 0.600551 -0.400163 -33.763264 64.099990 -17.179369 3.162968 -17.332492 100.284767 -18.862438 4.363024 
43.338384 48.533058 28.466483 -0.202938 39.822314 126.771350 40.332874 -0.347107 0.862259 144.731864 -12.180900 5.741047 -13.391185 73.788797 -37.422406 12.251607 -11.679522 4.567034 -18.653811 14.906795 -13.591827 -20.244261 -1.584022 -5.297062 -14.974747 -6.302571 -0.206152 -10.770891 122.047291 60.586777 51.804867 -0.078053 -3.019743 9.036272 -12.505051 0.084481 10.224977 -17.136823 -60.421028 6.361341 31.328283 -15.336088 -24.869605 7.521120 -25.893939 1.476125 -11.877870 6.579431 -1.361800 9.425161 -1.516070 2.637282 -14.779155 5.759412 -0.576676 -11.103306 166.445822 -1.258494 -19.095960 4.694674 -15.350781 -41.629017 -63.988981 0.390266 28.581267 -22.959596 -34.914601 -1.298439 20.930211 -8.528466 -19.270891 0.507346 -28.306703 2.818641 -10.296602 1.345730 10.236915 5.567493 -1.073462 2.426997 -14.086777 10.732323 -1.421028 -4.612948 64.879706 -18.266299 -52.323691 24.003214 -9.551882 -6.786961 -26.772268 7.169881 26.481635 -0.073462 -16.510560 -0.835170 15.170340 -0.152893 -18.262167 -0.455923 -12.946281 -0.667585 -7.031680 0.604224 11.644169 2.633609 -0.891644 2.455005 -9.364555 3.381084 -4.223140 2.943985 -80.796602 -2.312213 -23.620294 28.606979 -10.292470 41.387971 -16.412764 24.929752 4.011938 34.702938 -17.314050 2.777319 11.501377 3.921028 -12.917815 -0.026171 -5.702938 -0.265840 -2.618916 -0.005510 6.433884 3.095500 -0.771809 0.240588 -5.266299 0.303949 -4.655647 2.715335 -100.359963 -37.515152 -6.759871 -8.745179 -21.298439 18.517447 -23.280073 12.622130 -17.895317 38.602388 -23.435721 4.211662 -8.816345 5.074380 -4.018365 0.117539 -1.437557 2.071625 1.607438 0.000000 -0.532140 6.890266 0.853076 -0.189164 -8.731864 9.757576 1.350781 0.610652 -63.231405 -61.458219 -3.398531 -22.076217 -25.676309 -56.502755 -19.875115 -6.875115 -23.401745 -10.929752 -21.089991 0.224059 -6.058770 5.764004 -0.112489 -0.043618 12.708448 14.873737 9.738751 -0.104224 0.012856 26.132691 17.598714 -0.003214 -25.146465 8.016070 5.598255 -0.609275 
7.951740 8.212708 -0.202938 0.849225 1.852311 5.962810 -1.047189 1.106214 1.213652 -0.200949 -1.954443 1.147995 0.220845 -2.538057 -0.005969 -0.212223 -1.687175 1.288593 0.691384 -1.395036 0.892996 1.286272 -0.060683 -0.396924 1.283951 0.339557 -0.006632 0.687073 1.325400 -0.345858 -1.074712 0.326625 2.239950 -1.560504 -2.753928 0.316345 -1.701434 -2.174293 -2.310249 -0.118381 -2.841470 -0.454290 0.805454 -0.356800 -2.615320 0.920187 0.190338 -0.478829 0.975232 0.799485 -0.062672 -1.017014 0.732170 0.548464 -0.015254 -0.494082 -1.344965 0.334915 -1.663300 -0.027191 -0.231456 -0.789868 -1.885139 0.110422 -1.360218 -0.685746 -0.992475 0.211228 -2.089404 -0.447327 -1.063769 0.049077 -2.501250 -0.171105 -0.535200 -0.115065 0.389960 -0.035149 -0.031170 -0.377359 1.159269 -0.860831 -0.052393 -1.022651 -2.964825 1.408963 -0.645954 -0.358790 2.461126 1.711381 0.098816 0.170110 -0.148225 0.143914 -1.266044 0.549459 -1.460030 -0.362106 -1.911004 0.746761 -0.355142 -0.055377 -0.380344 -0.012269 0.979543 -0.147893 -0.063999 -0.145572 0.236430 -0.829992 -0.482145 -0.748087 1.248470 -2.611009 -0.437047 -1.571447 5.825528 -1.102234 -0.495077 -0.510331 1.037241 -0.772625 -1.948475 -0.025865 0.898301 -0.356137 -1.005739 -0.007958 0.790863 -0.020559 -0.162483 -0.000332 0.794842 0.929803 -0.218192 -0.019564 0.613789 -0.127002 -1.308821 -0.194649 4.799230 -2.086420 -0.180390 -1.552214 6.175033 -2.361978 -0.665519 -0.539180 1.695133 -1.060453 -1.387078 -0.044103 3.003290 -0.055709 -0.352490 -0.002653 -0.097158 -0.068641 -0.301755 0.000000 1.672916 0.617437 -1.342644 0.651260 1.495842 -0.882716 -2.197837 0.422788 4.056780 4.257729 -0.087210 1.290914 1.178502 4.407943 -0.289154 0.896312 3.164116 3.384629 0.584277 -0.067978 3.378992 0.777931 0.378354 -0.009616 -1.928579 -1.232884 -1.432507 -0.057035 -2.533083 -1.768085 -3.477808 0.435389 1.258418 5.027038 -1.661642 0.738139 
117.683502 96.067646 39.822314 1.852311 299.773186 308.791093 111.832721 5.274564 188.447658 503.134068 -31.003826 19.937557 -41.976125 327.270585 -171.041322 47.816957 -16.847107 -55.759106 -75.960973 43.350474 -44.733548 -124.559688 -0.859504 -103.116621 -35.971380 -40.763698 -0.796755 -71.760178 291.970462 144.632537 80.805479 0.712427 151.212733 14.193144 -48.319865 1.008264 43.390878 -77.833946 -226.854301 10.776400 52.468013 -40.057545 -90.632537 12.784053 -21.383838 25.148301 -16.069483 45.451025 61.111876 36.957453 3.955005 12.023110 -116.946281 -21.837619 -1.920416 -113.393633 404.506887 47.130089 -57.868687 4.188858 33.970003 -90.417815 -199.010560 0.703857 32.450107 -55.031987 -116.172329 -2.424855 16.896847 -5.181053 -39.755127 2.866697 -53.307928 17.244720 -16.159780 16.977808 75.179522 29.547903 -1.672023 66.421182 -152.129170 30.159933 -5.977196 -26.352617 193.982706 -18.875268 -151.620141 26.896541 21.437557 7.607285 -83.147536 14.359504 28.120294 26.338078 -13.940006 -2.563055 -9.681971 19.422406 -34.245179 -1.806550 -40.387971 5.052648 -17.453015 1.615396 57.966636 9.442455 -5.237680 25.667279 -98.425467 27.070401 -37.270585 62.548209 -156.725436 9.536578 -72.850627 39.061830 -3.699725 116.086318 -27.632844 31.123508 -5.128864 82.248699 -44.846342 0.583563 -30.806244 9.125344 -39.321396 -0.999541 -23.848026 0.470462 -8.661922 0.026324 13.906795 7.490970 -26.375880 4.911693 54.607897 -18.503826 -91.862412 42.436945 -215.909244 -33.153199 -17.927303 -49.924549 -41.828895 26.853229 -52.228650 -2.141873 -58.198806 55.921028 -68.745944 0.607132 -28.803949 3.538567 -23.633915 -0.476278 -11.337619 6.570248 -16.984695 0.000000 -27.692684 13.560759 -77.899602 1.582798 182.929905 -5.451178 -74.197276 9.714876 -141.318641 -106.851699 -9.905112 -78.402969 -39.332721 -113.175390 -52.757729 -35.542241 -53.677074 -39.965259 -48.837159 -2.709672 -44.992501 7.082645 -13.545608 -0.549740 -33.526783 -16.920875 -77.604224 3.724671 -48.407101 52.166820 -86.001377 5.886287 243.464646 155.576982 31.701714 3.074839 
340.500000 360.308540 126.771350 5.962810 308.791093 853.300275 146.504132 9.058310 111.083104 911.211203 -137.376951 35.118457 -60.656107 466.956382 -240.425620 50.649679 -81.550964 97.432048 -120.257117 24.808540 -23.956382 -23.922865 -8.642792 -126.548669 -10.444444 26.475666 -1.382002 -72.491276 760.963269 413.001837 230.927916 2.293388 89.500918 146.027089 -178.050505 3.108356 101.066116 -47.374656 -439.781451 31.146924 135.191919 -68.258035 -156.042241 19.355372 -207.691919 48.235078 -73.599174 15.845730 38.397612 87.577594 -5.602847 -41.427456 -33.735078 76.089532 -3.739210 -121.449036 993.502755 75.503214 -149.090909 23.263085 -68.130854 -207.258035 -435.321396 1.775482 209.834252 -118.085859 -227.319100 -4.197888 97.703857 -30.915519 -129.233701 5.065197 -243.663912 17.475666 -77.941690 3.514692 54.312213 38.200643 -7.071166 2.500459 -37.865473 71.257576 -7.483471 -77.715794 416.703857 -64.259871 -346.490817 121.168044 -24.108815 6.683655 -170.660698 39.991276 188.922865 45.009642 -84.096878 -0.852158 49.643710 21.431589 -161.999082 2.815427 -120.629936 0.013315 -61.891644 3.314509 72.369146 17.322773 -7.136823 9.106979 -23.567493 15.964187 -36.926079 -12.662534 -428.280073 22.335170 -159.356749 103.107897 5.475666 283.114325 -84.194215 102.960514 21.766299 215.991736 -156.501837 12.221304 29.214876 20.165289 -134.876033 0.250689 -43.476584 0.523875 -25.096419 0.095041 45.428375 35.044536 -20.058770 3.733701 24.038108 8.284665 -90.700184 15.935721 -554.371442 -164.202020 -43.605601 -111.561065 -64.167585 75.711662 -146.883379 23.926079 -116.214876 186.810836 -194.886593 17.125344 -35.385216 25.775023 -52.981175 0.517906 -8.218549 17.102847 -3.057851 0.000000 5.450872 54.204775 -56.718090 5.157025 89.460514 71.863636 -89.444904 12.216253 -354.432507 -331.845730 -23.519284 -161.450413 -146.509183 -306.106520 -135.487603 -53.543159 -138.374197 -22.137282 -143.028466 0.528926 -11.410468 72.921947 -2.275482 0.549128 27.780533 89.030303 -21.724518 3.205693 -12.635904 189.810836 -39.474288 4.478421 73.202020 221.274564 -7.414601 0.634986 
28.757015 28.005765 40.332874 -1.047189 111.832721 146.504132 161.482298 -1.855984 44.349250 330.316192 97.159984 7.157331 -27.462810 263.664473 -86.414601 37.718804 -15.732476 -23.561932 -54.829813 74.153913 -61.575809 -125.262167 -5.079584 29.078053 -70.810887 -55.347056 -1.136313 -34.983063 173.788542 80.932711 126.735792 -0.402765 44.635547 -22.334966 104.370932 0.327365 -17.322518 -98.029487 -94.283491 8.394092 100.190797 -68.857617 -55.190287 10.713856 20.501684 -23.995715 -10.272676 35.514794 12.744771 -5.125089 -1.062902 54.151005 -93.113713 -15.644118 -2.432711 -25.210846 321.711356 24.045404 46.345118 3.419906 -14.337108 -113.160086 -112.847873 0.808999 -21.908224 -83.174523 -86.782012 -3.243292 17.874911 -32.206408 -3.747373 -3.350883 -8.197174 -2.257270 -4.113560 6.689521 44.063667 10.527038 -2.339659 31.295327 -86.906897 23.783389 -4.666769 9.660392 213.260433 -37.917151 -87.285940 37.993164 -40.398225 -51.796245 -74.015407 9.177227 2.977655 -20.944036 1.398123 -3.654984 -18.710234 -7.216406 21.833639 -3.832007 -29.696511 -0.129119 -6.722579 -0.349148 31.953576 4.093562 -2.294205 10.243292 -52.580859 4.593001 -7.603867 30.883532 -116.106826 3.326650 -66.431487 105.330017 -44.708448 72.226661 -18.346444 52.059229 -6.373635 40.947862 32.786705 1.620906 -43.175849 -1.236149 3.773646 -0.130242 -29.244720 -0.726610 -4.294205 -0.030048 17.277472 4.663555 -0.271554 0.429191 -27.487297 2.249209 -5.978063 11.452760 -260.605857 -41.991021 -17.891542 20.128354 -71.795480 76.337108 -23.917355 42.945057 -66.096878 58.406642 -15.402714 4.240996 -55.997092 -4.664218 -10.102592 0.608101 -8.940414 2.098255 3.807877 0.000000 9.849505 10.469493 17.891389 -0.985818 -41.039537 13.588103 15.963371 -1.204010 -201.650903 -173.249923 -9.953117 -65.629375 -70.441894 -162.779614 -51.232119 -24.401592 -85.418784 -70.512652 -53.484797 -0.048720 -39.942659 -10.477196 -4.760739 -0.351189 37.422916 26.923120 43.819100 2.240843 6.675798 29.380267 95.250995 4.362055 -79.760943 -10.341700 23.606469 3.048362 
10.168350 10.502908 -0.347107 1.106214 5.274564 9.058310 -1.855984 1.886134 4.043159 1.738292 -4.096113 2.295684 -1.111570 -3.149985 -0.054178 -0.575605 -3.726814 3.024181 1.630854 -2.855678 0.025406 5.665289 -0.089532 -2.102847 6.185185 3.425008 -0.015305 1.893633 1.402051 -0.747628 -1.959902 0.425467 3.921641 -0.838537 -4.976431 0.522957 -0.805173 -2.234772 -4.750536 0.029844 -4.607744 -0.800888 0.712274 -0.722375 -6.080808 1.350781 0.085706 -0.973676 0.604071 0.743955 -0.104224 -2.862106 4.341139 1.093970 -0.035200 -0.933119 -1.815886 0.954699 -3.338384 -0.052648 1.501224 0.793388 -3.345271 0.133609 0.068105 1.412458 -2.128711 0.406642 -2.453015 -0.188858 -2.783134 0.754668 -5.363024 -0.394858 -1.300735 -0.093817 0.147383 -0.363942 -0.071931 -0.835476 3.766146 -2.057239 -0.120906 -2.632691 -4.261096 3.812060 -1.248240 -0.595654 3.719927 3.297827 -0.049740 0.160239 0.112489 0.468473 -2.512550 0.722528 -0.217784 -0.411387 -3.960514 1.071778 -0.688246 -0.127793 -0.786807 0.062596 1.300888 -0.331191 -0.147689 -0.214723 1.878941 -1.622436 -1.112642 -1.494031 1.517447 -2.848638 -0.902510 -2.606214 7.226354 -1.654729 -1.288950 -0.864555 1.732017 -1.131466 -4.122743 -0.059688 2.886134 -0.347107 -1.820937 -0.018365 1.148301 -0.047444 -0.284053 -0.000765 0.606979 0.963881 -0.700490 -0.035047 3.845730 -1.257729 -3.363789 -0.146159 7.782216 -3.143098 -0.416284 -2.677992 9.866238 -4.183043 -1.657025 -1.077594 3.639118 -0.765381 -2.569636 -0.101775 5.774105 0.603765 -0.621518 -0.006122 -0.365626 -0.158402 -0.696358 0.000000 0.698959 0.308693 -3.164065 0.846342 7.664065 -2.638047 -4.698194 0.586777 8.740588 6.775023 -0.201255 1.388124 2.765075 7.869146 -0.197582 1.058310 6.342210 5.876339 1.090756 -0.156872 5.075451 1.138659 0.312519 -0.022192 -4.046526 -2.845118 -3.305785 -0.131619 -6.138506 -4.150903 -7.651974 0.479492 11.338384 8.570554 -2.349709 0.915519 
2.698653 14.630089 0.862259 1.213652 188.447658 111.083104 44.349250 4.043159 482.441690 298.130395 19.761096 18.396235 167.369146 339.202173 -166.910468 43.981328 -39.571166 -29.475360 -119.640955 26.018978 0.597490 -165.988522 -4.243802 -107.846648 -70.653199 -95.204469 -1.688399 -90.962657 94.273033 76.493419 39.471687 0.466789 139.787114 96.846954 2.563973 -1.224977 112.135139 -43.080043 -178.560912 -4.544995 66.629630 -50.862412 -88.048975 -11.804561 41.969697 46.083563 -8.703551 32.419804 62.338690 24.621365 5.786042 28.192072 -182.846189 -35.570401 -2.538874 -92.184726 235.199725 97.435874 -3.000000 -4.359810 19.279920 -9.929752 -156.609275 -1.466942 -1.763391 -31.446128 -109.514386 -9.479033 -36.095807 18.308387 -21.548515 -7.417968 -35.226201 41.061524 3.260331 15.319406 48.095041 49.729262 4.891797 74.195745 -194.979951 64.159933 -7.996939 15.723600 245.394092 25.600398 -118.265228 -2.830272 8.825528 -6.188399 -89.573156 4.460973 28.629936 16.937251 -10.504285 -3.022192 -44.485920 26.497245 -24.312213 -6.857974 -43.432966 9.419039 -12.464034 1.095654 18.059382 8.814356 -7.759718 22.746710 -41.225742 44.816039 -45.974901 72.600092 10.002755 23.468167 -74.843281 30.983318 -25.372819 68.462810 -19.500612 5.541322 10.643404 65.675237 -23.449648 -2.384757 -68.426538 17.539027 -34.032599 -2.325069 -34.739210 0.798286 -7.178910 0.159014 -38.011019 -5.295531 -42.323079 5.932354 175.012856 -20.632844 -126.572238 43.720233 -62.531374 1.033670 -17.021426 -44.810223 -3.206305 16.103918 -14.747016 -19.715335 -43.755280 20.770432 -45.130701 -5.265228 -59.208448 -3.154270 -29.841445 -1.232935 -35.661310 -2.841598 -27.448424 0.000000 -78.646771 -15.448424 -112.529538 1.887665 350.337619 -33.557239 -99.178910 16.494031 7.249311 2.765381 2.123814 -74.729875 16.347720 -83.510560 -30.334405 -40.654270 -48.441537 -84.403275 -45.511631 -6.897000 -78.462657 -30.865932 -21.834405 -1.338078 -130.737986 -81.587542 -135.689164 -4.619223 -109.784053 -12.867616 -197.085399 -0.902051 568.303030 214.649985 35.836241 12.402663 
293.663300 276.353688 144.731864 -0.200949 503.134068 911.211203 330.316192 1.738292 298.130395 1470.834711 -8.127334 35.817264 -63.882002 963.399602 -406.540863 106.420263 -56.107897 41.361188 -217.477961 90.883991 -72.680747 -161.484389 -16.995409 -168.341139 -80.213805 -39.019896 -3.637435 -137.466789 857.763851 454.958525 359.770585 -0.077288 266.759565 155.862565 25.260943 0.382920 86.227426 -107.315121 -568.945669 27.729109 259.639731 -112.399143 -260.099939 30.998929 -78.141414 24.798898 -68.824304 62.426691 74.475972 96.288491 -3.007346 1.581420 -168.738292 53.501224 -7.231252 -182.991429 1327.066575 135.480869 -36.984848 19.570860 -31.243955 -327.703857 -548.497704 -1.084940 85.400979 -229.425926 -363.168656 -18.678757 127.157178 -57.923018 -100.865779 -3.434496 -163.081573 27.347107 -56.292011 21.929140 103.905418 56.422100 -8.210591 66.490052 -169.773339 107.220539 -11.669575 -79.959137 782.788491 -104.810530 -442.459902 131.380931 -64.339302 -83.844506 -286.590603 39.631772 118.055096 24.663147 -61.906030 -14.396847 32.536119 36.393021 -83.966024 -11.265228 -129.842975 7.549893 -57.745026 2.690695 100.914294 24.121059 -12.059076 33.567646 -89.003979 45.647995 -52.763238 48.162994 -439.802112 48.079737 -249.590297 223.009030 -64.238751 362.331038 -95.659014 139.978421 -25.350627 275.231252 -76.611723 7.799357 -52.120294 34.858127 -97.741506 -1.290174 -89.901286 0.122436 -28.397459 0.100704 57.041781 31.423936 -41.418580 7.880931 52.420110 14.544383 -145.071778 49.815274 -824.342669 -130.021886 -66.570554 -67.877257 -175.365626 186.769207 -148.164830 61.754821 -216.314050 230.591827 -172.138965 14.651209 -136.500459 13.807163 -57.588001 0.401592 -37.579584 9.123508 -17.076523 0.000000 6.362412 48.256811 -82.431283 0.449648 189.603000 67.664983 -108.892409 13.087236 -580.800735 -530.650597 -37.166361 -271.747781 -209.255586 -473.107897 -192.241659 -97.788797 -261.983318 -151.724212 -197.940465 -3.769819 -133.845577 7.935262 -35.064891 -1.099786 27.351087 66.250842 -44.610193 4.058463 13.126416 200.332568 14.612948 8.411999 242.287879 248.251454 46.728803 4.752066 
-77.248036 -78.656311 -12.180900 -1.954443 -31.003826 -137.376951 97.159984 -4.096113 19.761096 -8.127334 264.339965 -7.986379 56.622590 186.460616 73.511019 24.478217 26.535660 25.642383 -41.062596 110.239312 -47.644679 -159.324151 -8.199418 147.540863 -108.750281 -116.640904 -2.264412 -7.355423 -83.922202 -46.710540 49.343230 -0.751709 22.245740 -22.351954 231.290123 0.986685 -56.530048 -108.437659 135.508060 -4.959902 83.710999 -92.902612 3.392358 -13.964748 120.062290 -89.336853 8.180033 24.012499 2.407765 -58.435007 1.019743 109.053209 -117.777625 -20.491225 -1.501581 58.293746 10.052036 25.183604 160.117845 -3.999745 -14.201204 -68.730334 69.205846 1.831497 -115.328334 -79.341190 -28.690185 6.232374 -47.556219 -37.225232 58.875217 -13.426181 51.259667 -20.465259 31.131160 -5.976686 8.367616 -13.360473 -0.308897 15.299918 -53.950515 28.030864 -0.541883 62.724671 159.778798 -19.531017 73.977604 -6.972860 -85.435874 -86.212223 -37.208244 -9.596878 -48.935109 -49.327416 46.636415 1.873941 -78.545863 -15.127793 103.903428 -0.541373 -28.354454 0.812111 14.472095 -2.704061 -18.799408 -6.688807 1.337568 -2.545506 11.547240 -20.830783 14.155545 15.884451 113.738904 13.602592 -25.594939 88.848383 -69.759871 1.779002 30.645750 9.088613 -15.847005 -34.437812 156.303694 -2.130701 -129.325069 -19.113560 71.270891 0.725130 -48.328742 -1.684828 -0.152331 -0.003877 -8.605448 -6.168860 11.963983 -1.380267 -44.676921 12.116060 53.878686 -8.336496 -153.537445 81.973625 -10.993011 92.714672 -73.021835 124.857770 70.193297 29.529079 -90.972911 -13.207224 96.342465 -2.495460 -126.621977 -29.429140 -1.202224 0.696255 -18.630956 -6.065197 2.532395 0.000000 29.636007 -7.715080 64.715539 -1.526681 -123.333384 -2.336139 70.559790 -6.374809 -215.763851 -155.495103 -7.726763 -36.340577 -71.038772 -170.430670 -18.855627 -27.075605 -127.574890 -155.946077 -40.941179 -3.820069 -85.047342 -51.005204 -18.131721 -0.102336 42.874707 21.604938 72.225436 1.711917 68.357157 -17.768952 156.518212 5.484644 -163.872054 -75.858688 27.687736 5.878023 
18.587542 21.917968 5.741047 1.147995 19.937557 35.118457 7.157331 2.295684 18.396235 35.817264 -7.986379 8.269972 5.162075 11.060759 -7.895317 5.233854 -10.818641 12.302418 -1.888430 1.513927 -4.644934 2.476125 -0.728650 0.931129 3.225589 2.962198 -0.112642 1.305020 26.096266 11.160086 7.239363 0.441537 6.226507 6.195439 -7.643098 0.406336 9.291705 -5.216406 -18.565963 3.429752 22.710438 -7.695745 -6.811601 5.508571 -20.222222 -1.704316 -6.132844 1.253137 -4.055249 1.838537 -1.042241 -0.338231 3.057851 7.884144 -0.321702 -1.063514 35.265381 4.380318 -10.510101 0.938170 -1.275635 -5.490358 -22.063820 -0.078053 12.266912 -1.168350 -9.302265 -0.817417 19.010254 -2.737068 -11.250536 1.728497 -16.266605 -1.696051 -8.573003 1.142639 -3.319100 -1.210132 -0.668809 -0.617386 8.913988 -0.062290 -0.900979 -5.922865 15.924395 2.630701 -14.507652 3.083869 0.537649 3.028773 -7.699418 1.799357 10.857208 0.962504 -5.186103 0.164677 6.948424 -1.245179 -11.322314 0.965259 -5.013774 -0.737527 -4.519590 0.535047 -1.041628 -0.685644 -0.860728 0.569942 9.117692 -2.466789 -3.904193 -2.864555 -9.896235 -1.526783 -5.565504 2.417661 3.399908 10.801194 -3.626875 4.445363 7.007040 11.548975 -12.207224 0.983930 6.699725 2.938017 -8.537649 0.028466 -1.234160 -0.363330 -1.921335 0.002449 -1.839302 0.401439 -2.722069 0.240435 10.603765 -1.708601 -5.329813 0.760637 -11.566728 -5.572391 -1.400214 -6.557698 7.738139 1.401898 -7.388430 -0.972911 2.573003 10.492654 -13.777166 1.340833 4.402663 3.189164 -4.927303 0.181206 -2.327977 -1.013315 -3.024181 0.000000 0.242118 1.213193 -5.241659 0.897766 10.751760 2.563973 -2.259718 1.069789 0.426079 -0.820478 -1.219620 -3.512703 -0.975513 -1.702479 -5.450566 -1.841139 4.366544 0.253290 -5.077288 -0.280839 1.340373 -2.234619 -3.081879 -0.181512 -4.606673 -6.804714 -3.557851 -0.886899 -6.137588 -2.190848 -0.474288 -0.533364 4.212121 11.978268 0.098867 0.680441 
-24.030303 -17.773646 -13.391185 0.220845 -41.976125 -60.656107 -27.462810 -1.111570 167.369146 -63.882002 56.622590 5.162075 441.453627 -49.220845 25.952250 51.877410 149.637282 -36.394399 -33.955464 53.302112 -1.526630 -150.083563 -8.638659 13.228650 -109.545455 -137.299816 -0.660239 -54.820478 -61.335629 -17.902663 -6.906336 0.084940 22.361800 60.976125 64.681818 -4.353076 42.544536 9.804867 62.376033 -14.546373 325.353535 -50.605142 17.963269 -11.690542 171.893939 -36.106520 -2.852158 15.465106 -4.229568 -1.574380 0.685491 97.410468 -177.181359 -9.335629 -0.233701 19.226354 -40.692378 23.160239 60.181818 -3.803949 -30.940312 -3.458678 26.415519 -7.106520 -27.249311 -25.747475 2.269513 -27.876951 97.784206 -12.901286 67.376492 -26.428375 10.186410 18.109275 10.459137 -7.483930 -54.311295 26.891644 3.834252 25.832415 -118.087236 88.787879 -2.073462 107.189164 84.657943 -3.283287 44.668503 -11.093664 -58.848026 -22.720845 -14.688705 -5.331038 27.497704 -4.004132 48.279614 -10.568411 -49.908632 4.550964 45.619376 -10.610652 -48.982553 -3.228650 -3.731864 -0.891644 -76.445363 3.920110 -6.488981 0.609275 68.049128 25.455464 -17.087236 33.380624 93.029844 29.779155 0.203398 30.284206 -27.638200 20.210744 39.105601 -10.663453 18.780533 21.496327 76.574380 -2.856749 -129.278237 0.679522 -8.773186 -2.248852 -38.329660 -1.775023 -8.620294 0.097796 -89.149679 -17.619376 -24.518825 2.234619 142.221763 -8.938017 -7.478421 5.300275 -15.302571 55.126263 -4.415060 22.829201 3.264463 49.536272 51.105142 -21.018825 -49.438935 -44.136823 2.172176 -3.437557 -100.163912 -13.560147 -39.588154 -1.278237 -42.674013 -11.629936 -26.874197 0.000000 -68.886593 -27.298439 -31.730487 0.756657 124.836547 11.353535 48.384757 8.436180 -22.170340 -27.540863 3.568871 -10.654729 -26.203857 -104.256657 -4.837925 -16.236915 -72.084940 -113.558770 -44.528926 -9.370983 -76.825528 -73.475207 -51.024793 -0.376033 -70.136823 -62.641414 -67.020661 -0.047750 2.201102 18.398531 33.201102 4.719927 139.050505 33.056933 78.435262 6.144169 
112.052750 102.763443 73.788797 -2.538057 327.270585 466.956382 263.664473 -3.149985 339.202173 963.399602 186.460616 11.060759 -49.220845 1077.770942 -256.867769 56.115141 -19.558616 217.178859 -225.742730 124.948628 6.030966 -236.647383 -14.192684 -23.610652 -142.998878 -140.574125 -3.637027 -119.932303 478.440873 263.541424 253.419549 -0.976176 227.859096 119.374758 181.890011 1.466483 71.930109 -131.258086 -289.203500 17.174778 40.969136 -93.795429 -209.990919 -3.663963 -25.835017 -13.515305 -51.505714 45.383430 105.954341 18.191817 5.388430 66.173299 -203.562137 17.439190 -3.622232 -87.693348 873.373584 149.601673 109.851852 7.177584 -7.910519 -221.166361 -294.285736 1.280992 -13.738547 -213.640292 -292.798490 -1.832160 -54.388991 -55.114682 -61.950821 -5.059739 -94.113509 0.829354 5.385369 7.834201 71.687481 31.330323 -1.523824 66.978931 -159.038619 123.538159 -5.271401 25.036119 719.230538 -37.587134 -244.247424 72.523212 -129.222069 -134.184165 -248.643149 12.281910 31.886440 -47.166922 -50.175594 -9.207428 -17.974033 11.353688 18.980869 -8.022294 -101.612029 13.279563 -12.136772 -1.107540 1.174217 3.930160 -9.710693 17.291756 -5.660953 34.437455 -31.296194 81.807009 -153.798133 77.364657 -198.542190 224.497653 -163.870983 245.013009 -76.511376 94.123967 -21.632640 147.102030 36.464748 3.918121 -73.562443 3.297215 13.811295 0.779002 -87.091368 0.486328 -10.170289 -0.058872 -27.001071 12.823283 -34.146567 -0.119886 115.844965 19.053209 -99.578104 30.210081 -652.755178 -20.894501 -57.445312 31.523314 -219.724416 248.248903 -61.771350 74.481941 -202.745638 176.062137 -21.380880 9.028671 -142.593358 -11.713652 -11.913784 1.306805 -40.001888 4.853994 -5.648862 0.000000 -41.513264 23.012754 -44.143608 -2.305581 180.710948 -11.094837 -61.786450 -4.357974 -538.689777 -469.857055 -34.427660 -212.277727 -179.290736 -403.551882 -142.068309 -77.546985 -245.177023 -178.840577 -133.652178 0.209111 -139.664626 -5.897459 -1.696255 -1.485053 -21.078716 24.453984 -14.602847 0.414499 -34.861137 104.576727 11.580502 6.581165 247.124579 185.654219 92.701765 6.118763 
-78.358586 -67.239669 -37.422406 -0.005969 -171.041322 -240.425620 -86.414601 -0.054178 -166.910468 -406.540863 73.511019 -7.895317 25.952250 -256.867769 269.840220 -37.495868 19.668962 131.410468 101.891644 7.563361 28.327365 77.422406 0.910927 186.399908 17.005051 6.742883 -0.488981 89.426079 -225.230487 -117.615243 -86.336547 -0.002296 -88.883379 -18.231405 39.075758 2.220845 -12.714417 13.060147 235.008264 -1.679063 -9.464646 -26.411846 104.150597 -20.761708 -68.606061 -97.357208 3.349403 -44.587236 -49.265840 -78.685950 -3.723140 14.637282 109.917815 34.219008 1.337466 120.805785 -338.932966 -13.369605 48.323232 -0.860882 -2.254821 81.881084 171.546373 2.764004 46.293388 52.782828 99.994490 22.479339 -10.256657 -8.084022 26.708907 2.138659 -75.180441 -35.428834 -9.609734 -20.068411 -79.263085 -48.578972 -2.235078 -62.421488 194.357668 -38.752525 5.871901 8.578972 -151.640496 15.061983 155.297521 -33.224059 -16.748852 3.117080 66.737833 -14.431129 64.527089 -20.977502 30.297521 12.124426 -9.460973 -24.258953 14.803489 11.155188 -51.375574 -7.258494 -5.087236 -2.451331 -64.951791 -16.467401 5.103306 -24.115702 110.191001 -41.775482 38.069789 -54.788338 152.299357 8.243343 69.177686 -32.155647 15.576217 -69.379706 43.435721 -33.928834 64.946281 -70.377870 67.994031 0.140955 -23.518825 -21.275941 14.597337 2.867769 -27.803949 -2.568871 -6.563361 -0.061065 -10.369146 -10.985308 27.167585 -4.754362 -71.241047 22.197888 102.672635 -35.421028 91.922865 118.540404 13.169421 62.674013 34.928834 58.775023 67.189624 -11.675849 34.382461 -40.847107 70.766299 -2.646924 -32.866850 -13.536731 -3.164830 1.087236 -3.851699 -6.903122 4.865014 0.000000 45.806244 -11.508724 92.812672 -0.370983 -198.413682 4.146465 86.386134 -9.374197 -12.347567 17.567034 1.626722 43.999541 -13.135904 17.179063 32.493572 10.039027 -14.629017 -47.475207 14.884757 -2.341598 -21.523416 -23.943067 -14.410468 0.365473 54.349862 21.757576 93.865014 -0.220386 67.123967 -42.559229 140.770432 -1.695133 -275.515152 -130.196051 -16.164371 -4.659780 
21.677329 15.110856 12.251607 -0.212223 47.816957 50.649679 37.718804 -0.575605 43.981328 106.420263 24.478217 5.233854 51.877410 56.115141 -37.495868 42.299561 24.802724 -96.142383 -26.149526 46.164728 -48.501786 -110.610193 -1.931895 -23.308540 -59.552750 -60.561116 -0.447709 -34.023365 59.078767 19.367105 23.717376 -0.081624 26.400724 -0.996531 15.396745 -0.991736 -5.636619 -20.476482 -21.548464 1.434650 56.172840 -11.218600 -13.341853 16.363738 63.457912 3.816651 2.663402 39.679420 2.471023 2.702683 1.465106 43.002347 -112.939547 -31.730997 -0.755994 -22.813948 86.427762 -13.047240 -4.713805 -0.000255 5.549689 -38.567646 -31.842210 -0.932507 -38.656515 -28.517396 -23.850219 -5.434394 13.909754 -7.845475 11.710642 -3.311193 38.634272 11.126875 10.227426 11.163555 18.788950 15.006938 1.228089 44.392001 -115.423222 22.277217 -2.422763 27.133915 45.544434 -20.928579 -16.134170 4.013264 -2.074227 -15.706969 -19.357413 1.743343 -15.282063 -4.672584 3.100959 -2.404244 -13.267269 4.491429 22.995562 -3.059637 5.758494 1.192939 4.790532 0.860626 5.385267 5.451434 -2.837568 16.353586 -45.835119 18.941894 -13.584838 41.186257 -4.127793 -9.446026 -6.758596 12.919294 -5.204775 11.246250 -1.544740 6.941690 1.306601 13.468115 18.347822 -0.000612 -24.129477 3.714570 10.067493 -0.543312 -10.151056 -0.365677 -1.029487 0.049332 -15.697582 -4.502857 -12.388226 3.849964 35.399143 -13.100908 -20.727171 18.851648 -21.785787 0.455668 -1.082747 2.053005 -4.932711 11.122028 3.049128 1.193144 -9.047291 3.626416 5.506020 0.561116 -26.857821 -3.712274 -2.863432 -0.009387 -16.465004 -2.449954 -11.244516 0.000000 -24.282471 -6.623304 -20.488267 0.132742 59.368738 -6.093154 8.500816 5.364708 -22.751301 -2.646312 -0.111621 -6.103867 -5.511733 -19.660239 -2.886797 -6.924395 -16.091776 -36.351903 -4.897204 -1.690032 -32.235486 -21.171564 -12.832925 -0.483522 -27.445414 -18.534231 -29.513315 0.126467 -5.044026 5.274003 13.456535 1.560810 55.594276 23.984951 43.110244 2.425008 
-15.407407 -39.500765 -11.679522 -1.687175 -16.847107 -81.550964 -15.732476 -3.726814 -39.571166 -56.107897 26.535660 -10.818641 149.637282 -19.558616 19.668962 24.802724 409.766758 -196.715029 33.207989 107.484083 50.686563 -253.699265 0.754821 9.584481 -174.400673 -220.223753 0.172023 -96.464034 -65.546526 -52.348179 -35.413529 -0.648913 27.171870 -37.757270 43.861953 -1.667126 -48.586624 6.818029 82.895011 -13.130395 171.599327 5.526018 28.035047 -6.797674 289.555556 -54.019743 16.793235 42.038261 90.852464 -2.508111 2.233701 143.840373 -254.364096 -75.915213 1.363330 -10.855984 -108.509642 -59.773033 14.065657 -4.056321 13.977349 -19.884757 95.246097 -3.029844 -126.737221 -7.163300 26.434190 -16.232476 81.214111 -7.278849 61.849097 -15.787114 159.907867 -10.664830 33.525712 -1.049740 24.392103 7.859198 -0.310683 67.782063 -241.673707 87.003367 -2.682430 142.421947 -46.891950 -20.184726 97.319712 -26.091521 -45.985308 -24.838078 18.831803 -9.497245 -74.265381 -24.543006 2.050352 -10.308693 62.784053 2.171258 70.380624 -9.108203 42.224977 1.023263 22.745332 -0.973676 -28.061371 -2.484083 -8.916743 10.621365 -22.252831 3.184267 -39.870676 84.144628 143.414601 -12.762320 43.067646 -14.807775 -45.897153 -100.953168 -2.624120 -9.573921 25.470309 -57.216866 49.018212 -1.330119 41.364096 -5.588613 52.672176 0.203398 5.001377 -0.475819 3.608509 0.072238 -67.759412 -24.301500 -38.326293 2.191307 166.151974 -63.994643 -59.040098 18.100398 150.263851 29.639731 1.756811 68.411540 16.838231 -34.573309 33.349403 22.246097 75.625803 -43.610652 77.053413 2.476278 28.461892 -7.944904 28.465259 -0.472605 -37.243496 -11.693297 -35.662841 0.000000 -76.478727 -34.900214 -91.187022 -0.864402 238.262779 -36.526936 13.371136 1.488062 51.220845 29.303489 -6.238904 70.269207 73.075911 105.095041 31.647689 44.393480 82.058004 21.711968 45.924549 5.364249 -17.534741 -54.534894 -23.710897 -1.228344 -125.982706 -85.117845 -131.146006 -0.489287 8.564891 8.857361 -60.236455 -1.322620 264.358586 71.616468 135.275176 0.345730 
-12.423120 47.814917 4.567034 1.288593 -55.759106 97.432048 -23.561932 3.024181 -29.475360 41.361188 25.642383 12.302418 -36.394399 217.178859 131.410468 -96.142383 -196.715029 993.698704 22.854760 -198.829864 295.396337 723.741047 -3.668656 222.745638 316.081369 345.064177 1.553158 231.143353 40.686001 104.930262 77.023824 0.495613 -8.360626 171.021171 54.333895 1.502755 88.476533 28.426283 -27.837517 9.088766 136.936588 -94.151617 -19.844404 -30.460310 -282.947811 -140.448883 -73.527650 -212.649883 -40.670901 -43.984440 -14.356749 -243.253801 721.960667 324.874554 4.529334 193.339047 218.546067 169.739771 79.461279 8.739159 -75.999337 35.554331 -56.953015 -2.750230 214.221865 -3.292368 -55.098969 1.530660 118.520610 -29.819049 -64.024997 3.976329 -282.540914 -103.241659 -92.788950 -66.473166 -229.002449 -128.962708 -15.015815 -310.557137 890.316090 -64.031425 15.146210 -194.124273 286.209162 32.075809 -68.575962 39.866748 -124.980410 -6.839098 -68.937506 0.826905 138.772421 4.783849 11.672074 -0.150087 32.386032 -20.202632 -91.024487 7.983114 -128.198347 -4.481890 -62.058974 -3.933476 -157.747373 -44.316600 10.499337 -99.369044 439.845832 -112.603357 98.184777 -269.515917 -31.918580 81.596929 -64.634272 73.049791 -73.596878 164.038874 20.040455 17.691001 -29.151260 95.021171 -23.586267 4.145699 -32.916896 3.114172 -88.250230 1.096113 -23.710285 0.413274 -19.874401 -0.410978 30.928528 21.105857 70.975156 -22.182073 -178.581879 123.620498 189.150801 -124.683757 -291.489389 40.668911 -19.047036 -25.320529 -89.011427 119.393276 -4.843893 -22.508571 -134.416437 75.998929 -102.330017 2.163096 -47.959902 18.011172 -48.471125 0.429344 48.133813 8.866850 55.651005 0.000000 156.199520 49.378278 201.958270 -1.474645 -515.172074 93.040965 78.979135 -40.290328 -256.392409 -258.061677 -25.678247 -100.444649 -106.084532 -225.499541 -79.368177 -45.054484 -111.428273 -32.940720 -102.517549 -3.664728 18.537292 81.574686 23.774921 1.187685 238.920926 133.926487 254.305326 0.766248 151.727375 67.536527 253.284053 -6.602439 -794.998316 -177.066371 -177.731303 -16.278084 
-28.422559 -27.888965 -18.653811 0.691384 -75.960973 -120.257117 -54.829813 1.630854 -119.640955 -217.477961 -41.062596 -1.888430 -33.955464 -225.742730 101.891644 -26.149526 33.207989 22.854760 114.299587 -47.378864 41.378252 138.358356 9.889118 64.630165 86.291246 71.121059 1.149526 76.738445 -125.043541 -74.459060 -60.875191 0.265917 -51.197964 -43.900979 -35.928451 0.702479 -16.919268 22.859581 80.316269 -1.225666 -4.978956 5.285430 79.620676 -3.557545 -16.366162 -45.038338 23.285889 -36.880012 -29.119299 -36.704852 -0.498852 -46.826064 157.126722 16.226661 1.608050 51.596725 -221.520661 -39.593970 -28.338384 -0.623814 5.036119 52.061524 75.382691 0.345500 18.703551 49.831650 87.980793 5.420187 30.870906 4.956459 25.955617 5.325834 -15.888506 -19.193756 -8.308540 -9.722146 -44.230487 -28.104989 -2.036119 -54.517753 163.540710 -42.132997 2.625191 -36.154270 -171.992730 0.473447 66.272880 -17.980869 22.697429 23.884374 69.934190 -5.389118 13.151745 -0.682583 26.548975 2.996403 27.555173 -11.151056 -2.181129 3.109887 -0.611341 -4.244643 -6.074457 -0.794842 -26.239976 -7.578206 2.360346 -14.819177 56.464111 -12.594200 19.803336 -44.942608 37.264692 -11.284818 65.711815 -45.231788 35.286042 -59.450872 28.321931 -15.701331 37.687940 -41.830272 5.485155 -0.361800 27.098026 -5.658861 -5.816116 0.609734 9.884986 -1.172329 -3.485614 -0.062978 3.408402 -7.227120 12.893633 -3.155112 -39.942378 6.682354 51.677303 -19.114708 142.095577 29.377104 20.659014 5.456305 55.655035 -32.018442 23.011708 -7.241047 62.788338 -26.722681 12.718473 -1.158938 32.631543 1.763085 -0.334787 0.223447 4.097873 -4.814279 0.119069 0.000000 26.796067 -8.098102 34.910086 0.153964 -98.758571 7.518519 40.216406 -5.308770 115.132691 107.029844 7.244796 45.532981 44.526783 84.149908 35.971840 17.407025 62.337619 27.566651 27.194980 1.089455 22.728344 -11.202479 -8.550888 0.047368 16.895164 -5.824916 26.373278 1.223294 23.171641 -31.330425 55.574839 -4.203474 -170.967172 -85.365626 -23.690159 -4.567952 
