611.600340 1029.963858 40.430154 157.674784 117.856142 913.789475 34.936142 181.706204 -252.276451 165.525926 16.860586 -168.879136 -194.323673 -112.389321 7.346080 -272.031111 -49.599290 -58.545401 -0.025617 -79.505062 -9.619228 -49.363241 -0.679506 -7.755309 3.524383 -23.520926 -1.719938 2.426481 29.097685 116.913302 1.478210 15.483951 40.076358 194.675309 5.347716 41.591173 20.795833 197.220309 1.789691 33.008858 -29.559259 127.556790 4.178580 -28.898951 -17.155957 43.875494 8.462315 -25.524074 -5.188148 27.266173 1.225062 1.085864 68.767654 24.292068 0.858241 10.097222 4.480802 -107.622407 -1.131821 -3.449105 7.501481 -53.938395 4.016790 -0.763580 11.587531 -62.093025 -11.434444 -2.458210 -2.798210 -61.245556 -16.234198 -5.630247 1.581173 -99.619475 -5.207623 -6.394198 15.624414 -49.286049 -1.810494 -13.197377 108.293488 -6.981080 9.737623 -1.917006 14.932037 -196.518364 -32.164846 -14.589444 31.011698 -84.854167 -17.566667 1.771296 13.817377 -68.897809 -8.211574 -0.383920 -8.677870 -66.764568 -5.328457 -3.036512 -20.704074 -43.609414 -8.934167 0.192531 -18.013333 -43.923025 -11.585432 -3.561852 57.250463 2.062346 0.769506 -12.277006 10.457870 5.702840 -6.797037 -9.111451 9.578951 36.165031 13.214352 3.791235 6.035216 26.040216 12.653580 1.032531 -12.490833 16.851389 -1.127377 -0.390895 -40.240617 23.972160 -9.518395 5.556111 8.389321 22.746914 9.114012 13.178025 2.791142 35.989321 11.370340 6.506420 0.417407 4.708056 1.105895 0.000000 -0.625432 2.053210 1.104444 0.000000 -1.022870 9.505309 -0.272932 0.088086 -19.998951 4.128210 -2.806914 0.088086 -30.729722 23.448519 5.505278 0.000000 33.538549 35.915772 1.183148 0.000000 13.570710 -3.454228 -5.672191 0.024907 -0.800895 -42.520216 -6.344846 -4.302377 11.506852 -46.114321 4.037562 -2.471574 -12.504722 -131.523025 1.274383 -0.292500 -29.172068 -125.579660 -5.528673 -5.672747 0.248765 12.925062 -23.674877 -2.289938 34.269228 29.168611 -36.535031 0.541636 61.785463 22.898580 -5.417315 0.000000 
1029.963858 4191.881821 185.213673 419.550525 -111.546265 2746.337068 146.962623 229.295648 -540.115525 634.931481 112.593735 -587.010988 -415.284969 -16.076728 48.399599 -712.941111 -64.234660 110.139228 3.294753 -187.309136 6.099475 28.948426 -3.606914 5.812099 58.000309 69.069074 -3.793642 40.036481 73.639352 344.815710 8.421173 27.958025 28.919321 453.801235 14.293642 59.373025 -27.640278 344.272901 3.028210 17.714599 -104.070370 117.104938 4.255988 -108.565247 -91.644660 85.893642 -0.560463 -74.224074 -32.035926 99.753580 -4.766420 -5.075988 359.442840 136.036327 2.373241 47.447222 14.087099 -265.131296 -28.006451 -3.036698 10.305926 0.235309 -31.216173 5.495679 8.750123 -104.863765 -68.782222 1.075494 0.837716 -191.465556 2.174321 -24.220988 -13.155864 -183.990401 -16.348549 -55.104568 71.021265 26.644691 -17.903086 -67.557562 586.433673 140.752068 33.607438 48.286142 -14.835741 -959.802623 -194.624660 -28.327222 82.381512 -356.368056 -159.477778 11.371296 26.526451 -368.923179 -68.436574 5.490710 -19.140648 -447.452716 -20.066605 -17.969660 -44.044074 -406.802932 -21.176944 -40.138210 19.130000 -375.439321 -19.913951 -109.858519 453.081019 -229.978395 36.016914 -116.392747 -0.606019 -243.577531 -70.899259 -19.691636 25.057469 0.355957 -2.238426 7.759383 14.150586 15.701142 19.836543 2.077346 -25.759167 28.520833 1.644660 -0.862191 -43.640247 88.502531 -4.590247 5.488333 85.998951 80.870988 15.314383 2.678765 -91.642377 143.182284 27.721636 -68.085432 2.864074 22.080833 5.502747 0.000000 -1.379506 17.046173 11.045556 0.000000 -5.745648 80.982346 26.140216 -0.167099 -50.265247 111.071173 42.222346 -0.167099 -19.814722 104.332963 10.850278 0.000000 107.380586 35.031142 -63.403519 0.000000 -6.965772 -132.182191 -93.923488 -2.154537 20.731142 212.695525 42.855340 -11.391451 33.480185 172.431605 117.232191 -10.987685 -74.006389 -220.672654 83.744753 -14.785278 -36.545216 -433.089475 -149.302191 -21.039599 20.928395 -189.594198 -185.846728 7.720802 77.450525 31.364722 -176.302623 10.809599 240.584907 52.458210 -41.156759 0.000000 
40.430154 185.213673 22.972191 10.912377 -12.379228 130.137438 19.536327 -4.401019 -22.724043 53.125926 18.268549 -38.731728 -9.749043 42.896975 12.144784 -36.934444 5.771636 37.871080 2.898457 -7.724321 3.165401 5.923981 -0.100988 1.401728 4.765123 6.420185 -0.184012 2.635370 8.783796 37.882006 2.997469 1.004321 0.856728 34.499383 4.400679 1.077099 -4.623611 13.058827 2.155617 -0.343549 -8.675926 -0.574691 0.988951 -5.253765 -4.786142 -3.110432 0.502870 -3.646296 -0.839259 7.796543 0.225432 0.251049 27.573580 16.394475 0.041019 6.475000 1.321173 -31.834630 -4.622747 0.034043 1.310370 -12.757654 -6.193580 0.510494 -0.415062 -22.167840 -4.957778 0.264753 -0.898580 -25.368889 -3.239383 -0.717284 -1.876235 -27.525216 -2.770031 -4.809383 -1.079105 -18.302346 -0.984568 -7.431636 40.165525 -6.650895 1.996698 -2.924599 -3.236852 -63.206327 -8.787253 -1.942778 2.431883 -13.268056 -10.122222 0.993519 0.210525 -9.595772 -4.364352 0.307006 -0.928426 -10.779753 -0.760309 -0.294475 -1.728519 -5.127006 -1.372500 0.008827 -0.204444 -9.883395 -1.186914 -4.355185 9.008796 -7.985802 4.458765 -8.300154 -0.239352 -1.024568 0.976296 -1.302377 0.308210 4.294105 0.417130 0.027531 0.407623 4.431512 0.497284 -0.016728 -1.180278 2.654167 0.530586 -0.041821 -2.506543 6.121790 1.187901 0.848333 4.530802 7.300617 4.098086 1.812840 -16.723117 11.319691 1.142377 0.083827 0.299630 2.039722 0.457932 0.000000 -0.066914 0.200247 0.314444 0.000000 -0.298981 1.570494 0.961698 -0.016728 -2.753765 3.603025 3.084938 -0.016728 -1.530278 4.039630 5.259167 0.000000 5.275401 0.971512 -1.584630 0.000000 -7.560586 -7.107377 -2.927562 -0.175648 -1.539599 6.464043 1.897191 -0.744414 -0.857593 -11.589136 -0.281512 -1.028796 -2.077500 -26.094506 8.498457 -1.580833 5.289969 -29.390957 3.888179 -1.170340 -0.614198 -2.930123 -7.768580 0.453765 3.401265 -3.886389 -7.700772 -0.058549 4.187130 -2.426605 -1.704537 0.000000 
157.674784 419.550525 10.912377 107.709228 -0.596080 274.381698 0.799475 118.325093 -78.308673 -52.457407 -3.688302 -41.254691 -65.267006 -168.681543 -5.569475 -93.171111 -29.398179 -96.503179 -3.403395 -29.497284 -10.837006 -43.961019 -0.615062 -6.548642 -4.258951 -21.127593 -0.522160 -2.550185 2.375463 15.987747 -1.946235 7.878395 9.935247 63.991975 -1.744506 20.816728 8.701389 79.171420 0.503025 21.374414 -2.242593 42.451235 1.897469 -3.817840 -9.329290 12.016605 0.854537 -7.735185 -5.262593 4.541728 0.185062 1.395864 -1.855679 -2.462377 0.334907 -2.763889 -5.890309 -55.641296 -2.445154 -1.190216 1.419259 -34.775062 0.331235 -0.163580 3.078642 -32.996358 15.430000 -0.410432 1.152901 -11.720000 19.242469 -3.196914 -1.368827 6.389414 9.132377 1.906914 2.821080 28.290617 -0.477160 8.580401 11.313488 29.036698 1.774290 16.664105 -0.422407 -56.062809 -3.383735 -2.251667 16.342809 -27.954167 11.400000 0.615741 8.007377 -25.028920 27.649537 0.196080 -2.634537 -34.341235 18.228210 -3.037623 -8.741852 -39.326080 2.294722 -1.595247 -13.945556 -25.130802 -4.842099 1.523704 41.678241 -1.904321 -2.942716 2.534105 8.835648 49.657284 4.716296 -1.563673 6.980062 28.486142 15.981019 2.182346 3.948549 9.024660 11.233580 0.630309 -3.925278 1.973611 -0.209599 -0.118673 -14.937284 -0.776728 -5.948395 0.118333 -6.512901 1.013580 2.034012 1.362469 6.720031 15.481543 14.412562 -1.403580 0.848519 5.393611 0.913673 0.000000 -0.189877 -0.793457 0.046667 0.000000 -1.213981 1.120864 -1.924043 -0.047469 -6.806728 -2.696235 -7.288025 -0.047469 -11.203056 -4.713704 5.274167 0.000000 0.425216 7.890216 16.142037 0.000000 -6.471512 5.307994 9.224475 -0.142870 5.895772 -25.325772 -3.834846 -0.979043 16.355741 -14.834321 -8.585772 1.047315 1.555278 -13.541914 -19.853395 2.269722 -12.755401 -32.770772 0.084660 -0.638302 8.132099 -26.753827 20.028457 0.528951 3.059228 -2.535833 -1.996142 0.728302 9.083241 -1.698086 -3.213981 0.000000 
117.856142 -111.546265 -12.379228 -0.596080 422.070710 166.142932 -9.342623 102.813241 145.769969 51.951852 -26.228179 41.014321 -128.332809 -236.375494 -27.650710 -157.757778 -64.766451 -160.953673 -9.528086 -59.859753 -21.348364 -36.661759 -1.213086 -7.218765 -0.750309 -8.401296 1.740309 -4.254259 2.377315 -14.467932 -0.185617 1.330864 40.671790 14.243210 -0.612531 26.456975 95.056944 100.625988 6.908457 49.886512 17.731481 102.067284 16.502901 -0.360309 -3.720895 49.370802 8.084907 -16.059259 -4.728519 79.354198 1.967531 6.427099 27.074938 70.273673 1.166759 18.902778 2.645123 -117.955370 -12.246883 -6.266636 5.598519 -99.993086 -9.964938 -0.312346 5.775432 -121.216235 19.201111 0.582284 -4.422160 -104.710000 28.776790 -15.090123 -4.266358 -70.762932 32.058549 -27.352099 -7.912377 -9.549136 3.064198 -9.481327 102.585216 48.619043 2.783673 31.321636 13.317963 24.663735 32.243549 -12.466111 -0.262623 38.145833 35.722222 -0.510185 -2.049784 49.582068 23.964352 1.868179 -9.997130 32.423827 13.465494 -13.173673 -30.368148 6.830710 11.681389 -31.068457 -37.797778 -30.547346 6.142840 -15.104815 94.146759 26.145062 27.611975 -15.423920 18.011574 198.139753 38.897037 -4.178364 0.269198 51.717377 26.182870 -0.228272 -0.308364 22.064414 8.644568 -0.052901 -11.106389 12.845833 3.709784 -0.715586 -48.846420 3.740802 8.048025 -0.200556 -28.868951 -0.248765 13.026728 4.681235 62.724599 30.808827 15.897253 3.384321 -1.072963 0.639167 -0.227191 0.000000 -0.789383 0.733827 0.201111 0.000000 3.158981 -7.759012 1.049784 0.024877 -19.310309 -26.085617 -10.730123 0.024877 -31.067500 -44.731852 -25.346944 0.000000 43.149414 -3.727809 -3.116481 0.000000 65.507994 8.447747 -8.295401 -0.038796 -10.233364 -63.395525 -2.559784 -6.226327 -3.795741 -89.633827 -11.236636 2.063241 -18.759167 -70.841790 -28.028086 3.461944 -46.860340 -52.102747 -59.944475 -2.255957 52.454938 47.000864 -19.384383 0.493642 72.931698 54.584167 21.319290 0.475957 24.600648 26.721790 8.542315 0.000000 
913.789475 2746.337068 130.137438 274.381698 166.142932 4013.570710 172.824043 454.613241 -911.007809 2110.629630 157.644043 -534.602346 -607.066142 426.785617 88.260401 -966.330000 -67.683117 265.162994 6.621914 -274.820864 -2.898364 46.271574 -4.374198 -23.196543 4.444136 0.520926 1.029198 5.862407 39.899537 195.232068 8.925494 9.119753 6.560679 367.243210 15.993025 28.840309 -92.837500 427.598210 8.914012 -6.607932 -158.757407 236.833951 7.530679 -153.732531 -125.870895 103.076358 3.462685 -122.837037 -58.634074 155.109753 -1.560247 -13.728457 169.297160 189.057006 2.666759 43.719444 12.672901 7.922407 33.325340 -14.788858 5.887407 196.151358 20.351728 2.582099 0.964321 99.494877 -15.232222 -7.362160 -25.016605 49.867778 -32.628765 -64.845679 -23.305247 94.603735 -30.730340 -77.168765 51.882068 122.206420 -19.541358 25.907562 340.807438 134.924599 26.917006 138.860525 1.434630 -216.814043 -51.495340 -44.977222 16.992932 -46.615278 -55.783333 4.356481 -0.460895 -175.229043 -95.791204 -0.554043 -44.486019 -266.765062 -52.012284 -52.540340 -131.279259 -235.563735 -22.229722 -75.407346 56.680000 -271.630679 -16.940494 -25.638148 338.185648 -176.643827 58.828642 -38.079475 4.556019 -69.571358 -46.214074 -25.178364 -1.558580 24.139599 -8.400463 0.871728 2.108302 39.292191 2.955679 0.169321 -59.550833 54.368056 0.265340 -2.048920 -163.674198 114.474136 10.164691 3.632778 137.592160 159.195679 94.521173 10.392346 -158.264290 172.908827 95.497253 -65.615679 -2.161852 3.044722 2.811698 0.000000 -2.922716 21.511605 12.478889 0.000000 -0.313241 76.490988 34.949784 0.702654 -91.843642 148.831049 68.053210 0.702654 -109.045278 203.407037 109.747500 0.000000 78.860525 89.333302 42.211296 0.000000 -131.092006 -141.435586 -112.867623 -0.516574 17.394414 64.971142 27.917994 -20.054105 47.937593 121.060617 126.235586 -12.103426 -36.003611 -7.469568 219.116358 12.611944 -110.365895 -179.102747 -24.911142 -8.583735 -73.189506 -180.938025 -211.589938 1.715864 16.303920 -102.604722 -181.052932 4.053735 123.295093 -38.055988 -72.029907 0.000000 
34.936142 146.962623 19.536327 0.799475 -9.342623 172.824043 47.481821 -23.134537 -42.106698 121.779630 46.261821 -64.022346 -11.076142 116.754506 23.905957 -49.236667 22.829105 84.005216 5.160802 -10.507531 12.400525 17.351574 0.240247 3.232346 9.721914 15.153148 -0.139691 5.063519 18.277315 54.756512 6.534383 -0.246914 7.764012 50.915432 10.100802 -2.078580 -5.131944 15.354877 4.121790 -5.842377 -13.662963 -20.271605 0.716235 -9.184753 -8.060895 -11.088086 4.121574 -8.381481 1.319259 14.524198 1.133086 0.870432 45.901605 25.797006 0.093426 14.719444 7.212901 -38.079815 -4.499105 -0.424414 3.216296 -27.851975 -5.411605 0.204321 -0.022346 -35.264012 -5.562222 -0.631049 -1.904383 -36.840000 2.659012 -3.084568 -3.005247 -31.615154 2.537438 -8.650988 1.923179 -22.011358 0.808642 -7.547994 74.627438 -2.090957 4.164784 2.430525 -2.408704 -78.858488 -4.886451 -2.056111 0.551821 -21.687500 -7.155556 0.906481 -0.782006 -21.760154 1.481019 -0.262932 -1.626019 -21.563951 1.455494 -1.880340 -5.144815 -22.080401 -0.078611 -4.089568 8.392222 -27.182901 -0.536049 -8.980370 40.341204 -23.854938 9.721975 -20.201698 -3.755093 5.594198 5.360370 -0.480586 -0.974136 3.938488 1.988426 0.012840 -0.378364 2.521080 0.457901 -0.032901 -2.235278 0.201389 0.238673 -0.082253 -4.976420 6.230802 2.929136 0.267222 14.145494 7.806790 12.363395 -0.345432 -30.357623 13.473272 5.739475 -7.497901 -0.197407 -0.925278 -0.102747 0.000000 -0.131605 0.253827 -0.045556 0.000000 -0.498796 3.056543 1.665340 -0.032901 -4.306975 8.084383 10.327654 -0.032901 -4.557500 8.067037 19.310833 0.000000 -1.547253 -5.103364 7.653519 0.000000 -21.973117 -15.745586 -9.676512 -0.345463 -3.225586 7.543364 1.033549 -1.464105 -0.246852 1.973951 4.917809 -1.467870 -1.599167 -20.949568 23.288580 -1.486944 2.400772 -49.143858 11.957747 -0.238179 -8.672840 -26.961358 -6.314383 1.406975 -4.939414 -20.036944 -7.019599 -0.115154 -2.029352 -11.652654 -3.126574 0.000000 
181.706204 229.295648 -4.401019 118.325093 102.813241 454.613241 -23.134537 417.794167 -198.960093 -48.916667 -39.693426 217.547407 -212.723981 -502.122037 -33.266574 -134.686667 -106.702685 -369.554352 -10.134259 -71.174815 -51.641759 -154.247500 -1.415926 -21.642963 -22.106481 -76.733889 -1.850185 -9.510556 -18.256944 -42.254907 -6.916852 6.270370 -4.894630 26.312963 -8.572037 34.416481 8.343056 151.763519 -1.609074 67.429537 5.444444 127.618519 6.807593 24.297963 -18.748241 -10.305370 3.589167 -12.922222 -24.645556 -36.369630 -0.221852 -2.148704 -55.821852 -36.098981 -0.113056 -11.780556 -27.840185 -48.281667 19.088241 -4.759907 -7.791111 -30.402593 16.828519 -1.403704 -1.880370 -10.172037 35.882222 -1.790926 -5.158704 42.493333 17.089259 -4.964815 -12.699074 69.412315 8.272315 20.157037 -12.016019 38.328148 -0.112963 55.500463 -104.937685 -7.429537 -1.903426 27.199352 -4.338333 87.368981 66.848426 -2.750556 1.191019 38.920833 67.505556 -1.613889 1.736204 27.228426 48.776389 -0.913241 -10.882500 20.379259 26.015370 -8.101019 -41.141111 28.153241 4.024167 9.374630 -70.230000 52.859074 -1.484815 66.423333 -53.404167 113.090741 -5.632963 70.417130 16.945833 176.833704 37.334444 2.938241 4.198704 66.244352 32.870833 0.925185 2.923796 26.128796 14.038148 0.292407 -14.243611 8.381944 -0.401759 -0.491204 -62.288148 -10.680926 -8.093704 -0.138333 -79.444630 3.353704 21.720185 10.468148 18.909352 67.966481 59.165093 30.355185 0.132222 5.216389 1.295093 0.000000 -0.785926 0.363704 0.898889 0.000000 -1.510833 -0.807037 -2.597315 -0.029815 -26.874259 -7.894630 -12.135926 -0.029815 -72.176944 -17.664444 41.291389 0.000000 -55.295093 29.193241 105.957222 0.000000 -72.688241 68.906574 66.484907 1.225833 9.515463 -117.303241 -15.881574 -1.726759 32.043889 -37.219259 -20.012130 13.283056 17.353611 48.414630 -26.612037 21.238056 -56.447685 75.503981 54.437685 7.795463 -62.251852 -18.160741 112.053519 -0.459074 -35.574907 -48.695278 43.880093 -0.687685 -60.358056 -39.944630 -5.716389 0.000000 
-252.276451 -540.115525 -22.724043 -78.308673 145.769969 -911.007809 -42.106698 -198.960093 862.098117 -710.653704 -33.516698 12.855802 456.795340 -579.711790 -28.124414 18.634444 -27.306821 -354.506265 -14.857716 -47.412716 -27.446883 -114.251759 -3.147160 -7.770247 -5.279938 -63.575741 -0.412284 -11.090926 6.260648 -30.711636 4.878457 -4.950617 35.491420 -92.636420 3.173395 -8.273395 191.329167 -67.179198 6.842531 21.952809 177.748148 -44.856790 4.936975 38.594506 35.017623 -81.832160 -9.891759 2.090741 6.867037 -39.609506 -2.838395 1.817469 -2.486543 -10.775957 -1.068796 -4.963889 32.604753 39.195741 -5.214290 -3.680340 5.956296 -25.412716 -25.937901 -0.008642 4.683580 -107.669198 -27.342222 4.192654 11.083765 -149.303333 1.737531 17.946914 5.974383 -162.682191 7.495957 -13.492469 -2.644969 -68.521728 2.482716 -60.722068 57.371512 28.652747 -4.839290 -45.679105 22.003519 -32.217747 -31.525710 5.142778 -4.835586 -15.448611 -63.566667 -0.287963 -3.201265 40.471698 -29.618981 4.724475 8.883981 50.355679 1.358457 17.264846 55.861852 12.512191 5.444722 1.615247 -26.362222 -13.192531 0.360988 -80.650370 69.330093 -3.184568 6.678272 -56.742438 -0.621759 -100.405062 -22.809630 9.015340 1.667716 -51.247809 -18.961574 -1.064568 -1.766883 -11.124105 -6.526914 -0.309198 20.296944 -3.793056 2.615710 1.332562 82.591728 -27.647716 -1.847160 0.673889 -31.893765 -69.935802 -46.101790 -9.636914 59.947191 -17.738210 -23.566451 -6.098642 -0.521852 -2.239722 -1.043117 0.000000 0.229877 -6.068765 -3.297778 0.000000 2.187870 -28.896420 -14.043179 -0.209198 39.016728 -71.393765 -35.471975 -0.209198 61.013611 -105.361852 -72.686944 0.000000 57.820895 -47.802994 -64.387593 0.000000 100.125401 -10.546327 -26.887253 -0.813241 -13.225216 -88.177006 -13.649043 -0.059290 -22.570185 -157.353457 -57.953673 -1.532315 -51.766944 -137.375864 -80.952160 -16.624722 66.224846 -157.410895 -74.958549 -10.094475 203.317901 17.289383 -17.546235 3.083272 83.485772 72.180833 24.260031 -0.148858 19.351759 11.963642 17.921204 0.000000 
165.525926 634.931481 53.125926 -52.457407 51.951852 2110.629630 121.779630 -48.916667 -710.653704 2825.288889 106.057407 -434.759259 -396.664815 1921.185185 76.753704 -418.377778 110.964815 908.853704 19.101852 -72.453704 51.818519 289.950000 -0.787037 11.414815 28.790741 113.833333 7.092593 8.172222 29.266667 108.870370 9.720370 -8.501852 -41.685185 106.551852 11.485185 -43.118519 -180.750000 90.596296 -8.390741 -106.040741 -189.750000 61.535185 -15.112963 -169.131481 -87.974074 50.829630 2.111111 -106.255556 -21.955556 95.020370 1.342593 -14.159259 154.264815 133.640741 3.411111 51.261111 31.820370 158.900000 13.690741 -8.296296 -3.094444 231.501852 14.524074 3.746296 -18.737037 185.635185 -51.683333 -0.781481 -31.998148 116.927778 -81.601852 -64.909259 -15.712963 134.248148 -34.485185 -66.879630 37.337037 48.392593 -14.274074 5.907407 218.359259 31.635185 23.046296 92.640741 32.538889 31.520370 -59.418519 -31.355556 -27.970370 48.116667 -28.566667 3.383333 -22.646296 -31.407407 -126.961111 -1.951852 -42.161111 -64.207407 -88.990741 -57.518519 -119.694444 -23.348148 -10.072222 -88.803704 144.466667 -58.170370 15.912963 -15.116667 149.083333 -117.348148 68.387037 -24.525926 6.966667 -140.046296 -45.511111 -21.675926 -14.601852 -47.503704 -28.150000 -3.892593 -7.048148 -8.170370 -19.718519 -1.170370 -59.338889 23.827778 0.329630 -2.603704 -164.387037 104.185185 27.251852 -3.427778 218.375926 171.631481 84.179630 -2.490741 -148.025926 66.353704 52.570370 -57.442593 -1.933333 -3.961111 -0.224074 0.000000 -0.948148 18.309259 10.861111 0.000000 4.300000 61.274074 44.907407 0.940741 -84.664815 151.825926 73.401852 0.940741 -47.683333 234.072222 58.244444 0.000000 93.362963 76.324074 -16.938889 0.000000 -84.518519 -130.087037 -113.087037 0.111111 15.996296 203.798148 48.548148 -16.131481 14.916667 242.535185 164.181481 -24.044444 5.555556 261.346296 237.412963 -0.588889 -91.657407 269.753704 -27.131481 -5.364815 -118.818519 28.359259 -249.398148 -7.512963 19.337037 -67.888889 -164.174074 -3.396296 57.933333 -28.546296 -51.761111 0.000000 
16.860586 112.593735 18.268549 -3.688302 -26.228179 157.644043 46.261821 -39.693426 -33.516698 106.057407 79.968488 -96.559012 6.208302 154.317840 56.357068 -74.660000 41.102438 126.108549 13.166358 -18.449753 20.810525 25.864907 1.371358 1.377901 6.021914 12.485370 0.602531 1.275741 24.949537 71.725401 9.387716 -0.052469 17.145123 75.104321 14.853025 -3.491914 5.279167 31.989321 11.157346 -11.721265 -14.518519 -31.527160 2.418457 -16.020309 -10.845340 -33.502531 0.630463 -11.164815 2.255926 -4.400247 0.454198 -2.569568 28.728272 18.425895 0.164537 9.308333 16.302901 -24.876481 -2.684660 -0.398858 5.978519 -19.310864 -7.580494 0.454321 1.102099 -21.884012 -4.831111 -0.711049 0.830062 -20.903333 2.141235 1.404321 4.444753 -30.034043 -1.528117 -3.127654 7.208735 -26.929136 -0.130247 -11.947994 50.641883 -11.689846 1.107006 -6.627253 3.192407 -91.252932 -9.610895 -0.629444 2.005154 -21.898611 -18.805556 1.523148 -1.714228 -19.469043 -0.057870 -0.171821 1.500648 -15.523951 0.884383 1.679660 17.156296 -14.691512 -0.433056 0.850432 15.293333 -29.035123 -2.581605 -11.539259 12.318981 -31.971605 2.770864 -20.562809 -6.338426 -32.151358 -0.787407 -0.766142 -1.050802 -5.101512 -5.311574 0.031728 -0.531698 -1.372253 -1.962099 -0.046235 4.580278 -2.965278 1.989784 -0.093364 14.576914 4.309691 6.604691 0.479444 13.265494 -0.976543 2.716728 -0.966543 -40.717623 5.143272 0.087253 -7.491235 -0.277407 -1.256389 -0.100525 0.000000 -0.184938 -0.453951 -0.131111 0.000000 -0.856574 0.849877 2.047562 -0.046235 6.557469 5.321049 15.013210 -0.046235 3.419167 6.827037 17.663056 0.000000 -8.543920 -5.484475 5.584630 0.000000 -32.509784 -15.105586 -12.746512 -0.041019 -5.451142 4.593364 1.104660 -2.057438 -4.575741 -5.146049 4.644475 -1.843426 0.283056 -17.112901 34.833025 -2.563611 7.789660 -56.690525 33.193302 -2.175957 -6.022840 -40.662469 -13.788827 0.548086 -11.132747 -31.380278 -14.091821 -0.161821 -9.476019 -19.077099 -6.451019 0.000000 
-168.879136 -587.010988 -38.731728 -41.254691 41.014321 -534.602346 -64.022346 217.547407 12.855802 -434.759259 -96.559012 720.394321 -157.471975 -700.898272 -80.545432 405.885556 -162.336173 -609.957284 -18.408642 8.170247 -97.117531 -271.335926 -1.943086 -32.645432 -41.008642 -138.566296 -3.975802 -15.989259 -49.812963 -141.519877 -16.168395 -3.324691 -48.122099 -171.067901 -25.063086 4.246420 -13.850000 -64.597901 -17.364321 84.097901 62.687037 82.667284 6.602346 160.456914 31.301605 -14.779753 12.595185 71.051852 -31.469630 -131.520247 -1.394691 -10.071235 -126.676173 -114.051605 -1.777407 -32.833333 -67.867654 -205.493704 -13.144938 -5.014691 -21.555926 -179.490864 5.010617 -2.429012 -9.394568 -102.200123 60.976667 -2.989383 4.159506 36.776667 54.820123 -4.267901 -10.263580 111.722346 13.036049 30.843457 -40.036543 20.766420 2.769753 68.756173 -257.307284 -32.209012 -7.283827 -1.598642 -23.189259 261.806790 149.014938 9.563333 -21.591235 169.305556 156.172222 -4.135185 -4.136173 163.657901 125.757407 -3.442099 -3.444074 171.041605 51.230494 -6.709506 -35.861481 163.615432 9.186667 22.824321 -93.957778 170.464321 4.830617 99.264074 -189.696296 205.622840 -12.405802 124.335802 20.729630 344.799753 98.043704 13.818025 -1.199136 96.356543 48.964815 -1.242716 -0.646420 27.028025 8.013457 -0.296790 -11.314444 1.105556 -5.801605 -0.180864 -50.898642 -40.927531 -10.959753 -0.757778 -135.885062 -41.915432 15.938395 11.771235 60.496543 26.781605 56.513086 52.357654 -0.247407 0.701111 -0.201358 0.000000 -0.431605 -7.973951 -3.201111 0.000000 -2.086296 -21.693457 -10.058272 -0.174568 -33.465309 -41.768395 -20.966790 -0.174568 -84.881111 -73.355185 43.184444 0.000000 -90.859753 7.675802 149.989630 0.000000 -75.221728 96.800247 116.716543 -1.560741 -13.085309 -212.113580 -20.881728 -2.223827 10.028148 -107.026049 -29.066914 10.397407 9.535556 -10.546790 -66.391975 19.042222 -66.345062 83.307531 59.064691 24.096543 -68.561728 -8.878025 233.977284 1.837531 -68.765802 -64.713333 125.606790 -1.505432 -114.036296 -52.410988 13.358148 0.000000 
-194.323673 -415.284969 -9.749043 -65.267006 -128.332809 -607.066142 -11.076142 -212.723981 456.795340 -396.664815 6.208302 -157.471975 772.387006 -222.211790 12.817253 -2.732222 154.251512 -298.014599 -11.568827 -46.668272 -9.366327 -136.521204 -2.763827 -14.886914 -10.407716 -82.914630 -1.006728 -14.207593 10.341204 -6.558858 5.689568 -4.000617 6.974753 -34.030864 5.367840 -19.762284 84.759722 -40.240309 2.203642 -20.322191 197.631481 -18.862346 -5.757469 7.955617 84.848179 -92.159938 -8.388981 -20.937037 7.439259 -66.470617 -2.260617 -3.165864 -21.380988 -37.467623 -1.749352 -1.775000 46.593642 140.540185 12.894043 2.594660 11.439630 66.620617 -21.537901 -0.269753 10.194691 38.475247 -48.936667 -0.579568 9.805988 -28.770000 -37.529136 37.674691 9.179938 -157.634969 -13.317932 14.613086 8.857809 -132.827284 3.021605 -47.847068 -22.042377 -70.472253 -4.536512 -50.148549 39.725741 -109.153858 -61.334043 11.409444 3.628302 -74.040278 -97.988889 -0.587963 2.845957 -32.575525 -68.793981 1.110586 24.420093 -12.316543 -25.185988 42.645401 88.361852 -39.685031 -5.569167 44.998580 14.760000 -30.714753 4.933210 -67.372593 -86.356019 -55.062346 -3.482840 -53.250772 -1.018981 -214.255062 -36.898519 9.640340 2.034383 -72.545031 -31.997685 -1.014568 -1.647438 -15.532438 -10.338025 -0.303642 47.444167 -8.223611 8.374043 1.652006 138.375062 -14.719938 21.013951 2.190556 15.828457 -37.658025 -24.329568 -9.398025 -88.455586 -106.638210 -46.885895 -25.470864 1.200370 -3.342500 -0.929228 0.000000 1.763210 -4.502099 -2.786667 0.000000 -1.598241 -17.018642 -6.723735 -0.059198 85.261173 -28.132654 11.311358 -0.059198 89.494167 -40.595185 -14.145278 0.000000 3.168117 -95.000216 -95.854259 0.000000 34.778179 -97.449105 -62.790031 -1.754907 -3.966883 -3.452006 -5.429599 9.421265 -19.664630 -67.153457 -46.217562 -1.951759 39.941389 -40.653642 -14.429938 -13.416389 169.227623 -96.108117 -10.289105 -13.086142 90.479012 -43.743951 -106.512901 -1.944506 11.844105 16.783611 -39.842747 -1.062747 37.187870 12.385864 2.468426 0.000000 
-112.389321 -16.076728 42.896975 -168.681543 -236.375494 426.785617 116.754506 -502.122037 -579.711790 1921.185185 154.317840 -700.898272 -222.211790 3723.514691 161.149938 0.580000 520.414753 2775.926975 71.476543 268.366543 293.603765 1051.800185 6.630988 119.763827 126.370988 506.333704 10.355679 67.399630 80.950926 228.547716 31.540864 -10.848765 10.042716 142.900617 36.694321 -60.149877 -180.391667 -77.923827 -14.343951 -159.662284 -225.412963 -159.791975 -60.760617 -149.846790 -17.969691 -64.261235 -32.852037 -36.159259 81.530370 13.450123 -1.396543 -13.597160 328.044198 77.025247 4.814259 41.100000 92.791605 306.800741 -47.945864 20.075123 21.438519 198.222099 -117.543086 5.150617 -11.381605 102.685062 -255.117778 2.829136 -26.688642 -71.328889 -250.409506 -21.049383 -1.970988 -170.254506 -83.168580 -53.608395 -9.513395 -182.607654 -10.826543 -143.066975 210.571420 -267.387716 21.259691 -132.588457 -19.883704 -151.870062 -286.578580 7.713333 -19.514383 -50.258333 -239.505556 5.420370 -19.435247 87.097716 -219.145370 0.297716 -23.635741 232.856420 -102.682469 -22.364136 -23.622593 370.708951 -7.166111 -32.201605 131.220000 282.966173 23.282469 -5.147037 -121.599074 -25.125309 -5.074321 -45.581790 -58.178704 -465.246543 -127.878519 -15.827346 -21.156543 -74.627716 -68.932407 -3.301975 -7.441790 -17.395123 -22.549506 -1.017160 -27.161667 5.163889 5.214136 -1.454012 -43.735679 103.752099 23.142099 -0.968889 219.713086 195.821605 -21.187531 3.524938 -63.509938 -28.098025 -99.313765 9.220617 -2.147407 -12.107222 -2.167099 0.000000 -0.868642 18.701975 8.226667 0.000000 -0.950185 75.102840 53.779691 0.227284 -24.263457 198.301975 71.935062 0.227284 82.488333 326.305926 -88.346111 0.000000 63.528210 143.608210 -189.265926 0.000000 74.929198 -14.100679 -90.178827 1.830926 19.958210 497.626235 69.535864 -6.396975 18.611481 528.842469 196.856235 -29.255370 29.838333 516.571728 263.793210 -29.532778 -8.305247 600.808457 -74.319568 -10.721049 -199.924691 369.414568 -363.665309 -5.642099 -6.209321 92.372778 -198.447840 -3.560062 55.127593 68.476049 -10.183519 0.000000 
7.346080 48.399599 12.144784 -5.569475 -27.650710 88.260401 23.905957 -33.266574 -28.124414 76.753704 56.357068 -80.545432 12.817253 161.149938 65.424043 -54.254444 43.900895 127.618117 22.939198 -12.443580 21.169475 12.991759 2.255309 -2.019012 -1.894136 -9.677593 -0.198086 -1.566852 15.628241 48.470154 5.338951 -0.069753 11.331543 62.095679 10.098086 -2.953642 1.181944 35.119568 10.160432 -10.426512 -11.492593 -19.322840 3.527099 -12.975247 -8.463549 -35.535247 -1.520463 -7.807407 -1.751481 -28.517531 -0.524198 -4.878210 -3.198272 -12.239228 -0.262315 -1.802778 8.094877 -10.702407 -1.088673 1.797747 2.708148 5.528642 -5.970617 0.767901 0.621235 8.757346 -7.370000 -0.073395 0.784383 11.052222 -6.661235 3.790123 4.644136 -6.294846 -6.596327 2.825432 1.220154 -9.963086 -1.669753 -6.568673 -10.442994 -15.784599 -1.085895 -9.151636 -1.350185 -54.408179 -12.445772 2.631667 1.060401 -8.456944 -16.277778 1.643519 -1.171327 -0.852068 -4.481019 0.428488 2.246019 7.166173 -2.786605 3.555895 17.735926 14.635957 -1.469167 4.852901 2.271111 2.111790 -2.416173 -3.481852 -23.707870 -3.717284 -2.407531 -2.453858 -7.111574 -38.790864 -6.344815 -0.962747 -0.773642 -8.635154 -7.343981 0.024938 -0.356080 -2.152191 -2.559012 -0.038210 5.810833 -2.090278 1.719105 -0.039969 16.833086 5.760309 6.160864 0.623889 -3.133272 4.065432 4.282160 -0.124568 -44.351265 21.038951 8.139414 -0.466543 -0.229259 -0.925833 0.029414 0.000000 -0.152840 0.408395 0.385556 0.000000 -0.238981 2.269012 2.515772 -0.038210 9.480309 12.322284 16.065679 -0.038210 2.344167 21.347407 20.399167 0.000000 -15.996080 6.335586 10.164259 0.000000 -42.861327 -7.841080 -5.635710 0.932130 -3.236636 25.789969 4.642006 -1.700340 -5.188704 -6.580617 2.279969 -2.349907 12.313611 -1.421543 36.778086 -2.749722 7.888117 -25.899475 57.491142 -1.642932 -28.843827 -38.757531 -15.106728 -0.274753 -20.947253 -34.471944 -24.313735 -0.133735 -9.375093 -21.318457 -8.188981 0.000000 
-272.031111 -712.941111 -36.934444 -93.171111 -157.757778 -966.330000 -49.236667 -134.686667 18.634444 -418.377778 -74.660000 405.885556 -2.732222 0.580000 -54.254444 702.582222 -6.860000 -67.607778 -8.222222 212.896667 -30.340000 -81.114444 1.408889 3.790000 -20.422222 -70.617778 -2.202222 -9.148889 -35.750000 -103.620000 -12.591111 -5.283333 -46.952222 -177.477778 -20.875556 -19.574444 -60.138889 -210.865556 -31.147778 21.743333 42.233333 -63.716667 -23.858889 165.164444 82.687778 -21.603333 2.642222 122.888889 16.214444 -139.191111 1.643333 -12.140000 -94.006667 -139.287778 -1.856667 -41.866667 -51.554444 -203.657778 -47.380000 1.670000 -14.376667 -167.786667 -42.824444 -0.361111 -5.997778 -69.536667 -44.113333 -0.263333 9.040000 24.242222 -32.623333 10.261111 -1.277778 30.725556 -14.498889 29.462222 -55.114444 -70.328889 -0.050000 -5.611111 -300.752222 -138.087778 -10.168889 -80.613333 -40.826667 147.488889 52.825556 12.543333 -22.480000 142.888889 69.650000 -1.450000 -2.276667 245.657778 58.194444 -2.064444 10.860000 331.101111 26.084444 12.376667 8.734444 325.116667 4.728889 54.462222 -45.504444 281.575556 -4.362222 95.024444 -332.000000 154.455556 -41.051111 90.122222 3.305556 205.643333 58.896667 7.992222 -6.893333 67.382222 27.088889 -1.331111 -2.314444 15.928889 3.641111 -0.346667 9.226667 -1.950000 -4.854444 0.700000 28.558889 -18.821111 -16.896667 2.134444 -42.963333 -25.905556 -22.541111 12.878889 26.751111 -73.380000 -38.280000 52.073333 -0.480000 -3.442222 -1.264444 0.000000 -0.097778 -6.330000 -4.152222 0.000000 -0.780000 -10.312222 -10.234444 0.097778 4.197778 -15.935556 -10.597778 0.097778 -8.662222 -32.490000 1.185556 0.000000 -67.768889 -17.392222 32.925556 0.000000 1.285556 51.673333 72.396667 -2.951111 -9.781111 -21.377778 -2.423333 -0.337778 -0.678889 5.524444 -7.567778 -3.197778 34.348889 -1.524444 -69.738889 8.512222 5.850000 89.803333 25.257778 21.717778 -100.438889 39.815556 153.697778 -2.125556 -70.432222 -11.737778 94.483333 -1.213333 -51.341111 -3.324444 20.203333 0.000000 
-49.599290 -64.234660 5.771636 -29.398179 -64.766451 -67.683117 22.829105 -106.702685 -27.306821 110.964815 41.102438 -162.336173 154.251512 520.414753 43.900895 -6.860000 245.061080 333.283858 14.904012 41.160123 86.687068 65.466759 1.470123 16.555062 23.092901 13.272407 -0.874012 4.849815 26.853241 54.591451 12.385247 -1.479012 22.450062 60.577160 14.335123 -9.096235 -2.231944 22.167716 4.884506 -21.866327 27.251852 10.397531 -3.532160 -10.521543 55.841080 5.501790 -1.456574 -0.457407 44.104074 27.467654 0.010988 7.147716 80.970247 26.150586 -0.915093 16.447222 44.824506 99.692037 -6.598858 6.041265 12.785926 33.382346 -28.533580 0.510494 2.647160 -0.694506 -48.764444 -0.275247 -1.934136 -47.236667 -34.559383 6.571605 0.540432 -88.129105 -0.613920 0.088395 6.347006 -63.872346 -0.406790 -26.978858 73.917191 -57.250340 0.542809 -17.384043 10.622037 -49.103549 -49.591142 8.703889 0.789105 -32.565278 -47.533333 0.143519 -2.433364 -9.941883 -37.956019 0.777562 -1.262315 8.140247 -12.379198 5.360525 10.769259 24.125772 3.711389 3.739938 29.898889 15.948827 8.704198 -10.909630 -19.082870 -36.363580 5.972099 -21.941821 -8.592130 -81.183457 -13.733704 1.799290 -3.499568 -20.700895 -9.668981 -0.504691 -1.288488 -11.206821 -3.790494 -0.140062 3.058056 -6.281944 3.953364 -0.161265 11.447901 23.930679 23.797901 -0.631667 35.907469 45.600617 19.119198 -2.933827 -68.789228 -40.925864 -14.428179 -10.601728 -0.262593 -3.456389 -0.443735 0.000000 -0.026914 2.821358 1.446667 0.000000 -0.408426 14.756049 14.294475 -0.006728 17.172901 43.790802 39.908272 -0.006728 25.935833 69.825185 19.296389 0.000000 -26.417377 2.653179 -33.652407 0.000000 -25.562253 -25.845710 -30.062562 -0.359537 1.764290 91.050154 9.796636 5.611698 14.433519 147.839753 31.629043 0.725093 24.794167 149.987716 78.881790 -5.852500 25.909414 52.749599 21.280957 -4.242006 -59.014198 -2.044568 -81.758580 -0.550679 -32.759290 -14.491389 -51.325772 -0.490216 6.205463 2.666728 -6.797315 0.000000 
-58.545401 110.139228 37.871080 -96.503179 -160.953673 265.162994 84.005216 -369.554352 -354.506265 908.853704 126.108549 -609.957284 -298.014599 2775.926975 127.618117 -67.607778 333.283858 3157.785525 71.726235 316.605679 390.464290 1538.320648 13.346790 177.636173 170.187346 769.785741 16.369321 97.303148 94.228241 194.528673 42.439691 -6.673457 56.148951 130.321605 50.264012 -32.580679 -86.895833 -90.645617 4.030062 -103.105772 -184.248148 -229.019136 -53.453272 -96.561543 -25.515031 16.314012 -29.293796 12.681481 117.930741 201.422099 4.763210 19.177716 396.066914 213.973364 8.845463 59.102778 100.455617 211.307593 -40.502747 22.026265 34.617037 17.266790 -140.729136 3.699383 -6.779506 -114.965617 -255.360000 -3.215247 -19.158580 -253.687778 -220.934938 -28.745062 -9.804012 -237.688549 -72.257809 -107.986049 -20.393549 -126.436790 -13.106790 -183.831636 418.874414 -133.844228 13.788920 -124.987932 -65.246852 -97.461883 -273.989475 6.989444 -10.781451 -29.256944 -266.488889 3.604630 -16.160586 121.000895 -180.042130 -0.596327 -17.418426 259.076914 -63.636975 -26.484475 -45.599630 370.056327 -12.438056 -58.406728 27.702222 231.547716 -8.549136 -37.097407 130.136574 -22.402469 -22.970123 -63.500154 -75.511574 -363.264568 -111.827037 -10.515710 -15.929568 -36.329228 -57.271759 -1.520247 -4.179043 6.204846 -11.356049 -0.441173 -21.509167 12.848611 -4.584969 -1.014043 -60.558765 60.172901 -25.614321 -0.828333 90.878580 152.817284 -67.048580 6.863951 178.061327 71.278580 -110.770957 19.496049 -2.447037 -5.652500 -0.778735 0.000000 -1.764691 13.186914 3.745556 0.000000 0.226574 41.352716 17.371698 -0.396728 -23.972654 113.934136 -12.273951 -0.396728 74.646389 232.394074 -148.260833 0.000000 55.617623 180.779290 -161.914630 0.000000 181.580525 105.110401 -26.514228 2.678796 25.068179 321.047377 31.229414 -1.754414 3.052407 410.907531 109.206265 -17.232130 -31.189722 377.603272 128.592901 -28.740833 -3.426698 459.101265 -95.654043 -16.563673 -63.508642 447.385432 -275.315247 -3.271790 50.030154 184.909167 -125.606327 -1.544105 25.168241 107.826728 25.265463 0.000000 
-0.025617 3.294753 2.898457 -3.403395 -9.528086 6.621914 5.160802 -10.134259 -14.857716 19.101852 13.166358 -18.408642 -11.568827 71.476543 22.939198 -8.222222 14.904012 71.726235 17.700617 1.478395 12.670062 9.399074 2.428395 -0.091358 -1.610494 -6.812963 -0.156173 -0.809259 1.023148 7.205864 0.679012 -0.195062 2.291975 17.935802 2.711728 -0.911728 -5.158333 12.752469 2.969753 -2.066358 -6.485185 -1.606790 1.341975 -1.543827 -3.473765 -11.504938 1.610185 -1.931481 -1.807407 -17.989506 0.271605 -2.764198 -4.676543 -11.726235 -0.149074 -3.122222 -0.908025 -15.981481 -2.542901 0.868827 -0.925926 -6.527160 -2.634568 0.302469 -0.886420 -0.403086 -4.772222 -0.023457 -0.929012 6.350000 -4.541358 -0.875309 -0.478395 7.716975 -2.612654 -0.958025 -2.888580 3.127160 -0.989506 -1.587346 -13.951543 -1.622531 -0.709568 -4.113272 -1.964815 4.283642 -0.034877 1.100000 -1.155864 10.575000 2.027778 0.309259 -0.723765 12.905864 3.732407 0.155864 -0.787963 21.123457 0.340123 -1.145988 -1.248148 27.894136 -0.430556 -0.886420 -2.605556 20.730247 -0.384568 3.896296 -10.465741 14.943210 -2.028395 6.075617 -1.339815 15.327160 3.592593 -0.135494 -0.245062 2.644136 0.906481 -0.045679 -0.113272 0.431173 -0.308025 -0.014198 -1.013889 -0.902778 -0.526235 -0.035494 -0.766049 1.461728 -0.827160 -0.094444 -9.282099 2.491975 1.504321 0.325309 0.599691 16.112346 4.152160 3.430247 -0.085185 -0.247222 0.018827 0.000000 -0.056790 0.412346 0.244444 0.000000 0.062037 0.908025 0.012654 -0.014198 -0.949383 4.612346 1.680247 -0.014198 -1.769444 10.553704 4.875000 0.000000 -13.046605 5.042284 7.085185 0.000000 -5.651543 9.658951 6.094136 0.806481 -0.329938 11.996605 1.904012 -0.320679 -3.501852 -9.617901 -1.470062 -0.873148 3.519444 -4.936420 8.311728 -0.347222 -2.262654 0.318827 24.303395 1.116358 -17.554321 -4.522840 0.698765 0.699383 -13.431173 -3.080556 -2.905247 -0.049691 -1.926852 -1.324691 2.262037 0.000000 
