2307.863302 1396.935370 16.723179 423.248457 424.853519 137.385463 -7.058333 10.181389 -116.310679 11.790154 40.300802 -140.335648 -1.746512 81.271420 147.441173 -27.255833 0.243642 111.588858 22.802963 -42.366204 -140.130093 -173.174907 -219.636605 -87.939012 -482.269444 -329.141049 -158.272500 -74.189722 687.047160 -2.073549 -10.651204 68.817160 218.903086 217.769691 34.287037 -77.948148 -93.903179 272.977778 118.763611 -174.206049 36.554630 153.942901 57.253025 -36.040802 35.589259 -64.373148 -134.125494 5.767901 15.502377 -138.391543 -128.366790 0.110525 -38.794043 -138.001852 -58.207284 -4.395710 190.699136 187.894321 26.725432 19.201728 145.386265 232.610370 -9.226574 2.595247 -43.632963 80.613519 -107.784691 -46.711667 37.142562 72.298333 -171.427932 -8.767037 59.720216 -84.749846 -147.918611 10.656019 -27.477130 -288.313951 -80.495586 20.227346 -127.230123 -455.445957 -46.059938 -39.107130 139.059537 -27.878241 -90.348765 28.218272 44.610833 -122.533426 -197.861420 5.234753 55.998241 -125.926142 -187.487377 -13.686512 66.610154 -33.905525 -151.726667 8.687901 13.939815 -150.375679 -101.228981 22.204969 92.125494 -301.639043 -95.775617 22.434907 -149.941080 -574.656821 -207.196698 -38.646389 42.450494 -600.999815 -310.929383 -1.979383 81.077531 -89.696605 -149.805710 1.379105 109.114105 -12.402840 -19.116327 9.392160 72.328272 44.349475 -12.641759 14.865617 23.673179 -63.569167 -125.541327 9.302747 49.190833 -211.815802 -124.022778 -2.617562 17.787747 -178.153025 -112.037222 -2.447994 -1.703179 -317.633611 -93.685679 -25.563889 65.726049 93.914043 -15.002870 -9.117469 126.414259 116.295185 37.898210 -6.960802 25.894444 36.439599 -6.044012 -28.888796 -45.393302 -5.454660 -80.848704 -46.687963 21.107623 10.401790 -21.091605 -13.047438 48.435247 158.175154 52.622160 0.514167 29.486265 10.216296 -1.670679 6.669722 58.769938 138.645586 12.848272 11.381944 181.382747 231.690772 13.792037 10.629568 158.965401 362.996327 1.932562 -49.178364 19.071235 473.690679 31.848704 -324.271728 7.153951 277.628302 100.850463 -281.960062 209.125062 210.804722 195.733333 -153.793364 
1396.935370 3909.667778 66.427963 1127.568519 -459.551111 735.968333 18.672222 129.927222 -342.030741 244.652037 39.399259 -214.152778 52.748704 87.856296 148.913704 -51.612778 244.978519 119.272037 127.862222 -44.930556 -61.919444 -112.755000 -152.341852 -87.056296 -403.133333 -364.646296 -151.596111 -45.971667 221.327407 802.008704 14.287222 384.791852 -188.859259 720.468148 1.138889 193.200000 -215.696852 465.161111 49.337222 -135.430741 96.466667 97.285185 52.779259 -67.661481 70.980000 -190.194444 -193.047407 -4.020370 -65.363519 -222.832593 -118.167407 -7.831296 -65.575370 -234.655556 -36.365926 -7.074259 29.272593 -30.589630 10.980370 -51.650741 26.039815 93.228889 -8.109444 -34.800741 -26.864444 21.786667 -50.235926 -48.836667 33.210926 -85.965556 -110.289815 -25.746667 -28.123148 -238.015741 -158.178333 -8.547222 -23.246111 -270.867037 -83.201296 3.936296 -183.397407 -611.792407 -106.431852 -89.792778 168.935000 -323.202778 -162.181481 9.142963 113.065000 -185.039444 -202.612963 -8.930370 46.967222 -123.540185 -179.485370 11.847593 28.066481 -21.105370 -83.782222 29.494074 -123.305556 -260.720741 -80.129444 15.685370 -80.985926 -180.684259 -62.709259 2.965000 -168.618704 -405.240926 -244.580185 -45.495000 147.514074 -1144.715556 -467.654074 -10.026296 117.665185 4.925926 -213.234259 27.757963 114.417963 223.444074 29.040926 17.141852 24.464074 276.407963 128.693889 28.410370 -174.344259 8.718333 -92.909074 39.638704 -82.343889 -240.789259 -160.475556 0.827963 -25.195741 -120.740370 -108.695556 -1.204630 -14.774630 -684.268333 -189.875185 -9.233333 125.228519 129.006481 -19.789444 18.739630 316.313333 206.371111 130.055926 27.451852 -76.900000 138.587593 115.080370 -49.627222 -354.332037 -11.600185 -87.531111 -101.422222 -19.037593 -14.867037 -15.982963 -24.679074 3.844815 108.545370 55.938519 -2.559444 15.989815 -50.818889 -8.696296 3.557222 103.058519 152.062407 15.078519 31.497222 338.040926 387.794630 38.741111 175.382963 74.420185 834.083519 13.639815 110.907593 -183.861481 872.566296 14.097778 -437.947037 -103.065185 626.208704 79.786111 -450.049259 119.844815 973.067222 215.994444 -164.632407 
16.723179 66.427963 21.055895 19.164506 -4.672407 7.170648 5.169444 -7.424167 -7.115617 4.362994 -0.405988 -7.800463 -7.495895 2.117099 -7.639691 -1.728056 -20.716235 -2.106821 -8.289630 0.641204 -1.606019 7.862130 10.415864 -0.255062 4.019444 -10.049691 2.149722 -1.156389 7.889136 35.784475 9.200648 5.036914 1.798765 25.746235 3.507407 8.325926 -8.241451 14.361111 -3.675278 -4.436914 -5.799074 9.097840 -6.837099 -1.306235 -5.123704 9.500926 9.399198 -0.266049 -3.274784 5.668951 7.428272 -0.329599 -1.333549 -2.759259 0.812469 -0.485216 -1.890988 1.528272 -1.479506 -3.101358 -5.713117 7.369630 -4.156204 -2.367099 -5.490370 -2.701296 1.994321 -1.261667 0.022809 -0.785000 13.054784 -0.754074 -1.315586 -9.910340 0.103611 0.218981 -3.873426 -13.816420 -4.780154 0.182284 -4.657284 -20.423117 -4.640802 -3.747870 -1.992315 -23.096759 -13.771605 0.454691 -6.694722 -7.948241 -7.640432 -0.947346 3.238981 4.978179 10.328673 0.791883 -1.894784 5.634599 2.545556 -1.051605 -9.000926 6.774938 -5.193796 -1.435154 -0.971420 11.988117 -6.300309 0.658981 4.054599 6.559228 -5.886821 -2.718611 -2.468642 -41.981296 -13.721358 -1.399136 3.639877 -0.883025 1.299228 0.215525 -2.127253 16.555802 10.480586 1.650802 -14.779753 22.434043 2.587870 -0.165247 -9.027438 24.914167 -2.766636 0.940401 -0.175833 14.129877 -0.683889 0.607747 5.875401 12.375988 0.901667 -0.289969 4.675216 -6.139167 2.248272 -0.247222 6.740247 10.986883 6.032315 3.472654 -10.026481 16.158148 4.654383 5.134877 -10.300000 4.645772 0.389938 -3.440648 -2.475401 3.053364 3.108704 -6.223148 -0.859660 2.445617 2.477531 -2.000525 -0.715988 -0.924228 0.214136 0.075278 0.536883 1.223704 0.018827 0.219722 -1.476975 2.280154 -0.231975 1.993056 -3.651821 4.477191 -0.093148 4.967840 17.098117 9.866080 2.835031 2.442623 20.537284 21.973395 1.913519 -10.696420 4.011975 24.532623 -0.875463 -18.868086 -12.305802 10.660278 10.344444 -10.027932 
423.248457 1127.568519 19.164506 644.878395 -143.029630 89.906481 -4.200000 185.136111 -136.622840 -37.803395 0.106790 -62.704630 -7.364506 -75.867901 29.841975 -16.052778 145.070988 -36.890432 88.492593 -1.887963 101.106481 -65.762037 -32.935802 -12.506173 -193.933333 -242.141358 -77.941667 -16.341667 -22.641975 32.216975 -1.043519 156.369136 -31.906790 140.056790 -14.625926 221.281481 -56.692284 51.133333 -17.736111 7.436420 33.475926 -84.799383 71.334568 -26.479012 38.324074 -125.846296 19.497531 -2.349383 -25.220062 -112.127160 -41.661728 -2.818210 -23.024383 -76.887037 -16.786420 -1.424383 -32.498765 -93.700617 -4.478395 -32.780247 -14.403395 -59.492593 -5.889815 0.662346 -33.609259 -46.351852 59.048765 9.400000 -3.471914 -101.800000 72.825617 -6.757407 -17.689198 -82.386728 -18.519444 -0.604630 -18.206481 -41.791975 -13.679321 1.233951 -26.833951 -115.675617 -12.174691 -22.684259 7.210185 -97.434259 -34.166049 4.296914 -12.430556 -71.065741 14.517901 -5.817901 -16.421296 -47.840432 28.314506 8.857716 -24.520062 -0.398457 24.272222 10.195062 -36.253704 -46.806173 7.612037 5.231790 -33.103086 -13.646605 23.419136 11.639815 -71.765123 -70.429938 -21.379321 -10.252778 -8.547531 -300.929630 -127.319136 3.391975 11.282099 14.997531 -8.329938 4.566358 13.655247 19.002469 8.205864 1.613580 -9.086420 -3.765123 70.078704 7.553086 -87.574383 -24.808333 67.855864 4.842901 -52.491667 -42.240123 1.938889 4.316358 -39.057099 -11.712346 -17.238889 3.528086 -39.553395 -252.219444 -74.139506 -3.572222 21.413580 3.035494 -21.976852 3.282099 80.729630 9.470370 28.649383 3.182099 -15.016667 -14.181173 60.382716 -0.700926 -94.787346 -48.244136 -5.179630 -15.098148 -16.263272 -23.904938 -5.758025 -5.977469 -7.476543 26.357716 11.596914 -1.708333 -1.270062 -29.512963 -4.333951 -0.991667 26.658025 21.212654 2.191358 3.802778 82.459568 70.388580 8.357407 47.161728 11.281173 135.827469 1.639198 58.004012 -9.832716 115.645062 5.768519 -87.136420 -3.902469 -9.240432 27.017593 -108.841975 -18.674691 1.486111 50.216667 -65.162654 
424.853519 -459.551111 -4.672407 -143.029630 1172.212222 249.070556 19.122222 255.745000 423.669630 73.075741 9.684074 150.213889 -50.404259 -27.017407 41.991852 4.568333 -173.561852 -29.944259 14.854444 -39.386111 -277.975000 -37.945000 -68.969259 -58.882593 -224.438889 31.418519 -40.087222 -46.078333 -110.366296 -614.847593 -11.731667 -313.536296 344.659259 -277.223704 19.144444 -161.161111 301.413519 108.222222 35.329444 62.908519 -50.416667 115.670370 48.609630 16.478148 -116.241111 1.466667 15.186296 -3.296296 -53.092037 12.238148 -42.593704 -3.268704 -18.085741 16.255556 -10.089630 -1.242407 -10.172593 -16.010370 33.330741 -80.349259 11.454630 21.710000 56.070556 -84.615926 20.536667 124.541111 -9.686296 4.525556 -88.366481 126.076667 -110.026852 10.318889 -66.832407 -43.239815 -61.449444 0.930556 -29.226111 -47.527407 -45.976481 5.441481 -30.635926 -48.968704 -32.984815 23.715000 71.503889 371.808333 72.492593 4.645926 -10.376111 211.250556 4.490741 6.641481 -78.756111 153.190185 -64.414630 -24.508704 -72.555370 106.188704 -105.490000 -14.471852 -30.183333 135.692963 -43.709444 16.547963 39.430370 40.806481 -37.440741 21.796111 73.340926 -15.720185 -30.542037 19.367222 -36.402963 286.693333 -3.384815 15.442963 -17.315185 -10.325926 -60.865741 0.892037 -23.995741 27.072593 -60.946481 -2.619630 -85.258519 5.869815 -79.555000 -13.277037 -18.227963 63.953889 -22.218704 -1.388704 81.655000 89.028148 63.570000 7.072037 77.834630 42.029259 60.451111 3.910185 -38.142037 19.501667 -7.069259 5.372222 -28.484074 -48.012037 -27.493889 -6.939630 -80.902222 -8.415556 -37.239259 -5.346296 -176.400000 -22.154259 -37.074815 8.655000 81.448704 17.777963 57.131111 20.327778 75.820926 47.983704 39.594074 8.134630 26.627407 20.321296 5.905926 -0.046111 3.037963 13.491111 0.162963 0.442778 -9.430741 6.154259 -0.006296 -4.180556 -73.218704 -10.639074 -4.446667 -55.944074 -145.792407 -181.500185 -12.967593 -81.379815 88.878148 -273.032963 -4.836667 35.724815 98.148519 3.391296 -22.152778 103.865926 12.955185 330.766111 -53.444444 21.393519 
137.385463 735.968333 7.170648 89.906481 249.070556 1248.160833 51.719444 308.146389 109.211296 676.416019 59.175741 144.204167 58.830463 262.268704 93.039074 14.061389 -24.620185 144.048796 -55.995556 0.923611 -259.462500 -86.143611 -153.160926 -4.965926 -243.413889 -83.945370 -80.044167 -10.765833 -347.477407 -345.885093 -8.958056 -305.391852 -92.879630 136.901296 24.211111 -173.011111 157.448241 365.155556 48.680833 69.614074 24.047222 111.528704 -69.582037 18.097593 -79.096667 -61.369444 -128.827593 -3.424074 -25.601759 -41.225741 -47.215926 8.260463 4.460093 -122.872222 -23.472963 -0.316019 -68.355926 -102.499259 42.447407 -133.365926 -101.330093 -74.323333 101.452500 -181.596481 -44.374444 72.138333 -6.036296 -50.510556 -78.101204 120.512778 -156.761574 -0.747778 -63.161574 -68.832870 -82.936944 -4.109722 19.841944 -62.299630 -27.555648 -1.577963 -71.269259 -248.792315 -59.065370 -23.144722 116.888611 407.793056 75.031481 6.979259 -12.855278 174.157500 -29.073148 2.683148 -94.496389 152.069352 -116.018796 -15.557315 -7.442870 -24.787685 -84.273333 -4.060741 -62.669444 -83.607037 -47.302500 5.954907 -49.377963 34.177315 -5.249074 -21.144167 -37.596574 -31.543796 -93.821204 -18.592500 55.169259 63.640556 -111.879259 3.304074 -4.515185 -4.262037 -168.883796 11.557315 46.888981 81.355926 -36.936759 6.455370 23.824815 131.401759 45.026944 3.364630 -108.218241 54.291389 -39.878426 14.201574 -41.663056 -27.560741 -70.638333 0.326204 2.311019 5.209815 -24.651667 -2.616204 -1.729537 -85.771944 -41.069259 6.102778 45.532593 -0.346759 -6.461944 4.779815 196.911667 129.334444 61.130185 16.317593 -125.444444 132.261019 33.755741 1.153611 -187.666574 -3.765093 -75.643889 -11.380556 -17.247130 -5.157963 -19.444815 3.261019 9.774630 7.519907 1.236481 -0.697500 -2.213426 16.452222 -1.062037 0.508056 54.966481 31.977870 5.093704 13.356944 163.421574 166.284537 10.645000 96.392037 -139.843796 396.484537 -27.335648 51.460463 -189.566296 313.175370 -31.411667 -138.036296 -2.762593 322.242685 5.590278 -82.236852 140.982963 915.439722 59.111111 -53.446759 
-7.058333 18.672222 5.169444 -4.200000 19.122222 51.719444 14.905556 -6.941667 11.294444 51.025000 11.233333 -1.958333 2.286111 40.411111 4.561111 -0.002778 -9.194444 21.458333 -8.266667 2.902778 -20.036111 -4.647222 -11.377778 0.316667 -10.011111 -10.427778 -5.447222 -1.280556 -2.683333 8.680556 4.247222 -9.094444 5.066667 13.883333 9.400000 -16.888889 5.958333 18.950000 7.280556 -6.283333 -1.350000 3.677778 -4.600000 0.261111 -5.277778 -6.027778 -7.855556 0.250000 -3.347222 -2.044444 -1.661111 0.297222 -0.902778 -5.933333 -1.727778 0.586111 2.033333 -0.355556 0.977778 -3.822222 1.313889 4.977778 0.530556 -6.222222 0.877778 7.066667 -1.472222 -3.194444 -1.541667 1.477778 -0.291667 -0.588889 -2.647222 -9.013889 -3.686111 0.069444 -1.169444 -12.488889 -2.425000 0.488889 -3.661111 -20.941667 -4.094444 -0.597222 2.175000 9.897222 -2.477778 -0.155556 2.358333 2.247222 -4.750000 0.666667 2.980556 6.575000 0.491667 0.102778 2.752778 5.047222 0.627778 -0.711111 -2.777778 -2.800000 -1.836111 0.991667 1.333333 -3.025000 -2.244444 0.819444 2.775000 -4.275000 -5.397222 -1.136111 0.988889 -4.088889 -7.772222 -2.488889 3.433333 -4.266667 -2.541667 0.463889 0.502778 4.422222 2.613889 1.411111 -6.266667 9.886111 2.097222 -0.483333 0.269444 8.686111 1.319444 1.236111 6.508333 -1.350000 -1.505556 0.936111 10.169444 2.811111 1.588889 -0.180556 2.425000 3.180556 2.294444 -0.605556 0.066667 3.380556 2.219444 0.111111 -2.372222 6.188889 0.322222 -0.366667 -12.383333 0.469444 -1.016667 -0.936111 3.163889 -1.136111 1.788889 -1.822222 6.263889 1.583333 3.777778 -0.802778 5.244444 2.930556 2.211111 0.152778 0.019444 5.822222 0.455556 0.136111 -0.916667 -0.752778 -0.105556 -0.697222 -6.208333 -3.497222 -0.883333 -2.116667 -5.536111 -11.713889 0.286111 -4.636111 12.972222 -9.266667 1.994444 -1.688889 7.894444 7.869444 1.825000 1.672222 -0.622222 43.875000 4.777778 -2.075000 
10.181389 129.927222 -7.424167 185.136111 255.745000 308.146389 -6.941667 468.103056 93.378333 77.739722 -7.772778 204.970833 -15.155833 -55.038333 27.861667 13.475833 0.600556 -28.767500 65.118889 14.351389 -19.662500 -58.911389 -12.160556 17.446667 -192.475000 -129.047222 -44.140833 -4.278056 -261.221111 -435.402500 -14.549167 -172.892222 -13.038889 -140.085000 -6.155556 92.038889 124.691944 104.438889 -20.571389 183.942222 -29.608333 -15.208333 1.981667 17.453889 -48.751111 -85.463889 36.550556 -3.466667 -17.469167 -60.577222 -12.192222 -2.832500 -6.289167 -58.872222 -11.313333 -3.328611 -69.812222 -85.908889 29.914444 -83.892222 -88.331944 -115.942222 72.215833 -75.567222 -46.151111 -8.851667 17.480000 11.651667 -74.784167 11.582778 -23.976389 5.195556 -49.159722 -26.468056 6.080833 -0.131944 -13.938056 9.523333 -6.358611 -1.250556 -23.852222 -39.679722 -28.046111 -4.520278 18.885278 206.754167 71.561111 9.437778 -72.579722 86.386389 32.886111 -0.145000 -103.714167 69.333056 -24.331389 -4.124722 -64.020278 30.534167 -15.686667 0.073333 -48.330556 36.751111 24.178611 3.828611 -41.339444 46.840278 45.347222 0.642500 -52.425833 40.638056 12.344722 -0.830278 -36.447778 55.627222 -15.271111 22.423333 -24.851111 10.508333 -39.365278 0.885833 -9.813611 -13.832222 -23.457500 -4.545000 -31.736667 -24.491944 33.022500 -0.983889 -100.579722 -29.061944 89.756389 -1.370278 -61.408611 13.856667 53.412778 -0.457500 -50.419722 11.596111 14.050556 0.909722 -36.674722 -43.985278 -19.774444 7.813889 25.136667 -37.859722 -12.860833 2.550556 43.757222 -11.607778 16.340556 11.152778 -65.838889 -20.814167 39.978333 26.019167 -97.041389 -50.142500 35.673889 26.836111 -52.771944 -24.029444 -3.956667 5.235833 -13.748333 -2.765278 -4.529444 -1.773056 -3.315278 -10.476667 -0.825000 -1.595278 27.527222 3.325278 0.870000 9.168056 38.250833 47.789722 4.668333 51.548333 -98.717500 70.423056 -12.987500 51.834167 -99.476667 -28.762778 -13.807222 51.974444 -11.032222 -47.724722 2.851389 14.545000 -19.612222 44.016389 17.700000 -24.309722 
-116.310679 -342.030741 -7.115617 -136.622840 423.669630 109.211296 11.294444 93.378333 458.985062 130.552284 22.542099 174.271296 21.355617 60.024568 33.242469 26.340556 -105.814321 40.485988 38.634074 -2.606481 -154.289815 -45.019074 22.042469 -11.933827 -85.266667 -74.380864 -13.320556 -14.011667 -130.650247 -296.513642 -4.079815 -175.303580 46.140123 -207.421235 17.175926 -149.631481 204.078951 23.344444 57.790556 68.109136 -19.720370 79.304938 26.073210 32.781235 -62.542963 -16.087037 -11.929753 -1.372840 -26.582160 -43.277284 -28.889383 -0.521790 -14.478951 -40.168519 -12.356914 -1.513395 5.096543 7.105062 35.301728 -40.343086 -17.707716 0.863704 68.468704 -61.574568 -17.626296 31.304074 25.127901 -11.668889 -58.826975 23.793333 -54.047840 2.131852 -45.677469 -38.285494 -45.821667 -1.662037 -15.927963 -12.822469 -27.551790 3.292716 -45.164938 -41.214383 -28.095309 7.940926 39.296481 210.289815 70.627160 5.317531 -15.287222 120.880185 -10.306790 5.816790 -48.615370 143.925988 -27.446728 -8.865494 -36.662160 94.880679 -60.323333 -11.659506 -38.546296 101.158395 -19.485370 -1.310679 -12.698025 114.563272 -16.113580 15.659074 54.721790 103.819938 -12.295123 20.522778 -29.336914 60.745185 -1.506420 10.338025 -8.778765 -20.258642 -44.425617 1.002531 -8.679691 -3.178025 -41.823642 -0.942469 -53.114691 -5.399321 -44.825370 -5.709753 -76.593395 12.392778 -10.540309 -2.975123 23.477222 42.464568 60.625556 4.326975 71.242654 78.237901 61.840000 4.088580 -15.148827 -18.842778 -4.870494 2.111111 -8.168025 -38.313272 -10.097593 -3.130988 -31.681852 -14.785926 -14.818272 -4.065432 -129.744444 -38.111049 -9.659383 3.097593 -18.459321 -22.115864 43.910741 8.342593 71.572160 31.390494 37.589136 4.118580 37.407654 26.403395 10.977531 1.348333 1.297840 21.076296 0.417284 -0.085000 -3.103580 -0.381543 0.343086 -2.569444 -32.610679 -15.000802 -3.476296 -20.837284 -88.541173 -118.123025 1.427469 -27.632901 35.123827 -205.020617 8.655926 -8.636914 77.043580 -135.789568 0.276852 40.520864 -8.377531 135.760556 -0.505556 44.145988 
11.790154 244.652037 4.362994 -37.803395 73.075741 676.416019 51.025000 77.739722 130.552284 685.700340 86.835988 141.183796 75.330340 427.308457 101.926358 36.341389 -110.713765 190.460154 -51.230370 13.786574 -270.399537 -102.111019 -105.495864 0.485062 -118.847222 -85.928086 -33.097500 -10.359167 -164.465802 -85.818920 0.634907 -156.679136 -149.670988 57.338210 35.859259 -211.742593 65.973673 228.522222 68.010833 21.468025 29.826852 88.846605 -90.878457 36.807346 -69.466296 -50.900926 -116.306975 2.066049 -20.454105 -5.393395 -25.692716 9.787377 14.217994 -45.046296 -4.870247 2.577438 -19.632346 -25.692716 33.871728 -57.985309 -48.392438 -42.422963 84.142870 -105.736235 -44.960741 -7.019815 -30.019877 -41.200556 -11.352809 46.748333 -107.032562 -1.172593 -17.451080 -49.211883 -50.554722 -0.407870 21.764537 -68.665802 -12.029846 3.869938 -34.750494 -168.607994 -23.696975 -8.126574 50.834537 191.535648 60.988272 8.494198 -0.169722 49.986019 -32.420679 3.244012 -27.721204 58.428488 -68.992006 -9.237438 42.992562 -40.582377 -45.354444 -2.580617 -29.126852 -92.612716 -36.442870 -3.673735 -20.970802 -17.327006 -21.249691 -6.301204 -10.390154 -48.483673 -55.075401 0.600833 27.659753 -174.322037 -80.810864 5.239136 20.153457 -55.750309 -103.710340 7.902253 53.742809 -0.132469 -16.811698 5.968086 -6.112469 33.383735 18.655463 3.589691 -75.392562 -30.316389 -58.581142 8.662932 16.688056 -63.223210 -45.922778 0.555586 58.975710 -2.515988 -5.420556 -1.226698 18.768117 -88.836389 -28.744938 5.991667 33.713086 28.763117 6.788796 4.325123 98.403148 88.706296 26.066728 7.554012 -112.472222 32.910895 -9.058827 -5.452685 -100.231265 -25.716698 -26.804259 -14.249074 49.936327 9.955494 4.893580 1.251636 54.453765 29.640895 11.292531 0.794722 -1.131327 25.382963 -0.757716 -0.121944 20.756975 10.163179 1.468642 4.873611 52.137377 46.491698 -1.657963 36.855494 -55.061451 110.736142 -14.235031 1.576265 -22.752840 54.649938 -1.117963 -101.740247 67.794691 -25.289290 16.847685 -79.178580 137.599136 299.835278 38.200000 -38.583179 
40.300802 39.399259 -0.405988 0.106790 9.684074 59.175741 11.233333 -7.772778 22.542099 86.835988 29.225802 0.526852 26.171543 86.946420 46.149506 2.948333 -3.175802 43.370802 1.152963 4.037963 -54.162037 -44.540185 -29.311605 -5.994568 -39.438889 -49.593827 -15.690556 -6.599444 8.058272 10.805617 0.611296 -9.455062 -9.696914 21.622469 14.148148 -32.559259 8.781543 40.711111 37.687222 -13.389383 3.368519 10.323457 2.133580 0.945309 -15.349630 -19.792593 -37.228272 0.884568 -6.740679 -7.944321 -17.050123 2.345247 2.001790 -6.535185 -3.473951 1.936235 14.543580 14.416543 10.525432 -3.626049 13.040432 12.927037 20.894259 -12.390864 -4.477407 6.916296 -7.018025 -6.892222 -5.108827 13.767778 -23.168210 -1.433704 0.852160 -2.781790 -14.167222 1.199074 4.813148 -18.280617 -2.041420 2.069012 0.114321 -50.680679 -1.696049 -1.222407 15.422037 50.845370 10.429012 3.629383 4.909444 14.873519 -17.586420 4.093086 -0.264259 16.336358 -19.302654 -1.262901 14.972654 -4.870802 -2.776667 -1.117654 9.848148 -34.436790 0.355741 1.045247 7.344938 -40.268210 -2.322840 0.772407 -12.884136 -59.702654 -18.931420 -3.567222 -6.177284 -52.830370 -28.807160 -0.434938 9.533086 -26.910494 -21.001543 1.477716 18.809938 -22.319506 -5.551049 1.122716 6.222716 -18.240802 -0.465370 -0.076049 4.538457 -23.120556 -6.345494 -0.229198 7.172778 -34.860247 -11.947778 -0.580062 8.486358 -17.694691 -9.984444 -0.541049 -0.468457 -41.157222 -6.613457 -1.777778 9.976049 -5.154012 -0.354259 0.085309 17.700370 4.845185 -0.776790 2.330864 -15.327778 -5.934012 -7.407901 3.870926 -12.025247 -9.158827 -6.851481 1.675926 9.022901 1.971235 1.275062 0.523395 15.115802 20.584877 12.013827 0.612778 0.862654 6.027407 0.304321 0.257222 2.300494 1.841420 0.120494 -0.313889 2.989691 2.442160 -1.644074 2.676790 -16.463765 3.636605 -1.641049 -4.376975 -6.156543 -5.167654 7.257037 -13.966173 10.365062 -26.192531 12.071296 -2.646173 16.758395 31.939444 16.105556 3.983025 
-140.335648 -214.152778 -7.800463 -62.704630 150.213889 144.204167 -1.958333 204.970833 174.271296 141.183796 0.526852 249.520833 5.861574 31.156481 17.387963 40.495833 -65.326852 4.192130 63.638889 2.168056 -80.134722 -52.406944 33.326852 10.757407 -99.186111 -90.228704 -9.776389 0.348611 -161.940741 -263.205093 -6.823611 -146.540741 -75.824074 -170.484259 6.761111 -58.911111 94.511574 46.177778 12.420833 139.879630 -17.769444 52.967593 -14.362037 46.062037 -50.338889 -31.136111 13.482407 -1.629630 -18.843981 -47.060185 -8.287037 -1.660648 -9.992130 -52.838889 -9.901852 -2.417130 -24.387037 -25.814815 25.924074 -39.809259 -53.024537 -44.572222 76.929167 -57.067593 -38.777778 -6.097222 13.309259 -9.541667 -47.857870 -2.430556 -46.828241 2.983333 -38.878241 -38.777315 -18.940278 -1.609722 -12.351389 -15.196296 -16.663426 -2.171296 -37.198148 -10.274537 -28.367593 5.770833 26.487500 134.465278 77.548148 4.342593 -23.826389 60.576389 3.193519 1.039815 -60.204167 81.572685 -41.636574 -7.943981 -36.388426 45.130093 -41.672222 -6.129630 -43.736111 36.596296 -16.706944 -3.277315 -41.526852 72.099537 2.428704 -0.848611 -4.792130 138.582870 24.642130 13.193056 0.887037 9.452778 11.496296 19.062963 -12.101852 5.310185 -44.794907 0.493981 -11.464352 11.631481 -24.502315 -4.632407 -36.785185 10.921759 4.090278 -0.050926 -87.244907 -21.598611 16.783796 -0.632870 -29.276389 25.087037 52.408333 -0.506019 0.375463 51.639815 35.430556 1.400463 -9.527315 -2.537500 -1.803704 10.913889 4.198148 -15.757870 -0.115278 0.700926 9.286111 2.261111 9.365741 5.278704 -53.944444 -13.674537 13.687963 7.568056 -56.231019 -21.427315 33.675000 8.391667 -5.550463 -4.643519 10.707407 3.675463 6.026852 -6.468981 -4.976852 -0.143056 -1.780093 7.955556 0.160185 -0.337500 6.839815 -5.969907 0.187037 3.084722 6.467130 2.213426 -0.025000 19.145370 -42.917130 -11.825463 -3.791204 29.617130 -40.101852 -87.943519 -3.180556 30.442593 25.324074 -132.382870 -7.176389 -2.615741 2.796296 -90.768056 -3.355556 -9.285648 
-1.746512 52.748704 -7.495895 -7.364506 -50.404259 58.830463 2.286111 -15.155833 21.355617 75.330340 26.171543 5.861574 290.442562 156.045123 126.663025 12.749167 384.489568 176.424599 12.238519 29.569907 -104.249537 -261.982130 -184.264753 -0.029383 -325.247222 -384.222531 -112.228611 -19.580278 -4.909136 -11.214475 -4.573981 -15.726914 -14.843210 -17.294012 3.148148 -5.998148 19.611451 30.244444 68.913056 7.965802 119.565741 -11.286728 28.655988 3.447346 27.843704 -136.056481 -172.975864 1.060494 -29.632994 -111.151173 -111.434938 4.617377 6.674660 -12.929630 -17.794691 9.752994 23.927654 3.303951 20.091728 -10.855309 81.274228 -15.537407 43.062870 -0.006235 55.332593 -3.168704 -14.095432 9.581667 2.072747 -13.149444 -115.965895 2.339630 -5.089969 27.538117 -53.433611 7.531019 5.922315 21.485309 3.832377 7.227716 36.175062 -70.189105 16.004136 2.876759 40.143426 55.152315 33.577160 4.981975 59.321389 13.096019 -6.231790 11.029568 -3.108981 -15.864846 -80.744228 -0.210772 6.412562 -37.030154 -22.368889 -5.018395 39.189815 -64.011605 14.870463 6.384043 45.170309 -122.671451 8.205864 9.284352 -32.531265 -195.291451 -25.343179 -9.911389 37.106420 -46.942037 3.962469 0.056914 4.169012 -48.500309 -42.582562 2.386698 8.280586 -71.003580 -29.420586 -2.674136 43.773086 -97.604043 -29.645648 -1.535864 78.309660 -69.857500 -12.740031 -1.128179 40.294722 -86.166543 4.348333 -3.658858 -20.873179 -110.311543 -42.617222 -1.576698 27.217006 -3.673056 8.869506 0.902778 -6.183580 -23.131327 -2.301204 -2.849321 -5.909074 -23.957037 -19.962160 -5.168210 58.555556 -31.126883 -48.788827 -2.090463 92.573179 -41.902253 -29.138704 6.773148 22.501883 -26.304506 -3.085309 5.247191 -5.702901 3.368673 9.826975 2.075833 -2.181327 -0.077037 1.731173 3.114722 -2.535247 -7.399043 0.344198 -4.087500 -1.215957 -26.500525 -4.920185 -22.421173 12.886327 -48.706080 -14.951698 -52.354846 21.776049 -60.776728 -0.589074 -1.760247 -10.431975 15.892932 8.519907 37.013642 11.714691 305.069722 18.455556 25.389043 
81.271420 87.856296 2.117099 -75.867901 -27.017407 262.268704 40.411111 -55.038333 60.024568 427.308457 86.946420 31.156481 156.045123 598.759136 128.850494 24.840556 -14.657531 430.473642 -18.947407 69.834259 -225.426852 -113.320926 -131.266173 31.177901 -251.850000 -285.856173 -95.526111 -16.722778 -1.930494 71.177716 3.533148 -49.933827 -30.264198 52.699753 40.857407 -131.718519 53.785123 138.466667 89.335000 -33.132840 54.464815 83.798765 -62.866914 14.776914 -24.283704 -72.907407 -153.999506 7.787654 -3.648210 -52.127901 -63.322099 16.210309 13.087099 -27.953704 -12.753827 8.980432 23.428642 46.555679 30.535679 -15.801728 80.531790 12.139630 60.777963 -22.020247 60.605185 -0.094074 -60.554198 -5.485556 27.781049 70.032222 -103.798457 -2.749630 14.153395 16.992901 -38.532778 2.750926 26.636852 -60.297160 1.341420 8.714321 -7.342099 -171.991543 0.479383 -6.816481 48.922407 87.626852 28.943210 10.970617 41.568333 17.304259 -66.108025 13.390247 27.830926 9.508086 -79.008457 6.407346 75.605123 -33.129198 -21.606667 2.512099 30.218519 -122.868765 -9.705741 3.843642 18.621728 -151.309568 -8.560494 -1.533519 -74.982531 -215.930679 -62.513025 -12.399444 26.121728 -150.080741 -73.553951 1.584938 22.900247 -50.100617 -80.192901 6.127840 53.717840 -52.658272 -26.032284 2.932840 49.599506 -38.231420 -16.973519 3.642716 66.067099 -95.712778 -34.398951 8.679198 25.299444 -132.695309 -50.857778 -4.564383 1.824753 -92.727531 -47.493333 -3.492284 13.918457 -106.209444 -38.314321 -2.133333 15.918395 13.009568 -8.417963 0.770247 35.660741 40.315926 -10.117654 -0.003086 5.050000 -12.499321 -45.764321 -1.865370 55.875247 -49.452284 -33.715185 -4.248148 31.954877 -27.549012 -13.080617 0.082160 26.084198 11.948457 10.108395 0.920556 1.709568 3.217037 -0.343210 1.809444 2.793951 14.069691 0.857284 -1.280556 -7.939691 5.846728 -7.544815 -23.104568 25.669321 -13.908827 -10.497840 -39.584136 71.245432 -15.982346 7.548519 -16.344938 37.601605 -28.329691 16.417593 -31.431605 70.286049 255.243889 48.194444 -47.933025 
147.441173 148.913704 -7.639691 29.841975 41.991852 93.039074 4.561111 27.861667 33.242469 101.926358 46.149506 17.387963 126.663025 128.850494 229.122099 5.979444 153.906049 88.982284 195.545185 -12.700926 -147.556481 -242.691296 -85.083457 -45.865309 -342.494444 -380.712346 -111.253889 -35.989444 10.703457 -35.817346 -5.152037 -14.555432 -20.145062 -3.536049 25.942593 -40.564815 37.336358 99.016667 153.601667 -14.294568 50.846296 22.625309 162.669506 -2.031728 -81.070741 -153.987037 -127.594568 -0.302469 -78.174753 -150.090247 -131.948642 0.968951 -27.147469 -59.724074 -35.275432 1.984753 47.848395 20.856914 35.248025 -15.152346 63.160802 24.735926 123.346481 -32.600494 31.601481 31.537407 91.748272 -17.035556 -61.597346 -12.051111 -105.671914 -6.451481 -43.668210 -20.105864 -92.593889 1.376852 6.660926 -17.618765 -24.827716 4.901975 2.525802 -103.495864 1.212099 -0.664630 78.574259 146.862037 83.475309 13.660123 62.418333 78.741296 19.056173 21.498272 -18.337593 114.344506 -61.237469 -3.785864 -9.499198 9.095494 -21.506667 -15.028025 33.492593 -83.489753 18.070185 4.946728 24.266790 -122.660802 17.767901 4.270185 -68.407840 -168.004136 -31.476605 -8.171667 11.105679 -61.215926 -39.249012 11.717654 18.152716 -26.301235 -78.344136 9.761790 28.529568 -19.707654 -35.199568 -0.727654 17.461235 -90.201173 19.246852 -3.419012 18.810309 -119.257222 42.728210 -4.156605 -13.267222 -117.687284 3.464444 -4.208210 -46.372160 -91.952840 -34.743333 -1.937346 -12.663642 -159.876111 -38.496420 -3.966667 20.302346 -46.728086 -23.275370 -0.193951 35.612593 -24.769259 -7.805309 6.154938 13.822222 -50.553642 14.959136 9.825370 -16.800062 -58.980679 -2.778148 8.292593 -12.957469 -19.966914 -1.609012 2.292654 -2.451605 39.671914 29.831235 0.437222 2.021914 -5.062593 -0.269753 1.453889 6.233457 12.444383 0.519012 1.713889 30.241173 13.575123 -1.226296 13.210864 -18.148580 10.125123 -6.637346 33.824506 -21.639136 -6.022469 16.028148 1.089012 5.450988 -101.576605 33.015741 -7.308765 -11.647901 -104.572778 38.850000 -18.035494 
-27.255833 -51.612778 -1.728056 -16.052778 4.568333 14.061389 -0.002778 13.475833 26.340556 36.341389 2.948333 40.495833 12.749167 24.840556 5.979444 15.449722 -18.709444 8.436389 0.140000 7.065278 -26.943056 -11.434167 0.418333 7.651111 -4.352778 -13.569444 -0.416944 4.804722 -21.207778 -36.363056 -0.914167 -20.221111 -13.938889 -31.471667 1.077778 -15.700000 7.586944 -3.205556 3.269167 19.143333 -2.525000 5.286111 -12.805000 12.678333 -10.125556 -5.697222 -5.381667 0.111111 -0.235278 -2.865000 3.506667 0.313611 1.954722 -4.188889 1.882222 0.019722 -0.597778 -4.482222 3.932222 -5.160000 -3.140278 -9.787778 11.197500 -7.479444 -8.708889 -9.349444 -4.576667 -2.300556 -5.502500 -2.818333 -8.479167 -0.291111 -2.629167 -0.920833 1.525833 -0.068056 -2.541944 1.686667 -1.464722 -0.196111 -6.462222 -4.383611 -5.216111 1.000278 4.989167 19.456944 13.872222 0.218889 -4.100278 6.786944 -4.858333 1.526111 -8.120278 12.982500 -11.183056 -0.535278 -2.338611 2.069167 -8.882222 -1.446667 -6.852778 -3.846667 -5.341944 -1.530833 -10.985000 9.981944 -4.430556 -0.905833 -0.899722 25.330833 5.767500 3.781389 1.706667 0.492778 0.253333 2.097778 -0.964444 1.663889 -11.351389 0.518611 1.998056 0.070000 -7.444722 -0.146111 -3.793333 -0.742500 -1.054722 0.687222 -19.011389 -7.402500 -3.186389 0.000278 -11.303611 4.420000 9.427222 -0.678056 -1.486944 15.216111 8.996111 0.306944 -1.040833 -4.689167 -3.851111 1.575000 1.732222 -0.712500 -1.354722 0.035000 5.599444 4.204444 1.243889 0.669444 -2.683333 -2.475833 0.523889 -0.098056 -9.429722 -1.788611 7.777222 -0.013889 -6.088056 2.895000 4.130000 -0.025833 0.255000 3.270833 2.745000 -0.085833 -0.579167 0.536667 -0.186111 0.025278 1.192778 -1.018611 -0.062222 0.104167 6.024722 0.646944 -0.111667 3.689444 4.575278 -0.330833 0.776389 9.246944 -2.552222 -12.099444 3.622778 2.301111 1.925556 -39.640833 1.915278 -9.670556 -4.408889 -43.350833 0.700000 -11.179167 
0.243642 244.978519 -20.716235 145.070988 -173.561852 -24.620185 -9.194444 0.600556 -105.814321 -110.713765 -3.175802 -65.326852 384.489568 -14.657531 153.906049 -18.709444 1625.048025 100.273642 140.197037 18.673148 534.584259 -742.709815 -440.616173 -14.794321 -1016.994444 -1281.906173 -395.548333 -74.895000 -11.674938 -54.272284 -17.050185 35.343951 52.408025 -5.589136 -25.020370 148.675926 66.635123 11.850000 50.318333 53.428272 327.787037 -108.384568 210.360864 -18.878642 271.305185 -400.046296 -165.477284 -1.306790 -24.198210 -428.977901 -331.838765 -1.684136 -54.107346 -123.525926 -115.937160 9.641543 -7.276914 -61.272099 -5.953210 -19.879506 79.654012 -49.988148 4.950185 17.635309 139.616296 18.278148 115.740247 31.025556 96.886605 -110.184444 -46.809568 16.994815 -8.496605 -2.668210 -75.916111 15.634259 42.209074 77.241728 28.335864 8.408765 143.180123 -117.008210 48.940494 -20.349815 8.205741 -79.539815 19.487654 -3.090494 73.496111 -44.490185 112.519753 -0.926420 7.842037 -129.458580 18.808210 -10.964877 -15.783765 -163.251420 18.871111 -4.776790 111.274074 -265.918765 116.688704 30.754753 138.366173 -425.715123 146.656173 16.366481 -144.671420 -742.497346 -39.363025 -51.193889 18.493951 -192.880741 76.179383 -0.353951 42.589136 -119.461728 23.890432 2.961173 32.756728 -155.019383 16.573272 -7.594938 128.671728 -251.048086 44.837593 1.353827 182.055988 -283.390556 121.006605 -5.148580 23.693889 -325.628642 -1.391111 -3.736605 -166.558580 -420.366420 -161.543333 -1.408951 29.674012 -87.076111 66.507901 8.433333 -1.426049 -74.390432 18.548704 -4.485309 64.738519 -69.267407 -13.189877 -6.414198 208.616667 -75.138210 -22.942099 12.584630 111.758580 -193.207840 -67.609630 18.685185 -51.884012 -159.137901 -45.875062 12.604383 -49.499136 -31.707099 -1.747160 1.481667 0.370679 4.317037 11.879012 4.192778 9.777284 -19.774753 0.885062 -4.747222 33.776975 -26.158827 -9.450370 -7.321235 13.563765 34.941173 -29.764506 -46.739691 -62.387901 66.634321 -16.823704 44.766173 -104.198395 227.948086 28.539815 93.946173 3.363827 680.699444 113.544444 56.072531 
111.588858 119.272037 -2.106821 -36.890432 -29.944259 144.048796 21.458333 -28.767500 40.485988 190.460154 43.370802 4.192130 176.424599 430.473642 88.982284 8.436389 100.273642 726.596636 9.550741 97.761574 -119.924537 244.062870 -143.639938 96.003210 -423.375000 -432.141049 -171.913611 -9.007500 8.884938 17.483117 -0.914537 -46.829506 -11.091358 69.324136 28.737037 -105.987037 56.009043 123.855556 69.405833 -61.642716 92.660185 115.170679 -27.564753 -0.503025 2.829259 -55.817593 -177.601049 5.334568 -7.229846 -117.633765 -105.369012 15.080525 -2.256265 -73.668519 -36.205062 12.384290 19.394691 46.914321 26.344321 -28.494938 108.458488 56.224815 38.986759 -26.440309 116.468148 52.151296 -67.625802 -14.805000 16.322562 101.329444 -159.644599 -3.357037 -20.824228 70.577932 -75.634167 2.106019 -4.646019 32.996049 9.731080 11.130679 14.644321 -21.370401 22.227840 4.639537 71.845093 227.566204 18.445679 10.391605 72.758611 134.695463 -68.600309 21.754753 39.408241 120.656080 -114.446265 15.431265 49.812377 21.770031 -52.884444 2.692346 10.495370 -45.726790 -25.320093 5.547191 -10.310062 -35.377932 -3.053395 -2.395093 -41.499969 -104.343488 -54.656698 -23.289722 45.520494 72.225741 -121.463827 7.508395 0.584198 -8.163272 -125.139043 4.850216 47.420772 -52.326173 -68.318549 0.517716 116.370494 -49.568302 -43.429537 3.691173 83.132068 -35.700278 -59.587994 8.943858 3.545278 -70.733580 -77.143889 -6.430895 -22.080031 -111.546358 -74.312778 -4.997994 -9.135401 -159.585833 -87.739012 -2.063889 15.511605 -30.197068 -43.351759 -4.187469 50.320926 0.980741 -25.961790 -1.344136 88.700000 25.016265 -75.197346 22.393426 82.691142 -12.602438 -93.119815 12.439815 7.780957 -43.554877 -50.162716 -1.226327 2.508580 -14.613735 -4.523395 1.333056 1.102932 -14.684815 -1.370679 3.127500 18.917716 21.024475 1.611605 -0.390278 -5.563920 28.005216 -8.956852 -21.860432 -12.937932 22.088549 -20.817438 -56.097253 66.942346 71.722901 -11.841296 -30.440617 22.913951 115.362747 14.750463 -5.474506 27.370617 342.064722 75.833333 -2.710031 
22.802963 127.862222 -8.289630 88.492593 14.854444 -55.995556 -8.266667 65.118889 38.634074 -51.230370 1.152963 63.638889 12.238519 -18.947407 195.545185 0.140000 140.197037 9.550741 604.728889 -65.316667 66.350000 -159.424444 232.745185 -82.735926 -547.050000 -670.264815 -184.448889 -64.213333 -25.931852 -21.601481 -4.032222 26.949259 -18.246296 -43.478148 14.766667 23.788889 58.454074 37.988889 170.401111 43.506296 64.488889 70.053704 379.799630 3.168148 -82.692222 -210.877778 7.311852 -3.646296 -152.112593 -343.797407 -190.080370 -5.674815 -98.537407 -200.166667 -97.669630 -5.052963 -1.245926 -22.647037 24.034074 -28.780370 36.418519 28.428889 177.904444 -19.174815 67.896667 67.086667 294.182593 -2.997778 -103.615926 -87.515556 -40.162963 -6.874444 -116.740741 -115.875926 -154.236667 -6.011111 14.340000 -50.481852 -53.978148 0.421481 -43.582593 -88.608148 -8.883704 7.532222 63.743333 129.594444 154.509259 9.133704 67.895556 82.496667 136.340741 16.093704 -31.441111 187.955185 -1.608519 1.415185 -87.249259 92.982593 -19.115556 -23.298519 2.611111 -71.789259 39.684444 3.864074 -2.100741 -99.024074 78.381481 3.412222 -136.925185 -82.564074 14.015185 4.157778 39.365926 28.428889 35.844074 16.710741 -17.655185 25.707407 -57.651852 7.295926 -29.138519 74.145926 -6.763704 -8.189630 -1.778519 -59.637407 108.946667 -2.680370 -43.234074 -147.801111 154.130741 -1.877037 -100.063333 -135.820741 37.002222 -3.050741 -113.883704 -96.066296 -18.356667 -1.659259 -23.323704 -187.476667 -57.977037 -4.683333 9.719259 -47.775926 -21.508889 5.135926 25.918889 -30.040000 30.742963 7.887037 41.816667 -63.033704 89.778519 15.520000 -93.216296 -104.277037 16.702222 17.788889 -75.116296 -75.598519 -20.251481 1.688519 -41.868148 -37.359259 -13.065185 -1.195556 8.796296 -6.018889 0.107407 1.598889 8.488148 35.278148 3.441481 14.116667 30.569630 51.321481 2.680000 58.034815 -40.691852 40.065926 -2.875926 132.397407 -70.248519 37.812593 -0.913333 71.138148 -39.439259 -52.734815 -0.138889 -6.386296 -40.912593 -133.174444 29.338889 -32.037037 
