652.514233 1145.819712 38.039180 172.133456 116.948271 949.995256 33.718396 170.172482 -251.656107 139.552036 19.592440 -205.392562 -184.981328 -132.258953 8.414754 -291.275788 -18.162381 -81.475972 0.752066 -81.185644 -13.673095 -63.637588 -0.718702 -10.722987 1.735996 -26.137894 -1.632997 1.771962 29.972758 123.344659 1.085093 18.078053 41.723906 228.315427 6.477349 43.823998 17.650444 226.677533 9.667432 29.968779 -16.104377 141.728497 16.010713 -29.588613 14.933119 54.501990 13.327977 -21.477502 -8.457147 31.535047 0.819406 6.579278 60.649985 22.516835 0.700337 10.777166 12.040404 -88.985614 -0.747169 0.388124 6.901745 -53.639578 7.156872 -0.757270 11.171105 -62.979951 -3.373584 -2.397919 1.511019 -78.727273 -9.474901 -7.437404 7.864861 -102.811295 -3.640649 -8.934803 11.134068 -24.167891 -3.980563 -0.751454 114.705846 28.242118 7.920263 14.182890 28.010866 -229.350015 -45.041016 -11.537496 29.052189 -102.324763 -4.237221 1.515611 12.217325 -81.422100 -11.123967 -0.558923 -8.239210 -82.582185 -4.951178 -4.520355 -20.804408 -64.849709 -7.254362 -9.346189 -29.423324 -64.551729 -13.702632 -12.131619 107.153352 -1.243036 -1.338078 -10.168197 9.380165 -7.065197 -5.988828 -9.552342 7.454392 42.449648 17.239057 3.421335 5.413988 29.295837 11.838384 0.932354 -11.894858 19.728803 0.078665 -0.371136 -39.234160 26.541322 -7.438170 4.880624 -3.433731 17.984542 7.656107 9.369758 24.141720 34.782369 17.384757 -1.748087 0.341598 4.081267 0.964340 0.000000 -0.593817 4.325987 0.776860 0.000000 2.119223 16.637894 4.037190 0.073768 -19.790940 27.347107 3.797062 0.073768 -39.237680 35.588613 7.835476 0.000000 18.038261 33.947199 1.349403 0.000000 14.573921 -0.459596 1.286807 1.778849 1.532140 -26.325834 2.849862 -4.192072 18.469544 14.714876 22.576064 -2.634986 -0.703704 -90.413682 4.449801 -1.159167 -32.225589 -141.863177 -21.571931 -6.558770 -36.035200 -14.176615 -39.607285 -2.264769 27.567646 14.929752 -39.294919 2.609887 88.812366 28.005969 -2.978880 1.604683 
1145.819712 4743.718830 178.359785 520.235486 -150.733650 2928.809254 133.522370 265.378354 -585.371136 595.038695 110.291220 -626.961892 -424.981456 -182.575987 44.163963 -763.158198 -47.903607 -31.779104 2.357668 -205.172916 -12.054102 -31.588027 -3.650648 -5.116570 48.372666 47.698679 -3.704265 34.904474 71.227222 340.811932 6.703296 35.018901 34.583895 519.604760 16.542802 72.848893 -37.174140 440.093001 23.233573 33.976278 -99.656004 199.739542 21.174064 -87.019819 -44.660417 68.181869 -0.704035 -66.598102 -41.552903 44.008086 -5.808438 -7.402331 317.029487 96.525814 1.765432 36.347822 22.691077 -206.322799 -10.840577 -3.640139 8.060223 10.205693 -24.913810 4.763800 6.154219 -104.288465 -65.445541 1.435925 7.166820 -191.755892 -5.680721 -22.709545 -1.486889 -158.974441 -23.791679 -37.616238 57.331267 64.926283 -22.164550 -25.464748 522.113152 184.061116 27.624477 54.826497 0.648556 -1017.940210 -200.714468 -30.060402 73.143659 -409.793746 -125.954801 9.989134 22.849072 -379.773773 -80.641873 4.323793 -18.689700 -459.602081 -8.091470 -18.793516 -47.479186 -402.983650 -12.674549 -54.224365 1.064126 -363.801831 -24.339889 -99.376594 474.585323 -200.477094 24.097133 -88.841725 -4.635292 -231.886287 -55.150775 -21.524717 18.402612 43.530048 18.084736 6.961075 12.597056 49.973268 23.068182 1.865269 -25.403352 44.211254 5.392460 -0.841878 -52.826905 85.521197 -1.674600 4.362259 76.700158 53.517345 9.732247 -4.399092 -43.549332 103.760024 27.419345 -69.175747 2.464340 19.341827 4.851520 0.000000 -1.347005 17.566116 9.205234 0.000000 -1.646516 84.946944 30.720845 -0.175135 -54.620319 137.078895 45.770891 -0.175135 -62.012116 89.420493 14.356698 0.000000 85.495154 -20.326982 -71.913147 0.000000 40.615856 -145.305556 -72.545353 7.972120 18.437175 191.604505 47.985078 -11.389476 63.404295 261.587159 132.218345 -11.417279 -64.245511 -145.820631 80.448985 -16.309637 -72.066779 -498.994031 -181.271528 -23.237909 -101.309178 -292.075171 -221.159576 6.345322 81.782038 -22.552954 -165.872105 22.876620 411.048413 99.281298 -20.108433 9.848255 
38.039180 178.359785 21.628839 12.312621 -11.964595 122.441486 18.207861 -3.639552 -21.672788 49.179650 17.487731 -36.619376 -9.566855 38.536042 11.352668 -34.440108 4.518340 33.252576 2.694674 -7.684394 2.674089 4.771937 -0.079482 1.088205 4.348332 6.042572 -0.158810 2.432481 8.004081 34.512575 2.756555 0.970233 0.765713 31.692455 4.217274 1.330987 -4.581395 13.605397 2.427788 0.791705 -8.661055 1.824023 1.019335 -3.169498 -4.532777 -5.084889 0.401107 -3.343740 -0.995052 5.143531 0.205336 -0.204903 25.211764 14.657127 0.038159 5.785379 0.978956 -30.991761 -5.031578 -0.051525 1.204852 -14.440312 -7.256326 0.471789 -0.544587 -24.021248 -6.192557 0.328028 -0.820324 -25.771044 -3.110473 -0.481354 -1.468064 -25.489134 -2.496454 -5.122666 -0.857438 -17.102643 -1.005229 -7.895878 35.649883 -7.949903 1.854964 -3.513723 -3.692582 -58.626620 -9.029436 -1.763800 1.921437 -10.833690 -10.045250 0.914754 0.233369 -5.696638 -3.741047 0.288440 -0.801270 -7.070860 0.822671 -0.278824 -1.397459 -1.265100 -0.690159 -0.399296 1.324457 -7.643888 -1.220513 -3.958321 6.166590 -8.216304 4.062698 -8.305913 -0.302877 4.130242 1.660519 -1.191843 0.114274 6.980002 1.246352 0.028109 0.379426 6.396133 0.952020 -0.014437 -1.007117 3.453219 0.774921 -0.036093 -2.009183 5.650214 1.278569 0.792011 7.176742 5.885114 3.326829 1.609173 -15.664575 7.996021 -0.608203 0.494133 0.277013 1.878558 0.421309 0.000000 -0.057749 0.190542 0.313590 0.000000 -0.329252 1.426283 0.903122 -0.014437 -2.457785 2.690924 2.651974 -0.014437 -1.093842 1.918656 3.297470 0.000000 7.776604 -2.470233 -4.390190 0.000000 -1.773493 -10.926768 -4.816243 0.338971 -1.289639 6.455285 1.676079 -0.642460 -0.924446 -11.621748 -0.528211 -0.887894 -2.397026 -28.980869 6.212529 -1.393200 4.286756 -33.214876 -0.618636 -1.055632 -0.323870 -7.781782 -11.850117 0.434854 6.929420 -4.400061 -8.418478 0.590118 14.798643 1.981022 -0.696587 0.480487 
172.133456 520.235486 12.312621 122.429344 -9.621722 310.615447 1.052699 124.986430 -88.676155 -57.276298 -1.473268 -42.296143 -71.149628 -189.133150 -5.279206 -101.548413 -28.804612 -111.975258 -3.391185 -32.863126 -12.846954 -49.583002 -0.629426 -7.619427 -4.614631 -21.875217 -0.523008 -2.592491 2.474339 17.677278 -1.949393 8.646159 9.893378 71.656260 -0.900010 22.811346 5.470513 90.971278 3.878686 25.901133 -4.010662 53.128456 4.165238 1.922253 -4.278288 3.823640 0.539435 -7.209060 -6.837364 -6.546424 -0.012958 0.018723 -3.551984 -7.576319 0.254770 -3.808336 -5.658249 -59.395521 -2.199367 -1.585757 1.103000 -39.617080 -0.618559 -0.192633 2.334762 -38.110754 13.637690 -0.154015 2.147689 -14.436027 15.943118 -2.590501 0.266503 7.396388 6.964544 3.772115 1.008724 26.895113 -0.770942 11.741608 4.647638 25.529334 1.192786 13.712988 0.016733 -73.794409 -3.857157 -3.099378 14.881594 -34.375217 16.407050 0.493878 7.040047 -23.462912 24.905418 0.060045 -2.638812 -32.225742 20.328844 -3.181461 -9.328436 -32.783338 3.896541 -3.638353 -13.532446 -21.237884 -4.845373 4.103408 37.854301 1.062034 -4.727987 5.407611 8.513621 59.596572 8.965514 -2.026018 5.852209 37.381798 19.415264 1.966381 3.539078 16.978063 11.661616 0.568615 -3.943985 5.967809 0.669983 -0.118865 -16.165748 -1.406183 -5.906897 -0.011019 -2.954290 -5.558208 -1.455158 0.352719 16.701306 7.625650 9.354760 0.821294 0.745026 4.764922 0.802061 0.000000 -0.190185 -0.683196 -0.115702 0.000000 -0.808489 1.585655 -1.495868 -0.047546 -7.891848 -1.252678 -8.140955 -0.047546 -17.516121 -11.762320 -0.136313 0.000000 4.097592 -6.075451 8.987756 0.000000 13.947046 -2.151515 9.202836 2.170901 4.840833 -25.739720 -2.927456 -1.085501 16.971738 -9.090603 -6.445159 0.681971 0.056117 -23.696358 -23.509132 1.553209 -17.655443 -52.926997 -14.450005 -1.277013 -11.503724 -44.667024 9.379961 0.353484 11.397715 -9.120600 0.300939 3.634170 55.074176 14.871595 2.066881 2.240588 
116.948271 -150.733650 -11.964595 -9.621722 430.853586 159.284920 -7.072442 97.130650 145.438323 39.656923 -22.136007 39.724059 -129.751199 -252.057392 -25.642281 -166.182532 -67.999337 -167.989848 -8.956841 -66.863687 -19.308234 -44.099276 -1.129987 -10.755229 -1.782981 -11.470054 1.563412 -4.095296 1.791960 -12.212172 -0.238394 1.114172 37.187430 12.730334 -0.509999 24.558259 96.683757 92.413478 7.435364 47.261402 24.778339 94.967962 20.216304 -2.631619 -9.191868 59.445414 12.151107 -17.646771 -4.798082 85.797572 2.493215 10.479441 24.287522 67.753086 1.235129 21.199520 6.456229 -130.251862 -22.450770 -2.415162 6.172023 -119.541322 -7.794205 -0.300939 8.622079 -130.569228 30.875625 0.156311 -0.643557 -106.902357 38.356698 -15.332364 -4.326650 -77.893174 34.804051 -27.741353 -6.718549 -13.961228 3.083155 -7.582747 107.518570 46.686461 2.435772 37.188297 21.847822 -0.394297 20.869554 -8.435517 6.254770 32.782471 43.055760 -0.489287 -1.956025 34.472554 34.971074 1.611672 -9.182583 12.823079 16.762065 -12.493470 -27.160086 -14.646414 11.595194 -29.424549 -33.306856 -49.994898 3.140598 -16.725997 111.709519 11.551372 21.759667 -22.313488 24.732476 222.044383 41.673146 -2.724671 3.765789 57.853739 29.468575 -0.214315 -0.299867 23.310274 9.737374 -0.049791 -10.241965 13.387562 3.456739 -0.654780 -45.408173 1.248699 4.568973 -0.228191 -25.376288 -10.094684 4.167738 4.866748 84.360677 21.107132 6.280686 2.696153 -0.985614 0.527548 -0.217580 0.000000 -0.724416 0.321855 0.121671 0.000000 2.499031 -8.992909 0.185950 0.020916 -18.606775 -30.129783 -14.529844 0.020916 -31.727681 -51.664677 -32.652025 0.000000 44.695796 -6.538414 -5.407867 0.000000 82.706305 13.151515 -5.563718 0.275839 -9.953780 -61.112897 -3.280992 -5.735894 -1.914345 -93.179829 -16.250434 1.771197 -13.647026 -93.879859 -43.166259 2.786093 -35.112233 -62.740129 -73.565606 -2.729875 53.385726 59.155086 -12.516784 0.399500 73.346087 77.983777 24.844149 -0.053821 35.015815 39.506275 11.952403 -0.360422 
949.995256 2928.809254 122.441486 310.615447 159.284920 4040.161514 157.898582 442.417253 -897.796449 2088.166157 150.782318 -558.066116 -569.193093 345.848944 83.696766 -995.645444 -41.639476 148.370778 7.360422 -290.976839 -12.708295 -11.034945 -4.031476 -34.176513 0.064432 -9.792419 0.897868 4.759514 39.894603 191.856494 7.973319 11.468932 9.815937 395.347720 16.994082 30.772472 -97.061932 464.447556 19.718600 -11.115856 -160.800224 258.555147 22.984644 -151.270125 -89.982757 95.241761 10.452964 -117.113560 -63.382971 138.311550 -1.773135 -8.388379 152.475258 173.371493 2.332211 42.256096 27.558923 57.537292 35.907305 -8.339812 5.002449 191.164371 22.296194 2.313029 -1.378584 78.949546 -19.139782 -7.975105 -22.820171 -1.900673 -22.042037 -64.339047 -13.655290 63.884910 -25.246046 -72.870217 52.615243 135.039129 -20.903785 37.077084 342.165391 160.225691 23.800990 147.255535 25.977859 -238.433833 -75.550301 -37.947097 13.253648 -97.565146 -61.309815 3.908938 -0.606112 -207.317213 -101.620294 -0.951740 -40.632384 -298.880012 -37.608866 -48.929242 -120.255433 -274.664575 -13.127334 -83.436792 47.226967 -313.442353 -19.462759 -36.553770 379.070095 -195.585655 55.959494 -42.565146 7.526477 -56.776247 -44.345475 -24.948883 -3.986481 49.659882 -2.424804 0.778747 1.877155 59.044485 6.676768 0.150495 -54.430670 64.233497 3.645495 -1.871238 -153.038108 115.171411 14.292521 3.209826 113.450974 138.279563 83.730793 5.137690 -105.060708 130.892409 78.078818 -61.982961 -1.985920 2.659780 2.533772 0.000000 -2.670748 22.731405 11.220845 0.000000 2.773390 81.952352 40.275482 0.635343 -86.953525 165.709213 72.422865 0.635343 -122.814713 187.192684 95.145750 0.000000 57.063004 49.066422 11.186563 0.000000 -58.395011 -159.424242 -107.077084 4.718498 19.339455 78.174268 36.039945 -18.383787 75.511836 217.046220 139.095858 -11.214264 -27.891695 62.521732 202.496531 9.643965 -143.859147 -213.390725 -80.109019 -11.904653 -131.680186 -199.676819 -250.506326 1.460310 28.805734 -61.862106 -171.107081 8.273135 228.355474 19.479492 -49.981788 3.449954 
33.718396 133.522370 18.207861 1.052699 -7.072442 157.898582 45.763519 -17.833512 -40.655494 106.970182 43.722707 -57.254362 -10.396108 99.297291 21.827467 -47.798949 19.565835 70.291195 4.699265 -11.798771 10.527931 13.443552 0.227630 2.410111 8.757729 13.716687 -0.120651 4.621391 16.527905 49.797189 5.963983 -0.283364 6.872334 45.868151 9.345016 -1.304051 -4.947225 15.466993 4.230461 -2.993725 -7.317059 -16.418299 1.317366 -6.891108 -7.054765 -11.613764 4.198220 -8.141108 0.543873 11.880038 1.033721 1.262142 41.911132 23.551627 0.086420 13.741557 7.329125 -33.530124 -4.825324 0.246812 2.911310 -25.584940 -4.837950 0.191511 -0.120396 -32.381109 -5.839430 -0.279206 -0.957453 -34.819865 2.758622 -2.808208 -2.262575 -29.894705 2.775916 -8.634910 1.796832 -19.151566 0.463142 -7.429038 68.515100 -0.455821 3.779716 3.567595 -3.346138 -71.199980 -3.675951 -1.348995 -0.000561 -18.311091 -7.239261 0.832721 -0.679497 -18.554204 0.539027 -0.241302 -1.446204 -19.318029 1.604938 -1.865958 -4.602541 -20.383048 0.134604 -4.373431 7.488675 -25.564866 -0.909116 -9.179727 38.106137 -22.913325 9.247067 -18.652000 -4.353688 5.203092 5.110524 -0.535430 -1.168146 3.690032 1.775533 0.013978 -0.337338 3.188042 0.522727 -0.029334 -1.982782 0.509744 0.334507 -0.073334 -4.324151 5.385139 2.561499 0.258494 13.165009 5.638455 11.718626 -0.418937 -27.833741 10.867616 5.178910 -7.416692 -0.176002 -0.823003 -0.089659 0.000000 -0.117335 0.162994 -0.020661 0.000000 -0.598357 2.481124 1.470615 -0.029334 -4.119656 6.223217 9.196511 -0.029334 -3.786629 5.328818 17.416335 0.000000 0.130803 -6.751990 6.465947 0.000000 -18.620447 -17.941919 -9.889144 -0.088129 -2.942684 6.790506 0.662305 -1.305351 0.648352 1.207606 3.368279 -1.298975 -1.427890 -15.433272 21.657841 -1.355959 -0.350730 -43.381084 12.667457 -0.302954 -9.001046 -27.780507 -6.030354 1.295786 -2.072518 -19.120141 -7.650546 0.266784 2.765330 -9.157790 -2.444827 0.277089 
170.172482 265.378354 -3.639552 124.986430 97.130650 442.417253 -17.833512 444.768723 -210.905265 -85.012218 -35.426360 254.314509 -215.858152 -551.322084 -32.468524 -148.177584 -115.177813 -399.616825 -10.258035 -84.294791 -53.212657 -163.621034 -1.406132 -24.257780 -21.881849 -75.487782 -1.763749 -9.162662 -17.507601 -39.426104 -6.592797 6.472834 -4.661336 24.139501 -8.354862 37.459800 11.416718 149.579329 -0.530941 78.389654 22.139169 117.974569 6.137537 28.077212 -22.472885 -35.568156 2.351265 -17.208142 -27.170391 -55.603280 0.254872 -5.073640 -54.626671 -41.360831 0.003928 -11.725079 -30.317340 -99.945490 12.319610 -5.971585 -6.370141 -57.932507 23.801933 -1.350423 -0.122385 -16.829839 49.270916 -1.188603 -0.083257 54.932660 14.395750 -4.540379 -11.177788 67.490052 6.075120 28.811830 -12.600781 22.364657 2.376059 56.126212 -105.564636 -23.403785 -1.841802 20.001632 -3.481277 42.045046 82.579635 -4.540302 7.420314 22.767269 88.340782 -1.578665 1.173273 9.697709 56.522498 -1.083053 -10.305709 7.653505 24.643659 -7.451051 -39.252219 18.496812 3.770049 12.266605 -67.808846 47.077620 0.134349 72.124834 -68.352541 112.019029 -7.628201 71.618279 24.109122 213.508877 48.948602 2.584864 6.605346 67.330681 36.943883 0.811346 2.572518 26.400775 13.457071 0.258392 -13.584252 8.603102 -0.563871 -0.465131 -61.375574 -15.710361 -11.747653 -0.326446 -81.590577 -10.329711 12.584558 10.060555 40.508162 60.475972 46.108662 37.515662 0.075605 4.508035 1.129043 0.000000 -0.744210 -0.689164 0.549587 0.000000 -2.199520 -4.218447 -4.614325 -0.034537 -28.377079 -21.093128 -19.915060 -0.034537 -74.093179 -44.094047 23.799561 0.000000 -45.818080 10.946358 101.415901 0.000000 -40.843587 72.255051 69.197021 2.164090 6.416820 -118.555071 -17.016299 -1.900546 24.563259 -68.674855 -27.310019 11.618381 9.378507 -23.642639 -43.879043 18.232808 -53.662177 53.616621 39.910953 5.379783 -73.042215 -9.776222 135.647485 -0.632895 -22.365294 -39.789103 66.414958 0.717350 -33.559127 -22.369452 2.767753 1.026400 
-251.656107 -585.371136 -21.672788 -88.676155 145.438323 -897.796449 -40.655494 -210.905265 822.906336 -668.578206 -32.113560 3.820018 415.477196 -506.213958 -26.001990 41.353382 -29.609887 -289.319253 -13.603306 -35.584787 -19.208907 -91.041475 -2.805632 -7.140190 -3.931129 -56.760178 -0.336700 -9.912917 4.863789 -30.458525 4.576982 -5.609734 31.548822 -98.134986 2.740282 -11.198194 181.787573 -82.592133 3.655341 14.667126 156.781145 -50.104989 2.240435 35.354913 22.761555 -56.777931 -8.718702 3.445822 11.052648 -27.420722 -2.498929 2.603459 -0.603612 -9.436027 -0.947811 -3.518212 31.868687 47.233548 -7.220692 -1.978574 5.488522 -20.576676 -28.498470 0.026783 6.234313 -96.263391 -29.559841 3.656872 9.408632 -133.565657 5.413376 16.969544 2.511172 -147.379706 9.458372 -16.471993 -1.834711 -65.915213 1.900214 -58.413835 52.635292 24.998470 -4.302724 -42.671411 17.791705 -11.931895 -39.907101 6.176155 -5.350168 0.845883 -65.893174 -0.209826 -2.721457 50.889501 -25.922865 4.518519 8.268595 56.467860 1.703704 16.064891 52.139578 19.807009 3.990817 2.274105 -16.217631 -5.566728 -0.225283 -75.814662 65.488981 -4.124273 4.693450 -57.886440 -3.841598 -107.952250 -26.151209 8.410009 1.251760 -51.135598 -19.865320 -0.953933 -1.566422 -14.308693 -6.565657 -0.277625 18.747934 -6.659014 1.711509 1.220080 78.005969 -25.677227 -1.741353 0.706152 -14.062596 -60.723753 -42.668962 -8.833027 46.375268 -20.047750 -22.773186 -11.215182 -0.453627 -1.926997 -0.925773 0.000000 0.222834 -6.208448 -2.873278 0.000000 1.272880 -28.901439 -13.854454 -0.186716 37.732170 -68.436180 -32.842975 -0.186716 62.493419 -89.779155 -63.226661 0.000000 59.044842 -35.991276 -60.894399 0.000000 78.647383 -6.030303 -27.601316 -2.105755 -12.440312 -82.482706 -14.998163 0.100245 -20.268442 -151.269054 -58.018672 -1.179982 -42.806397 -117.214876 -74.942914 -14.189777 77.553872 -124.043159 -70.728344 -7.324151 209.935109 33.743189 -23.647536 2.903428 73.772574 68.078053 16.596113 -1.607132 -9.882614 -0.545914 12.014692 -1.112948 
139.552036 595.038695 49.179650 -57.276298 39.656923 2088.166157 106.970182 -85.012218 -668.578206 2876.439368 97.232298 -455.355831 -313.872028 1943.277548 78.160596 -417.737323 141.512218 863.803387 21.019284 -79.846317 52.966100 260.322748 -0.339200 1.950770 26.322161 105.899015 6.706510 8.380905 30.185134 99.284996 9.800939 -9.566957 -36.680415 109.034053 11.126977 -47.708346 -176.206127 103.081216 -8.990333 -120.867156 -189.884961 64.020687 -18.132333 -173.196587 -63.421360 39.703755 -0.863968 -99.552648 -19.616876 83.090577 1.003010 -21.666641 147.280329 129.872615 3.070146 45.078461 29.231481 184.744541 22.647638 -11.224314 -2.965029 230.498623 4.079456 3.640904 -20.897970 157.341164 -78.388302 -1.804816 -35.631160 66.845118 -84.157152 -62.753316 -9.528977 112.192225 -36.833767 -72.813208 46.401974 70.922916 -17.435593 -10.281247 218.003724 50.365830 22.363534 85.444342 37.429701 76.603561 -73.276757 -29.089022 -33.322671 29.209621 -69.362208 3.428528 -19.305811 -37.735053 -134.258035 -1.526375 -37.023033 -67.677839 -76.786756 -51.315401 -102.302418 -25.103178 -7.411922 -87.790021 150.321702 -71.916310 11.082670 -31.804204 142.711586 -139.802010 81.110601 -45.111086 6.480869 -134.093358 -56.876365 -19.257040 -16.790991 -31.761198 -33.512907 -3.444649 -6.136950 1.141618 -15.780303 -1.040455 -51.933655 28.950311 3.030507 -2.308208 -137.932966 116.273722 37.768161 -2.481175 213.868508 190.614988 96.484772 -3.427711 -201.005561 56.340833 53.939547 -58.621875 -1.616468 -2.860193 -0.050837 0.000000 -0.767881 20.566116 10.720386 0.000000 6.200286 69.276911 49.554178 0.878737 -69.805505 165.513238 88.700184 0.878737 -30.207402 242.304331 70.637843 0.000000 82.749362 56.784129 -41.322238 0.000000 -82.530609 -176.967172 -145.355117 0.095016 22.477579 227.661744 54.550735 -13.618432 24.195541 296.248776 174.241914 -20.412228 -7.400393 285.911693 249.518008 0.656693 -106.118967 205.581726 -35.784996 -4.995485 -95.373151 -10.810861 -289.375064 -6.147944 16.445337 -43.638812 -185.691970 -5.308565 67.373329 -27.456076 -53.830655 -1.727502 
19.592440 110.291220 17.487731 -1.473268 -22.136007 150.782318 43.722707 -35.426360 -32.113560 97.232298 74.621187 -91.355831 5.223931 138.040174 51.887869 -71.525202 37.956663 110.515509 12.170799 -18.851367 18.152969 21.156081 1.271911 0.642690 5.453474 11.646490 0.565095 1.229390 22.861902 65.810249 8.598918 -0.011402 15.657969 69.988598 13.864351 -2.718447 4.223166 32.672125 11.045021 -9.397459 -11.718294 -24.928808 3.302010 -13.181436 -8.603178 -31.568973 1.368355 -10.481941 1.292215 -4.293261 0.492909 -2.045429 26.527803 17.756453 0.171156 8.957249 15.696128 -21.669600 -3.630140 0.144373 5.565274 -19.577135 -8.344786 0.428783 0.793950 -23.724492 -5.736787 -0.486634 1.045608 -23.634680 2.878201 1.226482 4.748801 -29.575451 -0.525686 -4.489976 6.942378 -23.390215 -0.339634 -12.291348 48.150189 -9.149321 1.085757 -4.767779 2.894348 -83.396439 -10.721202 -0.028415 1.556117 -18.775227 -19.013723 1.408326 -1.472477 -16.022931 -0.126722 -0.142536 1.451714 -13.415213 2.228395 1.416922 15.919804 -13.315299 0.133532 -0.295072 14.786348 -28.886007 -2.765815 -11.986022 14.145929 -32.539384 2.964136 -20.419166 -6.064585 -25.618610 -0.416769 -0.716636 -1.149577 -2.387460 -4.280584 0.035149 -0.465233 0.858790 -1.371212 -0.040455 4.298669 -1.746659 2.156770 -0.080936 13.890266 4.425237 6.470182 0.478421 14.242246 -1.198143 2.797903 -1.048924 -37.758086 2.361035 -1.009948 -7.455209 -0.242730 -1.092516 -0.081140 0.000000 -0.161820 -0.236915 -0.062443 0.000000 -0.729007 1.251658 2.246097 -0.040455 6.098536 5.280915 14.179982 -0.040455 4.166335 5.183119 15.072187 0.000000 -5.023365 -8.059305 1.910086 0.000000 -25.954852 -19.416667 -14.324814 0.413198 -4.532522 6.429420 1.419421 -1.800250 -3.279206 -1.877487 4.726763 -1.578895 0.907688 -16.659014 30.911948 -2.262499 5.754770 -56.398072 26.038236 -2.015687 -4.908504 -42.906821 -18.829609 0.543975 -5.680925 -30.583257 -15.575809 0.524768 1.201612 -13.759106 -5.098332 0.499770 
-205.392562 -626.961892 -36.619376 -42.296143 39.724059 -558.066116 -57.254362 254.314509 3.820018 -455.355831 -91.355831 768.773186 -159.856290 -737.010560 -76.612029 389.262167 -177.981175 -617.235537 -18.395776 -14.102847 -92.146924 -273.260790 -1.886593 -36.668044 -39.449954 -133.482553 -3.696970 -15.132691 -48.146006 -139.486685 -15.006428 -4.455464 -46.732323 -182.894858 -24.365014 6.223600 -1.692837 -68.458219 -19.574380 96.127640 78.469697 70.765840 -0.571625 157.766758 11.426079 -50.818641 6.853994 58.206152 -31.235996 -161.787420 -1.299816 -16.820937 -120.058310 -118.616162 -1.631313 -33.059688 -72.343434 -271.471074 -18.485308 -7.799357 -20.004132 -205.189624 15.110652 -2.283287 -5.322314 -103.522498 74.598255 -2.286961 8.700643 62.762626 50.022957 -3.293388 -12.016988 113.113407 7.511478 46.038567 -38.812213 -5.392103 4.746097 66.566575 -257.190083 -70.721763 -6.721304 -17.236455 -30.927916 212.941690 175.379706 6.255739 -15.252525 146.562902 177.335629 -3.871901 -4.169421 140.279614 137.039486 -3.313131 -3.547750 152.373278 49.227273 -5.689164 -34.005510 152.835170 6.538108 32.438476 -85.319559 170.390725 6.445363 113.768136 -227.654270 192.889807 -15.480257 121.658861 27.242883 396.910927 111.864555 14.689624 3.043159 91.926538 52.494949 -1.159780 -0.674013 22.185032 8.479798 -0.277319 -10.927916 -1.108356 -6.415978 -0.183196 -50.835629 -46.950872 -15.421028 -0.891644 -128.460514 -53.408632 9.296143 13.647383 66.312672 9.957759 39.831956 61.591827 -0.269972 0.400826 -0.231864 0.000000 -0.422406 -9.488981 -3.180441 0.000000 -3.949036 -27.729568 -14.002755 -0.166208 -34.768136 -64.298439 -32.180441 -0.166208 -83.095500 -103.468779 23.885675 0.000000 -79.789715 -16.120294 151.589532 0.000000 -48.269972 96.328283 119.307163 -1.685950 -15.664371 -213.033976 -25.519743 -2.355831 -2.098255 -163.872819 -44.116621 8.990358 -9.949495 -113.467860 -86.343893 16.511478 -60.181818 47.072544 62.921028 20.896235 -64.204775 9.022498 277.208907 1.452709 -61.212580 -44.154729 152.934803 -1.786042 -108.880165 -35.698347 21.907713 -0.293388 
-184.981328 -424.981456 -9.566855 -71.149628 -129.751199 -569.193093 -10.396108 -215.858152 415.477196 -313.872028 5.223931 -159.856290 736.122870 -134.287649 14.608764 7.461228 169.615728 -251.862310 -9.069789 -36.094761 -8.774181 -121.851367 -2.404908 -11.418784 -8.791858 -70.925951 -0.841190 -12.480232 11.202071 -4.943246 5.448220 -4.074457 7.729237 -24.094659 5.053158 -20.672125 82.734746 -30.744516 0.948245 -24.208601 198.009540 -20.133481 -7.174064 4.080425 95.013953 -93.176819 -8.710106 -18.174625 6.507448 -62.134349 -2.338027 -5.208780 -17.438578 -28.414703 -1.654321 -2.827620 41.046296 151.651082 20.769870 0.564381 9.929676 83.693297 -19.540736 -0.177941 11.239720 52.000587 -53.074661 -0.425824 11.913988 -23.986532 -39.339481 34.330757 11.825273 -141.475054 -14.667917 11.530380 9.774793 -108.699010 1.967580 -47.550403 -15.976788 -51.010611 -3.836598 -45.972962 32.629222 -82.453729 -51.113815 9.469493 -1.976992 -69.170901 -100.540149 -0.433578 2.953959 -32.902995 -69.721763 1.166105 22.573538 -7.559535 -28.140853 39.131900 82.039792 -33.688068 -7.027472 41.249617 14.531833 -27.152714 5.385343 -65.956739 -80.989363 -53.533007 2.832160 -51.006760 -7.783900 -225.952097 -40.601750 8.534818 -0.660188 -78.747220 -34.554433 -0.895419 -1.420289 -21.316702 -11.022727 -0.269309 43.706382 -10.347618 7.582288 1.518646 130.119835 -6.455540 24.033185 2.173095 15.961458 -17.052699 -10.363560 -8.772625 -119.395113 -83.659014 -29.853688 -27.697990 1.131619 -2.826676 -0.801015 0.000000 1.629834 -2.167126 -2.291093 0.000000 0.277829 -9.159065 -2.917815 -0.047087 80.403148 -10.351622 20.931129 -0.047087 90.961611 -15.092210 1.698857 0.000000 -3.459800 -74.364937 -81.985843 0.000000 -6.282522 -95.770202 -65.671819 -3.315555 -0.331114 14.415697 0.656336 8.864223 -19.641669 -30.137665 -27.450668 -1.360499 35.058642 -6.941996 6.404551 -11.513596 153.016274 -81.778696 6.478599 -11.075222 93.193016 -54.546041 -104.966687 -1.572595 1.258366 -8.325834 -50.506683 -2.558438 -5.442353 -14.660086 -7.310759 -1.211892 
-132.258953 -182.575987 38.536042 -189.133150 -252.057392 345.848944 99.297291 -551.322084 -506.213958 1943.277548 138.040174 -737.010560 -134.287649 3755.376722 156.127181 47.697429 554.912994 2755.321396 69.496786 305.787190 291.811065 1037.935032 6.432048 122.753903 120.247934 477.368916 9.691919 62.923095 78.691460 209.913453 29.708448 -11.491506 11.613636 140.245868 34.400367 -66.218549 -178.547062 -71.834711 -18.710973 -176.799357 -216.500000 -161.318871 -69.201102 -146.294536 30.929982 -54.247016 -36.886823 -16.589991 90.943067 30.355601 -2.028466 -20.272498 307.457300 75.651515 4.212121 30.352617 79.542929 343.675620 -26.156107 12.349862 18.365243 218.265381 -140.269743 4.934803 -14.718090 83.201791 -304.035124 2.357668 -31.311754 -127.257576 -266.515381 -17.991965 5.168503 -191.022498 -84.084711 -69.318871 -3.558999 -168.506887 -12.879936 -167.803949 169.094123 -261.556015 20.781910 -150.228191 -21.238751 -27.709366 -297.945363 4.345271 -33.797980 -6.588154 -287.906336 5.306244 -16.292700 160.419881 -239.150597 0.939394 -20.086088 318.995409 -94.696970 -19.197199 -14.403581 453.273416 -2.485078 -32.408173 144.087236 341.111800 22.885445 -17.687328 -176.620983 -6.425161 12.035813 -57.757346 -66.015611 -471.188705 -150.154959 -15.111341 -27.118916 -54.461892 -77.398990 -2.900826 -6.474977 -7.280992 -19.376263 -0.899449 -22.534206 12.820478 7.744261 -1.258724 -22.320937 122.660468 34.782140 -0.199265 239.720615 233.191460 0.408402 3.615243 -154.918733 -9.437557 -84.690542 5.125344 -1.800735 -10.211433 -1.806015 0.000000 -0.688705 22.403122 8.387511 0.000000 3.741965 85.689164 57.649219 0.231864 -10.032369 224.109045 92.170340 0.231864 104.663682 360.572314 -63.663453 0.000000 74.759412 145.890496 -222.132461 0.000000 54.936639 -72.098485 -139.685950 1.026860 28.151745 505.935491 78.269743 -4.692149 8.128558 562.218779 218.222681 -25.043388 26.987374 547.826446 295.197429 -23.958448 -11.237374 547.099174 -91.741736 -5.848255 -134.944215 324.873967 -454.532140 -4.397153 -0.532369 102.831497 -245.136823 -7.029614 57.112489 48.865014 -29.824380 -2.911157 
8.414754 44.163963 11.352668 -5.279206 -25.642281 83.696766 21.827467 -32.468524 -26.001990 78.160596 51.887869 -76.612029 14.608764 156.127181 60.474339 -49.513111 43.943271 118.130446 21.246097 -11.807214 19.012703 11.167483 2.088562 -2.151005 -1.608509 -8.014131 -0.153760 -1.304204 14.698296 45.046322 4.951689 -0.026783 10.742985 59.230793 9.372003 -2.869197 1.194317 35.011274 9.442251 -10.256964 -9.762065 -16.177584 3.176360 -12.105908 -5.021069 -34.940720 -1.341547 -7.156413 -1.988164 -27.452658 -0.450311 -5.039384 -2.357566 -10.413580 -0.229517 -1.715080 7.476431 -8.415315 -0.892460 1.471891 2.560453 4.864096 -6.574278 0.722018 0.550913 6.439496 -8.309866 -0.091623 0.708142 7.632997 -6.619427 3.276451 4.952046 -6.982706 -6.153709 1.956535 1.775941 -8.078308 -1.691409 -7.320580 -8.401541 -13.472860 -0.832364 -8.701051 -0.933170 -50.216151 -12.923834 2.560351 0.512346 -8.670697 -16.533772 1.529997 -0.934445 -0.755637 -4.149679 0.424804 2.174625 7.356137 -2.273288 3.298082 16.701255 13.847618 -1.380931 4.308234 2.928681 1.125395 -2.218447 -3.723702 -22.243649 -5.045046 -1.176972 -3.463626 -6.770279 -35.335323 -6.206101 -0.685644 -0.907305 -7.468115 -6.652637 0.032242 -0.296194 -1.971636 -2.232323 -0.032344 5.487144 -1.815835 1.765738 -0.030354 16.504591 6.746863 6.660800 0.631772 -1.779869 6.624783 5.330272 -0.098357 -45.343638 18.991889 7.384910 -1.016427 -0.194062 -0.766299 0.042292 0.000000 -0.129375 0.811295 0.436639 0.000000 0.082134 3.440057 3.086318 -0.032344 9.168707 13.928528 16.451791 -0.032344 4.208958 21.769207 19.150087 0.000000 -14.298235 5.329813 7.186257 0.000000 -40.971840 -10.297980 -7.841037 0.765279 -2.083716 28.035405 5.413223 -1.439292 -4.597541 0.041934 4.696766 -1.989134 11.529742 -3.906030 34.275890 -2.338333 8.109989 -28.897612 48.999133 -1.405265 -23.183604 -38.237476 -18.669217 -0.180390 -18.231966 -34.173707 -24.098000 -0.125446 -9.980971 -20.268289 -7.761555 -0.009183 
-291.275788 -763.158198 -34.440108 -101.548413 -166.182532 -995.645444 -47.798949 -148.177584 41.353382 -417.737323 -71.525202 389.262167 7.461228 47.697429 -49.513111 698.898888 -7.251709 -8.162330 -7.614325 213.960310 -22.119069 -52.069738 1.314764 8.002500 -17.078665 -60.500051 -1.978676 -8.079992 -33.466228 -100.282114 -11.359453 -6.179216 -44.467452 -181.174166 -19.587287 -21.537853 -57.087746 -215.379604 -32.640547 17.133303 30.143659 -67.086828 -29.457555 156.716406 71.322518 -23.336802 -2.226610 117.085093 19.541832 -136.044791 0.948526 -14.873788 -84.984900 -131.790685 -1.822110 -41.409448 -52.412458 -185.842618 -40.138710 -0.758443 -14.140649 -146.310376 -45.436690 -0.307061 -6.800020 -60.677278 -51.925416 -0.107540 5.040098 28.122896 -37.301857 10.562188 -3.477400 33.342822 -16.994082 28.490052 -51.970615 -73.073105 -0.431844 -11.791042 -292.891287 -146.246812 -9.181614 -87.499796 -50.526069 165.883787 53.356545 10.253801 -25.294052 148.873686 56.729466 -1.286348 -1.954035 253.707479 51.152433 -1.709877 9.990511 336.795072 23.108866 11.560096 8.357361 334.064942 3.121824 54.984083 -37.900979 293.908377 -2.594633 94.259922 -341.094888 151.275737 -38.155545 85.631262 -3.239516 178.090756 50.863840 8.453474 -7.261453 56.163810 21.742985 -1.201612 -2.079635 10.161208 2.883838 -0.313029 8.569330 -4.441026 -4.995358 0.641669 27.850781 -17.749464 -14.758545 1.997704 -30.504693 -17.103714 -17.242271 13.274615 3.970717 -69.782675 -34.823538 48.167993 -0.423630 -3.062443 -1.135700 0.000000 -0.080400 -6.339302 -3.698347 0.000000 -1.269258 -11.508366 -10.911387 0.091011 5.318080 -17.869911 -10.102388 0.091011 -0.554892 -23.719773 3.795021 0.000000 -59.988624 -11.164218 31.134374 0.000000 -12.110499 44.782828 64.169830 -3.770840 -9.349097 -21.944700 -4.313590 -0.212631 -8.335527 -8.825834 -8.266656 -2.776553 24.987654 -0.353688 -55.238037 8.423987 8.985410 87.387052 40.438680 21.177839 -74.349658 40.864147 142.639016 -1.870778 -71.158351 -15.687022 83.318284 -2.246505 -69.852719 -12.380777 15.095654 -0.863177 
-18.162381 -47.903607 4.518340 -28.804612 -67.999337 -41.639476 19.565835 -115.177813 -29.609887 141.512218 37.956663 -177.981175 169.615728 554.912994 43.943271 -7.251709 286.839430 331.212784 15.505510 43.749337 82.035889 54.893761 1.340475 13.651719 20.568717 11.422125 -0.791807 4.389935 28.108611 55.703882 11.269564 -0.402127 23.605780 86.860499 14.471023 -9.035558 0.669141 59.390368 7.333971 -24.702785 52.199214 29.666845 0.332160 -10.011555 101.982986 12.128762 1.173987 2.652586 43.725946 25.946715 -0.234670 5.002933 73.202428 25.886083 -0.892817 13.129119 42.999158 112.182864 8.801602 4.547342 11.077212 51.902204 -22.938297 0.466585 4.546628 14.506606 -53.816371 0.279512 3.674166 -55.927609 -40.698781 7.550480 8.652535 -94.586012 -1.772090 0.284129 4.262397 -43.258596 -1.845756 -23.707020 70.594939 -29.333588 0.230691 -15.552138 21.844914 -32.908683 -45.109938 6.934241 -2.864759 -45.590501 -52.487246 0.134221 -2.198526 -19.076497 -47.017447 0.921437 -1.133685 11.513162 -17.810325 4.526808 9.600704 27.548643 1.502678 1.521273 21.536119 17.619350 7.789894 -12.978370 -10.263621 -35.953372 10.522141 -22.254642 -10.432354 -88.614937 -21.165774 1.021197 -4.948781 -25.229670 -12.933782 -0.457810 -1.168478 -14.521988 -4.851010 -0.127079 2.801423 -5.633405 4.169932 -0.145980 14.279614 34.841674 27.565835 -0.567493 32.570375 67.132742 30.572008 -3.787828 -102.038465 -23.364861 1.790328 -14.854046 -0.237221 -3.134298 -0.401770 0.000000 -0.023467 6.441690 1.324151 0.000000 4.391440 25.698245 18.932507 -0.005867 19.447786 73.567876 51.814050 -0.005867 28.850755 102.200107 32.367105 0.000000 -33.676870 12.629400 -33.223982 0.000000 -58.792776 -35.972222 -35.747526 -1.098434 6.482170 109.110626 21.480946 5.112667 11.461994 198.765764 58.466585 0.674549 29.505331 179.405265 96.045710 -4.460081 19.616723 53.014692 19.174906 -1.738369 -57.119401 -22.713677 -108.374758 -0.493368 -41.680160 -39.771503 -67.662432 -1.207249 -14.299459 -19.191154 -15.045531 -0.571855 
-81.475972 -31.779104 33.252576 -111.975258 -167.989848 148.370778 70.291195 -399.616825 -289.319253 863.803387 110.515509 -617.235537 -251.862310 2755.321396 118.130446 -8.162330 331.212784 3084.348536 66.452250 356.954494 379.388736 1492.330017 12.258902 181.315478 160.004897 713.822875 14.967452 89.349148 86.761657 174.792878 38.903020 -7.204010 50.833895 109.806091 45.611213 -36.881135 -90.124324 -108.333997 -1.988879 -113.233548 -188.418631 -235.244159 -60.187736 -91.555862 -7.676717 35.076727 -32.111519 28.954239 125.181716 216.242016 3.841700 17.656209 364.636007 194.096521 7.927048 48.664167 88.218855 234.985512 -31.284104 17.337364 30.500306 33.488981 -159.642690 3.441486 -9.579941 -124.134884 -284.907203 -3.081063 -23.992042 -280.513468 -228.865524 -24.059637 -8.589277 -252.231558 -68.675747 -112.610040 -19.991276 -143.481430 -11.871391 -195.825171 346.841802 -163.692327 12.966075 -143.730895 -67.586522 -3.742781 -283.857719 4.488726 -19.644220 23.747118 -289.136160 3.394552 -14.264106 200.462453 -190.640037 -0.186308 -15.399755 343.641261 -55.601571 -23.468218 -38.498470 451.883889 -4.743189 -53.833639 43.127487 302.085910 -4.586675 -37.210846 52.345883 12.137231 -18.356494 -64.116519 -79.333180 -355.369758 -123.781400 -10.669115 -19.436231 -12.186665 -59.667789 -1.350679 -3.708958 18.290072 -8.338384 -0.393225 -18.883379 20.018876 -2.447301 -0.902255 -47.372819 66.743649 -20.173452 -0.541322 115.755025 160.470972 -60.180747 7.447556 127.784920 70.738445 -108.411234 21.756760 -2.177533 -4.891644 -0.656974 0.000000 -1.572901 13.352158 3.687328 0.000000 1.579839 42.274768 17.423324 -0.352821 -16.601724 118.350015 -4.459137 -0.352821 81.454137 236.936333 -137.717682 0.000000 73.685695 170.638353 -188.816957 0.000000 190.862871 68.121212 -54.806142 3.321294 25.505816 306.377002 32.047291 -1.245995 -5.202224 391.633303 110.633405 -15.183349 -23.313692 382.620141 138.929701 -24.638149 1.301908 431.300275 -119.606010 -12.366238 -24.841547 432.796500 -336.420824 -2.746965 59.992552 215.448424 -149.918478 -3.614427 61.349148 110.688093 12.735231 -1.678604 
0.752066 2.357668 2.694674 -3.391185 -8.956841 7.360422 4.699265 -10.258035 -13.603306 21.019284 12.170799 -18.395776 -9.069789 69.496786 21.246097 -7.614325 15.505510 66.452250 16.259871 1.269972 11.461433 8.401745 2.223140 -0.186410 -1.412305 -5.862718 -0.131313 -0.686410 1.149679 6.997245 0.657025 -0.162994 2.287879 17.564279 2.530762 -0.944904 -4.577135 12.762167 2.747016 -2.389348 -5.434343 -1.224977 1.210744 -1.748852 -1.881084 -11.255739 1.508264 -1.748852 -1.773186 -16.668503 0.259871 -2.706152 -4.019284 -10.267677 -0.131313 -2.847107 -0.722222 -13.479339 -2.124426 0.732782 -0.796602 -5.473829 -2.750689 0.284665 -0.781451 -0.490817 -4.978880 -0.039027 -0.822773 4.863636 -4.344353 -0.871901 -0.123967 6.485767 -2.414601 -1.169421 -2.352158 3.487603 -0.954086 -1.968320 -12.012397 -0.688705 -0.579431 -3.746097 -1.550964 4.011019 -0.675390 1.052801 -1.237374 9.213039 0.995868 0.295684 -0.605142 11.568411 3.160239 0.156566 -0.662534 19.385675 0.242424 -1.005969 -0.897153 25.351240 -0.455464 -0.910468 -2.080349 18.351240 -0.326905 3.109275 -9.312213 12.895317 -1.371901 4.980716 -1.390725 12.911846 2.880165 -0.101928 -0.344353 2.187787 0.651515 -0.037649 -0.091827 0.158861 -0.323232 -0.011938 -0.838843 -0.879706 -0.416896 -0.029844 -0.187787 2.015611 -0.290634 -0.059688 -8.132691 3.649679 2.093205 0.264004 -1.836547 14.931589 4.086318 2.738751 -0.071625 -0.194215 0.023416 0.000000 -0.047750 0.572084 0.257117 0.000000 0.200184 1.448577 0.369605 -0.011938 -0.614325 5.527089 2.408632 -0.011938 -0.683655 10.955923 4.967401 0.000000 -11.987603 4.819559 5.884298 0.000000 -6.808999 7.787879 4.503673 0.647842 0.071625 12.893480 2.275941 -0.248393 -3.091827 -5.801653 -0.104224 -0.734160 3.474747 -4.593205 8.254362 -0.247934 -1.601010 -0.987144 21.154270 1.056474 -14.701102 -4.978880 -1.285124 0.663912 -12.169881 -4.123508 -3.557392 -0.113407 -3.504591 -2.252066 1.707530 -0.053719 
