2390.545046 1063.319712 46.114172 108.258392 198.681614 474.398990 -0.604326 61.871952 -171.019335 -262.239465 -25.672125 -135.527599 -115.754107 -702.611213 -15.805326 -326.364708 -81.923681 -702.451587 -7.454341 -245.400061 -89.760535 -415.770738 -2.664167 -121.014845 -70.771860 -183.283287 1.184369 -72.231150 1446.934905 38.970156 -4.675390 4.880012 4.119988 12.516529 -74.093766 2.045353 -107.563412 174.411029 -38.030456 10.604326 -33.268748 278.303438 -11.469034 -14.870421 1.525610 120.786961 -9.524589 -31.973778 -21.843434 5.210387 -5.437659 -8.677482 -35.349148 -27.431436 -4.227375 -27.663504 836.040149 209.550352 9.330527 1.371085 -236.586573 241.473472 22.828946 -24.995613 -136.559127 325.469289 120.839608 -15.836802 -65.596215 407.061575 48.433272 -12.539180 15.898837 431.391695 -5.250332 30.022651 51.106724 446.491940 -6.786501 139.704724 247.509744 477.698551 18.704520 159.523875 347.162738 64.158249 55.630701 -6.392664 -144.772931 33.910060 111.171972 -41.874145 -75.819967 -243.566116 9.916743 -21.104071 -44.179522 -489.351852 -76.667789 -41.486481 0.666565 -563.566167 -28.831242 -59.462708 -3.061269 -402.557035 -16.158249 -70.314560 703.157076 -59.440363 39.874248 -14.600959 80.146873 -62.040914 19.923885 -40.360320 -10.049791 -176.124834 -41.171105 -30.254209 -15.394807 -188.484491 -79.628762 -8.140853 -13.881951 -121.338741 -44.513621 -9.877053 -28.404959 -115.291399 -18.868432 -24.460718 -59.065912 -115.726354 -3.440006 -55.451434 231.125344 14.012244 148.901490 -126.342006 -38.583410 -170.017192 -9.108764 -23.997806 0.557902 -79.290123 -4.372156 -38.643302 3.499388 -93.650954 -11.440516 -23.527905 -2.203194 -69.882971 -32.363126 -5.704265 -3.088307 -31.267065 -20.023008 0.867411 39.717274 92.532395 101.279869 4.000306 -169.560096 178.647332 32.987246 8.567493 -20.002245 -516.350525 -15.382155 -67.783287 21.658045 -97.828691 -36.210030 -5.718192 -27.317774 -73.547495 -57.412203 -16.982502 84.180084 -24.458117 -16.015203 -21.303745 203.324508 -11.507652 94.520406 -11.300429 69.951842 -113.971431 32.040659 0.504387 -149.294205 -177.403122 -85.273288 0.069789 
1063.319712 5692.941230 182.372360 415.239363 -84.145699 3637.257576 85.586930 476.119069 -309.577747 1701.395470 25.440924 -54.917968 -202.775635 318.679676 32.562902 -491.648760 -35.003367 -452.554025 20.721457 -392.865932 -106.360116 -618.483471 0.830272 -219.705693 -166.360575 -472.736915 2.280839 -138.970309 484.673401 669.403581 46.003673 38.737833 63.231864 332.230946 -30.125650 53.285736 -12.134680 76.611417 -19.573921 27.817110 -37.421488 34.796449 -19.970921 -47.763698 -32.694521 -251.302112 -34.799204 -89.954392 -81.676768 -291.056627 -16.195898 -54.429140 -76.720998 -175.060147 -12.305173 -60.893174 656.201714 200.769513 -68.957912 45.646312 39.974901 -105.612642 -119.667891 3.167891 -114.080043 -160.518672 -71.282369 -2.603153 -172.707377 -246.368534 -62.537649 -44.423783 -31.962810 -174.956229 -33.302418 -49.862718 -15.198194 89.542853 -10.107438 -71.847260 -22.164065 79.790787 -5.442455 -17.983471 216.700337 86.626263 -169.341139 45.097490 41.419957 290.202173 -173.888583 24.663147 -73.320324 323.747934 -99.430211 19.122590 -99.941690 230.247475 -21.624579 -57.534282 -25.385981 193.777166 43.397459 -63.560300 27.890113 232.181053 -10.525253 -115.014845 47.328895 13.989746 22.758188 -66.195898 -135.405571 -158.182430 -123.962045 -13.097031 -12.091062 252.939088 -108.805326 -21.449495 -42.114172 288.260024 -18.658555 1.471380 -27.440159 280.755127 30.592746 2.091980 -59.539486 216.112948 34.793235 -2.670034 33.343128 169.054637 27.047750 47.115856 -118.357668 30.524793 23.198959 53.726967 -134.670799 -538.921641 -32.723447 -50.868075 4.599786 -142.026936 -22.966789 -84.196204 -0.457300 -164.069024 -7.488215 -50.474901 9.313743 -98.400979 15.440006 -11.951178 -3.253444 57.002755 30.910774 2.043924 -41.457453 154.761096 19.442914 18.531680 -129.342822 120.316192 10.333180 73.679982 -3.920875 -943.825681 -37.469697 -112.615702 57.152280 -286.033823 -63.158096 9.256351 49.543924 -41.143863 60.010407 -47.991123 52.599939 285.374503 278.685797 -26.701867 0.592440 108.399908 142.059841 -15.561524 -79.834558 102.423171 -88.247169 -3.226048 -120.961126 13.494031 -25.865320 -0.231405 
46.114172 182.372360 28.216942 10.496403 6.105066 128.297980 14.105678 5.662381 -10.882767 71.230334 2.331344 -14.083410 -12.551270 29.925008 4.080349 -30.060147 9.672559 -15.224212 2.763621 -19.140955 1.163606 -37.873508 -0.389960 -10.499770 -5.516605 -22.685950 0.046526 -5.862335 13.026094 19.923324 21.272498 -2.312213 6.865243 26.676538 12.945669 1.071472 4.781145 13.255663 3.778926 0.053413 -0.454086 4.436333 1.363713 -6.146082 -0.550658 -17.157254 0.497551 -7.547674 -2.808081 -19.183961 0.219314 -3.782522 -3.222299 -14.120294 0.033594 -2.983318 11.236762 8.912764 0.063973 -0.985155 -12.105755 12.254515 -4.103459 0.249923 0.791934 9.687404 -3.653122 1.341674 -4.740511 0.740205 -3.418733 -1.807163 -0.503903 -0.690236 0.380012 -1.758264 0.386440 11.287726 0.403811 -3.863713 1.962274 16.056321 -0.357132 -0.451791 -19.228114 6.219697 -11.124197 -0.711586 -5.447964 10.361417 -15.809994 0.462657 4.061371 6.513545 -16.148301 3.838613 -2.236915 -4.633838 -4.428451 0.668809 0.788644 -7.152740 3.373202 -2.815044 1.406489 6.147459 1.545455 -10.370600 5.521426 8.570401 6.114861 -8.702403 -17.874273 -22.162841 -6.961968 -3.148607 1.085552 -3.323845 -9.474288 -1.348485 0.920646 6.621059 -5.418121 1.162458 0.314126 14.207224 1.632461 2.658708 -0.970386 17.180441 6.359198 1.202862 -0.081420 20.677456 12.658632 1.337772 -37.419881 13.049587 15.774181 -6.677380 -6.500689 -26.408938 -1.181742 -3.034129 1.444521 -2.018519 -0.085093 -2.990894 1.196511 2.543771 4.339226 -1.836165 1.253750 14.554102 10.981022 0.110269 1.020891 24.578742 12.026094 1.191384 1.814891 12.529767 3.047444 2.149219 -33.448271 -2.794383 -14.108892 3.976125 -8.849327 -22.848332 4.121212 -4.774334 0.784359 2.275788 9.532293 -1.967095 2.241889 -17.363483 17.922329 -3.532752 3.096342 -33.561601 11.810989 0.454852 4.096495 -28.061295 -9.208601 0.417355 1.689470 -18.426385 -19.857974 -0.123814 -7.475283 -17.463958 -14.106902 0.009412 
108.258392 415.239363 10.496403 81.632206 -6.764743 300.439394 0.433400 89.882359 -40.739108 93.281961 -2.509285 23.868330 -26.774615 -106.605857 -1.505510 -46.851393 -22.609708 -139.566524 -2.068590 -52.366544 -17.226405 -77.557009 0.429344 -25.265764 -16.095169 -50.140496 1.040353 -14.075579 50.652918 53.145546 -6.565886 18.931895 -15.656642 -1.086088 -12.246812 12.298184 -15.832772 22.508749 -6.365856 12.922661 -5.033211 20.004234 -0.417993 3.117105 -2.500714 -38.142103 -2.657892 -11.565070 -8.570707 -46.925824 -1.437812 -8.094531 -9.688068 -30.844200 -1.012422 -6.526528 108.323742 10.343740 -12.004489 8.409346 -16.912713 -33.416641 -13.965973 -1.624936 -24.535787 -25.946153 -4.828206 -2.268314 -18.587874 -23.373151 -4.755433 -4.042853 -3.522421 -18.732884 -3.802367 -3.229645 -2.183145 -1.690950 -0.040634 -6.795812 -2.057367 2.158453 -0.568131 -1.628558 76.677048 4.605219 -13.294230 7.489873 -5.605652 30.222809 -3.922227 -2.448679 -11.799459 22.589302 -0.742577 -0.743878 -9.166208 14.175926 -0.005331 -5.496735 -2.903836 12.758596 3.563999 -0.668019 -1.862310 4.550939 -0.218855 -0.176436 -8.137384 -17.705132 -0.998495 -4.234951 15.764335 24.748495 -4.456356 2.458014 -1.223651 48.547648 0.438170 -1.617845 -3.132104 38.928579 1.712070 -0.316779 -1.551755 29.980512 3.262091 0.334915 -6.020891 19.163606 0.529793 0.636083 1.626773 6.657254 -0.839685 12.372564 -16.929982 -6.676002 -6.184292 15.007244 -11.669039 -47.788848 -0.689037 -2.125599 -2.274895 -20.439955 1.370574 -8.559356 -0.852311 -17.940516 -1.783109 -5.012371 -1.669370 -19.559815 -4.541424 -1.159652 -4.406719 -22.720921 -4.279742 0.020228 3.911412 -15.067315 0.581675 1.903428 16.887869 1.531094 -0.971967 8.698347 -26.316218 -110.425212 -4.680135 -12.986455 -8.725181 -95.883022 -10.014284 -8.119172 -9.200311 -73.253495 -6.632665 -7.701663 -5.711177 -1.545888 18.091011 -1.847056 -3.399015 25.684496 27.277370 -1.919345 -1.065299 32.968115 18.140904 -0.650189 17.661642 24.591598 15.685466 -0.076446 
198.681614 -84.145699 6.105066 -6.764743 530.563029 313.303030 15.771069 61.158198 115.053464 272.072187 3.600806 106.695796 -115.735639 -63.530354 0.536731 -51.755586 -42.221942 -86.948016 1.229900 -60.301041 -25.688348 -34.185874 -3.056831 -21.663988 -11.787445 48.906336 1.890164 -18.378201 99.368967 -39.108356 13.632002 -15.812519 221.587772 9.738062 -0.243853 4.727222 38.642536 7.351979 -18.717248 24.600143 -13.285889 60.166871 -7.928961 25.092567 4.901694 34.885904 -6.769870 12.000485 -16.363636 9.590042 -0.175900 11.034996 -24.641746 -6.950566 -1.760152 -10.230742 103.845832 39.987297 13.177890 7.635037 55.641057 -11.442557 -10.224416 11.779971 -28.241685 -35.820911 -5.693832 0.036144 -48.298107 -63.757091 0.810070 -5.519590 -3.873814 -43.081930 -6.683247 0.993649 4.952352 -31.650495 -2.337695 9.556907 35.823054 -15.905775 -3.114912 1.617998 116.523288 -56.857744 0.012320 14.142052 9.888787 -3.949010 6.197097 25.999796 -22.094327 10.727043 22.902816 12.506045 -30.112489 -44.554714 -7.952581 -13.909907 4.161565 -79.975003 -4.413096 -16.531859 5.507244 -102.919932 -1.281145 3.027064 24.687124 -87.740384 -5.027523 -30.575732 55.628992 129.358331 8.287700 -7.026120 13.384195 62.748189 12.899296 1.754209 -1.828716 72.714825 -7.731048 6.576038 -12.297036 80.881135 -8.824992 2.263494 -8.220156 69.990664 -5.532701 -4.417228 -7.366289 40.149449 -14.654346 9.791960 4.426309 28.485920 -15.104811 20.111825 15.564356 135.903020 -6.996301 -8.496378 5.246123 59.559484 -3.627997 -14.202964 -4.985155 -3.860831 -10.523288 -13.104862 -7.664728 -58.469263 -26.429038 -3.675365 -8.130012 -71.678987 -44.935746 0.676130 14.467223 -40.246429 -21.163096 8.298133 115.384093 -8.903607 -6.412943 21.904959 -10.493547 -119.990919 2.468013 -3.358815 12.513366 -45.949699 -15.491378 31.196460 -12.840705 7.372717 -76.269233 24.713295 -32.609453 47.157305 -71.361137 7.565299 25.510739 71.988598 -12.111009 -2.647689 66.632486 71.994082 43.790532 -0.174574 83.226635 76.220156 61.918911 0.926309 
474.398990 3637.257576 128.297980 300.439394 313.303030 5185.636364 111.959596 742.262626 -514.202020 3542.939394 44.060606 350.797980 -543.267677 653.676768 23.358586 -505.626263 -278.727273 -701.191919 10.095960 -520.095960 -188.646465 -979.828283 -22.661616 -289.530303 -234.292929 -664.095960 -9.035354 -173.525253 -129.787879 552.090909 99.863636 -9.520202 -110.439394 286.242424 24.994949 16.232323 -94.333333 166.843434 -7.015152 49.333333 -122.151515 103.727273 -27.808081 3.515152 -72.141414 -263.813131 -50.272727 -103.015152 -107.601010 -436.272727 -26.954545 -89.808081 -120.318182 -327.540404 -21.262626 -83.757576 685.176768 441.671717 5.196970 101.429293 -105.853535 -103.883838 -110.676768 18.565657 -214.257576 -319.484848 -121.015152 -12.323232 -192.676768 -425.212121 -77.560606 -40.580808 -53.651515 -311.570707 -13.414141 -52.030303 -18.611111 -105.030303 -0.297980 -82.484848 -99.641414 -110.717172 -11.686869 -65.560606 400.914141 119.520202 -186.303030 87.212121 44.383838 411.656566 -184.005051 64.500000 -122.207071 396.550505 -72.868687 27.272727 -108.691919 254.272727 49.444444 -57.792929 -24.287879 209.904040 84.030303 -62.454545 61.035354 216.550505 10.525253 -73.777778 -210.090909 -85.757576 11.661616 8.732323 -53.722222 -85.242424 -121.207071 -7.383838 -35.757576 334.520202 -107.419192 -4.828283 -42.691919 410.813131 14.661616 6.893939 -32.303030 331.464646 43.984848 20.449495 -61.106061 226.722222 44.565657 8.787879 -16.136364 217.919192 55.257576 57.626263 -306.146465 109.661616 34.686869 146.434343 -68.060606 -326.929293 -38.727273 -29.898990 3.883838 -83.313131 -18.651515 -76.292929 0.242424 -120.348485 -2.732323 -50.707071 -4.601010 -65.176768 11.797980 -5.696970 -28.000000 40.934343 26.237374 18.242424 -85.141414 68.328283 16.994949 39.080808 -78.550505 95.515152 0.702020 98.222222 -107.570707 -730.787879 12.762626 -104.292929 38.373737 -138.545455 -7.813131 -21.257576 13.631313 -57.904040 9.530303 -81.974747 -10.545455 -54.848485 199.510101 -23.752525 3.590909 -47.570707 63.883838 -14.398990 4.368687 90.757576 -53.944444 2.363636 26.303030 117.050505 74.803030 1.904040 
-0.604326 85.586930 14.105678 0.433400 15.771069 111.959596 30.432022 6.849760 0.727375 84.292980 16.885573 -5.896592 -10.949087 20.002959 6.005969 -32.413376 0.562009 -14.272676 4.698628 -19.307316 0.924191 -29.534971 -0.027038 -8.536654 -7.643837 -24.587695 -0.316396 -7.647664 -2.437991 30.708907 25.225207 -3.676921 1.573385 24.937328 22.719212 -1.436435 -7.428732 7.022064 3.456459 -1.702224 -8.277013 -10.148199 -1.597516 -5.906770 -4.101265 -19.359734 -1.367718 -5.000332 -3.767677 -17.106265 -0.580604 -2.090399 -4.781272 -16.038874 -0.595526 -3.324049 26.143761 26.595347 7.965208 6.652689 -12.479288 -5.624630 -3.615192 1.857617 -13.803005 -9.450286 -5.633991 -1.644348 -8.626441 -8.449827 -1.686103 -2.510254 -1.008188 3.479237 2.153556 -2.487680 -0.256606 10.506479 1.043388 -2.535481 -2.158836 7.403632 -0.236634 0.216713 12.616442 17.989057 -4.772651 4.551398 -4.175900 26.585527 -7.893761 3.521937 -0.907816 19.586547 -4.050199 -0.065274 -2.303949 3.665825 9.024972 -4.245587 0.800939 9.216815 7.275202 -6.599148 -1.036323 22.626237 1.346801 -6.284333 7.475105 25.866493 3.911973 7.758622 -11.322442 -1.414499 -1.699240 -2.995154 1.873227 12.933323 -6.118763 0.462963 1.355959 12.045199 -0.493164 0.481201 -0.057265 4.146720 3.746021 -0.080604 -2.046602 -4.539333 4.048158 -2.525533 -10.942098 7.581956 7.995026 -5.418529 -3.677916 12.958066 18.490639 -3.293950 -5.644245 -15.991327 -1.383711 -3.573717 0.520330 -1.419753 -0.409499 -2.892230 0.669268 -0.097082 3.141134 -1.890241 0.104734 8.154142 7.060963 0.027217 -1.022421 15.646388 6.260662 0.746582 -2.535787 10.169141 3.222171 -0.286654 -19.979441 2.522829 1.054204 -1.866391 -13.230359 -17.491327 7.021886 -7.352847 -3.431793 -27.558872 11.848434 -5.455260 4.223013 -49.637792 7.426104 -2.780175 4.436665 -34.969671 7.163096 0.030813 2.990792 -17.442225 0.332466 0.161922 7.002653 -13.070911 -9.169013 -0.324202 -11.884731 -17.569559 -8.668070 -0.026400 
61.871952 476.119069 5.662381 89.882359 61.158198 742.262626 6.849760 286.044587 -99.027140 447.400571 7.144679 232.362208 -129.739873 -211.817366 -1.067493 -88.102541 -94.408530 -392.266095 -5.749107 -137.304561 -61.405622 -273.228038 -4.903836 -67.941843 -51.198857 -144.193297 -1.737578 -32.943730 10.636925 104.228650 4.160698 21.742730 -92.656872 4.933425 -14.951893 15.526069 -53.447250 63.858229 -6.811907 43.130038 -22.466177 74.582594 1.418937 39.114886 -13.002857 -51.118916 -7.656821 -11.603714 -22.378788 -101.627538 -5.549230 -18.731660 -26.747220 -76.992960 -4.696153 -16.313182 177.350525 80.425467 3.598204 33.299000 -75.873074 -26.595858 -17.894194 -1.358331 -76.107795 -53.845220 -10.913835 -7.204571 -44.194929 -55.644118 -5.986379 -6.171411 -10.907867 -28.855780 -8.759973 -3.645852 -4.798235 -1.576931 -0.061524 -10.365065 -9.517345 -9.583359 -1.833129 -6.196051 149.940516 19.052189 -14.550658 23.752423 -20.220590 96.128609 0.245434 4.700235 -37.516019 58.124885 15.741812 0.155800 -25.058770 39.966330 5.842312 -15.880880 -8.978982 39.918223 2.170136 -11.106418 -16.651260 46.587593 0.139731 -11.478472 -23.569738 12.745128 1.894909 29.130905 10.552291 52.221253 -6.966840 9.513876 -12.126926 104.281502 -2.939241 -0.375421 -10.114274 80.537547 1.888685 1.121773 -7.585808 59.336190 -0.946587 -2.549230 -18.871442 28.391797 1.997959 -3.940516 -49.260586 25.290634 17.535200 8.379145 -41.331038 33.508111 29.995154 39.008775 -30.059994 -71.978625 -6.993521 -1.754923 -6.033925 -39.754770 -6.265177 -13.782879 -2.116315 -30.782267 -6.687991 -8.968677 -4.950209 -17.582696 -0.069738 -1.764871 -24.303642 -3.338231 27.093154 0.585961 -52.920008 15.245893 55.685287 5.174319 -61.726303 53.073870 59.995970 15.449954 -50.997194 -220.221049 -7.154882 -20.036731 -6.148199 -159.143200 -8.653097 -16.607999 15.476533 -98.705897 10.832976 -15.867258 -1.435619 8.523518 91.631721 -3.600347 -39.757678 -10.691307 90.129681 -2.874350 -40.852107 -8.602285 28.139374 -1.292674 -40.201918 -5.729568 25.943883 0.406336 
-171.019335 -309.577747 -10.882767 -40.739108 115.053464 -514.202020 0.727375 -99.027140 411.075809 -316.305530 7.510968 29.256249 164.914345 -36.028824 -4.812672 138.028160 -9.071268 79.694470 -9.977706 39.144322 -17.371238 116.185797 -6.624630 3.025865 -15.393888 74.327365 -2.607693 -14.610448 -16.576319 -16.504132 -6.184114 3.840833 103.583410 23.280533 21.349505 -1.266197 89.942200 -11.780635 3.524946 9.671615 33.376645 -12.117029 -12.209111 27.868585 9.825630 64.563820 -6.082849 30.735945 6.969697 50.398888 -5.080706 13.828538 -19.194929 -7.029538 -6.781349 -10.101418 -74.049332 -54.702326 -5.769921 5.048566 98.747730 -18.246659 9.664626 10.012142 23.294205 -9.888022 -7.669268 3.621008 -42.013978 -24.274156 -12.916284 -2.275329 -8.666973 -20.356341 -5.211101 2.636211 -5.486889 -70.580094 0.987603 4.574431 -26.138761 -106.666871 -3.341802 -18.376492 -13.965769 -35.572391 18.034129 -6.202836 65.851444 -30.102439 8.766503 15.687736 4.336496 16.635445 -7.843281 8.630242 -22.237833 40.649832 7.430415 -17.334915 -0.776298 58.037700 0.037853 -2.346291 -6.750485 30.523977 0.127946 38.879298 -97.032650 -0.448067 -7.285175 15.698755 -2.849352 -13.235027 10.967299 -8.904142 17.817927 11.812621 11.819406 8.572391 8.843383 58.689266 19.286246 5.671156 -0.176360 58.608713 15.568717 -6.429191 0.114325 34.583869 -2.874911 -11.503928 8.587032 17.698806 -20.011325 4.209928 18.644628 18.645699 -36.705438 53.438884 3.570554 38.029589 -2.296653 -3.822212 -8.670391 46.158810 5.807877 -13.353943 -3.087083 31.428732 4.031425 -10.037292 -4.859249 -16.641363 -14.547801 -3.053311 -5.757423 -34.862412 -38.739618 -2.797164 9.235894 -33.250026 -22.931844 -2.620600 117.199674 -43.504999 13.886950 6.503673 -10.371493 29.292215 -7.956229 5.029385 3.678043 4.288746 -4.128813 14.661259 -19.990766 19.893225 -42.826089 13.127589 -16.585961 55.445720 -57.027038 3.000255 -21.303847 93.631160 -3.013060 5.429446 -5.574431 85.772625 41.796806 -1.654525 50.596776 63.001837 71.540965 0.321396 
-262.239465 1701.395470 71.230334 93.281961 272.072187 3542.939394 84.292980 447.400571 -316.305530 4443.349760 68.083767 469.049842 -676.065555 2314.382053 38.038108 -211.283900 -405.684624 253.693195 15.069228 -461.819253 -209.546730 -628.417202 -29.287063 -324.009795 -291.088358 -653.828742 -15.586675 -209.689062 -108.684624 550.177227 127.420569 8.688093 -155.607285 243.016529 77.909601 -6.107846 -171.193042 -6.945873 -4.974901 -12.919243 -173.652586 -124.103969 -44.394960 -32.399041 -124.718498 -306.566575 -75.536374 -109.121926 -113.929293 -419.207122 -43.909040 -103.507448 -166.862616 -449.668809 -34.153301 -119.081012 846.437455 460.242271 70.145342 74.089940 -21.007448 -69.868279 -77.940414 13.425263 -326.244312 -274.587950 -120.862412 -23.782930 -255.870625 -320.207785 -59.819253 -46.433119 -70.974901 -69.221100 9.646975 -51.987450 -25.288899 82.566014 2.440771 -60.702683 -123.094633 -106.156668 -16.837568 -45.844812 720.171156 327.648148 -62.773339 83.933935 24.435823 480.438680 -20.604122 28.063565 -184.069126 543.848026 68.679369 -14.301041 -150.644169 437.567340 134.217733 -104.493215 -57.718957 454.172891 103.241149 -121.309509 74.697990 523.208958 19.493266 -43.383583 -33.561779 270.803745 10.281655 143.048873 162.360677 371.415315 -9.493623 16.363585 -71.154168 434.120957 40.748087 -24.900673 -54.739924 397.518876 58.034537 -22.230079 -43.358382 188.844761 42.612642 -20.939343 -90.192837 18.890419 41.815070 -66.726712 17.836445 76.016070 78.746863 -81.407662 69.610193 20.032446 98.223038 77.312876 -86.184420 -316.894297 -26.145801 -47.226763 -24.625599 -105.251403 -23.515254 -91.631517 -7.187481 -133.129068 -9.832772 -58.324202 -5.442251 -77.260076 25.241251 -9.726150 -54.956994 48.283440 66.387767 6.667075 -22.816396 75.645189 63.559331 3.454852 -115.915315 85.573258 77.387920 6.794766 -297.367565 -1065.141771 6.486532 -179.151974 -12.850372 -435.153607 15.241149 -88.689572 58.986940 -243.596317 48.670289 -107.438731 45.888838 -371.001888 209.319814 -40.719569 -50.611519 -325.931895 87.892460 -18.335782 95.061269 -113.181869 -20.775839 -2.988879 -16.595551 -43.903122 -3.285073 1.408173 
-25.672125 25.440924 2.331344 -2.509285 3.600806 44.060606 16.885573 7.144679 7.510968 68.083767 36.292521 0.634017 -6.865218 9.504948 17.224977 -29.895011 -10.176207 -31.845526 3.050709 -22.733395 -4.427201 -39.508111 -0.936894 -10.934037 -12.009234 -36.288338 -0.704520 -8.675594 -13.666105 19.621671 7.289256 0.167891 -17.243649 2.814509 13.769870 -2.156668 -7.260382 7.966585 9.883685 -1.804765 -6.263698 -7.252117 1.924906 -3.936078 -6.060249 -13.394858 -1.504387 -4.216202 -5.353535 -12.592644 -1.720488 -1.637078 -5.738037 -14.739516 -1.207173 -3.006938 30.085604 34.878635 8.305275 8.931691 -21.238088 -9.066932 1.450158 -0.808744 -19.836904 -10.571115 2.102234 -3.508520 -11.404295 -6.392970 8.574686 -3.488675 -1.601163 19.189675 5.941588 0.300429 -0.549842 20.547495 1.486226 6.962300 2.075400 9.122794 -0.361137 5.720845 34.824355 17.582492 7.721610 7.339659 -3.520406 21.319151 12.747730 2.383430 -6.830068 8.943985 16.593511 -3.210132 -5.659320 -0.498316 19.695847 -6.708703 -1.995052 -0.354046 9.512193 -7.164728 5.130650 13.422763 1.594276 0.397561 23.631823 13.605091 0.369197 14.969748 5.475156 12.847975 6.550148 -1.809815 4.243138 17.647893 6.293541 2.760943 -1.258443 2.161973 8.962147 -0.656004 -2.341547 -13.343791 4.223753 -2.079074 -3.980716 -24.493419 0.853790 -5.102132 -2.939649 -16.953627 4.044842 -10.067595 19.281910 -2.780686 14.199469 -2.377359 -4.745026 -20.764667 -0.901694 -4.558412 0.482145 -4.749719 -0.129732 -4.047342 0.716560 -5.746914 -0.142536 -2.351138 -0.299153 -8.489032 0.207581 -0.633558 -0.830732 -4.443832 4.739618 -0.652791 1.717274 6.688960 11.032395 -1.838078 -19.999490 6.985716 8.876135 -4.503214 -20.997194 -81.699010 -0.069024 -11.217631 -8.650036 -85.798388 -2.967605 -11.551525 -3.933935 -82.663657 5.355474 -5.361290 2.811397 -49.680339 27.217121 -2.056270 9.829558 -37.351087 27.545659 -1.068105 5.648811 -21.511836 2.959851 -0.480461 -17.218447 -24.382920 -11.495511 -0.127181 
-135.527599 -54.917968 -14.083410 23.868330 106.695796 350.797980 -5.896592 232.362208 29.256249 469.049842 0.634017 552.276911 -132.752780 -178.553617 2.154729 228.575911 -159.611672 -555.455209 -7.210948 -129.186716 -123.378125 -508.007499 -11.466687 -119.323998 -127.167993 -409.996327 -5.997959 -80.476839 54.585297 138.733701 22.120294 29.153505 -101.749464 -22.152433 -4.895215 13.077696 -99.643659 9.867207 -9.138506 54.240027 -34.782675 66.790225 -11.462096 83.962249 -16.097694 -16.876492 -14.204520 18.809866 -29.939394 -148.017549 -12.841037 -22.976329 -58.972248 -186.772421 -11.871799 -34.716662 305.131109 76.326140 32.992705 37.191817 -44.531885 -10.430313 2.224773 6.628762 -139.932150 -27.204367 -4.048515 -19.090654 -109.798184 -15.654780 -5.242271 -16.649526 -22.845577 47.966891 -8.577033 -2.112182 -10.578257 49.688501 0.519284 6.771860 -29.008366 -21.742169 -2.688909 6.425161 303.978676 36.912458 24.940924 40.667687 -1.834507 145.097745 77.288083 12.346138 -76.395368 121.599633 90.405112 -19.199418 -56.619376 124.255892 33.152637 -48.499286 -22.467758 142.726865 -2.044791 -36.981277 -33.659116 155.088715 -0.872054 16.587746 4.490307 141.735588 1.177176 120.231354 85.254872 156.433935 37.567391 23.285481 -17.432762 140.902153 60.503520 -0.927609 -19.074431 82.710387 40.204061 -6.601571 -17.657076 22.577492 -3.554331 -19.053158 -41.730028 -31.205846 -3.984644 -32.312009 -93.980002 -36.103306 20.779308 -19.453066 81.047750 37.009795 60.134323 62.321345 -43.692991 -53.511733 0.960463 -17.683094 -22.175900 -50.144220 1.646720 -30.049995 -7.543924 -48.647026 -5.771605 -20.616264 -12.901949 -37.046781 -5.322824 -5.649270 -54.463575 -26.233854 31.714927 -3.713142 -90.810019 9.308744 106.273390 -1.930058 -95.615753 93.872411 172.146363 1.359045 -134.285634 -459.097592 -1.703704 -42.733701 8.754719 -334.068003 -9.241761 -29.829099 30.229619 -211.299612 0.998521 -19.352668 -1.881186 -85.977604 96.849454 -0.648046 -87.024232 -72.692991 176.693093 1.950566 -65.968830 -80.598357 133.959800 -2.851036 -123.319202 -57.098255 56.732884 0.517447 
-115.754107 -202.775635 -12.551270 -26.774615 -115.735639 -543.267677 -10.949087 -129.739873 164.914345 -676.065555 -6.865218 -132.752780 515.788695 -285.332466 -3.917355 66.279308 170.699776 -120.914039 -8.259310 85.218702 -8.116264 1.005816 -5.291450 20.861035 -29.550301 8.041781 -1.688348 -13.194317 39.411897 -55.905418 -37.766758 9.221916 63.505357 -42.155647 -0.596929 -9.771860 63.496072 -18.157892 25.928069 -12.904449 81.233854 -28.685287 7.956484 6.777370 55.746965 64.204775 -1.543516 35.570044 24.232323 80.610703 -1.635956 16.006071 4.316243 33.498010 1.935211 0.043822 -156.389246 -127.183043 -33.322110 -6.381492 65.682838 12.068922 9.229211 9.568768 71.045506 79.377206 25.019896 16.201204 29.029946 70.413478 13.385369 11.908785 1.968473 49.109989 3.281859 7.256964 0.234262 -18.694113 1.707989 10.459341 -12.575247 -46.723038 1.213601 -3.930211 -171.337823 -106.446128 -10.287726 -32.311346 5.794664 -40.581471 -10.959239 8.468115 41.022753 -9.958219 -27.186257 15.995715 31.341598 -23.562290 -4.429854 33.256300 10.516019 -50.657280 -7.777880 31.872411 -4.193858 -86.015203 1.779461 34.027293 -60.660902 -56.554892 -2.686154 -12.851444 -62.846903 -224.940108 -10.686359 -32.490307 3.615141 -132.193960 -15.272880 -5.867003 26.504846 -100.389399 -2.824712 3.144220 27.340016 -61.822722 5.562749 12.146873 38.305785 -14.780686 -0.272370 20.691358 2.918835 -14.159320 -4.706918 18.965973 -67.547750 -5.088919 -19.862157 7.624222 13.585246 10.386032 0.964902 -6.112080 -0.757321 12.690797 11.473931 -5.930925 3.530456 31.230079 14.378227 -2.664320 10.557953 34.873941 12.015866 -1.521324 30.616774 11.676615 -5.205948 0.811346 -31.197837 -33.863738 -19.328385 2.992348 34.020916 -47.025048 -8.351189 11.110652 81.514029 416.421386 -3.673401 19.865014 23.580859 287.882257 13.676666 8.240996 -9.195388 180.042598 13.902714 2.409346 17.863228 73.621263 -38.537445 -4.362616 12.451280 77.347873 -67.663351 -1.857974 -46.994694 69.236966 -18.863279 -0.360524 33.124477 41.310376 29.037598 -0.517447 
-702.611213 318.679676 29.925008 -106.605857 -63.530354 653.676768 20.002959 -211.817366 -36.028824 2314.382053 9.504948 -178.553617 -285.332466 3801.694419 35.477961 121.958066 -127.708193 2685.427507 21.641465 169.362106 -44.654780 803.014386 -7.381951 -57.042853 -170.776298 58.008724 -9.885726 -136.844404 -295.384961 112.142792 65.539486 -66.262320 250.848179 299.059688 81.787165 -8.719722 3.419753 -111.148505 0.657790 -83.381747 -161.668197 -248.464544 -20.619784 -115.795888 -103.677941 -48.073462 -46.488471 -32.748495 -33.550505 -31.396898 -27.916233 -35.841088 -126.248903 -290.184879 -26.825783 -106.102745 67.160290 73.880012 29.056117 -73.823896 367.073054 43.963065 -24.387460 10.124834 -22.675135 -92.000102 -96.176462 13.019335 -161.617488 -221.460616 -59.491429 -14.454239 -59.337159 -177.046016 -8.207785 -29.958984 -36.347056 -106.130803 -10.849403 -72.760688 -174.983675 -277.000867 -15.927405 -98.453627 215.048260 440.441077 8.398837 -18.488318 109.186818 247.423222 -38.013825 0.570605 -51.226456 514.776400 10.302418 14.943679 -100.765840 571.304714 30.088103 -41.889297 -47.295480 541.921590 45.850270 -44.991940 42.826854 539.993317 7.543771 29.984491 -165.775125 269.258596 -16.648862 28.380063 126.020304 556.916539 11.268850 -8.811040 -39.764973 261.914499 67.767830 -43.784512 -31.178247 256.251352 17.402153 -17.031425 -21.437659 143.940567 7.331191 -14.512193 -65.442149 66.103918 1.450821 -43.427048 132.695643 98.240129 -17.055709 -50.679778 184.886134 -5.042394 -42.705183 64.863993 2.642026 22.585348 -12.249413 -17.081522 -17.461535 21.246914 -20.748342 -33.769411 -4.737527 -38.814254 -9.886644 -20.571370 -0.882869 -5.043975 -4.290277 -2.510662 -42.702632 83.237527 -53.085297 3.675186 126.042955 84.905826 -110.821447 -9.426691 219.694572 -33.528824 -51.894603 -10.716713 -8.081369 102.009591 -14.619529 -59.809458 13.637996 359.065555 0.870472 7.166412 15.348587 330.044944 -29.209111 -7.512040 64.168758 158.466279 -57.521477 -2.664320 -52.245893 187.192531 -118.010050 -6.207683 87.200082 184.885930 -81.185542 -3.945873 141.821651 136.851240 -9.438272 0.749770 
-15.805326 32.562902 4.080349 -1.505510 0.536731 23.358586 6.005969 -1.067493 -4.812672 38.038108 17.224977 2.154729 -3.917355 35.477961 25.595041 -1.872819 -3.297980 -8.522498 9.867309 -3.433425 -6.669421 -27.908632 -0.737833 -7.519743 -9.499541 -28.164830 -0.322773 -6.483930 -4.449495 -0.713958 6.888430 -0.104224 0.488062 3.312672 4.069789 -0.456382 -0.939394 -3.414601 4.709366 -0.798898 -3.115243 -11.659320 4.067493 -2.081726 -3.569330 -14.314509 1.597796 -1.189624 -4.555556 -12.106979 -0.635445 -0.452250 -4.860422 -15.084022 -0.612948 -2.791552 33.550964 6.679063 5.525253 -3.123508 -1.452250 -13.735078 -0.190083 -2.779614 -3.619835 -20.936639 -1.366850 -1.148301 -8.060147 -19.810836 4.814050 -2.048669 -1.957300 -1.424242 5.696051 -0.688246 -1.003214 5.607438 1.560147 3.119376 -2.890266 -2.400826 -0.480257 3.086318 48.500000 -9.540404 4.382920 -0.280073 4.173095 1.174013 11.989440 -2.194215 0.058770 10.552342 9.875115 -0.969238 -3.650597 11.479798 13.479798 -4.286961 -1.421028 5.824151 9.749770 -1.788338 1.740588 11.013774 2.757576 3.312672 1.761708 5.977502 0.110193 14.728191 29.436639 25.546373 11.382461 -0.051423 4.058310 13.146924 13.132231 -0.116162 -1.172176 -0.069330 10.904500 -1.010101 -1.359963 -5.976125 2.951791 -2.196051 -3.607438 -13.305785 -0.096419 -2.873737 -0.716713 -9.771350 -0.081726 -3.585399 16.256198 -0.183655 4.772268 2.581267 10.160239 10.594582 2.597796 -0.566575 2.158402 5.984848 3.432507 -1.195592 -0.000918 -5.641414 1.212121 -0.719467 -0.692837 -12.651056 -3.394858 -0.318182 -0.134986 -14.357668 -3.439394 -0.730028 3.345271 -0.159320 5.052801 -1.560147 -3.086777 3.914601 11.038108 -3.613407 -8.439394 -64.213499 -2.616162 -5.573921 -6.978421 -73.477043 -6.179522 -5.124426 -8.714876 -79.769054 -0.232782 -3.033517 1.059688 -59.013774 8.999082 -2.740129 14.376492 -26.662994 21.377410 -1.094582 18.754362 -12.879706 12.257117 0.053719 -7.724977 -11.493572 -5.464646 -0.107438 
-326.364708 -491.648760 -30.060147 -46.851393 -51.755586 -505.626263 -32.413376 -88.102541 138.028160 -211.283900 -29.895011 228.575911 66.279308 121.958066 -1.872819 636.706152 -38.329966 -28.799051 -5.683808 248.751607 -86.387818 -277.485308 -7.730181 -48.763085 -128.941537 -405.855372 -5.002143 -94.002602 -58.335017 129.638200 -16.883379 32.296143 46.198806 -12.186410 -4.785277 6.412611 -66.966330 -73.874962 -10.971993 9.660851 -36.399908 -20.322161 -27.586012 79.150750 10.389195 116.910468 -9.838537 96.075145 8.994949 3.458831 -8.691154 9.236762 -52.570554 -149.592746 -12.031833 -38.099021 90.708295 12.876492 9.478114 15.207683 204.645852 18.622283 24.126110 19.500153 -77.619223 -12.985920 -20.951331 -15.749005 -109.412917 -35.657178 -35.879706 -15.779614 -22.977043 1.370370 -7.679216 -7.104683 -12.954699 -28.216866 -1.691460 -0.302877 -71.166973 -138.006581 -5.331191 -15.278237 170.930976 10.686869 41.435262 12.524181 146.845424 60.438782 63.266452 16.519131 -47.137894 136.326446 77.251148 -29.556015 -50.915060 194.313131 49.296296 -53.282063 -17.415672 260.659014 -3.216100 -36.435568 -19.413988 239.826293 -3.222222 58.988675 -90.951944 154.258188 -17.441843 141.339149 114.076829 71.770125 41.125957 12.201255 36.030915 117.859810 81.564738 -3.686869 -2.154423 88.156872 91.861494 -12.011785 -11.532293 21.242118 18.841139 -25.064891 -42.518825 -25.421488 -6.486073 -37.835017 -50.695745 -31.420569 -19.600092 -20.609887 215.082185 18.749311 -17.861494 76.183043 8.400367 44.100704 22.525099 -26.593358 -16.747628 41.461279 29.538874 -31.073768 -2.135445 -3.097643 10.245791 -22.711509 -17.103459 -29.007193 -17.431742 -6.498316 -64.173095 -68.879706 -35.814815 -4.726201 -46.523722 -42.690848 24.581879 -11.389348 100.714723 32.518059 139.854148 -18.447199 -71.518519 -213.924549 -0.373737 -25.774564 25.951485 -201.531374 -16.094888 -14.687022 25.208142 -90.166973 -37.713346 -8.661769 -23.162381 -62.942455 -67.515917 0.504438 -98.288950 52.910468 60.599021 3.998623 -36.990052 9.302265 203.872513 -1.818029 -36.140343 4.079431 101.158249 -0.094582 
-81.923681 -35.003367 9.672559 -22.609708 -42.221942 -278.727273 0.562009 -94.408530 -9.071268 -405.684624 -10.176207 -159.611672 170.699776 -127.708193 -3.297980 -38.329966 308.190516 71.375982 9.282548 67.048822 125.028058 84.105219 6.562851 53.667508 21.966611 112.646465 5.760382 45.081089 17.432941 -28.393939 -4.906566 -7.582492 70.686027 -20.699495 -1.930415 2.160494 59.171156 -29.501403 4.627104 -11.322110 44.462963 -2.732884 9.989618 -13.617565 51.731201 26.179293 15.547699 0.927329 34.702020 34.799102 11.655443 9.815376 24.783109 97.153199 11.112514 30.312570 -113.017957 -82.920875 -14.778339 -16.655443 26.966891 -36.923120 -3.916947 -1.492144 71.261223 6.255612 -4.595118 5.913861 47.954265 14.604097 -5.537037 13.225589 8.980640 -25.070146 -4.829405 10.620370 -0.113917 -65.775533 -1.583333 -5.659652 -20.536756 -35.033109 1.711841 -18.883838 -102.338664 -61.968855 -14.539562 -20.680415 -5.280022 -83.411055 -27.595679 -2.459035 24.414703 -46.431818 -26.511785 11.842593 22.944444 -19.029461 -19.307800 39.280022 13.726150 -30.025814 -8.055275 45.650112 1.255331 -47.978395 -3.372054 12.860550 -87.913580 -43.561167 -8.880752 -36.052469 -15.427329 -81.939955 -13.622615 -5.357464 5.982604 -60.368126 -4.644781 -1.644781 6.851571 -33.359708 -7.103255 4.195567 4.270763 6.864759 -1.995791 13.645342 21.376263 47.340067 2.760382 26.096240 32.184063 32.431818 -9.842593 30.084736 -46.396465 -54.698653 -46.217452 -15.923681 25.569865 52.891695 2.942480 10.907969 16.376824 42.015713 4.653760 12.148429 2.144781 40.460718 8.091190 2.559203 0.249719 47.860550 10.131874 -1.118126 18.788721 40.276936 -2.018238 1.569304 17.251122 6.146745 -34.234568 5.023569 33.313692 -16.361672 -40.011504 8.893939 128.553591 430.528058 4.978114 44.290404 9.359708 300.601571 15.937149 34.397868 5.779742 199.598765 23.907688 16.970258 -12.966049 96.776375 -32.227834 1.643659 -15.816779 59.337542 -60.831089 -2.385522 -4.024691 42.955668 -39.966891 -0.406285 38.528900 42.896465 -17.574355 -0.255051 
-702.451587 -452.554025 -15.224212 -139.566524 -86.948016 -701.191919 -14.272676 -392.266095 79.694470 253.693195 -31.845526 -555.455209 -120.914039 2685.427507 -8.522498 -28.799051 71.375982 4060.794205 38.392460 546.150444 308.821957 2612.416131 45.460412 398.596266 142.088409 1275.302571 11.665850 95.255382 -805.689675 -337.151056 -54.574380 -102.306856 306.332109 257.299357 35.707581 4.781043 265.498878 29.559178 10.550352 -73.277829 -49.551576 -38.124171 30.706050 -123.126314 -57.188195 357.817264 36.125242 21.736660 67.893939 534.909040 32.328334 56.608713 13.995970 273.068564 6.250740 9.161412 -925.562545 -208.621365 -21.092031 -136.101979 386.957198 55.020610 11.332313 2.975768 381.690032 -77.345526 -67.306856 40.444342 78.220284 -277.793644 -59.344506 36.900214 -19.454699 -539.372615 -36.504540 -11.406642 -25.834354 -561.050148 -13.271350 -133.313795 -150.402714 -462.666769 -6.201204 -193.390266 -567.354097 278.259259 -22.243036 -95.076166 117.491378 -79.071421 -178.235435 9.422151 77.334915 264.009642 -167.936792 75.921182 -19.376492 423.350168 -111.090348 99.653250 -14.865422 395.470870 -41.051780 117.347056 14.839404 250.976635 -0.840067 51.555811 -535.304204 -47.418478 -29.622385 -203.183451 -209.644373 315.410264 -73.660290 -2.863687 -37.214774 47.989644 -60.332721 -22.961279 -48.537904 190.619886 -87.142230 5.401235 -33.267473 250.263953 -45.927762 39.919243 -26.339302 332.390419 -28.619274 66.121773 229.230385 339.106979 -82.338996 97.789307 -168.445363 109.749617 -209.675951 120.378533 88.502449 298.216815 -22.564993 72.596470 12.530966 169.738496 -29.353637 60.676564 -13.879400 102.840629 -19.883277 27.468728 -16.098816 110.563157 -25.996123 6.667789 -13.542853 173.687481 -109.703143 12.151923 226.153301 98.832058 -222.981073 13.444751 392.357413 -93.305530 -234.864606 29.592746 385.682941 1517.090552 26.501684 144.378329 112.488011 1456.805989 30.089634 182.719518 -18.477706 1362.115805 -67.405469 133.177431 -37.565708 1090.826395 -235.659984 36.866289 -137.333741 810.684267 -305.183298 -4.780227 -25.327620 485.383787 -191.508162 -6.190899 257.454954 368.268595 10.719978 1.180900 
-7.454341 20.721457 2.763621 -2.068590 1.229900 10.095960 4.698628 -5.749107 -9.977706 15.069228 3.050709 -7.210948 -8.259310 21.641465 9.867309 -5.683808 9.282548 38.392460 15.552928 4.831344 12.562086 20.665672 6.976023 4.744796 3.055122 -5.941690 1.503775 -2.177354 2.560325 -0.861341 5.120523 0.352923 1.568794 1.196281 -0.119784 1.070758 -2.526375 -4.245919 -0.489822 -0.746607 -1.592899 0.166463 4.767345 -2.486506 -0.426946 3.386823 10.345628 -1.515636 0.742424 1.521069 6.857719 -0.742067 -1.848153 -5.721151 1.123788 -1.971278 14.401643 -2.916590 4.958474 -2.544128 -2.216815 -14.769564 -2.588715 -0.744618 -0.904780 -25.391210 -3.907178 -0.409882 -4.080681 -30.429778 0.679829 -0.707683 -1.227196 -26.236251 1.733752 -2.493649 -0.795786 -18.617182 0.165978 -5.405392 -4.711943 -14.791195 -0.369937 -5.809917 32.022166 -22.288721 -1.653734 0.453908 7.732425 -13.732808 0.085731 0.909295 -0.991531 1.646694 2.188093 0.781833 -2.629936 10.347643 5.578844 -0.524436 -0.833282 12.631568 2.554510 0.516707 -3.648658 8.722962 0.296296 -0.703831 -20.778033 1.624222 -0.836114 -0.131339 29.603331 4.899245 4.101189 2.904908 0.863279 14.489185 10.115856 1.008418 -1.570273 18.497296 8.640139 0.186588 -1.051449 19.351189 3.688629 0.039537 -1.532369 16.766912 0.451893 1.967733 -1.184216 12.113177 -1.931512 5.172686 -3.274793 4.483777 -5.374987 5.893225 10.819483 18.682838 2.132665 1.865065 1.203372 8.991021 3.602745 -0.418248 -0.378482 -0.507856 0.902076 -0.137562 -0.400928 -5.571141 -1.778033 -0.082211 -0.566957 -6.669498 -2.321829 -0.150877 3.280252 0.963601 -3.033874 0.302877 9.994694 2.226839 0.130114 -0.596878 -4.506453 -18.564636 0.122896 -2.393710 1.006836 -34.964442 -1.887409 -1.534843 3.446766 -33.231303 -1.357030 -1.501173 -2.203678 -18.031043 -2.229772 -1.327926 3.140776 -12.377487 4.626161 -0.443220 14.205897 -2.953678 0.881186 0.664473 4.616799 6.860652 -1.676487 -0.012167 
