158.223038 408.460718 22.158963 31.339200 25.157229 496.134221 27.450872 46.209213 -98.086369 276.897715 17.010611 -72.117437 -50.468269 113.100449 11.896235 -126.271197 53.584226 53.866748 9.653709 -18.545659 32.313437 5.310683 3.562953 1.763545 4.611519 -0.793695 -0.500306 -0.095296 15.477808 60.742781 8.428885 -0.572442 -1.427201 30.189624 18.203041 1.885063 11.440771 17.125752 18.164269 -1.835170 54.203602 -46.941486 10.412917 -14.166105 30.214366 -78.028211 -6.286042 -1.950923 -11.043006 -39.603816 -18.165952 -2.027854 -2.913478 -6.269207 -3.599378 -1.329966 1.007856 54.366748 23.072442 -1.750281 -2.023416 -94.710948 34.673299 -5.284716 50.614121 -130.958678 28.751913 -0.183808 60.794970 -103.153046 -20.019029 -5.649730 7.626773 -58.395572 -78.291552 -0.226150 -4.375472 -20.978676 -31.996021 2.013876 -2.604887 -3.302214 -3.561065 -0.829660 7.809305 98.370676 20.807979 6.514335 22.511733 -5.882767 20.353586 -0.767473 63.144475 -6.211815 -17.468371 4.987501 23.693297 21.208958 -74.161259 11.280227 6.591215 2.531782 -31.520763 7.378686 4.300378 -1.484083 -5.942149 0.805581 19.471176 11.996939 14.152127 -0.362514 9.431793 -3.507754 -4.686512 0.379247 34.452658 2.693654 -15.348230 -0.845424 23.102388 -3.650189 -42.728191 1.814509 34.861851 9.815223 -20.024589 15.346495 45.513876 8.371340 4.106826 23.222324 7.366034 9.896694 7.497347 7.464595 66.908071 47.803591 60.990562 3.564381 30.935721 -38.472962 -41.432252 -0.524130 47.166565 -28.302061 -26.766605 -2.351750 14.979237 -65.859912 -13.656617 -13.211305 5.894654 -59.294307 8.345628 -5.493776 36.556780 -12.054688 5.106928 16.654423 40.544485 6.360524 21.709519 5.467197 53.880982 -28.182430 44.276349 1.077339 6.415927 -94.790277 -81.730895 -2.742322 73.984644 27.542955 -15.694368 -0.507958 14.792827 -12.412458 7.064432 -7.923120 -34.766095 -41.819151 4.670952 -28.423120 31.039588 -82.500969 0.039027 -5.807928 52.661973 -113.444240 11.214570 29.317519 -39.016733 -172.741098 6.812519 -1.828691 
408.460718 1991.874018 91.620090 79.155163 -71.805275 1782.907407 151.623737 12.201178 -260.895903 887.943322 101.214085 -396.299102 15.683782 333.652637 95.656566 -394.281987 260.505331 99.680415 45.157688 -51.366442 50.355219 -22.018519 -0.952581 -0.734848 0.937430 -5.920875 -1.443603 -0.274972 67.037037 285.738496 47.835297 -5.629910 0.901235 102.921717 124.352413 -5.970539 127.219697 -58.181257 116.920314 -25.482323 285.818462 -323.931538 88.599327 -69.372334 91.338945 -369.510382 -44.651515 -28.653479 -62.686027 -152.994388 -70.752806 -19.713805 -13.158810 -20.465488 -12.717452 -4.537037 -1.992985 -28.814534 69.963244 -20.365600 34.361111 -495.770483 133.906846 -14.067621 365.232043 -641.345960 156.196128 2.771886 204.043210 -535.962963 -83.497755 -32.600449 -85.417228 -295.562851 -317.535354 -29.297699 -75.809203 -91.613356 -130.361953 -6.092031 -4.773008 -9.761504 -12.373737 -3.093434 8.953704 150.291246 61.948092 4.791807 182.322952 -105.514310 115.426207 2.278058 349.362795 -1.844276 29.803591 25.586981 36.845960 141.986813 -333.062009 50.127104 -9.846801 1.534231 -205.766554 44.223345 4.306958 -7.894781 -35.141414 5.570426 135.726150 52.079125 107.468013 -0.946689 86.134119 -20.414703 22.516274 -1.237374 202.982884 -5.945847 32.792649 -1.157407 59.997475 -12.065095 -152.555556 -5.295455 134.933782 79.093154 -101.441639 31.794613 277.430696 55.165264 -5.445286 112.663019 62.157969 34.164141 43.276655 43.798541 423.468294 150.236251 372.002806 19.774130 219.179293 -111.438833 -91.762907 -1.512346 201.953143 -165.101571 -147.471380 -8.113075 11.172840 -274.636925 -116.762065 -54.402918 69.974467 -253.323232 22.536476 -117.939675 229.943603 -15.989338 25.116723 0.308923 214.513187 83.256453 119.119529 40.216891 287.559203 -108.127104 163.359147 10.618967 147.722783 -372.256453 -277.553591 -5.746072 200.201740 50.820426 -121.099327 -3.202862 74.180415 -38.657407 1.849327 -24.211841 -96.971942 -150.183782 16.962963 -126.671437 59.491302 -298.721661 14.138889 -135.365320 213.372334 -459.845679 -2.984007 31.749719 -168.068462 -664.837823 -199.786195 7.852974 
22.158963 91.620090 17.427813 1.325630 -1.988267 108.908479 17.279614 -2.145852 -9.182685 46.419549 9.859453 -29.065299 -1.757168 16.242985 8.849862 -28.467095 31.939649 14.428018 6.221406 0.182481 11.208601 -0.613254 1.535303 1.858127 -0.329609 -0.473523 -0.097490 -0.018570 7.000153 24.555658 4.657892 0.013213 0.532344 -2.127640 4.587593 0.142485 0.617998 -19.253393 3.036833 -2.852617 20.248648 -38.547495 7.822161 -5.460157 16.709877 -34.492909 6.852617 -4.101418 -2.220080 -10.194164 -3.777574 -1.977655 -0.937761 -1.406642 -0.858841 -0.306397 -0.038159 -4.435619 8.385777 -1.593154 3.711203 -40.058106 5.602183 -0.199674 19.698551 -51.884298 1.395929 0.924395 19.675186 -45.164218 -1.224773 -2.585348 -6.150648 -23.676513 -22.664830 -2.789001 -6.744363 -6.491021 -9.353841 -1.095602 -0.775278 -0.659218 -0.835629 -0.208907 4.016223 19.196817 8.891746 -1.158963 17.292674 -5.398684 3.028875 0.095296 32.560759 -3.488369 -4.314917 1.935823 6.370523 -2.391236 -27.156464 3.037496 -3.518672 1.837364 -16.241863 2.709928 1.074278 -0.258800 -2.730946 0.822518 6.221202 5.631160 1.134374 -0.102132 4.278492 -0.136415 0.186971 -0.083563 19.598306 2.951434 -7.663708 -0.307928 19.198806 -4.703806 -21.332874 0.729109 8.979288 0.310121 -4.149883 1.767830 16.040761 9.875217 2.746250 8.224416 9.296500 2.523875 1.670238 6.592338 28.286144 14.014590 13.001632 2.636721 10.254362 -10.489389 -12.699980 -0.102132 20.265483 -11.148352 -21.045148 -0.580298 7.980359 -22.897204 -9.831905 -3.886491 8.924446 -18.042241 8.494133 -11.401541 14.652586 -0.549536 1.622181 -2.940006 25.335221 2.258851 4.406183 7.347771 32.544638 0.022192 8.494541 4.324406 -10.989389 -38.059127 -25.090501 -2.280635 31.606724 16.039690 -10.527395 -0.236762 16.411948 5.973064 5.024181 -2.117284 -6.291756 -8.846597 2.981022 -9.748597 2.285481 -25.558718 -1.971534 -13.074992 23.540506 -30.465310 -2.124120 -2.239006 4.857413 -54.309866 -3.225283 -1.629987 
31.339200 79.155163 1.325630 18.402331 -4.615498 132.896847 5.731175 34.161234 -35.684854 81.700745 0.250510 -12.142690 -26.895036 19.484287 -0.947199 -30.096954 -9.342542 -2.125676 -0.957402 -8.323436 -3.120906 -3.487297 -0.949674 -0.749082 -0.436461 -0.627028 -0.129094 -0.024589 -1.072697 4.005408 0.668784 -0.130522 -1.775686 9.692149 3.061626 1.321931 -3.243572 20.024742 6.133966 0.803719 -6.758520 7.462555 -2.455770 -1.926207 -3.214927 -12.030737 -8.589073 1.384935 -3.303107 -10.139169 -4.501811 -0.734925 -1.241761 -1.862642 -1.137256 -0.405724 3.379068 67.934930 10.261836 -0.505331 -4.238062 17.076931 13.067238 -0.494312 -0.125778 1.235767 6.345347 0.869223 6.239414 -12.430823 -7.074584 0.400775 7.205056 -13.597592 -14.776400 0.695567 -0.683553 -6.099888 -7.516223 0.508826 -1.026604 -0.872921 -1.106520 -0.276630 2.145164 42.042394 5.840807 1.125446 -1.915034 3.235920 3.376314 -0.098281 3.758111 -5.608280 0.415468 0.118814 4.630165 -6.929931 -6.032471 -0.010178 1.116468 -3.104581 -4.748036 -0.116264 0.123610 -0.688629 -1.770432 0.040430 5.683298 1.193909 0.061218 0.268799 0.007550 -0.341088 -1.630956 -0.110652 1.232961 1.640623 -2.734593 -0.166131 4.574610 2.157892 -7.844353 1.887741 -2.400775 -3.300939 -3.474084 3.563667 -4.185619 -2.631186 -0.521962 1.846062 -0.570835 1.697199 0.765024 0.070656 17.072212 11.010662 13.066320 0.551755 3.877640 1.097745 -4.631747 -0.135241 2.850908 -1.246505 -4.902969 -0.399730 1.378227 1.281502 -2.106112 -0.297164 -8.304841 -3.021579 0.274921 13.119860 -11.430594 -3.494082 -0.468830 9.763009 -0.028747 -0.452607 6.997398 -0.530278 -2.586190 -15.599097 27.397561 -0.670136 -16.584073 -19.436741 -19.031400 4.431920 8.780099 1.724773 -1.133762 -0.010484 0.578181 -4.101852 -0.296679 -1.264029 -9.902459 -9.048949 0.236609 -1.056958 -3.806372 -22.086828 0.233471 17.469850 -2.098128 -34.757372 14.611035 16.585195 -23.314713 -52.534027 13.262014 3.045046 
25.157229 -71.805275 -1.988267 -4.615498 336.383430 173.485002 1.822773 123.717019 131.824712 235.511274 -10.294409 180.304204 -251.328385 -142.690797 -36.579890 -160.883226 -82.299306 -92.043873 -24.519998 -66.839812 0.153658 6.487909 -2.473472 -2.291552 1.442251 -1.151821 -0.805173 -0.182226 0.637588 31.946944 4.987042 0.058565 1.297470 -9.531221 -6.164575 4.816651 -0.853994 35.703500 -18.683451 36.477043 -14.453576 31.586369 -44.983318 20.372615 -1.767116 -27.722732 -52.724518 -12.525150 6.395929 -18.671156 -23.136415 2.153505 -1.555964 -15.955158 -6.276451 -3.087542 25.615600 337.178349 35.012142 -6.686308 -34.719467 64.250638 17.612080 -17.503112 -25.337517 -27.665289 -11.150750 -1.928069 27.923375 14.479186 -55.976635 3.719569 32.190440 6.241098 -50.550964 2.083614 27.306040 -15.108305 -12.931742 1.258749 -1.517039 -9.135700 -7.796143 -1.272268 33.346954 250.423018 28.797266 -1.101673 -25.311805 81.795378 -0.676411 -5.069279 -5.286654 14.961739 -56.096776 -0.749107 81.918733 -9.436282 -39.770228 1.133303 36.290021 2.131568 17.743547 -3.763340 2.648097 0.040710 0.308999 -1.340731 -9.757321 -1.506275 -5.000765 0.230079 -8.457249 19.031578 -15.709621 1.462810 -24.654627 5.562647 -62.791144 -2.700796 39.438935 -50.702836 -65.264004 -6.237833 61.936996 -68.500510 -3.182226 -3.938170 3.521375 -0.410723 9.172023 3.278492 -9.493317 8.716253 1.117794 -0.828640 4.871646 41.645342 13.398582 -0.655392 -13.136823 2.906438 -82.788389 0.896745 11.559892 14.506785 -33.755127 -3.482451 30.349607 -37.600194 12.130956 -15.625599 13.545404 -24.312672 5.616366 1.679931 1.104530 6.071727 0.687889 -1.676615 -8.734058 23.144883 15.557545 -1.850832 44.166871 29.086624 65.070809 -1.453576 -30.179420 -44.057188 -111.439496 -9.600296 59.145036 79.573411 7.215182 -0.293082 23.857872 10.728956 19.506581 -6.017396 -3.706101 -20.814866 0.726967 -1.476992 13.847822 14.164932 -9.241965 -27.827212 7.497449 -11.054127 -1.482859 -44.034945 -10.197939 -161.728089 54.440159 -21.386695 
496.134221 1782.907407 108.908479 132.896847 173.485002 3217.607897 191.913682 364.003214 -664.795378 2516.342363 113.502449 -362.677839 -493.738598 764.670034 89.319100 -784.068411 173.761861 183.478574 65.472146 -133.966636 148.126722 37.208448 20.818335 10.617539 23.064585 -2.761249 -0.631772 -0.792776 52.449036 313.247169 61.137435 -10.686103 -19.374809 125.701102 134.893786 -6.412305 28.731864 32.239976 171.384451 -32.184573 233.259106 -267.650444 107.260790 -71.250842 203.840067 -510.536425 -36.754821 -31.928069 -51.258953 -281.867003 -108.682430 -31.602388 -28.070554 -54.608356 -30.696204 -12.742424 39.230640 934.614937 211.145699 -7.462963 -42.961892 -338.244873 251.309611 -41.693909 284.424549 -789.629936 176.963728 -3.040863 362.489593 -713.613407 -24.891338 -35.451025 51.527701 -432.404806 -447.530762 -33.648148 -71.913376 -168.294613 -244.680900 -10.389960 -24.855984 -29.067799 -31.770891 -8.332874 52.178604 629.308540 128.890419 21.835476 158.172482 -23.798898 121.923477 -2.533364 382.034894 -49.348026 9.550811 25.914754 152.757117 28.628252 -395.328589 56.160239 34.848944 -1.613101 -295.734007 50.360116 21.075145 -13.991276 -66.741506 11.047597 147.609122 73.066116 59.707989 5.639731 82.260484 9.798133 -1.177074 1.280992 262.735384 14.691154 -51.049281 -7.283287 179.752066 -119.353229 -282.077135 19.469238 129.774258 -122.102081 -133.272574 56.080349 257.392868 39.475360 5.922865 120.609581 92.635751 45.185950 40.226661 66.389654 562.621365 274.198653 421.207224 37.892868 254.630854 -86.481328 -253.011172 0.619529 316.420722 -214.721610 -310.682736 -14.208601 115.513468 -351.535660 -167.160851 -55.416284 -91.813743 -235.504591 65.265075 -23.002449 21.320018 17.623355 29.931436 126.072544 232.282216 116.496174 155.347107 109.022345 442.760024 -173.339302 470.380012 11.951025 40.655035 -487.640802 -558.784053 25.796449 469.033364 109.305173 -147.826905 3.205234 147.799510 -40.398990 58.801194 -41.148148 -308.781298 -198.682430 31.238751 -187.835017 -82.684726 -576.131925 -20.640955 -65.552801 212.923936 -701.482859 -22.561983 98.913988 -165.067187 -1124.519896 -146.147383 -9.049434 
27.450872 151.623737 17.279614 5.731175 1.822773 191.913682 44.811983 7.634298 -25.692149 117.200184 36.894169 -52.461433 3.622360 32.924242 23.244720 -71.686180 59.232094 11.688017 13.548209 -8.792011 13.286501 0.071625 1.269743 0.346878 -0.994261 -1.024334 -0.294077 -0.056015 11.284206 46.420110 8.696281 -0.833104 0.073921 9.055785 15.050964 0.087925 7.165519 -14.836088 18.760790 -4.761938 44.846419 -48.644628 22.409550 -11.512626 36.479798 -52.802342 7.830119 -9.960744 -2.372130 -14.500000 -6.091598 -5.238292 -2.141873 -3.273416 -2.004821 -0.924242 -1.371212 4.829431 16.484619 -5.871212 2.514463 -66.982553 14.146924 -2.350092 37.632920 -92.208678 12.767906 -0.021350 37.647383 -73.644628 -5.578512 -5.177227 -8.489669 -39.800735 -41.559229 -6.452020 -10.406336 -11.808081 -17.659320 -3.006887 -1.631543 -1.746097 -2.096419 -0.630165 3.547521 22.473370 11.962580 -3.455923 28.323462 -16.681589 10.711892 -0.180211 46.034206 -0.806933 -0.889807 3.932507 9.705923 22.299587 -47.915748 10.542011 4.261249 12.490817 -31.914141 11.864096 4.224059 -0.897383 -5.472452 2.142562 10.738292 5.695592 2.037649 -0.308081 12.683196 4.449036 6.879706 -0.252066 30.599403 6.989669 -1.092057 -0.789027 11.832185 -2.884757 -30.485767 -0.304178 16.828742 -1.501837 -15.071166 2.107438 53.884527 7.859275 -1.594353 18.921258 16.585170 6.116391 2.436180 11.406795 59.153581 27.176768 32.408632 4.621901 37.387741 3.297521 -13.645776 -0.308081 29.356520 -14.320018 -31.108356 -1.442378 8.045455 -45.620294 -26.254821 -7.892562 7.984160 -43.809458 -2.820478 -22.116391 18.608127 -1.420569 -0.991276 -4.366621 24.827594 27.476125 7.337466 14.405188 44.707300 22.045684 41.551882 3.303489 17.711662 -58.668503 -41.024105 -5.821166 44.513545 2.953168 -29.968779 -0.714187 14.927227 -8.275253 -4.062672 -2.669192 -19.125803 -21.005739 0.142332 -15.436869 -20.604913 -39.725436 -4.008953 -29.669881 11.442837 -58.046373 -6.902433 -14.646006 -18.576217 -119.314050 -25.830579 -6.725436 
46.209213 12.201178 -2.145852 34.161234 123.717019 364.003214 7.634298 291.140725 -114.737450 302.809152 -16.934267 237.920263 -229.390190 -172.599327 -33.389807 -137.949265 -129.183578 -147.001301 -24.547903 -66.957606 -27.217631 -13.592287 -7.310759 -3.685721 -3.683272 -2.496327 -1.385904 -0.166820 -10.595500 2.495256 -0.953092 -1.821472 -8.807009 24.210514 5.464800 6.530992 -8.466713 93.684267 17.211509 26.515381 -35.721227 68.266605 -17.599174 16.056397 -33.425926 -30.253979 -46.598714 -3.003750 0.453398 -37.279461 -8.870600 -3.104683 -3.793082 -13.596189 -5.877028 -3.141414 18.408249 432.892639 43.033594 -2.095118 -33.313361 164.330732 50.043924 -14.460132 -24.129094 53.379936 25.377181 -5.224288 8.106367 5.507346 -0.017753 3.506581 29.757652 -17.362871 -18.449036 4.499158 8.660851 -25.185185 -26.076676 -1.271656 -5.762703 -8.220080 -6.239210 -2.018136 18.364325 265.211662 25.798975 0.417049 -26.735614 64.952938 7.962886 -3.246939 -12.825298 -13.326217 -1.222528 -1.758188 30.487833 -45.251990 27.305862 -4.152663 -2.212580 -18.780839 2.037037 -4.981328 -0.923630 -2.354683 -9.723140 -0.757193 13.769666 1.413682 -2.793848 2.617845 -7.265534 2.509948 -11.196664 -0.346648 -21.647000 -3.961356 -13.630012 -2.067723 18.583792 -20.858892 -4.685491 11.841368 19.872207 -56.928222 2.469544 24.828742 -39.370141 -23.917279 -3.066804 -8.006045 -10.087772 1.417585 1.263238 -6.556321 43.754897 51.412458 28.939241 2.266223 2.210055 4.743955 -29.940848 -0.563973 6.071702 -1.152127 3.591827 -3.288874 -0.008418 -11.696664 11.554790 -1.992807 -33.274640 22.544995 3.406642 70.853459 -59.948806 15.881696 -3.027395 57.606749 -12.799893 -0.177992 31.168044 -6.726890 31.621289 -7.148072 157.680594 0.614631 -34.932813 -72.889501 -69.102311 5.802036 18.297444 -6.436486 23.069330 -0.803719 -27.054561 -16.381313 8.317493 -11.349327 -74.496480 -37.860499 -0.511478 -6.223064 -6.772345 -94.095347 -2.169651 81.381084 15.901821 -102.688858 61.115014 24.985002 -50.129783 -323.086165 117.697888 -11.475819 
-98.086369 -260.895903 -9.182685 -35.684854 131.824712 -664.795378 -25.692149 -114.737450 905.579864 -857.094531 -2.049561 122.289307 344.489006 -813.048260 -38.151056 -58.234542 -179.087364 -303.366213 -53.614376 -112.063004 -39.372666 -8.599480 -11.639093 -7.489210 -3.174498 -0.878941 -1.336930 0.254005 1.763238 36.121620 -6.280048 12.393761 7.442506 -23.851469 -24.902153 5.855295 123.479568 -25.559025 -45.822365 64.930441 87.830451 14.239312 -66.039639 61.399270 -84.498878 66.237960 -57.624885 -12.438501 -3.337389 90.799102 -0.607770 18.215641 16.365116 2.093128 4.405545 8.107744 29.248878 68.800454 -21.065478 23.453143 -4.021350 207.722120 -40.323589 -4.518391 -45.748725 164.778466 -73.459213 4.381925 -70.465922 159.348179 -80.626365 15.598000 -29.443501 148.208091 54.729568 13.851571 23.088205 70.657127 76.938170 12.233752 16.921615 4.358076 9.606979 6.192149 15.309841 38.327671 -2.082007 -7.211611 -37.038899 44.291628 -55.508239 -5.035481 -46.870600 -27.557009 -110.229364 -4.640547 60.903811 -22.289690 20.058489 -17.231328 26.162687 30.773697 98.724467 -17.993623 -3.566524 13.285507 29.131772 -2.389220 -23.079839 -9.217784 -5.558463 -2.352974 -23.189062 -36.596164 -36.656158 -1.692837 -62.735563 -32.540225 -122.020993 -2.380701 23.484619 -57.936435 -37.584022 -28.697199 53.997959 64.452607 76.289358 -38.095347 -29.243521 50.483190 19.957224 -4.488700 -12.907433 -3.396924 -3.061473 -5.453882 -68.347847 -31.628507 -22.422763 -7.602107 -90.212351 -45.184828 -82.120625 -0.777217 -24.410290 69.048005 -15.064432 -1.434828 37.840629 63.194011 58.894603 -5.364147 -11.042113 44.815886 17.774513 -47.194546 82.249235 47.529130 8.382665 -42.055479 1.575732 13.101061 -11.178298 -11.788210 -80.334073 16.505433 -99.466279 7.014794 58.416182 155.611978 38.084966 -12.352336 42.944572 125.759769 66.420722 -2.752602 8.614963 35.586700 4.523493 11.422278 -14.909448 -9.565682 -7.146618 7.674804 72.361621 41.926742 -2.989669 -63.981788 91.154449 64.532701 -32.716177 -9.764106 9.182175 195.255484 -46.997092 2.278033 
276.897715 887.943322 46.419549 81.700745 235.511274 2516.342363 117.200184 302.809152 -857.094531 3670.922763 106.251097 -326.082288 -768.930262 2239.838945 107.831956 -717.367922 256.012652 570.744822 100.552444 -123.261045 180.156719 74.064432 40.630803 17.136823 24.001888 -3.977655 0.757423 -0.842261 39.415672 331.495970 58.856698 -20.347669 -34.267473 169.657943 95.729466 -22.186257 -68.663453 53.572135 162.125906 -80.778696 143.814764 -164.161820 171.176155 -100.025814 279.684624 -534.110907 46.995868 -18.534384 -43.554331 -355.860831 -87.109071 -29.251301 -38.468524 -87.844200 -47.335884 -20.023569 6.133558 920.265024 191.579992 -27.093154 -91.559688 -352.045710 177.759208 -60.284614 207.879451 -808.711662 184.206765 -9.705540 431.322569 -794.440159 117.878533 -14.297929 104.842006 -555.381288 -414.779614 -27.521324 -105.711305 -236.324355 -298.477808 -18.082288 -38.980053 -47.708346 -53.502755 -12.427456 21.879400 443.048975 82.558872 22.597235 134.785328 -41.385828 134.379655 -6.900571 365.496480 7.813284 96.966993 25.767320 171.174931 -3.008315 -436.115141 64.753750 29.141567 -77.681920 -403.388328 39.220488 12.480155 -27.527395 -106.819559 6.977706 65.530201 38.927762 -4.035047 5.493827 90.178859 104.226763 47.844455 4.245179 263.392154 129.115345 45.064942 -8.892409 137.664830 -51.426946 -333.874197 38.831497 102.914090 -93.893735 -277.397817 119.137894 189.816702 54.459239 -34.683961 124.375472 56.813488 47.849862 12.439751 49.564789 382.775584 217.726712 274.718345 21.574278 355.351699 142.096011 -159.605857 6.584736 259.872003 -128.554229 -359.572697 -12.727222 42.899551 -334.886185 -236.859453 -73.142690 -105.260586 -177.922406 28.820120 -16.091164 -44.181206 23.565248 5.141006 241.276706 147.539078 113.674370 76.839608 150.649424 393.355474 -107.368993 407.500969 -8.003418 138.707122 -495.773084 -644.546424 25.668401 337.940975 -23.431385 -279.076982 8.480869 131.467962 -81.966330 5.307469 -48.193042 -284.473115 -185.667993 1.976890 -253.713244 -177.367411 -612.198296 -44.144628 -54.103459 54.147485 -574.617743 -71.069483 130.074584 -48.062239 -737.078461 -179.470003 -2.971585 
17.010611 101.214085 9.859453 0.250510 -10.294409 113.502449 36.894169 -16.934267 -2.049561 106.251097 78.458652 -70.607489 44.263519 101.124018 62.140955 -82.401821 98.582313 75.967223 35.579023 -10.775380 42.049434 26.533823 11.002729 3.413453 4.118942 1.070860 0.523799 -0.072187 13.984236 47.651107 6.881058 -0.626084 0.537292 -2.300046 14.265789 -1.653275 25.050735 -46.991480 16.423375 -2.652663 82.709953 -83.547393 37.292164 -9.146745 47.529181 -70.596546 25.508724 -13.601903 -1.056550 -13.410213 -1.670008 -4.538874 -2.284308 -4.077977 -2.425747 0.139731 -14.349888 -64.517626 1.641236 -4.281425 7.485996 -134.621110 -3.666310 -5.431104 53.405290 -138.445133 14.696587 -1.447582 42.693195 -83.035047 -0.530201 -6.416182 -24.581752 -34.980818 -44.103306 -7.144501 -14.275074 -8.167228 -15.695745 -1.920620 -1.492322 -1.211611 -1.894858 0.398760 -5.133073 -46.832721 3.334532 -4.480308 34.054051 -35.786578 13.745613 -1.065529 46.340297 -1.478344 2.618253 6.989032 -2.459366 43.218983 -65.068590 23.029308 -0.359657 15.044485 -40.805275 17.503724 2.197837 0.103382 -5.510560 1.323564 8.064687 7.642026 2.947352 -0.384400 20.113305 12.409295 18.110703 -0.438476 34.462835 17.161438 13.253316 -0.816269 -10.449265 6.739465 -26.870523 -0.555326 27.431334 -3.114223 -30.183298 9.565044 79.228370 1.668325 -4.937022 22.594761 12.776120 7.907025 2.970564 8.559943 54.423605 26.588103 41.291450 1.445541 58.379017 24.391899 7.964060 0.145903 26.319381 -13.068207 -27.223447 -1.519717 -1.173962 -60.183910 -42.884502 -7.282318 22.239083 -68.452250 -10.880573 -31.209494 38.740664 -12.822059 0.496123 -6.793006 24.505076 29.409040 7.339914 14.025584 53.541144 35.696587 17.223855 1.465004 69.997959 -37.904908 -21.776885 -8.945643 29.858458 -27.961790 -46.577288 -0.914065 0.354734 -24.061448 -18.003290 -2.629349 -9.742067 -28.176742 -3.004897 -11.876824 -11.518187 -32.441894 -1.803260 -30.482859 20.517269 -47.345832 -6.142409 -24.205591 3.317825 -85.563565 -59.598867 -8.308336 
-72.117437 -396.299102 -29.065299 -12.142690 180.304204 -362.677839 -52.461433 237.920263 122.289307 -326.082288 -70.607489 884.437914 -390.122181 -758.267116 -102.713499 338.627028 -381.861086 -445.750128 -82.543516 -102.887307 -96.802877 -49.031527 -21.737884 -9.156107 -12.301143 -7.018059 -2.838537 0.672891 -30.352005 -64.165646 -25.466534 4.364453 -15.701816 -36.003673 -44.108917 6.879400 -31.400826 44.001428 -39.030660 80.665748 -134.427660 207.631109 -50.732935 105.302469 -100.527497 119.303234 -55.534435 21.197939 21.824457 -12.138608 8.143455 16.849709 -1.862463 -23.399755 -6.805581 -0.594276 55.441639 575.199367 -2.728089 23.841190 -58.776860 471.944189 30.314764 -6.400775 -139.741761 333.141873 13.701714 -13.958066 -145.551168 234.984083 53.247220 15.176819 59.761198 108.330834 131.685032 16.392817 47.212937 -8.046577 21.875727 3.240945 -5.757831 -14.915417 -6.295684 -0.902204 42.162228 365.442914 19.614427 10.834609 -89.891440 236.003061 -0.842567 -2.531885 -150.109581 36.752678 5.153862 -12.944802 -1.961433 -97.690134 215.445465 -35.251301 -8.469544 -39.166769 124.692480 -28.380522 -0.989542 1.684726 0.599633 -2.749566 -26.646567 -8.567187 -15.393633 2.988777 -30.987807 1.494439 -32.832313 0.305785 -103.229058 -26.106877 -41.505765 -1.750995 -6.183655 -37.371391 59.640955 -5.294766 1.535303 -51.413937 63.465820 -6.735843 -153.132793 -61.596317 1.917049 -54.644730 -38.312774 -13.230946 -2.812774 -24.591776 -85.062800 -7.232884 -50.544281 -0.395419 -103.072544 19.141465 -29.888685 -1.501122 -75.466381 57.920518 67.260637 -0.999949 -26.181257 125.578461 79.332466 -6.496225 -13.725232 179.754362 -16.205132 124.115907 -100.721610 12.918784 -12.970105 67.705999 -90.051831 -68.027650 16.859810 -42.108152 -136.311193 -37.616468 58.167636 7.163249 -101.323181 101.348128 13.625293 13.264361 -77.038823 44.942353 92.473523 -4.463575 -90.870421 7.806397 16.772115 -22.799102 -60.468064 -36.162943 -6.699878 49.716049 0.602285 -2.198296 -5.286042 205.027854 -98.074737 89.104479 58.228497 29.539231 -121.441026 -118.406744 268.732017 0.028415 
-50.468269 15.683782 -1.757168 -26.895036 -251.328385 -493.738598 3.622360 -229.390190 344.489006 -768.930262 44.263519 -390.122181 1243.116136 -445.679012 88.800735 -11.199342 346.605729 -227.867029 17.449546 37.019845 -19.693909 -63.670952 -14.167610 -4.447888 -5.744235 -5.689470 -0.934879 -0.131415 18.303336 24.436231 3.133124 2.244439 3.224620 -87.217401 -18.816396 -0.000383 150.273875 -182.963014 -35.550913 -6.717860 322.996454 -186.083206 14.876645 -1.429574 23.781706 -2.156693 -12.491736 -17.040379 -23.710361 123.751403 13.172967 -2.546220 17.838282 21.719544 10.000332 10.725589 -27.127666 -631.806423 -86.532318 15.309484 54.758264 -228.193654 -89.753546 21.000485 70.913096 -21.862029 -69.281374 6.927074 -38.910570 53.560453 -84.617896 -7.253188 -115.847592 127.810274 1.766299 -1.508137 -29.884349 117.246914 63.590297 1.216202 22.975538 25.698398 24.192378 6.604913 -24.096342 -365.757882 -60.378966 -3.001428 32.404372 -82.506964 -19.114810 5.169549 -17.350704 0.742960 -47.969901 8.257168 -29.736226 83.539919 -13.096597 14.319942 -5.592899 33.673044 31.735129 4.073054 -7.585450 8.489976 28.896694 -1.288465 -18.907765 -3.803336 -2.327212 -3.111672 17.068768 -27.907509 23.133201 -1.687328 -5.428808 -4.042419 3.360295 3.836165 -77.726125 -9.045659 39.692837 -10.817034 -4.403377 -0.381441 31.858484 -43.489593 2.153071 35.981915 3.141491 -14.823054 -11.209188 -1.990129 -5.024844 3.258749 -13.090169 -27.831089 8.575656 -2.513596 5.970845 -18.025916 76.186741 -0.571268 -11.368865 14.528211 -11.236762 7.097822 21.977553 13.010305 -41.337210 50.087287 -90.821982 -14.594582 2.176819 -78.433553 -55.692302 98.202275 5.131568 -62.544154 21.267243 73.026120 -24.672482 12.009514 16.441970 111.127717 -72.618661 -1.723243 153.282165 27.247067 146.489873 -1.873559 -74.103892 -5.498061 1.682583 1.816881 45.833155 76.943603 4.717554 49.203984 -22.046475 149.837950 9.184267 22.653479 -59.953449 66.123304 10.317034 -117.806550 63.807443 -29.908734 -25.690159 -23.580706 12.016172 133.494745 -198.895011 -0.733037 
113.100449 333.652637 16.242985 19.484287 -142.690797 764.670034 32.924242 -172.599327 -813.048260 2239.838945 101.124018 -758.267116 -445.679012 3387.883277 161.515152 -266.794613 612.193042 1610.145903 203.610550 144.039282 272.905724 217.658249 87.901796 32.262626 40.744669 24.271044 8.912458 -0.312009 44.708754 78.787318 28.068462 -26.327722 -2.142536 -87.464646 23.914703 -32.528620 -129.025253 -208.790685 27.953984 -136.131313 -9.362514 -257.322110 155.124579 -158.701459 264.764871 -219.592031 228.469697 13.482043 25.664983 -170.674523 27.670595 -6.430976 -15.165544 -3.387205 -7.354658 -13.102694 -91.476992 -468.914703 15.645903 -53.164422 -3.494949 -809.713244 -20.867565 -21.810887 114.599888 -651.742424 98.895623 0.996633 205.859708 -502.356902 140.508979 -13.356341 15.856341 -382.236251 -154.712121 -22.221100 -57.302469 -145.685746 -131.210438 -6.095398 -23.294052 -18.636925 -27.171717 -8.065657 -45.791246 -222.335017 -13.066218 10.212682 110.453423 -106.678451 88.886644 1.662738 208.708754 86.441077 128.330527 19.054994 -31.777778 92.366442 -331.889450 62.457912 18.340067 -64.615600 -262.960157 35.014590 7.066218 -23.306397 -60.409091 0.367565 -8.423681 11.685185 -23.026936 -2.625140 67.056678 121.972503 79.246914 5.191919 170.810325 151.832772 132.483726 -5.740741 -32.343434 67.471942 -193.611111 31.535354 -0.108305 35.574635 -255.827160 112.577441 155.737935 52.797419 -50.255892 89.217733 13.889450 28.126263 -9.282267 18.855780 51.691358 5.490460 -35.377666 -9.453984 266.686869 106.133558 49.392817 6.849607 95.216611 -88.037598 -165.658249 -10.411897 -72.318743 -230.406285 -181.987654 -55.227834 50.024130 -182.691919 -27.864198 -87.890011 51.395623 3.290123 -27.467452 106.361953 53.153760 90.763187 -75.794613 98.705948 127.363075 44.072391 -187.356341 -20.256453 208.057800 -122.273288 -237.562851 20.879349 92.519080 -165.475870 -194.654882 3.835017 32.782267 -104.725589 -54.037037 -21.680696 18.011223 -58.068462 -15.456229 -155.216049 -138.565095 -174.629068 -30.626263 -148.521886 -74.768238 -84.185746 -165.835017 75.766554 117.741302 454.588103 -337.781145 44.346240 
11.896235 95.656566 8.849862 -0.947199 -36.579890 89.319100 23.244720 -33.389807 -38.151056 107.831956 62.140955 -102.713499 88.800735 161.515152 91.167126 -66.531680 142.677227 105.593664 56.817723 4.387052 45.841139 18.695133 8.430211 5.124426 2.801653 -0.375574 0.239669 -0.029385 8.557851 30.361800 4.324610 -0.853994 -0.142792 -18.601469 10.226354 -1.756657 26.845730 -66.070248 12.523875 -9.137741 95.958678 -97.059229 56.079890 -15.853535 47.742424 -80.693297 37.925620 -9.947199 -4.942608 -20.055556 -2.720845 -3.412305 -3.554637 -2.397612 -1.318641 -0.161616 -19.671717 -121.714417 -7.969238 -3.575758 12.036731 -171.969238 -11.864555 -2.001837 59.683655 -146.946281 22.615702 -1.118916 40.296143 -91.316804 9.586318 -9.251607 -30.394399 -47.484389 -46.982553 -8.545455 -18.136823 -11.343434 -16.327824 -1.299357 -2.550046 0.189164 -1.504132 0.245179 -5.034435 -77.340680 -4.303949 -3.537649 38.443985 -32.116621 22.384298 0.173554 48.057851 13.654270 19.082645 7.523875 -14.341139 52.042241 -69.941230 23.400826 -8.946740 6.644628 -44.166667 16.155647 0.021579 -0.548669 -6.736915 0.502755 4.301194 6.022957 -1.034894 -0.202020 22.850781 19.773646 26.826446 -0.314050 37.619376 21.717631 28.845730 0.239669 -16.578512 10.072544 -24.882002 -1.058310 15.074839 -7.228650 -37.403122 10.052801 62.675390 -1.758953 -6.902204 19.632231 6.132691 5.348026 0.375115 4.994490 37.596878 19.994949 21.728191 -1.637741 65.093205 36.733242 18.589532 1.060606 25.110193 -13.390266 -33.465106 0.662534 -4.035354 -47.961433 -44.106520 -0.876492 4.445822 -54.113407 -3.556015 -32.383379 31.500918 -4.865932 1.583563 -0.564738 22.223600 25.017447 -2.260790 9.391644 43.792470 26.459137 -3.886593 -0.874656 53.915060 -30.127640 -26.335629 -2.675849 -2.077594 -27.800275 -48.042241 0.483930 0.069789 -5.954545 -7.647383 1.328283 -9.915060 -7.756198 3.710285 -15.560606 -8.078053 -32.998623 -3.926538 -22.746097 17.205234 -26.902204 -14.780992 -11.228191 8.541322 -33.952709 -49.798439 -0.786501 
-126.271197 -394.281987 -28.467095 -30.096954 -160.883226 -784.068411 -71.686180 -137.949265 -58.234542 -717.367922 -82.401821 338.627028 -11.199342 -266.794613 -66.531680 877.693526 -100.510637 -123.961968 -52.975054 196.739516 -78.765840 -58.615702 -19.749388 -0.254591 -9.673477 -3.236915 -0.458907 0.758188 -43.224059 -210.869911 -35.978038 0.328818 -2.751760 -256.783976 -74.384451 -1.288108 -66.039715 -242.974441 -93.027854 13.744031 -153.531757 28.266912 -56.926538 84.014310 -65.372054 203.048745 -20.716253 74.881160 17.431359 42.057239 18.636440 27.221763 -0.408479 9.988292 5.404576 4.818182 -2.605219 -211.007423 -76.556091 26.019360 10.478191 160.464953 -57.529232 35.282446 -115.223523 356.376722 -38.021350 4.687557 -223.506275 314.738292 -7.605755 17.983777 -2.083639 157.224212 149.775941 19.622054 46.124273 45.710438 67.165289 10.137129 0.856367 5.703551 6.840680 2.948806 19.075528 -8.902204 -16.718626 19.756045 -69.257040 214.958448 -8.591445 9.823615 -194.640725 134.979109 8.380012 -8.947046 -59.453857 -3.186486 185.940695 -27.654500 22.345271 -13.038261 146.902357 -20.029232 0.558157 4.532369 27.513774 -1.746480 -43.285736 -13.806244 -12.147842 0.584175 -35.725742 -4.994337 -10.319406 1.987603 -111.540787 -42.576293 16.093281 2.116850 -81.014463 -8.786654 123.878329 -13.433655 -69.695898 -30.029538 90.243036 -60.421028 -123.027013 -30.479875 6.860652 -62.145011 -22.757499 -21.531451 -7.300429 -16.173707 -164.688782 -118.144781 -120.337772 -4.451255 -151.827594 0.069636 86.821472 -1.552189 -135.849939 41.593358 113.890266 5.294383 -42.749158 167.443220 79.437404 20.284359 -16.797903 189.936180 -31.944751 54.300811 -89.121442 -31.516682 -17.622743 -28.823462 -79.040328 -152.338537 -45.813590 -25.938399 -227.194751 -147.470845 -201.171870 -2.716100 -221.617233 164.103459 168.548133 32.450949 -177.490282 41.554025 85.566116 -2.807851 -56.940848 70.381313 2.914371 1.556397 61.753597 102.015228 -10.317723 89.975589 -22.251530 141.830885 3.393251 200.622130 -164.847184 256.316039 3.769743 64.150903 3.625191 520.521426 126.476125 30.170952 
53.584226 260.505331 31.939649 -9.342542 -82.299306 173.761861 59.232094 -129.183578 -179.087364 256.012652 98.582313 -381.861086 346.605729 612.193042 142.677227 -100.510637 613.758315 326.016503 117.212784 118.495358 127.928681 8.898837 17.856418 17.076446 3.329992 -1.054025 0.740511 -0.132640 66.928222 135.378074 26.927584 -7.297036 14.879655 -46.028237 19.533313 -9.898913 26.459366 -217.125242 -11.793184 -41.256428 236.686231 -271.718039 78.482247 -42.746072 220.404602 -166.264284 74.092287 -8.812800 11.133991 -37.049944 -17.423146 -8.828130 -1.885165 -1.565121 -3.849225 0.826599 -44.972783 -482.887537 -32.738318 -16.108025 23.963499 -531.825579 -61.770840 -3.534104 120.572263 -404.645776 -5.208372 -4.215718 118.182787 -223.249464 -13.780124 -21.776298 -36.978293 -111.143200 -133.164371 -19.388608 -30.446026 -19.729517 -43.917049 -7.042904 1.954724 4.447862 1.182736 0.237603 -19.156489 -218.397919 -12.052826 0.648097 73.024513 -78.726890 40.623635 2.517269 122.269131 41.123125 12.855933 14.918937 -4.232553 106.680568 -174.543644 46.396618 -7.621824 3.582900 -97.281706 27.545659 -2.469442 -4.281833 -5.494490 -0.340960 8.623304 18.738445 0.301806 -1.189113 41.181869 55.591266 50.671003 2.428375 77.475997 67.024309 41.097975 -0.624809 -22.091139 8.467044 -77.275941 1.141185 26.968218 -20.933476 -92.819508 6.044383 115.303056 19.689139 -15.594965 28.002321 4.123992 18.330349 3.207326 9.505153 112.746990 56.882716 30.417866 -2.570682 127.560376 23.274207 26.437736 1.427048 59.952224 -47.532242 -83.199112 -0.834379 5.122334 -131.350883 -101.681716 -6.547087 33.869784 -105.138659 -13.287216 -105.560428 50.343511 42.548771 -6.158300 -48.993189 50.827696 83.920365 -25.161463 17.568131 168.280966 73.286578 -96.274921 -13.887001 114.930772 -103.060861 -80.283160 -7.654244 51.038287 -32.616213 -93.197123 1.998240 39.437073 30.191077 -0.308157 3.121493 30.946332 53.706484 10.481328 -42.479517 -44.132206 -1.972809 -9.525023 -97.131619 13.370498 -17.879196 -82.078130 -31.301704 52.649628 61.593307 -200.993725 -6.792113 
53.866748 99.680415 14.428018 -2.125676 -92.043873 183.478574 11.688017 -147.001301 -303.366213 570.744822 75.967223 -445.750128 -227.867029 1610.145903 105.593664 -123.961968 326.016503 1350.079099 175.400724 147.694929 264.194980 313.637129 99.601750 36.966253 48.718728 39.467095 12.251990 -0.069126 15.530609 -64.501479 1.336828 -12.141083 6.586573 -185.278007 -0.787777 -15.707453 -57.251377 -230.409142 -6.821957 -66.647153 -33.825094 -176.914856 98.709979 -78.229237 144.118406 19.427482 215.851699 22.382180 78.567417 13.992144 75.656132 7.792164 1.541986 43.345807 20.241072 -4.622896 -102.833053 -609.754234 -34.656897 -23.091190 13.369376 -692.463014 -52.913478 -3.087057 18.345756 -392.548898 36.319636 -3.588078 16.682022 -165.954699 83.542037 -19.810428 0.406617 -125.688042 -0.289256 -6.077160 5.901847 -51.857464 11.100398 4.482196 -10.016044 0.912203 0.086318 -3.066804 -49.187251 -254.111417 -19.170212 8.123151 37.316830 -110.461509 22.745460 3.560121 44.381619 35.460132 39.477910 7.875013 -68.948347 79.617360 -138.120166 33.915901 25.937404 -0.919549 -55.106622 22.266656 8.796704 -6.671641 -6.300275 -0.588129 7.651158 14.934037 -7.246403 -1.185746 20.070452 39.664881 26.821753 3.241965 69.357387 46.312800 49.343460 -2.305249 -52.534206 29.089022 -63.196051 10.415289 -13.103714 -10.665952 -83.513570 48.490205 103.262499 -3.036603 -9.969620 41.907586 8.001250 -1.293159 -3.875013 1.080298 8.477171 -55.928732 -74.261045 -10.782956 76.309229 -21.047801 35.376977 2.420314 33.582313 -72.151923 -16.509489 -5.045276 -27.717733 -116.316294 -54.141924 -21.830221 93.625829 -133.347107 -19.563922 -56.596852 86.787496 -27.541832 -10.748903 -14.130012 11.906974 17.569891 -55.758341 37.517932 21.297189 5.551959 -216.645597 -3.181155 11.588562 36.713397 40.279436 21.665162 40.833818 -100.964391 -3.938629 0.165366 1.986353 -79.965488 -18.297597 -7.718575 112.212784 -22.244541 -4.346036 -29.420595 -36.566243 57.091317 -9.152663 -94.897459 -42.509055 92.638404 -109.250765 11.907509 81.226610 471.023365 -163.213193 22.334303 
9.653709 45.157688 6.221406 -0.957402 -24.519998 65.472146 13.548209 -24.547903 -53.614376 100.552444 35.579023 -82.543516 17.449546 203.610550 56.817723 -52.975054 117.212784 175.400724 62.929191 12.505765 63.387818 49.685338 17.638251 7.936180 6.907662 1.868840 0.773799 0.025457 5.620600 1.006326 -0.281400 -1.741404 -0.575502 -19.964187 9.001479 -3.014386 3.937098 -52.084073 9.622028 -12.124885 54.658606 -66.086114 46.968932 -15.969136 48.436588 -46.227018 57.402663 -3.828334 8.723753 -12.533109 8.300531 -1.533823 -2.146261 -3.252219 -1.682481 -1.011785 -18.512346 -129.558872 -11.036374 -6.255331 4.432966 -158.264208 -8.588868 -2.950464 31.694011 -128.791093 20.315274 -3.611723 29.290838 -78.797674 30.594378 -8.523926 -16.779563 -50.943781 -26.906336 -7.306958 -12.367667 -19.317059 -13.776553 -2.129375 -2.446026 -1.790736 -2.263545 -0.694674 -5.504285 -68.287267 -5.630956 -1.360780 24.080145 -27.380012 15.739720 0.039690 42.817570 11.771656 22.313539 4.414958 -14.244720 31.172686 -49.821957 17.193450 -13.379859 -3.234976 -37.066218 11.298337 -0.561422 -2.495103 -7.000459 0.031476 4.189266 4.596572 -0.325375 -0.120090 14.317008 15.062494 17.849760 0.445363 35.948526 20.822212 22.178400 -0.197582 -7.446740 10.662024 -30.385675 1.881543 6.059280 -5.797725 -39.747271 15.246863 41.840322 -6.782012 -6.000153 13.257219 1.509285 0.409550 -0.096776 0.512805 14.574278 4.005612 -1.802826 -1.886950 47.669421 24.082134 12.934599 -0.079686 21.505408 -14.399857 -21.410315 -0.190593 -3.061167 -39.172125 -30.042751 -3.018008 21.997500 -44.563361 -7.293031 -21.238955 33.738139 -2.803540 0.519692 -3.376339 10.470564 15.377053 -6.341904 3.263800 14.661514 16.582951 -35.469748 -1.856545 30.178094 11.561422 -12.848434 4.322875 5.682532 -24.811958 -26.966177 0.452097 -4.726916 -16.124579 -5.192684 -0.776655 8.087899 -7.802163 2.939547 -11.291807 -3.456739 -6.579941 -2.068411 -18.831344 1.107336 7.004336 -18.983318 -5.717376 2.644424 48.757984 -41.932201 2.592338 
