50.079599 49.726914 2.278519 7.736944 121.124012 101.006142 5.995772 21.104012 -12.524630 44.840154 1.803889 2.869846 -123.063920 5.795185 -3.256327 -15.732037 -35.562068 2.707654 1.759722 -6.824877 2.450278 -26.889537 -3.548704 -2.110185 -5.954475 -44.895833 -5.709568 -2.957160 7.212963 17.882500 1.950741 1.002870 42.489938 52.475957 6.098426 14.505185 4.460093 58.576790 2.065617 19.397315 -53.820062 77.088302 1.575000 -6.922438 -26.449815 17.876574 -5.300679 -3.026451 0.043858 -27.227623 -7.456944 -3.396944 7.656543 -62.569074 -9.320679 -5.295000 0.783889 4.693117 -0.251574 -0.025802 9.041636 12.107377 -0.141914 4.824444 27.788951 29.350309 1.791019 17.193796 -26.005864 18.618765 0.063117 11.787500 -38.440772 -8.079444 -4.493858 -2.068395 -4.795648 -12.125463 -2.352932 -1.561883 2.352623 -23.907130 -3.205957 -1.987500 5.896235 23.806173 -6.684414 0.883241 2.647870 -5.350833 -3.900494 1.576852 5.724815 4.551142 -0.337623 6.779383 -10.112840 12.248457 -1.193611 14.950401 -25.365895 7.247562 -1.101790 1.861914 -7.550833 6.032500 0.151296 -3.069074 2.182222 11.482284 0.668827 -0.284259 0.002068 20.384352 -19.700093 5.817685 11.386451 5.205864 -2.836852 7.193920 -6.079630 17.619784 3.148796 -2.251296 -15.527593 20.097284 -2.390062 0.937963 -4.967191 2.331296 -1.851080 2.506235 -6.804691 25.177222 0.770463 -7.538796 4.360463 63.559907 3.300093 -5.647500 -45.117747 -6.298642 -7.471204 -9.985000 19.595648 18.097346 1.273395 12.228796 -14.251142 14.178272 -3.198272 11.281636 -26.539414 5.618241 -10.528611 3.960710 25.222623 -2.653858 -3.894784 2.838426 16.495710 13.088086 2.736914 -13.257994 -15.140710 46.860278 -0.301852 -25.311358 -29.619537 -22.956883 0.109938 -34.719012 -1.412407 -48.039568 -3.932006 -16.240154 -17.085710 -12.933241 -22.181543 20.048086 -35.952346 46.302562 -17.755586 32.319259 19.520556 66.403920 2.345679 9.729475 53.495216 28.330278 5.863858 -6.558056 -5.802623 -30.475833 0.984568 -18.702407 
49.726914 84.179506 5.309630 11.973333 99.707531 101.579383 8.105679 22.453086 -31.456296 31.311358 4.508889 -3.986914 -126.719383 9.154074 -3.390123 -18.247037 -18.778642 -10.720864 -3.605556 -6.672469 3.802222 -37.207037 -5.219259 -1.935185 -3.360494 -40.916667 -5.658642 -3.141235 17.440741 65.865556 6.481852 1.285926 41.486790 69.984198 7.372593 18.684074 -10.639630 58.701975 3.057654 18.619259 -56.654321 81.937284 -1.811111 -8.052346 -23.328148 13.888519 -9.631975 0.527901 1.287284 -8.458642 -9.066667 -2.920000 21.492469 -46.778519 -9.036420 -5.837778 3.071111 23.644321 -0.255185 -0.026173 21.463951 23.060247 -0.143951 7.573333 26.760988 33.199383 1.865185 19.515185 -32.927160 18.373580 -1.251235 8.327778 -42.015679 -2.874444 -5.870617 -1.707654 -5.044815 1.709259 -3.335802 -1.379012 6.025309 -14.560741 -3.479753 -2.061111 12.579753 42.004321 -7.250617 1.330741 12.651481 10.004444 -3.965679 3.446296 11.750370 15.939383 -1.766420 11.613457 -21.224321 18.275309 -1.782222 15.574198 -33.204321 13.246543 0.598025 0.203951 -7.567778 12.648889 2.658519 -3.750741 5.902222 24.340988 1.156790 1.729630 4.870864 25.745185 -25.313704 9.572963 26.163210 0.310494 -8.654074 11.948272 -1.740741 3.113210 -1.583704 0.413704 -27.378148 10.433210 -3.230988 3.824074 -12.501728 6.604074 1.454938 4.193086 -9.062840 21.312222 3.895185 -8.452963 1.665185 66.288519 1.358148 -4.057778 -62.567284 -25.380494 -12.982593 -12.857778 18.178148 21.649753 -3.157901 20.984074 -13.978272 21.376790 -4.025679 22.350617 -35.273951 -1.311481 -10.606667 7.342469 6.346420 -6.789506 -5.985432 4.987037 18.972469 2.790494 3.659506 -11.181235 -16.332469 44.054444 -0.462963 -24.199506 -45.891481 -53.083457 -1.280988 -45.211975 -12.197407 -80.531975 -3.766543 -22.194691 -20.692469 -50.825185 -22.231358 32.370494 -33.484198 23.925432 -28.502716 54.928148 0.170000 98.372716 -8.813580 17.893827 75.001235 57.742222 10.013951 -5.303333 8.480247 -33.806667 1.841975 -20.189630 
2.278519 5.309630 1.315556 0.324444 4.534815 8.697037 2.145926 1.059259 -6.231111 5.591852 2.095556 -0.731852 -12.510370 4.726667 1.207407 -2.097778 2.634074 0.982963 0.555556 -0.814074 1.426667 -5.173333 -0.620000 -0.277778 -1.014815 -5.533333 -0.637037 -0.272593 2.555556 14.697778 1.515556 0.031111 3.108148 7.410370 0.960000 1.008889 -1.642222 1.812593 0.002963 0.497778 -3.307407 1.080741 0.088889 -1.561481 -1.137778 -5.393333 -0.305926 -0.820741 -0.297037 -8.137037 -1.177778 -0.506667 -0.779259 -7.242222 -1.025926 -0.453333 0.631111 6.009630 -0.028889 -0.002963 5.078519 3.322963 -0.016296 0.502222 2.509630 1.403704 -0.028889 0.582222 -2.203704 -0.494815 -0.025926 -0.933333 -3.677037 -2.826667 -0.391852 -0.791852 -0.571111 -3.133333 -0.374074 -0.214815 -0.174074 -3.473333 -0.390370 -0.233333 -0.465185 -2.881481 -0.862963 -0.042222 3.184444 -2.124444 -0.299259 -0.011111 3.504444 -1.682963 0.014074 0.428148 -3.136296 -0.507407 -0.486667 0.579259 -4.874074 3.391852 0.609630 -0.441481 -1.135556 6.142222 0.902222 -0.464444 2.071111 9.469630 0.381481 0.988889 -2.871852 -4.468889 -2.131111 -0.335556 1.258519 -2.240741 -0.048889 -0.220741 0.933333 -3.897037 0.428889 -0.946667 -2.204444 -1.857037 -0.360741 -0.711111 -1.820741 3.137778 1.559259 -0.827407 -1.498519 3.880000 1.131111 -0.968889 1.315556 8.540000 0.186667 -0.904444 -2.307407 -2.388148 -0.980000 -2.115556 0.360000 1.152593 0.405185 -0.202222 -0.561481 3.077037 -0.019259 0.629630 0.879259 -0.704444 -0.768889 -0.201481 2.745926 -3.018519 -0.425185 -0.844444 -1.408148 -3.958519 0.047407 -2.097037 -4.067407 -5.124444 -0.200000 -3.849630 1.380000 -1.357037 -0.127407 -3.754815 -0.446667 -2.717037 -0.376296 -1.436296 -1.642963 -0.635556 -1.665185 0.534815 0.989630 0.349630 -1.554815 0.660000 2.984444 -0.394074 -1.018519 -0.074074 -0.407407 -1.760000 -0.043704 -1.251111 -4.614815 -7.035556 -0.207407 -2.720000 
7.736944 11.973333 0.324444 1.960833 16.118333 14.348056 0.533611 3.808333 -1.807222 2.718611 -0.443889 -0.088611 -16.943611 -1.970000 -1.426389 -2.301667 -5.349167 -3.167778 -1.065278 -0.828333 -0.188056 -3.979722 -0.646111 -0.225000 -0.165278 -4.276389 -0.675000 -0.367778 1.650000 3.347500 0.291111 0.203056 6.227222 8.196389 0.734167 2.821111 -0.197500 9.548889 0.495000 3.175278 -8.875000 14.351944 -0.208333 -0.713611 -3.905000 5.763056 -1.126111 0.389167 0.324167 3.720833 -1.020833 -0.307500 4.145556 -2.107222 -0.930556 -0.662778 0.185000 0.783056 -0.032500 -0.003333 1.234167 2.153611 -0.018333 1.040000 4.170556 5.241667 0.334167 3.181389 -4.858333 3.993333 0.070833 1.795833 -6.151944 1.456111 -0.646389 0.002222 -0.642500 2.201389 -0.379167 -0.154167 1.143056 -0.482500 -0.397500 -0.262500 2.351667 8.605556 -0.706944 0.238611 0.432500 3.419722 -0.431111 0.558333 0.685556 4.105278 -0.159167 1.828889 -2.081111 3.430556 -0.053056 2.591944 -4.156944 0.613056 -0.268333 0.278333 -0.874722 -1.196944 -0.035000 -0.379444 -0.120000 -1.071667 -0.008333 -0.230556 2.774722 7.136389 -2.933611 1.764167 3.601944 1.430556 -1.321667 2.078056 -0.716667 2.696389 -0.514722 0.462778 -3.399444 2.534444 -0.390556 1.097222 -1.366389 0.155000 -0.545833 1.381667 -0.967778 1.792778 0.033611 -0.160833 -0.568611 6.057500 0.122500 0.007500 -8.690278 -2.970000 -1.758056 -1.066111 2.731389 2.627222 -0.870556 3.597500 -2.366389 1.331111 -0.735556 3.387500 -5.966389 -0.211944 -1.402500 1.313611 0.314167 -0.020833 -0.804722 1.304167 3.668611 2.343889 0.558889 -0.586944 -1.259167 9.347500 -0.005556 -2.326667 -8.503056 -7.705833 -0.185000 -5.658889 -2.198333 -12.087222 -0.510833 -2.779722 -3.194167 -8.160833 -2.781667 5.168333 -6.308889 3.528056 -3.546389 9.013333 -1.766111 16.541389 -0.988889 3.045833 12.698611 10.374167 1.695278 -0.440833 3.090278 -3.177500 0.383333 -2.418333 
121.124012 99.707531 4.534815 16.118333 1069.044321 497.347469 17.426728 168.682099 581.461852 521.184012 -18.442222 209.185988 -1212.046358 -91.220741 -87.320062 -107.552963 -546.970432 -101.425432 16.908333 -83.225679 -8.410556 -45.606852 34.663704 -17.209259 34.978086 -128.219444 -2.059877 -23.132840 11.214815 17.720556 2.345926 1.894630 350.076173 142.137099 11.491296 72.460370 364.097963 280.183210 -2.015062 204.244630 -508.838272 577.058086 35.800000 6.236605 -332.927407 208.108704 58.157901 -66.195494 4.358086 -172.612654 20.986111 -19.243889 21.389012 -520.143704 -38.887654 -45.473333 0.090000 23.978827 5.119074 -0.377531 95.275864 62.596235 1.534691 21.260000 342.892716 181.491358 14.982037 125.804259 -223.224691 225.813457 24.368827 78.636111 -437.366728 6.307778 3.908580 -46.584938 -56.291296 -134.112037 2.668210 -14.436728 -17.542901 -244.886481 -15.635988 -9.830556 64.444321 207.671605 -10.016975 0.722037 20.984630 97.176111 -19.480617 -1.407407 175.644074 72.354136 7.300679 30.032840 -39.284938 15.065432 -8.253889 93.647099 -379.485494 53.004383 -17.366543 22.427531 -126.985000 31.392778 -2.691852 -1.554815 -2.557778 3.279383 1.417284 1.837037 134.678210 172.663148 -150.566852 51.507593 92.826605 51.502469 -55.084815 20.350802 59.407407 -43.312284 15.547593 -33.908148 -24.971852 -49.696173 -15.039383 -0.435185 -119.504753 152.273704 -11.116975 61.519877 -85.813086 179.282222 0.574259 58.761296 2.887593 236.669815 3.939074 83.382778 -327.628086 3.795309 -81.159074 -18.631111 145.707963 98.618765 -24.838395 87.724259 69.651420 6.275062 -31.159506 43.561420 67.267469 -2.852407 -61.790556 0.230679 136.102654 14.238580 -23.526605 17.299074 69.895123 13.705802 -1.033580 21.443272 71.837099 306.370556 -13.198148 71.929136 -287.139074 -228.071173 1.760617 -307.839877 60.441852 -440.814321 -16.984383 -103.695123 72.680432 -201.149815 -148.133457 179.142469 70.799012 140.992160 -183.668580 120.127407 181.157778 86.620802 -43.579012 10.588580 155.092284 -62.095000 0.448086 -45.738333 36.215123 -42.396111 3.420988 -32.699259 
101.006142 101.579383 8.697037 14.348056 497.347469 342.587006 19.706265 90.038580 119.829074 269.305586 -1.496111 89.276636 -588.605895 -16.364074 -32.027932 -52.713519 -207.235525 -30.604691 3.476389 -37.779198 4.333611 -70.759907 -3.102407 -10.995370 2.097994 -101.362500 -10.477469 -12.523210 19.764815 74.421389 7.908148 1.606574 168.955988 122.799414 12.363241 43.379259 93.897130 164.589136 2.110679 89.451019 -244.626235 267.518549 9.758333 -9.749599 -138.970185 74.439537 4.559198 -30.121512 -2.003673 -84.251080 -12.406944 -17.108056 21.610864 -203.937593 -19.671914 -23.906111 2.995000 33.327068 1.346574 -0.161605 59.021883 43.389475 0.483395 14.968889 137.545123 91.820062 7.020648 58.290093 -112.936728 90.184198 9.447068 31.065278 -181.751265 -13.935000 -4.757438 -20.741235 -24.943796 -59.149537 -3.340586 -7.927932 0.998302 -106.103426 -8.746080 -6.948611 33.769691 113.951235 -14.770216 1.751759 22.173796 35.782500 -13.616543 3.006481 65.567407 29.876451 0.777809 18.589877 -29.935679 12.133025 -5.438056 42.640525 -149.616512 25.781512 -4.153025 0.864383 -53.134167 36.193611 2.769815 -9.320926 10.237778 51.755123 2.912654 3.406481 69.347747 68.963981 -86.931574 22.213981 50.698179 21.447840 -27.938704 18.002562 12.429630 -9.485154 6.250648 -9.880926 -27.153519 -6.502099 -9.724012 -3.443519 -39.319660 51.260926 -1.920216 14.890802 -43.457160 80.060556 4.461204 3.126019 6.356759 144.417315 7.064907 3.663611 -149.120216 -27.512840 -44.758241 -26.162778 78.899352 41.943025 -10.014877 40.108426 13.884660 14.855432 -12.547654 25.678549 -3.341883 3.353426 -32.617500 3.253920 82.573858 2.799228 -14.495401 11.853241 26.111142 11.063395 0.544938 -7.474043 -13.272809 111.265833 -4.359259 -20.158272 -102.928796 -101.756265 -0.840679 -161.631358 27.552407 -208.774136 -5.027068 -61.022253 -5.184475 -89.623981 -69.574753 74.423395 -13.736914 85.797623 -81.092006 68.678519 96.548333 80.695895 -19.130864 19.027006 98.505710 6.035833 3.349660 -23.908056 4.362809 -39.170278 6.580247 -33.020926 
5.995772 8.105679 2.145926 0.533611 17.426728 19.706265 4.663302 3.886728 -4.218704 14.414105 4.532778 0.855895 -34.105154 4.590370 0.251698 -5.233519 -2.351451 -2.249506 -0.468056 -1.415494 1.338056 -12.772130 -1.622407 -0.278704 -3.005710 -15.029167 -1.747840 -0.518025 3.664815 20.946944 2.212593 0.076574 9.241914 13.515340 1.895463 2.154815 0.393796 6.646173 0.069198 2.643241 -13.622531 7.127068 0.230556 -2.866636 -6.085741 -6.520463 -0.963395 -1.081142 -0.806265 -14.854784 -2.990278 0.251944 -1.790617 -13.890926 -1.908951 0.629444 0.870556 9.264475 0.134352 -0.009012 8.783735 5.962438 -0.010679 0.871111 8.371420 4.707099 0.008426 2.077870 -6.495988 2.728272 0.387809 -0.195833 -11.611636 -1.445000 -0.777068 -1.560864 -1.442685 -1.627315 -0.614660 -0.114969 0.346451 -3.026759 -0.219784 0.218056 -0.634383 -7.830247 -1.333179 -0.173796 4.580463 -6.458611 -0.993580 0.023148 8.416296 -6.178735 0.080772 0.968025 -2.805309 -1.902160 -1.030278 1.775340 -12.351698 6.090031 0.673272 -0.349321 -3.214167 8.796944 1.238704 -0.690926 2.786667 12.696975 0.533025 1.239815 -5.446327 -10.138241 -4.279352 -1.227130 0.228920 -5.809568 0.067963 -0.740401 1.718519 -7.448858 1.673981 -2.044259 -2.707963 -2.903580 -0.518086 -1.704630 -4.168179 6.432037 2.022377 -0.914383 -3.627901 6.485000 1.575648 -0.353981 1.666759 13.435093 0.162685 -0.813056 -1.622068 0.337901 -0.799352 -5.106111 0.414907 4.895617 1.756975 -1.582685 -0.432377 6.271358 0.733086 0.291512 0.965154 -0.334352 -2.147500 -0.686451 7.958673 -5.541512 -0.976142 -1.030093 -2.458117 -7.145123 0.092346 -3.215525 -7.462438 -9.236389 -0.181481 -6.796790 7.495648 6.253364 0.243025 -7.541728 -0.583148 -0.780062 0.068858 -3.519660 -3.260772 1.157130 -3.901049 -0.741790 0.930494 2.691698 -4.163488 0.110741 7.271667 -3.192623 -1.054938 1.458488 0.359414 -6.590833 -0.344043 -1.625833 -12.179784 -18.322500 -0.354938 -6.557593 
21.104012 22.453086 1.059259 3.808333 168.682099 90.038580 3.886728 44.793210 53.362963 60.965123 -5.077778 54.523765 -205.688580 -35.857407 -16.758951 -17.324074 -78.929321 -27.848765 -1.169444 -8.567901 -3.408333 -14.954630 2.837037 -1.070370 2.933642 -18.452778 -1.215432 -1.583951 2.537037 3.108333 0.292593 0.349074 60.745062 21.884877 1.321296 14.853704 42.687963 44.520988 -0.339506 39.310185 -87.004938 90.161420 2.361111 5.618827 -49.651852 25.362037 5.990123 -2.429938 0.028086 -15.279321 0.413889 4.058333 5.484568 -67.070370 -4.309877 -3.833333 0.094444 9.046605 2.182407 -0.053086 19.961420 17.470679 0.341358 5.322222 39.049383 35.896914 3.034259 24.900926 -51.769136 45.223457 5.513272 20.063889 -70.058951 11.211111 0.638580 -1.554938 -8.365741 -4.123148 1.523765 0.546605 -0.209568 -30.778704 -1.268210 -0.108333 17.020988 47.593827 5.838580 0.056481 4.449074 28.641667 -3.211728 3.098148 20.079630 21.933025 -0.157099 13.011728 -14.138272 8.304321 -0.719444 19.018210 -58.802160 -1.458951 -2.720988 6.408642 -19.702778 -2.652778 -0.462963 0.824074 -0.822222 -4.983951 0.111728 -0.474074 40.395988 17.134259 -19.243519 7.139815 8.485494 -3.858642 -9.264815 5.466358 1.151852 -15.770062 1.317593 0.346296 -3.368519 -5.233951 -4.754938 3.670370 -17.672531 13.409259 -2.966975 6.493210 -18.369753 13.966667 0.173148 12.165741 -6.115741 14.445370 0.321296 11.163889 -42.100309 -2.808025 -10.671296 2.294444 5.876852 10.898765 -5.578395 14.395370 -6.621914 -2.654938 -4.895062 7.189198 -1.755864 0.450926 -6.325000 -0.312654 23.523765 13.405247 -0.913272 4.582407 5.354012 11.902469 -0.169136 7.763272 10.657099 40.786111 -2.475926 20.958025 -52.354630 -32.164506 1.289506 -41.193210 -2.998148 -67.965432 -2.518827 -11.331790 -6.781790 -29.895370 -21.267901 26.102469 -2.320988 15.429938 -16.049691 20.024074 19.650000 16.944136 -0.873457 6.583025 28.064506 -0.086111 0.789198 -5.169444 19.698457 -1.863889 -0.106790 8.068519 
-12.524630 -31.456296 -6.231111 -1.807222 581.461852 119.829074 -4.218704 53.362963 2356.312222 636.698704 -29.785556 309.603519 -689.441296 -50.347778 -248.843519 90.356667 -1647.407963 -461.575185 -135.930556 -153.668148 -114.817222 -114.150556 66.734444 -33.566667 13.584259 -278.519444 20.503704 -31.364074 -14.966667 -87.253889 -8.986667 -0.309444 161.559630 -23.992037 -6.861667 10.104444 992.898333 105.522963 -17.626296 212.390556 -414.459259 757.904259 35.833333 167.822037 -756.668889 773.261667 51.735926 -96.257593 -13.834630 -7.493519 64.847222 -7.967222 -13.878519 -884.904444 -7.290741 -38.015556 -3.478889 -21.659074 3.677222 -0.612593 10.964259 11.064259 2.758519 1.028889 531.977037 121.962963 8.849444 119.988333 5.698148 293.563704 32.378704 177.069444 -773.135741 32.808889 -17.965370 -47.518148 -132.888333 -235.391667 -17.039815 -21.149074 -36.734259 -407.589444 -40.192407 0.630556 69.250741 228.225926 22.849074 -5.351667 -10.538333 249.140556 22.705926 -24.516667 271.418889 219.122407 27.376481 6.730741 17.259630 5.301852 -5.329444 173.797963 -610.100926 135.832037 -34.117407 113.401481 -212.153889 3.868333 -11.710000 19.134444 -35.497778 -114.692963 -3.009259 -3.172222 199.377963 261.301667 -100.062778 43.685000 89.020926 127.307407 -70.713333 -32.240926 147.677778 -29.267963 -7.788333 -86.973333 89.831111 -92.489630 -2.919259 23.672222 -195.229815 288.585556 -12.695370 146.064074 -122.227037 198.178889 -19.798333 260.696111 -60.817222 20.033889 -19.276111 263.817222 -197.378704 55.955926 -113.020556 -2.418889 131.232778 54.437407 -67.991852 86.723889 239.955370 -111.867037 -30.165185 8.528704 310.459074 -61.560556 -42.520556 -51.125741 99.509074 -83.634259 -27.193148 -24.380556 -21.412407 -36.112593 -4.748519 190.643148 227.824630 522.446111 -15.044444 510.591852 -286.196111 -224.009074 -5.352593 -331.255185 106.004444 -388.308519 -25.679815 -60.543148 253.264630 -206.203889 -141.882593 134.011852 215.194815 -40.411296 -222.341296 85.507778 97.208889 -146.055370 -41.037037 -33.723148 28.132407 -177.316111 -16.769074 -6.683889 405.778704 427.579444 -0.237037 211.367778 
44.840154 31.311358 5.591852 2.718611 521.184012 269.305586 14.414105 60.965123 636.698704 666.690710 0.990556 177.615957 -762.770031 224.108519 -81.809105 10.352407 -574.368179 -43.837901 -10.865278 -64.244877 -24.978056 44.737685 32.252407 -16.987963 80.392747 55.012500 4.190432 -15.786049 10.957407 58.656389 6.391852 0.482315 143.758827 72.970957 8.270093 26.031852 261.763981 145.359012 -0.014383 118.776759 -341.492284 307.561080 1.241667 52.707006 -270.502037 119.949352 15.248210 -58.069228 -11.677809 -156.119290 10.034722 -36.286389 27.685432 -375.012407 -21.531790 -47.143889 2.416111 35.469228 2.464537 -0.634691 51.574414 43.179043 1.059198 6.764444 230.106728 89.139198 2.507130 58.748796 -92.922531 105.600988 8.877006 40.418056 -238.891327 -18.326111 -8.294414 -35.510617 -41.945093 -130.139352 -7.655710 -13.975772 -16.377932 -217.674352 -16.835401 -7.290278 17.822901 69.722840 -37.853858 -5.123981 17.642870 8.145278 -23.226049 -17.445370 151.449259 -11.389414 7.374043 -15.330617 -0.493951 -45.679321 2.521389 19.518735 -219.835340 13.225895 -6.967346 -0.140309 -81.765833 33.384167 1.852407 -8.912407 9.667778 47.807840 2.879938 2.765741 63.183735 66.547130 -135.146204 -1.175093 74.514784 65.250309 -55.839074 -14.098858 76.314815 -27.396327 10.438241 -54.907963 -48.635370 -101.662716 -9.172284 -34.806481 -104.587747 91.122407 -4.831636 39.185123 -58.222469 127.917222 4.055463 30.529537 13.643241 165.338241 6.551759 41.897500 -139.764969 -4.146420 -73.358426 -49.887222 169.972870 73.610679 -12.111049 23.624907 145.600525 27.726049 -26.944938 8.851080 55.301142 -9.458981 -56.454722 -23.602068 44.585401 7.415586 -22.150895 -11.936574 18.907377 -5.343025 -1.837531 31.498117 64.554290 228.128611 -0.857407 78.550864 -41.148981 -53.302994 -7.050062 -241.211235 117.436481 -208.962901 -12.491451 -81.251821 95.999290 -77.514907 -116.260432 61.858086 135.972099 67.393117 -170.583920 29.849259 135.212778 -15.236636 -43.609877 -12.617747 26.742438 -52.858056 -11.464475 -25.825278 61.172377 133.886944 12.167901 14.332037 
1.803889 4.508889 2.095556 -0.443889 -18.442222 -1.496111 4.532778 -5.077778 -29.785556 0.990556 36.198889 -14.383889 -13.723889 32.601111 40.869444 -9.430000 -11.712778 -3.020000 -0.441667 -1.504444 0.615000 -32.529444 -0.996667 1.033333 -5.880556 -39.508333 -1.166667 -0.031111 4.522222 28.366111 2.956667 0.027222 4.173333 16.001667 2.376111 -0.375556 15.622778 11.685556 6.721111 -0.372778 -8.900000 -0.398333 4.094444 -0.539444 -26.106667 -21.465000 -9.992222 0.599444 -4.915000 -42.775000 -5.213889 -0.129444 -12.991111 -66.268889 3.200000 1.681111 1.407778 11.433889 -0.201667 -0.004444 10.820556 7.976111 -0.163333 0.303333 30.870000 5.783333 -0.379444 1.737222 4.855556 3.618889 0.019444 4.780556 -38.885000 21.182222 -0.862778 -0.710000 -6.731667 30.213889 1.291667 1.352778 2.847222 21.165000 5.472778 3.491667 -4.125556 -21.722222 -10.280556 0.039444 5.435000 -42.678333 -9.415556 -0.788889 34.428889 -44.455000 -2.909444 -1.718889 24.228889 -14.805556 -2.410556 2.355000 -29.641667 1.257222 1.603333 -4.373333 -16.033889 10.699444 1.653333 -3.591111 3.573333 22.987778 0.777778 0.911111 -31.088333 -9.345000 -14.532778 -2.772778 -9.815000 2.588889 -9.128889 -1.411667 8.650000 -15.515000 3.646111 -3.292222 6.993333 -7.991111 1.125556 -2.533333 -13.378333 21.501111 2.219444 2.120000 -17.486667 0.592222 1.093889 -7.650556 0.609444 8.035000 -0.183889 -7.976111 -2.697222 11.617778 2.093889 -7.478889 -3.129444 30.840000 6.246667 -3.850556 7.627222 29.854444 0.571111 3.336111 2.577222 2.535000 -1.706111 2.183889 -1.945000 1.791667 -1.985000 2.708333 -12.253889 -2.876667 -0.834444 5.051667 -17.748333 -26.511667 0.950000 -3.013333 17.167222 14.545000 -0.274444 1.712222 1.313333 15.141111 0.010556 4.609444 0.627222 15.955000 -0.336667 -1.764444 16.834444 0.782778 -8.523889 -6.943333 0.526667 -19.021667 -0.194444 -0.830556 -14.580556 -7.387222 1.942778 3.937222 -20.997222 -14.995000 -0.027778 18.253333 
2.869846 -3.986914 -0.731852 -0.088611 209.185988 89.276636 0.855895 54.523765 309.603519 177.615957 -14.383889 243.626265 -425.297747 -80.726296 -68.007562 115.972037 -339.688488 -119.792099 -29.879167 -21.406235 -22.900833 -53.338796 1.616481 -3.789815 -3.387191 -88.534722 -21.479321 -10.399506 -2.512963 -14.014167 -1.404074 -0.034537 47.773395 2.663488 -1.298981 10.654815 87.138241 41.610988 -6.290062 79.904352 -109.396605 133.784475 -4.058333 75.646327 -123.324630 81.235093 8.660679 0.589228 -1.598858 -14.058488 3.493056 5.013056 -3.005432 -136.585370 -14.107099 -12.048333 -0.840556 9.949660 3.834352 -0.260864 13.274475 27.480957 1.248580 4.176667 19.545494 59.421914 4.130648 32.477870 -62.827469 78.669012 11.500772 65.781944 -95.009784 29.577222 6.126636 17.959506 -9.420463 -10.743981 5.816821 1.614660 -7.777623 -77.915648 -0.962377 0.206944 55.519321 161.010494 29.976080 1.270648 6.974907 159.302500 1.752716 7.139815 -12.272593 133.052747 -9.289599 27.155062 -60.340494 40.579321 1.964167 53.156821 -51.442438 -15.297006 0.947346 41.458086 -18.125278 -32.964167 -1.355741 7.453519 -2.763333 -39.056728 -0.107716 -4.326852 134.101821 37.161759 -23.757130 38.361759 26.219660 -4.083642 -32.109815 12.791080 -18.209259 -23.269228 -9.203796 6.222407 -25.569074 23.587160 -8.297716 31.478704 -5.686698 -1.151296 -0.412809 48.967099 -16.996420 -37.192778 -0.629907 68.868241 -34.694352 -82.837130 -1.637315 33.975833 -105.557253 -54.854691 -39.504907 54.249444 15.242685 -50.678457 -21.657840 59.989537 -18.336080 -58.841605 -11.626173 5.626698 6.402191 -8.812130 -2.975278 -4.951265 67.367932 -17.248920 10.522006 14.181019 4.254846 -29.991420 0.733086 91.991883 19.646821 51.335833 -10.325926 138.395802 -140.932130 -156.872562 0.446728 -68.173210 16.994630 -171.105988 -10.344105 12.422932 -6.962623 -47.292870 -48.341790 42.184136 -7.428765 35.693549 -21.250525 19.888519 42.116111 -13.155586 23.315432 -0.315586 34.452006 -31.190833 1.902253 21.813056 145.566512 128.783056 0.759877 118.986852 
-123.063920 -126.719383 -12.510370 -16.943611 -1212.046358 -588.605895 -34.105154 -205.688580 -689.441296 -762.770031 -13.723889 -425.297747 2340.520340 -76.388148 9.716821 -19.515370 759.899969 -315.994198 -110.648611 34.710309 -84.624722 -244.897870 -66.632037 -25.421296 -97.236883 26.845833 5.005247 -7.220123 -27.220370 -114.281389 -12.210370 -1.922130 -403.041543 -193.852747 -17.693241 -81.872593 -377.392685 -370.476914 -2.286235 -279.916574 855.831790 -646.977438 -41.219444 -43.804846 436.616852 -9.165093 -50.308086 77.155957 -31.044105 431.089969 35.401389 -3.099722 -1.834198 955.236481 123.938580 18.010556 -4.155000 -89.483735 -10.382130 1.020494 -144.496327 -132.263920 -3.423395 -27.808889 -379.896235 -281.642284 -16.011759 -164.303426 427.931173 -230.427531 -15.352623 -146.781944 470.754599 170.698333 5.666327 31.572346 16.562685 312.593981 24.823920 15.605710 19.568364 428.851204 38.433858 0.148611 -111.985247 -344.740123 -24.440895 -1.447315 -52.349352 -227.909167 26.286543 -4.134259 -195.047407 -142.944228 12.357747 -53.390988 210.005679 10.433642 6.192500 -127.856080 417.822068 -0.857068 9.279691 -57.223272 98.151944 -42.581389 -3.182037 -2.219074 -19.601111 -38.080679 -4.068210 -8.084259 -222.232191 -135.829537 189.974907 -106.318426 -129.301512 -0.981173 109.279815 -49.862562 -30.957407 130.420710 -5.498426 25.809815 195.839074 109.000988 29.489568 -13.206481 152.204105 -67.552037 0.059105 -89.991914 86.786049 -134.311667 -10.037870 -93.958241 -9.864537 -188.481759 -7.052685 -86.950278 474.497994 130.543951 156.603796 -37.485000 -207.557130 -43.867469 32.727099 -171.151759 -28.639105 -8.097654 24.110988 -72.167438 60.109660 34.248796 42.057500 2.544969 -204.089414 55.822994 -7.173488 -18.464352 -83.120031 65.573272 -4.053827 -89.195957 -13.169414 -315.664722 10.970370 -159.909506 422.527685 412.794043 14.995123 408.484691 -106.295741 671.403025 21.817068 66.442253 -46.181080 335.430648 195.125864 -254.644506 40.573580 -200.513179 213.456451 -141.808519 -276.973889 -111.980340 3.680864 -34.771451 -225.777932 119.955278 -10.390772 1.572500 -25.423920 14.082500 -12.530247 -72.524630 
5.795185 9.154074 4.726667 -1.970000 -91.220741 -16.364074 4.590370 -35.857407 -50.347778 224.108519 32.601111 -80.726296 -76.388148 786.348889 87.474074 -15.586667 -62.115926 888.338519 62.855556 30.835926 57.887778 688.871111 50.102222 51.405556 163.590741 513.316667 45.279630 45.877407 11.500000 79.142222 8.354444 -0.085556 -31.680741 21.588148 6.532222 -3.896667 -15.325556 32.584815 20.536296 3.808889 -15.601852 2.602963 0.322222 11.788519 -9.582222 -124.237778 -64.022593 -2.737407 1.241852 -290.009259 -54.133333 -18.551111 -54.301481 -496.642222 -52.103704 -23.008889 3.042222 46.915185 2.487778 -0.047407 3.567407 19.289630 -0.177407 -2.381111 10.826296 -15.785185 -5.712222 -3.895556 34.796296 -131.600370 -47.298148 28.644444 84.350741 -341.993333 -61.752963 18.330370 6.167778 -394.644444 -41.968519 -4.392593 -38.940741 -406.923333 -41.001481 -13.094444 -39.276296 -77.814815 -17.724074 -1.692222 7.595556 -88.463333 -9.971481 -18.666667 8.376667 -60.244074 7.380741 -43.605185 -84.047407 -11.168519 -0.508889 -50.726296 11.031481 40.208519 8.970741 5.752963 34.770000 103.386667 7.541111 21.091111 33.704444 125.336296 3.437037 15.600000 -107.760741 -104.607778 -8.564444 -36.863333 -3.452593 -6.668519 11.423333 -28.887407 0.094444 8.247407 3.951111 -50.318889 -102.543333 -21.779259 -12.538519 -69.727778 -21.576296 14.404444 16.592593 -44.171852 28.590370 146.196667 12.881111 -22.202222 101.026667 323.762222 11.686667 26.184444 -10.368519 -11.399259 -12.885556 -50.271111 71.243333 2.391481 20.038519 -44.502222 38.955185 42.488148 -18.047037 -14.425926 -37.642963 -3.154444 -22.141111 -35.145926 36.518148 -46.518519 12.347037 -77.988889 31.075185 -2.519630 8.208519 -99.280370 20.854815 199.425556 15.500000 -34.266296 66.252222 23.609630 -3.649630 -64.160370 111.425556 62.005185 -25.548519 -20.225185 27.973704 115.764444 -57.431852 -42.070741 9.450741 68.782963 -26.171481 -38.573333 46.051111 29.755926 6.870370 -50.446296 -60.135185 -14.260000 -5.093704 -61.117778 -97.314815 60.303333 8.009259 -53.197778 
-3.256327 -3.390123 1.207407 -1.426389 -87.320062 -32.027932 0.251698 -16.758951 -248.843519 -81.809105 40.869444 -68.007562 9.716821 87.474074 167.634414 -52.889815 139.685340 170.911728 94.798611 2.263272 30.334722 30.461574 12.704630 7.756481 8.886265 2.081944 12.503395 2.291358 2.524074 20.551389 2.096296 -0.156019 -15.783025 1.022994 0.293981 -5.192593 -8.781019 -1.450617 12.738580 -26.289352 66.700309 -56.533179 29.175000 -24.007253 6.243519 -100.668981 -5.163272 -7.142747 -5.999846 -111.309105 -8.018056 -7.984722 -29.993827 -104.426852 -6.635494 2.625000 0.852778 1.876080 -1.511574 -0.070988 5.161265 -8.400772 -0.745988 -1.888889 51.933025 -18.829321 -1.346759 -9.088426 47.834877 -21.810494 2.359414 -6.073611 -43.582253 30.125000 7.155401 -9.841358 -15.657870 38.674537 1.084105 -4.365586 3.578549 56.738426 3.782562 3.123611 -22.575617 -33.264198 -8.914043 -0.841204 3.957870 -56.943056 -13.691975 -2.417593 48.975926 -70.847377 2.163117 -5.908025 70.936420 -29.714506 5.359722 -0.949228 -48.501080 14.237191 4.225617 -13.142901 -44.231944 48.706944 2.082407 -7.660185 8.077778 60.155247 1.689198 5.160185 -58.207562 4.231019 14.069907 -0.996759 -25.573920 23.859568 1.084259 4.949846 12.514815 -21.262809 14.469907 7.056481 43.632407 -42.858642 11.216975 0.515741 -9.116821 56.721296 4.852623 -2.764506 -40.370988 50.519444 2.111574 -29.125463 15.961574 44.381019 6.707870 -16.248611 38.524846 -6.401235 17.142130 1.530556 -23.686574 18.591049 10.571914 -10.652315 13.786265 10.864198 4.280247 8.705710 43.233179 -23.188426 9.795833 9.588117 4.011883 2.033179 -0.423302 6.988426 -35.347994 -24.357099 -4.806790 -18.435031 -66.043673 -100.876389 3.703704 -56.965432 7.706019 11.220525 -3.016358 66.178395 -12.687963 43.536728 -0.414969 42.992438 14.097994 8.691204 33.941049 5.570679 59.417284 -39.565586 26.880710 -16.585185 6.008333 -63.755710 -11.217284 2.888735 -48.034414 -22.837500 -5.577623 -0.901389 -126.145216 -149.968056 -6.295062 -42.610185 
-15.732037 -18.247037 -2.097778 -2.301667 -107.552963 -52.713519 -5.233519 -17.324074 90.356667 10.352407 -9.430000 115.972037 -19.515370 -15.586667 -52.889815 219.478889 -182.743148 -54.265926 -47.941667 48.061481 -28.817222 5.699444 -15.243333 2.861111 -11.556481 -21.902778 -23.592593 4.267407 -4.666667 -20.531667 -2.125556 -0.248333 -52.749630 -22.979074 -2.400556 -8.590000 -63.140556 -31.780741 -5.633704 -3.892778 41.925926 -76.092037 -16.716667 56.609074 13.864444 -15.255000 -13.721481 33.816481 4.413519 29.510185 -11.086111 12.977222 5.664074 36.712222 -9.737037 6.167778 -0.990000 -6.322037 0.127222 -0.155185 -21.754259 -4.704259 0.577037 -2.032222 -95.719259 -8.468519 -0.945000 -14.689444 -11.570370 -42.060370 -11.745370 20.152778 101.623519 -60.335556 -7.102407 34.978148 30.100556 -20.330556 -1.637963 8.765741 -3.971296 -21.911667 0.050185 0.658333 29.530370 102.057407 17.895370 2.998333 -2.855000 108.196111 0.581852 7.305556 -88.375556 76.129815 -9.130926 7.277037 -101.410741 28.687037 -0.601667 4.122037 118.645370 -19.992037 3.252963 31.060741 72.368333 -39.687222 -1.221111 10.256667 0.996667 -37.644815 -0.701852 -4.500000 71.585370 -12.298333 8.837222 22.018333 4.946852 -16.512963 -10.152222 9.244259 -42.644444 24.491296 -16.082778 15.443333 -81.774444 70.564074 -4.778519 21.783333 36.533148 -72.720000 3.445370 23.488148 57.463704 -99.910000 -2.365000 37.801667 -23.945000 -124.432778 -2.115000 7.317222 -29.349074 -87.757037 -17.009444 38.364444 -3.772778 -97.832963 -8.604815 33.801667 -38.718704 -55.492963 -0.250370 -4.945370 -53.922407 -3.827222 12.090556 -3.255370 -2.750185 -51.760185 11.836481 -7.302778 11.130185 -40.199630 4.771852 53.952407 -0.851296 -17.526111 -0.288889 89.788148 -54.373889 -86.705370 1.427037 21.665185 5.448889 -41.782593 -4.750185 25.019815 -28.439074 10.896111 -10.908519 -7.814074 -76.451481 39.197963 16.440185 -6.414444 -22.191111 38.590926 41.920370 -14.915741 11.534259 26.645000 15.040185 28.410556 125.126852 178.479444 12.114815 101.056667 
-35.562068 -18.778642 2.634074 -5.349167 -546.970432 -207.235525 -2.351451 -78.929321 -1647.407963 -574.368179 -11.712778 -339.688488 759.899969 -62.115926 139.685340 -182.743148 1605.924043 207.396543 104.684722 72.102901 108.975278 -24.931204 -45.443148 -2.621296 -48.968364 204.251389 -0.437346 -3.207160 5.146296 51.596389 5.272963 -0.594352 -163.443395 -35.665710 0.762315 -26.383704 -699.637130 -169.078765 3.287840 -196.055463 408.585494 -658.758920 -28.891667 -173.586327 686.127963 -571.920648 -14.150679 55.309660 15.007747 119.175154 -38.115278 6.916944 -16.110123 850.525370 12.834877 27.827222 1.856111 3.079228 -4.248796 0.646420 -26.738920 -42.439846 -1.336358 -7.147778 -390.316605 -156.994136 -9.289537 -111.386759 106.421914 -280.053457 -29.528549 -197.670833 650.278673 -80.535000 17.725586 -4.351728 81.451574 151.643981 7.572068 10.674228 17.710957 341.506759 25.974599 -1.134722 -73.353765 -257.071605 -12.826080 0.652685 0.772870 -200.748056 2.527284 15.982407 -187.597407 -180.140525 -3.057068 -16.148395 59.187160 -47.773765 8.320278 -161.969043 477.359105 -83.899660 22.437099 -111.293642 120.579722 35.790833 9.340185 -14.374630 21.693333 107.721173 1.524383 13.093519 -158.200710 -174.835093 115.486019 -48.318426 -67.899660 -81.505247 71.418704 20.313364 -64.179630 -1.755216 10.640463 74.709815 4.161296 -8.886049 10.254383 -38.417593 160.124475 -237.624259 8.823920 -129.549321 79.667531 -140.972778 16.489907 -208.902685 50.363241 -25.915093 12.958426 -182.355833 246.079475 48.056914 92.287130 0.115000 -111.262685 -25.741543 46.028951 -86.296204 -116.453920 82.394938 33.418395 -5.115586 -164.675525 24.604352 26.435278 43.096821 -116.763488 42.648920 5.074660 26.291204 23.237377 -23.189691 1.798025 -168.071883 -179.332377 -488.120278 9.437037 -410.439136 223.544352 203.107006 -3.928951 252.653210 -95.473519 329.927099 12.876327 57.773735 -145.399599 141.380648 124.518457 -105.190802 -126.591235 -34.361327 166.763858 -73.591852 -86.229444 65.578920 9.512346 28.960031 -28.018673 90.683056 2.955525 10.794722 -359.499846 -409.156389 -10.298765 -195.941296 
2.707654 -10.720864 0.982963 -3.167778 -101.425432 -30.604691 -2.249506 -27.848765 -461.575185 -43.837901 -3.020000 -119.792099 -315.994198 888.338519 170.911728 -54.265926 207.396543 2115.160988 199.150000 99.615679 237.820000 1762.899630 109.334074 145.253704 323.508025 1107.838889 86.137654 130.507284 0.207407 21.873333 2.832963 -0.272963 -39.380617 -12.729877 2.534815 -4.402593 -239.358519 60.635679 11.741728 7.871481 -51.395062 -16.111975 25.572222 -3.609383 190.276296 -242.179259 -60.133457 19.606049 59.215802 -456.012346 -142.555556 13.686667 -102.224568 -916.775185 -171.567901 16.293333 -1.137778 38.888395 6.195926 0.367531 -26.627531 6.174321 0.679753 -1.734444 -234.450494 -23.519136 -10.872593 -12.650370 9.069136 -289.350123 -97.127160 62.411111 393.537284 -900.942222 -126.838025 64.691605 100.465185 -1033.318519 -111.976543 -3.538272 -82.743210 -967.937407 -118.824568 -26.322222 7.619012 116.100617 90.236420 3.045185 -2.516296 217.040000 48.892840 -1.348148 -231.498519 255.751975 11.273210 -15.312840 -343.575062 186.834568 15.765556 -30.364321 178.582716 115.958395 22.630988 68.138025 168.240000 177.984444 6.672963 66.324815 44.420000 144.675062 2.332716 28.157407 164.816790 -77.435926 130.139630 -12.652593 -4.558272 -42.946914 40.183704 -17.240247 -122.035185 41.969506 -22.834815 -29.934074 -210.923704 155.855062 -16.462840 -55.353704 45.609753 -50.389259 43.375309 -74.860988 122.765309 256.365556 18.641852 -2.584074 205.294074 594.126296 11.654815 81.652222 168.447531 -112.805309 -50.747037 41.696667 2.312593 -253.823210 -9.876049 -42.563704 -112.568642 -166.815062 -16.641605 -55.303086 -80.995802 -60.757037 32.784444 -69.219012 205.707901 -137.069136 68.097160 -137.724074 116.462099 -32.782469 16.349136 -223.452716 41.392346 334.562222 13.831481 -80.992469 -21.554815 -190.694938 -2.268395 37.979877 154.315926 78.310988 -29.732840 46.676790 -14.030988 124.904815 2.730123 -34.451358 -170.453457 84.735062 152.222469 -52.281852 71.374444 52.301975 56.751235 -72.391358 -56.861728 -138.470000 -9.021975 -146.974444 -259.201235 -193.860000 -7.470988 -172.797407 
1.759722 -3.605556 0.555556 -1.065278 16.908333 3.476389 -0.468056 -1.169444 -135.930556 -10.865278 -0.441667 -29.879167 -110.648611 62.855556 94.798611 -47.941667 104.684722 199.150000 118.676389 -6.447222 36.118056 139.465278 41.152778 1.713889 44.420833 122.437500 33.280556 3.627778 0.794444 9.940278 1.083333 -0.098611 10.080556 0.545833 -0.020833 -0.033333 -16.106944 2.061111 2.786111 -2.504167 6.902778 -27.070833 29.697222 -17.937500 22.908333 -112.676389 30.447222 -13.506944 0.768056 -148.954167 5.726389 -10.323611 -21.261111 -166.647222 -17.047222 -5.625000 0.119444 3.318056 -0.193056 -0.116667 3.551389 -4.123611 -0.341667 -0.766667 30.247222 -11.425000 -0.837500 0.298611 20.075000 -34.550000 -1.270833 -3.673611 -5.023611 -56.875000 2.698611 -9.422222 -4.993056 -71.818056 -6.470833 -6.556944 -6.548611 -56.915278 -9.123611 -2.937500 -13.430556 -16.838889 3.829167 -1.781944 2.576389 -8.826389 -0.027778 -3.297222 26.705556 -19.370833 5.456944 -2.683333 29.138889 -19.091667 6.070833 -3.348611 -33.543056 24.445833 2.313889 -5.036111 -23.887500 50.301389 1.252778 0.175000 6.877778 46.975000 1.541667 5.613889 -25.029167 -3.187500 17.634722 1.795833 -7.215278 8.058333 7.863889 -0.195833 14.716667 -24.965278 15.490278 0.875000 22.708333 -52.483333 11.286111 -7.663889 -16.645833 41.619444 8.456944 -9.052778 -21.088889 82.252778 3.531944 -10.395833 27.337500 88.056944 8.881944 5.862500 12.695833 -13.316667 9.284722 6.769444 -4.073611 -4.508333 5.958333 -9.570833 19.715278 -9.238889 7.222222 -0.448611 54.998611 -23.751389 10.373611 -1.306944 8.890278 -17.056944 1.895833 -7.681944 -22.604167 -40.191667 -3.238889 -28.209722 -29.337500 -56.504167 3.138889 -40.400000 5.587500 -15.443056 -2.869444 42.733333 3.836111 13.880556 0.159722 20.448611 29.309722 -12.001389 23.919444 4.180556 51.166667 -45.468056 19.309722 -8.572222 18.569444 -55.395833 -17.705556 -0.295833 -38.470833 -44.148611 -8.748611 -11.545833 -102.479167 -145.723611 -5.872222 -56.691667 
-6.824877 -6.672469 -0.814074 -0.828333 -83.225679 -37.779198 -1.415494 -8.567901 -153.668148 -64.244877 -1.504444 -21.406235 34.710309 30.835926 2.263272 48.061481 72.102901 99.615679 -6.447222 79.575432 2.451667 74.499815 -9.177407 23.707407 5.228086 61.691667 -3.232099 10.847160 -1.929630 -8.082778 -0.808519 -0.092037 -27.583827 -13.886235 -0.629815 -4.548519 -83.276481 -30.125679 -1.543951 -23.169815 31.561728 -109.381914 -12.538889 -9.655617 71.460370 -105.786852 -15.178765 34.051173 5.751420 -17.284877 -16.958333 27.423889 10.570123 48.004074 -10.282099 15.007778 -0.563333 -2.667840 0.336852 0.240247 -10.428580 -9.763765 -0.411975 -1.108889 -72.348395 -25.025309 -2.805741 -13.116852 -17.846914 -62.134321 -15.586728 -11.936111 105.073272 -80.648889 -10.818086 14.327284 28.935370 -27.450926 -7.409568 9.435494 3.251543 6.303519 -2.688210 5.330556 -2.047901 -4.750617 7.683025 2.636481 -5.138704 1.928333 -4.501728 5.631481 -55.488148 -8.586975 -7.200432 -4.263827 -53.772716 -5.429012 -3.106111 -22.922901 89.875617 -20.635617 -0.357654 2.126420 56.572778 -12.605000 -0.310741 5.070741 2.726667 -7.466173 -0.343827 -1.118519 -3.390679 -51.017963 18.636481 -7.690185 -14.557840 -31.191975 3.058519 1.064136 -28.820370 17.042160 -11.014630 6.894074 -56.584074 31.973827 -4.280494 -7.740741 28.897469 -64.975185 -0.066975 -17.799012 49.978025 -44.920000 0.620926 -16.047593 5.094259 -21.931296 1.963519 -11.740556 14.221914 -18.292469 3.987593 1.095556 -24.446481 -24.591235 3.202716 -5.956852 -32.179691 8.135062 5.344938 -3.094136 -79.685864 9.946481 12.600556 0.989568 -20.917346 -15.616975 5.457840 -11.767593 19.099568 -5.781975 3.165309 -20.930062 -10.647346 -28.977222 7.262963 -4.850864 12.425370 35.537716 3.341728 32.705679 -19.378148 42.721235 6.934506 2.583765 -33.467346 2.707963 9.129877 -14.444198 -92.672099 19.533272 18.176975 -9.843704 -25.593333 57.496358 17.487654 -3.233642 12.258951 36.909444 5.760309 2.651667 0.720679 29.261667 7.976543 16.159630 
