54.166029 38.592235 3.039945 1.719340 134.697199 112.603765 6.853408 35.142792 -43.363152 32.162203 -0.115141 25.791501 -128.693348 -22.733190 0.086190 -23.463754 -35.244133 29.568360 9.572773 -12.683859 16.693067 61.801933 5.806346 -1.380063 6.324380 20.224288 -3.254974 -1.016478 12.654602 6.518442 -1.974416 1.053847 38.444113 2.791297 1.093562 16.301627 13.613458 -9.804408 -8.525457 30.625957 -42.252474 15.472018 -2.240919 -1.068973 -4.825860 12.579303 13.963473 -9.547444 10.078972 -9.088307 1.089430 -1.096164 -23.387129 -67.808106 -8.875472 -3.193858 -12.188017 -17.113152 3.720131 -0.184701 6.617131 -19.803438 6.867769 0.695286 8.935466 -44.448245 -5.497398 11.704954 -2.703525 -24.060759 -8.627436 12.546908 5.761836 3.746863 3.174319 6.590935 -19.386823 -29.078818 -5.822773 -1.716126 -19.455183 -66.161004 -7.449954 -5.442174 -2.379732 16.884247 5.181461 -1.538032 -1.084583 0.747806 3.195414 -0.403173 -1.545888 -8.165825 -1.710565 4.450898 4.263085 -0.398480 -2.146363 17.343026 -6.368967 18.560096 -0.517983 14.824304 -13.571039 15.083002 0.866289 0.446460 -2.445898 -37.323513 0.024436 -15.425926 -6.293312 -11.462504 -1.820580 -6.894424 -2.509820 -4.547470 -1.201434 -4.584099 -0.540251 -1.752984 -0.628329 -1.394220 1.630650 1.158555 -0.993011 1.459647 7.276375 12.730104 0.366315 7.058438 -2.338129 16.545633 1.955974 0.152510 -11.934522 -13.779920 0.657790 -3.777140 9.930874 40.546475 -0.075018 -4.044409 -8.959800 5.324355 -1.736940 -17.241787 -5.000944 2.575605 -0.837517 -14.760866 1.549102 5.510305 0.107259 -4.014488 7.915799 15.913886 2.315325 -1.763519 1.999260 9.560887 2.366238 -1.026528 2.106647 16.421207 5.940899 -0.505382 16.263851 50.872411 2.687226 5.273033 6.706331 61.403122 0.257474 -5.917993 -7.177967 45.873176 -0.657994 -23.206280 -0.478599 16.856112 1.223192 -20.289664 4.470207 -1.635598 10.078972 -12.329201 4.579762 18.202836 7.672023 -1.001301 13.138328 43.100066 5.915136 5.780660 
38.592235 179.370574 12.555096 0.932864 55.664371 188.381543 17.819457 12.849862 -26.570503 112.256760 9.994847 10.029436 -101.051372 74.907662 4.824967 -10.630140 -34.548566 180.740639 7.262167 -13.484644 10.382461 180.101877 -2.452352 -0.911489 14.347107 57.893480 -3.450260 1.356698 37.443883 176.345883 7.431027 4.789817 10.114427 68.819355 8.261351 8.913019 -47.230538 30.059229 -13.866646 18.568717 -44.899500 12.183859 -4.888787 26.720029 18.450515 14.009999 -4.079176 14.146159 -6.173554 -35.955311 -22.379145 2.618202 -43.371136 -112.322977 -20.750332 -4.728089 -23.195592 -137.348281 -12.979084 -0.961075 -6.974339 -132.657535 -21.369605 -2.109428 -11.329405 -137.052903 -28.162381 5.889858 -10.510203 -65.033823 -16.200388 17.748087 6.310938 16.763698 -11.637129 35.732068 1.322773 -6.196664 -17.358127 22.004693 -5.332007 -80.162687 -13.444904 -2.775227 -14.637027 -116.266707 -9.208550 -3.225742 -2.366289 -77.437659 -12.287471 -0.665238 -1.763340 -59.548822 -10.222630 -0.983726 -12.241965 -38.252576 -3.884859 -12.536323 -27.578002 16.207122 7.321243 -23.268289 24.624528 59.659882 14.801755 -12.302979 30.368075 -46.042649 -1.128201 -24.488215 10.468473 62.412917 -2.683094 10.388685 -2.654321 29.439343 -1.773544 12.770279 -0.779308 14.135904 -0.716713 3.427048 -2.548924 3.692225 -1.231507 -2.177278 -10.430415 16.769666 8.427762 -12.513672 -9.785379 16.659831 13.571574 -20.858433 -14.755790 -45.438170 -0.658708 -16.769003 8.903377 56.494847 -0.199316 -0.606418 -6.038363 75.498878 -1.105346 4.301704 4.494286 73.693450 -0.857157 7.330885 1.721100 57.886848 -0.345322 13.528722 4.347056 49.320733 -0.234058 4.165493 4.436690 16.825477 -0.839149 1.265279 1.807265 -7.727222 0.666769 -2.319916 -10.411234 -17.804918 0.289358 -19.351546 -5.517855 -34.601928 -0.392919 -41.269564 6.219059 -51.363075 -0.652382 -48.876594 20.291042 -53.268187 0.167075 -20.138710 20.939343 -24.103612 0.765840 3.332415 16.404398 45.810019 -4.043465 12.841292 35.753086 114.373074 -9.772574 28.991378 
3.039945 12.555096 1.179063 0.065197 5.289256 14.895317 1.657484 1.462810 -2.859045 7.996786 0.689624 1.705234 -9.900826 4.286042 0.271350 -0.784206 -2.779614 11.972452 1.179063 -1.116621 2.405877 12.254362 0.930670 0.034435 1.188705 0.689164 -0.151056 0.606520 2.015152 11.151056 1.554178 0.164830 0.577135 3.185491 1.236455 0.828283 -3.346189 1.633150 -0.716713 2.089073 -3.440771 0.520661 -0.058310 2.049128 -0.007346 1.159320 0.405418 0.725436 -0.369605 -3.181359 -1.328742 0.157025 -3.711662 -10.011938 -1.498623 -0.412305 -1.552342 -9.106520 -0.034435 -0.096419 -0.511019 -8.569789 -0.561065 -0.181818 -0.696970 -8.879706 -1.651056 0.554637 -0.209366 -4.662534 -1.180441 1.943067 -0.228650 1.784206 -0.565197 2.340220 -0.538108 -1.215335 -1.249770 0.868228 -0.616621 -6.824610 -1.123967 -0.366850 -0.966942 -6.627181 -0.490358 -0.192837 -0.191001 -5.056933 -0.677686 0.042241 -0.142332 -4.171717 -0.665748 -0.010101 -0.921488 -2.483471 -0.285583 -0.665748 -2.247475 1.725895 0.755739 -1.690542 0.430670 2.890266 1.302112 -1.758953 1.400367 -4.909091 0.092746 -2.020202 0.921947 5.265381 -0.172635 1.773186 -0.186869 3.188246 -0.129477 2.010560 -0.059688 1.537649 -0.057851 0.560606 -0.229568 0.224059 -0.123049 -0.157943 -0.868687 1.072544 0.627181 -0.933884 -1.153352 1.017906 1.153352 -1.428375 -1.558310 -3.623967 0.108356 -1.009642 -0.103306 3.164371 -0.047750 -0.556015 -0.782369 6.101010 -0.180900 0.975207 0.194674 6.271809 -0.078972 2.035813 0.101010 5.267218 -0.044995 1.663912 0.230487 4.481635 -0.049128 0.440771 0.396235 1.904040 0.025712 0.140496 0.097796 1.367309 0.547750 -0.145087 -1.048209 -0.570248 -0.024793 -1.589073 -1.366391 -3.874197 -0.088154 -3.691460 -0.247934 -6.676768 -0.062443 -2.922865 1.298439 -7.092287 -0.152433 -0.386134 0.839761 -4.566116 -0.308999 0.484389 1.111570 1.417355 0.441230 1.214417 3.393939 10.073462 0.011019 2.399449 
1.719340 0.932864 0.065197 0.219901 3.702250 3.740129 0.409525 1.976125 -2.778415 0.287904 0.047036 0.990715 -3.423426 -0.801092 0.253418 -1.230308 -0.517422 2.136262 0.749541 -0.503163 1.445592 2.835042 0.801857 -0.051219 1.228421 1.168733 0.049740 0.137843 0.720819 -0.419268 -0.090016 0.305811 0.913249 2.090399 0.330374 1.045174 0.101112 2.104683 -0.077084 1.619223 -1.507244 1.672916 0.475691 -0.150342 -0.351673 0.973804 0.777727 -0.323538 -0.178604 -0.349250 -0.098000 -0.036680 -1.388812 -3.620115 -0.374911 -0.098459 -0.627410 -2.149628 0.100041 -0.042725 0.008826 -0.856188 0.620294 0.006734 -0.078563 -1.720411 -0.354301 0.288006 0.297036 -1.266146 -0.419243 1.240511 0.629961 -1.205999 0.080043 0.806984 -0.937328 -2.358280 -0.368228 -0.332849 -1.038236 -3.263698 -0.404500 -0.365294 -0.242246 -1.709468 0.015356 -0.081803 -0.090195 -1.554663 -0.175518 -0.037292 -0.067213 -1.455387 -0.294179 0.030584 0.343893 -0.764361 -0.105397 0.396337 0.638328 -0.089175 0.429829 1.499388 -0.142307 -0.730691 0.315223 -0.026043 -0.952632 -2.099046 -0.106316 -0.968013 -0.443144 0.978574 0.133405 0.404678 -0.092873 0.086649 -0.030278 0.035430 0.018672 -0.050964 -0.027319 -0.048541 0.124477 -0.125957 -0.037904 0.018008 0.646184 0.398454 0.384833 0.290200 0.019335 -0.164243 0.317366 0.209749 -0.830706 -0.008877 -0.082951 -0.143582 -0.416488 1.390470 0.554051 0.505535 -0.486175 0.623457 -0.043899 0.043286 -0.196791 0.365167 -0.037292 -0.080732 0.120932 0.471023 0.039358 0.016937 0.494363 0.925110 0.203653 -0.007066 0.188374 0.447531 0.105295 -0.051219 -0.005025 0.206280 0.132257 -0.031196 0.149373 0.637843 0.227069 -0.134374 -0.518697 0.923324 0.029640 -0.051551 -0.620166 1.438272 -0.029487 -1.286527 0.059560 1.207402 0.266401 -1.110091 0.528569 0.027701 0.861800 -0.051423 0.221738 0.404295 0.108050 0.247857 0.546857 2.894118 0.002678 0.446766 
134.697199 55.664371 5.289256 3.702250 1331.534665 579.860422 28.683884 239.935262 437.409320 520.597567 -0.294307 367.308999 -1349.554637 -230.978880 9.596648 -158.549816 -494.016758 6.109734 113.584711 -138.865932 101.021809 177.031910 42.643251 1.222681 -139.695363 -246.925390 -49.386593 7.320478 67.391414 233.591139 8.005739 5.372130 303.837695 124.508264 32.843893 85.143939 370.162994 -101.450413 -39.831038 245.450413 -397.168503 108.878558 -36.688017 33.669881 -207.685721 176.400138 147.779614 -103.069789 -6.605601 -116.108815 24.709826 -20.280533 -153.283058 -581.228880 -89.882002 -23.081726 33.695363 89.679522 21.949036 3.101240 40.692378 -3.439853 45.002755 17.954545 86.282828 -291.527319 -55.154270 85.927227 -5.877640 -214.555096 -90.230487 195.682507 -112.711433 59.254362 30.295225 94.531910 -192.329431 -247.500918 -19.890266 -59.333104 -169.504821 -488.244261 -61.932966 -60.998393 -1.620064 14.611570 -7.259871 -15.956612 -3.318641 -29.509412 -5.269743 7.620294 -0.885904 -51.053030 -33.467631 32.876263 9.665289 65.602847 -22.392562 174.853076 -107.174242 227.174931 -6.991506 232.390725 -141.288567 102.865473 -8.024793 48.839073 -103.611800 -184.265152 -13.182736 -89.303030 0.112259 127.564279 -6.297521 8.807851 6.361111 16.610422 -6.614555 14.959366 -0.889348 20.890266 1.092057 4.133838 2.119835 54.468779 5.556474 14.174931 8.775253 110.203627 -3.240358 52.924013 -53.478880 112.122360 -2.910009 43.719238 -73.920340 89.274105 -4.963269 4.383609 23.039027 299.013774 0.334481 42.495179 -58.800735 80.323232 -3.467631 17.918962 -35.923095 110.717631 2.241506 -6.621442 8.416667 117.937098 5.828053 24.375115 20.846878 97.928375 7.385675 12.458907 -12.874885 44.674242 6.507346 -1.676309 29.375344 118.455234 39.933196 5.514463 -9.286501 153.244720 10.643710 23.004132 -65.672865 179.078512 3.417815 -34.500230 -58.479568 69.222222 -5.120294 -110.263315 -3.081038 50.596648 -13.595500 -53.203398 -88.407254 297.320937 2.874197 -9.456841 -34.616391 603.223140 54.776860 33.438246 324.199495 850.233471 164.997016 35.858356 
112.603765 188.381543 14.895317 3.740129 579.860422 558.486685 37.257117 124.273646 90.709826 427.903122 13.948118 180.637282 -662.781910 11.450413 13.796143 -83.415978 -222.039486 246.826905 73.087236 -75.093205 104.069789 344.706152 47.956382 1.283287 32.908173 96.491276 -11.123967 8.623508 73.409091 280.396694 16.215335 9.556474 139.719008 182.447658 32.556015 42.040404 92.829660 40.650597 -24.416896 109.910009 -227.845271 65.532599 -19.049128 39.190083 -47.683196 75.296602 65.860422 -28.968779 3.146924 -130.851240 -16.547750 -6.987603 -140.664371 -430.332415 -70.286042 -16.273646 -29.817264 -104.138659 -1.697429 -1.497245 14.434803 -123.980257 0.391644 0.954545 17.883838 -272.110652 -59.017906 29.202479 -20.430670 -181.211662 -63.786042 98.457759 -7.850321 -4.654729 -11.608815 104.423324 -72.392562 -157.238292 -39.865014 11.730028 -104.073003 -335.426079 -48.523875 -29.808999 -32.132691 -249.565197 -20.477043 -11.615702 -5.651974 -156.128099 -24.661157 2.973829 -3.651056 -128.823232 -31.535813 6.535354 -27.733701 -40.584022 -15.033976 28.590450 -74.515152 97.765840 6.495868 46.628099 -32.685032 116.910927 12.364096 15.407254 -24.048669 -57.196970 -6.814050 -37.828283 31.852158 203.377410 -0.398531 36.078053 10.757576 47.567493 -3.561524 26.679063 -0.379247 23.814509 0.675390 7.469697 -7.097337 22.165748 3.344353 -1.501837 -27.580808 35.059688 7.135904 -18.088613 -45.514233 16.210744 9.251607 -19.949954 -49.503673 9.006428 -2.917815 1.411387 50.210744 279.074380 2.998623 39.426997 -11.386593 134.323232 -1.869146 25.982094 -11.031680 116.712580 2.569789 20.148760 4.015152 107.553260 3.229568 29.966024 3.440312 81.812213 1.304867 9.850321 -5.665289 29.838384 -0.073462 -2.322773 14.443526 28.099174 16.668044 -5.882002 -18.003673 41.769972 2.638659 -19.021120 -19.321855 8.997704 1.230946 -70.482553 -3.133609 -51.045455 -2.529385 -87.144628 18.780073 -66.698806 -4.423783 -31.521579 -18.280992 62.376492 -0.868228 1.937098 8.113407 307.228191 16.534435 21.531680 178.787879 490.155188 50.807622 33.598255 
6.853408 17.819457 1.657484 0.409525 28.683884 37.257117 7.116136 9.073003 -0.886772 25.206178 5.515356 11.466381 -43.922508 3.194776 1.206127 -5.469518 -17.779130 23.170238 4.836777 -4.783236 3.798209 29.894730 4.015815 0.024997 1.586088 13.983242 -0.730793 1.705795 5.680415 30.164294 3.721278 1.337032 7.005994 20.558259 5.755076 3.348204 1.183298 6.947199 0.263596 8.296908 -16.701000 4.801474 -0.462325 5.337721 -6.383354 4.613840 4.628048 -0.145852 -4.107438 -7.710591 -1.903326 0.566626 -13.452173 -27.689904 -6.827620 -1.210489 -3.404270 -14.328691 -0.168095 0.434777 -0.036170 -19.316243 -0.685032 -0.735690 -0.876543 -28.891669 -6.155035 4.450082 -1.411412 -16.250536 -4.735588 10.743725 -1.705209 3.543312 0.557086 7.053540 -5.400597 -8.919804 -1.955464 0.220411 -6.742552 -22.513009 -3.736455 -2.487425 -3.420391 -29.042343 -2.805122 -0.965182 -0.615907 -18.051449 -3.427584 -0.220029 -0.541501 -14.263468 -3.107770 1.581089 -2.829201 -5.419090 -1.210081 5.395878 -3.417228 5.656464 2.738828 3.986073 0.016095 -1.299561 3.214672 -4.699597 -4.415442 -17.851571 -0.193093 -7.341751 0.833257 17.558004 -0.689368 6.432226 -0.885802 8.952122 -0.485741 5.477120 -0.077747 4.096878 0.723829 1.426207 -0.275890 3.277166 2.053923 0.440414 -1.833614 6.251071 3.258111 0.317748 -2.227222 -2.534308 2.407356 -2.447276 -6.198016 -10.068105 -0.470462 -2.999872 -0.746148 17.884042 0.214289 2.826472 -3.382869 18.391134 -0.180721 6.399117 -0.718371 14.799969 1.057749 6.997322 0.934063 15.610142 1.268927 5.235486 -0.277446 12.459545 0.831752 1.636185 -0.072875 6.907127 1.319712 0.070452 2.302138 8.608484 3.921513 -0.342491 -3.935109 -1.829558 0.098051 -5.645393 -3.113279 -12.639578 0.008060 -10.256326 1.387639 -19.304153 -0.205336 -6.602872 1.723472 -20.567162 -0.379604 1.287522 -1.772625 -11.949342 1.094582 4.431129 0.794740 11.526426 4.223294 4.138124 9.572110 21.837185 4.098179 3.539970 
35.142792 12.849862 1.462810 1.976125 239.935262 124.273646 9.073003 87.611570 9.592287 51.625803 1.123049 112.879247 -274.671258 -81.262167 6.418274 -34.021120 -79.368228 3.713958 42.518365 -27.609734 41.605601 58.989440 27.829201 0.548209 -30.010560 -70.572544 -10.799357 3.725895 2.101010 0.870064 0.701102 0.318641 50.238292 3.862718 10.366391 26.878788 62.892103 -14.131772 -2.698347 70.778237 -64.652433 39.443067 10.114325 9.802112 -29.962810 26.279614 56.066575 -23.736915 1.856290 -41.218549 14.592287 -4.334711 -49.875115 -163.090450 -23.206152 -5.076217 -5.191460 11.445822 7.103306 -1.948118 4.629017 -2.174472 24.092287 1.055556 16.792929 -58.860882 4.205693 15.699725 4.178604 -44.032599 -11.579890 51.549587 -10.324151 -4.443526 13.826905 34.858127 -51.456382 -79.621671 -4.796143 -14.973370 -43.321855 -136.849403 -16.006887 -14.732782 -4.710285 29.007805 1.132691 -2.850781 -0.937098 5.170799 5.426997 0.555096 -1.224518 -18.626263 -0.512856 5.747475 -1.114325 -4.847567 -3.198806 38.835629 -26.782828 35.266758 5.136823 69.889807 -39.948577 21.369605 8.482553 23.736455 -33.357668 -17.929293 0.095500 -6.388889 -5.861800 29.885675 1.896694 4.150138 0.161616 12.091827 0.580349 6.730946 0.790174 3.301194 0.097796 2.393939 -0.811295 11.322773 0.252984 1.691001 -3.090909 19.358127 2.275023 11.725895 -14.858127 15.501837 3.050046 14.769972 -21.769513 46.149679 0.063820 11.271350 -7.311295 50.087695 2.309917 8.945822 -11.880165 9.196970 0.507346 11.584481 -6.099174 21.194674 2.262167 8.503673 0.934343 28.248852 0.518825 6.750689 3.651974 23.302571 1.031221 0.864555 -1.779614 8.661616 1.286501 -1.224518 -0.626722 18.655647 6.240588 0.430211 -6.678604 17.392562 1.826905 1.832874 -20.749311 10.789256 0.996786 -6.905418 -19.640037 -5.479798 0.025712 -9.913223 0.311754 -4.329201 -1.638659 -4.366850 -12.948577 6.814509 2.573462 8.627640 -18.238751 97.318641 10.282369 15.225436 48.535354 188.213958 27.269972 15.690542 
-43.363152 -26.570503 -2.859045 -2.778415 437.409320 90.709826 -0.886772 9.592287 1939.627308 514.902382 13.018416 351.032803 -330.820733 -225.641159 -30.310555 71.550837 -1060.009004 -375.998419 -20.371671 -205.163096 -194.958448 -199.616136 -52.979288 -17.004081 -242.064509 -333.351469 -68.632078 -11.828487 31.171998 305.111035 18.931869 -0.529206 42.906515 182.235180 13.571115 -7.219136 667.503469 -149.900367 12.470054 127.280839 58.677941 -66.370855 -107.480538 175.438884 -446.525074 394.702760 49.568973 -101.828589 -126.628099 208.509336 60.516478 -59.201663 -14.510024 -71.965233 -83.413631 -16.024385 124.791781 537.402561 50.406438 22.150877 -17.063565 271.935058 15.928375 5.279461 121.455107 -124.168223 -41.233088 41.835144 190.738113 -282.180288 -110.708805 190.073845 -17.386874 153.395011 38.782063 43.207657 -246.306015 -31.080502 22.217631 -132.137562 -187.666182 -233.395011 -66.606520 -108.306372 18.740919 152.443730 -0.346597 11.130318 -6.697939 37.426819 -31.965080 1.944189 19.015279 -8.132155 -67.130880 18.330247 126.823691 86.622845 -32.613815 183.758290 100.650112 233.154933 -5.544919 329.989287 -139.628839 10.989848 -21.938986 46.112004 -293.048592 -483.642817 -53.367258 -180.811448 -10.609810 -61.834558 -17.373329 -38.718218 9.471100 -39.662509 -8.198628 -31.510024 4.508571 8.297521 2.487833 -7.809484 24.302928 58.732629 17.696102 22.758749 85.210157 130.928757 9.450490 103.621850 21.662432 119.887945 -5.462096 99.027931 -120.059662 -227.301806 -35.805173 -30.919677 33.086879 -33.355321 -19.235512 24.089710 -16.373380 25.333895 1.449367 -27.040889 22.589404 84.026783 6.146210 -24.348408 14.659652 59.504693 3.754846 -0.489797 7.876518 13.812315 10.358535 0.413810 -1.229135 -9.463244 12.746710 -2.236404 0.811473 49.475640 27.347745 8.340858 -9.375880 56.211917 -6.340271 31.774717 -22.860448 141.216253 -4.699316 -40.896669 77.558285 131.355780 -9.805581 -132.401005 6.522523 175.781476 -16.422151 -30.344098 -75.786246 303.588307 14.063820 2.847567 9.415340 471.129885 84.779767 -3.019819 182.833053 729.634859 138.578436 9.399628 
32.162203 112.256760 7.996786 0.287904 520.597567 427.903122 25.206178 51.625803 514.902382 798.499056 18.582900 175.202122 -712.338282 293.498980 11.881109 -27.135165 -393.123074 279.422967 66.575069 -91.574890 111.977732 405.492322 50.174727 -0.246301 166.154500 380.373049 25.886899 13.980614 77.258979 382.240205 31.128584 10.008239 112.745154 265.185542 61.766044 9.171998 172.849760 90.758035 20.326854 62.735231 -268.029946 0.187966 -52.393506 57.532344 -112.356775 27.853102 26.486736 -14.251301 -7.932048 -168.325222 -27.151770 -16.652944 -131.780609 -409.384017 -76.188909 -26.326701 25.709137 74.935211 5.652025 0.454571 9.617896 -39.159423 8.180441 -6.930976 14.391695 -306.491251 -61.704010 12.959928 -28.328716 -259.839455 -95.937506 88.585935 -8.636848 -46.009336 -42.234313 128.586037 -10.197658 -174.683043 -45.163453 30.578028 -119.155979 -334.096725 -64.957759 -30.610371 -21.617718 -319.229466 -29.406540 -17.549051 -0.920365 -195.992628 -45.894730 0.703041 -0.700005 -159.827441 -51.979007 -0.010382 -48.436180 -44.142894 -21.034639 -3.603867 -79.951459 124.031782 11.232706 -15.729875 -15.871008 156.853739 11.033721 -6.485894 -12.707147 5.412177 -17.374401 -37.122896 46.744796 221.797827 -2.021835 41.547113 11.911055 61.036399 -5.041348 33.699189 -2.094888 35.734160 1.278466 8.548541 -9.509693 44.443220 10.528722 -5.327926 -38.828002 33.585476 11.089455 -58.919217 -59.664881 -48.458346 -1.707173 -72.260713 -29.773977 -118.878635 -16.895470 -33.470284 77.056525 359.865728 -2.363509 58.987119 -25.051933 211.543210 -8.284843 61.847898 -14.496505 176.246403 2.031323 39.769896 5.374018 151.445873 4.467988 45.999592 -4.473243 82.644679 0.131517 18.165468 -9.621340 23.471661 -0.976737 -4.645291 49.852592 35.478752 21.323666 -3.073028 -24.728803 41.399806 -1.856086 -25.795837 -24.459723 -3.344812 -1.450209 -97.925951 19.436052 -70.483726 -7.025150 -136.777293 20.139705 -86.795097 -9.488164 -15.598357 -60.360065 157.833639 -13.078512 45.392562 -9.855806 488.712784 27.209213 20.177762 273.210718 622.180262 95.052418 30.984823 
-0.115141 9.994847 0.689624 0.047036 -0.294307 13.948118 5.515356 1.123049 13.018416 18.582900 14.776145 5.031578 -15.311856 13.350883 5.628762 -4.051933 -12.302316 22.122947 3.356290 -3.693705 -1.441230 29.897715 4.833078 -0.300990 9.988062 29.487603 -0.234466 0.585961 6.576880 28.690695 4.265126 1.091623 0.603561 31.417763 6.989695 -0.078563 1.048771 14.316345 5.951842 1.599480 -12.169779 -2.482502 -1.372105 4.843689 -4.534180 -2.259208 3.516019 -0.424089 -4.726354 -4.628405 2.256913 -0.169370 -11.756351 -16.728242 -5.535609 -1.720131 -1.624426 -7.471483 0.799306 0.976329 -1.316702 -20.197327 -1.191460 -1.412458 -2.836139 -34.038363 -4.436486 3.449852 0.791297 -24.778543 -5.084991 7.232017 9.399245 -5.977808 2.836241 5.506020 -0.184114 -9.373890 0.259871 0.155902 -11.165646 -24.734313 -3.734619 -3.590501 -5.712631 -26.509744 -2.094378 1.170952 -0.921233 -19.553056 -2.831854 -0.588256 -0.814458 -15.180135 -2.208550 1.361392 -0.876492 -4.581624 -0.859759 3.716815 3.383277 3.566473 2.331803 3.217478 0.992450 -4.921692 0.833129 -3.504234 -6.580502 -19.798541 -1.187583 -8.069024 -0.357974 12.177380 -1.480002 5.870472 -1.726712 11.085042 -0.093868 5.981022 -0.398225 4.901745 1.062902 2.847924 -0.186818 4.045301 2.225181 0.921130 -1.760382 5.890419 2.697735 1.902459 -0.151923 -5.695235 -0.102285 -0.719773 -4.718906 -12.010713 -0.771656 -2.728293 -1.136874 3.367054 -0.689062 -0.051168 -2.219876 15.886083 1.496276 8.438374 0.302520 14.271962 1.866289 11.092133 0.835578 17.623916 1.540506 6.863585 0.068054 12.621620 0.861137 3.935772 0.961790 7.687430 1.007958 1.113152 5.249566 8.803847 3.355168 0.219722 -5.973676 -16.843332 0.170136 -9.432813 -2.619018 -23.600551 0.253699 -11.712019 6.444342 -27.152637 -0.084583 -5.136619 4.151617 -24.028364 -0.220743 3.906897 1.458780 -16.319406 0.399908 5.636823 -2.438731 10.783542 2.567187 1.758647 14.281706 16.873227 9.517600 1.584277 
25.791501 10.029436 1.705234 0.990715 367.308999 180.637282 11.466381 112.879247 351.032803 175.202122 5.031578 338.306295 -512.703806 -213.653862 4.407611 51.194929 -333.968677 -120.616570 62.099174 -79.931844 8.479339 -12.018416 26.495307 0.158759 -173.515611 -267.284665 -46.169728 1.692786 -2.121773 8.277472 0.766197 0.925263 48.713601 -24.658606 8.811397 25.337262 176.212529 -90.131772 -9.515407 129.971840 -44.039078 -5.086114 -3.996225 103.580451 -133.093562 84.703296 97.237170 -35.652740 -51.825528 -18.503061 37.229211 -16.278033 -82.282522 -255.207734 -56.570350 -8.666565 0.722681 48.295429 15.016325 6.106877 -1.065708 20.736864 37.986226 5.582492 42.589787 -76.922049 16.951485 17.303540 20.364912 -98.650444 -24.772931 103.770125 -38.611468 3.393174 30.587848 97.662279 -114.047291 -85.766452 4.759412 -22.164728 -80.668095 -210.867922 -36.501837 -34.087440 -6.075043 100.242934 8.914958 3.622283 -1.502194 59.230844 14.191868 3.618508 1.751352 9.026936 1.686920 7.339506 -18.104224 14.250638 -6.280175 70.070197 -61.845679 41.431180 -0.972605 183.694521 -77.715692 32.213601 6.806346 105.350372 -96.042853 -31.673962 -1.612131 -2.841751 -11.176615 61.222375 1.902306 18.517702 -0.962402 22.715284 2.146567 19.762932 2.635292 5.740588 1.299816 7.820988 -7.446536 16.632537 0.813029 2.491225 -19.400112 9.659474 -0.783900 28.271911 -23.053974 27.272319 5.001786 62.995562 -40.221814 94.090756 2.193450 41.541832 -41.342720 13.097235 -3.642383 32.779716 -26.424498 28.271605 -0.357413 65.834762 -0.150801 58.682890 5.411438 49.480104 2.059484 59.778033 0.571574 18.820273 -2.446791 25.442863 4.551984 1.168707 -5.312162 10.663861 8.688858 1.446638 -1.100908 51.926130 21.074482 4.400469 -51.099480 -49.822365 -0.566473 -7.072850 -71.039435 -64.044077 0.088256 -9.837517 -30.268544 -103.873176 -1.279563 27.076115 -7.781961 -28.887562 -8.202071 45.776808 -29.203908 89.242118 -0.648760 36.794307 -16.128201 268.096980 31.422100 22.749005 88.647026 425.748189 84.349097 24.211305 
-128.693348 -101.051372 -9.900826 -3.423426 -1349.554637 -662.781910 -43.922508 -274.671258 -330.820733 -712.338282 -15.311856 -512.703806 2583.457810 115.426946 -44.688348 196.523212 722.051525 -435.586267 -268.294766 170.785328 -471.384298 -791.316396 -245.403683 -12.507907 -393.056015 -467.052342 -115.255586 -19.559739 -56.838945 -301.990205 -42.057035 -6.155545 -308.942965 -202.229313 -102.436078 -95.763749 -405.752117 21.161157 -31.848740 -308.770585 793.819508 -219.843689 -18.228548 -71.843791 293.704418 -60.478523 -261.141618 112.534129 -107.194215 502.749464 -29.134425 -8.747730 354.459902 1338.226610 198.000357 41.585961 44.404500 240.027752 -29.847311 -6.473931 -14.510152 277.656056 -87.569330 -11.589226 -78.748597 604.699163 36.491889 -86.943934 116.122488 448.496021 108.767473 -245.270279 190.721865 143.196204 10.113101 -197.100347 161.179982 605.172942 100.855372 -31.215233 128.912713 877.541169 130.094123 2.649934 38.404755 286.384349 19.662432 18.182890 6.831140 214.442965 -12.828334 -5.916845 2.736200 228.521886 9.909142 -27.503928 97.011938 48.402153 19.265279 -143.621722 349.300786 -151.937506 -11.669575 -206.133762 230.905520 -115.715692 -35.683553 -21.063769 -19.007499 58.346240 -27.723243 88.001684 -20.105908 -399.191766 -23.420926 -73.957045 -9.199776 -134.380675 -13.474645 -50.272421 1.852464 -59.112948 -8.220386 -10.557800 17.886797 -52.842210 -5.752627 -5.387562 87.357464 -70.739516 -7.637435 8.989083 161.405622 42.196562 -15.336598 51.041016 122.091317 199.565504 -14.776247 108.168095 -39.165952 -421.912866 -13.713091 -85.730385 73.575502 -214.677890 5.824406 -71.084430 50.142128 -250.599939 -3.199674 -40.767371 -6.622334 -258.131058 -4.377921 -59.073666 -4.764973 -201.299561 -7.756096 -19.987858 32.445414 -112.467452 -23.952556 10.724416 -44.676666 -213.674880 -75.577033 4.077237 -5.331803 -90.110244 -4.818998 23.225130 57.899959 -90.932966 1.467044 85.935211 105.170850 34.657127 4.932558 170.560963 23.445312 82.561932 26.156515 78.983879 145.583971 -279.005357 9.139118 -34.907713 73.260688 -848.963626 -99.037496 -62.089379 -527.726712 -1245.731609 -271.373125 -57.869503 
-22.733190 74.907662 4.286042 -0.801092 -230.978880 11.450413 3.194776 -81.262167 -225.641159 293.498980 13.350883 -213.653862 115.426946 769.750740 31.393582 -3.747271 277.267575 599.302061 31.356749 72.060861 126.272268 487.224569 46.865116 9.770993 380.954086 748.988062 86.126569 8.562034 67.621773 310.700031 40.858229 11.469595 -24.257219 295.197174 68.729466 -23.968575 -259.398021 265.671258 62.416692 -120.718396 -168.599123 -10.931793 -4.007448 -76.779257 135.455821 -229.260229 -94.194929 74.178910 45.755280 -241.489593 -78.938578 15.901541 -30.008111 -161.750944 7.390368 -17.359606 21.288338 -32.085604 -13.663249 2.663555 -8.292419 -103.752474 -16.230946 -12.648148 -92.165544 -185.365371 -46.141108 -24.858637 -108.699622 -110.970309 -25.922202 -56.453780 33.751046 -171.103459 -90.151209 79.417610 181.235537 -138.956688 -63.296143 123.228089 28.605193 -135.573309 -19.688705 30.697633 -23.138455 -436.712172 -44.225334 -14.126875 1.032038 -291.111468 -60.676258 -2.392154 -8.316549 -218.148148 -43.157076 -16.314254 -71.846648 -129.011427 -4.112386 -142.464595 -74.866442 -14.296653 29.251301 -278.606826 110.081165 126.813488 28.552699 -87.862310 168.231558 192.860831 4.222324 54.624579 26.614631 157.720692 -7.619018 52.595705 -2.860831 65.604734 -9.319202 48.456535 -3.802418 23.897153 -5.053719 14.588103 -9.241710 20.795837 2.455566 -20.073870 -55.968575 -13.680594 16.440006 -125.254464 -36.753188 -129.334303 7.219518 -162.410162 66.814101 -150.983318 -5.171870 -55.781961 43.149424 210.961994 -6.086267 13.197786 -8.174217 160.193042 -12.602643 44.622079 -14.118253 108.696358 -6.775992 55.133303 -6.054433 113.330783 -1.761198 41.221508 -6.890674 89.596623 -6.332976 17.095756 5.338792 75.775533 -2.363330 -3.410825 91.837364 43.794256 14.426895 -5.130956 25.964493 38.910519 -5.840322 -32.261402 25.682226 -56.190542 -6.589634 -88.483420 10.099582 -50.414703 -5.446791 -120.897510 20.193348 -157.023365 2.707581 -7.909499 -12.774054 -135.269666 -15.022498 48.925620 -12.470513 -6.202122 -17.236149 15.580655 100.731762 -116.481890 -12.990970 16.164728 
0.086190 4.824967 0.271350 0.253418 9.596648 13.796143 1.206127 6.418274 -30.310555 11.881109 5.628762 4.407611 -44.688348 31.393582 23.960030 -10.791373 29.631798 64.788695 36.465794 -2.646414 48.660009 61.180772 20.484134 3.571370 8.124656 -9.862489 -1.690848 0.821498 6.321829 38.225360 5.212555 2.045939 7.928859 34.696000 13.311550 2.711841 -15.849301 24.192837 9.944955 4.389654 -22.406693 2.735359 13.116187 -1.448781 8.644194 -19.156591 17.338792 3.795378 -3.727732 -48.084787 -4.726099 1.662126 -34.644552 -81.960795 -13.152229 -2.697174 -5.690312 -0.565606 3.628966 2.273620 -4.560504 -24.776757 9.482094 -1.558923 -9.326038 -43.481660 -0.145393 3.637869 -4.156591 -41.593052 -5.585450 24.507729 2.003239 -31.200490 -3.822161 33.066855 -6.822084 -41.583257 -8.660239 6.852183 -15.782497 -60.834864 -7.683196 -2.267039 -7.332237 -25.839404 0.862004 -0.332951 -1.051168 -37.050071 -1.386262 -0.822875 -0.575936 -37.197811 -3.245052 0.222503 -5.261249 -16.566932 -1.606316 2.273748 -5.290965 4.582083 4.003290 9.954392 -1.293363 -1.215080 1.907509 -4.243674 -4.669345 -23.679854 0.890929 -12.230640 4.618381 27.484542 0.811550 14.856010 0.573793 12.203270 0.759897 12.304943 0.436486 3.554178 -0.041552 3.683782 -1.763494 6.775329 -0.312927 -0.492552 -6.171998 10.835093 2.191537 -3.122105 -8.114274 -5.213830 0.233803 -5.286578 -5.043746 -9.661310 -0.083869 -8.833665 -3.713550 -17.300531 1.251939 9.907739 5.960106 7.547699 2.283007 19.120881 1.041501 15.088766 0.106418 14.557469 -1.040685 19.418682 -0.312341 6.955413 -0.805913 17.387001 -0.836292 2.993394 -0.898403 15.765713 0.571778 -0.085195 20.517473 21.483599 5.601036 -0.727706 -5.210132 -31.794664 -0.074125 -9.293695 2.278364 -37.002755 -0.403785 -3.802240 0.069916 -27.637486 -0.294409 -4.114351 2.834124 -19.414269 -0.414039 0.512040 -0.794205 -13.595347 -1.283287 2.411387 -16.392587 17.396949 4.807316 1.262091 34.642817 60.167763 26.097260 4.079915 
-23.463754 -10.630140 -0.784206 -1.230308 -158.549816 -83.415978 -5.469518 -34.021120 71.550837 -27.135165 -4.051933 51.194929 196.523212 -3.747271 -10.791373 170.983599 -49.308718 -111.434088 -32.210973 35.720029 -94.637971 -125.929778 -36.802622 -2.765891 -104.476354 -115.918044 -27.631925 -5.672891 -20.818462 -72.816728 -5.422686 -1.253163 -50.824788 -73.493674 -12.603714 -15.649551 -65.222477 -31.185950 -3.244159 -19.325834 86.679727 -81.509310 -10.506147 53.201612 -4.558948 -34.711024 -34.118559 43.490664 -41.394399 56.837772 -0.903989 -1.183553 46.296526 120.692965 5.631721 11.710795 -5.417585 -12.264820 -2.015254 2.749490 -0.009438 0.925824 -1.856290 2.099327 -12.722783 73.226533 20.191307 -18.918248 -26.721125 71.152740 16.603663 -35.943450 -23.194853 -13.661769 -1.732935 30.711075 43.299128 69.034588 13.380165 40.765203 27.016044 116.091062 8.473370 12.613993 3.109402 77.811550 9.590399 7.988598 0.957810 63.148021 4.306219 0.893735 -0.542827 50.127104 9.784690 -7.370651 -26.998623 4.585144 4.016019 -35.569126 -8.432941 -64.282114 2.454469 -16.599480 47.695414 -26.493980 9.325579 59.690108 14.554561 46.688272 2.078921 59.493266 -2.716636 10.851546 -1.123916 10.838052 1.180415 9.718983 -3.049306 10.119758 0.306856 -2.253903 -1.203168 4.127666 -3.528364 -11.414907 -0.963320 -3.279869 -12.159652 -42.818105 7.162917 -9.623227 16.726916 -31.961866 10.204061 9.923860 33.673987 15.082798 -1.035047 30.120319 -26.236557 -94.546883 -6.156591 13.436920 3.947760 2.307520 -5.684445 53.579915 9.271018 18.475972 -0.338588 38.897536 0.885802 3.355270 -0.165315 10.159678 -5.290200 -12.716815 1.516121 3.940644 -0.303005 -2.460999 2.251913 4.506836 -2.963448 -13.426053 -2.339481 1.331777 -33.812825 -102.188042 -4.024742 -6.517600 -35.277752 -104.250230 -2.652382 16.450847 2.155214 -106.375982 -0.098000 50.018085 5.061958 -93.034920 -0.721559 62.679267 16.443730 -88.001071 -4.071166 33.426538 29.962070 -115.245587 -7.169115 2.512932 -72.418911 -201.506760 -23.596342 -6.193934 
-35.244133 -34.548566 -2.779614 -0.517422 -494.016758 -222.039486 -17.779130 -79.368228 -1060.009004 -393.123074 -12.302316 -333.968677 722.051525 277.267575 29.631798 -49.308718 1161.690975 230.477145 3.167355 187.836955 111.966713 -93.953041 -41.732527 28.254158 -103.452479 -118.085170 -49.065350 -7.870625 -27.867284 -138.332798 -8.125778 1.377844 -95.126747 -79.619325 -23.526426 -24.711841 -488.184216 87.676309 -17.736506 -146.021426 67.543975 -31.592567 54.314942 -152.312927 434.561040 -319.633124 -92.066983 89.284971 97.952250 -77.156260 -98.280329 44.404908 91.287343 324.147204 64.242220 17.248138 -51.784894 -138.395368 -42.131262 -2.320452 5.992093 -56.058872 -51.271350 -6.840067 -94.209315 234.473855 1.020508 -42.675977 -117.117973 299.231711 80.215845 -162.011861 15.452224 -61.694368 -35.302724 -63.066396 188.712810 113.184726 -12.654729 73.404015 165.543746 339.578206 71.543618 57.186690 -5.972630 -59.456280 -6.459341 -0.099097 12.276145 -18.327798 0.625931 -3.873635 -4.724798 26.293771 22.156897 -19.222503 -53.331497 -41.868330 17.178859 -147.998265 -1.703984 -165.055913 1.637665 -277.606826 127.246990 -43.482808 -8.016325 -85.775610 179.138124 251.195006 11.619631 105.851852 -3.650520 17.680288 11.226099 33.983752 -4.250561 4.230155 1.346623 32.964111 -0.671105 -11.097796 -5.561295 8.316218 -3.576727 -41.158708 -12.813795 -16.021681 -27.040123 -97.435644 -12.320095 -82.921972 -4.790225 -107.394067 -12.804051 -101.104607 93.934471 122.900520 15.419039 6.855244 -75.990307 -99.211407 -2.324482 -46.782854 36.955413 -52.936588 -5.063080 13.168376 7.244541 -89.440006 -8.848383 34.812596 -9.413861 -75.066524 -5.115575 3.859555 -5.633940 -45.750179 -10.013111 -0.231686 1.349735 1.451459 -7.817876 -0.584226 22.215310 -44.179650 -10.659805 -12.444929 -19.126416 -64.042343 0.681563 -56.928069 32.794179 -149.417815 0.866595 -29.534767 7.499413 -128.089787 2.930313 91.754846 12.586445 -82.933298 6.305224 56.314407 20.136721 -92.885828 -22.067952 3.688246 -28.555530 -220.963065 -61.786654 -4.043082 -100.834736 -399.018085 -88.134910 -7.538134 
29.568360 180.740639 11.972452 2.136262 6.109734 246.826905 23.170238 3.713958 -375.998419 279.422967 22.122947 -120.616570 -435.586267 599.302061 64.788695 -111.434088 230.477145 1079.459647 172.204775 25.547036 374.589073 1194.071115 187.356647 15.823589 687.952709 1175.053260 153.674625 17.112897 130.736813 500.069483 67.526069 18.093307 58.307265 563.485104 132.501479 12.099888 -272.197021 449.977961 104.142077 -52.784359 -462.723651 154.586522 61.291195 -94.301092 131.482655 -204.831599 20.517702 38.580961 133.606979 -488.178910 -94.231303 41.778441 -233.342210 -868.236660 -94.027191 -34.561881 -21.361800 -296.053974 -0.209111 5.277676 -13.673605 -347.614835 22.207530 -9.609428 -118.965769 -497.444087 -75.916284 -0.299306 -136.927558 -351.692684 -59.583308 38.939088 31.178706 -285.624273 -105.966789 203.448781 89.386593 -462.070860 -148.012856 198.349505 -43.068003 -630.648454 -88.441690 63.744516 -80.165493 -768.248801 -62.883940 -10.217937 -10.793286 -601.918376 -77.941282 -1.685899 -11.275737 -514.594276 -75.331446 -9.175645 -96.578512 -330.448628 -30.391746 -106.246148 -193.062851 -106.834201 24.412611 -227.666361 -5.010917 71.090093 45.334813 -111.324100 194.788185 88.028058 27.447097 11.249158 72.066269 350.000612 0.102490 125.377206 7.598204 107.132180 -7.536629 92.910315 -0.494184 44.825987 -5.169421 24.235129 -15.006683 7.110958 -7.079533 -15.622641 -65.395062 -39.705540 16.965412 -127.989797 -91.062698 -204.474696 18.813539 -205.194521 -15.808132 -349.086471 2.516223 -138.729977 40.203194 140.779512 5.767167 50.379808 20.131976 157.564534 -8.986889 99.032650 -3.306907 149.499235 -4.610142 104.839608 -3.501122 157.231660 -1.063871 68.728905 -1.667636 135.340475 -7.283645 27.868432 0.621722 85.961841 1.922100 -5.903683 56.135088 46.271860 18.028569 -14.531119 14.001071 -82.038619 -3.595858 -67.210591 64.207581 -184.130854 -6.966840 -136.185083 33.594174 -158.681257 -3.763034 -153.628201 36.168452 -229.370115 1.008213 -28.323742 -15.090042 -149.859810 -11.928375 29.081267 -21.157586 102.507448 17.850015 20.541475 162.157127 199.768850 47.376186 47.277880 
9.572773 7.262167 1.179063 0.749541 113.584711 73.087236 4.836777 42.518365 -20.371671 66.575069 3.356290 62.099174 -268.294766 31.356749 36.465794 -32.210973 3.167355 172.204775 130.620983 -22.091368 179.938705 248.489210 98.849862 7.180900 106.176079 88.883609 22.540863 7.005510 10.679293 42.577824 13.789027 2.086547 36.357438 54.387511 36.261708 15.987374 9.633609 36.764463 22.222681 42.286042 -92.764004 34.487833 28.711892 6.286501 16.798209 -65.661387 76.253903 -2.461433 3.509183 -204.635904 0.216713 1.313590 -122.350551 -337.595271 -47.170340 -12.013315 -22.423554 -65.747934 9.389807 -0.937328 -5.531221 -94.807163 35.716713 -3.207071 -2.656566 -141.932736 13.793388 8.339991 -10.267447 -111.521120 -17.978421 66.132461 4.925390 -92.084481 -15.686410 101.761938 -32.666896 -168.861800 -35.032599 28.451561 -60.179752 -225.748852 -33.861341 -2.869376 -12.878558 -38.465565 6.221763 -2.720615 1.263545 -72.675620 13.249082 -1.003214 -0.230716 -90.659091 2.139807 -0.558081 -21.780073 -59.417815 -5.033058 6.920110 -37.775253 -5.112489 4.808770 34.193297 -25.814279 -13.357208 5.403122 -3.690771 -15.708219 -63.184343 4.607897 -16.494949 20.495179 101.805785 10.170799 37.826217 2.154040 31.125115 6.509412 30.523186 -0.362718 8.138659 0.732553 6.482323 -4.588154 3.931129 -1.325069 -2.602388 -15.320707 -2.808770 2.220615 -14.431359 -25.577594 -47.939164 -0.452709 -25.269284 -25.651745 -88.856290 1.855831 -28.027319 8.507805 -56.471993 3.429522 11.991965 9.177227 -1.247475 0.230716 32.947429 -1.959366 25.468779 -0.245638 31.962580 -1.588384 38.514692 -0.486915 14.633609 -3.034665 34.239210 -0.715794 3.120064 -4.384068 27.527778 6.525712 -3.056474 32.751837 68.465794 21.388659 -2.930441 1.941690 -50.201561 -0.797521 -12.902204 8.267447 -68.515611 -1.749770 -19.921258 3.911157 -64.348485 -0.885675 -14.253673 5.199954 -61.150367 -1.364555 -5.648760 -15.604683 -65.066116 -0.288797 1.666208 -24.779844 22.417355 29.431129 -2.550735 79.098485 118.469927 75.614555 2.058540 
-12.683859 -13.484644 -1.116621 -0.503163 -138.865932 -75.093205 -4.783236 -27.609734 -205.163096 -91.574890 -3.693705 -79.931844 170.785328 72.060861 -2.646414 35.720029 187.836955 25.547036 -22.091368 73.417712 -18.264004 -38.007550 -21.984338 6.945414 -10.789256 11.827824 -5.263391 -2.257780 -11.648709 -52.790481 -3.686818 -0.031731 -27.050556 -26.850679 -6.964238 -8.009540 -116.587440 26.932966 2.949852 -39.754515 3.299153 -5.620855 6.794715 -26.596470 68.144118 -77.410876 -36.425977 31.469391 13.780992 -2.627028 -21.579482 13.222579 54.982400 107.638302 19.061116 10.071574 -15.912764 -75.526732 -14.209723 0.623100 5.209162 -22.989185 -17.425161 2.350168 -26.257015 56.359555 4.312366 -13.531017 -40.021988 85.339914 21.523518 -55.554943 -20.056066 -12.781757 -9.894705 -21.390827 64.691460 21.429599 -1.565197 31.799306 59.745434 99.872666 20.428834 22.746659 -5.236353 -45.692633 -5.114274 2.708601 2.322263 -7.515100 -4.947403 0.333078 -2.305428 10.734007 6.270636 -5.591470 -17.221763 -8.851903 5.714468 -44.307367 -9.978676 -57.430925 4.876798 -87.677380 43.671666 -32.934394 6.692327 -21.481430 60.408479 48.703143 5.122641 37.885522 2.109887 37.069483 1.217580 9.062086 0.817059 13.208703 -1.403173 8.108662 -0.193450 0.550046 -0.802571 2.970819 0.479696 -6.413835 -0.768544 -2.933170 -6.312570 -24.301041 3.210591 -19.370574 1.258392 -43.755994 2.851036 -27.762473 36.867105 -13.372513 0.528160 0.870727 -9.296959 11.245689 -2.404704 5.314458 5.414499 0.116723 -3.442047 20.981839 2.768697 -12.453015 -1.596215 13.154117 -0.938833 -11.995307 -0.232527 4.065759 -1.757321 -5.091725 -1.156617 3.658759 -0.357923 5.892817 -0.652280 1.162585 6.460463 -12.809713 -3.129528 -2.363687 -4.517294 -25.535558 -1.678655 -3.351546 -0.312468 -49.081726 -1.507397 13.075554 0.722426 -43.305836 0.512601 24.131823 7.237170 -67.453372 2.805122 19.782165 10.203653 -110.512703 -4.663453 9.064738 -5.258902 -136.597388 -14.078818 0.189777 -45.199776 -212.140394 -30.651362 -7.572595 
