6173.674217 1053.692633 39.750230 137.440618 83.292011 -1289.314764 -86.072187 -261.753546 -2902.339506 -1200.922355 -116.778543 -432.063259 -1948.802214 -421.725385 -78.496480 -262.088766 -148.615651 -25.924600 -2.379553 -18.743496 0.000000 0.000000 0.000000 0.000000 0.000000 0.000000 0.000000 0.000000 4303.792980 159.758902 27.070350 105.554280 276.522855 -161.765636 -74.444036 -3.909856 -2312.744261 -146.427456 -80.530201 -81.361647 -1818.799816 -30.422712 -43.277421 -83.418223 -192.896133 -3.501786 -3.965922 -2.879808 0.000000 0.000000 0.000000 0.000000 5.448424 3.178247 0.908071 0.000000 3917.465055 107.174778 -17.172278 102.965667 405.962708 -17.329966 -71.343332 44.353178 -2149.576217 -114.664626 -82.378176 -38.853178 -1811.436078 -44.604326 -69.543924 -35.629936 -189.259769 -3.501786 -3.672993 0.000000 1.589124 2.992654 1.816141 0.000000 21.170493 40.281502 19.061422 0.000000 3381.118253 195.000612 -31.097643 180.010101 542.845220 89.836649 -31.325936 87.341853 -1995.142996 -110.030711 -74.695796 -59.318743 -1709.973778 -52.163555 -54.053464 -69.965208 -147.893735 -7.459392 -1.287930 -5.012142 37.057800 30.058821 26.497194 0.000000 204.332619 343.501071 158.770125 -5.571574 2642.076778 457.359810 -8.750383 264.439700 701.742016 235.570350 -3.528569 218.318743 -1702.465973 -61.631772 -44.074176 -64.257729 -1702.910264 -75.660035 -35.597898 -134.973421 -195.623049 66.278900 47.352770 -21.002908 141.730946 313.432711 197.124579 0.000000 644.623253 926.205132 512.096572 -3.799051 1753.074635 447.657484 -3.727120 280.339455 882.888940 503.951536 2.672686 377.315835 -1167.160239 386.388022 3.787012 1.933680 -1646.541271 413.973370 53.500408 -296.738343 -144.444904 535.826089 229.033823 -97.928732 274.358688 715.586573 359.392460 -12.441077 816.104785 1153.810019 485.204520 -2.740384 995.993776 561.641618 0.393429 243.479492 948.370778 1596.027599 2.477757 596.724722 -345.499490 2707.992807 53.650240 2.157841 -1428.637741 2016.404704 139.592338 -899.416029 -337.490409 1047.012856 242.055045 -394.672891 504.359708 922.660545 271.075094 -76.110550 585.261861 289.057800 114.201408 -67.306703 
1053.692633 6533.060810 -38.359963 650.445516 275.439853 1335.030558 -93.867667 447.579074 -1197.609989 -112.179114 -97.094735 -92.456025 -1318.659218 -193.865983 -61.441996 -178.802418 -101.751658 -8.136466 -1.917968 -13.843740 0.000000 0.000000 0.000000 0.000000 0.000000 0.000000 0.000000 0.000000 95.554127 130.402255 -94.671819 80.783185 948.582288 228.629732 -93.258902 152.824457 -20.276860 133.160698 -54.770534 54.919039 -1017.327365 34.123814 -33.156464 -45.648352 -89.312315 6.024742 -3.196613 -1.057290 0.000000 0.000000 0.000000 0.000000 7.201714 4.201000 1.200286 0.000000 -424.380114 -339.782675 -91.792368 2.633048 1230.690644 82.264310 -55.619018 80.469595 392.664371 41.160035 -41.320171 34.091011 -899.294868 32.360524 -36.719620 -18.255739 -89.716355 6.024742 -1.696613 0.000000 2.100500 0.902663 2.400571 0.000000 22.781757 15.208856 19.855933 0.000000 -550.937353 -475.996939 -86.942761 -55.232323 1139.232833 85.720284 -13.681869 45.120039 545.781655 62.834660 -31.921743 53.455107 -755.618049 35.928018 -34.841394 -23.625701 -83.864300 16.125599 1.865065 -0.665085 8.820988 11.706561 17.810887 0.000000 49.999796 80.409397 41.426385 18.392970 -576.079074 -564.110040 -48.317570 -120.412611 900.996276 118.924140 -9.644526 45.792368 521.496735 137.336088 -27.074584 114.888124 -577.719671 48.081981 -30.142690 -14.688654 -67.196051 5.569585 13.748699 -5.241812 35.887052 -35.080553 14.112795 0.000000 316.826701 -56.395215 52.689930 25.868381 -548.882716 -497.803489 -2.938629 -147.474441 453.544026 86.064075 1.190032 -50.050454 500.986685 191.579839 -6.182787 166.806448 -474.814101 147.513315 -20.566983 49.400877 -93.280073 68.394756 -6.063208 10.241863 90.956739 79.323436 36.248495 8.557239 382.510458 313.375013 196.894654 4.649934 -351.977247 -363.364300 0.852668 -110.875268 108.592950 -491.020253 0.956127 -211.150801 612.803898 -206.394552 -13.661259 40.449138 -534.537190 449.653148 -109.767269 -27.992603 -485.081675 1315.387511 -25.662483 -29.022702 135.609989 1754.459290 317.427660 62.716611 599.683043 1819.012907 547.421182 74.688705 
39.750230 -38.359963 24.672176 -7.980716 22.255739 0.378329 4.998163 -4.632231 -32.287879 -8.304867 0.350321 -5.915519 -28.795225 -4.436180 -0.794307 -4.059688 -2.075298 0.078972 -0.038567 -0.308540 0.000000 0.000000 0.000000 0.000000 0.000000 0.000000 0.000000 0.000000 68.337925 18.472911 7.311295 -0.700643 -1.741047 -2.619376 2.102388 -2.907254 -35.882461 -3.627640 -0.288797 -2.447199 -30.124885 -1.079431 -0.619376 -1.478421 -3.419651 -0.089991 -0.064279 -0.051423 0.000000 0.000000 0.000000 0.000000 -0.308540 -0.179982 -0.051423 0.000000 81.915519 5.730028 2.651515 0.541322 -5.386593 -3.636364 0.499082 -2.501837 -41.374656 -3.977961 -1.126722 -1.977961 -32.014692 -1.348944 -1.165289 -0.694215 -3.419651 -0.089991 -0.064279 0.000000 -0.089991 0.167126 -0.102847 0.000000 -1.079890 0.719008 -0.926538 0.000000 78.561983 14.489440 0.595960 5.373737 -4.061524 2.732782 0.286961 1.034435 -49.081726 -4.471074 -1.202479 -1.984848 -32.852158 -2.017906 -0.907713 -1.444444 -2.789715 -0.244261 -0.257117 -0.102847 0.585859 0.005969 -0.883838 0.000000 0.279155 -1.327824 -3.153352 -0.168962 56.970615 29.004132 -0.029385 11.244720 0.796602 13.483012 -0.020661 8.111111 -42.361800 2.367769 -0.857668 -0.746097 -34.004591 -1.473829 -0.810836 -3.123049 -4.710744 0.671717 -0.558770 -0.393021 0.608356 5.151056 -0.434343 0.000000 -4.882002 10.426538 -4.707530 0.443985 28.686869 16.769513 -0.430670 10.056015 0.918733 13.097796 -0.160239 15.632231 -27.138659 17.618916 -0.123508 6.258494 -34.547750 18.911387 0.940771 -3.708448 -9.803949 15.610652 1.589532 -1.621212 -3.036272 10.124885 2.412305 -0.186869 2.243802 20.669421 4.871442 1.592746 -5.832874 3.159780 -0.025712 5.618916 8.183196 14.968779 -0.077594 18.457300 -20.075298 28.973829 -0.584481 11.013774 -39.689624 25.236455 -1.305785 -11.538567 -16.707530 17.252984 0.696511 -5.827824 3.484848 28.494490 2.495868 -0.984848 11.744261 22.757576 13.970156 -1.451791 
137.440618 650.445516 -7.980716 154.183655 -72.415519 73.179369 -12.262320 68.983318 -159.592593 -41.954239 -11.700643 -10.180747 -139.433119 -26.565350 -6.668962 -18.027089 -11.054790 -1.790940 -0.190542 -1.408173 0.000000 0.000000 0.000000 0.000000 0.000000 0.000000 0.000000 0.000000 27.694521 -6.068717 -8.043465 15.652127 101.519131 24.073768 -8.933731 20.900367 -9.629017 7.730028 -5.641261 6.884298 -113.775482 -1.149219 -3.269666 -4.975819 -11.127028 0.368534 -0.317570 -0.137894 0.000000 0.000000 0.000000 0.000000 2.112029 1.232017 0.352005 0.000000 -27.368075 -34.323691 -7.442761 0.582339 145.643557 7.601010 -5.020049 8.325222 28.259412 1.624273 -3.660698 4.563667 -103.043006 0.144016 -3.623967 -2.131772 -11.935109 0.368534 -0.201408 0.000000 0.616009 0.185950 0.704010 0.000000 6.179982 3.760637 5.475972 0.000000 -26.408479 -69.812213 -6.737374 -7.525253 137.121365 -0.159167 -0.385369 2.020355 46.671870 -2.965259 -3.379553 3.496633 -94.748546 -1.007958 -3.408479 -2.851852 -11.363330 0.545761 0.967095 -0.260637 0.346801 0.297827 3.962963 0.000000 -1.218243 7.494031 6.407713 3.273952 -32.569177 -75.826446 -2.825069 -8.954086 115.403428 2.486838 0.765228 8.543771 27.947505 -10.427456 -2.404193 14.426538 -76.221457 -8.772880 -2.310989 -3.795990 -17.315886 -3.139731 7.880165 -1.900826 -3.964187 2.553107 16.909091 0.000000 53.326293 60.557698 53.490817 4.561524 -31.920875 -49.634986 1.129017 -6.682736 68.053107 -1.067646 0.973676 4.471227 45.807622 -3.968473 0.688093 24.350015 -65.362412 1.949954 4.955158 -2.993878 -25.280992 21.181053 19.477502 -6.375421 9.126416 51.273799 52.237680 -1.565657 71.551117 115.209979 97.627487 -0.476737 -0.135598 -42.368381 0.125497 -3.707530 26.212733 -24.062137 0.108050 0.223447 69.147230 28.421028 3.293541 17.216560 -64.999541 77.402510 9.668809 -10.651821 -47.763391 93.105142 31.847720 -21.660851 21.516835 48.081726 71.592440 -11.703704 33.708448 -91.430976 69.236455 -6.369146 
83.292011 275.439853 22.255739 -72.415519 1307.057851 430.602847 46.684114 35.604683 -273.055556 -57.992654 -8.098255 -86.696511 -742.005969 -114.553260 -28.534894 -98.119835 -61.456382 -3.472452 -1.103306 -8.553719 0.000000 0.000000 0.000000 0.000000 0.000000 0.000000 0.000000 0.000000 153.638200 108.456841 41.062902 -19.369146 776.716713 101.487603 53.898531 4.457300 -188.737833 23.379247 -0.622590 -14.812213 -686.172176 -7.131772 -16.315427 -31.626722 -79.856749 -0.665289 -1.838843 -1.198347 0.000000 0.000000 0.000000 0.000000 -1.190083 -0.694215 -0.198347 0.000000 316.277319 211.044536 53.681818 -8.751148 596.359504 102.515152 48.235996 6.668962 -259.188246 30.477502 -4.993113 -2.497245 -685.431129 -8.215335 -25.434803 -10.773646 -78.402204 -0.665289 -1.566116 0.000000 -0.347107 -0.143251 -0.396694 0.000000 -3.559229 -3.320478 -2.940312 0.000000 374.848026 292.971534 45.873737 12.989899 497.988522 102.735537 22.129936 28.084481 -310.844812 35.076217 -12.836547 5.969697 -651.980257 0.773646 -20.692378 -18.232323 -61.689624 -0.851240 -2.628099 -1.467401 0.469697 -1.862259 -0.934343 0.000000 36.151056 18.316345 -6.593664 -0.945363 374.713499 206.938017 13.061983 12.819100 395.146924 122.775023 1.794766 53.601010 -235.734619 104.286501 -15.013774 35.459137 -608.330119 23.622590 -18.913223 -19.568411 -82.682277 -7.792929 -10.168962 -1.705693 17.632231 -1.563820 0.015152 0.000000 89.310836 149.894858 53.809917 3.304867 242.141414 168.346189 0.313590 21.346648 239.032140 144.689624 -0.823691 84.450872 -142.354454 133.711203 -3.930211 75.162994 -530.061524 76.238292 -10.202479 -31.034894 -79.395317 119.168503 7.151974 -2.954545 71.624885 172.141873 72.537649 8.106061 201.287420 345.387971 159.034435 6.659320 109.225436 221.825528 0.112948 33.882920 111.095500 207.720845 0.204316 92.872819 20.195133 491.049128 -9.096419 80.894399 -455.736455 605.877410 -33.074839 -207.855831 -195.068871 599.038567 76.729109 -86.506887 179.944444 707.405877 150.051882 35.636364 313.280533 746.045455 118.306244 20.923324 
-1289.314764 1335.030558 0.378329 73.179369 430.602847 1507.064713 41.114912 264.869044 457.445847 609.151107 9.418197 82.471636 -262.329074 45.373329 -13.413606 -46.994184 -27.896643 9.035226 -0.723217 -4.987756 0.000000 0.000000 0.000000 0.000000 0.000000 0.000000 0.000000 0.000000 -1004.021988 165.352566 6.320580 -28.379604 349.546041 189.143225 34.740766 31.089914 660.645087 125.031680 15.036833 27.041475 -149.476125 28.358050 -8.426640 -13.738471 -22.802010 3.898352 -1.205362 -0.166310 0.000000 0.000000 0.000000 0.000000 -2.755433 -1.607336 -0.459239 0.000000 -873.574890 73.562060 16.739338 -30.813488 358.249668 52.447811 34.612591 -4.982451 619.584252 73.590195 14.857361 6.510229 -140.956969 26.540302 -7.414677 -6.068411 -25.630293 3.898352 -0.407382 0.000000 -0.803668 -1.376722 -0.918478 0.000000 -10.088460 -17.953576 -9.028569 0.000000 -690.939368 75.794230 21.180135 -52.797980 288.717809 19.315759 17.670391 -17.212325 545.830604 67.489032 8.186205 17.168631 -139.306652 34.911285 -8.449469 -5.184905 -29.408657 8.990333 -2.255790 0.152229 -13.982604 -8.785991 -10.053311 0.000000 -55.682073 -100.338001 -46.646312 5.689445 -470.586216 29.808157 12.998240 -74.768289 152.496607 7.371085 4.075656 -46.870651 478.076727 101.884757 -6.315453 34.851316 -95.814993 76.548184 -12.656897 7.254081 -24.632691 -6.786756 -20.218167 1.392179 -34.848255 -94.569126 -67.691077 0.000000 -127.447684 -250.651847 -147.695669 10.686486 -273.003648 29.253214 1.603229 -74.312749 1.707810 -27.265866 -0.655137 -85.478472 340.292700 28.277829 -5.199444 30.710081 -89.017626 2.952250 -23.239032 49.862208 -82.882920 -63.685848 -58.971687 34.808642 -41.160137 -87.982068 -69.011351 12.957912 -103.379604 -74.686537 -51.324865 7.390700 -174.059943 -39.050071 -0.209417 -54.946358 -80.361086 -230.208397 -1.049791 -128.961228 151.747296 -281.543695 -17.048796 57.457887 -256.608356 49.120727 -77.037369 70.232731 -283.545276 577.580349 -22.878609 89.222885 -95.445847 1005.552648 110.851495 91.179854 148.653046 1447.830527 245.713346 88.921488 
-86.072187 -93.867667 4.998163 -12.262320 46.684114 41.114912 15.285405 -1.059178 31.023288 40.887256 10.246021 1.477451 -7.985486 18.755943 2.373355 -1.688858 1.696255 3.946460 -0.021656 -0.173248 0.000000 0.000000 0.000000 0.000000 0.000000 0.000000 0.000000 0.000000 -16.628354 21.486022 6.681308 -3.094174 14.449316 9.636032 7.233267 -2.117616 8.378329 2.116621 2.369554 -1.414907 -15.480257 -0.247092 -0.130803 -0.814993 -1.920161 -0.050531 -0.036093 -0.028875 0.000000 0.000000 0.000000 0.000000 -0.173248 -0.101061 -0.028875 0.000000 10.831752 21.326523 5.495230 -0.663045 2.357259 3.841751 3.930160 -1.434854 -2.923095 0.926436 0.444597 -1.012116 -18.300097 -0.596368 -0.600627 -0.389807 -1.920161 -0.050531 -0.036093 0.000000 -0.050531 -0.064968 -0.057749 0.000000 -0.606367 -0.895113 -0.548617 0.000000 14.704647 39.174395 4.604377 2.898990 3.459621 3.992832 0.782573 0.615345 -9.760917 0.016733 -0.108713 -0.383558 -19.802367 -0.819508 -0.487272 -0.631033 -1.566447 -0.137154 -0.144373 -0.057749 -0.693042 -0.704571 -0.531425 0.000000 -2.021222 -4.006045 -2.822620 -0.108382 12.054127 36.442225 2.101546 3.755127 -1.955489 12.019692 0.469289 2.944164 -9.970870 12.104683 -0.400699 2.857285 -16.999872 4.473038 -0.453347 0.564305 -3.258035 -0.111672 -0.905494 0.237909 -2.026860 -1.311856 -1.711279 0.000000 -8.283160 1.900189 -2.320554 0.011096 3.725309 12.146694 -0.034053 1.362642 -3.181385 12.691588 -0.100347 4.823487 -9.094353 9.954750 -0.118483 3.981737 -10.179089 5.723140 -0.291986 1.948832 -3.673095 3.372768 -1.720080 1.774972 0.243292 0.291424 -0.598434 0.983165 -10.200235 -4.531502 -4.764106 0.585527 -7.214519 -2.940185 -0.014437 -1.025329 -4.737272 -3.353790 -0.042598 1.735894 -11.457785 -2.621748 -0.384578 4.743164 -9.089991 -0.499413 -0.808565 -2.240792 -2.799791 9.457759 0.760815 3.068309 -0.149551 24.144934 0.214060 6.979517 -4.524181 52.049383 -2.843587 3.372819 
-261.753546 447.579074 -4.632231 68.983318 35.604683 264.869044 -1.059178 102.060198 47.429854 71.277523 -4.419498 27.555505 -73.007754 -9.939649 -4.278390 -9.793082 -7.110907 -0.807214 -0.136670 -0.941843 0.000000 0.000000 0.000000 0.000000 0.000000 0.000000 0.000000 0.000000 -251.402000 -21.861086 -6.135496 -4.237884 115.515203 36.041220 4.233497 12.555249 160.744720 24.341139 3.701051 10.003826 -44.659320 5.197582 -1.308948 -1.996582 -4.340271 0.741710 -0.227783 -0.030711 0.000000 0.000000 0.000000 0.000000 0.361188 0.210693 0.060198 0.000000 -244.998827 -16.039180 0.159371 -6.994541 128.649730 14.407407 8.675798 0.233190 157.754362 13.288695 4.388124 3.024385 -40.498674 3.352209 -1.514539 -1.162075 -4.986736 0.741710 -0.076268 0.000000 0.105346 -0.106979 0.120396 0.000000 0.779308 -1.164167 0.658912 0.000000 -205.335527 -15.601775 5.139731 -13.484848 116.566371 6.839710 6.750434 -3.538006 135.749872 8.337210 1.829762 3.785634 -38.304663 1.346699 -2.062800 -1.350730 -6.320120 1.649577 0.088868 0.009285 -2.289001 -1.828997 -0.066779 0.000000 -2.680084 -17.118763 -5.109122 3.470360 -141.747067 -41.102541 2.691766 -20.088766 86.013978 -3.428426 2.912815 -9.295735 109.830783 -0.205234 -0.689266 10.928222 -25.779257 1.007703 -2.122998 0.542955 -7.921947 -3.035915 -1.025559 -0.606214 -8.348026 -17.858229 -5.658249 0.000000 13.485665 -27.178553 -5.202785 3.234925 -88.736813 -27.427916 0.920263 -16.674319 30.800020 -16.231507 0.336751 -13.300939 101.928834 -14.428630 -0.878125 16.215896 -20.474084 -29.883379 -2.170544 7.001632 -26.048669 -24.804918 -2.490511 0.300224 -4.980767 -5.143149 9.481226 0.296296 19.161106 17.400775 36.256555 0.308897 -40.476227 -27.244363 -0.020406 -10.189011 -12.007244 -71.522294 -0.152331 -21.344455 69.348689 -61.828130 -2.162126 31.131823 -38.635904 37.263902 -9.346903 23.904295 -65.793133 124.650597 15.686665 -2.289358 -13.808642 135.411693 55.731048 -0.568462 35.247169 123.852413 77.733088 9.974288 
-2902.339506 -1197.609989 -32.287879 -159.592593 -273.055556 457.445847 31.023288 47.429854 1832.382435 597.628507 46.686027 225.782267 1040.912177 180.042649 31.798822 131.988215 29.992144 3.653479 0.655724 2.170034 0.000000 0.000000 0.000000 0.000000 0.000000 0.000000 0.000000 0.000000 -2019.073513 -122.734568 -16.778339 -52.934905 -397.906004 4.556958 30.990180 -19.541246 1325.217172 63.702020 37.600449 36.627946 989.702020 16.281987 18.167228 44.625982 52.504489 0.009820 0.961560 0.626824 0.000000 0.000000 0.000000 0.000000 -4.208754 -2.455107 -0.701459 0.000000 -1833.042649 -47.175926 5.881874 -47.758137 -464.181257 -25.457912 26.120651 -30.338945 1190.436869 49.034231 36.011785 22.129349 992.279742 20.455107 27.923401 23.989899 60.514590 0.009820 0.744388 0.000000 -1.227553 -1.578283 -1.402918 0.000000 -14.730640 -21.745230 -13.327722 0.000000 -1579.284231 -105.788721 15.188552 -84.424242 -510.444164 -76.528339 9.694164 -56.387767 1068.609708 52.987093 35.268799 31.260662 963.658810 28.268238 25.922840 45.321268 55.865039 0.708474 -1.966891 2.430415 -17.512346 -11.629068 -15.421437 0.000000 -104.263749 -156.076599 -70.336700 -1.015432 -1211.313692 -177.519360 10.248316 -114.390572 -544.480079 -167.273288 2.808642 -133.427329 886.744669 -6.348485 25.966049 2.657407 950.703423 36.370090 13.801066 75.399270 90.323232 -26.021324 -26.682660 13.172559 -59.593434 -145.349607 -100.253367 0.000000 -392.968294 -506.618126 -280.824074 0.925084 -761.708474 -159.295455 1.721380 -118.531145 -510.136644 -281.973345 -1.568462 -196.027497 560.573232 -249.088664 -1.025533 -48.448373 851.843154 -224.767677 -25.075477 146.856341 80.070707 -289.657127 -119.511785 56.792368 -144.798541 -434.046857 -217.219136 6.824916 -517.096521 -750.422278 -355.586981 3.748878 -446.400112 -242.301627 -0.350730 -109.177609 -447.064534 -698.881594 -1.402918 -269.026375 99.333053 -1288.435185 -27.695006 -2.406004 696.601010 -998.458193 -62.762907 459.725028 217.358866 -587.131313 -142.232043 220.493827 -290.513749 -567.370370 -208.988777 38.820146 -355.089226 -144.931538 -122.042088 33.166667 
-1200.922355 -112.179114 -8.304867 -41.954239 -57.992654 609.151107 40.887256 71.277523 597.628507 621.092644 47.395011 102.605397 315.823436 223.092644 14.835476 34.104071 20.467299 26.597133 -0.019131 -0.142945 0.000000 0.000000 0.000000 0.000000 0.000000 0.000000 0.000000 0.000000 -810.448220 27.558412 1.299153 -25.350066 -107.868024 63.581318 20.469799 -2.695898 514.211662 68.758035 21.871238 17.559841 312.974288 25.199878 4.236200 11.908071 27.293644 3.632129 -0.122794 0.691664 0.000000 0.000000 0.000000 0.000000 -1.850015 -1.079176 -0.308336 0.000000 -693.888787 4.233088 4.415264 -21.797725 -109.220182 -0.244108 19.189419 -15.741251 441.599633 38.475258 25.156719 3.569534 291.754617 23.295888 12.447352 6.337466 25.384553 3.632129 0.402459 0.000000 -0.539588 -0.693756 -0.616672 0.000000 -6.475054 -9.558412 -5.858382 0.000000 -570.775992 23.712274 5.932660 -34.479798 -115.682634 -25.649424 6.422304 -22.595092 403.697837 34.262524 17.468728 7.238496 257.655545 26.643455 9.759361 10.051627 13.010152 7.495001 -0.743700 1.342924 -7.580247 -6.726456 -7.176207 0.000000 -52.896643 -77.523722 -37.342822 0.690440 -439.858331 26.525559 7.836394 -43.568105 -159.490001 -42.640241 0.725181 -49.617284 346.860780 49.821855 1.584991 5.193144 266.748444 55.423375 -0.679778 22.947301 33.055096 -4.552750 -13.276706 4.644475 -31.822314 -77.490307 -53.289562 0.000000 -178.888379 -278.558565 -156.126110 -0.410621 -284.704826 9.083563 2.478574 -48.670187 -166.675492 -57.216662 -0.879808 -79.503112 185.206152 -15.274207 -2.925722 -11.445873 258.917712 -19.554637 -17.045353 56.516172 10.160239 -104.388175 -62.013009 30.508979 -72.926742 -182.446791 -112.092542 8.164983 -221.850066 -310.461637 -159.806193 0.197480 -184.428324 -92.060555 -0.154168 -50.729875 -165.690134 -246.557494 -0.616672 -118.498112 -9.815529 -473.669728 -12.875319 -6.841853 136.142332 -333.513723 -47.095602 138.897255 -15.830936 47.159780 -84.315784 119.511070 -157.083053 296.584328 -66.289307 68.448373 -58.014080 701.631874 27.439241 62.867769 
-116.778543 -97.094735 0.350321 -11.700643 -8.098255 9.418197 10.246021 -4.419498 46.686027 47.395011 17.247245 7.632537 42.587619 39.177839 9.103076 5.099633 7.055709 7.062519 -0.015381 -0.123049 0.000000 0.000000 0.000000 0.000000 0.000000 0.000000 0.000000 0.000000 -56.897459 12.857974 2.565044 -2.487756 -13.135063 0.725360 2.792547 -1.868916 33.773186 -0.151974 2.503061 -0.389807 30.793388 0.008035 1.727885 0.395240 1.999847 -0.035889 0.065274 -0.020508 0.000000 0.000000 0.000000 0.000000 -0.123049 -0.071778 -0.020508 0.000000 -39.997857 0.311524 0.869529 -1.403734 -19.926844 -1.348485 1.285889 -1.399602 31.584711 0.495562 0.977961 -0.653428 28.869682 -0.170187 0.790863 -0.256657 1.090756 -0.035889 0.065274 0.000000 -0.035889 -0.046143 -0.041016 0.000000 -0.430670 -0.635751 -0.389654 0.000000 -35.172100 12.015840 0.808081 -1.146465 -16.817646 -3.837389 -0.055862 -1.259565 28.141950 -0.421335 0.974594 0.127104 24.786654 -0.356137 0.216789 0.798822 0.432890 -0.097414 -0.102541 0.049893 -0.523569 -0.543465 -0.503367 0.000000 -4.486073 -6.137052 -2.977043 -0.139654 -30.393633 13.246327 0.465794 -1.076676 -19.221840 -1.349097 0.041934 -2.248316 20.136976 7.521579 1.110575 1.083792 25.255204 2.534818 0.611035 2.673630 0.566116 -1.117845 -1.000230 0.324380 -2.730716 -5.018672 -3.421717 0.000000 -15.421105 -17.626339 -10.216483 -0.398301 -24.647306 -3.919421 0.047521 -3.510790 -16.369682 2.154653 -0.082032 -3.065350 6.998393 1.428528 0.173477 0.505357 28.420952 -2.359504 -0.490282 6.637588 0.698347 -11.197123 -4.460055 2.168350 -6.395929 -17.117463 -8.208525 0.404040 -22.260484 -30.762550 -14.404806 -0.224135 -17.787726 -12.021656 -0.010254 -3.658173 -19.518059 -25.843740 -0.041016 -8.435109 -6.638736 -45.773875 -0.631696 -0.105678 27.988981 -44.290710 -2.737450 17.089838 11.330655 -27.043618 -7.452173 12.858739 -12.736532 -11.703857 -9.949189 6.024411 -24.477502 20.451178 -8.927456 2.834252 
-432.063259 -92.456025 -5.915519 -10.180747 -86.696511 82.471636 1.477451 27.555505 225.782267 102.605397 7.632537 72.006938 152.923273 20.004387 5.588307 35.061218 2.053056 -0.420977 -0.064432 -0.005357 0.000000 0.000000 0.000000 0.000000 0.000000 0.000000 0.000000 0.000000 -317.161361 -41.483267 -5.819967 -8.430619 -76.916029 -0.681716 2.527293 -1.589685 195.485767 10.519284 7.601520 9.631160 180.167585 5.477349 3.582594 10.050301 10.529436 0.309254 -0.046781 0.282777 0.000000 0.000000 0.000000 0.000000 -0.515458 -0.300684 -0.085910 0.000000 -298.856545 -20.373584 -1.144220 -6.732272 -77.742016 -7.326599 4.030813 -5.314917 184.219927 6.298082 9.452556 1.436129 176.905469 3.943016 4.856137 3.506887 12.246607 0.309254 0.018876 0.000000 -0.150342 -0.193297 -0.171819 0.000000 -1.804102 -2.663198 -1.632282 0.000000 -265.994592 -22.027242 2.340067 -12.797980 -71.455719 -11.468269 3.264259 -9.255382 165.961790 4.210081 6.975564 2.365881 164.828079 2.899398 3.177125 5.901235 10.783849 0.703041 -0.333588 0.045353 -2.251403 -1.963473 -2.049383 0.000000 -8.336904 -22.171411 -9.684726 1.202734 -204.671666 -41.953474 1.015764 -18.326752 -65.072748 -29.006836 1.059178 -21.355780 137.543873 -12.891185 5.725079 -2.606826 157.867871 0.714978 3.126671 6.865218 13.672635 -3.746914 -3.847260 0.394552 -10.239210 -22.139476 -14.149832 0.000000 -35.358484 -82.469289 -41.830272 -0.500306 -131.520763 -32.348944 0.384604 -17.540098 -60.307826 -43.813029 -0.308285 -29.910723 100.931129 -41.125548 0.748189 -8.508366 130.000714 -41.804867 -2.356545 18.697174 3.224977 -50.177635 -15.952097 5.396745 -25.534843 -63.658045 -29.997296 -0.084175 -65.228599 -103.242832 -39.315784 -0.883736 -76.788695 -42.998980 -0.042955 -16.243955 -65.267320 -113.412509 -0.171819 -42.477400 32.204571 -201.717784 -3.839710 13.445771 101.043618 -139.365371 -9.699929 81.364300 12.098459 -63.324610 -18.750026 29.367871 -53.529742 -73.874043 -21.892205 -1.022447 -50.104836 -34.837262 0.577747 4.961433 
-1948.802214 -1318.659218 -28.795225 -139.433119 -742.005969 -262.329074 -7.985486 -73.007754 1040.912177 315.823436 42.587619 152.923273 1409.314789 240.409295 53.920187 177.310223 133.978625 8.407892 2.607821 19.342363 0.000000 0.000000 0.000000 0.000000 0.000000 0.000000 0.000000 0.000000 -1374.107693 -191.416182 -28.140088 -32.292521 -665.688425 -66.921360 -12.651949 -22.472987 639.048669 -2.124426 28.582594 23.552495 1239.437557 6.569712 33.619886 54.436154 162.863126 1.276834 4.139297 2.451842 0.000000 0.000000 0.000000 0.000000 -1.682890 -0.981686 -0.280482 0.000000 -1348.624171 -165.888353 -26.242144 -27.487195 -648.791501 -77.340067 -12.882053 -23.660290 618.234389 6.914499 33.677380 10.268876 1221.689343 19.050556 52.519207 20.551882 156.524742 1.276834 3.452428 0.000000 -0.490843 -0.631084 -0.560963 0.000000 -5.890113 -8.694929 -5.329150 0.000000 -1253.185619 -238.815044 -22.597643 -54.474747 -637.711177 -101.123788 -9.903377 -41.797878 651.219799 12.836292 39.366493 10.636644 1135.418478 20.425671 43.051755 37.303311 122.738420 2.102056 3.441026 3.550148 -7.713244 -7.432762 -7.713244 0.000000 -72.259973 -101.839838 -43.755127 -2.489924 -1053.926589 -273.718473 -9.358968 -80.964340 -604.459162 -163.316855 -4.348434 -95.838664 568.784869 -44.162075 24.977171 -10.462274 1074.136032 10.295353 31.726176 64.121697 156.195133 -19.561167 -10.478038 10.555173 -44.402893 -97.786144 -65.872896 0.000000 -272.219340 -406.455642 -221.481711 -8.301576 -703.850449 -243.723829 -0.027625 -95.127717 -521.110218 -264.244592 -1.121926 -166.778441 338.705923 -214.709621 0.065631 -63.862616 1022.388863 -182.430670 -16.853969 118.935058 164.625803 -260.354046 -89.466177 34.365881 -132.649730 -373.959723 -192.965284 -2.193603 -401.923834 -662.478701 -314.807265 -5.613279 -374.482655 -276.402995 -0.140241 -92.209902 -438.011376 -637.140751 -0.560963 -246.751709 3.531655 -1248.565274 -12.446562 -102.396873 957.114784 -1223.074253 -27.937124 434.070503 376.791577 -1000.325528 -161.748827 196.769870 -264.796016 -1058.400061 -261.342414 -4.298260 -423.051270 -877.920314 -245.258188 -7.483471 
-421.725385 -193.865983 -4.436180 -26.565350 -114.553260 45.373329 18.755943 -9.939649 180.042649 223.092644 39.177839 20.004387 240.409295 181.375472 19.673860 23.124273 35.578410 25.869860 0.526324 2.099480 0.000000 0.000000 0.000000 0.000000 0.000000 0.000000 0.000000 0.000000 -259.579533 11.134170 0.046628 -7.764208 -92.777115 2.924753 0.616264 -4.296908 128.544995 9.227732 4.972248 5.039639 189.403581 5.411999 3.357413 8.509081 29.066371 1.723038 0.619631 0.570452 0.000000 0.000000 0.000000 0.000000 -0.395470 -0.230691 -0.065912 0.000000 -231.282726 -36.852770 -6.463524 -6.459341 -88.821192 -14.072391 -2.073207 -5.513978 115.640037 4.707581 6.313284 2.251352 182.062698 8.563565 9.285736 4.337466 24.904755 1.723038 0.690338 0.000000 -0.115345 -0.148301 -0.131823 0.000000 -1.384144 -2.043261 -1.252321 0.000000 -214.089124 -14.121059 -5.794613 -10.404040 -89.616978 -22.775686 -2.527191 -7.433476 123.682685 3.105959 5.832364 1.622334 170.928273 8.567697 7.415927 6.491021 14.954596 2.676819 0.468422 0.954035 -1.812570 -1.746659 -1.812570 0.000000 -17.664320 -24.074227 -10.282216 -0.708550 -185.843179 -7.242118 -2.168656 -12.244873 -103.141516 -24.145291 -1.158657 -16.142536 97.875931 24.402663 1.731456 1.087083 179.718141 17.494082 2.587899 13.023059 27.469238 -2.532548 -3.110040 2.427303 -10.367769 -23.515560 -15.769360 0.000000 -66.166157 -97.225232 -52.555403 -2.026783 -141.088664 -42.194215 0.150291 -21.589379 -92.165391 -11.156056 -0.263647 -27.558667 37.105142 -1.117641 -0.708550 -7.698398 192.054076 -5.837466 -5.338282 24.824253 34.145087 -49.302316 -21.871595 9.226150 -30.921692 -85.083155 -46.446077 0.422559 -94.612693 -158.042445 -75.139527 -1.176258 -83.696000 -65.434292 -0.032956 -22.825834 -95.291144 -132.739312 -0.131823 -54.988011 -15.739771 -242.634374 -3.244006 -35.442863 172.566575 -232.796551 -12.691562 63.452811 71.608458 -113.143251 -45.664269 55.804000 -59.391134 -41.506581 -61.213550 23.791807 -85.140343 99.450056 -44.944597 16.458678 
-78.496480 -61.441996 -0.794307 -6.668962 -28.534894 -13.413606 2.373355 -4.278390 31.798822 14.835476 9.103076 5.588307 53.920187 19.673860 7.562213 5.911387 5.970003 3.041705 0.082874 0.117539 0.000000 0.000000 0.000000 0.000000 0.000000 0.000000 0.000000 0.000000 -48.355525 -1.132537 -0.243649 -1.339149 -23.691843 -3.193220 -0.311371 -1.068641 23.374656 -1.298898 2.046526 0.099174 45.268595 -0.036961 2.688093 0.782905 3.893633 -0.018748 0.168427 -0.010713 0.000000 0.000000 0.000000 0.000000 -0.064279 -0.037496 -0.010713 0.000000 -44.667432 -8.101699 -1.192761 -1.049893 -24.676921 -3.474747 -0.650444 -0.905265 27.010331 -0.327058 1.127640 -0.359887 44.176232 0.316192 1.831726 -0.124426 2.893633 -0.018748 0.138124 0.000000 -0.018748 -0.024105 -0.021426 0.000000 -0.224977 -0.332109 -0.203551 0.000000 -42.983088 -5.162764 -0.873737 -1.818182 -21.890343 -4.263162 -0.475360 -1.357515 27.700566 -0.090144 1.661310 0.337542 38.209672 0.080655 1.062366 1.413300 1.812749 -0.050888 0.007040 0.130089 -0.294613 -0.283900 -0.294613 0.000000 -2.871136 -3.912994 -1.671258 -0.115167 -37.388277 -5.090680 -0.474977 -2.481635 -20.779538 -5.501224 -0.229262 -3.110269 22.001224 0.674472 1.082262 0.457989 35.517983 0.339838 0.825605 3.183119 2.793848 -0.942761 -0.538338 0.358356 -1.711433 -3.835323 -2.563131 0.000000 -10.849786 -16.088537 -8.637511 -0.329431 -26.680976 -10.861570 -0.033747 -3.887741 -18.156030 -6.208372 -0.042853 -5.489287 10.277089 -4.829813 0.132308 -1.191307 36.293924 -6.178604 -0.452785 6.239822 3.639118 -11.434650 -3.606979 1.422559 -5.195898 -15.378864 -7.656948 -0.176768 -17.192684 -26.886211 -12.809611 -0.243725 -14.802724 -11.111494 -0.005357 -3.318871 -17.738139 -25.354148 -0.021426 -9.526783 -2.678987 -47.444215 -0.341674 -4.168427 35.472911 -51.336471 -1.502678 20.048362 15.522421 -42.804408 -7.497781 10.904346 -11.207912 -37.271350 -10.559994 1.056397 -21.515611 -25.062290 -9.915519 0.006887 
-262.088766 -178.802418 -4.059688 -18.027089 -98.119835 -46.994184 -1.688858 -9.793082 131.988215 34.104071 5.099633 35.061218 177.310223 23.124273 5.911387 37.335170 17.527854 0.262320 0.124885 2.973829 0.000000 0.000000 0.000000 0.000000 0.000000 0.000000 0.000000 0.000000 -184.852770 -31.687175 -4.262932 -4.428222 -93.207683 -9.156260 -1.978727 -2.981175 74.522957 -1.113866 1.951025 5.454086 176.189624 0.644169 3.773033 11.469085 27.199418 0.362106 0.349556 0.514998 0.000000 0.000000 0.000000 0.000000 -0.213039 -0.124273 -0.035507 0.000000 -183.064585 -25.524793 -3.897306 -3.479645 -91.428069 -10.166667 -1.801500 -2.995256 68.932507 -0.277472 4.832415 1.368993 177.378023 2.349250 7.144169 3.651974 27.477196 0.362106 0.359657 0.000000 -0.062137 -0.079890 -0.071013 0.000000 -0.745638 -1.100704 -0.674625 0.000000 -172.711050 -33.889807 -3.020202 -7.000000 -87.942914 -14.288644 -1.560759 -5.458066 72.966177 -2.142485 4.047903 1.244108 171.600398 1.309305 4.965718 5.228956 22.376798 0.437404 0.484083 0.166361 -0.976431 -0.940924 -0.976431 0.000000 -8.788491 -12.817264 -5.539027 -0.250383 -146.651362 -42.239210 -1.619376 -11.157025 -81.344506 -22.141720 -0.751760 -12.577441 63.096266 -10.481635 4.205540 -3.396235 163.325834 -1.435874 5.506275 6.267371 26.134068 -2.654882 -1.117539 0.623049 -5.672176 -12.660851 -8.464646 0.000000 -34.040098 -52.614937 -28.142332 -1.011019 -97.506734 -42.248852 -0.149219 -13.615243 -69.928528 -36.949189 -0.142026 -22.616009 46.803489 -33.321090 0.502143 -11.676615 146.133456 -32.151974 -1.559535 13.076370 25.366850 -36.977349 -11.735078 3.993266 -17.074227 -48.873125 -24.799969 -0.378788 -53.448424 -85.672942 -39.942302 -0.747169 -50.522651 -36.865626 -0.017753 -11.383379 -59.069636 -89.666820 -0.071013 -33.735231 8.305632 -170.592746 -1.801959 -14.167738 139.782369 -162.404193 -2.529079 57.421182 53.628711 -141.933425 -17.356137 24.189470 -35.619529 -164.056474 -33.535200 -1.936027 -62.617539 -151.587542 -35.903122 -1.221763 
-148.615651 -101.751658 -2.075298 -11.054790 -61.456382 -27.896643 1.696255 -7.110907 29.992144 20.467299 7.055709 2.053056 133.978625 35.578410 5.970003 17.527854 38.807979 4.542496 0.727426 6.228497 0.000000 0.000000 0.000000 0.000000 0.000000 0.000000 0.000000 0.000000 -99.809101 -9.955821 -1.568615 -2.499745 -50.628813 -4.111519 -0.987960 -1.752372 10.774105 -1.511478 0.371697 1.172329 104.622590 0.141108 2.497908 4.859402 37.705489 0.389246 1.166922 0.530507 0.000000 0.000000 0.000000 0.000000 -0.119988 -0.069993 -0.019998 0.000000 -97.159678 -16.273339 -2.584736 -1.959800 -49.516784 -6.168350 -1.537394 -1.689828 13.589991 0.226865 1.805938 -0.249566 101.216509 2.086522 7.777472 0.750230 31.725691 0.389246 0.980053 0.000000 -0.034996 -0.044995 -0.039996 0.000000 -0.419957 -0.619937 -0.379961 0.000000 -93.112540 -16.284971 -2.309764 -3.626263 -48.066014 -8.732986 -1.339863 -2.766350 25.324559 -2.254464 1.617947 -0.963524 96.783645 1.291297 4.402612 1.723345 22.051474 0.511070 1.379808 0.656974 -0.549944 -0.529946 -0.549944 0.000000 -5.359453 -7.304255 -3.119682 -0.214978 -81.788083 -17.367922 -1.244873 -5.329354 -48.385777 -11.245383 -0.559943 -6.304153 19.905316 -0.389807 1.629987 -2.037343 92.422457 1.453219 5.503418 3.816906 26.279155 -1.335578 0.227426 0.977349 -3.194674 -7.159269 -4.784512 0.000000 -20.252933 -30.031936 -16.123355 -0.614937 -58.906846 -25.068871 -0.194980 -8.071931 -42.374758 -14.606469 -0.079992 -11.599531 10.189624 -12.911948 -0.214978 -6.870574 99.966840 -14.083563 -1.674829 2.585042 29.867769 -21.622794 -6.959290 1.200898 -9.699010 -30.610244 -15.273441 -0.148148 -33.186614 -57.705438 -26.777268 -0.454954 -32.319967 -27.812162 -0.009999 -8.024181 -37.092338 -56.067136 -0.039996 -20.171207 -0.358688 -102.846036 -1.014896 -15.212376 108.674013 -112.341547 -6.685134 23.012499 45.060708 -103.287420 -18.282726 10.801245 -21.386083 -85.867463 -23.845322 2.069585 -39.540251 -63.529742 -24.826140 1.447199 
-25.924600 -8.136466 0.078972 -1.790940 -3.472452 9.035226 3.946460 -0.807214 3.653479 26.597133 7.062519 -0.420977 8.407892 25.869860 3.041705 0.262320 4.542496 4.830859 0.057469 0.131466 0.000000 0.000000 0.000000 0.000000 0.000000 0.000000 0.000000 0.000000 -10.125548 8.564024 0.954596 -0.522906 -1.127002 1.601801 0.397128 -0.275865 6.312672 0.364096 0.046883 0.027854 2.499541 0.256275 0.020151 0.021146 1.903632 0.240154 0.055377 0.031170 0.000000 0.000000 0.000000 0.000000 -0.025099 -0.014641 -0.004183 0.000000 -5.413478 -3.404117 -0.540685 -0.409958 -1.496837 -0.882155 -0.230895 -0.353484 5.854683 0.063922 0.134833 -0.164192 1.942888 0.640445 0.448194 -0.056474 1.156158 0.240154 0.070529 0.000000 -0.007321 -0.009412 -0.008366 0.000000 -0.087848 -0.129681 -0.079482 0.000000 -5.796475 3.263621 -0.483165 -0.373737 -0.800760 -1.698526 -0.280278 -0.193858 6.510688 -0.667330 -0.023977 -0.126543 1.619631 0.301143 0.198475 0.085578 0.015483 0.333665 0.054841 0.067391 -0.115039 -0.110856 -0.115039 0.000000 -1.121110 -1.527931 -0.652586 -0.044970 -6.596827 6.115626 -0.260407 0.039639 -2.988037 -0.095909 -0.117131 -0.247194 3.557188 5.225895 -0.076344 0.444827 4.289129 1.933757 -0.070069 0.500893 0.848026 -0.120651 -0.210208 0.062825 -0.668274 -1.497602 -1.000842 0.000000 -4.236583 -6.282191 -3.372743 -0.128635 -8.073793 -2.550275 -0.040787 -1.431971 -3.128074 5.283619 -0.016733 -0.411642 -0.695363 5.275737 -0.044970 0.576574 8.424727 2.728191 -0.350347 1.400571 1.650138 -2.990307 -1.455770 0.457351 -2.028875 -5.972324 -3.194955 0.037037 -6.942098 -11.934981 -5.601367 -0.095169 -5.991174 -5.817850 -0.002092 -1.678528 -6.551525 -8.815631 -0.008366 -3.449852 -1.187302 -12.774946 -0.212300 -2.615983 9.026171 -10.882129 -1.588588 1.554382 4.202454 1.467860 -4.039970 4.609836 -3.703984 13.237527 -4.731507 4.086139 -7.318794 31.465769 -2.756045 2.726354 
-2.379553 -1.917968 -0.038567 -0.190542 -1.103306 -0.723217 -0.021656 -0.136670 0.655724 -0.019131 -0.015381 -0.064432 2.607821 0.526324 0.082874 0.124885 0.727426 0.057469 0.045225 0.089073 0.000000 0.000000 0.000000 0.000000 0.000000 0.000000 0.000000 0.000000 -1.680288 -0.293541 -0.041016 -0.038261 -0.927992 -0.128176 -0.025635 -0.030533 0.338843 -0.050964 -0.012091 -0.016070 2.035813 -0.007117 0.056168 -0.008800 0.449342 -0.000536 0.045072 -0.000306 0.000000 0.000000 0.000000 0.000000 -0.001837 -0.001071 -0.000306 0.000000 -1.699878 -0.249082 -0.039562 -0.029997 -0.921794 -0.111111 -0.027242 -0.025865 0.387741 0.091521 0.078972 -0.012014 1.713116 0.082339 0.189853 -0.004132 0.312978 -0.000536 0.029920 0.000000 -0.000536 -0.000689 -0.000612 0.000000 -0.006428 -0.009489 -0.005816 0.000000 -1.626645 -0.337695 -0.035354 -0.060606 -0.908555 -0.135369 -0.020508 -0.047444 0.838919 0.033211 0.050352 -0.009259 1.226048 0.078206 0.146082 0.096801 0.165213 -0.001454 0.028773 0.029691 -0.008418 -0.008111 -0.008418 0.000000 -0.082032 -0.111800 -0.047750 -0.003290 -1.408785 -0.395087 -0.019054 -0.096878 -0.883456 -0.207683 -0.008571 -0.111953 0.611723 0.016529 -0.005586 0.018136 1.351163 0.055020 -0.005127 0.198883 0.263085 -0.026936 -0.015381 0.056703 -0.048898 -0.109581 -0.073232 0.000000 -0.309994 -0.459672 -0.246786 -0.009412 -0.965488 -0.419421 -0.002984 -0.126951 -0.748470 -0.355448 -0.001224 -0.206765 0.079201 -0.268442 -0.003290 -0.065350 1.557316 -0.238292 -0.025635 0.198194 0.471074 -0.368840 -0.106520 0.062290 -0.148454 -0.486149 -0.233777 -0.005051 -0.507958 -0.888812 -0.409856 -0.006964 -0.504897 -0.425696 -0.000153 -0.122819 -0.588766 -0.899296 -0.000612 -0.318947 -0.143786 -1.708219 -0.015534 -0.272345 1.913223 -1.896771 -0.116238 0.322161 1.128635 -1.917355 -0.295608 0.101163 -0.337542 -1.835170 -0.368381 -0.036195 -0.644169 -1.735690 -0.412305 -0.034435 
-18.743496 -13.843740 -0.308540 -1.408173 -8.553719 -4.987756 -0.173248 -0.941843 2.170034 -0.142945 -0.123049 -0.005357 19.342363 2.099480 0.117539 2.973829 6.228497 0.131466 0.089073 1.328742 0.000000 0.000000 0.000000 0.000000 0.000000 0.000000 0.000000 0.000000 -13.361494 -2.348332 -0.328130 -0.306091 -7.201714 -0.762779 -0.184879 -0.224059 -0.839761 -0.256198 0.085093 0.169421 14.963269 -0.006428 0.388736 0.899296 6.604836 0.031068 0.163606 0.098561 0.000000 0.000000 0.000000 0.000000 -0.014692 -0.008571 -0.002449 0.000000 -13.477808 -1.992654 -0.316498 -0.239976 -7.000612 -0.797980 -0.197735 -0.206918 -0.448577 -0.015305 0.263085 -0.045608 14.679676 0.204163 1.210744 0.067952 6.044230 0.031068 0.138353 0.000000 -0.004285 -0.005510 -0.004897 0.000000 -0.051423 -0.075911 -0.046526 0.000000 -12.851546 -2.701561 -0.282828 -0.484848 -6.864402 -1.082951 -0.164065 -0.379553 1.241659 -0.279767 0.301806 -0.159933 14.192225 0.130701 0.754515 0.148148 4.569177 0.038874 0.280686 0.060759 -0.067340 -0.064891 -0.067340 0.000000 -0.656260 -0.894399 -0.382002 -0.026324 -11.128864 -3.160698 -0.152433 -0.775023 -6.678757 -1.616009 -0.068564 -0.885522 1.484695 -0.640496 0.384604 -0.385216 12.890113 -0.014386 1.272115 0.267830 4.690542 -0.180135 0.179982 0.095041 -0.391185 -0.876645 -0.585859 0.000000 -2.479951 -3.677380 -1.974288 -0.075298 -7.663300 -3.355372 -0.023875 -1.015611 -5.795837 -2.671870 -0.009795 -1.633915 1.648760 -2.445516 -0.026324 -1.260178 13.892868 -2.345730 -0.205081 -0.146771 4.930211 -2.809305 -0.852158 0.013468 -1.187634 -3.793235 -1.870217 -0.025253 -4.063667 -7.080196 -3.278849 -0.055709 -4.039180 -3.405571 -0.001224 -0.982553 -4.669728 -7.174166 -0.004897 -2.551576 0.662841 -13.519284 -0.124273 -1.936333 15.770432 -15.209519 -0.869299 2.481328 6.210897 -15.475207 -2.284053 0.672942 -2.700337 -13.817723 -2.947046 -0.132997 -4.941230 -12.516835 -3.298439 -0.078512 
