991.649722 341.601667 4.267500 174.498889 466.708333 124.162500 0.415556 139.894722 -146.126667 -45.090833 -4.866667 -59.025278 -79.933611 1.073056 11.347778 -131.146667 137.575556 111.300000 -8.023889 -61.158889 -33.608333 34.212778 -30.755278 -13.044167 55.373611 60.618333 -23.881944 -8.342222 489.829722 0.643056 1.957222 80.407222 414.234167 59.311944 -2.725833 134.038056 -27.429167 126.823333 24.833889 -22.036944 -8.237222 102.445833 37.814722 -48.262222 31.020833 -25.267778 -55.166111 -6.611944 -15.625833 -43.163333 -58.064444 1.691389 -4.727500 -115.760278 12.551389 -68.343056 97.107778 198.330278 97.591944 -54.282778 63.943611 75.450278 14.051667 -16.001111 -24.631111 118.109167 -4.242500 2.284444 -26.019167 42.329444 -87.543889 -17.845278 92.118333 -25.918333 -104.133889 -2.361667 37.108333 -7.626667 -58.826389 7.208056 -82.946389 -59.472778 -62.186667 64.170833 25.735278 294.787778 42.775000 -24.691389 8.991111 -24.365278 -59.650556 -3.419167 50.605556 -89.630833 -112.311111 20.298611 -15.318056 -21.125278 -83.077500 -19.393056 120.392222 -15.996944 -14.690833 -8.943889 53.077500 -26.702222 -80.283889 6.253611 277.729722 -47.804722 -137.981389 76.309722 -50.167778 -163.055000 -188.075000 -18.607778 25.964722 -129.034722 -127.375833 25.927500 137.826944 -61.608056 -38.551667 -37.865556 11.226944 -32.505278 -8.977222 -71.243333 11.029444 -78.161944 -21.570000 -28.757500 15.542222 46.823333 -40.056944 2.829722 154.167222 170.344167 133.476944 -0.668333 -69.829167 -132.883889 -128.036667 -18.943056 13.392500 -47.020833 -53.702222 -1.825000 132.531667 -24.842500 -6.169167 7.541111 90.820556 -33.888056 -7.260833 -134.091111 -14.341111 -16.087778 -4.837778 -97.148333 -1.071111 117.266944 28.268056 -22.805556 -1.891389 88.043611 49.933333 -1.798333 -59.628889 -52.656944 -41.145833 -3.535000 -3.696944 -1.581944 -6.927222 -2.006667 57.119444 -16.351389 2.553889 60.251389 310.416389 17.858333 4.534444 29.487500 17.780556 -55.295278 -18.987500 -244.863889 -44.535556 -91.611111 -11.339167 -112.594167 -28.456944 -68.724167 -3.773333 -33.432222 
341.601667 422.907284 7.915370 113.039383 80.090741 77.005247 0.395556 41.347716 -81.067160 -23.837716 5.099383 -35.092160 88.514012 25.187593 79.097901 -63.790988 9.228148 28.244444 62.732840 -55.262099 -68.525926 -82.854444 -23.167716 -18.981914 -91.284259 -106.051975 -26.369444 -37.313333 331.403765 167.999074 5.025185 93.069630 133.510432 68.596852 -0.440679 63.526605 -30.157099 40.284074 18.918889 -31.435741 61.149877 12.838580 34.075864 -14.598889 -30.421914 -28.687160 -47.898395 -4.748704 -45.867222 -31.410123 -57.534321 -12.786605 -163.005370 -48.824753 -37.490432 -61.454630 137.647778 182.121420 15.953272 31.323827 34.879691 63.494012 -0.806914 26.097407 -73.467654 45.708580 -3.355494 -15.886914 -9.473889 73.192469 -27.331728 -7.913519 -15.548889 140.172346 -59.617037 -9.917037 -22.170988 160.172963 -45.725000 -1.873025 -64.360556 109.426790 -115.386790 40.119444 34.268580 160.290617 -28.574074 -5.330062 2.353333 3.030556 -57.559630 18.479815 -36.227160 14.186235 -39.317901 10.197840 -35.490432 32.597963 -9.339321 -15.970062 -52.919383 45.289074 -21.132160 -17.429259 -24.244630 13.415185 -65.312716 2.309198 246.682778 27.856111 -102.831420 47.826852 -24.872963 -112.024321 -98.661728 -14.810123 0.493148 -46.829321 -76.872778 -2.911914 25.544506 11.044012 -27.535679 -15.129506 -5.395617 10.966852 -9.445309 -16.114074 -33.660617 -15.522160 -14.263951 -13.369815 -3.060123 83.298889 -4.045370 -0.495000 124.290494 155.852901 86.627222 -0.363457 -32.825617 -60.132469 -72.812099 -8.326235 -1.116728 -15.266358 -25.431728 -7.087654 -6.538148 8.893272 -8.407840 -18.731235 52.136543 20.479568 -8.152901 -28.820617 29.244815 39.007531 1.987160 -20.479136 4.924198 86.692160 17.336728 -9.489506 2.969321 46.318580 22.206173 -1.229753 -34.616790 -26.152778 -19.772531 -2.304815 -4.725123 -0.238580 -3.430494 -1.601975 -25.846914 -10.606481 -2.808519 -2.706481 97.524506 7.938889 -7.507284 -37.918827 97.515432 37.160556 -11.260802 -65.549383 0.608395 -1.880247 -5.117469 -24.076358 -14.614506 -31.467963 -1.167407 -15.253580 
4.267500 7.915370 1.180833 3.271852 2.063889 1.105093 1.108889 1.901019 -2.077407 -0.562685 0.235185 -0.626019 7.624907 -0.330278 1.186296 1.008519 4.723333 -2.050000 -0.913519 0.917407 -3.230556 -4.582778 -1.808241 -0.648981 -4.687500 -5.429074 -0.859722 -1.412222 2.642315 0.609722 0.839444 1.933889 4.984537 1.180833 0.736759 2.426574 1.900463 0.118889 0.076111 -0.028056 3.948704 -0.928241 -0.770093 0.258889 3.894907 -1.298519 -2.888704 1.841389 -1.266944 -0.678519 -2.032593 0.657315 -7.989722 -4.537685 -1.418981 -1.304167 0.371111 1.677685 0.131574 -1.110926 2.361759 -0.987870 -0.108704 0.364444 -0.082593 0.503981 -1.107685 0.659630 0.846389 3.387593 -1.472037 0.152500 -0.499444 5.284630 -1.676111 0.173889 -1.000926 6.396667 -1.304167 0.877685 -5.249722 3.336852 -4.158519 5.454167 -0.952130 0.234815 1.308333 -0.351759 -1.551111 -1.420833 1.057222 -0.475833 0.225926 -0.533426 -1.679630 0.941204 -0.549537 0.936944 -0.876759 0.097685 -2.178519 0.029722 -1.268241 -0.390556 -1.204722 -1.926667 -3.027963 0.024352 8.255278 -2.441389 -2.768796 3.109722 -0.563333 -4.210926 1.810185 0.321481 -0.666389 -3.066204 -0.339167 -0.469537 1.678426 -0.668426 -0.652407 -0.529259 1.254352 -0.650833 -0.425741 -0.892222 -1.014259 -1.499352 -0.915926 -0.338611 -0.256296 2.335556 -0.823611 -0.255833 5.105741 2.363796 7.669167 -0.035741 0.406019 1.170185 -1.315926 0.266204 0.352130 -0.418981 -0.563704 -0.095370 0.143889 0.207130 -0.340648 -0.808519 2.008704 0.338241 -0.358241 -0.797037 0.606667 1.176296 -0.057037 -1.025370 0.637407 6.184352 2.016204 -0.442593 0.438981 3.445093 3.003704 -0.045741 -0.876296 -0.812500 -0.619907 -0.050556 0.127870 0.058796 -0.103519 0.140370 -1.306481 0.120833 -0.083889 0.101389 1.765648 1.191667 -0.101481 1.146759 0.745370 1.324722 -0.174537 1.250926 -1.034074 -1.164815 0.008241 -0.865648 -0.327315 -1.021944 -0.057778 -0.495926 
174.498889 113.039383 3.271852 60.512840 74.114815 25.197531 0.673333 39.046173 -37.440617 -11.991728 1.472840 -15.390617 19.242099 -0.639259 21.628765 -25.999012 27.792963 18.016667 19.426049 -14.864568 -13.979630 -10.804444 -3.716173 -4.179753 6.498148 -13.884691 -5.755556 -9.630000 90.959012 6.081481 1.915926 39.471481 87.465679 17.523704 0.286790 55.513951 -1.973457 21.591481 10.224444 -3.512593 19.157901 15.714198 18.811358 -12.337778 4.835802 -12.493951 -7.886049 -5.949630 -12.297778 -33.102099 -17.225679 -4.607284 -31.395185 -49.015802 -7.345679 -32.298148 4.964444 60.718025 14.235062 -6.447160 17.160864 12.510988 2.798025 14.310370 -1.653457 25.284198 -11.370617 6.123580 -2.271111 21.965309 -25.147160 -4.740370 -10.454444 40.564321 -26.992963 -4.159630 -4.929012 51.885926 -19.044444 -0.943086 -40.774444 38.318765 -36.295432 17.955556 -4.539136 79.006049 0.635185 -5.192716 -15.735556 12.144444 -7.555926 -2.424815 7.799383 -4.330123 -31.098765 12.877160 -8.401235 18.174815 -19.639012 1.350617 -12.870617 14.804815 -11.736173 -2.582963 -2.999259 15.789259 -25.402840 1.644691 70.563333 11.970000 -26.005802 20.687037 -16.202593 -42.126790 -37.254938 -2.868765 -18.133704 -24.384568 -22.770000 -7.543086 16.940494 1.055432 -6.105432 -4.372716 8.586173 6.860370 -0.694691 6.156296 -6.542716 -2.215062 -2.429383 0.723704 -1.324321 32.460000 0.381481 0.385556 27.563951 49.742099 53.580000 -0.610988 -15.421605 -28.221975 -30.336790 -2.826543 -11.529383 -11.375309 -11.763827 -7.673457 -5.064074 -4.252716 -1.981605 -17.128765 29.877901 2.124321 -0.297654 -10.030494 13.742963 17.718025 4.088395 -3.701975 2.334691 43.335062 10.571605 -3.410494 -0.753210 22.227531 15.227160 -0.506914 -13.814321 -11.933333 -9.202469 -0.891852 -5.030988 -0.530864 -1.515062 -1.779136 -25.825309 -7.007407 -0.299259 -10.412963 45.203827 -4.588889 -1.644938 -11.145062 46.629012 2.307778 -4.580864 -22.689506 9.996049 -9.203086 -1.715309 -12.451975 -6.260494 -15.261481 -0.752593 -7.481975 
466.708333 80.090741 2.063889 74.114815 1580.138889 294.765741 15.555556 338.795370 396.124074 5.621296 -8.857407 84.499074 -575.837963 -183.413889 -92.174074 -242.501852 345.944444 -87.933333 -131.109259 -91.607407 13.116667 -165.277778 -77.928704 -12.582407 -274.225000 -170.475926 -39.369444 -15.544444 -134.773148 -218.830556 0.050000 -121.766667 857.554630 -57.536111 12.610185 97.462037 633.439815 78.677778 -26.105556 131.791667 -210.264815 102.471296 -91.632407 -90.055556 261.150926 -31.092593 -101.107407 -25.930556 87.447222 -119.875926 -36.640741 -8.556481 -60.969444 -36.923148 12.373148 -96.086111 -286.794444 208.523148 98.634259 -186.857407 86.560185 115.262037 76.831481 -195.194444 402.303704 46.226852 -94.200926 93.414815 3.891667 213.174074 -199.990741 -12.308333 249.161111 113.042593 -119.827778 42.705556 107.031481 58.327778 -55.925000 32.317593 1.736111 61.698148 -124.198148 -37.752778 -75.428704 572.962963 149.294444 -56.187963 -157.466667 289.241667 40.255556 -133.225000 316.701852 -49.099074 -149.648148 34.049074 195.028704 55.986111 -133.704630 12.373148 349.474074 60.225000 -10.995370 25.772222 148.063889 51.594444 -105.220370 34.578704 351.880556 193.819444 -73.239815 81.202778 -98.888889 -151.640741 -242.735185 -32.575926 -84.008333 -199.771296 -180.680556 -86.960185 361.065741 -94.376852 -43.553704 -195.974074 369.800926 -34.691667 -4.937037 -109.338889 194.670370 -76.139815 -1.862963 -41.319444 117.618519 88.850000 -44.419444 11.630556 159.142593 319.773148 155.580556 10.085185 -120.537963 -301.018519 -225.135185 -29.606481 -39.754630 -89.182407 -90.390741 -40.135185 293.483333 -31.787963 3.456481 -209.181481 423.862963 -60.426852 3.060185 -320.312963 6.627778 -84.785185 -8.651852 -168.085185 -1.962963 19.634259 -1.956481 -37.190741 -0.617593 85.465741 32.474074 -1.553704 -86.592593 -86.163889 -62.923148 -4.394444 -12.473148 -0.499074 -11.142593 -2.309259 150.853704 -16.408333 15.450000 4.030556 651.932407 7.211111 4.303704 -47.995370 22.096296 -137.425000 -35.865741 -386.003704 -114.725926 -156.362963 -9.049074 -186.165741 -23.354630 -76.758333 -5.150000 -49.018519 
124.162500 77.005247 1.105093 25.197531 294.765741 153.908488 4.827778 78.285031 21.252469 18.823302 1.008642 4.134414 -77.538117 -37.728241 -15.000617 -43.828395 82.675926 -39.711111 -39.116975 19.310494 -10.667593 -90.513889 -45.771142 10.949846 -130.560648 -111.826235 -24.790278 -34.633333 14.085340 -48.635648 -0.106481 -25.300926 283.829784 21.164352 3.785340 56.790586 134.322994 13.657407 -7.225000 27.305093 -57.157716 -10.563735 -27.866821 -19.111111 18.219290 -13.403086 -44.783025 12.067130 13.279167 2.506173 -33.995062 1.912191 -118.988426 16.444599 -31.846451 -32.186574 -72.816667 16.922068 12.982253 -62.038580 84.586265 3.920216 16.120679 -43.992593 94.477160 7.397377 -35.146142 31.512346 -26.215278 72.462654 -37.427469 -8.769907 -14.997222 107.107716 -21.567593 -3.078704 -5.275617 82.485185 -28.829167 3.627623 -13.306944 25.874383 -100.043827 32.629167 -24.310957 230.280247 30.506481 -21.295525 -39.683333 78.593056 -0.687963 -40.794907 51.063580 -10.102006 -54.610494 6.209414 19.722994 46.428241 -23.646451 -1.553858 -36.808642 27.492130 -7.954475 -9.300926 -16.828241 16.474074 -47.789198 5.822068 175.962500 31.840278 -42.144290 28.325463 -30.074074 -4.564506 -85.105247 1.228395 -10.897685 -39.910340 -65.881944 -26.930710 77.828858 -23.121451 -19.713272 -62.858025 81.018364 -8.238426 -4.676235 -25.712963 -6.138580 -20.710031 -12.102469 -11.243981 13.067284 72.283333 2.231019 5.362500 70.433642 109.289660 89.348611 3.570062 -39.562191 -95.934877 -73.633951 -5.284105 11.512809 -18.383488 -28.735802 -7.081173 54.332407 -7.845525 -4.156636 -60.716049 106.197840 -20.121451 -3.522994 -79.141358 20.987037 0.640123 -0.141358 -38.929321 4.440123 42.929475 13.289969 -11.641358 3.524228 35.108488 17.785802 -0.715123 -35.271605 -30.226389 -22.094290 -2.184259 8.468673 1.444290 -3.950309 4.698765 40.987346 3.775463 0.156481 13.878241 115.142747 6.747222 -2.024691 -20.335031 48.203395 -13.168056 -4.755710 -86.739198 -14.830864 -49.643210 2.158179 -58.500154 -13.212191 -39.842130 -1.790741 -18.515432 
0.415556 0.395556 1.108889 0.673333 15.555556 4.827778 4.906667 6.134444 1.754444 1.542222 1.844444 0.887778 -3.806667 -3.030000 -1.086667 0.418889 20.735556 -2.405556 -3.134444 10.720000 -0.883333 -9.493333 -3.621111 -0.204444 -12.127778 -11.643333 -2.272222 -2.696667 -8.953333 -6.661111 0.601111 -4.893333 17.347778 -1.663333 3.568889 1.146667 22.050000 0.004444 1.918889 4.535556 -7.793333 0.466667 -2.335556 -2.204444 3.694444 -2.860000 -4.053333 2.318889 1.246667 -6.497778 -3.018889 1.643333 -15.904444 -13.635556 -3.844444 -2.666667 -8.424444 2.143333 1.745556 -6.442222 0.963333 -0.210000 2.073333 -7.860000 13.586667 -2.652222 -2.964444 3.921111 -3.004444 6.823333 -5.447778 -0.108889 -6.598889 9.893333 -1.718889 -0.102222 -0.172222 6.015556 -2.000000 2.876667 -12.296667 4.825556 -10.363333 5.861111 -2.447778 11.723333 3.016667 -1.143333 -5.252222 3.583333 1.297778 -5.026667 8.355556 -2.040000 -4.311111 -0.677778 2.538889 2.832222 -3.198889 0.883333 -6.064444 4.540000 -1.385556 -0.603333 -2.362222 3.346667 -5.796667 1.314444 9.163333 9.442222 -6.620000 4.494444 -3.676667 -4.520000 -4.811111 1.118889 0.831111 -7.472222 -2.764444 -1.490000 1.280000 -1.382222 -0.951111 -5.640000 6.185556 -0.037778 -0.675556 1.221111 -2.065556 -3.236667 -2.252222 1.303333 -0.436667 2.587778 -4.377778 -0.175556 5.891111 3.526667 9.463333 0.376667 -3.005556 -1.480000 -5.324444 -0.283333 4.097778 -0.227778 -1.975556 0.627778 -2.240000 -0.147778 -0.710000 -5.780000 2.348889 0.520000 -0.448889 -3.597778 3.602222 1.271111 -0.845556 1.790000 1.376667 7.162222 1.794444 -0.266667 1.223333 5.474444 3.800000 -0.126667 -2.426667 -2.250000 -1.716667 -0.140000 3.117778 0.550000 -0.286667 1.412222 0.294444 2.472222 0.010000 1.861111 -5.351111 1.722222 -0.512222 -6.305556 -1.250000 4.735556 0.305556 1.266667 1.996667 6.477778 1.554444 2.451111 3.966667 4.158889 0.112222 -0.706667 
139.894722 41.347716 1.901019 39.046173 338.795370 78.285031 6.134444 123.922562 49.381605 -11.048673 -2.277160 23.430216 -79.706512 -39.348981 -17.304568 -33.221235 69.837407 -22.516667 -26.404506 9.224321 -36.332407 -73.879444 -26.612006 -6.092253 -82.781019 -90.126358 -13.518056 -19.074444 -21.656265 -63.778241 -0.175741 -13.281296 221.639290 -20.063796 1.693735 79.873673 143.422377 3.747037 -11.361667 49.022130 -44.900432 -1.120525 -31.034475 -21.726667 65.781636 -29.049506 -39.744383 2.632315 0.636944 -57.824321 -23.231235 -6.203117 -71.118796 -27.603302 -4.669290 -49.199537 -92.868889 37.077747 19.586451 -52.716605 21.170586 5.620710 13.861914 -38.550741 127.024321 -2.356080 -47.041451 39.034691 -4.253056 41.256975 -73.422160 -2.558426 21.148333 69.850432 -22.356852 3.826481 10.634877 76.991481 -11.506944 1.233302 -26.942500 72.304877 -53.673210 3.179167 -37.421080 144.717160 19.793519 -14.035772 -59.702222 85.076389 17.085741 -42.078981 79.338272 2.751821 -52.870988 15.195216 44.300154 59.267870 -29.457068 11.610340 23.851605 46.395093 -5.626451 1.980926 6.285463 27.889259 -39.461173 4.437747 119.925833 38.854722 -0.748858 19.171759 -37.680370 -20.262901 -61.396605 -5.296543 -49.068426 -24.444290 -34.107500 -31.097253 77.061327 -8.693179 -6.602654 -50.144938 109.123673 -2.991019 0.363642 -9.160370 20.532284 -13.910895 -7.190494 -5.227685 13.647901 53.365556 1.382870 2.181389 49.311173 82.110154 88.028611 0.480679 -36.003549 -66.696975 -56.892346 -7.405710 -27.080772 -24.815586 -25.219383 -16.359568 36.699815 -16.767994 -0.963549 -61.245432 122.636235 -21.585401 0.123179 -56.958272 20.231852 -7.143086 1.510617 -28.788086 2.218025 36.989228 10.847994 -8.749383 0.648179 35.353920 20.410494 -0.487469 -26.469877 -25.831944 -19.312191 -1.150185 -10.679599 -0.871142 -3.378951 -3.073580 -11.661420 -12.044907 2.259074 -17.986574 145.727438 -15.902778 -0.717160 -7.543673 58.998457 -36.832500 -9.993364 -63.453395 -8.976173 -45.275309 -5.030586 -44.947809 -11.186883 -29.823981 -1.769259 -15.543086 
-146.126667 -81.067160 -2.077407 -37.440617 396.124074 21.252469 1.754444 49.381605 1275.479506 171.013951 4.821605 323.790617 144.907901 21.100370 -107.739877 241.154568 -880.798519 -108.677778 -127.392716 -202.890988 -88.403704 201.621111 51.399506 -42.736914 253.118519 271.829136 13.222222 149.135556 -197.947901 -4.248148 4.695185 -21.471481 -95.387901 -55.518148 8.613210 -86.908395 484.556790 0.491852 -10.946667 75.545926 273.075432 84.830247 -118.311358 156.760000 -120.480247 55.066173 -30.319506 1.938519 34.764444 -233.981235 46.325679 -1.576049 524.761852 -234.545309 27.173457 -11.957407 0.535556 161.326420 18.881605 60.208272 -248.988642 136.650123 67.596420 -85.149259 85.259012 74.354691 43.059506 -58.401358 165.098889 15.529136 -166.952840 23.529259 83.410000 -210.675432 -144.351481 40.748519 87.962346 -345.091481 -22.416667 16.098642 93.513333 -198.940988 139.445432 -217.344444 92.594691 268.038395 45.848148 11.276049 -94.264444 128.238889 46.261481 -49.764074 69.456173 -22.597654 -27.662346 13.556173 27.129012 -72.813704 -168.260988 48.716049 61.065062 -21.932593 -37.591605 55.599630 118.127037 32.499630 97.552840 18.155309 -260.824444 86.480000 25.611358 -36.925926 10.580370 -227.195432 -115.411728 6.268765 -31.616296 -191.798765 -105.552222 22.420864 16.270617 -80.549877 -27.250123 -20.710617 40.830494 -20.943704 -24.633086 26.593704 40.953827 -58.718272 23.857160 31.881852 52.057654 -69.376667 31.768519 11.492222 -91.441728 -90.430988 -180.896667 3.360988 -23.933951 -185.733580 -85.674321 18.293210 -34.476173 -28.124691 -19.591728 18.090123 -46.380370 -14.219506 14.626049 -25.165679 40.705432 -31.152099 -1.430123 -64.830617 22.512593 -120.323580 -21.866173 8.174198 10.970864 -107.085062 -52.143827 36.716049 -5.557901 -27.238642 -34.860494 8.806914 -17.107901 21.933333 -40.225309 1.097407 -13.569012 2.130864 0.887284 -2.048642 -55.969136 13.879630 11.699259 -33.587037 97.846173 33.044444 8.328272 -111.377160 31.604321 -14.568889 3.725309 -99.838272 3.192840 -18.624691 3.459753 12.035309 50.866049 113.455926 -4.369630 55.159753 
-45.090833 -23.837716 -0.562685 -11.991728 5.621296 18.823302 1.542222 -11.048673 171.013951 131.231451 7.854938 98.579228 -86.972932 89.826204 -5.892099 89.863457 -213.289630 -20.477778 -28.877716 -19.005432 -19.867593 18.511667 8.430340 2.338364 83.206019 55.108580 9.693056 15.743333 -32.137623 10.314352 2.224630 -6.064259 -59.139846 6.302130 6.367932 -37.545340 22.847068 18.787407 8.637222 9.011759 -29.134012 37.273302 -23.682747 34.292222 -79.323302 26.148395 -18.552284 -1.298426 13.808056 -43.144568 -0.455432 -0.259660 74.948241 -31.480586 9.566512 -18.275463 18.848889 25.353920 1.126327 25.508827 -59.758920 26.764290 14.648086 -13.767037 -33.027654 12.927747 8.875340 -18.094691 1.893611 -0.463642 -10.685617 -4.074352 -24.938333 -5.482654 -26.579815 -7.929815 9.642901 -37.412593 -1.423611 -5.123858 -14.585833 -22.891543 14.758765 -41.804167 31.271636 41.403951 -3.460185 11.592994 -23.151111 -0.762500 -11.616852 -1.169352 -31.482716 4.463179 4.065432 -7.520216 -14.191821 10.952685 -15.074599 3.486883 -52.887160 4.395463 0.520340 -2.155370 -7.226019 5.475185 35.224506 -1.799414 -92.675278 16.611389 -19.428364 -13.035648 7.790370 -29.061543 -29.870062 14.344321 1.328981 -9.419599 -20.369722 12.612253 -59.616327 4.872623 1.348210 2.607160 -26.056451 14.731574 -3.921420 14.939259 -18.816728 -11.060772 6.976049 6.516019 -7.783457 -63.331111 7.442130 -2.164167 -55.385617 -51.945154 -50.355833 0.664877 -0.993673 -21.728580 -13.838765 7.491821 3.724660 16.540586 -2.327284 9.137346 -64.104259 12.129660 2.342994 -3.357901 -30.829568 7.718179 -3.354846 12.400494 13.732593 -21.572469 -3.642840 25.114753 0.627531 -44.270895 -11.811883 13.499383 -0.290957 -21.786698 -15.432716 2.130802 -8.492346 3.040278 -9.957253 -0.304259 2.725710 2.573920 0.004506 1.566914 -41.277469 8.086574 -0.713519 -11.966204 -74.045772 1.852778 -0.137284 -26.186883 7.757099 38.271944 9.146142 34.642284 14.151728 46.086420 9.667809 34.499475 25.367438 64.451204 -1.042963 31.627531 
-4.866667 5.099383 0.235185 1.472840 -8.857407 1.008642 1.844444 -2.277160 4.821605 7.854938 10.406173 1.371605 -9.212346 11.951852 33.832099 -3.079012 -11.837037 11.983333 18.677160 -4.267901 -7.396296 -1.361111 -5.383951 -1.080864 -16.479630 -11.608025 -3.511111 -3.466667 6.312346 10.725926 0.425926 7.825926 -8.276543 7.748148 5.390123 -2.438272 11.265432 9.614815 21.216667 -1.775926 -6.932099 14.264198 17.441358 -3.416667 -22.691975 6.699383 -2.021605 -2.724074 -4.138889 -1.865432 -5.306790 0.771605 -11.151852 3.019753 -5.934568 -5.381481 9.588889 9.252469 0.378395 7.317284 -3.685802 7.487654 5.746914 -2.212963 -1.773457 5.819753 8.560494 -1.691975 -7.716667 8.508642 2.061728 -2.764815 -16.755556 11.487654 -4.518519 -2.685185 -2.556790 10.470370 -5.177778 -0.541975 -0.455556 14.726543 -13.537654 -6.233333 6.303086 20.921605 -0.148148 1.706173 -1.844444 0.277778 -5.037037 0.218519 -9.206173 -0.056790 -4.420988 -1.083951 -8.601235 2.142593 -4.401235 -0.266049 -12.522840 3.270370 -3.078395 -1.418519 -3.348148 7.853704 -2.372840 0.419136 -1.850000 21.744444 -9.808025 -0.907407 -0.764815 -7.662346 -8.882716 2.279012 -1.681481 -5.873457 -7.572222 4.046914 -14.595062 1.565432 -3.182099 3.389506 -7.727160 14.714815 -0.346914 5.318519 -3.977160 18.949383 4.389506 2.292593 -3.276543 8.305556 2.042593 -0.322222 -4.871605 5.554321 -2.950000 0.240123 -5.010494 -9.469753 -5.890123 0.667901 -0.532716 0.602469 -2.710494 1.432099 -16.757407 3.650617 -0.988272 -0.754321 -11.332099 14.015432 0.229012 5.728395 5.035185 17.058025 2.133951 10.413580 0.102469 4.895062 1.216049 2.439506 0.440123 0.525309 -0.456173 -0.063580 -4.943210 -3.383333 -3.274691 -0.196296 -0.026543 0.819136 -0.583951 0.275309 -15.803086 2.120370 -0.314815 -3.196296 -27.011728 5.644444 -1.604938 -11.467284 0.629012 20.977778 0.158025 11.854938 6.282716 28.846914 3.441358 19.752469 12.645062 25.812963 0.296296 4.880247 
-59.025278 -35.092160 -0.626019 -15.390617 84.499074 4.134414 0.887778 23.430216 323.790617 98.579228 1.371605 198.989228 -77.385154 23.890648 -35.795432 157.121235 -325.487407 -42.172222 -39.584383 -50.946543 -41.000926 36.418333 29.442562 -10.849414 87.439352 46.076358 10.454167 54.963333 -57.374290 21.019907 0.325741 0.436852 -69.625401 -21.788981 -3.118735 -16.759784 61.785957 -17.274815 -13.432778 52.080648 -0.710679 25.517747 -41.562747 70.060000 -71.001080 7.493951 -10.111173 -0.951759 -9.123056 -102.286790 9.103457 -6.249660 117.254907 -86.160586 11.044290 -18.353241 25.746667 48.380586 0.816327 48.327716 -93.156698 40.598735 17.404753 -8.027037 -9.479877 23.803302 13.505340 -14.623580 5.505833 -1.101420 -46.716728 -2.488796 -7.703889 -25.161543 -41.376481 -5.148704 14.704012 -60.647037 -0.123611 -5.841636 -5.293611 -27.754877 34.350988 -67.076389 50.846080 100.155062 -13.615741 21.860772 -39.408889 41.593056 -5.619074 -12.007130 -6.010494 1.800957 2.104321 -2.709105 -22.491821 14.873796 -37.506821 6.197994 -36.962716 22.329907 -2.181883 1.307963 6.533981 24.332963 48.200062 -4.690525 -97.139722 12.303611 16.073858 -21.663426 -3.402963 -55.059321 -68.586728 9.574321 -22.901019 -15.152932 -35.417500 20.861142 -36.552994 -5.026265 -2.675123 15.694938 -13.720895 1.732685 -5.485864 17.915926 -12.226728 0.002562 21.762716 10.047130 0.457654 -20.171111 32.981019 -0.850833 -43.872284 -48.607377 -40.303611 -1.002901 -14.977006 -58.891914 -32.018765 5.269599 -24.160895 -6.698302 -2.347284 8.704012 -58.744259 -3.729228 2.566327 13.395432 -12.102901 -3.084043 -1.492623 22.691605 4.262593 -28.829136 -4.055062 25.971420 1.065309 -33.653117 -11.867438 17.821605 -1.589846 -12.545586 -11.327160 3.698580 -0.496790 10.162500 -8.618364 0.205741 -9.250957 -0.748302 1.523395 -2.637531 -63.683025 -5.374537 2.490926 -29.666204 -51.207994 -25.213889 -0.549506 8.074228 -6.842901 1.068611 -1.776080 70.258951 3.098395 28.041975 -1.316636 36.683920 17.472994 58.987870 -1.780741 34.087531 
-79.933611 88.514012 7.624907 19.242099 -575.837963 -77.538117 -3.806667 -79.706512 144.907901 -86.972932 -9.212346 -77.385154 3481.785525 101.986019 -185.638642 510.078025 172.694074 -298.005556 -503.028210 42.976914 -1138.176852 -216.326111 -262.070710 -140.143549 -471.333796 -178.876728 -118.898611 -22.492222 281.166142 130.780093 8.472037 161.960926 -135.079414 92.943426 -0.089414 252.436821 -491.643364 -123.106296 -29.343889 -108.079537 1330.110309 -232.471451 -187.334660 231.765556 343.127006 272.789012 -231.189568 228.036204 -332.353611 727.611975 64.826914 21.842623 103.287315 341.050216 -157.385031 505.053241 216.641111 -189.180216 -23.620401 76.088210 324.598549 -132.352809 -51.286605 267.669259 -334.967531 41.452994 69.980957 -7.487160 199.247500 -244.232284 84.904877 33.267685 110.707222 -408.126975 -78.913519 25.269815 -129.633642 -473.572963 -113.754167 -80.941327 857.725833 -550.164753 -71.211358 178.181944 52.806883 -184.599877 38.332407 -17.353735 156.996667 -192.426389 45.012407 -3.933981 -92.526543 -58.817253 0.719753 31.766512 -115.126698 -237.466019 -67.952809 14.072377 -91.406543 -295.565463 -146.161821 2.137593 -117.776204 -289.804074 -81.577099 -34.123549 373.718611 -326.154722 309.006883 -167.075463 11.228519 437.786358 179.984877 54.989753 -10.294537 32.139969 23.818611 65.289228 -92.816265 -102.566698 -23.059691 223.544321 -248.802068 -130.084907 -41.022284 25.925185 -119.432901 -78.766265 -119.410123 11.673981 -40.338025 236.578889 -35.164352 37.118611 -2.078457 110.479969 67.526944 -3.354136 -62.008179 155.227840 -199.634198 43.137809 -51.492068 -37.997994 -102.697901 28.016358 -147.597963 -78.410401 -4.903735 188.005309 -112.709691 -80.207809 0.742253 115.996543 15.532963 -167.931605 -58.161235 -55.236605 9.868395 -92.906512 -63.375154 -17.456790 -7.299414 -18.501451 -57.309877 0.162160 -228.470247 -179.090278 -191.968673 2.168704 -47.432747 1.629784 -28.142654 -8.701728 -266.274383 -6.164352 -12.283148 48.027315 -101.532377 95.325000 36.727654 225.310957 278.761420 46.382500 59.729784 93.276235 54.087901 -176.054938 -11.388549 -148.626883 -3.019290 -56.488981 -10.549259 -61.798272 
1.073056 25.187593 -0.330278 -0.639259 -183.413889 -37.728241 -3.030000 -39.348981 21.100370 89.826204 11.951852 23.890648 101.986019 416.914167 58.091852 156.641852 -325.098889 232.644444 2.086481 55.111852 -173.697222 34.922778 -21.769352 -9.315648 15.868056 5.604259 -15.981944 4.287778 108.814537 81.381944 4.172778 29.145000 -125.932130 41.808611 -2.835463 -17.912315 -176.088426 35.885556 21.998333 -38.494722 -55.406852 80.677315 21.574352 3.397778 -167.077315 109.995926 -24.216481 -7.741944 -65.328056 72.838148 -33.565926 -1.742685 20.265833 -8.682130 -38.257870 4.523611 131.471111 68.961019 1.498241 60.994630 -46.982685 54.573241 -1.142037 28.914444 -156.810370 39.420648 41.970093 -27.551481 -31.259167 -12.362407 36.600185 -11.641944 -64.655000 -36.626481 -9.653889 -22.026111 -38.923148 -32.170000 -34.837500 -17.466759 -29.221944 -6.063148 -11.086296 -4.101389 56.342315 -34.976296 -20.780556 17.576019 10.021111 -45.398611 -20.720556 30.374167 -111.107407 -7.722315 21.987037 4.218981 -64.149537 -26.246389 -1.054537 5.214352 -99.122963 -3.509167 -12.601574 -5.951667 -40.621389 4.390000 36.094259 -7.797870 -82.200278 -6.841389 -21.568796 -29.423611 31.253333 7.939074 -8.406481 -0.295185 -9.105278 7.083796 -4.155833 34.980463 -144.432685 28.837130 5.847593 48.376296 -128.401204 43.282500 -5.970185 43.330000 -52.236481 32.722870 -7.565926 21.778056 -32.656296 -30.658889 -15.084722 1.799722 -43.066481 -28.330648 -80.558611 -2.019074 8.167130 -4.113148 -10.399259 5.482870 -27.825648 18.019907 -4.935926 7.626852 -157.733889 25.362685 3.698241 25.230370 -115.930185 24.671574 -0.852685 77.558519 23.523333 -14.595926 -6.312593 75.496852 0.887407 -45.793426 -22.611574 26.757407 -3.172130 -24.599352 -20.857407 2.493148 -53.837407 -4.379167 -18.469907 0.949444 -18.938796 1.247685 -3.075741 -5.098519 -162.200926 -10.595833 -4.467222 -38.559722 -212.773241 -22.797222 7.904074 -7.231019 63.184259 73.069167 23.847685 143.345370 68.049259 57.774074 10.158241 93.451019 12.339352 55.055833 2.025556 48.509630 
11.347778 79.097901 1.186296 21.628765 -92.174074 -15.000617 -1.086667 -17.304568 -107.739877 -5.892099 33.832099 -35.795432 -185.638642 58.091852 278.918025 -120.843086 -43.893704 119.316667 278.404568 -89.863086 5.103704 -15.370000 2.847901 -12.730494 -92.946296 -113.781728 -21.672222 -30.726667 108.179753 101.581481 -0.027407 60.505926 -80.790247 40.799259 5.718642 -10.074568 -36.664198 38.368148 89.376667 -35.304815 -48.889136 70.482716 169.490617 -54.264444 -172.193827 13.325679 45.508765 -54.986296 -57.706667 -17.759136 -33.696420 -12.512099 -135.805185 28.122716 -33.691975 -50.987037 109.195556 63.931728 -7.115679 74.625432 -17.779506 50.471358 7.247284 35.033704 -60.335309 25.217160 29.939012 -17.546049 -38.097778 37.657160 21.342099 -11.665926 -106.642222 108.811358 24.160370 -19.395185 -41.103086 156.329259 -19.061111 -11.446049 -58.093333 164.014691 -75.834691 8.555556 46.603827 40.197901 -25.992593 17.600988 26.084444 -3.844444 -38.669259 44.770741 -89.848765 48.439136 -6.524691 7.190123 -65.647531 54.579259 18.160247 -9.562346 -74.883210 26.061481 4.130123 -13.447407 -25.555926 24.752593 -21.436543 -4.259383 79.660000 66.467778 -57.701728 8.387037 8.626296 20.279136 -32.351235 -5.225802 -4.519259 17.724691 -19.034444 18.187284 -78.872099 30.476914 -5.443580 40.440988 -62.346790 92.872593 2.626049 23.305185 -16.765679 121.400123 24.233210 4.299259 -16.536914 51.414444 40.620370 -4.545556 26.053210 55.566914 42.248889 -0.965802 -19.984568 -23.064938 -16.107531 -3.002469 -12.533457 -2.088272 -5.907901 0.580247 -81.926296 17.564321 -3.271235 20.109753 -64.260247 73.048025 0.205309 56.758765 26.711852 107.137284 16.507654 46.063951 2.187284 54.945432 29.862346 8.165432 0.794198 15.548272 19.906790 -0.109506 -23.361358 -9.155556 -5.372840 -0.959630 -2.844691 0.333951 -1.572099 -2.053951 -92.088272 -2.290741 -0.372593 -32.851852 -122.384321 0.983333 -8.920123 -26.104321 22.080864 83.348889 -7.588272 82.523457 17.961235 119.150617 5.292840 100.163951 13.932099 55.547407 0.970741 21.331728 
-131.146667 -63.790988 1.008519 -25.999012 -242.501852 -43.828395 0.418889 -33.221235 241.154568 89.863457 -3.079012 157.121235 510.078025 156.641852 -120.843086 556.384691 -526.065926 -89.277778 -201.778765 193.809136 -332.601852 -67.647778 -46.663210 -30.447160 -45.568519 -62.103951 -21.494444 23.540000 16.274198 59.481481 5.350370 54.444815 -121.590247 8.593704 -4.581358 62.008765 -220.386420 -67.398519 -40.090000 8.572963 80.816420 -48.117284 -128.753827 151.941111 -61.171605 64.103457 -101.269012 111.535926 -102.295556 61.640864 -9.729753 11.199012 5.355926 -29.382840 -46.286420 38.129630 73.501111 -32.496049 -15.237901 78.025432 13.259383 -11.973086 -15.080494 117.378148 -141.985309 7.344938 9.811235 8.381728 -29.158889 -62.176173 19.253210 -7.404815 -68.753333 -29.688642 -32.411852 -13.711852 -28.353086 -83.215185 -25.961111 -14.107160 40.206667 -49.913086 -11.751358 -1.600000 -9.507284 -79.107654 -37.120370 6.589877 21.051111 -71.933333 -0.019259 25.442963 -46.820988 -18.238642 18.680864 34.334568 -91.869753 -11.776296 3.454691 20.820988 -164.422099 -4.377407 -26.397654 6.158148 -36.461481 -28.602963 17.830123 -16.153827 -91.795556 -54.860000 53.653827 -56.918519 -25.957037 67.406914 23.404321 15.340864 -64.841481 30.591358 41.476667 6.409506 -157.527654 1.843580 13.284198 119.802099 -110.169012 -20.032963 -2.985062 112.866296 -72.326790 -7.894321 -16.444568 36.599259 -15.492469 18.370000 18.142593 7.954444 -69.085679 -97.049753 -25.817778 -3.854691 -13.056790 82.190617 -7.879753 16.975309 -64.361235 15.322840 4.014321 -7.769753 -221.854074 -24.552346 1.745432 26.759753 -90.793580 -18.485309 1.560864 171.358765 33.067407 -47.046049 -14.792346 115.913951 8.098395 -44.960123 -21.137654 35.693210 -1.505802 -29.140617 -21.265432 4.818272 -50.105802 -7.638889 -40.289506 0.329259 -28.144691 -1.766049 -2.883210 -8.053951 -222.416049 -27.801852 -6.278148 -75.518519 -283.439877 -85.050000 0.729877 23.367901 94.708642 -3.901111 13.978395 288.156790 89.577901 41.933951 0.748395 116.208395 21.609877 71.369630 2.692963 48.242840 
137.575556 9.228148 4.723333 27.792963 345.944444 82.675926 20.735556 69.837407 -880.798519 -213.289630 -11.837037 -325.487407 172.694074 -325.098889 -43.893704 -526.065926 2907.315556 -207.377778 -112.187407 206.647407 432.494444 -696.970000 -310.410741 36.815185 -1234.988889 -949.927407 -215.216667 -243.476667 -24.947407 -198.933333 -3.692222 -114.570000 546.015926 -33.504444 21.447037 94.089630 260.462963 -10.596667 -6.173333 12.210000 -99.149630 -243.485185 3.736296 -276.431111 970.240741 -295.321852 -112.965926 62.998889 205.287778 195.647037 -116.613704 58.651481 -1038.020000 270.099259 -220.398148 116.538889 -254.043333 -222.583704 27.559630 -226.321481 287.791481 -187.173704 11.631852 -117.842222 356.652963 -106.195185 -105.969630 90.727407 -185.792222 182.111481 4.306296 -34.701111 116.502222 286.555185 78.667778 13.117778 -2.114815 481.270000 -95.750000 54.560741 -11.248889 334.891852 -409.728519 381.783333 -132.114074 116.628148 196.950000 -72.829259 -20.343333 125.961111 142.373333 -124.753333 164.909259 50.677407 -104.051852 -32.762963 148.451852 139.558889 59.065185 -45.175926 302.558148 93.024444 9.032593 -56.712222 -2.741111 -13.651111 -310.172963 14.058519 744.476667 167.545556 31.708148 204.200000 -33.253333 464.950741 125.818519 -14.719630 58.095556 29.224074 6.071111 -82.233704 381.430370 -102.934815 -21.270741 -216.911481 288.917407 -44.170000 -6.380741 -200.091111 131.137407 -10.330741 -68.291481 -69.087778 56.830370 172.986667 -98.861111 4.043333 273.161852 529.271852 381.421111 17.279259 -139.881481 -58.574815 -216.330370 -37.474074 104.219630 -87.137037 -105.993704 0.996296 490.397778 -86.732593 -17.412593 -135.211852 264.879259 -82.452593 -13.044074 -394.804815 -25.651111 -2.705926 -11.489259 -211.240370 0.510741 126.448519 39.631481 -56.831481 16.128148 145.202593 69.209259 -7.460741 -194.732963 -145.838889 -108.762963 -4.557778 65.928148 3.712963 -20.691852 22.000370 544.079630 61.322222 9.358889 153.288889 521.495926 129.850000 9.582963 -106.607407 -144.618519 -73.873333 -19.737037 -540.829630 -141.125185 -94.137037 -5.500370 -220.518148 -14.259259 -93.937778 0.752222 -81.167037 
111.300000 28.244444 -2.050000 18.016667 -87.933333 -39.711111 -2.405556 -22.516667 -108.677778 -20.477778 11.983333 -42.172222 -298.005556 232.644444 119.316667 -89.277778 -207.377778 569.988889 193.227778 7.783333 64.855556 486.855556 70.383333 37.150000 269.711111 299.155556 -1.783333 108.305556 63.550000 21.616667 0.922222 0.244444 -65.938889 46.083333 0.033333 -29.022222 -55.594444 73.983333 63.055556 -25.288889 -145.427778 105.283333 124.944444 -73.644444 -244.722222 25.627778 53.255556 -69.072222 -39.861111 -89.438889 -41.344444 -8.955556 290.238889 -146.094444 -4.433333 -30.655556 59.105556 57.683333 15.650000 5.327778 -40.177778 65.383333 9.561111 -16.100000 -30.350000 14.461111 77.305556 -18.305556 -35.716667 -67.311111 -10.638889 -5.811111 -63.083333 -152.272222 -51.888889 -15.588889 -35.383333 -116.161111 -22.550000 -18.427778 -35.400000 -38.933333 92.411111 -95.488889 44.688889 -49.383333 22.977778 -1.683333 6.088889 -43.433333 3.883333 -0.416667 -34.866667 -77.100000 -39.994444 23.627778 -18.177778 -78.183333 -39.205556 15.000000 -28.644444 31.177778 1.705556 9.572222 0.738889 110.022222 48.594444 5.211111 -177.250000 44.088889 -49.088889 -25.383333 66.872222 -50.461111 -2.177778 -12.688889 -10.772222 -19.383333 -9.855556 12.022222 -82.600000 24.716667 -5.816667 16.877778 -53.444444 50.544444 8.811111 48.522222 -22.677778 31.377778 19.216667 21.694444 -19.183333 -89.600000 -17.350000 0.477778 -44.255556 -94.188889 -159.250000 -2.850000 45.077778 -4.472222 -12.683333 0.688889 -28.122222 9.594444 -2.633333 1.283333 -79.638889 15.877778 -0.800000 -14.216667 -41.044444 14.933333 6.211111 27.744444 17.077778 -12.505556 11.094444 54.755556 1.166667 -75.488889 -10.516667 17.238889 -3.616667 -46.833333 -21.355556 -0.138889 -11.933333 12.577778 -2.150000 2.172222 -18.461111 0.483333 -1.250000 -5.527778 -74.233333 -1.027778 -4.844444 -33.905556 -80.927778 -2.994444 -6.233333 -31.366667 -2.744444 51.683333 -2.150000 80.977778 34.388889 44.300000 6.066667 91.544444 12.461111 34.450000 1.816667 25.372222 
-8.023889 62.732840 -0.913519 19.426049 -131.109259 -39.116975 -3.134444 -26.404506 -127.392716 -28.877716 18.677160 -39.584383 -503.028210 2.086481 278.404568 -201.778765 -112.187407 193.227778 548.018395 -179.102099 237.651852 198.765556 189.046728 -13.178580 178.365741 93.634691 13.736111 43.691111 104.810432 124.254630 -2.199259 77.234074 -130.529568 13.595741 -4.845123 -23.127840 -55.590432 16.947407 75.103333 -38.590185 -74.724568 88.910802 272.274753 -63.617778 -231.944136 -28.078272 221.963827 -98.897593 -53.327222 -145.414568 17.653457 -36.512160 97.164630 -49.398086 1.654012 -84.682407 111.146667 38.440309 -17.837840 105.863827 -44.041420 31.402901 -8.798025 69.889630 -74.679877 -22.459198 48.162284 -25.806914 -19.620556 -41.554198 61.036049 -6.245741 -127.456667 39.830123 70.976296 -20.351481 -55.632099 89.669630 19.469444 -26.998580 -70.050556 121.053457 15.884321 -64.375000 47.408580 -103.261605 -49.435185 32.356605 48.680000 -32.186111 -35.949630 85.277593 -94.727160 50.166235 19.570988 26.131173 -80.223765 38.855741 59.675123 -4.442284 -99.034938 31.047963 22.283395 -11.250370 -27.492407 49.110741 14.802840 -3.947469 -70.021667 59.238333 -76.135864 2.415741 42.630370 -24.512099 12.288272 -10.120123 8.719815 54.148457 21.150556 14.784753 -121.037716 56.252901 3.660988 50.922716 -99.050062 116.070185 11.061358 63.532593 -19.007284 138.573395 43.134938 25.473519 -29.970123 1.717778 46.087963 -3.488333 -25.613951 -42.122654 -24.355000 -1.605679 31.463272 49.283086 44.253457 -4.042901 7.282160 18.411420 14.108272 0.662346 -100.541481 23.227716 -2.282284 12.112099 -130.816790 82.967346 4.744877 97.091605 14.268148 143.037531 30.383827 104.213086 2.015309 58.239938 34.170062 20.071605 0.178210 -5.385864 17.956173 0.095802 2.280988 27.291667 11.305247 0.397407 12.239321 -0.266358 1.470617 3.129136 -96.652469 -1.339815 1.338148 -36.034259 -256.784383 -33.216667 -13.155062 -32.502160 -39.556790 87.422778 -6.133025 166.839506 54.292840 148.891975 7.884753 149.338086 11.657716 46.330926 1.802593 29.076420 
