4.816173 40.942222 3.364383 1.834630 -0.058395 34.837778 2.670617 0.000000 -0.578519 36.912716 4.124259 -0.136481 -12.278210 29.750123 5.057222 -1.725679 -19.385926 20.336790 4.266481 -1.620926 -9.585309 35.865679 0.752901 -0.336111 21.016790 46.556914 2.280247 0.769136 7.907037 29.603642 0.613889 3.823457 0.466605 17.799012 -0.916173 0.102778 -0.128765 6.619259 -3.190741 0.763086 -2.728210 -4.797407 -4.273580 1.877593 6.967469 -5.765247 -0.642346 -0.448642 0.360123 -12.696420 -2.856667 -0.991728 -4.096605 -30.036914 -3.405123 -1.450864 -2.245741 -51.464259 -8.548457 -1.053642 8.958519 -24.326975 -2.460741 0.014506 2.730679 -8.036111 -1.716975 1.105617 0.264815 -4.838580 -4.321667 4.646790 9.311296 -6.063519 -2.079444 1.932284 -1.365802 -12.181049 -2.527531 0.176975 -2.820864 -17.499815 -1.745309 0.050926 5.624568 -13.432963 -0.204753 -0.342901 19.135802 4.426728 2.964815 2.310679 -0.361481 2.123765 -6.018333 0.417654 -0.709815 -9.666605 -5.151667 -0.446975 6.008765 -4.335494 -0.359383 1.685617 -2.992716 -2.220556 -0.653395 0.034691 -1.176914 -0.543704 0.053704 0.133086 10.005370 2.492160 1.220309 1.081296 10.881852 4.710617 -1.151914 -0.231049 -9.907346 -3.415309 -5.879568 -3.236173 -2.201728 -9.084321 -1.829383 -4.338395 5.291914 -7.039198 -0.443395 -2.103889 -0.262160 -2.788951 -0.510123 -0.581235 -2.275802 -0.484568 0.224938 -0.063457 5.834568 1.803457 0.477593 1.523148 8.915185 6.307840 1.649691 2.843704 -2.379630 -1.936667 1.131481 -2.958765 0.958642 -9.051173 2.067593 -2.493086 0.149012 -6.256049 3.070926 -0.560185 -3.384198 -3.747222 -0.399074 -0.754074 -3.257407 -1.327469 0.187284 -0.293519 1.339877 -0.216543 0.155864 0.332284 6.874691 9.178333 0.413642 3.290247 2.378148 16.429938 0.011296 3.157037 3.267099 -0.206543 -2.923519 0.262469 0.970617 -6.128704 -4.708704 0.483580 -4.573827 -5.476296 -0.169259 -0.143086 -3.143580 -2.550741 -0.312901 -0.119444 
40.942222 529.706667 45.502222 21.115556 -0.904444 455.331111 48.395556 0.000000 -23.997778 488.460000 66.641111 -5.176667 -161.236667 418.381111 62.042222 -34.682222 -290.936667 339.326667 45.514444 -26.495556 -80.764444 472.167778 26.036667 9.211111 324.375556 637.347778 43.183333 18.466667 84.906667 539.162222 16.172222 51.505556 3.667778 281.078889 0.130000 1.972222 -6.582222 109.697778 -37.027778 9.536667 -46.642222 -34.074444 -60.058889 20.086667 82.107778 -83.214444 -22.893333 -1.580000 40.078889 -209.386667 -28.574444 -10.226667 -46.216667 -414.663333 -54.841111 -16.112222 -38.987778 -750.637778 -128.133333 -12.445556 90.480000 -419.764444 -46.201111 1.216667 37.870000 -195.294444 -13.038889 12.398889 19.688889 -68.383333 -57.282222 59.952222 69.013333 -91.617778 -33.592222 24.074444 32.345556 -177.485556 -35.687778 7.525556 -33.841111 -243.525556 -24.984444 3.255556 51.218889 -220.140000 -2.681111 -7.222222 193.627778 14.524444 70.427778 26.224444 -10.848889 -9.227778 -33.036667 4.604444 -23.078889 -143.595556 -62.442222 5.356667 -3.107778 -46.588889 -13.025556 34.186667 -20.470000 -4.752222 -7.616667 16.270000 5.917778 15.736667 0.533333 10.043333 119.275556 22.980000 20.262222 20.720000 103.360000 40.075556 0.395556 26.697778 -115.173333 -62.196667 -76.734444 -18.693333 -48.463333 -126.743333 -17.587778 -57.603333 15.562222 -88.955556 5.120000 -38.224444 3.830000 -22.704444 -4.834444 4.006667 35.286667 4.083333 4.662222 7.114444 51.088889 16.237778 2.770000 25.038889 58.532222 78.314444 11.561111 61.018889 -35.305556 62.837778 6.450000 -12.631111 -19.211111 -32.395556 33.377778 -32.391111 -71.665556 -44.857778 41.640000 -9.872222 -17.140000 -31.388889 3.911111 -7.593333 27.172222 1.211111 11.723333 -2.733333 2.904444 -7.118889 0.211111 2.185556 23.633333 59.462222 -3.367778 20.081111 7.648889 137.411111 -10.286667 17.217778 8.436667 5.917778 -43.360000 4.103333 2.434444 6.500000 -36.198889 6.106667 11.245556 -2.626667 32.996667 -1.924444 -16.426667 -10.303333 5.693333 -1.850000 
3.364383 45.502222 8.353673 0.969537 -0.094383 46.162222 8.146049 0.000000 -2.660370 55.962284 9.268796 -0.603796 -27.762068 49.677654 8.538611 -2.990988 -36.952963 42.979877 5.398796 -2.152685 -9.539691 57.800988 3.023488 1.731944 37.066543 82.279198 5.669753 4.964198 7.323519 55.775525 8.179167 4.298765 -0.031883 24.139877 4.002284 -0.048611 -0.974012 3.719630 -1.262037 0.550802 -8.370401 -5.988704 -6.131975 2.226574 9.753364 -6.411142 -4.699321 2.265309 8.398210 -26.123025 -4.412778 0.333395 -6.518673 -51.760309 -6.579599 -2.010247 -6.536204 -76.362130 -11.694599 -1.128302 2.935926 -50.293858 -2.455926 -0.196451 2.379043 -28.868056 4.182253 0.240216 -3.989815 -4.676698 -3.779722 7.889321 2.690093 -4.340648 -2.877500 7.441327 7.857469 -21.734228 -3.741914 2.785525 -2.704136 -31.721019 -3.007469 0.375463 6.628210 -23.614259 1.800586 -1.191821 13.764198 -4.433673 15.243519 0.099043 -1.460741 -6.786265 3.914167 -0.764877 -6.774907 -14.440340 -5.213611 1.231698 -7.222654 -2.665895 -1.237840 5.871327 2.701049 -0.911389 -0.589660 3.606975 2.713025 -0.139630 0.037963 1.100247 19.757130 1.117562 3.317191 2.628426 18.732037 -1.621728 2.658858 2.640772 -10.994043 -21.401358 -7.802377 -5.266605 -7.087160 -26.662901 -1.326173 -7.881049 -4.154414 -10.823302 2.730895 -5.175278 3.521883 -2.331883 0.332346 1.492346 7.803580 0.626235 0.263951 1.057901 8.309877 1.496543 0.454352 4.639352 10.682037 10.621327 1.971142 14.445185 -2.356481 11.106111 2.182407 2.775432 -6.339198 -2.897438 8.983796 -4.384691 -12.035123 -4.343951 8.733241 -0.330093 4.573086 -3.723611 3.250463 -0.312593 5.899074 -0.510031 1.243272 -0.224537 0.179568 -0.883457 0.053858 0.635772 1.105864 1.025833 -1.176142 4.679198 -2.880926 3.302006 -6.226574 3.970741 1.256512 -5.118457 -9.919537 0.470864 12.479383 2.174537 2.476759 1.863642 9.934938 -0.529259 8.672037 0.051420 -0.648086 -1.663148 1.003179 -0.193056 
1.834630 21.115556 0.969537 1.749722 -0.022407 15.813333 1.728519 0.000000 0.425556 16.940926 2.524167 -0.002500 -4.849907 14.505926 2.214722 -0.249259 -13.835556 12.204815 1.945278 -1.583611 -4.819815 18.847037 0.937870 -0.720833 14.578148 20.562407 1.774074 -0.037037 1.023889 9.492870 -0.506944 3.298148 0.076204 5.885926 -0.195741 -0.045833 0.127593 1.696667 -1.169444 0.392037 -0.069352 -3.800556 -1.798519 1.523056 6.159352 -2.241574 0.314630 0.570741 -1.327963 -7.525370 -1.195000 -0.727963 -3.185648 -16.652407 -2.030648 -0.863704 -0.999722 -24.171944 -3.485648 -0.423426 4.758889 -11.265648 -1.326667 -0.096759 0.671204 -3.915278 -0.538426 0.693241 0.452778 -0.867130 -0.935833 2.176481 5.049167 -2.158611 -0.425833 0.823241 -2.894630 -3.538981 -1.174259 -0.098241 -1.709815 -5.378611 -0.505370 -0.168056 0.293148 -6.007222 -1.076759 -0.021759 6.901852 0.214907 -0.963889 1.783426 0.315556 -0.410648 -1.184167 0.633519 -0.966944 -4.442870 -1.339722 0.441019 3.401296 -1.532870 -0.408704 2.538796 -0.892037 -0.651944 -0.294907 0.356852 -1.977963 -0.831111 -0.030556 -0.272963 -1.329722 -0.416574 -0.282130 -0.038056 -1.423889 0.842963 -1.023796 0.669352 -1.770648 1.098519 -1.934537 0.905370 -3.421852 -0.333519 -1.115926 -1.090185 4.654907 -2.171759 -0.367685 0.317500 1.320463 -0.340463 0.230741 0.667407 -3.144074 -0.756481 -0.058519 -0.245926 -0.651852 -0.211852 -0.021389 -0.259722 -0.857222 -2.150093 0.139352 -0.852222 -0.886111 -2.901667 -0.036111 1.284815 -0.576852 -1.354907 -0.943056 1.465185 1.405370 -1.057037 1.203056 0.187500 -0.474815 -1.154167 0.101389 -0.340000 -3.452778 -0.883796 -0.252037 -0.112500 -0.099815 -0.321852 -0.025463 -0.060093 0.132407 1.769722 0.003426 -0.282037 0.481667 1.607870 0.299167 0.032222 1.711019 -3.361296 -0.888611 0.937407 1.867407 -4.059722 -1.927500 0.481296 -1.877037 -3.256667 -1.005000 -0.148704 -2.161296 -1.643889 -0.512315 -0.045833 
-0.058395 -0.904444 -0.094383 -0.022407 0.996173 0.003333 -0.027284 0.000000 4.776296 6.571728 1.101296 0.879815 -0.640679 6.213210 0.922778 1.185679 -7.571852 1.536543 0.041296 -1.000185 -2.644691 1.627654 0.593765 -0.602778 0.840988 2.695309 0.280864 0.653086 -0.413704 -0.426975 0.736111 -0.312346 0.354506 0.394321 0.913951 -0.030556 0.616543 0.838519 0.107407 0.061358 1.959321 -1.300370 -0.928642 0.624630 0.891420 0.285247 -0.425432 0.273086 -0.927901 -0.311358 0.447778 -0.270494 -0.281173 -2.410864 -0.909321 -0.575802 -0.066481 2.546481 1.442901 -0.250802 -0.099630 -0.591914 0.117407 -0.064506 0.204877 -1.991667 -1.338580 -0.071173 1.179630 -2.022531 -0.940556 0.189877 0.692037 1.231296 0.238333 -0.095617 -2.613086 2.361049 0.193086 -0.019198 -0.265802 0.053148 -0.048025 -0.095370 0.839877 -1.732593 -0.041914 0.015123 -0.435802 2.737716 -2.148148 -0.074012 0.304815 1.287346 -3.378333 0.977901 3.822037 -1.743395 -0.400556 -0.254136 0.482346 0.557716 0.368272 -0.538951 -3.520617 0.495000 0.003395 -0.465802 -0.585309 -0.120741 -0.003704 -0.165309 1.624630 0.655617 -0.188086 -0.217963 -0.308519 4.702716 -1.193642 -0.683395 -2.108210 5.017531 -1.569321 0.485062 1.792840 1.316543 -0.460617 1.602840 0.329198 -0.866358 -0.759938 0.122778 -2.351173 -0.312160 -0.222099 -0.169877 -2.266420 -0.476543 -0.059383 -0.200988 0.365432 0.392099 -0.014259 -0.173148 -0.186296 1.866605 -0.166358 -1.223704 -1.542593 0.421111 -0.087037 -2.154568 1.846914 -4.681049 -1.356481 0.617531 1.755432 -1.791728 -1.683148 0.304630 -0.531358 -0.247222 -0.484259 -0.119259 -2.464815 -0.811420 -0.205062 -0.112037 -0.066543 -0.214568 -0.016975 -0.040062 0.347531 2.220556 0.198580 -0.343580 0.839630 5.053395 -0.019074 -0.741481 2.985123 1.422099 -1.377593 -0.526914 4.039383 -0.376852 -2.197963 -0.234691 -0.466173 -1.902593 -1.260741 -0.099136 -1.440864 -1.095926 -0.341543 -0.030556 
34.837778 455.331111 46.162222 15.813333 0.003333 440.882222 50.514444 0.000000 -17.276667 514.141111 73.251111 -4.235556 -208.965556 461.682222 71.971111 -37.207778 -347.460000 383.657778 49.971111 -30.397778 -88.765556 530.181111 38.565556 11.727778 350.732222 743.510000 68.338889 28.705556 87.536667 613.725556 51.022222 41.822222 2.803333 330.164444 24.428889 0.827778 -7.185556 145.193333 -21.433333 9.098889 -56.848889 -11.206667 -57.282222 18.660000 65.606667 -81.315556 -32.741111 -7.867778 56.292222 -238.576667 -31.295556 -10.991111 -45.750000 -474.978889 -57.145556 -21.158889 -41.535556 -741.341111 -117.633333 -15.270000 72.567778 -471.971111 -49.908889 0.172222 35.854444 -264.355556 -10.094444 10.302222 18.900000 -95.477778 -49.824444 55.684444 51.240000 -88.708889 -35.932222 28.356667 52.558889 -204.278889 -40.363333 13.121111 -31.384444 -309.476667 -30.497778 2.805556 56.028889 -251.686667 -1.054444 -7.916667 175.950000 6.356667 79.644444 23.128889 9.431111 -9.666667 -29.621111 6.174444 -2.436667 -151.197778 -52.754444 -1.113333 -47.545556 -43.088889 -10.176667 23.548889 -11.337778 9.493333 -4.933333 22.837778 24.225556 18.365556 0.372222 12.252222 135.837778 36.645556 24.636667 24.782222 103.941111 51.504444 -1.102222 25.610000 -116.747778 -73.078889 -87.620000 -27.146667 -19.251111 -144.891111 -23.313333 -63.237778 -31.118889 -87.561111 8.387778 -51.167778 3.401111 -10.313333 -1.086667 1.036667 70.432222 10.655556 4.608889 8.721111 56.055556 21.807778 3.121111 28.055556 61.524444 99.271111 13.205556 60.756667 -35.083333 64.380000 10.472222 -27.093333 -14.011111 -58.208889 39.172222 -39.845556 -92.796667 -51.312222 46.492222 -12.472222 -15.831111 -22.805556 14.911111 -8.452222 48.677778 5.666667 13.731111 -3.355556 5.457778 -0.412222 0.950000 2.540000 26.811111 82.403333 3.796667 23.760000 5.663333 153.205556 2.023333 18.414444 -2.384444 10.247778 -35.157778 -1.856667 -16.480000 21.350000 -26.457778 2.670000 7.014444 6.314444 41.517778 -1.817778 -13.857778 -8.521111 7.641111 -2.255556 
2.670617 48.395556 8.146049 1.728519 -0.027284 50.514444 11.401728 0.000000 -3.399630 69.148272 12.767037 -0.813704 -39.129877 67.460123 11.053333 -4.366790 -63.223704 64.750123 7.673704 -4.393704 -12.973086 83.091235 7.182346 2.822222 56.571235 117.566914 12.324691 6.319136 6.760370 65.270864 13.827778 5.612346 0.144938 28.752346 11.207160 -0.044444 -0.914321 4.834815 2.275926 0.611975 -9.418765 -10.320741 -5.778025 3.512593 9.843580 -13.878025 -5.883457 2.139136 11.974568 -43.561975 -5.413333 -0.832840 -7.099383 -81.793580 -9.447901 -3.454198 -6.372963 -90.380370 -7.851235 -1.243086 2.909630 -67.934198 -3.708519 -0.182716 3.437901 -48.816667 3.496914 -0.017160 -1.862963 -13.685802 -2.271111 6.297901 -2.929259 -10.397407 -3.508889 8.130617 9.426420 -30.046049 -5.168642 3.589753 -1.055309 -44.784815 -4.137531 0.164815 4.036790 -29.997407 -0.534198 -1.201235 12.396914 -12.686049 8.731481 0.709012 7.564074 -16.001235 5.302222 -0.335679 -3.065926 -19.406049 -2.131111 -0.463086 -17.220123 -3.716049 -1.586049 6.959506 4.786173 0.492222 -0.545062 4.866914 6.209753 2.266296 0.014815 1.724198 10.340370 2.129383 1.893086 2.099630 9.917407 -4.651605 -0.245802 2.637284 0.919877 -26.360864 -9.085679 -3.599506 -6.697284 -28.119877 -2.626049 -8.448395 -8.279753 -11.730864 2.302716 -6.602222 5.947284 -0.616173 1.208765 1.822099 12.400864 1.570988 0.550494 0.857654 2.945679 1.133457 0.112593 2.875926 6.611852 4.109506 0.835802 8.778148 1.020370 5.315556 0.575926 5.836790 -8.341358 0.014938 4.964815 -1.838642 -17.375432 -3.051605 8.832593 -0.579630 5.795802 -2.455556 6.020370 -0.839630 6.292593 1.836420 2.079506 -0.435185 -0.552346 -1.639877 -0.002469 0.236173 -1.553086 -3.715556 -2.064691 2.544691 -3.441852 -3.283951 -7.057037 3.027037 1.679877 -3.330988 -10.017407 2.139136 10.429506 2.374074 3.547407 1.825802 10.062840 -0.645185 9.581852 0.166914 -1.662469 -1.244074 0.580988 -0.272222 
0.000000 0.000000 0.000000 0.000000 0.000000 0.000000 0.000000 0.000000 0.000000 0.000000 0.000000 0.000000 0.000000 0.000000 0.000000 0.000000 0.000000 0.000000 0.000000 0.000000 0.000000 0.000000 0.000000 0.000000 0.000000 0.000000 0.000000 0.000000 0.000000 0.000000 0.000000 0.000000 0.000000 0.000000 0.000000 0.000000 0.000000 0.000000 0.000000 0.000000 0.000000 0.000000 0.000000 0.000000 0.000000 0.000000 0.000000 0.000000 0.000000 0.000000 0.000000 0.000000 0.000000 0.000000 0.000000 0.000000 0.000000 0.000000 0.000000 0.000000 0.000000 0.000000 0.000000 0.000000 0.000000 0.000000 0.000000 0.000000 0.000000 0.000000 0.000000 0.000000 0.000000 0.000000 0.000000 0.000000 0.000000 0.000000 0.000000 0.000000 0.000000 0.000000 0.000000 0.000000 0.000000 0.000000 0.000000 0.000000 0.000000 0.000000 0.000000 0.000000 0.000000 0.000000 0.000000 0.000000 0.000000 0.000000 0.000000 0.000000 0.000000 0.000000 0.000000 0.000000 0.000000 0.000000 0.000000 0.000000 0.000000 0.000000 0.000000 0.000000 0.000000 0.000000 0.000000 0.000000 0.000000 0.000000 0.000000 0.000000 0.000000 0.000000 0.000000 0.000000 0.000000 0.000000 0.000000 0.000000 0.000000 0.000000 0.000000 0.000000 0.000000 0.000000 0.000000 0.000000 0.000000 0.000000 0.000000 0.000000 0.000000 0.000000 0.000000 0.000000 0.000000 0.000000 0.000000 0.000000 0.000000 0.000000 0.000000 0.000000 0.000000 0.000000 0.000000 0.000000 0.000000 0.000000 0.000000 0.000000 0.000000 0.000000 0.000000 0.000000 0.000000 0.000000 0.000000 0.000000 0.000000 0.000000 0.000000 0.000000 0.000000 0.000000 0.000000 0.000000 0.000000 0.000000 0.000000 0.000000 0.000000 0.000000 0.000000 0.000000 0.000000 0.000000 0.000000 0.000000 0.000000 0.000000 0.000000 0.000000 0.000000 0.000000 0.000000 0.000000 
-0.578519 -23.997778 -2.660370 0.425556 4.776296 -17.276667 -3.399630 0.000000 383.815556 72.871852 4.993333 37.857778 526.556296 166.341852 -8.310000 121.905926 -509.590000 -93.572593 -22.137778 -44.763333 -292.964074 -103.190370 19.725185 -55.472222 -70.030370 -102.395185 21.792593 -2.324074 4.480000 51.148519 -8.200000 14.424074 -1.184815 41.981852 -18.004815 -0.238889 100.398519 -12.815556 -1.344444 9.391852 215.589630 -253.937778 -21.149259 59.401111 -150.752963 128.234074 -19.410741 8.965926 -158.584815 157.752593 7.951111 -32.618148 -20.457407 -20.874815 -1.178519 -0.481852 -12.203333 -29.558889 -37.851852 8.479259 -10.395556 34.013704 -36.235556 -1.679630 28.808519 -2.627778 -37.685185 7.901481 209.927778 -197.592593 -23.114444 33.745185 -96.151111 -27.718889 -13.728889 0.480370 -231.945926 121.327037 -11.860741 -10.469259 -36.472963 64.776667 1.534815 -4.766667 9.167407 -41.624444 -2.741852 -0.624074 10.242593 83.747037 -15.866667 0.567407 17.796667 144.559259 -74.528889 14.295926 122.770000 -71.076296 -32.467778 13.383704 -36.856296 -39.535185 -20.814074 41.615926 -174.402963 20.984444 -11.598148 25.238148 -52.607037 -6.226667 -0.150000 0.638519 29.167778 31.817407 6.648519 14.434444 -7.746667 97.760370 -10.251481 9.721481 11.034815 150.521481 -17.931852 -6.112593 73.641852 91.804074 5.983704 -3.254815 -14.755185 37.220370 -7.380370 54.801111 -29.664074 32.559630 -8.170741 46.600370 -23.224815 24.303704 -0.073704 11.921481 0.985185 12.960741 -0.576667 4.316667 -21.852222 54.338148 -6.212963 -9.301111 -25.316667 46.925556 19.005556 -61.338148 16.601852 -52.567037 1.783333 -23.017407 67.031852 -9.934074 -20.836667 6.272222 76.512593 -1.822222 2.022222 11.957778 43.150000 10.012963 2.272593 5.233333 3.390370 11.147407 0.557407 -0.830741 -6.274074 20.324444 1.632963 -6.339630 -14.357778 -51.931481 -32.051111 -14.836667 0.210370 -67.923704 -76.286667 -18.767407 13.394815 102.544444 -12.364444 -11.094074 63.872593 43.341111 31.648889 0.427037 29.904074 21.854444 16.234815 3.100000 
36.912716 488.460000 55.962284 16.940926 6.571728 514.141111 69.148272 0.000000 72.871852 772.896173 105.641296 15.366481 -230.761790 791.373210 105.182778 5.166790 -658.365185 550.022099 68.956852 -50.025741 -210.343580 780.097654 81.159321 1.936111 464.323210 1160.810864 139.491975 52.486420 103.556296 787.487469 99.263889 42.737654 4.580062 446.130988 81.192840 0.308333 2.764321 218.398519 15.435185 9.754691 -50.306235 -34.134815 -70.521975 33.417963 49.320309 -121.474753 -52.949877 -2.955802 65.658765 -336.843580 -32.614444 -20.367160 -72.275617 -751.211975 -82.954877 -33.434691 -54.379815 -901.205741 -94.301543 -24.820802 70.529259 -629.046358 -49.569259 0.174383 35.914877 -428.169444 -17.005247 7.603272 43.246296 -198.105864 -66.353889 65.157654 60.109815 -128.260926 -48.321667 38.483272 61.301358 -284.551173 -58.031358 23.685247 -40.605802 -497.962407 -48.190247 0.082407 91.118765 -339.352593 11.081420 -9.351543 197.841975 12.216605 82.807407 27.104877 40.613704 7.481790 -48.899444 16.891235 31.718704 -199.002284 -51.532778 -7.250802 -123.574321 -55.308951 -10.169506 31.104383 -23.636173 32.421667 -5.718827 34.127531 40.062469 20.267037 0.129630 15.059136 182.129074 83.806728 31.420802 37.464259 89.488148 115.057160 -16.534753 31.226605 -133.933765 -30.961358 -118.461543 -30.700494 -25.519383 -153.263457 -27.796173 -74.984938 -107.795247 -100.855247 16.711173 -66.595000 11.116605 6.491173 2.691235 5.861235 103.293580 20.279012 4.777284 10.409012 59.098765 37.422099 2.973519 34.660185 42.377037 140.048827 13.989198 50.055185 -63.503704 61.106667 17.418519 -61.853457 -24.408642 -116.056605 44.321296 -56.255802 -127.930123 -51.653951 61.981296 -17.323148 13.737531 -4.419444 35.865741 -8.654815 67.890741 16.155247 16.987160 -2.484259 11.469012 19.023210 2.627469 2.622160 32.025309 157.096111 16.528580 21.255309 -5.041481 229.653395 29.454259 5.372963 -22.143765 -2.574568 -44.424259 -14.450247 -51.885062 37.145370 -43.222407 -0.192469 36.659383 13.528519 49.990370 0.410864 1.956914 -4.950370 10.471790 -1.458333 
4.124259 66.641111 9.268796 2.524167 1.101296 73.251111 12.767037 0.000000 4.993333 105.641296 23.803056 -0.676944 -54.811759 113.830741 26.141389 -7.766296 -126.417778 108.749630 16.499722 -8.525833 -37.333519 156.642963 18.796019 3.429167 96.536296 238.296481 30.192593 12.653704 8.227222 88.805463 26.504167 6.418519 1.466574 50.309630 25.370185 -0.412500 1.534630 18.912222 19.147222 1.477963 -15.858981 -15.057222 -1.460370 5.383056 11.184537 -22.875648 -6.407963 -1.356296 24.951296 -83.177963 -5.523889 -3.537593 -12.800463 -169.766481 -16.985463 -8.409630 -6.563056 -136.768611 2.316204 -2.541574 9.726667 -118.651574 1.992222 -0.711574 10.196019 -97.898611 5.141204 0.686204 7.508333 -35.268981 -3.160278 9.614630 -0.655278 -18.717500 -5.874722 6.998426 13.067963 -57.154907 -10.141296 4.604352 -2.325741 -94.588611 -8.734630 0.181944 7.536852 -51.005000 0.142870 -1.031019 17.137037 -22.582130 5.291667 3.688241 23.430000 -37.592130 -0.655278 2.970926 16.190833 -39.861019 0.916944 -3.287130 -30.514630 -0.614352 -0.766852 7.406204 -4.016852 7.019167 -0.630093 7.846481 13.106852 7.190000 0.080556 3.844074 13.146944 0.432685 2.652685 1.988611 -5.632778 -2.745185 -5.466759 -0.563241 -5.516574 -32.511852 -20.486019 -0.376481 6.164074 -28.476481 -1.871852 -7.007593 -22.389907 -11.375463 5.184907 -9.983611 2.017870 2.761019 1.595926 3.322593 27.858519 7.873148 1.570741 2.343704 4.724074 0.782963 0.316389 3.379167 -1.505000 4.100648 1.091204 4.187778 -10.452778 -9.932778 0.230556 -8.215926 -5.784259 -19.854537 6.712500 -3.095185 -26.737593 -5.378519 14.984167 -0.229167 0.707037 -1.831944 10.418056 -1.197778 18.341667 5.997685 4.347593 -0.690278 0.132037 0.941852 0.161574 0.826204 -2.215741 5.195278 -1.585093 2.374259 -3.405000 3.550463 -1.033056 -0.170000 -3.460463 -5.882037 -0.835278 -1.778519 -5.355185 5.718056 10.270278 0.180926 5.533704 1.746667 16.329444 0.135370 1.001296 0.807222 1.975093 -0.651389 
-0.136481 -5.176667 -0.603796 -0.002500 0.879815 -4.235556 -0.813704 0.000000 37.857778 15.366481 -0.676944 11.805278 46.143426 26.229259 -2.934167 32.236296 -62.558889 -19.597407 -4.742500 -0.796944 -35.448704 -26.539630 -0.872130 -6.748611 -14.098519 -40.508704 -2.775926 -1.125926 0.503889 8.139537 -2.856944 0.670370 -0.366019 2.465926 -4.302407 0.476389 5.779815 -2.241111 -4.375000 0.609815 23.023981 -19.282778 -4.194074 7.374167 -13.997315 6.512870 -6.377593 5.482963 -17.559074 15.356852 -1.521667 -2.903519 -2.880093 9.509815 -3.118426 0.300741 -0.941944 9.263611 -4.457870 2.024352 -1.636667 14.694352 -7.295556 0.892130 -0.555463 10.595833 -8.238426 0.146574 12.158333 -10.244907 -5.955833 2.575370 -5.413056 1.744722 -2.210278 1.811019 -17.209074 30.545463 0.261296 -0.163796 -2.347593 38.564722 2.875741 -0.712500 0.025370 -5.437222 -1.772315 0.278241 2.790741 9.113796 -4.658333 0.054537 -2.310000 23.500463 -9.174167 2.097963 3.530833 7.054907 -7.051944 5.659907 2.519074 -1.755093 -0.265370 2.895463 -11.304259 1.176944 -0.906019 1.602407 -6.347963 -2.224444 0.013889 -0.469630 2.676944 4.165648 -0.641019 -0.570278 5.512778 7.894074 -0.821574 -1.162870 4.438241 19.132963 -0.320093 1.218704 -3.804074 17.457593 -1.535926 1.692037 -5.142870 8.100463 0.255648 6.635278 -4.341759 9.150648 -0.515926 6.214074 -3.281852 5.237963 -0.445185 2.077407 0.587037 1.202593 -0.103611 -0.604167 0.001667 1.401019 -0.632870 0.385556 -1.163889 3.196111 1.475000 0.878148 -1.810185 2.365093 -1.620833 -2.361481 -0.486852 5.666296 -1.972500 0.576389 11.806296 6.551389 0.356944 4.106667 12.258333 8.743981 0.072407 3.226389 1.297963 4.062593 0.230093 -0.255648 0.132407 5.955278 1.428981 -0.686481 -2.959444 -5.336574 -5.879722 -0.765556 -12.243426 -7.397963 -21.053056 -0.400370 -4.574815 13.062500 -10.619722 -0.044259 22.614074 8.506667 1.877222 1.641296 17.985370 13.649444 5.796574 3.198611 
-12.278210 -161.236667 -27.762068 -4.849907 -0.640679 -208.965556 -39.129877 0.000000 526.556296 -230.761790 -54.811759 46.143426 2621.616636 63.548025 -75.853056 369.588642 -376.425185 -502.910864 -173.920648 62.283426 -1445.898951 -860.495309 -61.547809 -253.643056 -675.296420 -1084.235617 -97.878395 -67.045062 11.012407 81.587562 -86.445833 19.135802 -8.853179 50.593580 -131.888457 7.770833 136.740802 -51.102593 -109.578704 16.321173 877.213858 -809.360926 -69.661605 164.190463 -104.142006 79.606451 -128.314136 121.589383 -709.153642 1063.173272 25.209444 -95.185123 -136.886265 556.987840 -0.413858 15.774938 40.061019 378.651759 -154.489969 17.181883 -42.380741 419.994105 -183.683704 9.691512 -6.792253 334.056944 -229.763117 2.028179 638.771296 -501.247994 -128.610278 71.548580 42.303981 -301.176759 -45.713611 5.401512 -862.872160 623.264846 -24.362284 -33.346883 -288.352284 750.465093 1.988827 0.811574 -21.484753 -200.303148 -63.261451 -13.231636 -37.467284 111.365401 -42.300926 -4.705586 -177.755185 487.007253 -170.660833 -6.768580 274.722315 0.419846 -104.094167 16.236327 191.423642 -373.039043 -94.291543 95.870401 -536.197099 -44.064167 -77.699846 55.036605 -377.849938 -100.484074 -7.523148 -29.668272 20.193241 21.274043 15.079228 16.997870 117.426481 132.874568 34.487562 24.423179 2.321698 476.556049 65.602253 -61.779568 121.394321 280.007469 40.170123 -34.144012 66.216883 -5.824228 -110.712623 169.471944 -34.601265 48.291265 -75.115802 120.388642 -296.809383 -46.660802 -15.010123 5.470864 1.569136 9.350247 -0.853981 6.053241 6.815370 72.975957 -18.490895 39.472963 -49.217593 294.572778 33.704630 -79.043086 36.475617 184.075710 -11.930093 -77.677284 242.951914 -30.469877 -140.147315 28.233796 318.119383 -72.431944 -74.157870 28.748519 -56.234259 -22.864660 -20.427099 9.311574 7.492531 32.075802 1.154784 6.401512 -38.903395 -29.660278 -30.486327 -13.357840 -96.542037 -219.874846 -210.029352 -40.568148 -37.005525 28.313025 -298.961204 -41.071728 401.242346 360.960648 -2.992685 -16.890062 334.814568 45.809630 44.194259 -2.974506 -30.077716 -94.118704 -18.564414 -0.962500 
29.750123 418.381111 49.677654 14.505926 6.213210 461.682222 67.460123 0.000000 166.341852 791.373210 113.830741 26.229259 63.548025 1088.362469 113.932222 72.339753 -919.472963 700.676914 65.678519 -41.227407 -451.788395 839.716914 111.073580 -26.638889 478.462469 1369.781605 189.949383 57.566049 109.688519 855.065062 111.022222 36.224691 4.724321 493.839136 117.999877 2.138889 21.411358 262.545185 53.907407 9.032840 35.331358 -123.338148 -72.431605 50.928519 4.233827 -158.220494 -81.771358 13.387160 32.950247 -302.493951 -25.028889 -35.336790 -93.543210 -907.144938 -96.759136 -40.776173 -25.044815 -841.698519 -69.202469 -29.331728 57.060370 -633.071728 -48.457037 2.267901 34.001358 -492.888889 -37.250617 2.331235 96.490741 -307.216049 -92.024444 67.825802 31.354815 -184.301481 -63.765556 39.824568 4.309506 -256.522099 -71.463951 28.521728 -56.446173 -529.900741 -58.231728 1.579630 106.375802 -380.357037 8.206049 -11.663580 165.243827 -5.736543 64.101852 25.853580 58.968148 32.319753 -61.898889 18.983086 76.055926 -196.346543 -45.404444 -22.230617 -165.042469 -76.504321 -19.097654 33.439012 -66.492099 52.543333 -13.717901 44.898272 48.681728 29.791481 -1.431481 18.597284 170.778519 89.666543 27.870617 39.769259 54.311481 155.500123 -21.284938 33.061235 -136.850247 73.287160 -119.694691 -25.447901 -23.569012 -75.944198 -14.595432 -63.672346 -179.147284 -79.345062 13.492099 -63.795556 14.769012 34.546543 -3.472469 16.878642 152.482840 46.314198 6.313210 11.240864 51.030247 38.865802 1.934074 28.951852 0.472593 154.933457 7.788272 29.758519 -102.281481 80.224444 18.324074 -104.118642 -37.716049 -103.143457 48.285185 -70.312840 -155.816420 -19.827654 50.244074 -11.059259 48.112716 19.450000 43.712963 -3.300370 117.457407 52.972840 22.426790 0.451852 14.499753 34.534691 3.211728 3.063457 19.660494 147.203333 20.236173 15.664938 -25.523704 110.654321 27.788148 -23.217037 -57.848025 -80.794198 -101.783704 -39.490617 -32.334321 108.170370 -73.265185 -6.397284 132.387901 50.888519 62.088148 4.181605 34.642840 11.364074 9.999753 -0.988889 
5.057222 62.042222 8.538611 2.214722 0.922778 71.971111 11.053333 0.000000 -8.310000 105.182778 26.141389 -2.934167 -75.853056 113.932222 46.969722 -17.224444 -129.898889 126.852222 34.989167 -9.385278 -52.301667 210.453333 25.050278 4.137500 111.082222 340.590556 40.955556 16.488889 7.861667 64.435278 36.751389 7.588889 1.824167 51.581111 38.442778 -0.815278 -1.455000 28.221111 37.497222 1.001667 -27.594722 -5.437222 14.367778 1.650278 10.669167 -34.561389 -0.177222 -6.045556 34.878333 -101.562778 -2.965000 -5.610556 -12.212500 -224.770556 -13.694167 -11.264444 -9.036944 -135.753611 17.565278 -1.599167 9.851111 -133.722500 11.085556 -1.384722 9.655833 -121.334722 6.823611 0.223056 3.647222 -49.912500 0.165833 5.465000 14.377500 -32.910278 -3.336389 -0.222500 21.856111 -90.580278 -11.882778 4.553056 -2.776111 -150.078056 -11.789444 0.018056 9.170556 -56.917222 0.933056 -1.781944 11.433333 -25.086389 4.263889 3.358056 28.103333 -46.015278 -3.950278 4.216111 24.459167 -38.279722 8.149722 -8.614722 -34.087222 0.118056 1.553889 -0.258056 -7.090556 7.119722 -0.956944 7.512778 19.911667 13.632222 -0.158333 6.507778 20.858611 0.380278 3.693611 2.639167 -15.072778 -2.773333 -7.414722 -5.649722 -20.318611 -36.212222 -24.254722 -8.027222 12.365556 -25.566111 1.775556 -7.923889 -31.561944 -10.570833 7.983611 -16.527500 -0.997500 2.757500 2.607778 1.197778 40.893333 12.191667 1.870000 3.754444 9.022222 1.496667 0.644722 4.981944 -5.039444 7.347500 1.545833 5.501111 -24.413889 -17.967222 1.136111 -22.098889 -8.058333 -38.943611 8.931944 -9.301111 -35.932778 -12.367778 21.204722 -1.398611 -11.558889 -2.434722 15.304167 -3.202222 22.252778 10.620833 6.372778 -1.231944 2.182778 3.971111 0.795833 2.144167 0.580556 20.643611 -0.007500 3.973889 -4.406111 20.551389 9.560833 -2.630000 -3.908056 -0.288333 24.257500 -5.201111 -33.591111 -5.329167 22.646389 -1.432778 -16.157778 -3.174444 16.676111 -0.326111 0.250556 1.920556 2.961944 -0.931944 
-1.725679 -34.682222 -2.990988 -0.249259 1.185679 -37.207778 -4.366790 0.000000 121.905926 5.166790 -7.766296 32.236296 369.588642 72.339753 -17.224444 194.031358 -256.701481 -126.098025 -35.170741 78.761852 -299.119383 -173.845802 -11.649136 -53.244444 -109.010247 -254.351605 -30.543827 -2.160494 -4.984074 -81.643951 -20.627778 0.008642 -2.480988 -60.251358 -19.802099 0.638889 16.776420 -55.442963 -17.074074 1.530494 131.038642 -118.042963 -7.915062 36.184815 -13.502716 15.179383 -29.935309 47.398395 -121.201358 127.341728 -5.835556 -14.442099 -34.012346 76.891605 -18.710864 4.277284 16.232593 82.386296 -17.941975 10.427284 -9.918148 92.302840 -20.297407 1.582099 -7.493580 67.111111 -34.504938 -1.107901 54.475926 -35.717284 -26.537778 4.449753 16.142963 -8.786296 -9.308889 18.128765 -98.993951 150.452099 3.362840 -0.586173 -41.784938 203.026296 10.055062 -1.379630 5.071975 22.947037 -5.874938 1.196914 -15.504938 34.534321 -19.690741 -2.483580 -31.797037 87.208025 -32.392222 9.806914 -2.260370 50.803210 -30.897778 24.607284 47.494691 -25.151235 -5.221235 13.663210 -34.110123 -11.574444 -9.859877 6.603951 -62.066173 -20.400370 -1.179630 -5.890617 -3.165185 17.653457 -3.688395 -4.155926 7.411852 26.902099 5.944938 -11.242346 33.295802 92.453951 30.273580 -1.653210 -20.478765 96.698642 6.933210 13.192346 6.157284 29.256173 -8.317654 34.920000 -10.593457 20.507901 -8.804198 21.936914 -41.147284 9.596914 -4.192099 6.011358 -3.085802 3.696420 -0.548519 -3.924074 -1.838148 -6.353457 -1.482716 -3.527407 1.164815 14.287778 10.153704 7.260864 -2.283951 53.894568 -3.257407 -10.768272 26.170864 37.935432 -15.322963 8.298148 65.282840 11.083333 -13.218519 18.243704 30.442593 18.754938 -4.900123 10.375926 1.951358 5.645309 0.499383 0.734321 -7.221605 -11.171111 -2.196173 -1.918272 -22.625185 -71.220988 -44.351481 -0.406296 -61.238642 -27.834691 -95.234074 0.403951 37.777654 89.168519 -32.413704 2.673951 131.038765 49.265926 14.865185 9.270617 59.528272 40.794815 13.873580 9.161111 
-19.385926 -290.936667 -36.952963 -13.835556 -7.571852 -347.460000 -63.223704 0.000000 -509.590000 -658.365185 -126.417778 -62.558889 -376.425185 -919.472963 -129.898889 -256.701481 2255.348889 -525.931852 -66.571111 -15.968889 581.145185 -898.744074 -165.778519 10.750000 -640.689630 -1283.913704 -221.042593 -106.225926 -73.708889 -477.110741 -114.972222 -67.651852 -0.649630 -269.321852 -135.669630 -1.727778 -117.571852 -41.965556 -127.472222 -20.356296 -170.786296 456.817778 -2.697407 -117.926667 404.122963 -10.630741 87.065185 11.141852 44.867037 607.845185 48.912222 66.383704 -4.409259 1312.021481 160.119630 28.005185 37.530000 762.624444 30.135185 -15.483704 -35.340000 609.950741 55.614444 -2.525926 -69.189630 629.661111 56.746296 -4.872593 -262.433333 564.403704 59.118889 -55.164074 369.871111 149.281111 100.998889 -31.777037 128.033704 143.330741 88.026296 -36.295185 -155.402593 433.554444 38.477407 -3.994444 -22.208519 306.575556 21.878519 6.790741 -78.809259 29.250741 91.677778 -25.458519 -163.492222 28.585185 150.665556 -37.294815 -203.435556 188.682963 18.848889 17.565185 492.930741 -78.070370 29.211852 -63.558148 202.534074 -165.271111 4.120370 -96.435926 -245.066296 -131.932222 -6.055556 -57.031852 -38.826667 -61.125185 -2.977407 -6.465556 169.681111 -89.058148 95.972593 29.725185 -69.578148 -56.652593 120.310741 -18.638519 -86.195185 -137.627407 -2.257037 12.524815 379.120741 -120.175926 -6.395185 -8.793333 75.139630 -135.655185 -9.739259 -75.768148 -430.200741 -163.498148 -20.194074 -57.535926 3.542593 -16.720741 1.162222 -0.672222 134.231111 3.019630 12.107407 74.776667 142.788889 193.436667 -27.300000 134.958148 94.064815 100.762593 -8.261111 40.375185 264.033704 -186.647037 -46.608889 2.366667 -98.022593 -138.300000 -89.338889 -24.553333 -441.500000 -180.335185 -59.307037 -24.922222 -2.483704 3.593704 -0.868519 -2.243704 28.440741 15.274444 26.440370 -6.419259 62.608889 70.537037 82.498889 31.996667 192.541852 57.394815 143.568889 46.597407 285.531852 -374.961111 -12.292222 20.987407 -206.262593 -386.020000 -193.173333 -10.847037 -302.849630 -288.267778 -106.305926 -13.338889 
20.336790 339.326667 42.979877 12.204815 1.536543 383.657778 64.750123 0.000000 -93.572593 550.022099 108.749630 -19.597407 -502.910864 700.676914 126.852222 -126.098025 -525.931852 938.442469 97.715185 -52.595185 -13.691728 1087.790247 124.626914 44.888889 565.649136 1507.196049 205.977160 62.321605 64.645185 602.255062 131.250000 31.685802 5.964321 350.229136 144.907654 -1.938889 -25.265309 196.998519 96.629630 2.725062 -180.683086 39.592963 -15.640494 -1.257037 49.219383 -242.040494 -34.748025 -42.081728 204.118025 -519.097284 -35.270000 -7.869012 -62.954321 -949.936049 -78.761358 -53.416173 -31.638148 -744.414074 3.141975 -15.493951 45.095926 -644.408395 12.358519 -3.470988 34.804691 -544.922222 26.966049 -1.342099 -14.303704 -205.577160 -20.823333 14.544691 -19.115185 -137.519259 -55.685556 17.632346 170.243951 -441.174321 -67.901728 29.819506 0.068272 -669.976296 -52.838395 3.996296 55.155802 -245.669259 16.113827 -7.752469 85.154938 -79.667654 43.457407 13.722469 98.997037 -145.352469 14.292222 -1.429136 34.460370 -165.953210 31.520000 -65.201728 -272.639136 28.545679 -6.367654 -0.002099 31.871235 66.335556 0.915432 42.084938 151.866173 75.350370 -0.753704 30.696173 94.181852 30.840988 17.610617 22.733704 -5.534074 39.803457 -18.967160 6.581235 -65.995802 -123.726173 -109.395802 -45.763457 28.967654 -183.109753 -14.149877 -71.109012 -186.646173 -67.778395 26.339877 -94.964444 9.715679 27.869877 12.009753 0.346420 270.525062 69.547531 11.603210 14.710864 33.958025 17.648025 0.798519 20.412963 -1.039630 90.575679 7.254938 17.010741 -58.903704 15.095556 0.579630 -76.849753 -39.627160 -98.227901 24.168519 -41.531728 -217.593086 -12.235432 57.534074 -19.809259 -21.527284 12.900000 42.907407 -8.793704 196.674074 68.395062 29.116790 1.562963 5.404198 14.721358 1.761728 4.282346 14.566049 117.743333 10.562840 22.779383 -18.952593 102.270988 21.679259 -16.082593 -27.266914 -51.137531 -86.621481 -30.015062 -92.760988 108.031481 -73.502963 -6.507284 50.189012 114.417407 79.734815 2.351605 100.421728 91.166296 31.259753 -1.261111 
4.266481 45.514444 5.398796 1.945278 0.041296 49.971111 7.673704 0.000000 -22.137778 68.956852 16.499722 -4.742500 -173.920648 65.678519 34.989167 -35.170741 -66.571111 97.715185 62.025278 -21.465833 35.652037 177.444074 36.132685 11.912500 114.217407 281.999815 44.720370 9.403704 -1.127222 -5.615648 26.270833 0.096296 1.312130 10.099630 30.900185 -1.006944 -1.564259 10.921111 30.075000 0.042407 -39.712315 10.968333 16.114074 -5.996944 27.214537 -24.295648 23.343148 -12.764074 41.674630 -105.014630 6.707222 -4.730926 -13.033796 -196.724259 -5.709907 -10.227407 -16.773056 -98.239722 28.432870 1.785093 5.951111 -92.410463 15.730000 -2.083796 2.593796 -89.998611 13.813426 -0.703796 -5.497222 -33.302315 8.629722 -1.172037 33.041389 -24.874167 7.999722 -4.227130 16.257963 -79.273796 -4.106852 0.363241 -3.350185 -128.353056 -5.430185 -2.162500 -0.827593 -23.911667 5.706204 3.396759 -1.496296 -12.718796 3.158333 0.996019 25.886667 -39.931019 5.835833 2.186481 10.923056 -38.595463 17.169167 -3.841574 -2.983519 -6.397685 5.813148 0.442870 -7.197963 -4.021944 2.708796 0.494259 6.119074 6.415556 -0.625000 2.442963 6.800278 -0.203981 3.103796 2.914167 -16.089444 -5.369630 -3.215648 -3.848796 -8.012130 -43.597407 -10.570463 -5.908704 15.367407 -40.447593 0.673704 -0.949815 10.027870 -18.014352 6.921574 -13.674722 4.408981 -5.882315 2.922593 -3.087407 7.200741 -0.971296 -0.605926 -1.664074 3.874074 0.331852 0.686389 2.901389 -1.678333 0.709537 2.452315 1.884444 -10.191667 -22.567222 0.013889 -10.785926 0.510185 -31.711204 3.012500 -6.286296 6.335741 -22.930741 13.996389 -0.851389 -19.732963 -9.459722 11.834722 -5.202222 -14.397222 0.325463 1.570926 -2.062500 0.436481 -4.788148 0.222685 0.139537 2.678704 -8.886944 -4.447315 2.788704 0.510556 -15.843981 1.008056 -0.763333 24.359537 -29.425370 34.804722 -2.130741 -3.354074 -54.431944 23.104722 -1.262407 -33.042963 -32.224444 -2.390556 -0.972407 -13.764259 -8.418333 -2.070463 -0.879167 
-1.620926 -26.495556 -2.152685 -1.583611 -1.000185 -30.397778 -4.393704 0.000000 -44.763333 -50.025741 -8.525833 -0.796944 62.283426 -41.227407 -9.385278 78.761852 -15.968889 -52.595185 -21.465833 182.827500 -160.525370 -82.397407 -7.889907 31.312500 -110.888519 -117.293148 -26.342593 13.990741 -3.865000 -95.279352 -9.523611 1.564815 -0.818241 -67.291852 0.065370 0.931944 -14.433519 -35.231111 -6.741667 -1.791296 -18.697130 3.605000 4.229259 -5.138056 16.276019 -74.119352 -8.063148 18.342963 -21.572407 27.935741 10.093889 11.022037 -30.541204 98.169815 -1.547315 14.064074 36.616944 68.216944 4.869907 14.471019 0.670000 33.906574 18.184444 1.819907 -8.406574 38.390278 4.467130 -1.040093 -38.319444 51.905093 -0.569167 -11.367963 26.888056 -21.358611 -3.014722 8.406574 44.210926 10.261019 9.409074 5.801759 -41.448704 58.349167 5.211296 -0.695833 14.309815 55.031667 0.906574 4.972685 -10.281481 4.664907 11.986111 -2.944352 -20.067778 -2.149537 33.110278 -1.483148 -27.005833 41.612685 -6.956389 19.718796 0.406852 -35.077315 1.852407 -4.172315 69.524630 -25.796389 -4.300463 -2.365370 -21.883519 -14.214444 -0.852778 -4.517407 -6.424167 -2.866574 -4.915463 -5.860278 27.365000 -11.684815 21.348426 5.147130 41.229352 -19.973704 40.926574 -10.739074 -8.577407 -32.472407 8.795185 -12.173519 -7.889537 -41.138426 -5.612130 -2.049167 5.253796 -12.790463 -5.297037 -2.932593 -6.344074 -6.056481 -1.414074 0.609630 -2.946296 -2.728519 -0.621389 -3.281944 20.987222 -20.705648 2.533796 15.164444 35.608333 31.553889 8.108333 38.368148 -5.554630 69.311759 13.418056 -8.351481 -23.922407 0.592963 4.619722 -0.551389 20.575185 -2.820833 -9.798611 10.198889 11.925000 9.510648 -3.057593 5.698611 -0.577593 -5.305185 -0.169907 0.301019 -0.589815 -19.485833 -4.518796 3.951296 -6.873889 -1.714352 -9.889722 12.376667 -61.627870 20.622037 -20.705278 15.642963 -21.121481 25.884722 -0.644167 11.364630 78.822963 36.876667 10.067222 8.745741 39.005370 18.217222 2.965463 4.326389 
