7564.949087 3040.288746 180.715743 230.540761 1551.986481 412.180951 41.774666 95.422151 49.231813 0.000102 -0.321192 0.000000 -13.558004 11.909907 -5.870421 -9.329150 -848.431487 -15.328181 0.115141 -263.883073 -992.900163 66.802061 -5.023110 -469.253444 266.728803 200.297674 -6.223549 -80.854454 3896.959953 -1035.192480 36.293695 38.160545 1115.735180 1.650342 11.088817 65.242832 71.168707 4.214264 -0.481788 6.937506 52.195949 9.696358 0.000000 14.084634 221.985971 107.689624 1.824457 -3.370370 -179.321906 69.063004 1.626620 -262.220488 176.900214 32.919294 1.468728 -133.917661 726.157994 -993.901388 -14.645801 -151.191256 721.158402 -3.713091 5.325936 50.586777 132.682583 8.066065 -0.160596 28.942302 14.388226 5.180900 0.000000 2.770738 129.148556 69.832874 0.749515 30.523212 -88.660443 97.096674 9.922457 1.877615 110.522192 -141.007142 0.386542 -72.470819 -262.567748 -467.968013 9.232629 -238.395572 396.761351 -12.203500 4.627487 -4.499184 227.533670 11.884706 -1.309968 41.657025 -9.923783 -0.016835 -5.505663 -0.996939 60.147740 13.724977 -3.854301 3.599786 50.741353 34.857157 4.657025 6.761402 153.479492 -134.412509 7.054280 -27.112999 -269.390470 -55.639680 0.817417 -131.611672 141.486022 67.282216 -5.017396 -135.020610 311.213703 35.912866 -0.830732 25.743751 -46.385573 -2.660953 -37.847567 2.882155 -2.756606 -1.458627 -18.053362 1.666922 75.590756 43.054178 21.791297 13.623763 224.542241 -173.239210 65.904142 -20.301245 -269.060657 72.252015 -0.856392 -58.999796 -18.693042 70.232782 -3.998572 -118.316294 211.860780 54.550046 -64.322008 1.211764 -29.832007 61.276962 -58.670238 14.618508 6.547444 20.808336 18.168554 -3.742169 109.014131 57.521018 44.736200 10.333282 402.431997 66.538312 93.467707 45.957351 -333.913631 72.882053 8.363177 -159.644934 -297.523926 -75.586675 -65.873839 -119.566626 -47.680339 308.387460 -77.576370 41.861800 266.350832 260.427150 85.682481 8.698296 199.824049 50.271248 58.258137 -2.214060 377.976584 202.614580 115.071574 -10.632640 782.270738 392.157229 107.765381 60.318233 
3040.288746 2361.548031 60.747985 178.903913 873.261682 356.305505 9.292598 66.111137 50.174064 1.422763 0.015866 0.000000 -9.656413 2.316447 -4.000102 -5.596011 -354.293950 -63.796934 2.870855 -101.352005 -382.581471 -88.294026 4.372972 -233.428604 468.725283 176.837772 -2.319151 -32.991736 1957.287751 -234.597924 -14.362106 108.851393 925.882818 68.926104 -2.371187 75.188527 92.727987 5.125497 0.023799 6.598077 9.628431 -1.003750 0.000000 2.149066 89.077160 18.955005 2.595883 -6.518519 -0.771758 -30.802444 4.590782 -144.873635 202.080732 -136.923197 1.041832 -131.890878 -13.972732 -610.035940 -36.704061 -40.355576 835.395087 33.024156 -1.448296 96.352847 158.713652 11.367820 0.007933 29.907331 1.098000 1.616850 0.000000 0.498546 62.633813 20.865243 0.500714 14.532114 60.144603 1.580553 8.278415 -1.278441 119.016605 -224.055530 2.117360 -93.041807 -788.714621 -358.910774 -15.698883 -171.650571 699.983139 17.877512 2.055479 77.988164 296.499158 13.997526 -0.124145 52.786272 0.952938 1.347643 -0.645164 -0.294383 35.771911 4.828742 -0.496480 3.462198 125.606443 20.606571 6.846878 12.982400 183.211509 -97.687812 23.829099 -8.038287 -761.131109 -185.987272 -2.855066 -204.638328 500.326421 46.690695 -2.778058 -34.196102 423.797776 27.066473 -0.138736 81.912585 6.504948 7.689879 -3.773416 5.413300 10.927865 -1.392843 -3.387869 -0.069355 143.936563 21.946740 13.056499 14.912509 260.036501 25.453398 58.379834 40.489261 -624.635624 -110.103714 -1.147970 -179.528211 189.738496 -5.935950 -9.846470 -111.817774 429.720717 18.741506 -29.818258 96.553158 62.887333 46.663351 -8.493674 25.892741 20.554484 10.008928 11.669600 -3.554204 130.759744 15.642205 20.196306 4.528517 251.241098 119.020228 55.056627 42.040123 -463.095781 -96.830170 -4.505969 -208.312596 -209.461152 -183.465437 -62.324278 -180.571804 281.935619 152.495460 -24.016376 149.264004 323.945771 216.639654 89.465131 64.081777 87.462912 21.554280 28.635802 -0.785022 214.594582 101.775457 50.088435 -3.349454 337.521273 250.960081 58.333792 33.160876 
180.715743 60.747985 30.590960 0.316906 71.697633 18.534843 7.138098 3.278033 1.225487 0.247832 0.067748 0.000000 1.920722 -0.108254 -0.203041 -0.303540 -30.444546 -1.600653 0.112591 -9.494796 -26.168248 11.817315 0.674166 -5.038567 -6.732017 9.610040 -0.666259 10.138200 118.715896 -34.464085 15.353688 -7.177992 41.126161 -0.946026 3.262881 0.405469 1.517243 0.315580 0.101622 0.031272 3.870166 0.932201 0.000000 0.813897 3.877666 3.292470 0.014386 -2.867003 -7.631721 -0.074941 -0.147740 -11.655545 6.817417 0.429650 -0.046322 -1.378482 44.676717 -42.450311 1.787675 -8.464851 17.900367 -4.339251 1.527140 -1.840220 1.464800 0.112540 0.033874 0.265228 2.394143 0.289715 0.000000 0.278390 7.161361 2.692837 -0.023161 0.932252 3.087440 2.098459 -0.145138 -4.183400 6.888277 -7.999745 1.951383 -6.736251 31.919447 -17.117845 1.354607 -7.702683 -3.567595 -6.346087 -0.182583 -4.790072 -1.634680 -0.863126 0.213091 -0.177686 3.307163 0.102694 0.093817 -0.034741 4.062545 1.176309 -0.277931 0.642179 14.145240 0.641465 -0.132231 -0.423477 1.428222 -2.590246 1.402102 -6.367718 36.406081 6.112131 0.146312 2.389450 -15.660035 -6.986991 -0.871493 -7.849913 -11.618202 -1.289817 -0.518672 -1.364044 -0.233344 -0.187073 -2.107897 0.572391 -0.175900 -0.029436 -1.161514 0.124630 11.668656 1.684573 0.317519 0.630140 6.814509 -11.561983 -0.737017 -4.097286 31.502347 8.725487 -0.146363 6.369401 -13.034231 -1.667585 -1.090960 -0.177737 -28.914039 1.283747 -1.955311 -6.746199 -3.091317 2.032497 -1.229670 0.422355 -1.505663 -0.062239 -0.950464 -0.067289 17.349964 5.396796 1.801449 0.628609 7.739261 14.530558 7.283440 0.653760 13.688654 12.981124 -0.534435 5.055862 -2.571115 20.921386 -2.318539 6.680951 -33.012499 7.459647 3.942302 -10.865014 -4.537241 -6.371136 4.095756 -1.510509 2.497806 -0.760229 0.024691 0.190185 21.264004 13.294970 4.813641 1.061014 -18.363024 22.080604 5.509642 1.219876 
230.540761 178.903913 0.316906 37.721278 58.496046 24.894067 -0.475181 12.172916 2.039588 0.132486 -0.032089 0.000000 7.158708 2.357872 -0.126008 0.755178 -2.674217 2.301678 0.036246 -2.801806 -41.808948 -9.869733 -0.510713 -19.634298 -5.846036 -3.326752 -0.131415 -12.035813 114.357642 -19.612514 -4.402816 22.752831 75.593460 6.521860 -0.375064 13.168835 9.871952 0.787267 -0.048133 1.559101 1.753418 0.864172 0.000000 0.980869 23.687149 7.960973 0.632767 7.452862 7.399092 0.007372 0.736430 -2.727528 -22.993496 -17.960948 0.097439 -16.239976 -40.198220 -38.754846 -1.439343 -2.090858 75.170110 6.322187 0.531094 13.760560 20.435568 1.221865 -0.016044 5.780915 0.020151 0.315197 0.000000 0.017524 9.258902 4.494720 0.079023 4.357846 21.902382 4.402153 1.115830 13.620345 -31.729645 -18.620013 -0.489108 -4.722503 -110.082134 -26.538721 0.485843 -13.329380 64.465131 7.682481 0.870141 13.554841 39.465488 3.196842 0.003546 8.767906 0.474977 -0.529461 0.010637 -0.048133 0.431334 -0.124885 -0.031527 0.435415 27.058387 4.529028 0.682048 7.051576 -6.266146 -4.786782 0.058565 9.442939 -112.374248 -22.230053 -0.142639 -16.804433 45.604403 5.003061 0.587823 4.126620 54.308591 3.412101 2.499617 13.406668 0.469952 -0.671666 0.447429 0.803872 -3.496429 -0.928247 -0.724773 -0.375855 24.634604 2.774564 0.322135 2.499031 20.119605 5.087466 2.604709 12.202352 -90.596546 -20.111927 -0.030329 -15.628966 -2.533109 -2.151286 -0.864886 -7.596980 52.424217 6.143710 1.001454 15.048924 19.472324 3.399704 1.635700 3.888098 -1.358433 -1.201612 -1.144960 -0.401107 12.738267 -1.856775 1.292062 0.461535 43.013417 4.137562 2.358433 8.936308 -68.961305 -26.593766 -0.644169 -19.156642 -50.805454 -43.875548 -6.352183 -27.985894 36.322569 1.655290 -2.441384 9.110193 55.158300 15.907178 3.537930 10.161718 4.691205 0.985512 1.327160 0.073666 15.228191 7.052520 5.686741 0.146363 65.969544 23.643990 4.228650 6.768263 
1551.986481 873.261682 71.697633 58.496046 841.607106 236.238318 39.843256 38.864427 51.476788 3.146057 0.623151 0.000000 -26.924549 2.491685 -0.225385 -3.622794 -274.178094 38.355652 13.708627 -76.447505 -263.076115 44.708423 4.299510 -112.049357 16.963575 27.617386 -3.762371 -7.092287 554.501097 -203.444725 42.673707 -7.702785 590.427967 19.911259 28.488164 18.152408 57.304969 2.935874 0.934726 2.469671 11.592465 3.808004 0.000000 3.171564 45.649551 44.014233 0.775406 -0.255892 9.545199 30.063641 0.102107 -44.097847 -40.118534 -60.058489 0.226099 -16.384910 -136.568845 -160.417177 25.391287 -46.068309 405.858815 25.622564 16.895750 21.155418 71.239363 4.543822 0.311575 11.349480 2.967299 1.950643 0.000000 0.515534 22.057290 22.272039 0.158504 5.131900 43.947327 33.684012 5.454112 11.838027 -23.066039 -86.155775 16.456356 -18.533389 -262.537088 -105.542088 19.506351 -91.687914 265.936920 16.273595 1.729951 5.153301 110.827441 0.837440 -0.823258 16.687557 -4.655877 -0.611953 -1.631390 -0.231941 4.611060 2.342516 -0.825222 -0.257729 66.819942 18.763289 4.419881 6.146312 -25.665442 16.061652 12.489950 5.308055 -209.392664 -14.812494 3.639425 -57.530584 143.422074 6.800429 -3.963244 -28.786246 123.842159 2.838435 -11.669498 19.557826 -43.523365 -0.113764 -17.147612 1.489057 -12.584685 -2.395291 -4.271401 -1.256071 55.750612 10.626722 5.059560 2.408989 -1.126033 -12.752755 18.330400 11.990333 -230.997271 25.638404 -0.879987 -33.036170 44.777217 10.611800 -7.937532 7.876288 76.508902 4.097796 -31.800352 43.334762 -38.492679 18.770942 -16.041271 10.286068 -8.543312 -2.920212 -3.469671 -1.549000 45.486404 5.347745 6.378431 1.929497 58.403326 61.318973 19.790787 20.799383 -258.004566 -43.230232 -2.770891 -76.912687 -143.129043 -72.943705 -35.239491 6.274079 106.423375 80.404704 -8.734925 106.775023 137.318896 43.778773 36.509973 26.524997 21.749260 -2.175900 2.305836 -0.456892 59.371442 26.503801 16.155622 -2.964391 -26.380931 63.479670 -1.566575 14.189190 
412.180951 356.305505 18.534843 24.894067 236.238318 127.739950 8.217503 15.227247 34.290583 2.051984 0.438680 0.000000 -10.823385 -1.437659 -0.787777 -1.065606 -92.195949 -22.208117 4.417024 -18.521732 -52.655902 -0.281731 1.642179 -30.632002 44.209060 42.732935 -1.519233 2.890725 152.156693 -30.265713 16.634833 -0.068564 204.738394 15.174906 8.295429 7.781170 35.468983 1.243189 0.658020 1.386772 0.856418 0.135063 0.000000 -0.027854 8.766274 2.560147 0.232400 -1.819865 6.110142 -0.556142 -0.136236 -16.631415 22.666743 -12.738420 -0.041832 -16.528313 -87.890904 -51.181232 6.693960 -13.472707 160.700872 6.203117 2.882640 11.293618 40.402510 2.344302 0.219340 6.501760 0.508060 0.181129 0.000000 0.127717 8.497500 3.927686 0.014437 0.826472 25.976610 5.641669 0.948857 -4.443781 17.836930 -34.464672 1.973549 -21.453143 -146.048005 -52.558923 -1.048592 -32.127206 120.526962 5.354811 0.186945 8.016886 64.884680 1.946919 -0.365753 10.163223 -3.387282 -0.605219 -0.819483 0.127717 1.541220 0.282369 -0.427762 0.441843 29.201638 6.989389 1.627870 -0.012703 31.131925 -16.024309 5.383022 -7.552622 -132.247679 -21.740001 -0.331803 -32.664703 82.653377 -0.665442 -1.585578 -9.061473 74.762830 0.499184 -4.709749 12.425798 -19.045353 -0.790889 -7.494261 1.031145 -6.569279 -1.248572 -1.713142 -0.314483 36.467478 2.906795 2.701076 1.264259 65.377640 -7.180670 9.534308 4.990537 -117.839124 -8.689215 -0.417687 -29.234415 27.281706 0.052112 -3.991914 -9.520610 54.097465 -1.079890 -11.712045 23.416539 -15.028747 6.892205 -8.258851 5.647664 -4.266605 -1.013978 -1.876671 -0.561958 37.992781 1.691128 3.273390 1.249260 69.385165 37.262601 7.913070 7.990180 -97.974926 -25.902153 -1.307163 -39.919728 -39.119656 -34.852745 -16.105015 -22.907994 41.614886 12.393429 -12.630089 48.468320 44.922916 23.764386 10.474263 18.180849 3.471431 -0.953270 0.293490 -0.184675 29.354913 20.098281 5.492373 -0.155596 31.731252 53.368202 6.802571 2.536093 
41.774666 9.292598 7.138098 -0.475181 39.843256 8.217503 5.127155 0.480895 2.545353 0.380828 0.096368 0.000000 -1.372207 -0.140241 0.137027 -0.259769 -7.836802 6.898505 1.189190 -2.848332 -9.124477 10.240715 0.270125 -2.263315 -12.348179 -0.395011 -0.157841 -0.841598 15.327849 -7.599607 4.217325 -2.738598 20.132895 0.256836 2.963218 -0.686282 1.323640 -0.027854 0.144552 -0.030175 0.966968 0.434726 0.000000 0.212886 -0.363917 2.883379 0.057316 -0.200337 0.137639 3.631288 0.024819 0.080145 -7.523493 0.726788 -0.009285 2.081114 4.480589 -6.040379 2.690032 -3.188756 8.084711 0.301321 1.677813 -1.110422 -0.105908 -0.092848 0.048184 -0.201944 0.365524 0.100321 0.000000 0.053642 -0.023824 1.028696 -0.004642 0.133430 1.536093 1.554688 0.148633 0.830068 -1.755663 -2.407994 1.309127 0.702301 6.150087 -0.385522 2.347031 -2.525074 -1.073487 0.672431 0.052265 -1.513978 -1.420034 -0.197301 -0.030175 -0.473140 -0.564050 -0.076599 -0.090526 -0.006964 -0.312876 0.176309 -0.055709 0.020967 4.758877 -0.377053 0.304637 0.041169 -3.001071 2.924064 0.297725 0.596087 7.230997 6.335195 0.429140 2.132716 -4.807341 -1.209213 -0.178732 -1.765738 -4.311805 -0.778033 -0.571702 -1.071957 -2.802367 -0.299867 -0.878099 -0.076599 -0.874554 -0.139705 -0.269258 -0.027727 4.161081 0.346189 0.525431 -0.070197 -4.299128 -1.705923 0.969212 -0.840552 1.238879 7.282726 -0.039460 4.024283 -3.113356 1.329890 -0.473957 4.961994 -7.640470 0.571625 -1.452785 -0.618253 -3.950745 0.503877 -1.349199 -0.213167 -0.955158 -0.237323 -0.429420 -0.037828 5.209392 1.145113 0.840169 0.034333 2.245995 4.940491 1.248087 -0.067621 -7.017575 -0.429650 -0.125344 0.174549 -2.016401 1.546806 -0.474263 7.276069 -0.046169 8.981532 1.730181 2.569330 3.718651 0.909167 1.283466 -0.130038 -0.847311 -0.352821 -0.357464 -0.018570 0.945822 1.829482 0.292598 -0.117437 -10.423630 0.823870 -0.131772 -0.329788 
95.422151 66.111137 3.278033 12.172916 38.864427 15.227247 0.480895 7.488649 2.248648 0.082594 -0.009744 0.000000 -1.118610 0.408224 -0.136415 -0.194470 -10.652025 -1.293669 -0.171896 -1.196204 -16.957402 -7.319993 -0.391797 -7.523646 -5.761096 -8.394245 -0.199980 -6.031221 26.001199 -13.474467 0.995715 3.408020 36.645954 1.893608 0.768952 4.954112 5.687226 0.527395 -0.014616 0.689190 1.262448 0.895852 0.000000 0.433119 8.284792 4.512856 0.155265 2.851852 3.139374 1.148021 0.087057 -0.025202 -14.117463 -5.086598 0.000714 -5.953015 -25.396720 -8.658122 0.842414 -2.187889 32.403352 1.695159 0.481660 4.069100 9.601775 0.688960 -0.004872 2.490282 0.410111 0.228880 0.000000 0.056091 2.993674 2.850551 0.010458 1.820350 6.879119 3.810479 0.291986 6.396133 -19.849021 -2.172967 -0.185007 2.361672 -38.928018 -7.422559 1.078589 -5.687659 22.225156 2.203908 0.311830 3.584991 15.546296 0.828308 -0.063335 3.502984 0.063590 -0.160774 -0.144552 -0.014616 -0.384247 0.159320 -0.081573 0.140190 6.420646 2.545710 0.225207 2.978574 -10.601316 2.753316 -0.181410 5.487170 -38.151413 -4.002474 0.064891 -4.610831 13.030635 0.762014 -0.077160 0.462555 17.914039 0.247883 -0.227196 5.374222 -1.237425 -0.288899 -1.213728 0.707912 -1.369401 -0.230512 -0.267167 -0.116748 5.209443 0.205693 0.059815 0.347669 -1.601699 1.551194 0.110371 4.642358 -33.808974 -5.751352 -0.082823 -4.349964 0.384400 -0.577824 -0.831063 -1.004846 14.270712 0.519743 -2.087159 6.263953 6.414626 2.288746 0.427405 2.230461 1.001990 -0.169779 -0.093230 -0.121799 0.747296 -1.003393 0.380982 -0.023620 -1.217835 1.619962 0.184879 2.836981 -29.826931 -11.907509 -0.263085 -7.824227 -18.610626 -16.617820 -3.216432 -7.405851 9.553668 1.515407 -2.263238 7.250689 20.818845 6.394322 2.764131 4.992909 3.948628 0.259463 0.956790 0.082237 1.688705 1.745052 1.838409 0.254566 -2.436333 -0.579303 -0.325528 1.152408 
49.231813 50.174064 1.225487 2.039588 51.476788 34.290583 2.545353 2.248648 20.168554 1.538006 0.376288 0.000000 -5.073768 -1.049485 -0.105703 -0.800326 -37.945924 -7.825630 1.680543 -6.192225 -0.091113 4.207122 0.500153 -9.811754 49.383226 28.002143 -0.256708 2.561983 3.039588 -3.115600 5.625957 -2.128864 35.397510 2.969493 4.602183 -0.161106 16.446995 0.197123 0.564432 0.132742 -0.743700 -0.147230 0.000000 -0.294460 -12.203143 -1.120294 -0.079278 -3.548822 -3.551372 -2.866952 -0.132129 -6.853892 31.506581 -2.401388 -0.015100 -0.687481 -21.548720 -3.082543 3.593001 -3.588817 23.795225 2.570758 1.656158 0.963269 11.040098 0.404551 0.188144 0.843281 -0.128354 -0.033976 0.000000 -0.011325 -4.036527 -0.577594 -0.007550 -1.840935 0.616366 -3.173350 -0.086828 -6.303234 26.001224 -12.438221 -0.252933 -6.695847 -21.842261 -11.936027 -0.486991 -6.688909 16.118355 1.426181 -0.079278 0.799000 15.077441 0.103357 -0.049077 1.638200 -0.755739 -0.124579 -0.147230 -0.011325 -1.593103 -0.271809 -0.090603 -0.294460 -0.260178 -1.067442 0.587695 -2.637894 29.911234 -14.957555 0.108254 -7.978370 -18.889603 -3.116519 -0.090603 -6.408530 8.878992 -1.561371 -0.290685 -4.061116 18.707785 -0.235180 -0.922253 1.842567 -3.297623 -0.457504 -1.339761 0.239057 -1.742475 -0.277829 -0.357106 -0.094378 9.369758 -0.369146 1.300990 -0.438731 25.916437 -4.300275 4.275380 -2.458627 -14.072033 2.592797 -0.064177 -4.469442 -0.160494 -0.220386 -0.902255 -2.769105 12.572187 -0.224059 -3.311601 3.849301 -3.157433 1.584838 -1.688807 1.242832 -1.352311 -0.387307 -0.496378 -0.094378 15.801755 0.657586 0.949291 0.352209 1.191511 15.844608 2.746250 0.800224 -12.542292 2.600041 -0.203857 -5.717784 -12.389756 3.968677 -3.325885 -3.004999 2.957657 16.760841 -3.611876 13.356290 12.586267 7.782675 2.562698 5.418325 -1.332313 -0.573819 -0.338945 -0.030201 5.785124 -0.445159 0.083155 -0.236506 -13.132537 6.178859 0.778696 -1.493623 
0.000102 1.422763 0.247832 0.132486 3.146057 2.051984 0.380828 0.082594 1.538006 0.340884 0.080298 0.000000 -0.342822 -0.070911 -0.007142 -0.054076 -2.192633 -0.664167 -0.050250 -0.630242 1.115192 0.761606 -0.053566 -1.002296 3.295072 2.573309 -0.017345 0.184573 -0.988726 0.327160 0.662687 -0.271197 2.160902 0.473778 0.703806 0.055454 1.474237 0.017141 0.120447 0.047189 -0.050250 -0.009948 0.000000 -0.019896 -0.669473 -0.119376 -0.005357 -0.346801 0.380982 -0.272064 -0.008928 -0.598918 1.732017 -0.401541 -0.001020 -0.038261 -1.384195 -0.687532 0.352107 -0.415570 1.383379 0.165646 0.265738 0.002296 0.703092 -0.010203 0.040149 0.068717 -0.008673 -0.002296 0.000000 -0.000765 -0.229058 -0.039027 -0.000510 -0.115651 0.607030 -0.361290 -0.005867 -0.208040 1.445210 -1.260841 -0.017090 -0.593154 -1.538619 -0.804714 -0.032905 -0.408683 1.122794 0.223855 -0.005357 -0.020406 0.860269 -0.021681 -0.003316 0.018825 -0.061983 -0.008418 -0.009948 -0.000765 -0.107642 -0.018365 -0.006122 -0.019896 1.299510 -0.146108 0.140037 -0.191613 1.714723 -1.227681 0.097541 -0.730589 -1.106928 -0.048413 -0.006122 -0.329405 0.677737 -0.257423 -0.019641 -0.424140 0.894807 -0.094378 -0.065044 0.032497 -0.310172 -0.041832 -0.098714 -0.008418 -0.150495 -0.024232 -0.029589 -0.006377 2.246250 -0.101928 0.237782 -0.053668 1.888430 -1.039945 0.648964 -0.388073 0.021477 0.234976 -0.004336 -0.247526 -0.295174 -0.264004 -0.060963 -0.244159 0.773441 0.309458 -0.177074 0.125089 -0.048311 0.485053 -0.132946 0.017090 -0.176002 -0.031629 -0.047189 -0.006377 2.687124 0.126059 0.196000 0.006326 1.785940 1.769462 0.802265 -0.100449 -0.411744 0.554739 -0.013774 -0.063514 -1.533160 1.055760 -0.224722 0.044434 -0.829915 3.742781 0.348638 0.146924 2.264565 1.422253 1.054127 0.037547 -0.171921 -0.038772 -0.039282 -0.002041 0.661157 -0.000867 0.170238 -0.007244 -1.409856 0.266248 0.284665 -0.092184 
-0.321192 0.015866 0.067748 -0.032089 0.623151 0.438680 0.096368 -0.009744 0.376288 0.080298 0.020100 0.000000 -0.068564 -0.014182 -0.001428 -0.010815 -0.630446 -0.157076 -0.010050 -0.160392 0.172533 0.176564 -0.010713 -0.263085 0.911540 0.668197 -0.003469 0.075298 -0.254311 0.134119 0.172942 -0.070401 0.420059 0.106877 0.177125 -0.017192 0.323130 -0.000612 0.030150 -0.000663 -0.010050 -0.001990 0.000000 -0.003979 -0.172278 -0.023875 -0.001071 -0.087542 0.074176 -0.062494 -0.001786 -0.170289 0.463575 -0.116672 -0.000204 -0.007652 -0.153607 -0.149628 0.092644 -0.099276 0.238292 0.035149 0.067289 -0.029844 0.071931 -0.002041 0.010050 -0.004438 -0.001735 -0.000459 0.000000 -0.000153 -0.055913 -0.007805 -0.000102 -0.025150 0.145648 -0.084379 -0.001173 -0.069891 0.383991 -0.312774 -0.003418 -0.161055 -0.146108 -0.164983 -0.006581 -0.077696 0.137690 0.052852 -0.001071 -0.014182 0.079125 -0.004336 -0.000663 -0.012397 -0.012397 -0.001684 -0.001990 -0.000153 -0.021528 -0.003673 -0.001224 -0.003979 0.298286 -0.053464 0.028007 -0.044383 0.375268 -0.275839 0.011427 -0.172380 -0.108254 0.036782 -0.001224 -0.047699 0.064840 -0.057545 -0.003928 -0.088868 0.108254 -0.018876 -0.013009 -0.011682 -0.062034 -0.008366 -0.019743 -0.001684 -0.030099 -0.004846 -0.005918 -0.001275 0.435109 -0.038567 0.053617 -0.012754 0.399908 -0.238292 0.135853 -0.079635 0.141669 0.093460 -0.000867 -0.031323 -0.075196 -0.073003 -0.012193 -0.044791 0.110244 0.057851 -0.031374 -0.003265 -0.011682 0.105091 -0.022549 -0.006683 -0.035200 -0.006326 -0.009438 -0.001275 0.616213 0.021171 0.051321 -0.004795 0.415774 0.353892 0.176615 -0.034231 0.002500 0.185695 -0.002755 0.017600 -0.274309 0.352566 -0.044944 0.045250 -0.295276 0.916233 0.114172 -0.021120 0.422610 0.308693 0.279512 -0.026834 -0.034384 -0.007754 -0.007856 -0.000408 0.182736 0.007907 0.046169 -0.003469 -0.227426 0.077492 0.077135 -0.020457 
0.000000 0.000000 0.000000 0.000000 0.000000 0.000000 0.000000 0.000000 0.000000 0.000000 0.000000 0.000000 0.000000 0.000000 0.000000 0.000000 0.000000 0.000000 0.000000 0.000000 0.000000 0.000000 0.000000 0.000000 0.000000 0.000000 0.000000 0.000000 0.000000 0.000000 0.000000 0.000000 0.000000 0.000000 0.000000 0.000000 0.000000 0.000000 0.000000 0.000000 0.000000 0.000000 0.000000 0.000000 0.000000 0.000000 0.000000 0.000000 0.000000 0.000000 0.000000 0.000000 0.000000 0.000000 0.000000 0.000000 0.000000 0.000000 0.000000 0.000000 0.000000 0.000000 0.000000 0.000000 0.000000 0.000000 0.000000 0.000000 0.000000 0.000000 0.000000 0.000000 0.000000 0.000000 0.000000 0.000000 0.000000 0.000000 0.000000 0.000000 0.000000 0.000000 0.000000 0.000000 0.000000 0.000000 0.000000 0.000000 0.000000 0.000000 0.000000 0.000000 0.000000 0.000000 0.000000 0.000000 0.000000 0.000000 0.000000 0.000000 0.000000 0.000000 0.000000 0.000000 0.000000 0.000000 0.000000 0.000000 0.000000 0.000000 0.000000 0.000000 0.000000 0.000000 0.000000 0.000000 0.000000 0.000000 0.000000 0.000000 0.000000 0.000000 0.000000 0.000000 0.000000 0.000000 0.000000 0.000000 0.000000 0.000000 0.000000 0.000000 0.000000 0.000000 0.000000 0.000000 0.000000 0.000000 0.000000 0.000000 0.000000 0.000000 0.000000 0.000000 0.000000 0.000000 0.000000 0.000000 0.000000 0.000000 0.000000 0.000000 0.000000 0.000000 0.000000 0.000000 0.000000 0.000000 0.000000 0.000000 0.000000 0.000000 0.000000 0.000000 0.000000 0.000000 0.000000 0.000000 0.000000 0.000000 0.000000 0.000000 0.000000 0.000000 0.000000 0.000000 0.000000 0.000000 0.000000 0.000000 0.000000 0.000000 0.000000 0.000000 0.000000 0.000000 0.000000 0.000000 0.000000 0.000000 0.000000 0.000000 0.000000 0.000000 0.000000 0.000000 
-13.558004 -9.656413 1.920722 7.158708 -26.924549 -10.823385 -1.372207 -1.118610 -5.073768 -0.342822 -0.068564 0.000000 317.975207 65.494796 7.939088 49.585706 482.749464 189.222834 9.377717 154.181359 -369.380777 -98.081573 -4.971993 -74.157025 -403.197888 -183.410927 -2.331191 -120.379247 107.860728 41.117845 1.630854 18.377410 -30.861647 2.583869 -0.143863 7.552954 -6.371595 -0.249770 -0.102847 -0.445669 48.615090 6.627640 0.000000 20.689624 269.102694 49.895317 1.249770 138.944444 68.326140 54.221457 1.158708 66.530609 -470.492654 -123.433731 -0.137129 -127.672635 66.705540 -13.388124 -1.450566 14.812060 -9.857668 -4.970462 0.147536 8.353994 -6.091368 -0.785430 -0.034282 -0.341139 5.450566 0.842975 0.000000 0.876951 158.391338 15.567952 0.103153 67.523110 206.491889 58.645699 -0.576370 114.189930 -452.629477 1.704622 -2.034282 -37.941077 -25.209519 9.611111 2.284665 19.091215 -1.881390 -13.700796 0.209366 11.913988 4.257576 -2.050352 -0.445669 1.871442 -8.330579 -0.505051 -1.023875 -0.102847 63.795531 11.188246 -0.509642 16.831038 225.114784 60.622743 -0.290174 77.553260 -222.047291 52.797674 -10.593511 66.842210 -20.054943 -24.535047 -0.661157 3.102694 13.658555 -15.483471 -1.043771 9.280380 -0.172329 -5.517753 -4.221763 3.745332 -23.651821 0.731252 -7.661157 -0.297980 26.707836 16.738139 -1.390878 3.870217 156.494031 58.133150 2.576064 33.419345 167.889807 40.398072 -11.080196 77.803642 16.035047 -29.477808 -0.542394 -8.549281 16.452862 -16.966942 0.099480 -0.963422 3.023263 -5.634068 -7.401745 1.007958 -6.194062 1.823385 -13.137588 -1.677839 9.961433 13.259106 -3.988675 7.087389 94.700949 60.211968 2.649526 16.974441 310.703092 86.820784 0.407254 50.279461 70.614172 -29.212733 2.194215 -0.101928 59.810989 -67.156413 8.943832 -32.197735 -33.607285 -64.811601 -5.286501 -44.490817 -18.526324 -30.947199 -14.819253 -7.976890 -10.510254 -0.200796 -4.117845 1.806550 54.798898 22.389501 -2.206918 10.158708 361.467860 205.635292 -7.150138 49.439700 
11.909907 2.316447 -0.108254 2.357872 2.491685 -1.437659 -0.140241 0.408224 -1.049485 -0.070911 -0.014182 0.000000 65.494796 24.927660 1.114580 12.198704 78.201357 56.206867 0.926283 31.932813 -77.421896 -20.447556 -1.186103 -14.720386 -84.255586 -38.630701 -0.482196 -25.073921 16.514437 18.642536 0.776247 4.613254 -1.000663 2.310428 0.307214 2.554739 -1.297011 -0.044689 -0.021273 -0.092184 10.749515 3.874962 0.000000 4.946893 49.038159 19.959137 0.275329 28.750842 13.522600 12.323487 0.458882 14.087440 -100.239822 -27.500204 -0.028364 -23.568717 0.290072 6.949240 0.907765 4.650189 4.652893 -0.195031 -0.020559 3.735537 -0.506581 -0.243240 -0.007091 0.524487 0.849811 0.774564 0.000000 0.130242 26.440261 5.303949 0.066626 12.488930 41.674421 12.528875 -0.082288 28.669013 -96.908020 -1.970564 -0.475105 -1.214927 -20.273595 2.082492 0.943832 3.371952 6.649015 -2.714213 -0.047903 4.346852 5.614478 -0.542139 -0.092184 0.943526 -1.723140 -0.234007 -0.276553 -0.021273 8.674217 1.024793 -0.170187 2.749923 41.547597 7.689726 0.084940 16.552954 -47.378176 10.400775 -2.058055 23.534078 -25.410978 -5.255994 -0.069177 -0.736251 14.805734 -0.827058 0.100449 4.521018 6.921079 -0.916641 -0.919345 1.219569 -7.895521 -0.162943 -2.582645 -0.143098 0.755637 1.154627 -0.378125 0.287369 28.424549 6.836088 1.048720 6.419141 30.193297 2.968320 -1.540608 18.375217 -19.297878 -11.120192 -0.110448 -3.131721 10.032548 -5.091827 0.547648 7.011376 6.253188 -1.357668 -2.825681 5.440108 -6.245077 1.946077 -4.740333 -0.373380 -1.246403 0.979288 -0.847209 0.499490 14.658606 7.240792 0.568003 2.353637 63.100653 9.888022 1.241353 11.797419 -10.581828 -11.450974 0.223140 -4.149526 1.093307 -19.609479 1.136568 -0.578870 10.694011 -3.512295 2.410315 1.705693 4.116519 -3.839149 -1.375064 -0.846087 -3.011733 -0.199061 -0.910213 0.185695 4.334711 0.568820 -0.865371 1.123865 79.514080 28.357259 -3.788338 14.459494 
-5.870421 -4.000102 -0.203041 -0.126008 -0.225385 -0.787777 0.137027 -0.136415 -0.105703 -0.007142 -0.001428 0.000000 7.939088 1.114580 1.232527 1.192021 8.981839 3.174676 1.616876 3.461586 -9.382512 -2.699827 -0.089379 -1.804408 -8.571778 -4.069483 -0.048566 -2.430670 -0.105806 0.665544 0.017141 0.388124 -1.886848 -0.382512 0.085808 -0.240690 -0.142843 -0.008571 -0.002143 -0.009285 1.020916 -0.027854 0.000000 0.701867 4.578002 0.564738 0.106214 4.299663 1.109173 2.215998 0.257831 1.484644 -10.651362 -2.421284 -0.002857 -2.622283 5.697990 -1.468524 0.246505 -0.773697 -3.987144 -0.305887 0.083461 -0.528926 -0.265687 -0.028569 -0.000714 -0.062137 -0.024283 -0.006428 0.000000 -0.002143 2.611162 0.294766 0.038976 1.506479 4.039078 2.343944 0.044179 2.526579 -8.957453 1.166616 0.083461 -1.113356 6.055505 -0.764310 0.099786 0.063769 -4.809713 -0.593409 -0.004897 -0.905622 -0.872054 -0.060708 -0.009285 -0.173554 -0.173554 -0.023569 -0.027854 -0.002143 0.749107 0.130395 -0.017141 0.186716 3.398225 1.605040 -0.011938 1.540251 -3.887665 3.623100 -0.223855 1.627079 7.938986 0.323028 0.023263 0.756453 -4.344761 -1.159167 0.268238 -1.335068 -1.736966 -0.264259 0.221916 -0.587797 -0.868483 -0.117131 -0.276400 -0.023569 -0.421386 -0.067850 -0.082849 -0.017855 1.495562 0.793388 -0.097847 0.255790 2.053260 1.916437 -0.643506 1.804306 8.569228 1.055913 -0.012142 1.329150 -1.426487 0.159780 0.879808 -1.293746 -1.951536 -0.967860 0.762779 -1.510356 -1.961535 -0.357004 -0.568207 -0.093562 -0.492807 -0.088562 -0.132129 -0.017855 0.596674 -0.218753 -0.129987 -0.006530 4.164269 0.813080 -0.638506 0.672278 10.731966 1.337108 0.123049 2.205999 4.614223 -0.993368 1.310172 -1.467503 -5.638914 -4.617182 -0.027854 -3.053260 -3.568309 -1.405571 -0.814101 -0.375676 -0.481379 -0.108560 -0.109989 -0.005714 -0.552801 -0.616570 -0.202122 -0.048566 -2.456688 1.569738 -0.617080 -0.104581 
-9.329150 -5.596011 -0.303540 0.755178 -3.622794 -1.065606 -0.259769 -0.194470 -0.800326 -0.054076 -0.010815 0.000000 49.585706 12.198704 1.192021 10.823283 70.405061 28.279257 1.348842 30.554025 -61.388226 -19.885267 -0.867922 -11.755739 -64.765687 -30.393327 -0.367718 -19.639578 10.674370 6.297419 1.453015 1.916284 -4.397970 0.697633 0.371187 0.894807 -0.960310 -0.024487 -0.016223 -0.070299 7.389246 0.965871 0.000000 3.633762 41.960718 8.080349 0.068258 25.200337 10.483879 7.724161 0.048107 12.095858 -77.260024 -20.821753 -0.021630 -20.907101 12.874248 -0.931232 1.042445 0.946485 -3.311754 -2.410519 0.122539 0.149679 -0.865167 -0.175900 -0.005408 -0.031068 0.432303 0.234160 0.000000 0.074686 24.098510 2.859504 0.009387 11.601724 34.958933 10.611366 -0.104173 20.980461 -76.453474 -1.426793 -0.362310 -5.884961 4.775227 1.138047 1.120600 2.350066 -4.536170 -3.463371 -0.032752 0.178502 -0.415825 -0.414192 -0.070299 -0.051423 -1.314050 -0.158249 -0.200796 -0.016223 8.616978 1.125803 -0.119682 2.669115 36.269819 8.832823 0.261708 13.507499 -40.130701 10.806499 -1.283645 13.520610 9.065453 -5.186971 -0.089379 0.782267 -2.571370 -3.145240 -0.234568 -0.334201 -3.934139 -0.793746 -0.949648 -1.000969 -4.994847 -0.341394 -1.759412 -0.132997 3.036782 3.077186 -0.031323 0.763800 22.560912 10.694674 1.966228 6.062239 20.056933 8.463269 -0.144985 15.361749 13.072493 -4.184165 -0.081828 0.028211 -0.551627 -3.137282 -0.241914 -0.717580 -6.637384 -1.908173 -2.573156 -2.017804 -5.061575 -0.148199 -3.263902 -0.440720 2.884910 3.243598 -0.394348 1.566830 12.626620 12.345169 1.339047 2.890674 41.380114 16.507550 0.983777 9.421998 20.441741 -2.831446 0.571625 2.855525 15.655596 -8.476482 2.170238 -2.789307 -7.955821 -10.955056 0.006275 -8.642792 -7.824559 -5.647230 -3.088868 -1.460565 -1.543720 0.622488 -0.762065 0.300173 2.354913 3.040200 -1.005102 1.425212 33.993878 24.734364 -3.157025 7.139629 
-848.431487 -354.293950 -30.444546 -2.674217 -274.178094 -92.195949 -7.836802 -10.652025 -37.945924 -2.192633 -0.630446 0.000000 482.749464 78.201357 8.981839 70.405061 2566.040608 488.014437 31.098051 684.247169 -105.648352 -225.967962 -9.252372 199.895317 -2714.662228 -1136.356443 -21.152331 -661.347107 -489.350985 147.943322 -26.677074 39.633762 -259.151311 -17.910978 -13.101520 4.921386 -41.448628 -0.075605 -0.945669 -0.320120 59.148556 2.256811 0.000000 23.554025 854.133558 63.137282 5.723753 426.026936 815.965463 249.215539 6.739924 617.947454 -2292.513621 -164.061320 -0.043720 -428.773339 -35.651413 187.148097 -1.832925 96.358994 -162.684573 -5.579074 -2.842159 19.054178 -27.121518 -4.250332 -0.315223 -2.227426 3.635956 -1.079431 0.000000 0.963422 357.909601 18.553719 0.273595 151.170850 956.703908 242.217223 0.517549 463.220335 -1857.604836 418.605550 -12.887614 128.770483 -97.965157 67.432660 -4.729415 130.819508 -5.768850 -29.024997 1.481328 57.246812 -31.942761 -12.445465 -2.810019 -1.967860 -51.361800 -5.048822 -6.248240 0.296755 98.152689 15.516070 -1.918886 30.892409 732.633762 214.919090 -3.003214 219.695439 -530.432201 384.200694 -56.612284 363.250587 -201.579839 -34.471738 -3.969391 75.478676 131.042292 -61.137129 2.172278 104.326089 -96.985818 -36.677941 -19.649526 8.318998 -174.710081 -20.014743 -47.354913 -4.402357 -15.946179 19.478063 -8.505255 2.265891 402.692991 142.095500 -0.478472 78.219518 653.603306 312.290634 -72.409805 280.063259 -192.262269 -122.344914 -0.096164 2.064228 168.790685 -35.679982 13.606163 105.042343 57.833129 -14.663453 -12.710591 1.386338 -97.913325 -39.797317 -69.010356 -13.597235 -56.453321 3.907305 -31.503112 7.988113 139.921284 121.075094 0.114274 30.636721 892.440669 340.676258 -23.405265 142.349046 -104.806601 -264.214774 2.129477 -30.369299 419.288695 -341.443781 40.657280 -35.139680 307.514896 -396.828385 -37.440159 -128.679063 -189.198245 -228.267830 -102.408683 -38.216355 -104.601673 -24.656311 -30.296857 3.154984 61.062902 97.359555 -0.001020 21.216355 790.125038 452.793337 -2.685950 83.034996 
-15.328181 -63.796934 -1.600653 2.301678 38.355652 -22.208117 6.898505 -1.293669 -7.825630 -0.664167 -0.157076 0.000000 189.222834 56.206867 3.174676 28.279257 488.014437 407.651490 7.957326 160.490970 -242.586828 185.117667 -5.846495 61.601240 -640.270585 -199.497398 -5.340577 -125.295225 -48.955897 75.218575 5.490970 21.344965 6.272013 10.173273 3.956331 15.406464 -9.788389 -0.336394 -0.235614 -0.000791 22.356316 9.164294 0.000000 9.232629 148.216891 65.587695 0.032522 89.299663 93.800173 90.998138 -0.162968 135.946536 -492.093740 6.989873 -0.233344 -36.144322 -64.472579 56.355397 6.084430 17.730895 22.749541 8.233828 3.005637 26.509871 0.425314 0.035252 -0.078538 4.035889 0.430721 1.075987 0.000000 0.193679 58.008315 11.130165 0.009591 26.760611 145.256020 35.997296 -0.478089 95.832364 -331.163376 38.928553 1.722809 47.429574 -96.013366 -20.572391 7.206994 -0.017269 13.347541 -0.968064 -0.149296 32.636160 30.342593 -1.009055 -0.980589 13.162764 -12.044307 -1.440236 -1.436716 -0.114402 13.493368 2.107897 0.003979 5.121518 149.817187 15.646822 2.157713 36.828589 -49.578206 23.380905 -7.326701 58.898199 -99.844302 -28.071141 0.620141 -1.488496 4.559050 -13.969544 -0.168631 23.878890 36.521069 1.163198 -4.916054 23.959264 -43.062698 3.175339 -13.242654 0.640572 -6.019182 3.705566 1.187583 0.132512 115.950796 22.084940 13.462529 14.461484 135.648531 10.947429 13.343409 35.872028 -62.147715 -15.512499 -0.143225 1.530252 -47.199214 -31.367539 2.461764 25.326548 23.836573 17.875115 -14.442225 23.902867 -14.045786 8.863840 -26.511733 -1.384425 -12.049740 1.927967 -5.645674 1.728472 71.568437 35.997271 13.655596 7.950770 177.351597 66.181078 23.585093 24.972783 -38.328410 -28.278594 0.218549 6.908708 -68.399321 -93.421513 7.030329 -6.321727 10.533721 -96.221865 -11.009948 -32.449036 -26.189981 -59.726737 -29.721125 -9.139220 -23.495154 -2.134731 -6.710999 0.725232 54.176309 28.733981 13.743470 2.922049 199.665901 129.496046 11.592746 32.950745 
0.115141 2.870855 0.112591 0.036246 13.708627 4.417024 1.189190 -0.171896 1.680543 -0.050250 -0.010050 0.000000 9.377717 0.926283 1.616876 1.348842 31.098051 7.957326 9.146439 11.903428 -18.096368 -3.876161 5.641720 1.798209 -46.677992 -18.268442 -0.281094 -10.840680 0.985741 2.094557 3.140802 0.585706 7.633405 2.289996 0.658912 0.245970 0.348536 0.252831 -0.015075 0.005382 0.828257 -0.195975 0.000000 0.698959 12.298260 0.814968 0.530839 9.245791 13.740690 5.581752 0.980691 10.756862 -41.600474 -4.017422 0.050607 -5.359810 -0.322187 -4.617105 2.090042 -0.915009 0.289945 1.497577 0.698679 1.176538 3.241812 0.475768 -0.005025 1.017371 0.192786 0.015381 0.000000 -0.015075 4.982502 0.362489 0.045506 2.371161 18.083741 5.729058 0.253112 7.090501 -26.454622 2.272549 0.602719 0.949214 -4.038057 -4.700337 0.513391 -1.233879 -4.765815 1.084685 0.258111 0.062647 7.162458 0.027421 0.151847 1.708219 1.869835 0.076599 0.076752 0.197046 0.273390 0.006887 -0.120600 0.118151 13.669039 3.794409 -0.054408 3.658555 -2.687634 8.395495 -1.222885 6.444776 -2.087287 -0.801219 0.131925 0.180415 -5.891006 -1.804561 0.592873 -2.076778 9.875166 -0.667330 1.809535 0.869478 3.005765 -0.763494 0.272498 0.329125 -2.570809 -0.426870 -0.522294 -0.125625 5.696587 2.069789 -0.370243 1.253852 13.219238 2.351469 -2.330553 5.549918 4.696842 1.190644 0.015585 1.722732 -8.952301 0.844582 1.692965 -2.240231 7.055989 1.567034 5.106596 0.193552 2.056346 -0.719212 0.167840 0.048796 -3.027854 -0.623100 -0.853867 -0.125625 -1.237399 -0.106545 -0.465055 0.254923 20.958780 6.383660 -0.936792 3.209035 10.362386 1.604122 0.102388 3.627564 -7.150724 -4.267192 3.764896 -5.638787 -5.044281 -5.953066 3.195439 -2.474288 1.935160 -0.694751 -0.518544 0.543720 -2.907050 -0.763800 -0.758698 -0.040200 -3.646924 2.844531 -0.725105 0.602745 4.265228 9.733981 1.981635 0.338511 
-263.883073 -101.352005 -9.494796 -2.801806 -76.447505 -18.521732 -2.848332 -1.196204 -6.192225 -0.630242 -0.160392 0.000000 154.181359 31.932813 3.461586 30.554025 684.247169 160.490970 11.903428 316.773186 -225.115856 -115.356137 -1.967401 131.323691 -775.812213 -333.195133 -5.392715 -186.186410 -155.584634 30.006734 1.894399 9.774105 -61.343740 -5.004744 -2.085093 1.968932 -11.806856 -0.325987 -0.240588 -0.375880 13.307469 0.650138 0.000000 6.254821 218.930976 13.023875 1.825987 153.111111 190.700796 65.350934 2.132537 238.710132 -683.850781 -69.342363 -0.144016 -110.660698 -5.353688 42.967248 1.751913 20.635751 -37.364555 -13.285430 -0.762014 -2.510560 -11.898531 -1.601775 -0.080196 -2.093205 -0.969085 -0.211662 0.000000 -0.043618 86.186103 2.022957 0.218396 43.862412 273.257270 61.345883 -0.198041 148.136670 -529.027089 107.404806 -3.762014 44.331650 43.960361 -9.318182 -1.345271 30.053566 -29.950260 -19.159474 0.351240 6.998470 -20.388889 -3.811601 -0.870830 -3.406795 -14.250230 -1.818182 -1.769054 -0.028466 18.637129 1.114784 -0.520661 7.487144 195.779155 52.202173 1.174013 63.679063 -124.861800 109.784818 -7.414907 120.129170 5.980869 -3.431283 -1.146924 26.163300 8.691613 -24.703398 1.673401 13.980563 -36.698041 -11.505816 -4.202479 -4.531527 -50.482859 -7.667279 -15.040863 -1.515152 -9.558004 4.800582 -0.580502 0.782981 91.137282 38.528466 11.876798 22.026783 162.246556 112.399908 6.349556 85.056627 -1.184879 -28.464953 -0.181512 17.214264 29.361953 -15.139118 9.530150 40.385981 5.434650 -21.128558 2.219927 -5.905265 -43.763851 -15.392409 -25.992042 -4.470309 -8.582645 4.030456 -6.972605 2.868840 33.065044 42.336853 9.207377 7.274717 86.929905 118.465412 6.698806 38.102694 7.545761 -54.031374 1.250230 16.162534 109.069483 -90.887358 20.867616 26.451944 73.204928 -142.242271 -15.006428 -19.534435 -99.773339 -69.850781 -42.828895 -6.253750 -24.698500 -4.038261 -8.521886 1.297827 0.160698 23.203092 -0.700490 7.001224 6.168503 62.347873 -15.435721 16.391950 
