446.836389 547.487778 112.175556 68.155833 373.391944 370.238889 89.452222 73.867500 -674.609722 175.543056 -129.345000 21.606667 -263.474444 -65.263056 -98.405000 -13.053611 57.856389 -10.066667 -39.355556 49.304722 109.664444 264.357500 -15.275000 123.842500 115.809722 407.318889 4.052500 169.456667 395.424444 -114.157778 62.872222 71.961111 150.541667 -217.183333 -43.618611 8.756389 -269.648056 -128.915000 -194.069444 -34.124167 -71.872778 -406.446389 -112.580556 -17.180278 4.251389 -147.869722 -45.886667 24.227222 11.093333 93.052778 -10.082500 71.225278 50.941944 338.556944 10.969722 146.349722 475.973889 -444.646389 26.617222 4.008611 -5.731944 -241.048611 -172.198611 -9.828056 -223.590278 -138.926667 -176.835000 -12.789722 -5.333611 -132.704167 -29.766944 -6.660278 205.774444 -96.380833 1.324444 22.908056 145.727222 -198.995833 -5.752222 -12.644722 -69.733611 -355.445000 -20.144722 -69.195556 262.720278 5.690278 -48.483611 20.383056 -226.210833 -42.771389 -186.079722 11.042500 -129.328889 34.986389 -36.307222 -0.626944 21.982500 107.063889 33.968333 2.476944 178.378889 9.831667 22.808056 -8.644722 71.318889 -87.514722 -6.479167 -11.642222 -61.649722 -201.176389 -10.302222 -50.558889 -4.231111 -67.350556 -79.581667 5.877222 -143.567500 -58.716667 -67.611389 -0.421667 56.579444 55.512222 108.553333 -0.742778 17.616111 160.867500 72.384444 16.630833 -24.630000 -5.611667 -4.281944 8.596944 -69.467778 27.996111 -1.620833 -8.047500 -3.603056 66.430556 6.271111 43.896944 -54.372222 -22.918611 -21.776944 -4.142778 64.167500 -50.715833 -13.345833 1.674167 244.213611 -16.395278 27.410000 22.008333 -45.305556 -116.469167 -21.970000 2.173611 82.905278 -173.940556 -2.821389 -2.543889 -26.378056 -80.483889 -15.593889 -26.190278 -29.995000 -105.495278 -8.039444 -6.036944 -56.311944 -43.676111 -7.412778 -3.671389 42.241667 -20.688333 -6.858333 10.621111 117.496667 66.377222 -13.290278 112.449167 -78.096944 31.381944 11.605000 -10.200556 30.146667 -234.103056 -12.111111 -64.988611 -98.077222 -125.503611 -90.515833 -37.330556 -131.971944 -124.931111 -21.733611 -50.454444 
547.487778 3068.014321 228.018148 181.069877 219.352593 1610.596296 295.209012 129.601605 -930.685802 1181.864815 -36.249630 89.380741 -315.904074 404.736790 -123.512099 1.176173 17.096049 -227.565432 -69.032716 -18.713951 41.689136 -70.420741 -36.424691 -0.132346 -48.985185 -40.526790 -34.550123 53.244321 605.097284 304.283580 -35.747531 102.862963 496.498765 -285.720988 -119.054568 31.317037 -378.367037 -503.520864 -411.420370 -80.016914 -201.515062 -918.452099 -326.884568 -31.122099 -46.975309 -274.269877 -133.359506 48.112099 -9.963457 301.570988 -29.952099 99.654444 -21.383827 362.437037 -11.522099 130.789383 646.194568 -1998.474938 -19.383086 -103.806667 352.729630 -764.506173 -292.696914 -82.351975 -265.354321 -533.845802 -421.766790 -42.707160 -41.330988 -289.391975 -81.114938 8.894198 97.113951 162.798642 23.252840 68.417778 154.979383 143.075926 39.707037 26.692469 -125.519259 -228.507654 -36.029136 -99.778272 368.660247 144.865432 -7.131605 4.165926 -430.309136 -80.083580 -346.452099 -2.273704 -262.921481 61.470494 -95.718025 -4.649012 42.047778 241.164815 86.314321 25.152099 97.608519 219.410370 112.244938 17.973951 87.233704 -4.138025 47.110494 8.887407 -139.920247 -286.089506 -13.933704 -79.602716 58.983086 -50.513210 -132.164691 -4.984198 -146.016420 -53.409259 -113.851975 -12.268272 97.900741 256.684444 190.076173 2.203827 66.700370 340.166420 112.057901 22.774815 -74.336173 72.282469 32.297531 -22.586543 -204.162222 97.741481 10.203704 -7.177284 -5.549506 317.577160 16.794568 155.893086 17.026543 -57.944074 -49.493457 2.948272 339.733086 -19.171852 22.861728 26.713827 357.372716 51.547160 86.666790 25.398765 -19.044444 -148.732593 -98.160741 -10.214815 149.397407 -347.148889 21.138642 -34.324444 -12.051358 -128.170617 3.834815 -61.496296 -26.614444 -36.342346 9.194198 33.572469 22.662593 -48.510370 -17.583457 11.000370 353.048765 114.032963 17.054321 98.199506 154.307778 359.664568 37.810494 197.878642 -225.648642 161.745062 94.152222 -114.154568 20.457160 -407.224198 43.766667 -104.066543 -183.148519 -356.668272 -60.494691 -90.651235 -433.494938 -409.023704 -25.644568 -69.194568 
112.175556 228.018148 74.451111 18.307037 72.620000 163.355556 59.872963 14.806296 -192.537037 119.233333 -31.906667 3.480000 -78.021111 15.472963 -28.224815 -0.206296 -4.338148 -16.392593 -11.274074 1.708519 2.588148 48.390000 -4.909259 10.785926 20.450000 101.713704 2.505926 31.239259 138.447037 -23.039630 48.048148 19.233333 35.009259 -71.581481 -11.841852 -0.295556 -81.198889 -67.915185 -69.111111 -13.665926 -27.377037 -147.993704 -43.635185 -5.294815 1.103704 -51.512593 -17.538148 6.680370 2.140370 26.898148 -5.632593 10.486667 6.140370 67.188889 2.060741 22.337407 156.477407 -190.119630 1.493704 -2.518889 -13.138889 -98.448148 -63.937037 -7.921852 -66.759259 -59.795926 -62.760741 -5.239630 0.559630 -42.157407 -12.666296 5.172963 50.835926 -27.840370 -6.152963 19.285556 27.706296 -46.544444 -9.043333 1.694815 -22.414444 -86.154815 -8.140370 -12.154074 68.424815 -9.440741 -23.549630 5.830000 -86.461481 -20.532593 -66.232593 2.660000 -45.168889 -1.739259 -19.612593 -0.314074 9.278889 18.572222 6.940370 7.493704 63.457778 0.796667 4.965185 18.655926 -8.267778 -34.802593 -5.142593 2.665556 -26.833704 -66.109259 -4.498889 -13.864074 -30.693704 -10.910370 -22.044815 2.408148 -50.939630 -28.200000 -25.544074 0.143704 10.981111 17.974444 28.754815 0.316296 9.282222 61.617407 28.348519 8.131111 -8.708148 8.902593 1.518519 16.292963 -36.602222 5.714444 -1.727778 5.831852 -4.279259 5.396296 1.521852 5.681852 -41.012963 -23.512222 -9.391852 -0.961481 13.334074 -18.290000 -1.868519 -0.052593 81.592963 1.608519 10.416296 1.514815 4.205556 -36.852222 -11.140000 4.277778 21.596667 -49.203333 -0.277037 9.195556 -5.623704 -21.688148 -3.371111 -10.633333 -20.334444 -37.517407 -1.560370 -19.195185 -21.198889 -19.963333 -4.082963 -1.084444 21.225926 -2.098889 -1.829630 -2.137407 55.148889 24.134074 -4.848148 24.302963 -11.970741 16.020370 5.004444 -3.480741 7.711852 -62.199630 -1.083333 -13.205926 -25.998889 -37.489630 -19.427037 -14.196296 -45.365185 -40.767778 -8.638519 -20.377407 
68.155833 181.069877 18.307037 34.546265 -10.290463 83.812963 16.642346 14.408549 -98.576080 46.410648 -18.180185 7.136296 -23.515185 -0.259043 -20.948210 3.899784 19.602994 -9.332099 -8.621605 8.306883 36.300247 40.725093 -2.721914 24.849599 25.299537 72.362099 -1.084846 30.827654 64.213951 -54.477531 5.435802 24.957407 17.907099 -36.793210 -10.328179 2.207315 -50.160093 -37.240309 -38.539815 -5.790525 -9.517840 -72.053488 -24.087346 -2.404043 7.917747 -26.071265 -8.353951 -0.662901 7.286543 4.290432 -1.200710 6.300278 10.606451 22.846759 -1.065154 19.585216 96.041790 -104.876327 13.303025 -4.271944 -11.477315 -42.146451 -28.731636 -2.222809 -45.464043 -26.262469 -31.658457 -2.547438 3.803735 -18.382253 -5.035772 0.995586 41.947284 -3.563858 4.625062 2.510833 29.882160 -30.150463 5.651481 -7.445031 -17.862315 -88.193765 -2.927747 -20.633827 64.069969 17.986265 0.180895 2.828426 -65.471636 -8.898858 -31.425710 1.374907 -30.010370 14.988549 -2.381914 -0.353179 7.179722 36.162037 10.111543 4.589599 18.125185 18.868704 8.210216 7.553117 -9.566296 -3.208858 3.184105 2.981852 -19.316080 -19.685340 1.127407 -6.391605 20.266420 -5.193765 -11.961914 -0.025864 -26.267809 -8.470370 -8.528364 -2.004383 13.386852 32.162222 24.965062 -0.382284 5.242037 41.462253 7.363457 2.581759 -4.441728 -0.909198 -4.009414 1.162068 -22.690000 10.922037 -0.625463 3.076883 -4.606451 23.579938 3.689012 9.041698 4.815432 0.515648 -3.347623 -0.848951 33.990031 -2.448241 -0.664660 3.426327 44.293549 11.067994 6.016790 5.590432 -14.622222 -13.453426 -14.166296 -0.399537 18.393241 -36.996111 -2.937747 -4.438333 -4.344414 -13.162284 -3.006852 -2.939352 -4.133889 -15.843735 -2.858580 4.479414 -7.966574 -6.690926 -1.152901 -0.803796 16.618210 -1.297593 -1.931790 7.332840 18.380000 37.267346 -4.499228 28.938364 -27.575031 28.935340 -2.050556 -12.651790 9.801605 -45.020031 -9.016667 -14.817932 -24.812407 -29.933549 -19.415525 -7.154012 -21.496327 -23.295926 -4.226512 -1.005679 
373.391944 219.352593 72.620000 -10.290463 3190.703056 325.405556 279.242963 123.513796 107.353241 338.637500 -371.345000 40.323333 -1448.946667 -525.377870 -433.419815 -113.833241 -247.836204 -649.587037 -166.596296 -22.448981 46.451481 -124.903611 -76.100926 119.523981 -10.779167 87.700370 -48.316019 142.999259 422.689259 770.290370 51.392593 129.838889 768.517593 -494.887037 73.412870 55.489722 -354.986944 443.033148 -388.086111 -21.905648 -280.482037 -628.727870 -254.410185 -48.233981 -112.217130 -615.873426 -128.723704 43.725370 1.052593 258.750926 -21.930648 236.053056 130.140093 1019.362500 19.671574 492.673796 743.097963 -336.381574 -3.456852 85.453056 551.506944 -398.080093 -319.557870 11.497870 -609.105093 -151.419259 -516.192407 -32.536019 -98.231759 -233.267130 -105.796574 -2.447315 71.755926 -343.401204 -6.694074 17.802500 201.851296 -319.812500 21.831111 76.897870 51.283056 23.590185 8.884907 136.408148 910.523981 -105.233796 -130.952130 23.638611 16.002130 -80.380648 -493.283426 20.909167 -367.128889 21.854907 -202.516481 -0.056574 -5.100833 70.075000 9.033148 3.613981 230.667778 -173.007222 20.654352 -1.085463 343.341111 -368.585093 23.578241 -90.514444 -136.042315 -624.580093 -23.818889 -146.316296 259.037407 -99.826481 -246.152037 12.480926 -230.352685 -27.111111 -199.518796 3.643148 -40.781667 24.640000 126.340370 1.725741 36.621667 250.524907 138.002963 33.075278 -124.028148 157.164259 -25.018981 37.593241 19.960000 -41.576111 -23.520833 27.259907 -134.134537 -104.717593 -27.488148 23.776574 -211.162963 39.048056 -71.162130 -8.596481 -98.458426 -94.143611 -54.492130 -18.896204 314.476574 -252.054537 -10.327037 45.578704 131.238889 -383.985833 -7.297778 3.762500 40.866389 -227.018333 -65.380648 14.006111 34.896019 -167.120926 -40.505000 13.543056 -71.072778 -69.541574 -9.259815 43.511204 -275.395278 -131.848333 -50.453519 -26.938056 -160.737963 -134.860556 -43.221296 -27.830741 16.380000 -178.615370 -49.410648 81.956574 -69.421019 -35.136574 -84.650556 142.186481 6.165185 25.800648 -56.888889 -63.758981 128.000556 -113.849907 -116.047315 28.573148 -133.957130 -157.870000 -98.096574 3.921481 
370.238889 1610.596296 163.355556 83.812963 325.405556 1137.922222 200.975926 78.237037 -668.485185 927.533333 -14.111111 58.277778 -255.561111 406.870370 -43.957407 -3.803704 48.453704 -68.762963 -28.937037 -16.168519 32.679630 8.916667 -23.779630 5.224074 -22.838889 16.096296 -25.914815 19.046296 359.240741 16.751852 40.985185 48.944444 355.029630 -235.457407 -45.109259 15.122222 -243.927778 -315.192593 -248.311111 -62.779630 -163.418519 -680.229630 -210.442593 -25.846296 -35.348148 -198.940741 -76.257407 28.346296 -4.420370 275.079630 0.253704 60.427778 5.468519 451.611111 9.681481 93.153704 419.664815 -1234.859259 6.329630 -54.494444 233.611111 -542.690741 -190.618519 -53.842593 -162.301852 -382.885185 -299.059259 -30.953704 -29.257407 -233.359259 -63.653704 2.903704 78.035185 38.481481 35.812963 29.044444 127.648148 -6.244444 52.677778 -14.837037 -76.044444 -230.618519 2.803704 -117.892593 293.112963 137.057407 18.335185 -1.594444 -260.868519 -48.612963 -240.518519 0.588889 -175.400000 15.531481 -82.396296 -1.653704 23.261111 112.183333 45.007407 6.885185 76.494444 77.511111 81.670370 -4.053704 71.972222 -71.896296 40.425926 -11.727778 -46.129630 -286.035185 -10.888889 -80.842593 65.953704 41.237037 -53.624074 -5.137037 -131.464815 -56.500000 -83.409259 -1.137037 48.000000 84.572222 92.335185 1.903704 62.738889 163.198148 91.314815 3.222222 -93.885185 26.301852 23.364815 -10.807407 -170.300000 48.638889 11.127778 8.803704 61.187037 168.175926 10.831481 102.987037 -7.220370 11.933333 -22.170370 -1.001852 122.625926 -42.566667 11.340741 5.170370 228.220370 -23.968519 55.342593 -6.909259 48.066667 -167.722222 -41.383333 -18.772222 95.088889 -224.738889 28.398148 -15.011111 -19.346296 -108.979630 6.088889 -40.966667 20.611111 -53.198148 15.042593 -18.303704 -2.805556 -34.177778 -9.181481 5.894444 184.968519 62.311111 9.340741 36.524074 153.166667 149.275926 23.720370 72.637037 -27.775926 63.268519 49.716667 -105.775926 45.120370 -230.653704 17.038889 -66.790741 -114.405556 -208.531481 -20.918519 -68.903704 -261.881481 -192.155556 -24.364815 -78.820370 
89.452222 295.209012 59.872963 16.642346 279.242963 200.975926 187.827654 18.007284 -102.497531 195.829630 46.569630 18.445926 -212.132593 -3.622346 -62.780123 -6.935062 -66.414938 -164.229012 -35.350617 -15.711605 -28.520247 -126.149259 -14.669753 -13.225432 -39.037037 -103.514321 -9.284321 -7.939877 140.494938 85.201975 42.714198 32.603704 97.667901 -105.862346 48.430123 3.119630 -119.191852 -1.666914 -74.962963 -21.179753 -66.953827 -158.589012 -71.337654 -9.021235 -37.924691 -83.136790 -29.853827 2.596790 -15.557654 53.456790 -4.516790 20.252222 0.857160 137.679630 7.434321 37.037284 232.806543 -319.827284 46.974198 -3.170000 32.148148 -179.188272 -46.247531 -15.849136 -165.812346 -87.677531 -125.084321 -11.029506 -4.281235 -32.663580 -22.069506 8.620247 -11.821728 26.866914 4.656049 19.408889 -19.103827 -6.970370 4.861852 18.550864 -5.792963 55.249877 11.083580 41.251605 266.931975 84.023457 58.358272 9.144074 -168.111975 -37.985309 -89.689012 -0.317407 -131.827407 3.275062 -50.633086 -0.958765 33.321111 20.912963 8.381235 10.372346 100.868148 -7.672593 20.459506 17.736049 -39.552593 -56.615309 5.839506 -10.267407 -24.161975 -78.238272 -1.747407 -13.577284 98.248025 81.138765 -6.934198 9.926420 -122.975802 -38.468519 -30.132469 -5.957284 -30.177407 71.314444 50.692716 -1.719383 19.930741 141.742469 30.613210 21.842963 13.949506 -11.295802 -2.030864 34.390988 -67.520000 7.342963 -6.425926 21.215062 -15.451605 -33.193827 -0.599012 4.078025 -44.482099 14.030741 -9.186543 2.780617 23.664691 -22.685926 6.899383 3.105062 109.631728 13.899506 40.923210 13.384568 -27.266667 -22.982963 -17.758148 13.464815 47.451481 -90.241111 -19.335309 28.415556 -37.627531 -27.003827 -19.599259 20.596296 -12.254444 -32.844321 0.386914 29.001975 -56.121481 -37.899630 -8.317654 -5.585926 34.512346 -21.602963 -6.054321 12.651605 75.701111 41.799877 -5.427160 111.684691 -90.444691 91.693827 16.267778 1.557901 23.807284 -83.365802 5.316667 -34.804568 -58.410370 -65.046173 -33.779753 0.712346 -33.126173 6.588148 -5.028765 18.493457 
73.867500 129.601605 14.806296 14.408549 123.513796 78.237037 18.007284 42.063302 -152.966512 71.567130 -31.966481 24.584815 -77.538148 6.219784 -27.447716 -2.477191 3.863302 -6.371605 -11.480247 12.591636 22.672346 48.143796 -3.509568 29.924105 20.422685 78.050494 -2.307006 38.202716 62.648642 -13.894321 9.495679 12.587037 72.718827 -58.577160 -5.320340 8.729352 -57.326574 -23.093765 -46.237963 -4.393179 -19.104753 -114.807994 -31.597840 -2.909660 1.747068 -51.983549 -12.285309 6.069938 5.873827 14.157716 -2.566327 25.339722 16.409475 99.753241 -1.576327 60.254414 77.616728 -112.666636 10.208457 -0.326944 48.855093 -64.096142 -34.827623 -0.941265 -47.589660 -44.625679 -50.105617 -3.468858 -4.802994 -39.508488 -10.133858 0.604043 59.415309 -31.785401 3.776420 9.160278 45.034136 -63.049537 0.384074 -0.924599 -25.549907 -74.262160 -5.771512 -10.611358 39.525957 1.406327 -15.706080 6.181574 -23.786512 -7.318179 -48.030216 3.511759 -28.394074 14.642191 -7.656235 0.065772 -0.260833 47.049074 12.832160 6.399660 46.479259 15.813519 9.496080 10.138364 22.447407 -29.375957 -0.493364 2.465926 -28.575401 -57.523920 -1.508519 -13.034691 -38.466790 -32.589938 -25.985123 0.827346 -32.431821 -7.390741 -16.685710 0.176975 24.347593 15.708889 37.707531 0.024136 4.344630 38.615154 24.176173 9.836019 -9.776420 10.471790 -5.422068 11.999784 -5.164444 3.767963 -2.563426 5.946080 -13.053920 21.583025 3.325062 12.009043 -30.183951 -18.878981 -7.928673 -2.214753 15.059599 -12.387315 -4.592747 0.633302 74.507191 -16.813920 3.975062 7.713272 -15.316667 -57.206574 -13.141481 1.566204 25.055648 -62.493889 -5.545957 -5.187222 13.756265 -30.543642 -0.235370 -2.249537 -20.207222 -29.267006 -0.358457 8.548735 -15.742315 -12.796852 -3.100062 -1.020648 9.657716 -3.494630 -2.986728 0.344198 23.801111 13.776728 -6.421142 37.121265 -36.242377 26.740586 -4.612778 15.614383 14.520247 -22.588488 12.511111 -14.617994 -3.502037 -36.754969 -4.118179 -4.758951 -56.143302 -50.106296 -8.537562 -11.719506 
-674.609722 -930.685802 -192.537037 -98.576080 107.353241 -668.485185 -102.497531 -152.966512 3111.560340 -418.974537 245.054630 -11.424074 123.246296 -341.832253 -143.650309 -25.269599 -612.227623 -706.747531 -109.470988 -201.869290 -292.683951 -1104.474537 -45.096605 -315.942747 -358.502315 -1485.552469 -100.348302 -371.785802 -685.487654 689.621605 -135.611728 -116.818519 -131.866358 368.691358 121.218364 -39.641204 790.760648 273.679938 302.500926 101.615895 66.884877 1199.162191 143.039198 31.970525 -84.302006 29.401080 9.682099 -45.588580 -75.274691 -282.716358 -35.740586 -97.059722 -96.608488 -448.721759 -32.801698 -151.060957 -889.144753 888.766512 -129.936728 -12.865278 117.080093 463.275154 344.415895 23.956327 374.048302 298.883951 244.805864 25.255401 -140.740586 334.375772 7.835957 -5.953549 -737.443210 20.354784 -88.104321 -106.295833 -415.015123 579.475463 -13.681481 80.445216 208.827315 1343.894136 25.385340 361.879012 -483.790895 -145.448302 120.785957 -46.774537 359.327006 65.602006 333.134414 -28.792130 174.387037 -38.010957 36.125617 -1.201080 -135.190278 -207.706481 -85.366358 -35.326080 -551.246296 -137.556481 -87.035957 -87.519599 -97.087037 144.402006 -16.144290 -29.012963 131.321451 461.525154 -1.201852 116.479012 64.450617 112.155247 93.236728 -29.114506 136.720216 110.009259 80.911883 -9.629321 -113.454630 -111.038889 -185.415432 -8.365123 -39.767593 -221.775772 -202.775309 -45.963426 34.654321 50.774383 -81.222994 -10.604475 266.900000 -204.906481 -32.121759 22.286265 20.608488 -559.409568 -53.330864 -151.617438 -0.591358 -16.560648 -27.684414 -10.187346 -254.909105 46.647685 -31.125154 -14.477623 -374.108179 -42.908179 -126.191975 -59.033025 224.750000 215.971759 -14.609259 -30.119907 -201.083796 497.158333 -50.903549 48.152778 18.935340 197.312654 -55.345370 135.992130 54.208333 39.712809 -27.041049 160.272994 -135.210648 -73.176852 -37.083025 -17.585648 -352.116358 -85.071296 -33.616358 -39.598765 -267.200000 -298.572531 -11.327623 -175.667438 276.911883 -82.491821 -66.658333 13.239198 -209.712346 456.414660 -73.516667 94.823302 152.921296 473.347068 101.390895 138.155864 687.772068 737.092593 17.515586 416.964198 
175.543056 1181.864815 119.233333 46.410648 338.637500 927.533333 195.829630 71.567130 -418.974537 1313.731944 98.347222 75.377778 -134.777778 888.753241 50.687963 9.674537 -28.193981 -71.775926 -12.429630 -81.435648 -57.385185 -177.034722 -16.217593 -93.744907 -85.301389 -255.029630 -27.728241 -69.140741 170.331481 -46.307407 47.809259 31.866667 334.245370 -289.625926 36.677315 2.509722 -200.462500 -264.582407 -133.908333 -67.441204 -146.100926 -463.074537 -140.615741 -27.616204 -25.261574 -123.535648 -39.637037 12.267593 5.031481 343.245370 20.306019 35.343056 18.741204 496.790278 14.294907 50.594907 286.887963 -1045.478241 59.334259 -49.262500 285.329167 -499.591204 -120.880093 -53.153241 -86.599537 -423.637037 -281.926852 -30.589352 -45.266204 -251.644907 -69.481019 14.944907 -9.979630 16.664352 27.242593 51.473611 63.032407 56.070833 58.994444 19.418981 -41.890278 52.554630 27.894907 -74.335185 175.571759 206.560648 69.268981 -2.429167 -197.796759 -58.066204 -194.246759 -1.509722 -90.850000 2.983796 -79.539815 -1.625463 2.834722 104.508333 42.317593 21.005093 -44.833333 99.569444 69.286574 51.235648 9.583333 -43.016204 32.217130 24.000000 -56.880093 -220.930093 -8.200000 -52.985185 -49.720370 66.526852 -45.845370 -0.421296 -105.989352 -57.877778 -55.481019 -3.615741 81.547222 30.122222 97.303704 -1.717593 43.975000 82.244907 137.957407 -11.534722 -130.298148 58.178704 33.936574 -10.113426 -184.788889 80.941667 6.695833 58.158796 61.147685 212.404630 7.112963 176.808796 -39.462963 29.418056 -14.825463 5.243519 169.833796 -48.412500 43.696759 8.878241 216.869907 -68.457870 94.474074 -24.943519 26.238889 -241.073611 -5.227778 -43.404167 88.531944 -244.441667 45.772685 -56.747222 30.506019 -121.845370 39.447222 -51.245833 94.936111 85.982870 30.804630 54.157870 -17.687500 -41.358333 -15.810185 6.731944 269.712037 81.752778 20.845370 50.392593 149.344444 170.915741 38.994907 103.686574 -114.503241 149.135648 42.736111 -113.487963 -7.942593 -134.317130 107.316667 -89.430093 -91.680556 -240.075463 61.600463 -64.843519 -231.139352 -175.500000 -16.086574 -96.607407 
-129.345000 -36.249630 -31.906667 -18.180185 -371.345000 -14.111111 46.569630 -31.966481 245.054630 98.347222 311.934444 -4.452222 256.348889 190.577963 174.950741 8.799815 -74.722037 -56.787037 18.042593 -51.674259 -87.341852 -239.109444 1.229630 -96.686852 -107.058333 -408.478519 -19.056852 -112.981852 -175.345185 15.313704 -26.357407 -36.466667 -55.412963 56.257407 60.468704 -19.012778 140.496111 -78.221852 147.772222 -0.733148 9.308519 206.705741 71.920370 6.962407 -50.487963 171.213519 33.058519 -15.350741 -31.766296 6.653704 11.772407 -64.633889 -32.891296 -214.613889 2.190185 -126.758704 -191.534815 -67.025741 -3.308519 -23.411667 -4.019444 2.954630 104.982407 -10.029074 87.276852 -18.511481 60.095926 1.422037 -20.553148 87.373148 13.087593 6.400185 -177.350741 192.769074 10.193704 -0.993889 -96.847037 217.741667 20.071111 11.865370 47.267222 257.336296 21.680185 37.172593 -56.942407 30.406481 103.987593 -13.038333 -3.393148 0.933519 97.283519 -9.273889 36.791111 -22.248704 7.566296 -0.170185 -18.070556 -51.444444 -7.227407 -4.833519 -123.074444 19.703333 5.463519 -12.684630 -64.332222 107.197963 12.954630 23.395556 76.217963 212.310185 10.910000 63.210370 100.208519 150.108519 95.242963 4.249259 19.594259 9.744444 37.748704 -5.897407 -25.358889 -16.641111 -27.375185 -2.473704 -15.198889 -51.683148 -21.500370 -4.700556 -5.727037 -35.456296 7.682407 -20.175370 24.335556 4.791111 11.230556 -2.158704 68.207963 -9.787037 1.198519 35.419074 68.270370 77.109444 26.940926 9.159630 12.594630 29.626111 27.662037 3.253519 -82.025370 43.475741 19.792963 -8.457407 -44.816667 67.932778 11.917778 1.341667 -6.160556 57.836667 -2.527593 5.015556 13.035741 14.941852 1.237778 10.513889 98.073333 33.288704 8.969630 70.438704 53.673889 23.524444 8.829259 10.698333 63.987037 57.760000 12.759259 23.361481 -16.015556 57.219630 18.287963 18.031296 -57.807963 28.200926 17.262222 -17.667407 -26.180370 27.937593 18.077778 22.806852 -3.767778 42.327593 53.177963 26.475926 92.708704 114.301111 44.226481 24.768148 
21.606667 89.380741 3.480000 7.136296 40.323333 58.277778 18.445926 24.584815 -11.424074 75.377778 -4.452222 48.360000 -37.870000 52.895926 -14.166296 17.270741 -21.448519 -32.946296 -10.003704 -0.316296 6.070741 -49.103333 -5.374074 3.271852 -3.922222 -51.589259 -6.049259 4.667407 10.599630 -17.101481 7.668519 3.100000 29.174074 -22.901852 11.999630 6.297778 -28.142222 -18.874815 -9.733333 -1.498519 -13.631852 -39.998519 -18.459259 2.565926 -4.092593 -27.208519 -9.159630 4.149630 -5.269259 -0.264815 -4.815185 20.178889 -0.108148 24.411111 -3.689630 36.797037 9.093704 -141.139259 15.165185 -4.576667 40.561111 -57.107407 10.431481 -4.410370 -16.729630 -52.530741 -27.299259 -3.395926 -10.097407 -32.092593 -11.993704 2.579259 3.971852 1.085926 1.488519 6.343333 -1.476296 9.283333 4.430000 5.489630 -15.367778 64.612593 0.219259 20.775185 17.588519 33.974074 26.517407 3.337778 -22.700741 -2.242963 -8.820741 0.286667 -28.471111 9.699259 -3.419630 -0.122593 -4.786667 25.533333 4.280741 6.909630 21.304444 12.832222 7.330370 14.284074 7.125556 -2.044074 1.953704 1.214444 -21.500741 4.725926 -0.697778 -3.483704 -26.187407 28.084815 0.960370 1.838519 -40.884815 -1.383333 -2.193704 -0.662593 2.906667 19.104444 16.398519 -0.189630 -1.391111 32.307037 -3.425185 10.323333 5.450370 1.332963 -9.324074 15.241481 12.684444 -23.204444 -5.872222 11.402593 -16.652963 -45.696296 -2.317407 -7.680741 -33.548148 -7.307778 -6.761481 0.238148 -6.515185 -8.018889 0.168519 0.622593 35.330370 1.150370 9.865926 4.385185 -19.694444 -6.732222 -13.457778 2.277778 7.582222 -22.867778 -9.892963 2.991111 -0.719630 -28.337407 -6.764444 14.344444 -20.141111 -43.373704 -7.054074 18.820741 -26.747778 -18.893333 -4.427037 -1.402222 -2.264815 -6.447778 -1.614815 3.191852 15.942222 21.601481 0.114815 36.517037 -41.997037 59.868519 -3.396667 -1.639259 -5.776296 1.000741 8.444444 -12.767407 -9.931111 -10.212593 -0.065185 9.729630 0.852963 43.258889 -9.277037 30.456296 
-263.474444 -315.904074 -78.021111 -23.515185 -1448.946667 -255.561111 -212.132593 -77.538148 123.246296 -134.777778 256.348889 -37.870000 1286.973333 330.617407 397.791852 58.404815 183.406296 285.962963 125.714815 -20.769259 -127.278519 -139.276667 42.096296 -112.075185 -113.700000 -454.580741 -1.555185 -152.155185 -376.652963 -345.967407 -67.512963 -78.877778 -438.851852 374.690741 -33.269630 -44.190000 291.195556 -178.359630 280.411111 21.884074 277.161852 482.756296 245.414815 39.688519 29.514815 547.326296 113.339630 -14.514074 -34.420741 28.775926 35.061852 -119.768889 -36.054074 -394.294444 7.755185 -245.690370 -607.200370 285.113704 -77.711852 -30.902222 -296.116667 362.901852 195.924074 2.489259 460.329630 111.970741 398.278148 28.399259 72.337407 148.548148 89.739259 -4.393704 -261.847407 289.226296 2.391481 -38.464444 -181.510370 386.005556 4.995556 -38.488519 88.080000 163.617407 32.781852 -97.976296 -598.652963 -86.485185 2.028148 -27.847778 66.044074 67.189630 371.667407 -15.234444 301.720000 -9.289259 182.492963 0.752593 -15.676667 -34.805556 -9.481852 -2.239630 -363.525556 144.291111 -21.212593 -26.088519 -216.095556 281.080741 -4.898148 34.032222 189.844074 357.340741 24.440000 95.613704 -20.682593 77.528519 188.960741 -15.680741 228.999259 62.772222 166.122593 0.632593 43.858889 -51.175556 -97.250741 2.849630 -43.801111 -237.821481 -104.368148 -30.052222 17.369630 -63.086296 -1.603704 -41.551481 19.797778 -5.707778 13.872222 -27.623704 159.059630 -7.709259 5.555185 3.004074 268.287037 131.654444 80.263704 3.116296 68.934074 101.526667 56.048148 17.791852 -282.068148 167.902963 -12.939259 -3.496296 -147.766667 272.653333 17.248889 -10.088889 -78.175556 269.257778 27.906296 -30.776667 2.904074 154.450741 20.367778 8.394444 138.037778 87.310370 0.445185 29.610370 262.690000 171.264444 40.083704 25.576667 70.753704 140.590000 42.742593 36.640370 -154.040000 113.450741 57.590741 -81.541481 -66.259630 -10.735185 14.087778 -23.408519 -58.015926 219.400370 -37.994444 64.944074 22.995556 233.888148 73.611852 5.281481 223.890370 224.682222 107.011481 5.055926 
-65.263056 404.736790 15.472963 -0.259043 -525.377870 406.870370 -3.622346 6.219784 -341.832253 888.753241 190.577963 52.895926 330.617407 1592.037377 343.472654 48.782994 194.464228 687.587654 160.138272 -27.179660 -84.464691 55.024352 27.127469 -139.199043 -31.263426 -113.108765 -4.224599 -117.834321 -59.416173 -331.725802 23.730864 -16.118519 -20.657099 -24.312346 22.456512 3.909907 -84.396019 -258.480802 124.856481 -47.686698 -15.906605 12.192932 48.387346 -13.919846 79.312809 186.050710 54.285062 -14.989321 14.409012 125.498457 33.167932 -81.407500 -29.858117 -39.710648 2.335710 -148.561327 -89.690679 -588.462006 30.615864 -40.646389 72.024537 -170.450772 57.906636 -28.892191 123.666821 -275.688642 -23.809321 -12.019784 -4.140957 -190.803858 -31.990340 13.743858 -26.810617 150.476636 10.728272 32.129722 -5.162160 242.331019 49.850741 -15.275525 -24.197130 293.491543 34.834969 -76.165062 -130.036080 241.744290 140.198549 -1.743426 -111.146698 6.466080 63.854043 -4.668796 8.167037 -10.823549 -5.219198 -1.151821 -5.163611 38.365741 23.072901 15.543179 -121.298519 133.441296 48.902562 49.187438 -68.697037 103.619414 34.429784 45.715926 -24.924475 127.115895 8.708148 4.800494 -89.396420 193.413765 99.946358 11.512531 -44.743858 0.575926 39.396698 -7.932284 -1.985741 -46.996667 10.698272 2.938951 6.277963 -107.511698 108.435432 -9.911204 -58.194938 -16.959691 46.701080 -33.654846 -67.858889 85.423519 18.311574 41.313673 62.547006 183.314506 -3.510123 139.904414 135.656790 96.873796 34.509290 12.622284 90.743858 7.937685 60.428549 11.862006 -21.936327 -13.885216 106.973210 -38.651543 -35.722222 -95.414907 62.208519 -30.525463 69.158426 -97.293889 72.271636 -48.142778 92.179414 -69.806605 69.564630 -45.185648 80.792778 2.687623 -8.593642 19.225586 105.110463 52.358704 12.412901 23.009907 228.831790 151.238704 43.320679 68.557160 106.795556 264.091543 91.463117 -3.577809 -114.126636 130.572994 85.453889 -138.939321 -16.170494 -155.761636 135.044444 -54.511512 -123.640926 -218.789228 38.071636 -24.040432 -151.222006 -141.067407 -37.566265 -76.228765 
-98.405000 -123.512099 -28.224815 -20.948210 -433.419815 -43.957407 -62.780123 -27.447716 -143.650309 50.687963 174.950741 -14.166296 397.791852 343.472654 352.522099 14.475494 125.963395 175.432099 119.704938 -20.262160 -58.129136 -92.688704 18.185802 -71.558210 -62.167593 -223.505432 2.378457 -79.407654 -144.001728 -80.073580 -31.158025 -41.229630 -146.920988 153.193210 -2.108210 -20.940926 81.818704 -73.254691 165.264815 -3.179198 61.860617 123.444877 148.734568 9.138210 -34.921914 246.603765 64.371728 -14.627654 -23.717654 91.540123 16.961543 -56.571667 -24.800062 -117.895370 3.060432 -102.699938 -248.481235 -44.015617 -41.423580 -20.793889 -77.049074 87.981173 80.444136 -3.847469 163.457099 -20.384198 147.886790 6.564383 5.087099 15.911420 29.365494 0.398580 -125.762840 148.779691 13.059383 -20.700556 -72.094938 180.887963 18.669630 -26.275247 32.892037 130.336543 14.963025 -35.475062 -221.656358 -9.001543 46.926605 -13.004259 -7.296975 42.865247 154.828210 -6.183519 84.201481 -2.965494 63.354691 1.358457 -21.546111 0.824074 0.993457 4.610679 -175.444074 75.881852 12.083395 -9.517840 -60.904815 127.217469 18.742284 12.263704 73.358580 152.920062 18.721481 42.764938 -1.015309 121.908765 117.505802 -2.536914 46.468086 18.114815 65.158086 -4.760617 -6.431852 -33.086667 -39.316173 2.731728 -20.999259 -91.584753 -24.110123 -0.192037 -39.109383 -28.631358 11.377469 -25.751790 21.597778 12.738519 17.810185 -27.949938 91.455617 46.383951 6.502099 41.829691 133.779012 101.159074 48.297346 4.503951 28.837469 36.975741 30.152160 8.282284 -92.472160 67.987840 1.274321 -0.815432 -64.844444 97.120926 -4.265926 2.450926 -25.569074 69.296667 6.104136 -8.193333 38.129691 27.032840 8.164074 -24.362037 113.643333 69.138457 0.356914 4.829198 166.922407 115.518148 32.864568 15.703519 98.917901 78.521481 28.173457 18.552716 -25.212222 75.780988 24.192284 -19.599198 -92.068580 -16.008951 4.004444 -11.022099 -35.756049 34.308086 -4.283333 32.554877 13.764074 60.358827 35.765247 21.529012 41.133272 69.224815 29.300679 -37.874321 
-13.053611 1.176173 -0.206296 3.899784 -113.833241 -3.803704 -6.935062 -2.477191 -25.269599 9.674537 8.799815 17.270741 58.404815 48.782994 14.475494 36.296636 15.489475 27.749383 3.869136 14.677809 2.838765 -25.052130 -1.723765 -2.521327 -4.164352 -44.839383 -4.023549 -4.208272 -20.059753 -4.922346 12.104321 1.985185 -38.929938 20.227160 3.212006 -0.776574 -11.237315 -21.417346 15.721296 -0.592932 10.582531 14.938549 10.403395 6.384660 13.161265 20.502994 3.485309 3.246728 1.415062 -12.196605 -1.764228 2.140833 -5.045586 -59.800463 -3.604228 -8.829414 -22.772284 -19.841698 5.802654 -0.675833 -24.318981 -4.089969 18.274846 -2.505957 20.786883 -15.613210 17.511173 0.366080 8.150216 -0.633179 1.058858 2.648735 -1.676420 25.871512 3.523580 5.953611 -15.045247 31.657870 2.615926 4.927377 -5.069537 39.089938 1.735401 16.361358 -6.112068 1.557562 10.142191 -0.673241 -11.132932 0.743179 19.094105 -0.675648 8.121852 1.332809 9.650679 -0.018549 4.080278 9.695370 0.651173 5.558673 -4.534815 15.403148 1.928920 22.392191 -26.175185 16.773179 0.118364 12.145185 -7.744043 37.076698 0.936296 7.590247 -7.605432 22.462160 6.990679 1.883765 -8.132068 6.718519 10.444043 1.550802 2.063519 9.163333 -2.557531 -0.168580 -0.555741 5.048735 -12.120617 0.077870 1.531975 -1.110679 -6.891821 9.486327 -3.463333 -11.823519 -6.028241 16.084475 -10.148858 -30.377469 -4.008395 -4.595154 -11.621605 -0.946019 -1.418549 1.131420 -7.517932 5.095648 5.195525 1.636142 -4.532191 16.494475 9.163827 0.103395 -16.677778 37.259352 -1.230741 -1.874537 -13.063981 23.060556 -9.284599 -3.201667 -14.409043 1.465864 0.163148 5.324537 -0.548333 15.603117 -0.747099 5.020710 -11.143796 -8.847593 -1.894383 -0.665463 -2.874383 3.261296 1.581173 2.561358 -3.534444 23.534383 7.712809 9.437068 -31.654846 39.917747 0.468333 2.107840 -33.209136 19.324599 3.733333 -4.268117 -22.947963 6.202191 14.070957 -4.041049 5.101636 29.806296 2.901451 4.086173 
57.856389 17.096049 -4.338148 19.602994 -247.836204 48.453704 -66.414938 3.863302 -612.227623 -28.193981 -74.722037 -21.448519 183.406296 194.464228 125.963395 15.489475 515.096636 428.695062 113.019753 130.958302 248.561235 465.149352 27.884877 207.935216 129.117130 431.006049 15.354105 136.658272 30.265309 -214.438765 -18.548765 8.759259 -22.942284 -13.466049 -51.292562 0.696019 -101.204352 -61.982654 22.495370 -5.882068 31.367469 -153.174660 59.507716 -5.676327 62.041512 42.116451 28.403580 -0.980062 37.057160 16.863272 19.489228 29.684167 64.748364 145.236574 9.512562 63.876636 -16.166605 19.016698 -2.980432 1.450833 -70.928241 33.870525 -19.283179 6.764290 28.377006 10.274321 57.338827 6.475586 53.424784 -38.130710 27.921698 -3.257068 170.204198 -25.529846 41.526420 -2.111944 122.400802 -218.327315 27.550741 -61.657932 -38.255463 -385.084383 2.956265 -123.978025 -35.057377 -28.954784 -9.489414 1.553796 17.996821 14.254043 49.219784 0.061759 24.061481 35.947747 35.821543 0.437994 21.350278 60.443519 21.443272 2.016327 76.562593 42.113519 40.268302 9.616142 41.325185 -27.059290 26.056636 4.710370 -22.319846 -105.068364 4.858148 -35.068025 67.566543 -29.128827 58.420432 0.927346 67.190401 3.409259 27.486512 4.215864 43.836481 -2.174444 4.340864 8.129691 12.011296 -31.618179 12.303951 6.852685 -25.865309 -37.167099 21.333488 -7.650216 -36.225556 33.112407 13.725463 3.907191 -1.715031 112.610802 5.180617 36.364599 156.799383 82.693241 39.499105 3.646358 58.115154 2.568241 8.829475 11.755525 14.457191 -0.847253 5.030617 18.596605 -24.566667 -26.378796 7.447407 13.299537 15.305648 -56.255000 41.298488 -13.809444 -13.243735 -19.599198 28.370185 -13.477315 17.320556 2.994105 -6.097346 -51.790154 122.602130 90.992037 24.938827 13.129352 57.735494 35.044259 16.407716 8.733086 22.667778 41.637840 23.373302 -18.000957 7.146512 -74.259414 48.242778 -26.552284 34.131358 -176.032932 45.838889 -9.956883 -80.529815 -142.993858 -15.279290 -7.097840 -163.004414 -203.756296 -27.793117 -90.541728 
-10.066667 -227.565432 -16.392593 -9.332099 -649.587037 -68.762963 -164.229012 -6.371605 -706.747531 -71.775926 -56.787037 -32.946296 285.962963 687.587654 175.432099 27.749383 428.695062 1461.854321 220.027160 140.006173 153.803086 1198.240741 91.208025 112.056790 224.462963 958.990123 44.867901 100.367901 -21.356173 -491.169136 -0.902469 -8.757407 -55.237654 -22.051235 -86.670988 30.824074 -89.368519 -119.613580 64.248148 -11.225309 18.389506 -9.723457 58.529012 -8.167901 150.380864 261.732099 104.250617 -0.748765 77.790123 -17.726543 46.543210 -64.705556 5.493827 -170.553704 1.515432 -122.127160 -31.406790 151.877160 -18.680247 15.400000 -70.640741 81.267284 21.991358 24.258642 89.337654 66.385802 91.817901 3.232716 53.987654 -76.963580 7.438272 -4.369753 350.077160 25.380247 20.249383 23.816667 241.628395 -180.831481 9.496296 -91.063580 -152.090741 -394.451235 3.741358 -189.500617 -40.224691 84.456790 2.816049 3.218519 101.991358 28.446914 56.020988 10.148148 54.587037 -20.688272 18.130247 2.717901 5.344444 -8.920370 6.667901 -4.493210 149.420370 54.896296 20.656173 31.449383 84.668519 60.224691 22.122840 50.081481 -143.614198 132.239506 16.114815 -16.211728 -45.069753 27.298765 81.730247 17.086420 49.586420 -13.107407 2.469753 18.910494 13.664815 -94.750000 -48.356173 9.922840 16.451852 -174.769753 52.170988 -21.737037 26.089506 -109.185802 79.519136 -53.906790 -51.800000 78.807407 36.779630 2.389506 -108.160494 403.600617 31.798765 56.108025 43.567901 13.857407 23.823457 9.367284 -18.153086 6.612963 21.310494 -3.093827 -56.327160 23.217284 3.598765 -26.454321 16.588889 -50.018519 76.512963 11.964815 41.398148 -86.650000 120.419136 -46.905556 69.346914 -63.938272 79.962963 -63.881481 -136.172222 -59.715432 -8.486420 -99.869136 62.618519 8.087037 7.034568 14.324074 108.545679 77.648148 34.179012 33.404938 27.205556 99.382099 56.311728 -132.069753 115.608642 -123.145062 101.727778 -66.743210 81.933951 -197.880247 127.811111 8.726543 -101.375926 -225.533951 6.113580 -51.054321 -232.217284 -370.946296 -50.748765 -147.376543 
-39.355556 -69.032716 -11.274074 -8.621605 -166.596296 -28.937037 -35.350617 -11.480247 -109.470988 -12.429630 18.042593 -10.003704 125.714815 160.138272 119.704938 3.869136 113.019753 220.027160 102.580247 8.553086 5.054321 74.664815 28.179012 -20.432716 -5.179630 -9.254938 11.539506 -28.571605 -54.119753 -31.295679 -16.879012 -13.442593 -54.599383 67.032716 -14.616049 -1.285185 8.229630 -11.195679 57.346296 -1.543210 17.503086 48.932716 60.906173 -0.017284 1.859877 107.021605 42.130864 -7.171605 -5.499383 25.561728 14.310494 -30.533333 -17.397531 -65.196296 2.510494 -50.485802 -94.506173 4.308025 -28.001235 -6.283333 -13.420370 40.525309 20.212346 2.787654 62.549383 2.751235 63.383951 2.708025 8.693827 -6.945679 12.902469 -1.320988 -10.336420 63.551235 3.891358 -8.155556 -3.224691 68.225926 5.981481 -16.345679 -10.820370 40.188272 8.606790 -28.880864 -65.017901 -2.288272 20.924691 -4.785185 30.406790 17.129012 75.182716 -1.248148 23.151852 -0.719136 27.279012 0.089506 -3.127778 2.598148 1.472840 0.117284 -30.048148 47.475926 10.569753 -1.219753 1.909259 50.917901 15.641975 0.651852 -12.748765 57.769753 8.729630 -2.886420 41.279012 65.771605 67.495679 0.404321 31.987654 6.068519 32.015432 -1.497531 -7.253704 -19.922222 -12.475309 0.036420 -2.840741 -32.887654 -0.695062 -5.074074 6.653086 -18.995679 12.673457 -17.261728 7.316667 10.931481 10.814815 -7.569136 -7.658025 52.258642 6.166049 4.834568 73.378395 52.764815 23.139506 1.808642 4.890123 9.620370 8.758025 -0.852469 -9.663580 19.558642 4.771605 -8.004938 -24.172222 28.518519 8.220370 -2.837037 -4.937037 6.416667 19.101235 -7.761111 15.456790 19.597531 11.192593 -4.707407 1.627778 41.050617 -3.882099 3.198765 80.548148 57.340741 16.761728 4.214815 44.339506 16.829630 14.589506 4.452469 16.422222 20.871605 13.969753 -16.170988 -10.767901 -7.258642 25.866667 -21.521605 17.241975 -32.867901 32.711111 -7.539506 -21.246296 -32.186420 0.934568 -2.910494 -34.541975 -22.548148 -8.027160 -16.516049 
