366.374783 538.667432 19.546067 73.725054 218.321931 438.777013 11.063539 155.672788 -351.791577 165.681129 -20.797393 -21.744388 -307.275176 134.735129 23.981864 -127.859938 9.240282 18.194419 -2.670544 -22.343128 29.091878 -153.617539 -30.894985 3.258213 -41.506198 -94.745511 -14.263366 4.157969 56.173630 32.584277 -17.476278 20.945796 96.688323 -129.024997 -47.042062 38.977706 1.557265 -193.653199 -85.174344 58.760229 -5.774946 -18.551984 4.740282 -21.420493 -60.464264 -61.382818 3.699852 -35.776400 15.839353 -64.601928 -10.301780 -8.086037 -17.117463 -72.152612 -9.241889 7.402893 0.558183 10.173630 -11.549357 5.196485 42.597720 19.481660 -1.495664 2.567442 82.390241 14.987093 -1.749388 37.449852 -30.207657 -18.760305 -13.428655 11.955438 -148.140955 67.054816 30.824023 -53.475207 -1.222528 42.556703 31.915901 -17.822059 -21.729415 -188.852234 -42.531757 16.169677 51.110218 164.842491 20.017396 4.482502 11.804841 52.744873 23.260178 0.028492 49.822416 -73.557239 -2.592899 11.927099 -0.868789 -128.633634 -60.004923 27.130548 -44.204647 -60.432507 -26.724977 25.130675 -34.778543 -110.487884 -8.935134 5.390164 -7.504081 -215.721355 -53.913529 4.226201 26.451076 22.539409 3.694904 3.112540 0.451867 -2.425467 19.167866 2.001173 12.897153 -102.502908 -5.750128 3.189368 0.210004 -61.353790 -18.425237 5.022957 4.248954 16.358178 4.779895 30.533134 -2.202071 -0.614529 14.853612 6.979670 -14.310402 -39.613662 15.999158 -8.046373 5.928630 -90.001377 5.253852 -75.748699 33.167100 84.869911 10.467580 -22.622947 13.691639 112.426870 13.144781 15.797674 9.652663 118.454239 31.197097 6.700592 33.142205 98.076931 55.308361 -8.676360 21.850296 6.512550 26.478574 -10.198526 -14.924319 -30.863585 -5.029946 -4.500281 -10.237399 -114.838843 1.398735 -122.088792 18.406795 -114.743929 -5.703729 -130.423987 27.186920 -125.466662 -1.193960 -32.931614 -0.525176 -44.413912 2.552979 25.531808 9.297087 134.850321 7.334660 60.303311 16.567264 278.466942 27.576344 40.752933 45.926538 309.132614 25.853637 5.910800 
538.667432 1477.413223 57.881084 153.195592 143.913682 932.546373 43.264157 179.325987 -608.929905 390.421028 -25.838078 -99.031987 -448.635445 386.759259 15.216713 -227.176155 58.832874 245.553566 -38.943832 -22.673095 92.121059 -133.016529 -72.783594 15.423477 -44.801653 -160.195286 -29.214264 4.902357 158.149219 504.896847 -32.417355 59.837772 69.234619 -9.177074 -112.194980 38.422712 -49.038414 -254.419192 -171.250383 77.883685 27.513774 -104.817417 -26.313590 -6.535813 -49.864096 -205.672942 -50.664065 -42.084481 3.575605 -197.026171 -63.953015 -19.700796 -69.687328 -231.939088 -46.175390 5.496327 50.063514 12.916896 -57.274105 2.770279 84.793848 82.322008 -52.288032 -0.754668 156.034741 98.170034 -15.184573 50.522804 -34.136670 25.973982 -19.419957 11.766605 -252.570248 106.654423 -4.019131 -61.808540 43.193297 56.938017 -0.307163 -13.267065 -52.141873 -336.519743 -123.174013 71.234772 142.496021 324.613254 20.210438 18.619988 36.565504 201.837466 9.864555 2.560759 82.017141 -12.358586 -30.634986 15.717784 -47.896847 -146.524487 -130.161769 6.849403 -115.810989 -109.215335 -92.108815 42.859351 -30.913223 -121.448883 -51.288950 60.624732 51.949342 -266.149526 -97.921947 80.835629 45.411234 52.589073 1.222681 24.106367 1.164830 -87.348026 1.553107 6.975360 25.563820 -315.757117 -61.307928 9.250536 8.006581 -203.777472 -65.804867 -2.724518 -55.308846 -32.092440 -6.036884 8.463269 -81.574686 24.794001 24.430211 26.358739 34.167432 89.932354 54.813131 49.135445 42.165442 -282.147842 5.507499 -117.100551 103.841904 207.029844 22.339914 7.061677 51.952862 273.962504 22.151515 78.556933 15.483471 241.748852 36.717019 43.782522 -3.645393 165.955158 48.264310 -21.660086 -22.712274 43.014233 31.722681 -34.757729 -5.339302 25.337313 17.366238 -15.016835 -11.315121 -405.076217 -4.403734 -261.552036 40.139118 -293.445669 -15.365626 -274.970003 45.478727 -335.051117 -12.234925 -28.746710 -0.145546 -100.199265 -13.205999 111.965871 -6.387818 275.698806 1.765075 117.163300 19.842516 498.598255 64.207377 66.259106 133.527548 438.263085 30.841292 28.820171 
19.546067 57.881084 7.789715 1.672635 6.331956 42.487603 7.071931 -1.905877 -31.867156 23.081267 0.307316 -12.089226 -27.618457 31.255892 0.352158 -12.233854 9.993572 35.926691 1.528773 0.303949 18.487756 23.112029 1.630701 2.039792 6.534435 0.917508 -0.585552 -0.139731 17.851699 36.500306 5.581267 3.082339 -1.149679 -0.181053 -2.845883 0.362412 -7.421641 -14.070707 -10.121518 2.790787 -3.721304 -17.559994 -3.950872 -1.213499 -0.895317 -22.022192 -4.620141 -0.702938 7.886746 -13.437098 -2.205846 -0.391950 -1.410468 -11.005816 -1.273646 0.019284 7.237680 5.639578 -2.797062 1.127334 3.048209 5.492960 -4.310223 -0.257270 8.653046 7.350168 -0.356749 1.884910 -6.585093 0.368075 -0.061218 -2.752372 -16.296602 -2.767371 -2.813284 -4.794307 6.968779 -0.691001 0.245179 -0.087389 2.205693 -11.483471 -1.921028 5.705999 12.030150 21.934037 3.340067 1.760637 1.977655 23.896235 1.098714 0.310223 2.275329 2.671717 -1.571625 0.043924 -7.550811 -11.039792 -9.345577 -1.204316 -8.207377 -13.741965 -7.366850 0.364249 2.629017 -14.072238 -4.525099 4.438170 0.523110 -16.209519 -4.508264 6.688705 5.979492 -1.566116 -0.958219 1.519437 -0.141873 -16.145087 -5.296908 0.538874 -0.439853 -31.917815 -9.679676 0.153964 -0.332109 -24.121977 -6.879247 0.260790 -3.626875 -5.748699 -1.587083 -0.251607 -1.181971 -0.692072 0.982553 -2.639272 3.884451 3.345883 0.934343 0.502296 3.215182 -7.185950 -0.435415 -3.518825 1.670493 5.594582 -0.074533 2.626110 0.739057 13.757882 0.378788 4.352617 0.839302 17.494031 1.901898 2.182583 0.868534 17.574227 3.973064 -1.175543 -1.810223 9.396235 2.385216 -3.396082 1.552801 2.555709 2.097031 -3.816498 2.724671 -13.258953 0.160851 -13.354760 0.159780 -15.698959 -0.886440 -20.595194 3.272880 -22.170187 -0.703092 -6.691307 1.755280 -3.426079 1.065504 1.658555 3.297827 24.424702 1.852464 3.028620 3.158861 32.143251 0.332568 3.491123 9.658402 33.440771 4.672023 4.194521 
73.725054 153.195592 1.672635 33.235308 21.120523 89.900367 0.190006 56.307163 -73.370447 14.060836 -4.071090 3.975589 -64.321855 19.385522 11.120523 -27.498240 -2.624426 -5.731099 3.256811 -5.499541 -5.273799 -57.140955 -9.043235 -1.139195 -13.341368 -28.450337 -3.108433 0.000842 -1.912534 -6.267524 -1.648760 4.902280 25.968090 -26.194062 -5.786578 11.570095 4.450796 -40.702020 -15.144092 15.120141 6.083792 7.232629 7.077594 -1.435032 -18.202709 -15.695439 3.758111 -9.167126 -10.783900 -32.168044 -2.006964 -3.610116 -10.349174 -32.944827 -4.578742 -0.326217 0.689547 21.259183 5.644399 -0.590373 12.271579 5.206076 1.615090 0.050658 18.700260 -4.491582 -5.021809 10.265687 5.066039 -10.023033 -4.679599 10.469773 -30.340220 15.674395 9.696893 -7.856749 -3.323691 9.735308 9.907943 -6.329048 -14.639578 -55.963958 -16.902433 1.517141 4.308004 15.068029 2.427609 0.511631 2.425696 -7.072084 4.895317 -0.198424 16.281604 -17.651515 6.499541 2.691154 7.242271 -19.603229 -4.761172 6.875115 -6.053183 -1.355831 -2.963728 12.881619 -6.044077 -9.765917 2.394016 6.842822 -18.379859 -52.516376 -14.928375 2.617080 -2.333486 -1.338613 4.409780 -0.851393 -0.550735 12.664830 15.136899 -0.465412 4.886134 -12.032140 11.526324 0.157790 1.402127 -14.765534 -0.616391 1.170799 -4.666973 -3.177380 -0.139501 12.982782 -10.588460 6.992348 2.589761 21.463193 -13.855755 7.056780 -1.184343 14.650138 1.183349 -18.105601 3.143404 -16.905877 3.542317 14.335170 2.917279 -8.851087 2.440236 11.957224 1.318182 0.848026 0.290863 6.726814 0.839838 1.396847 -1.323309 -0.839149 2.226431 -1.211509 -0.857132 -7.112489 1.200184 6.567110 -0.609963 14.002602 -2.875727 8.561448 0.205770 -7.629477 1.532446 -13.563743 2.266758 2.236379 -1.420493 -17.779920 -3.229721 -4.617922 -1.816192 -4.532522 -5.278926 15.920799 -3.101087 4.516146 -4.818258 57.997704 -0.078818 10.458754 -2.609963 79.132231 15.585476 4.884451 12.440312 94.950184 13.242577 2.016452 
218.321931 143.913682 6.331956 21.120523 1264.590680 598.995409 38.444368 302.460973 45.616697 200.488292 -78.751530 259.283670 -1042.110652 -68.978114 43.388659 -251.293465 -192.331038 58.201867 115.249464 -124.427456 -26.287114 -243.260790 -25.796679 -12.135063 -130.327594 -359.798822 -38.385751 0.046296 32.897842 266.424855 38.505969 11.717707 192.127410 -8.715641 32.058234 52.411693 171.108739 -390.373737 -165.998087 181.031068 -82.637052 80.299204 19.461892 21.025023 -257.843664 207.415213 93.494567 -104.117998 -124.423477 -145.000459 -28.060683 -39.145011 -91.671947 -291.897995 -33.736685 -3.963958 -10.966560 318.842287 56.105372 15.060223 -20.416208 49.448041 35.414907 -2.352923 168.561142 -136.739057 -60.140266 132.133456 170.695975 -174.200719 -49.039103 193.805862 -341.073003 58.462733 45.426462 -43.962351 -201.345271 87.671028 103.730257 -69.457606 -58.674472 -238.267447 16.771579 13.159474 47.254744 272.259489 25.200337 7.617233 7.013391 204.605601 24.722681 1.415901 79.055709 12.378788 -20.451331 44.658555 113.393327 -164.678069 -72.476507 122.217631 -56.417279 -5.241506 8.619835 90.422942 -153.322773 6.181283 83.568488 -48.724671 -203.080043 -417.398837 -16.910468 -29.854913 22.883226 124.557163 31.222452 -20.223753 -8.351928 275.457300 59.590526 -5.235384 4.034435 118.088613 30.696204 2.343281 15.530227 88.084328 12.920799 42.551882 15.306856 112.325834 -5.378711 167.736685 -118.308387 92.100704 3.457530 125.804790 -256.718473 -120.479951 6.648990 -5.586318 -42.771656 -72.528466 6.432201 -164.648760 -9.292853 25.239669 3.191843 -81.202326 6.091751 83.679905 21.005051 0.462810 12.554867 64.008264 14.164907 12.875268 7.896159 39.229262 0.281987 31.103459 -21.173477 3.085399 -16.345730 69.018442 -114.235308 13.717478 -36.735231 51.384680 -36.694597 326.557851 8.195439 -91.944368 -59.432966 92.261172 -11.204699 -123.149985 -35.252219 16.636899 -12.633456 -66.935644 -5.456612 122.887741 -9.245256 12.415595 -34.780609 320.864555 5.189777 86.716330 3.810147 565.347107 46.596954 29.189317 80.261249 667.884068 99.440006 28.931971 
438.777013 932.546373 42.487603 89.900367 598.995409 1437.191001 66.372207 310.542700 -611.620600 863.190083 4.939088 38.284512 -821.450413 483.614478 84.848944 -294.753137 55.949954 447.840373 71.145852 -53.756198 136.848638 -21.998623 -52.468932 26.167432 -47.375115 -224.845118 -39.265534 18.087542 117.951791 350.921335 -13.249311 37.606673 112.740129 54.848791 -68.077747 46.688399 -13.481788 -312.101010 -221.724365 125.464800 -23.938017 -77.662381 -35.257117 26.061065 -80.550046 -161.473523 -40.305632 -29.324610 -31.949342 -257.872819 -87.582339 -2.107285 -96.509642 -349.101316 -66.021579 10.402663 -37.578665 -115.113866 -61.033976 -4.770279 12.685950 -108.968473 -81.711968 -4.209979 138.338996 -60.291246 -50.840680 71.734772 -47.959290 43.222987 -3.529538 58.586930 -308.944904 166.476890 29.610040 -42.499541 23.756198 54.178145 -4.884757 4.161004 -115.171258 -511.798439 -140.002755 51.260178 97.296908 383.689777 30.355219 18.849709 20.858739 314.551423 38.110193 -0.187022 48.543465 41.530303 -27.809458 16.913529 -75.689011 -170.440159 -118.191766 28.963728 -137.537496 -130.325069 -70.694215 60.297215 -44.036272 -134.773339 -50.771656 66.779308 28.060759 -450.810070 -102.057851 76.942149 69.932201 186.562443 5.474288 31.681512 3.582645 -34.288338 -30.820784 14.312519 3.436180 -265.540863 -116.757729 18.527242 -10.749005 -165.581114 -85.841598 8.906336 -65.923477 -61.326752 -17.195439 11.723600 -113.794001 -0.839455 18.478880 -15.328436 72.458831 131.406030 90.838384 52.733242 57.122436 -196.155188 -6.926691 -126.899449 96.259106 121.020661 -4.557086 -9.662687 51.653199 283.335476 1.883838 73.564279 21.046832 273.811754 27.439547 50.788185 10.812060 188.433731 50.377104 -10.112642 -22.696817 38.288797 27.519743 -47.014998 -5.115243 108.218243 34.174166 -8.392256 -15.386899 -77.974288 4.327977 -217.074227 12.168962 -216.786654 -9.932354 -237.706765 52.172788 -299.150903 -14.194368 -71.283594 15.504132 -144.886593 -22.117233 83.044230 -35.496021 161.109275 -11.815580 154.316498 -1.367769 547.947199 24.226967 79.670187 128.396694 728.772268 48.673860 21.058616 
11.063539 43.264157 7.071931 0.190006 38.444368 66.372207 20.570682 1.840526 -25.208576 47.895087 14.108076 -7.292649 -66.711968 57.200898 9.698577 -17.549000 0.728038 80.215437 15.968677 -2.832721 25.439649 43.098255 6.840501 1.525686 8.656795 -14.959877 -1.376059 -1.099046 24.991200 41.801551 8.340373 3.453041 5.566039 11.517345 8.288772 0.413325 -17.876212 -22.624579 -12.388251 3.791501 1.023339 -33.676360 -4.681053 8.323156 -0.597720 -43.269003 -6.831777 3.118916 -2.216917 -44.976584 -6.755918 -1.287394 -3.676844 -24.072059 0.746021 -0.898760 0.847847 -28.998699 -4.000230 0.444317 -1.796985 -39.618330 -14.099072 -0.787675 9.816677 -25.367565 -8.390190 5.317213 1.104046 -10.693169 3.783262 4.371314 -24.923324 -6.264947 -1.635624 -1.531221 -2.172329 5.661387 8.804025 -2.672737 8.308846 6.500077 8.575375 2.851138 9.386262 34.473702 6.066779 2.012142 1.337797 45.378635 5.949648 0.970284 -0.040353 19.713805 2.834405 1.264973 -16.365524 -9.756326 -4.342338 1.649985 -13.110473 -16.365014 -4.919651 4.721789 3.352005 -16.249337 0.580068 9.723089 -13.201765 -46.930925 -8.923018 7.694827 5.567136 19.071243 1.225666 2.824406 -1.573538 -21.310530 -8.385649 0.817162 -0.958219 -53.076523 -16.069279 -0.006785 0.696944 -43.850679 -8.888353 2.434803 -5.818590 -20.219671 -1.949469 2.775865 -11.003469 -3.212223 1.750153 -0.506147 -12.675518 11.063922 0.354377 -0.582645 1.586216 -17.285583 0.716458 -3.088307 0.865345 1.906489 -1.383864 5.240639 2.220819 12.065019 -0.619529 8.352923 1.686639 12.186257 -0.009004 5.498827 -3.782089 10.211101 -0.382435 -0.694470 -10.470284 -4.782981 -0.371136 -5.244694 -8.755204 -4.799561 -1.440363 -5.981201 -1.317391 -11.117080 1.942251 -15.146439 -6.438935 -22.104862 -1.199546 -19.654372 -0.092491 -33.796118 -3.027650 -5.145215 -0.921564 -6.052571 -1.975691 7.120013 -7.199597 51.170340 0.590195 11.102413 2.647153 73.837925 2.426258 7.618661 18.423783 53.813208 8.724110 6.032879 
155.672788 179.325987 -1.905877 56.307163 302.460973 310.542700 1.840526 281.931129 -181.257423 30.560147 -20.138965 167.531987 -369.134068 -34.461279 47.703398 -108.964800 -38.645087 -52.465412 45.838231 -37.026171 -22.521426 -236.864555 -20.773799 -3.147536 -81.337466 -188.163300 -16.981788 2.082492 -22.952709 -19.441384 -1.242883 3.702173 78.533517 -46.512550 8.576523 40.462504 71.364402 -144.550505 -47.957606 97.862412 -28.132231 74.980869 37.006428 26.587236 -112.392562 47.202326 57.828895 -35.842516 -59.920416 -100.850781 1.360728 -12.919498 -60.347107 -153.108662 -26.408173 -0.246556 -24.234313 103.158402 28.706152 6.960208 11.007346 24.146771 25.236149 -0.168656 51.833486 -54.240741 -16.133150 54.147077 17.598561 -66.127334 -7.743496 102.511631 -121.602388 38.134374 51.437863 14.365014 -72.024334 14.044536 40.073003 -20.535507 -83.357208 -170.137741 -37.200184 1.130701 0.857055 33.077747 9.254209 3.732629 3.847260 -47.148760 24.719467 -2.246250 34.551270 -84.323232 22.354454 11.540251 51.537343 -80.226201 0.801806 51.663912 1.613101 14.544995 18.023416 66.814203 -55.538108 15.722069 40.259106 18.922100 -108.662841 -173.827518 -16.820018 -17.527089 -3.422253 -5.317723 12.387511 -10.164218 0.970156 103.412764 53.323845 -2.742577 9.217631 65.746097 46.708295 -0.273493 1.133456 33.209519 20.116621 12.461433 -5.395011 19.644322 5.619069 77.877870 -49.996480 20.629783 7.608356 103.814356 -95.236302 -16.278543 5.863636 41.038108 -33.792623 -34.834252 0.448883 -50.880165 -7.284971 14.945822 4.047597 -38.168197 1.299663 10.886899 5.000000 -6.185950 -1.410009 0.662534 2.185644 -0.603459 -1.865167 -8.328436 5.942761 10.825375 -2.733548 -20.052801 1.124885 47.271503 -22.573003 84.350015 -6.544842 59.749158 -18.904806 107.481175 6.113560 -11.628405 -17.902204 47.308387 0.221457 -21.785277 -27.978268 32.106214 -2.924855 -0.534282 -19.123967 75.572544 -8.284359 16.398684 -11.456076 119.782369 1.716560 45.114478 -10.825528 206.624426 33.017600 17.168809 6.392103 280.735996 37.639425 6.071472 
-351.791577 -608.929905 -31.867156 -73.370447 45.616697 -611.620600 -25.208576 -181.257423 1348.057673 -283.725207 -52.477069 151.607464 297.241353 -437.232884 -128.344582 104.533236 -380.404346 -314.849811 -67.630905 -95.155800 -234.535456 -97.728191 -37.965998 -38.378456 -91.319789 -34.562009 8.630726 -16.187149 -49.382844 126.665238 30.071931 -8.790812 -98.704699 297.104173 60.800148 -37.775431 223.419677 127.417508 51.482068 -5.538823 122.164907 79.266503 -33.621518 43.505586 -142.533134 534.992450 66.632206 -75.761708 -187.914243 308.957300 13.390751 -42.304739 -82.842899 74.490945 -33.237297 -21.708678 24.507831 373.435338 66.355142 6.669243 -53.562519 168.558948 17.912356 -0.427354 -24.442327 -24.964085 -67.642409 7.836751 393.264947 -128.452530 -75.893608 104.493394 126.771350 -19.212708 -53.698781 18.834711 -255.541169 116.941001 -12.461509 -72.105652 -45.030609 360.120676 21.507729 -23.282879 -68.215616 -71.142511 -9.176207 -9.808897 1.945184 -40.938323 -83.440465 -2.031043 -8.002041 170.821549 -112.563055 9.946536 226.949240 141.533338 -42.910035 84.894552 132.537624 169.524793 20.513315 49.050173 -153.746863 490.279028 112.870498 -141.428630 -138.444546 601.307724 166.774258 -133.131466 -24.402612 152.723523 41.869835 -32.814611 16.954163 310.860575 10.650724 -16.216764 -1.863177 414.783134 20.458014 -4.107387 44.831828 341.501888 15.587159 39.865473 125.819355 173.226252 -27.907586 150.765917 42.643812 175.342465 -9.175314 138.546398 -289.931308 -56.592235 -36.849327 -86.370983 -48.059739 -120.339302 15.776043 -62.386899 -42.080987 -40.143404 6.018697 -50.777064 -30.209035 -147.345705 -7.466330 -39.217937 -14.750918 -209.273493 -43.526196 -14.089430 20.028492 -136.297572 -82.119248 74.071727 61.384578 119.061677 -46.770738 151.280201 -60.991353 107.144067 -38.435976 109.962682 9.344633 189.794307 -3.412254 34.673222 -10.457759 347.202046 6.539919 104.725385 -75.330681 408.503801 2.323181 -7.234338 -53.432890 326.575069 -11.656693 -59.171743 -1.912585 201.075298 -16.047189 -60.836420 18.767906 -56.224059 -12.694240 -40.509081 -43.804867 -246.571243 -29.762371 3.540889 
165.681129 390.421028 23.081267 14.060836 200.488292 863.190083 47.895087 30.560147 -283.725207 1111.599862 42.909320 -37.603535 -483.915978 618.944444 32.498393 -95.128329 -0.680900 529.406336 59.722681 -27.547750 167.614784 353.846189 -2.418503 24.192608 71.014922 -51.032828 -6.355142 5.017677 76.603076 73.566575 -5.458219 11.193985 15.002984 40.936639 -1.257346 -7.190542 -85.671488 -107.232323 -90.346878 -8.673095 -23.181589 -139.109275 -100.635445 20.043848 55.771120 -221.591827 -112.857897 65.244720 42.614784 -122.003214 -67.604913 41.367080 -55.759183 -212.398760 -40.899219 5.893710 -30.173324 -270.396924 -73.913912 -20.660927 -15.509412 -155.523646 -62.592287 -3.822314 10.719238 -78.030303 -9.638430 -20.814968 -160.697199 123.374426 20.485537 -87.254591 -137.521120 97.139807 -21.907025 -9.377870 133.840680 46.025482 -65.383150 59.106520 6.657484 -210.993343 -102.977732 45.678604 57.158632 240.153122 17.303030 5.822314 7.379936 297.976584 50.058770 3.766529 -20.911387 111.030303 9.562902 -7.469238 -158.677686 -56.182507 -31.155418 -53.900826 -153.715565 -92.220845 -48.721763 -58.263315 23.467860 -187.592975 -121.103076 73.592287 200.246097 -213.365932 -85.757117 128.692378 68.165748 183.218320 -2.917585 33.886593 14.400138 -38.314050 -44.484160 18.813590 -11.147842 -248.662534 -108.922865 13.315427 -13.347337 -192.800275 -76.150367 -13.899449 -88.077594 -111.867309 -19.991047 -128.166437 -76.369146 -60.364096 -7.100321 -179.127410 245.726584 243.088154 66.421717 29.890725 88.398072 94.613866 -6.674931 -12.617080 76.665519 150.122130 -6.301882 56.570248 24.270202 181.276171 -8.893939 60.179063 8.949725 171.562902 12.536501 27.982094 3.921258 98.737833 23.022727 -35.971074 -21.675620 -45.770891 5.589991 -131.266529 0.963958 -63.883379 27.493113 -109.921717 14.146235 111.819100 0.078512 -128.890037 24.363177 -38.235767 -0.010331 -135.977502 42.510560 -135.321166 -2.957759 -43.192608 12.157254 -123.215106 -12.068641 35.821625 -32.533287 42.299357 -20.341598 71.613636 19.216483 248.237833 -32.691690 57.720845 73.470156 206.026860 -29.771809 -2.757346 
-20.797393 -25.838078 0.307316 -4.071090 -78.751530 4.939088 14.108076 -20.138965 -52.477069 42.909320 63.320605 -31.416105 9.831344 75.381594 37.660927 3.573028 27.818335 97.248138 14.727069 8.426385 38.515203 63.030762 10.544868 2.112208 21.572773 3.613075 1.329839 0.183221 10.331573 -28.923528 -2.551117 -0.628584 -2.802954 5.402459 8.671896 -3.980971 -39.082313 21.043771 19.580936 -14.846750 -2.409474 -40.133252 0.055709 7.187863 35.937022 -75.592184 -15.744133 17.196511 19.010152 -59.501377 -6.161285 9.229390 16.117156 3.450235 3.438093 0.587925 -14.505178 -125.809841 -14.805096 -4.540430 -6.088690 -105.293363 -19.340016 -1.101979 -8.194240 -47.290685 -3.063897 -6.428477 -19.355959 9.108841 16.541501 -12.763111 10.548669 6.743980 8.052673 -0.119376 26.972605 2.381772 8.340603 7.025048 21.282981 30.190924 4.732247 -2.684318 -1.151031 -2.674957 2.744669 -2.050097 -2.110218 44.683808 13.447505 0.756683 -10.766656 42.483165 24.925467 -3.442965 -32.658963 16.113381 18.812341 -9.964953 -11.636236 -12.083104 2.046373 -7.768774 34.666361 -26.130675 -6.840552 19.466840 1.247526 -65.987195 -23.445210 14.633915 -0.823947 26.639501 1.142103 5.068922 -4.847031 -45.149985 -7.579150 -0.510305 -3.921947 -83.550658 -14.532038 -1.322569 -1.710106 -83.665085 -12.067570 -2.440312 -9.881900 -55.625752 -8.204035 -14.682201 -12.140088 -19.961637 -1.539868 -12.665876 29.946715 30.429956 0.923401 9.432966 -0.901949 3.843893 2.016019 22.860116 -6.655214 -2.819712 -3.669702 18.130956 2.625982 5.009973 -3.562290 14.265534 1.437328 2.573615 -4.162407 8.698755 -6.709953 -1.575962 -6.328002 -4.818692 -19.175875 -6.962657 0.395470 -14.679242 11.145929 4.771401 6.829099 -11.151796 -2.820044 -78.584022 1.971278 -2.729288 -3.228191 -73.382589 0.228778 12.255994 1.589583 -103.717809 -3.810581 12.694189 -0.241889 -111.099403 -5.410290 10.478548 -14.989414 -65.739669 -3.918325 15.000281 -11.569559 15.521120 0.664039 10.746965 16.213039 11.352541 8.244822 1.483344 
-21.744388 -99.031987 -12.089226 3.975589 259.283670 38.284512 -7.292649 167.531987 151.607464 -37.603535 -31.416105 422.436308 -378.037037 -194.916947 -4.265152 86.599607 -192.407407 -146.016274 21.228395 -57.870370 -103.634119 -325.727273 -37.740460 -12.237093 -142.381313 -300.385802 -21.686588 -8.551908 -70.948653 -102.640292 4.321549 0.365039 -20.216330 54.117284 36.116442 17.079686 75.486813 -34.791246 16.634400 90.106622 -1.888047 99.884400 18.557239 105.101852 -100.884680 177.595398 71.816218 8.363636 -109.225028 -86.434343 1.113075 -8.555836 -143.251684 -235.828563 -51.165825 -14.583333 -46.038440 12.849327 34.780303 10.506453 -30.627104 39.569304 33.003928 -1.886083 -21.458193 -48.204265 -8.096801 22.066218 33.037318 -68.476150 -11.161336 115.319585 -15.080808 -17.348204 16.067621 101.611111 -86.720539 -29.022727 5.059764 5.586981 -113.574074 -71.763468 -38.187710 11.571829 -24.163019 -5.695567 11.194725 6.770483 -10.124860 -45.548822 12.235690 -2.804433 -9.838945 -50.382155 11.892256 2.938833 26.904602 11.344837 29.195006 38.895623 23.487935 98.994949 30.247475 76.888608 -54.957912 123.904321 56.730359 44.414703 -99.967452 55.967452 50.991582 -16.476431 -8.597082 -9.930135 14.638889 -14.765432 0.733165 121.860269 50.676487 -1.524130 1.272727 152.245791 56.150954 0.044332 -7.777497 107.948373 40.827441 10.883838 -18.990460 73.032548 5.762346 65.324074 -26.335578 73.556678 3.445286 135.224186 -91.084456 26.933221 9.273569 84.863636 -17.301908 14.767677 -5.487093 10.501684 -30.306678 -32.739057 5.919473 -18.960157 -7.565376 -43.664703 5.542088 -13.664983 -5.421717 -56.089226 -8.471661 -5.502245 -6.301066 -1.524130 -14.919473 13.740180 -1.544052 23.430976 -12.483165 51.721942 -24.091751 106.815376 -0.953984 89.212402 -34.261223 189.242424 1.438272 96.918911 -46.378788 122.552469 8.705107 67.930415 -58.416947 131.863356 4.506173 12.854938 -15.963805 106.750000 -0.262346 25.220258 10.367284 -0.792929 13.017957 17.959315 -2.169192 -60.489899 15.250561 -2.168911 -41.196970 -123.101852 -4.268238 -11.306117 
-307.275176 -448.635445 -27.618457 -64.321855 -1042.110652 -821.450413 -66.711968 -369.134068 297.241353 -483.915978 9.831344 -378.037037 1720.968779 -213.811448 -81.075298 231.541475 229.242883 -368.964340 -185.473676 123.466024 -192.233854 61.460973 -41.366238 -2.649066 14.938017 401.703704 32.978574 9.473064 -52.134068 -107.683043 -55.567493 -14.546526 -182.679063 132.946434 -56.985155 -54.823385 -110.500306 493.732323 145.380012 -197.218702 185.551882 26.775329 10.020661 -53.595500 233.909550 83.209979 -62.923477 54.634986 28.690389 431.157484 19.419345 12.527395 97.934803 447.573768 47.099633 8.963269 -38.859810 -239.926997 -58.175390 -21.888124 2.812213 -18.441537 -57.824763 5.266452 -165.597031 148.382155 10.820937 -109.499235 -2.947505 109.335782 14.972146 -150.823845 440.529844 -31.122436 -50.974135 35.343893 72.973370 -34.468320 -110.844353 28.768748 31.429752 391.484389 11.931589 -44.026018 -113.226661 -453.832109 -57.158249 -19.618304 -16.466177 -307.221304 -93.783747 0.885369 -60.510407 37.676768 -83.183196 -28.175696 16.354760 225.593511 28.165136 -87.531221 135.228497 89.220386 5.952250 -87.664065 116.635445 234.440465 -26.237986 -49.878941 143.048975 737.131007 78.891644 -77.674013 -38.594735 -126.412305 -42.934803 23.639425 2.274564 -180.293388 -81.226507 10.728344 -7.215335 117.605601 -36.160086 -2.100704 -5.328130 144.184879 -9.412305 -27.538108 47.234772 -1.687022 -8.646618 -107.337006 201.136976 -7.337772 7.635445 -113.533823 149.416743 -71.221916 -30.530303 -106.120294 -23.951638 101.380165 -20.278543 170.832874 -16.176921 -52.544995 -12.222069 92.667279 -9.178451 -121.768901 -14.267677 -3.496327 -17.220845 -131.587236 -25.940924 -14.265687 -4.610499 -129.064585 -31.129630 5.540557 59.119682 2.753444 2.671258 -12.885369 117.500918 -55.096572 -2.484083 -24.638047 -50.787573 -370.878329 -20.461586 64.383685 43.436639 -151.542547 5.707377 151.451485 42.201408 -0.066728 17.973982 132.108662 0.307163 -93.426997 6.748087 20.431436 34.914754 -284.486685 -37.425008 -71.124579 -33.150597 -566.416437 -89.739363 -28.085706 -117.451791 -555.424702 -119.481022 -25.424549 
134.735129 386.759259 31.255892 19.385522 -68.978114 483.614478 57.200898 -34.461279 -437.232884 618.944444 75.381594 -194.916947 -213.811448 819.758698 108.707071 -134.994388 163.215488 825.044893 117.237935 19.622896 263.773850 459.535354 40.810325 30.741302 126.979798 17.836139 -8.177890 -8.019641 88.996633 39.136925 14.557239 7.494388 24.335017 -88.484287 8.438272 -13.111672 -136.275533 -115.471380 -52.497194 -30.583053 49.734007 -228.456790 -54.617845 9.840067 100.473064 -441.583614 -130.886083 62.848485 75.970819 -299.227273 -56.523008 25.511223 52.602694 -84.231201 2.683502 8.464646 -3.517957 -283.856902 -49.151515 -16.005612 6.220539 -277.868126 -61.081369 -5.137486 39.014590 -126.263749 6.735690 -9.663861 -161.179574 86.854097 34.599888 -80.576319 -114.848485 73.488777 5.396184 -34.823232 148.271044 75.323232 33.260943 27.732884 102.533670 -47.203704 7.523569 39.808642 52.470258 115.868126 17.402918 7.630191 7.176207 172.260943 64.542088 8.707632 -19.260382 71.907407 74.446128 -11.452301 -189.027497 -40.323793 1.371493 -78.400673 -120.280022 -131.550505 -30.989899 -49.897868 86.402357 -283.546577 -97.244669 110.326038 104.107183 -406.324355 -122.223906 117.289562 43.140853 112.806397 -13.151515 35.344557 6.072391 -198.031987 -43.761504 15.081369 -9.656566 -387.437710 -89.735129 8.650954 -15.753648 -303.131874 -61.481481 -26.919192 -69.593715 -149.615039 -4.099888 -131.023569 -72.127385 -72.661055 -0.538721 -126.477553 158.716611 213.928732 31.602694 34.464646 56.631874 57.055556 -3.627385 47.957912 59.731762 113.244108 -8.294052 78.199214 18.251403 131.411336 -5.127946 56.361953 8.075758 127.377104 19.209877 13.104938 -2.820988 83.288440 36.915264 -69.617284 -42.015713 -95.991582 18.084175 -156.246352 -6.355219 -112.781706 8.755331 -124.334456 -8.010662 -169.308081 8.070146 -106.569585 51.919192 -163.255331 2.805836 -127.201459 52.263749 -233.281706 -1.085297 1.842873 -3.528620 -104.176768 -7.501122 37.098765 -20.423681 190.914141 -8.586981 39.374860 30.676768 267.702020 -9.133558 43.135241 110.757576 185.851852 13.643659 5.320426 
23.981864 15.216713 0.352158 11.120523 43.388659 84.848944 9.698577 47.703398 -128.344582 32.498393 37.660927 -4.265152 -81.075298 108.707071 93.772498 -40.054408 81.891185 153.826446 79.039027 -1.922406 59.327365 -15.154729 9.705005 1.861570 -10.211433 -83.750000 -7.803260 -3.037879 -6.501148 -54.694674 5.137282 -2.526400 29.339532 -35.375574 17.383150 3.258494 -19.702709 -26.772727 1.868916 10.206152 30.862948 -33.091368 26.552801 22.585629 3.585629 -114.668962 -1.158632 8.250689 -15.253444 -134.924702 -8.134757 -0.050735 9.459366 -36.738062 5.990588 -1.272039 -17.560836 -39.344582 8.105372 -4.481864 -6.027319 -103.954316 -1.061524 -2.815886 13.902893 -82.762626 -1.766529 15.141873 -4.655877 -13.219238 10.740358 30.581956 -24.684114 38.312902 34.801882 2.355831 9.402204 12.943756 48.694904 -5.476125 -9.800735 -60.019972 15.099862 -6.646924 -7.637511 -13.494720 5.479798 -1.931589 -4.018595 -29.318641 28.939853 0.074151 -1.235537 -20.752525 50.174931 0.993572 -23.148760 -22.800964 26.355142 0.252984 -0.267447 -33.504132 9.028926 21.274793 21.732782 -56.407943 2.405188 43.632231 -63.733242 -196.700184 -38.248852 9.720845 -2.199265 21.153122 6.358815 1.860422 -7.877181 -25.785124 19.462580 -0.764004 -2.627181 -78.608356 10.707989 -0.441230 -6.574151 -86.922406 0.845041 -2.422865 -20.615702 -56.761708 -6.865243 10.873049 -36.225895 -17.049128 -3.259642 35.771120 -13.275712 24.533517 -1.194444 32.686410 -9.244720 -44.695133 -1.066116 8.219927 -3.097567 -25.073462 -4.927686 3.354913 6.542929 -6.535583 0.090909 6.144628 1.958907 5.174931 0.567264 3.286042 -10.783976 1.326905 0.952020 -13.536272 -24.109504 -23.778237 3.224977 -11.291322 0.269743 10.180441 4.157025 -3.047980 -16.923554 -85.129017 3.648301 -1.976354 -1.417815 -83.206841 -1.595271 4.770891 4.493572 -96.581956 -4.212580 11.072773 -1.598026 -56.703168 -5.051653 16.974518 -15.541552 24.985767 2.550046 19.648990 -10.629247 98.645087 13.236685 12.105142 23.715794 133.308310 33.431589 -2.177456 
-127.859938 -227.176155 -12.233854 -27.498240 -251.293465 -294.753137 -17.549000 -108.964800 104.533236 -95.128329 3.573028 86.599607 231.541475 -134.994388 -40.054408 269.906158 -81.131007 -167.943118 -48.757984 57.923477 -94.282726 -57.812213 -4.842082 -7.970029 -46.978191 -24.968294 12.046041 -3.418911 -60.925237 -269.554127 -13.698194 -7.537471 -80.472069 -38.371850 6.765509 -16.608407 -64.444929 117.835017 89.507831 -49.940975 -4.563897 -6.241251 -4.595654 38.903505 72.735155 -18.876288 -14.101903 75.761708 13.843536 73.542700 27.361774 15.779487 -43.424778 60.882793 11.227196 -5.498393 -25.623992 -260.455540 -15.385445 -5.613687 -17.159703 -25.321574 2.087644 3.376849 -97.153632 38.297419 31.329278 -51.786246 -102.613432 38.184854 22.903709 -55.149959 137.097337 -77.857999 -19.609300 67.594582 61.041169 -47.900597 -35.568794 49.433935 8.237680 158.217707 7.214493 -5.035303 -34.254081 -159.342338 -12.798541 -4.140598 -15.349225 -80.526324 -11.832262 -1.928553 -47.826242 -20.326599 14.169115 -16.128354 -59.686614 93.012116 62.713065 -49.495562 -1.179038 60.394399 22.249311 -26.403709 48.075145 -16.652765 -15.355346 36.251862 73.868789 222.374094 39.003520 10.146618 -13.147893 -94.046755 -9.804178 1.572187 -2.363254 -47.542394 -6.524462 7.090501 -7.141873 59.191613 23.653097 -2.124936 -16.281323 44.124375 28.013851 -16.431129 -37.839557 5.112131 7.276273 -65.523493 60.497602 -16.781859 -5.425696 -23.071651 121.451510 65.834660 -7.625421 45.719467 38.463779 152.369605 -4.079074 108.619223 -16.166488 -34.619223 -2.543950 44.979084 -13.669753 -67.053285 -3.058923 -6.302265 -9.804637 -76.650750 -12.696026 -10.673197 -9.967886 -54.030711 -19.340348 -13.445465 7.913402 -22.091980 -8.663606 -18.820605 47.779232 19.881186 0.420824 1.340348 -0.172916 43.230946 -6.496837 149.089404 -15.168503 37.540379 3.146949 148.279665 -28.724875 63.339634 7.373788 43.860601 -1.294383 -49.479109 13.247602 -14.767651 24.513596 -254.408632 12.097694 -48.138328 3.166437 -429.983012 -17.553234 -27.465667 -67.871901 -494.358050 -57.288134 -17.944929 
9.240282 58.832874 9.993572 -2.624426 -192.331038 55.949954 0.728038 -38.645087 -380.404346 -0.680900 27.818335 -192.407407 229.242883 163.215488 81.891185 -81.131007 551.775023 80.082339 49.904346 40.956382 144.558004 -76.578972 -15.220080 4.290021 7.937557 37.326599 -8.071778 -5.028620 55.875115 101.099939 -0.276860 -7.232629 5.978421 2.282675 -16.865167 -17.020967 -98.198500 75.489899 -1.180747 -54.709672 25.001837 -62.002143 23.426538 -36.179522 163.961892 -325.000612 -57.617386 42.033517 83.371136 -227.045914 -37.696204 13.424855 55.987144 0.777931 16.190083 -6.330119 23.140343 -15.488522 -24.952709 -7.314356 15.909550 -68.318794 -19.543006 -6.692991 -7.737680 -30.988215 11.811754 -18.582032 -119.737527 75.062749 26.497092 -55.715182 38.088613 50.827212 29.998010 -19.795684 147.174931 -95.412305 -1.747016 29.747781 19.769972 -179.603306 -1.321855 -14.614937 -12.971687 -125.872666 -15.053872 -2.763238 12.214570 -114.788338 9.313590 -1.285277 -0.334864 -74.424242 25.826446 -4.878482 -68.897919 -34.274870 32.699418 -46.100551 -15.705999 -105.342516 10.155188 -55.774870 108.187328 -203.009795 -44.967707 47.625497 50.381237 -258.274258 -59.854913 37.735996 -4.458525 -144.036272 -25.714417 2.363789 -2.596878 -183.921488 -24.026477 2.121518 0.842516 -139.199265 -18.684267 0.466177 -15.090144 -122.979645 -7.718090 -23.134986 -52.810989 -119.571472 -7.778543 -89.887052 -34.618151 -101.815121 -11.151056 -101.679216 174.598867 24.703551 12.893939 13.969238 -23.455158 -202.644628 -11.458372 -31.921488 0.847720 -103.366391 -9.529538 -33.567646 23.223906 7.448424 -0.616162 -10.320018 8.006887 80.498163 8.436792 -0.732476 -21.633303 46.571013 19.377104 -33.271962 -38.881390 -0.116621 16.406795 -77.406642 69.807622 -3.902051 53.518978 -70.548822 -8.331803 -147.108815 2.631466 -34.778543 -1.559229 -191.551117 -1.458066 -79.580961 82.143404 -197.929599 -0.064432 -42.870830 56.343893 -129.907713 12.846495 10.470309 10.806091 -24.393021 20.768901 5.998316 -5.293388 13.473370 -3.247322 3.217937 -8.339761 51.401745 8.115090 -19.632844 
18.194419 245.553566 35.926691 -5.731099 58.201867 447.840373 80.215437 -52.465412 -314.849811 529.406336 97.248138 -146.016274 -368.964340 825.044893 153.826446 -167.943118 80.082339 1474.902255 245.799306 -21.887665 392.880982 1059.100551 121.709621 37.585042 230.485308 111.071829 -7.864912 -0.881594 71.002602 215.020610 55.978727 2.301704 34.450260 -9.073054 68.606163 -22.550454 -144.360167 -83.456229 -42.815223 -21.677941 71.960820 -233.669217 -39.372207 16.934190 159.658096 -414.751811 -91.495205 36.510560 20.214315 -374.715794 -67.821600 18.492552 73.691766 -133.152535 -9.694827 9.783287 -47.184777 -180.143863 -20.909550 -21.619784 -22.609122 -381.223192 -58.166157 -11.511376 35.059280 -182.570146 -5.154117 -0.323487 -29.389552 61.081675 47.074941 -31.982961 -111.427456 66.665391 -6.772931 -10.188705 58.917968 170.443985 82.214111 6.577084 184.183349 222.262779 72.539639 33.912713 34.962759 61.479390 9.934905 14.254923 9.808591 217.908785 88.353841 2.757066 -27.764208 144.255892 142.279920 -15.098000 -194.002092 10.494082 19.433170 -79.725283 -106.340475 -96.144169 -24.975666 -21.287063 99.567646 -178.005408 -51.469493 130.463014 26.052699 -453.863534 -111.613713 103.652280 40.721814 139.097031 -20.962810 47.948475 7.863024 -185.247322 -33.804969 7.385165 -17.552801 -489.102541 -82.539231 4.983063 -17.052240 -414.088562 -48.337313 -23.191001 -70.765126 -174.079074 12.951229 -93.059382 -130.559127 -51.229160 -4.196664 -39.766503 -0.036221 228.377002 8.557239 68.607438 67.493980 144.257117 -3.654627 79.868840 55.510152 128.509948 -10.400724 125.691715 -0.024691 125.830374 -6.370370 68.822008 3.327824 112.811907 18.695796 9.667687 -32.490103 82.521528 19.140853 -74.744159 -102.686359 -117.101316 2.176921 -142.063463 -68.257882 -105.284308 1.459341 -102.054994 -35.224008 -141.461433 9.941741 -91.553821 45.137282 -141.660902 8.208652 -102.780124 36.104581 -221.949138 0.432915 44.423375 5.288185 -50.504132 -19.629834 47.600296 -28.416029 207.921488 -35.129375 18.570146 17.521579 308.711203 -19.792266 30.407356 140.736455 222.863789 14.603102 31.740843 
-2.670544 -38.943832 1.528773 3.256811 115.249464 71.145852 15.968677 45.838231 -67.630905 59.722681 14.727069 21.228395 -185.473676 117.237935 79.039027 -48.757984 49.904346 245.799306 187.242016 -27.121977 113.888991 173.556474 90.241251 0.264820 43.842516 -27.334456 3.588971 -2.759820 -3.382308 -31.281400 31.155341 -4.954137 42.995103 -38.488011 47.444802 3.507754 2.724263 -55.281145 8.020457 8.059025 27.423477 -39.978625 24.197276 10.476737 1.666973 -147.310632 27.456178 -4.985767 -39.045353 -199.346189 9.652178 -6.854352 18.567646 -73.942965 5.234772 -9.541322 6.373482 62.935874 34.854454 -0.242475 -5.945057 -69.576625 19.128048 -2.941333 24.333741 -92.025814 -2.860116 20.819814 17.924446 -34.206561 -0.174574 35.478829 -47.195592 18.073819 31.085144 1.246097 -4.635598 28.051423 72.984236 -10.050913 21.985155 -47.663606 40.605908 -12.126212 -10.190950 27.660188 10.928732 -2.630497 -8.811346 -36.061677 37.794001 -1.900775 0.012142 -43.230640 63.199418 6.366595 -19.954290 -34.793439 33.831752 5.226661 7.005306 -30.236915 22.325069 22.376594 -0.056168 -84.493674 17.546169 38.963983 -87.509999 -266.726916 -36.506581 9.924395 -3.930721 52.157790 14.284206 -3.316702 -7.486991 5.679829 38.770993 -4.268085 -1.879247 -59.939700 38.476329 -0.715845 -1.389909 -83.128150 20.834558 -1.001837 -11.930466 -67.327263 4.344455 17.963881 -56.810479 -48.100041 -14.665595 35.829864 -63.434854 -31.821906 -16.077441 17.254821 -0.445312 -52.009183 -3.543720 -14.335323 -0.820529 -27.129324 -2.834354 -7.717886 -0.303591 -19.338639 0.370370 -2.787114 3.612029 -9.241659 2.185287 -2.945924 -9.354250 -15.621620 -2.605499 -17.041424 -27.417406 -44.253597 -4.527242 -13.757474 -25.208142 -28.219825 -1.276145 -3.157127 -14.806754 -6.471074 3.033466 -0.968677 7.240588 -23.987399 -2.895980 0.592797 -3.795582 -43.652791 -5.025202 -6.167177 -0.428222 16.907254 -6.987246 -4.664116 -11.443475 79.909550 -5.553821 5.571268 -13.780533 151.274564 9.550301 1.155545 62.421028 261.366697 57.550250 7.885879 
