601.063182 1140.869299 40.903301 91.780431 111.356418 913.704877 -35.466534 44.196638 131.196409 -25.372232 -122.876135 106.725156 -256.186461 -356.264998 -116.471865 6.055454 -196.384349 -42.981481 -48.564152 -17.564560 9.563412 13.718626 -5.325502 15.255127 -107.453398 -18.553030 1.416922 -5.827594 32.224059 10.164703 -31.309688 2.127844 67.063922 -51.228446 -38.336445 10.433935 268.212657 -63.234160 -52.761045 44.512830 -94.980691 -4.712274 -110.954290 33.513391 37.725181 27.347439 -36.626645 35.903071 151.017218 15.542878 -20.712300 49.652357 -157.464340 12.586573 -21.036425 -3.888277 -18.868993 -91.803107 -57.921386 -1.270304 58.180517 -102.467325 -21.855219 -4.692021 173.866289 -58.725462 -37.270074 -0.592006 -74.092950 36.961968 -79.083665 -23.678987 62.995103 20.763927 -4.594812 -17.600857 28.093919 -23.495485 -28.210769 27.035864 -144.778339 48.627640 -56.944011 27.950031 -61.076038 -8.562800 -86.446255 -9.249158 27.088103 -3.225258 -37.641771 3.376977 -55.550760 -28.621875 -67.372615 5.155443 -38.841649 35.410009 -23.474161 -32.822544 42.415442 -11.148021 -11.043261 -53.679012 33.466355 -57.436767 -49.766886 -8.165315 34.604173 52.908759 -45.326370 41.613713 1.775788 20.660366 -79.065427 -48.362310 81.818513 -9.715004 -95.655673 4.258826 13.972962 -7.618508 -79.819483 5.989618 15.669600 -3.608229 -9.360626 -3.860422 21.712019 -7.718243 -27.907433 -6.285813 119.186741 -51.331420 -46.204699 -15.362438 35.681104 -59.863968 -21.607464 -50.520763 157.804994 -11.346521 -48.655520 -87.771937 107.690695 -54.666335 -69.859734 -5.774513 116.745256 -7.343996 -40.695822 12.031425 17.965845 -2.234236 -8.951459 0.385394 -12.736787 -8.311754 -72.666590 3.060555 94.674982 -20.871416 -61.746659 2.470896 34.017422 -74.378048 -8.708754 -49.657433 322.371442 117.092669 -2.152944 -26.229033 83.980461 137.952760 -33.566626 -9.734823 100.911769 68.370141 23.447352 1.923477 -70.283134 -44.896108 -42.040277 -8.271248 -70.559025 -48.613152 -95.966253 1.220258 127.977043 65.880982 -33.309382 14.467937 89.598714 11.750332 3.425059 -3.190593 
1140.869299 6656.845730 423.869911 342.920722 -369.283594 3516.478727 30.371289 -9.352464 749.609428 47.305938 -323.109581 119.989746 -272.060759 -1097.876951 -393.546220 -119.435568 -542.682890 -150.611111 -163.391032 -47.572697 270.745791 112.153811 -6.890878 79.622130 -352.960973 -160.338384 -29.986838 -24.011938 19.395776 597.355219 -9.413223 41.731099 99.751913 30.667738 -83.825222 -5.752372 1087.859963 -129.597796 -163.011325 39.623661 -214.737986 -21.845271 -415.355525 28.716253 27.949648 20.002602 -136.322773 117.629783 597.383379 -18.561218 -75.845577 171.601010 -477.193297 -89.036884 -123.512856 -17.533058 -63.235996 -95.420110 -92.682890 -3.652740 101.070248 -46.052342 -29.419192 -11.627487 676.915672 -62.680288 -183.695439 35.461586 -119.302265 85.523416 -368.170646 -46.551882 182.208907 -259.656107 -101.117539 -34.796143 402.359351 -188.127640 -134.640343 87.814203 -327.057239 160.435721 -190.984695 6.769054 159.340067 404.175696 34.074227 33.520202 122.491582 393.645393 -129.019437 18.715641 40.017141 54.411234 -295.476431 51.228956 6.334558 285.783747 -244.998010 21.038567 48.439853 245.658096 -91.958525 -59.809764 3.166973 -59.301806 -115.616774 36.162687 64.245026 255.460667 -134.219467 51.359504 774.092287 31.136517 -420.012397 110.298745 325.630242 26.884604 -412.893327 72.646312 165.327058 -7.528160 -344.081267 14.526936 293.252372 12.918427 -78.898225 18.205234 -92.516376 99.855831 -88.560912 25.413682 127.806550 -17.729568 -201.552342 21.529538 226.405571 -64.190848 -39.885522 -154.880471 99.447811 -24.102694 -432.527854 84.332721 50.707530 237.205999 -381.099633 182.614937 101.412764 139.397306 -158.056933 16.028620 300.170952 0.416437 4.193603 3.498470 -226.472758 -36.837006 -211.029385 10.938782 76.564432 -62.441843 -210.363942 18.100245 328.633303 -110.031527 -22.550505 -180.490205 -408.961892 -349.691001 -202.628252 -378.551423 -177.446587 213.670493 -422.592440 110.252831 36.557392 414.012397 -8.641873 10.197888 0.905418 6.807316 44.370217 -7.214570 -604.071931 -89.625497 -91.473829 10.405724 201.381084 204.536425 -4.732782 29.519284 381.472452 79.837313 73.944138 -12.453780 
40.903301 423.869911 220.519564 -16.705132 -25.894067 219.286858 166.843026 -31.425747 119.667228 33.734491 17.118100 -30.856928 73.872870 -101.668886 -43.621340 -4.847005 56.153862 -4.962963 -19.563488 30.164652 102.734568 36.793312 3.319534 40.873890 16.444215 18.795455 6.930645 -0.213269 78.544077 291.365600 129.125574 3.297776 27.196868 49.277115 40.300173 1.142281 85.347031 -8.453168 -20.101214 -2.616595 31.827339 -8.803336 -57.319355 -2.955540 29.310632 0.574508 -11.791169 24.051933 32.632920 -3.595220 4.180619 34.771886 -14.676155 18.802775 6.805938 4.253750 3.065044 12.153887 0.670697 0.170671 36.328206 -23.815963 -11.558923 -1.700541 66.673656 -16.916412 -37.200082 2.916157 8.797266 -26.891720 -4.079788 4.695057 10.444751 13.631390 19.484619 11.136670 8.312417 23.900444 -10.104199 25.805734 -21.767116 83.245179 5.727298 -5.218626 -19.252245 -37.617182 -26.795710 1.643098 36.800786 -14.242603 -21.441792 -1.820962 35.713295 7.350525 -5.612233 3.723345 38.587746 -43.200184 51.374069 4.604913 -5.868610 -28.498903 20.788899 4.153760 44.332543 -28.736328 -17.760203 3.522064 17.539996 -43.986353 -3.316881 -31.388736 -61.625191 -47.872028 -77.582874 21.041373 16.723727 29.242552 -17.140470 6.483139 -11.683706 18.129987 25.100934 0.409371 60.845092 -32.156693 32.847771 0.713499 -31.059127 -35.264769 -16.048031 -0.862029 57.773314 -28.589608 -31.063437 0.148021 50.752780 -69.036858 -4.170314 -24.393378 -166.557520 -37.900954 -65.837134 10.512524 -14.911540 92.476252 -46.590680 23.982961 -32.037267 56.147026 -1.656795 -0.612233 15.390445 1.140113 8.764590 -0.288976 -63.636032 -5.901286 -43.138736 1.806295 50.169830 -2.928859 -22.350219 7.440950 65.932992 -29.024615 3.042088 -12.510152 -173.034894 -182.079813 -35.590399 -80.652510 -25.284869 -38.577645 -81.104632 24.089277 -10.946664 38.444827 -21.590144 0.725742 -34.495562 12.090782 -4.682405 0.011376 -106.444649 16.388175 -12.677456 4.436308 52.903581 46.001020 15.706994 7.231328 54.399449 10.120192 14.720488 -0.594990 
91.780431 342.920722 -16.705132 89.178349 -4.542037 233.764718 -28.936537 46.674676 40.743547 -54.957096 -33.564075 46.369707 -97.433323 -127.431436 -32.077390 -5.469952 -87.612386 -24.299663 -14.467197 -12.043975 -2.722783 2.585706 -0.345322 -0.541475 -14.142332 -13.252525 -1.804918 -3.378329 -20.050964 -34.470819 -20.073462 9.627691 7.763340 -10.682226 -15.328487 6.024232 99.901592 1.020661 -11.453117 17.929803 -58.415111 -1.209979 -32.092797 9.373125 5.653862 -1.165493 -13.696664 9.469799 46.258953 -5.729926 -7.888073 11.932660 -41.191154 -33.220437 -10.424395 -4.993419 -3.233088 -4.620141 -4.699929 -0.242679 9.144475 7.396082 3.705387 0.070452 58.940975 3.235588 -10.134782 4.715692 -26.161667 12.113254 -40.214213 -1.499235 27.083716 -28.806091 -15.783747 1.720080 28.787828 -27.487450 -8.591317 8.172993 -42.008979 -10.352617 -17.123916 -7.007499 21.813692 42.259667 2.001786 2.988215 9.833895 19.928018 -16.478165 4.309866 -4.791042 -10.731456 -22.578002 5.355780 -20.619274 33.078053 -37.393735 -2.959137 10.966636 22.020100 -14.315223 -7.586420 -11.173758 -11.530048 -10.186154 3.580400 -17.093103 45.881747 -12.476278 -3.364708 64.123814 3.541067 -33.977961 4.558872 25.158657 -20.099378 -36.690950 10.115498 14.750587 -9.783645 -34.082798 3.586420 -6.418172 8.149883 -15.560657 1.394399 7.024997 7.757423 -8.949138 2.188246 23.508520 2.059076 -18.240282 2.143149 -1.325018 11.780737 -9.189113 -0.645342 41.748597 -6.438272 -24.486022 8.798694 7.653505 -5.876696 -15.822314 11.674829 13.763391 3.309203 -20.894858 6.048260 8.526987 0.562137 -4.834456 1.091011 2.333537 -3.509183 -20.294001 2.057953 21.755637 -4.722732 -25.295939 3.355270 13.133201 8.785940 -5.405724 -5.338027 21.345271 18.283440 -4.882359 -5.697582 -16.748342 24.523314 -24.883736 3.294256 -0.734466 21.686716 -3.338690 1.369299 -13.167432 -11.082441 -9.882257 -0.296806 -18.948067 -12.242475 -13.179522 1.352413 31.846648 9.901949 -4.072697 4.590297 16.966483 5.022294 1.527293 -0.476482 
111.356418 -369.283594 -25.894067 -4.542037 629.388863 -294.399194 -67.159678 162.921921 234.975870 -424.787445 -124.415774 156.545786 -446.901184 -316.264080 -90.116187 -40.399704 -108.978319 -38.047138 -26.080374 -1.204443 -79.147026 -3.590833 4.337644 6.588919 -2.779844 43.143939 19.484109 -0.848714 23.881543 -115.544052 -16.657713 -9.221253 281.533313 -166.114274 -37.501581 39.966840 188.539103 -97.861341 -54.958627 71.372641 -330.450694 -29.869758 -83.053770 21.225054 146.394450 11.225003 -20.578436 23.654831 71.620523 34.886007 6.857336 0.500842 -106.952403 24.489848 11.285430 -16.712886 -1.360728 -41.298515 -26.520406 -1.664856 226.026247 -76.887435 6.765993 8.953831 114.149883 18.285405 -49.137996 11.785252 -196.822365 20.466100 -43.302826 -18.071090 113.172788 -103.475742 48.235308 -19.968626 4.430160 -5.670416 -7.712759 -5.688348 -185.539282 -6.540863 -22.855550 -1.834634 -51.648429 -51.419396 -73.669243 -4.289562 108.712682 -134.203066 -15.330783 5.684292 -24.153301 46.586267 -49.047699 -3.346240 -85.740027 78.698347 14.958652 -19.429522 89.842440 -135.687659 49.586063 -15.702581 6.506913 -10.441205 -0.923758 -23.359224 -61.836445 0.866366 -27.415901 25.503061 -146.029079 16.743776 -63.998393 -46.091725 8.078079 -102.939368 -2.902842 -10.410443 -138.532701 -27.511376 -45.746480 -2.032267 -56.272396 -5.449520 15.738241 -4.093664 205.539690 -31.361035 11.920697 -4.637052 -18.718064 -26.037114 -30.038950 -11.875446 -67.691868 31.527982 -23.661336 -24.635241 -140.587262 23.973345 0.537624 -112.807596 -3.862106 -123.977477 -26.876722 -24.593307 -65.843817 -49.034231 -74.613177 5.225028 15.382129 -10.185109 -2.150112 -0.009310 193.746531 -11.859045 -37.979262 1.540047 -20.259973 -21.887792 -69.135700 -1.718881 -90.837644 -36.257448 -16.006734 -31.167687 4.645546 -106.043235 0.252627 -104.562825 17.575349 -90.285226 -61.335068 -25.148811 -2.627717 -8.196893 -52.146312 -2.540710 65.982706 -57.792955 -24.246582 -9.216917 181.268646 -58.276911 -87.677916 3.390292 -4.478880 -0.530099 -57.281833 5.962427 -58.869605 -34.949699 -3.014488 -6.606877 
913.704877 3516.478727 219.286858 233.764718 -294.399194 4088.200388 104.646822 -45.786246 367.609989 1808.149934 -139.412050 102.351138 348.184471 -265.885369 -206.727477 107.888226 -582.316447 -159.962963 -135.506632 -87.978982 -17.464085 38.131925 -10.273595 27.842669 -414.370064 -124.161616 -37.970564 -7.067493 -97.988062 -146.862514 -115.150597 3.154219 -162.177941 -238.252576 -151.835884 -39.729926 599.474441 -236.355372 -80.507397 -48.099684 281.157076 -45.872207 -179.632180 0.719620 -184.622181 60.936384 -88.400214 14.976023 471.004591 42.274921 -41.348383 93.784512 -258.775788 -24.207479 -125.736762 29.034282 -86.234313 -225.049740 -120.991531 -1.783491 -121.790021 -27.422712 6.067340 -17.611774 300.688960 -10.979390 -4.204979 -9.591725 -24.912254 151.289409 -166.058974 10.325222 -22.062137 203.582951 -85.122590 -18.082339 260.395827 -108.833027 -44.858637 37.589175 -142.268799 85.981175 -173.617131 53.459290 -33.035915 184.740792 132.141006 16.779461 -57.015713 345.936078 72.429497 0.201612 -9.196102 -6.885624 -166.432099 29.694725 52.706050 -51.852617 -155.537853 -28.587695 57.183961 49.145189 -97.932711 -33.959035 119.737119 -109.438731 -67.041577 26.873686 21.470054 68.637996 -108.736302 135.211356 486.671411 -33.918478 44.649219 48.160137 121.094327 -71.353331 -279.702530 44.080094 314.612131 -100.459698 -177.088001 5.706510 222.265279 -163.187073 -67.690032 1.447658 -28.586522 -71.686257 -19.437455 -4.167126 180.083767 -68.307009 -28.119682 -0.478319 78.121620 -56.957963 -28.517957 -19.198092 683.887767 -126.854658 -209.209111 144.478625 107.012244 27.892307 -133.306703 73.258596 219.724212 55.574635 29.776400 9.330527 114.804510 -1.329354 0.450617 2.526528 -45.628762 -31.503673 -90.051270 6.820375 54.091929 -88.900316 -82.646210 4.809560 59.258443 -90.322212 -15.892256 -85.129375 333.846189 264.335935 -75.135547 63.694368 -15.558821 285.410111 17.970972 47.607489 59.074227 162.273339 92.945669 2.795531 -71.855525 -17.742628 7.310172 -11.124222 -132.234670 -69.654678 15.046373 -0.019080 148.189164 30.698602 -8.779920 17.638812 155.533058 -7.279410 24.924498 -18.713601 
-35.466534 30.371289 166.843026 -28.936537 -67.159678 104.646822 299.660749 -71.808438 46.985410 149.911489 164.012958 -79.010050 176.479849 56.721610 -8.164728 15.064381 98.741098 18.658249 -16.669319 27.790225 56.931538 19.428528 -2.499337 31.383532 -40.403581 -21.671717 -6.681155 -0.972452 69.906795 276.302469 124.839761 3.527344 -7.612591 109.008060 77.892919 -6.323283 -12.825375 14.684114 6.052597 -24.027752 119.560810 -11.054943 -27.984185 -12.265687 42.047087 -11.792113 -6.089379 10.283338 -13.412305 -19.230436 -4.112080 7.895623 -33.076982 3.463473 -8.773493 8.421794 2.450719 15.858892 3.879145 2.912866 -14.257423 -35.423630 -24.513468 -0.920467 -4.562800 -34.645291 -23.209264 -8.461943 66.040149 -52.024640 26.777421 4.296755 7.964034 46.575605 19.192378 6.115549 -33.242679 30.128405 5.194929 11.248801 -1.014590 145.241965 23.935976 -1.699112 -77.588103 -66.827926 -19.970870 5.188552 -22.739618 -22.637690 -1.446383 -0.632486 -14.172380 17.938680 20.428171 -1.584736 46.555147 -53.837006 69.526273 1.184114 -9.424395 1.948985 23.338027 -3.477553 51.863534 -9.529028 5.907611 -4.012142 -12.404908 -27.985206 12.820631 -44.954852 -174.734466 -39.951229 -22.450413 26.769105 -52.686512 71.508162 23.171513 10.698704 -56.090501 44.920161 53.924395 2.871493 68.762677 -17.033415 38.833078 2.416437 -22.294205 -32.687634 -11.831548 -4.270891 87.583002 -33.558157 -5.822620 -7.294358 8.733497 -102.358943 -4.142536 -1.762065 -183.176207 -19.807520 -27.283645 20.281349 -44.060759 96.975105 -26.970156 13.364044 -59.410315 66.833895 13.561065 0.296857 10.624834 8.174319 10.171156 -0.262116 -40.716151 -2.707530 -19.015458 -0.043567 72.576166 -8.048005 3.151617 0.690491 15.787216 -36.378380 2.819865 -1.341649 -154.682736 -154.299969 -21.447148 -46.366697 -48.236660 -55.964238 -59.246965 24.122794 -13.066269 21.054790 -11.860116 3.674778 -46.640190 34.825171 1.033160 3.505867 -31.906999 29.994694 16.162994 1.358025 62.187787 19.428936 21.197123 0.365626 -7.692837 -5.878431 6.697072 -1.857157 
44.196638 -9.352464 -31.425747 46.674676 162.921921 -45.786246 -71.808438 176.238267 44.556678 -260.814075 -75.587950 175.681691 -290.381441 -207.703015 -49.603331 -7.509438 -109.097694 -20.648148 -12.374681 -6.962937 -9.838945 -3.700107 9.089251 0.551270 39.539256 31.462121 17.003393 3.090220 -21.764463 -113.039001 -24.710514 -2.679471 60.006224 -89.666616 -25.805530 27.290532 105.937175 -33.351699 -19.300684 82.491098 -173.290914 -13.844965 -41.882971 36.777854 14.374707 -8.792445 -14.536654 7.660341 27.755510 -11.105729 -2.654142 -0.085017 -36.769666 -61.060198 -2.409703 -14.630242 0.941384 17.602770 6.698602 -0.618024 43.474365 34.228268 7.892256 2.217835 67.149424 20.396057 -23.396031 19.109402 -70.577645 -8.701025 -55.430925 12.364172 48.668197 -97.994567 -11.016299 -4.362106 59.285991 -69.103841 -16.967121 -4.114427 -60.635241 -137.097337 -23.516707 -30.143633 65.442480 67.683451 7.805964 1.584175 29.611672 27.925033 -36.288083 3.770610 -9.773595 18.774513 -43.951740 4.189113 -31.716151 63.438476 -43.732349 10.064968 39.187251 6.983599 -5.511733 9.923681 -42.603280 -2.962784 -11.652867 6.376314 -48.141771 16.076650 -17.927839 7.495715 105.222528 1.638175 -61.449725 5.365116 21.534461 -38.088588 -31.380803 3.917381 -47.167687 -14.797878 -18.889272 -0.668631 -17.611239 15.735053 -4.537241 2.537190 64.243087 29.676155 1.439981 8.427227 -62.591343 32.753979 -21.271732 17.147510 -10.566065 119.748368 -3.343154 34.985971 6.665264 -10.056958 -32.662101 7.751173 -12.557698 -14.314024 16.299128 4.377768 -70.534818 -6.640292 -12.475895 2.467452 17.223268 -3.168121 5.738777 0.516401 61.742399 -5.698347 -11.703780 2.149321 -20.607081 -7.950694 -25.879043 2.687914 8.249133 42.885343 0.523569 2.604122 -54.437098 -35.298056 -2.546271 -35.206994 -30.345220 -42.490919 -46.309356 -10.617590 -58.763621 6.542317 -36.753750 0.396388 39.249464 -7.780099 -5.373304 -0.441435 58.492246 -8.274615 -19.584252 6.349888 30.891644 4.225640 -4.985231 5.621289 -4.356290 -7.998368 2.822977 -2.690440 
131.196409 749.609428 119.667228 40.743547 234.975870 367.609989 46.985410 44.556678 1477.071829 -702.195847 -146.700898 206.924804 38.662177 -1087.840067 -254.625140 -98.609989 -680.863075 -171.430976 -131.609989 -77.635802 288.635802 158.047138 5.901235 54.829966 50.202020 15.898990 -1.719978 -0.227273 -17.808081 8.589787 10.757576 -2.643659 174.468575 -219.648709 -52.672840 -4.359147 1151.188552 -202.696970 -73.694164 -6.441639 -279.533109 -76.326599 -299.851291 -13.210438 -232.820426 22.165544 -113.513468 31.753086 467.212121 24.338945 11.913580 78.175084 -52.397306 13.835578 -37.942761 23.058923 11.947811 44.170034 5.175645 -3.377666 171.915825 48.259259 21.523569 5.420314 598.612233 53.745230 -48.867565 45.090348 -311.320988 331.153199 -170.832211 -11.760943 -43.082492 170.917508 34.196970 -20.082492 135.214366 39.397306 -3.335578 25.519641 -264.690797 395.969697 -57.340629 52.249158 133.051066 66.650393 -51.679574 10.361953 164.429854 -115.519641 -34.773850 15.269921 185.775533 -107.118967 -55.552750 17.835578 -145.039843 129.338384 -29.327160 -17.500000 110.457912 -155.015713 46.359708 -39.475309 197.483726 -156.677890 2.074635 -24.168911 -200.075196 -10.660494 -12.351852 -68.670034 66.749158 -46.271605 -169.555556 12.960157 186.115039 -110.198092 -84.406285 31.392817 144.721661 -116.413580 -153.351852 -0.650954 -123.448934 -151.503928 -80.295735 -11.176768 160.344557 -172.644781 7.302469 -12.131313 218.953423 -128.498316 -62.063973 -10.242985 -145.547699 -320.771605 -45.896184 -100.463524 -112.534231 -3.519080 -59.852413 -111.667789 59.276094 -5.531425 -41.040404 19.615600 -10.144781 -8.615039 -170.297980 9.719978 -33.419753 -19.264310 -60.046577 -0.388328 98.248597 -24.611111 -41.836700 -3.888328 49.393378 6.734568 -81.635241 -4.985410 -90.825477 -49.333895 -26.355219 -39.283389 41.358586 16.811448 42.439955 -255.442761 -57.456790 -149.086420 -101.974186 -29.826038 -66.436027 5.198653 -116.552189 1.998316 -4.208754 -104.993827 -46.180696 -1.208193 151.952301 -136.159371 -57.914141 1.241302 84.797980 2.698092 -47.124579 -0.700337 -68.328283 -10.647587 -4.407969 2.096521 
-25.372232 47.305938 33.734491 -54.957096 -424.787445 1808.149934 149.911489 -260.814075 -702.195847 3430.027982 195.441894 -370.091496 1399.966585 1933.570171 339.283262 225.658606 126.080910 66.548822 122.628992 -28.115371 -754.621773 -161.768978 -13.785405 -86.759106 -501.267906 -114.558081 -53.361162 13.751377 -170.703398 -466.973345 -151.823921 -29.678094 -508.525916 -367.562392 -119.028671 -89.148403 -855.972834 -220.347107 87.463320 -256.410647 1093.737552 -55.527242 386.030252 -113.017830 -190.064228 -4.294740 96.045531 -115.748291 -336.407484 64.549000 -21.059560 -32.933502 151.796908 47.142281 -73.544230 78.209979 -78.488828 -253.233318 -96.213703 0.817697 -446.380548 23.333869 -36.415825 -20.487858 -587.926793 -17.452887 122.406540 -91.975538 513.237782 -224.666131 215.178349 40.905494 -262.881849 293.294689 -61.959826 -5.765687 -52.630905 58.927380 1.046194 -49.469799 457.945567 -203.305326 -45.278875 23.512014 -206.012065 -163.880369 179.675110 -4.350168 -300.125701 302.058183 198.724314 -33.259234 -153.207020 171.482961 38.810887 -9.002806 295.146108 -282.215335 29.909984 11.074610 -257.286119 248.190210 -87.629732 57.802469 -44.082160 102.848969 19.466509 4.308821 277.684216 -157.218115 36.257193 78.579278 79.347873 -152.154295 389.583792 -25.253801 -216.297036 -24.914575 29.151337 -42.032573 289.126620 -13.165187 138.998240 -14.416105 319.696383 -93.545021 46.348893 2.026630 -428.457555 -8.811907 -1.399321 -4.584252 -45.328257 -5.212504 195.490435 -6.102260 199.423375 31.312188 102.247755 88.258698 850.665264 -250.885241 31.446255 137.355397 64.660851 -187.251581 8.591139 -32.494592 375.294383 -31.347363 303.307851 -18.153760 5.261376 6.192302 49.940797 -1.336675 -318.387996 13.820937 80.293924 0.440414 -80.701663 -29.377232 248.645291 -1.637614 71.724798 17.790761 55.609428 32.719365 789.015611 439.048133 -1.885573 520.209443 302.112999 470.475105 450.130497 60.777268 326.060070 8.508800 320.411540 -4.908938 -213.372666 67.732757 33.409065 2.025967 -351.370013 60.384247 193.236685 -10.907688 -199.278237 -97.508520 141.604301 -12.396618 15.247934 -36.562188 8.776604 -16.203296 
-122.876135 -323.109581 17.118100 -33.564075 -124.415774 -139.412050 164.012958 -75.587950 -146.700898 195.441894 309.885420 -134.024232 240.309101 323.952403 159.064024 8.504795 140.064381 70.301347 33.840884 11.814611 -139.919753 -27.924395 -4.183706 -19.097031 -91.915060 -28.818182 -11.224110 -2.802571 7.191460 67.615039 31.300275 1.541832 -49.433629 105.504642 61.994745 -11.379808 -197.285277 58.545914 75.435772 -44.913631 119.630344 -0.906948 106.245587 -24.960208 16.719518 -24.498827 36.661922 -18.701918 -147.079431 -11.780431 -1.337568 -20.643098 -7.120447 -5.528517 2.580655 8.501530 -1.066422 13.167738 2.966738 2.590654 -61.380777 -27.280686 -32.764310 -0.550760 -84.806499 -62.769462 16.744006 -19.006530 112.691868 -101.033211 82.341343 -4.630548 -17.002143 -2.937404 17.620294 -4.951638 -39.873788 18.052954 25.757168 -10.337108 79.879910 2.435262 33.108407 -5.441843 -76.610550 -61.482757 -17.013366 3.877104 -66.337823 -16.723498 -17.099378 -0.983063 -38.912254 5.773595 38.805836 -5.482604 23.537292 -3.310836 56.065861 8.056015 -50.816192 70.696868 20.124171 11.746914 -5.163657 35.873992 30.182532 10.837976 -7.658759 -36.537445 23.594429 -22.561677 -190.775176 -34.039741 49.461433 21.407356 -69.679727 70.920824 58.071676 5.494286 -50.597898 49.585042 56.058616 7.222783 -12.599990 43.159984 18.494898 3.924702 -60.626518 26.742271 0.333690 4.289256 -4.127844 13.230793 31.466789 8.597694 -12.582594 -11.163708 15.134119 55.324355 -105.094837 -8.200898 70.665493 28.222936 -14.886899 35.623304 39.354454 -0.138302 -15.519437 21.935466 34.741506 0.270483 -32.690185 7.279308 -6.425365 -0.040302 -30.424038 1.596878 18.549434 -0.942047 26.073819 -4.131823 52.471738 -1.988164 -21.296092 10.083920 11.771044 22.677125 -29.846648 -6.034741 27.804510 71.368075 0.256708 -41.577696 52.232425 9.647791 -9.103153 -36.469850 9.403734 2.566269 -57.137129 31.094327 -8.079227 2.955719 9.976176 28.691868 54.775023 -0.379910 1.387052 -26.199061 28.528313 -5.035966 -48.745638 -8.109019 -0.745434 -2.936078 
106.725156 119.989746 -30.856928 46.369707 156.545786 102.351138 -79.010050 175.681691 206.924804 -370.091496 -134.024232 401.465386 -387.481584 -489.147766 -127.252194 90.413325 -379.771758 -89.543771 -51.465233 -39.498801 -48.613917 -4.187863 10.262142 -9.115549 2.016758 6.568182 10.964162 -0.148531 -43.252984 -168.311167 -39.843664 -5.310581 -6.821957 -162.362922 -46.034996 13.845220 223.128023 -78.898531 -33.891389 99.761733 -76.373304 -20.965871 -101.765636 73.700566 -81.213703 -15.162407 -47.283364 7.542751 97.973600 -23.366570 -5.882742 3.317340 -112.543006 -113.963983 -24.968167 -23.308234 0.901592 22.986762 8.305683 -1.538695 -15.230104 62.708372 16.309764 -0.728089 95.551525 43.365498 -7.266656 20.135165 -49.991072 17.051806 -89.517804 20.868610 32.309305 -67.239593 -21.690312 -1.907867 142.867514 -92.567417 -22.991710 3.403071 -153.994388 -128.084940 -50.251581 -31.412381 99.060887 100.745077 13.482986 -1.447811 -4.416386 35.301474 -25.866493 -0.330145 -12.789919 -24.363891 -45.193042 5.304153 -36.091776 70.335629 -54.149347 6.558540 55.467478 11.939572 -6.361239 6.608305 -11.847439 -26.193628 -5.642664 9.346674 -107.494898 109.242297 -23.881160 35.743036 178.847720 -17.391312 -37.712810 4.197480 20.358713 -38.005382 -36.399424 1.063029 -24.357719 -28.609683 -17.780609 -6.797699 -35.393200 -0.449163 -21.940567 -1.979339 100.403224 9.981328 -4.085221 7.347337 19.456050 15.179446 -32.549204 9.143429 -51.263289 145.772600 -22.170314 35.657127 97.982884 -22.072671 -6.489108 2.049255 -5.216866 -11.888761 45.877181 -2.534486 -83.661693 -16.933782 -6.675161 -1.299102 -9.412126 -7.048133 -11.942480 0.307902 105.274895 -11.095041 -29.198883 -0.212529 69.723089 -9.261733 -49.508622 -3.144450 -22.342950 40.331675 -16.291246 -11.001888 40.400826 64.764080 14.751199 -54.006504 -33.737119 -35.554688 -39.330987 -18.363432 -69.309382 14.786884 -52.416131 -0.511172 -24.108509 -33.514820 -40.001505 -0.462912 132.876288 -28.895113 -55.394169 6.279742 200.740588 7.926640 -18.225054 6.988445 10.764463 -12.426640 -4.458117 -0.686359 
-256.186461 -272.060759 73.872870 -97.433323 -446.901184 348.184471 176.479849 -290.381441 38.662177 1399.966585 240.309101 -387.481584 1940.427507 845.455770 206.664473 77.640598 -85.438425 -114.038721 1.072646 -66.218498 -523.987654 -28.013621 -15.093919 -62.433731 -191.081726 -32.267677 -38.134323 15.369146 -72.773186 -153.879349 -34.790634 -14.547954 -339.155290 -209.595245 -38.464289 -63.563871 -342.157331 -161.620753 99.830834 -224.180186 898.174676 -44.117386 224.542445 -122.559535 -349.915723 20.648199 -1.200031 -82.295633 -282.604683 74.742016 14.594531 -26.377104 332.729721 186.551168 5.865167 61.454392 -7.558004 -11.631925 -17.396337 3.635547 -297.868993 116.099786 -22.260943 -4.359402 -283.903020 18.241761 130.849505 -47.028977 308.034180 -44.329507 151.078155 36.563055 -348.059382 373.975054 -8.591827 -0.433119 -163.233497 131.531068 58.389603 -49.197939 359.293490 31.500918 58.170136 -6.505816 7.725028 -48.997347 102.081471 7.203704 -174.451740 123.298949 122.411285 -8.999337 37.129273 20.706816 92.034231 -0.978676 201.792062 -247.932048 75.378431 23.702479 -222.848179 28.825936 -52.952148 28.557800 99.402561 -69.711305 17.006326 -4.231609 163.656617 -386.911744 61.868840 -59.514539 0.898225 -137.605959 100.415978 43.237884 -116.239771 -46.452352 53.683910 -16.247577 269.303898 -42.811703 128.216866 -14.421437 137.584073 -135.704214 -6.576931 2.035813 -335.465463 -122.412611 -20.158453 -11.438017 60.903020 -56.772574 96.645240 1.014641 167.145801 -168.108713 62.125140 65.429854 218.783389 -147.918631 -9.688603 14.385114 28.071013 4.835986 3.207989 -15.569840 209.992348 25.909652 153.332415 -12.359708 -107.197480 3.944291 -6.273288 -2.240078 -311.722579 14.349403 54.318794 -0.353943 -14.686001 47.548873 167.289358 12.898480 115.639374 64.556423 38.122896 87.250638 427.845271 205.261555 64.119886 208.834405 206.025508 114.803898 290.628609 27.838588 177.203245 -90.018672 134.740435 -3.612182 -187.345883 22.952352 -56.044434 14.279512 -197.891389 39.170544 112.699265 -2.939955 -117.269513 -47.436996 121.989593 -8.372666 -8.346648 16.179420 4.349964 11.303540 
-356.264998 -1097.876951 -101.668886 -127.431436 -316.264080 -265.885369 56.721610 -207.703015 -1087.840067 1933.570171 323.952403 -489.147766 845.455770 2314.447429 489.857132 46.737068 800.079278 382.520202 259.928757 41.836624 -821.471380 -214.238062 -8.688629 -141.219467 -297.961203 -47.179293 -25.234083 6.759642 -106.120753 -346.864478 -97.767447 -24.495256 -299.626416 -142.821702 -24.989134 -47.107285 -1372.609504 -48.914601 98.464340 -194.133226 604.376110 5.615702 534.531068 -107.772957 174.054331 -24.942531 215.205923 -96.563514 -775.721074 27.042776 -12.990435 -104.628788 191.743343 100.522345 36.461433 41.067493 -31.798898 -106.363866 -37.314662 7.603229 -296.170569 3.178834 -83.429293 -2.182124 -824.981941 -62.166284 62.836241 -89.316422 494.695898 -457.659550 329.218702 -10.370294 -91.247016 -127.162764 -15.385445 -14.949036 -266.778849 12.291322 22.377793 -73.367156 527.589226 -384.526171 91.910392 -33.912534 -163.505892 -175.486379 70.555173 12.343434 -265.170034 143.248470 57.241353 -14.576140 -226.243189 250.220233 60.867003 -21.760943 261.222528 -198.971993 95.405800 46.936410 -262.289027 291.247857 -29.468167 48.084175 -223.095883 264.699801 52.780150 -19.667661 333.888277 -179.309076 82.238062 -10.628558 -220.389807 -2.220921 251.025941 -8.117233 -336.953551 121.597414 127.118840 -47.097260 -92.949801 135.841445 210.632461 -1.738215 212.170416 159.953092 119.327212 28.797521 -434.404346 228.385675 20.237297 20.294077 -306.045837 178.313820 162.860652 15.857132 255.391797 162.887894 107.819024 100.867003 294.172559 -104.721380 124.780915 15.608433 -109.432966 -148.716177 26.759183 -51.439700 152.407484 -37.531987 248.558999 -15.678451 57.942991 22.888200 84.473906 -0.263009 -338.877028 53.630395 135.474977 1.908938 -279.904346 44.820095 233.664065 10.427839 236.658326 99.790098 74.969697 104.169115 407.068871 229.707300 1.359351 415.939164 242.299969 336.752219 331.396082 41.093511 273.098944 10.211433 279.195592 0.038108 -5.521120 135.549051 109.646847 5.661004 -488.767983 112.923171 148.969927 -12.768519 -459.018365 -69.180288 85.006198 -16.141644 74.402204 48.564126 17.123661 1.993878 
-116.471865 -393.546220 -43.621340 -32.077390 -90.116187 -206.727477 -8.164728 -49.603331 -254.625140 339.283262 159.064024 -127.252194 206.664473 489.857132 266.994924 0.711407 144.491378 90.276094 105.222656 6.426870 -272.773288 -69.737297 -2.758315 -48.027242 -91.673783 -21.643939 -4.020942 -6.550735 -34.143710 -125.387486 -31.470845 -5.024283 -59.294970 -35.033466 -2.905622 -10.002857 -269.824533 13.305326 76.177737 -48.809178 66.397791 -3.889960 195.037139 -32.764845 -41.802520 -27.184088 56.583180 -26.991634 -209.308770 -2.851367 5.675518 -25.680976 22.406183 11.207020 34.386440 -1.404806 -8.077900 -24.328818 -13.732527 -0.412330 -58.635369 -10.826829 -19.289562 -2.854250 -107.036986 -35.770151 46.271095 -14.270304 85.647332 -90.533900 89.767881 0.166284 -63.615090 -56.995944 4.124197 -6.589838 -6.191052 -8.175467 32.696332 -12.102490 97.657688 -87.651974 42.891924 -19.930594 -52.810045 -24.671921 39.492373 -5.269360 -50.267116 40.605015 17.664167 -3.027829 -21.754311 47.000408 26.139169 -1.225028 7.295327 47.799357 20.827339 21.110882 -79.672712 96.054765 7.666871 25.554994 -35.033491 50.397179 31.449980 12.272090 17.926181 -10.668988 20.568947 -4.517141 -36.559382 -10.200668 130.198577 -15.288695 -37.356265 14.313157 44.021401 -11.890241 4.452148 27.523977 39.187863 3.124299 -63.777446 63.499974 8.440261 1.870983 -84.904755 57.452097 10.642919 9.605372 -52.556448 42.144705 49.400444 16.695261 -20.808030 60.563335 23.212402 55.410213 73.978395 -1.678171 59.426513 41.217656 17.006581 -47.512830 44.062672 -22.270074 53.014769 -38.019080 44.694904 -3.653760 -56.567366 -2.770967 -8.806678 -0.403250 -32.980742 1.873278 51.202556 -0.616519 -19.164014 -4.943348 71.172380 3.710412 -25.691179 18.681946 9.099327 36.105040 34.120294 85.936563 4.888991 147.538185 55.641006 29.174370 108.715437 -2.795276 30.629859 -68.338307 39.530456 -2.464953 -17.199112 7.409065 5.748368 -1.201765 -24.610142 -5.413274 76.746327 -3.645062 -119.150597 -52.908887 24.096954 -3.769896 -38.420110 -7.712325 -6.782165 0.978982 
6.055454 -119.435568 -4.847005 -5.469952 -40.399704 107.888226 15.064381 -7.509438 -98.609989 225.658606 8.504795 90.413325 77.640598 46.737068 0.711407 165.020406 -143.655545 -46.400673 -4.523212 2.730130 -195.641975 -41.846342 1.060096 -30.288032 -84.638659 -19.646465 -2.899500 -1.466024 -25.488522 -95.344557 -28.754362 -2.038516 -80.365218 -79.477451 -21.226099 -9.665850 -172.208142 -35.051882 8.208958 -7.783236 196.612897 -4.671411 33.014641 20.059076 -22.712988 -20.659525 -1.403275 -12.285940 -52.180900 -11.843332 3.131670 -13.218855 3.044842 -45.157994 0.623355 -2.824457 -5.196358 -22.242271 -4.268340 -0.353331 -74.588307 33.192225 9.801347 -2.222018 -143.591164 33.339812 23.247220 -9.411948 79.943475 -61.509795 18.253188 19.059994 -12.530609 2.679216 -22.027548 13.923936 32.483879 -20.584787 3.234670 -10.718192 16.268799 -127.967401 0.448628 -19.713193 16.828844 -24.758239 29.054127 -4.829966 -48.095398 2.243445 22.293644 -6.668095 -43.964136 -24.938068 12.179574 -5.629068 26.930772 -73.456382 8.195796 5.281451 -8.512703 22.048566 -10.908428 26.201459 -31.023620 -0.121416 3.463065 14.790225 -35.147740 21.318845 -0.594735 50.166514 36.180747 -88.032854 41.070248 -9.871340 -31.980461 -46.201306 16.028517 -10.815631 4.347005 -22.116519 51.174319 -5.373176 22.049689 -18.783542 20.483879 -2.915519 7.197174 -11.694827 7.648199 1.561524 -3.737119 -2.109887 18.091215 6.007703 -10.609683 94.470360 0.225028 61.061728 96.996072 -71.589787 43.932252 15.276196 30.113560 -26.359249 43.527548 -6.001479 12.337772 -4.276655 56.139118 -3.219416 -9.643812 -0.880012 8.312009 -0.270789 19.943271 -1.063361 8.338231 -0.949393 24.867207 -3.489491 5.058974 0.002653 -6.034843 15.650036 -5.087542 17.622947 154.767218 82.617692 33.457402 73.346954 53.640088 47.887409 63.870625 6.065606 36.524946 -2.386746 22.883073 -2.710591 -39.645852 -13.581522 -19.267932 -2.018110 8.537241 -15.410060 -18.875574 1.716049 65.788338 -14.307418 -4.992348 3.124732 23.630854 -3.510764 -3.759208 2.936741 
-196.384349 -542.682890 56.153862 -87.612386 -108.978319 -582.316447 98.741098 -109.097694 -680.863075 126.080910 140.064381 -379.771758 -85.438425 800.079278 144.491378 -143.655545 1803.914192 402.708754 121.747577 238.514284 635.335578 -7.009489 -8.002551 146.701255 -246.612489 -66.449495 -2.532854 1.442608 200.814968 496.322671 190.011019 35.772064 140.886032 436.476380 132.985665 25.938425 -511.232629 184.286042 15.580145 -8.017192 -242.021375 46.001530 171.795429 -59.840986 711.844149 47.788236 133.170493 60.050097 -79.045914 18.232833 -23.846699 44.213805 -241.891950 220.088817 45.177380 4.791858 11.124273 44.430058 -0.210387 8.192939 129.018059 -181.993419 -70.983165 5.268697 -160.344710 -148.997908 -39.486124 -20.241557 -18.979594 -128.372207 191.351801 -58.245485 210.099480 -155.967554 78.306703 19.321702 -163.757372 39.454852 -43.957963 65.964595 10.359147 383.359963 109.823947 55.247169 -205.062851 -89.149781 -72.047546 11.632997 5.831089 -63.898939 -38.188348 4.800939 -8.118661 80.011682 17.958474 -12.913019 74.244771 -122.135445 90.771911 -22.001837 16.875880 -124.004642 8.180084 -18.411897 143.139476 26.983828 -34.512958 -5.907458 116.872411 -165.688603 28.617233 -73.490664 -341.752831 98.063004 5.790634 40.734211 -61.937659 254.099531 42.789052 10.012754 -120.754872 190.053770 18.209979 21.679574 107.081777 127.168146 37.555760 15.427456 -98.473727 122.298592 -29.137792 1.226814 -7.180543 11.647536 -47.513621 -11.421079 121.047546 -277.521937 -2.066779 -87.176207 -340.171156 -26.428732 -23.389246 96.598153 -94.230181 67.062341 -118.281451 31.477451 28.178757 69.581369 -9.829660 1.003928 94.538516 28.953474 50.610550 1.019794 -180.536170 20.354913 0.494184 4.586369 -74.350832 -3.028262 12.113050 10.846597 205.462147 -60.568003 36.531987 23.357157 -479.482094 -400.527701 -99.091776 73.916590 -56.148046 89.957249 -123.853943 80.696715 52.033823 110.147077 82.576982 5.896541 5.740435 155.430772 152.251250 1.363993 -401.637027 83.884042 49.682736 -14.485410 -61.194674 23.993215 36.543312 -6.103612 89.194674 47.552240 31.628201 2.315019 
-42.981481 -150.611111 -4.962963 -24.299663 -38.047138 -159.962963 18.658249 -20.648148 -171.430976 66.548822 70.301347 -89.543771 -114.038721 382.520202 90.276094 -46.400673 402.708754 245.414141 78.094276 48.698653 71.372054 24.459596 2.708754 16.914141 -59.116162 -21.515152 -0.518519 0.328283 19.146465 39.163300 14.575758 -0.117845 11.996633 63.407407 16.390572 2.639731 -197.580808 30.515152 6.846801 -10.239057 -90.159933 12.393939 95.562290 -18.520202 173.170034 12.658249 81.136364 7.809764 -95.929293 5.006734 -6.143098 4.671717 -56.904040 40.324916 17.974747 8.853535 -3.803030 -24.762626 -16.801347 2.397306 3.080808 -84.333333 -37.040404 0.205387 -86.274411 -84.193603 -12.688552 -11.769360 36.178451 -94.777778 82.755892 -25.792929 59.085859 -96.792929 31.969697 -10.454545 -57.462963 -25.969697 -8.976431 5.856902 24.558923 58.035354 38.609428 15.782828 -83.720539 -65.872054 -46.311448 5.964646 -21.271044 -25.180135 -11.483165 3.638047 -42.213805 18.294613 9.286195 -5.498316 20.966330 -24.873737 35.841751 -1.429293 0.944444 35.286195 15.033670 -21.658249 6.814815 41.213805 9.481481 -16.223906 39.436027 -1.789562 12.878788 -30.121212 -165.994949 34.291246 41.404040 1.299663 -32.003367 98.279461 39.422559 4.193603 -67.809764 55.557239 20.277778 7.607744 13.218855 59.437710 29.582492 6.848485 -52.239057 66.969697 1.372054 0.388889 -6.816498 29.898990 -0.803030 -5.107744 24.942761 -45.981481 4.856902 -33.875421 -63.168350 -5.446128 48.462963 -12.962963 -32.782828 -2.407407 0.121212 -2.900673 -6.616162 3.498316 18.858586 -0.865320 14.811448 5.050505 20.168350 0.420875 -57.365320 12.888889 17.535354 0.890572 -44.345118 6.006734 17.528620 1.846801 67.710438 -20.016835 11.560606 5.563973 -63.585859 -27.853535 -14.245791 53.025253 3.230640 37.013468 9.552189 3.607744 18.318182 14.898990 39.671717 2.050505 7.464646 52.336700 51.159933 -0.968013 -135.895623 41.885522 21.000000 -6.175084 -64.797980 9.957912 2.464646 -2.691919 22.787879 18.759259 8.139731 0.996633 
-48.564152 -163.391032 -19.563488 -14.467197 -26.080374 -135.506632 -16.669319 -12.374681 -131.609989 122.628992 33.840884 -51.465233 1.072646 259.928757 105.222656 -4.523212 121.747577 78.094276 72.846164 18.566447 -98.889450 -31.031604 1.845909 -18.809611 -40.217401 -9.467172 0.159040 -2.728421 -13.526630 -53.069304 -12.647153 -2.349811 -20.207734 -16.067442 -6.508469 -1.198908 -146.371824 3.637741 15.261300 -14.865192 3.126441 0.962657 88.737323 -11.684496 17.506479 -7.996761 40.803107 -7.738190 -106.468090 -2.748980 1.698016 -9.564815 3.796908 6.556423 21.188093 0.790787 -4.180747 -18.283823 -6.668248 -0.025737 -22.622972 -11.171182 -8.683502 -0.816141 -71.108611 -18.235716 9.946944 -5.682609 39.944853 -60.605525 41.380369 -1.064203 -10.427303 -56.806321 1.211892 -1.846495 -10.034945 -16.618075 9.551245 -3.995052 48.536476 -43.982094 24.438297 -9.311218 -21.274691 -22.829864 10.498342 -0.627946 -22.898429 16.962223 8.416233 -0.961254 -24.156515 29.174880 8.098765 -1.709877 8.287522 7.057392 7.904933 14.140266 -30.341674 48.084150 3.173299 10.504489 -21.844786 29.687353 13.511963 2.753265 13.487246 -8.904984 9.186486 -3.819712 -15.404653 2.098230 52.528237 -8.597235 -23.428349 15.964213 23.686690 -5.648735 -20.646108 18.062086 21.366927 0.992985 -7.934930 31.530737 12.682226 2.531680 -39.937353 32.531527 8.994618 6.087466 -41.313106 26.969314 19.450031 8.922993 -0.632180 25.034410 9.480079 24.480920 23.715769 7.766274 26.870498 9.744286 -13.909856 -21.908147 14.631543 -4.954188 12.168121 -16.564534 20.671488 -1.285073 1.327033 -0.933961 8.198373 -0.159907 -23.377895 2.876492 32.127257 -0.579788 -35.944087 1.238930 24.513978 2.231073 19.522778 9.295812 2.200337 23.209264 -9.262167 6.886517 -6.057290 65.517524 6.163504 23.424600 30.908275 3.312621 17.908555 -9.077058 27.073156 -0.055403 22.778849 15.187302 28.888863 -1.090195 -60.309407 0.333741 24.241736 -2.276375 -74.838843 -16.811550 3.210361 -1.785507 5.010560 4.271146 -0.576931 1.938119 
