9231.198347 829.086318 35.808540 92.297980 -379.529844 -453.403122 -126.967401 -87.312672 -296.443985 171.254362 -58.838384 -4.277778 -251.083104 -190.325987 -507.819559 20.825528 -545.333792 -1595.020661 -627.304867 -11.454545 -771.618916 -2196.662075 -415.601010 -92.030762 -1487.468320 -2021.160698 -184.970615 -167.996327 3231.310376 -808.762626 -129.752066 -74.028007 -867.519284 -97.849403 -117.457759 -68.925620 -14.348944 584.056015 77.080808 61.123049 -103.258494 1403.208907 -115.476125 116.463269 12.207530 1430.609275 -184.078512 163.999082 242.504591 972.412305 -83.437098 190.399908 315.142792 324.784206 -58.069789 112.433884 1595.655188 -403.490817 -177.163453 9.135904 -882.354913 -54.228191 -114.952250 -27.393939 -129.342975 551.935262 53.155188 62.046832 -31.122590 1226.056474 8.154270 53.112029 17.085859 1214.400826 3.949036 87.227273 159.827365 1001.050505 34.424702 131.377870 199.683196 646.757576 15.093664 70.912764 1163.442608 -232.633150 -136.550046 68.794766 -794.157484 -29.597796 -120.243802 -26.651974 -230.387971 54.499541 -99.642792 -7.864555 -191.693297 1.122590 -106.380165 -133.099633 -125.504132 -189.743343 -67.145546 -160.521579 -0.826905 -105.482094 1.341139 -86.964187 1.477043 27.693297 23.701561 -17.637741 769.600551 47.864096 -76.388889 138.211662 -635.827365 -59.199725 -87.029385 8.139118 -160.461892 61.925620 -55.325069 25.697888 59.940771 200.888430 -31.050505 35.254362 -231.588154 -221.699725 -43.277319 -303.620294 -64.249770 -442.700643 63.151974 -278.096878 -31.244720 -515.325528 56.084940 -146.840680 554.385675 65.223140 -31.506887 148.989899 -460.012856 -15.348026 -35.481175 52.577594 -116.998623 46.826446 -13.711662 33.322773 150.432048 323.432048 1.252984 272.928834 -16.222222 418.606061 44.802571 -18.292929 -130.785124 269.856290 60.079431 -248.739210 -30.349403 168.737374 74.104683 -146.443067 551.086318 -63.235078 -62.134986 203.052342 -155.702479 -142.073003 -3.514233 89.218090 -239.005051 -59.436180 -24.137741 3.306244 193.835170 198.461433 3.132231 153.299357 193.333333 775.708448 14.434803 107.381084 -47.584940 999.024793 23.018365 -101.357208 51.706152 1080.495409 62.113407 -162.561983 
829.086318 2081.976023 -76.493674 109.024130 292.602847 327.346546 -43.371850 88.564687 161.330119 32.102745 2.008979 13.544893 -49.055760 -71.333690 -112.283849 -3.353331 -113.045608 -355.064687 -177.643710 -12.670034 -150.728191 -610.164014 -82.895623 -39.013621 -397.784614 -659.581063 -27.191664 -58.439292 -38.557596 -128.491021 -118.743394 17.417151 394.151260 19.430109 -25.525763 32.961943 175.805683 65.229670 20.970819 19.211050 1.381288 223.569075 -35.317519 -2.379808 16.113509 301.036425 -31.485767 15.999133 18.346087 113.910162 3.813897 46.870676 3.286093 -39.252066 -8.037292 -1.240894 -503.423579 -99.482910 -132.698704 23.611519 519.271146 26.685440 -11.658045 21.826038 157.716764 36.056984 -1.452760 6.672176 33.419855 177.835884 9.851648 0.695592 26.988777 338.181308 -0.098918 14.782828 33.664677 290.343996 8.610142 34.372309 49.622794 170.705948 0.376339 20.394603 -623.296908 -92.644832 -98.406132 20.841802 606.339200 12.318131 -28.414601 29.539129 149.931283 -20.735843 -33.875319 -1.977298 -21.295072 -32.357566 -6.942659 -25.283491 35.450362 -35.987399 22.665850 -29.874758 8.607081 -8.101775 8.840424 -14.584583 1.545097 9.682838 -1.215641 -1.122794 -750.614631 -65.990307 -54.531987 5.606469 730.241047 -6.687226 -31.122028 16.404959 166.990817 -15.279002 -14.887818 -7.540659 15.325936 -19.713958 11.273288 -14.863024 93.973421 -23.101928 45.400826 -16.013162 -6.336904 21.265330 1.955821 -37.219722 9.480716 37.967809 -5.453729 -40.394143 -786.766503 -79.711254 -32.702071 -29.824355 730.079890 10.959188 -4.043669 56.860320 192.388787 -11.170085 0.652791 -9.018110 -28.708397 -5.019284 0.532701 22.687277 14.770483 32.443883 -9.130905 28.584736 -3.861596 105.167024 -20.286654 -42.723396 -31.666412 170.446128 43.854199 -57.923783 -994.671003 -379.298337 -56.838486 -51.191868 942.333741 329.155800 86.476737 78.309509 343.310325 44.882665 24.056219 4.438782 -46.980869 -43.875370 -0.030558 -3.182481 -6.764310 -13.532089 -6.504336 11.461484 12.837568 62.877512 -3.488267 -39.700439 -144.842618 15.730793 25.064738 -37.226048 
35.808540 -76.493674 94.551780 -31.001122 121.663453 18.493011 26.789766 -6.026222 -3.644628 -17.836649 -5.248597 -1.939955 -5.980002 -38.222579 -16.132333 1.449699 -23.474901 -41.867718 -22.047750 0.117845 -46.773646 -34.340782 -19.688552 -2.250995 -54.067442 -38.975003 -9.954290 -1.757474 40.937353 -3.480920 36.660647 -17.603051 -2.505306 -5.787063 9.994439 -4.543108 -9.537751 -17.356188 -7.089787 -2.294001 -8.027803 -6.279410 -13.706408 2.741404 -14.139016 27.294001 -17.000918 3.095092 -15.345832 55.955617 -7.893174 -3.604071 7.467911 16.662075 -3.850423 -0.281298 25.869350 18.067595 11.220488 -3.252117 -27.572289 -5.274156 -1.678247 -2.370932 -5.869095 -9.751097 -6.674982 2.015611 -11.095296 9.371238 -3.471585 0.463269 -7.526375 29.065146 4.820273 0.090909 -2.037343 29.854097 1.327314 -1.334762 4.021783 6.508979 2.381390 -0.317519 21.490970 15.380420 2.548413 5.619580 -32.443628 -4.959647 -3.505510 -0.117437 -12.876798 2.749005 -8.855117 0.820682 -18.704163 9.096980 4.426028 -6.445108 -12.352668 1.078257 9.428477 -3.526273 -0.913121 4.817417 2.052546 -1.407816 -0.853892 11.167687 0.405571 0.018621 24.067187 -3.707479 -0.915825 7.853943 -29.274105 -8.020559 -5.596776 2.990817 -12.488981 3.811907 -6.493878 3.737119 -23.956892 23.048669 2.091470 1.162228 -38.667993 4.034435 1.415978 -6.321243 -7.230844 3.709775 2.622488 -3.901541 -0.125344 25.801143 4.106877 -0.636568 21.465820 -4.226405 -4.459647 12.337262 -11.071625 -3.444853 -1.871952 1.971431 -9.222324 0.137996 -1.756300 2.966738 -0.930619 29.172635 0.487246 7.864044 -17.078002 40.580247 -0.368279 4.483726 -7.800990 26.025610 5.869911 -3.465820 5.348740 42.804714 18.429956 -1.135904 32.440108 -15.222579 2.732221 7.101061 4.550913 -7.248240 -0.563667 6.556984 -13.164422 -2.662790 -0.625599 -1.162228 -13.561677 -5.047087 -0.616417 -2.833997 -8.956229 -5.496735 -0.085144 -4.124375 -4.197786 -13.097235 3.047087 -12.235792 -34.499184 -53.087389 11.579890 -17.700796 
92.297980 109.024130 -31.001122 133.058361 -86.757576 4.256453 -14.125701 25.221661 24.570707 22.620090 5.896745 4.210999 12.467452 74.940516 17.352413 -0.982604 -12.072391 62.561167 6.707071 2.745791 -10.409091 -15.996072 -6.523569 4.708754 -70.640853 -99.214927 -3.022447 -12.609989 28.649270 -24.487093 -17.131874 20.129068 18.456790 0.700898 -5.399551 5.960157 6.882716 1.854658 2.774972 0.998316 -8.755331 -10.219978 -0.664422 -4.294052 -8.478676 -22.528620 -7.191919 -3.433782 3.503928 -38.599327 -7.198653 4.693603 -16.347924 -28.090909 -2.900112 0.259259 -4.427048 -42.569585 -16.019080 -6.389450 37.553311 3.408530 -1.354658 0.631874 7.187430 -5.969136 -0.530864 0.823232 -5.730079 -22.653760 -7.131874 -1.873737 0.669473 -12.051066 -5.987093 -0.621212 -3.557239 -5.988777 -3.076319 0.676207 -0.421998 8.442200 -0.143098 0.764871 -14.740741 -38.184063 -8.624018 -9.007856 32.721100 -1.384400 -1.550505 0.369809 10.481481 -7.730640 -5.426487 -0.947250 5.223906 -6.574635 -5.652076 4.578563 11.145903 -8.927048 -1.680696 8.246352 1.076880 -13.301347 -0.275533 -0.319304 -0.812009 -14.806958 -2.670034 -2.128507 -5.957912 -33.267116 -2.276094 -15.737935 24.974747 -11.791807 -5.685746 -4.313131 17.939394 -3.058923 -4.276094 -0.538159 23.918631 -4.464646 -2.539282 10.269360 11.111672 -6.459596 1.070707 10.804714 -2.700898 6.549944 -1.283951 3.411336 -8.934343 14.852974 7.165544 -3.931538 6.795735 -23.121773 1.615600 -13.881033 4.161616 -11.443883 -8.121773 -3.203143 22.756453 0.982604 -1.844557 1.371493 2.096521 -14.702020 -1.766554 13.332772 -3.226712 1.205948 -2.652076 9.608866 -9.598765 25.266554 3.276094 7.578002 -2.295174 15.382155 10.971942 10.378788 -24.946689 -30.978676 -3.102132 6.242985 -7.157127 -17.417508 -7.973064 -4.580247 31.807520 3.729517 -0.421998 1.695286 4.942761 4.517396 -1.093715 1.851291 -21.947811 -7.509540 2.659371 -4.691358 -15.352413 -35.089787 4.073513 -2.194725 11.468575 -36.880471 13.409091 10.947811 
-379.529844 292.602847 121.663453 -86.757576 1770.749311 416.099633 141.706152 44.946281 72.900826 -140.810836 -22.843434 -17.641414 -135.696051 -473.354454 -88.263085 -27.440312 -110.410927 -442.678604 -34.234619 -22.656566 -228.707989 -150.592746 -12.065657 -28.143251 -177.610652 304.847107 16.380165 -5.535813 -764.596878 -23.196970 97.340220 -94.798898 997.266299 13.885216 90.391185 -4.177227 1.664830 -143.902204 -36.702020 -17.184573 25.092287 -42.886593 8.403581 -10.859045 -12.129477 374.735078 68.317264 0.107438 -69.830119 561.957300 37.903122 -23.218549 98.328742 556.520661 49.938017 31.316345 -794.556015 155.334711 84.704775 -41.511938 727.797521 17.622590 65.196051 -5.464646 25.254362 -105.415519 -51.818641 -9.782369 -31.535813 -58.789256 -39.231405 -7.289256 -26.489899 103.961892 19.225436 -14.500000 -25.705693 122.813131 15.951331 -21.549128 -12.191460 41.823232 8.667585 -3.682277 -667.578053 153.805785 78.395776 -27.962351 608.183196 4.780533 29.499541 6.710285 6.665289 -27.148301 -48.278237 2.127640 -67.384298 57.758035 -3.111570 -11.171258 -17.056933 106.036731 29.069330 -2.677227 11.212580 99.894858 6.480716 1.643251 4.241506 97.611570 -3.148301 5.959137 -624.426079 168.835170 68.237374 2.422406 528.549128 -12.920110 3.882461 13.980716 -5.711203 -23.383379 -29.027548 0.488522 -40.231864 128.483012 8.434343 54.103306 -0.473829 422.256657 24.037190 102.044077 12.894858 479.737833 3.506887 53.380165 37.233242 632.824151 26.678145 41.041322 -462.270432 75.064279 7.563361 17.858586 471.362718 1.471534 -6.717631 55.007346 9.182277 -38.163912 -2.543618 -13.991736 -148.393021 -83.322314 -4.412305 -92.759412 -82.712121 -21.459596 -11.143251 -25.050505 -6.999082 182.339302 5.782369 18.381543 0.657943 337.949495 41.080349 4.167126 -587.917355 157.847567 -15.095500 29.320478 622.376951 304.162534 61.422865 94.175390 127.505051 9.007805 16.938935 -9.209366 -148.740129 -165.406795 -4.854913 -83.267218 -176.914141 -462.393480 -5.705234 -126.112029 -80.097337 -680.668503 1.775482 -109.140955 -461.079431 -1033.260790 -72.677686 -109.040863 
-453.403122 327.346546 18.493011 4.256453 416.099633 270.213856 53.622181 36.677635 104.104683 -22.137384 -0.617284 5.706510 -25.534639 -145.430568 -33.481277 -7.334048 -26.597949 -156.142281 -27.772268 -8.488215 -54.365473 -119.787063 -3.067340 -11.353841 -57.784155 8.533721 5.880420 -9.434701 -376.098918 25.281706 17.743292 -16.098918 320.942812 12.077951 26.855321 8.890776 50.995766 -58.829099 -17.559484 -0.695745 7.463473 -70.347822 -25.903836 -5.077237 1.494133 73.104836 3.972911 0.596470 -22.377972 92.200796 15.747322 -4.322620 -12.885165 100.763545 19.244159 1.555249 -382.373533 45.382104 12.935364 -8.885267 295.861596 13.045404 16.997602 3.987654 66.981226 -46.893888 -18.028977 -2.908173 0.040608 -48.125089 -11.733293 -3.083563 1.887767 47.890674 17.267932 -1.500000 -3.237986 43.197531 7.813999 2.383787 4.901031 -7.112233 4.346954 3.358790 -349.506275 21.549842 7.530048 -14.004387 276.689062 2.926946 7.857668 6.734262 79.323845 -7.424549 -9.143455 0.438221 -0.346036 16.370166 24.167993 -5.525457 18.959086 31.322059 39.346291 -3.334813 4.678247 28.853688 7.720131 -1.198908 3.508826 34.456025 -3.379094 2.442404 -330.964953 4.274156 4.114478 -14.471125 270.926538 -5.097235 0.235180 0.325069 68.926079 -9.813897 -5.597184 -4.441026 -5.683706 13.865014 10.783389 -5.719314 46.433935 113.341598 30.730946 30.546067 8.456943 154.285991 1.311193 15.988726 8.421028 193.473778 -4.709928 1.525967 -291.516733 -7.626773 -3.047801 -17.011223 235.775941 1.486277 0.294256 16.130293 71.990256 -13.162279 0.523314 -4.378533 -68.227681 -57.705234 -1.632129 -51.082237 -3.492144 -42.753086 -3.360014 -1.516274 13.245383 39.945720 -4.640649 24.673299 -10.321600 108.577441 10.288083 -8.150597 -377.457045 12.670442 -18.691562 -27.588562 251.670289 171.500153 28.571319 24.520253 153.184063 28.350066 13.192123 2.507193 -58.079584 -61.888226 -1.334966 -36.217376 -62.784512 -181.839710 -3.941894 -45.514182 -11.795123 -228.689981 -1.758239 -18.927252 -117.053362 -320.393633 -13.552342 -16.484083 
-126.967401 -43.371850 26.789766 -14.125701 141.706152 53.622181 39.600066 -1.762142 25.132920 -0.791271 3.846521 -1.585578 -17.871110 -37.805377 -4.517167 -2.767779 -15.646388 -39.664626 -3.127640 -2.041246 -26.933884 -16.950821 -4.120370 -2.225513 -23.127895 24.075885 0.939266 -1.742475 -73.486353 8.689955 16.813616 -7.703525 61.555683 -0.303438 14.015407 -1.453194 0.748674 -14.602209 -4.573793 -2.494414 -7.564381 -23.491608 -6.654372 -1.779793 -8.152714 5.108050 -3.911157 -0.486940 -9.364963 28.671182 -0.184726 -3.556550 -3.938501 37.302801 4.407535 -0.786119 -54.204877 17.582364 11.662483 -4.361315 43.538670 0.594149 5.245689 -0.688272 -0.835655 -10.960310 -4.680186 -0.404270 -7.528109 -17.364912 -0.332390 -0.423554 -4.267116 0.179548 12.572187 -1.032828 -3.693450 -2.374018 4.566141 -2.165952 -3.637154 -10.153479 0.763851 -0.619018 -40.417202 12.362820 7.773773 -2.890598 29.118279 0.032854 4.179522 0.333971 2.918197 2.640649 -2.117896 0.463397 -1.408020 17.436359 17.786986 -0.966840 -4.651949 18.208346 20.795863 -0.560096 0.350500 16.571090 3.403020 0.431180 2.116340 17.560096 0.516912 0.962912 -30.758341 8.676972 5.031145 -0.901719 22.763315 -2.830630 0.136772 0.688935 1.204086 2.634451 -1.578818 0.906693 -7.372564 18.460514 4.706790 2.113330 -11.436205 30.167126 4.279385 1.506581 0.183604 36.193093 1.423605 1.897740 -0.172176 53.569126 2.628380 3.043031 -17.720284 8.646031 0.121238 1.313692 17.162075 1.022931 -0.339277 2.529436 0.651566 -1.404857 -0.023365 1.031782 -16.011963 -7.838843 -0.468371 -9.997679 -10.473625 -10.739618 1.386160 -6.830247 1.041909 1.941741 5.337772 5.182405 -11.931946 22.769360 6.638557 -0.896694 -41.866519 36.858764 0.426819 -0.808106 5.441715 25.187251 6.784359 6.181104 6.387767 1.498061 1.827951 0.735155 -8.456535 -5.026962 -0.166539 -6.502194 -14.761785 -32.314764 0.360754 -10.564075 -3.628380 -58.559968 2.769386 -3.197760 -33.497883 -94.312366 -3.666208 0.557469 
-87.312672 88.564687 -6.026222 25.221661 44.946281 36.677635 -1.762142 24.495383 14.448806 -6.689904 -0.614198 4.176487 2.023084 -8.048617 -2.637103 1.585501 -4.086853 -6.795888 -5.305326 1.046296 -10.263545 -13.721814 -2.152357 1.199342 -13.854199 -14.316473 0.932634 0.416488 -88.256530 0.532267 1.146898 1.031349 76.567366 2.574329 4.644832 4.591853 9.876671 -9.144348 -3.825196 1.684956 -2.578870 -5.878456 -5.964544 -1.697709 -1.305964 12.989287 -0.553949 -1.080553 -3.742016 13.971610 1.785277 0.997781 -1.594098 16.649449 5.422584 2.936716 -91.277676 4.537012 2.020712 -1.725462 75.519182 3.914116 4.455872 0.430696 14.710310 -11.265126 -4.479135 0.048439 0.934445 -13.022141 -5.778262 -1.256428 1.443883 6.950388 -1.052903 -1.073232 -0.298286 8.151796 0.379222 0.330783 -0.117667 -1.301066 0.953780 -0.277676 -80.884451 1.557749 4.373610 -3.888557 68.147561 1.074584 2.241965 1.205515 17.922023 -4.030456 -2.632333 0.085272 -4.695745 -4.989159 -1.421054 -1.045557 -0.250255 -7.366748 1.993853 -2.503265 1.202760 -9.222146 1.243904 -1.006020 -1.823870 -10.350270 -1.613789 -0.405061 -71.843587 -0.994235 3.847643 -4.907280 61.869835 -3.285991 0.168095 -0.668274 17.119605 -2.853918 -2.243036 -0.697786 -6.104479 2.457759 -0.166386 4.062060 2.628584 19.771809 6.802342 6.959902 -0.157892 26.693501 1.683374 1.868100 -4.059688 43.537394 3.844531 -2.699138 -55.831599 -7.871467 0.738726 -6.717733 51.983930 -3.224033 -2.451357 1.817672 16.351189 -3.376594 -0.945414 -1.133711 -11.810810 -8.771809 -0.586267 -2.270916 -6.445567 8.330527 -1.457785 6.128227 -4.162662 26.392052 -0.623355 3.470488 -9.519386 31.114478 9.217274 -0.747016 -69.910341 -3.071345 -3.823054 -4.673069 61.229084 21.156642 1.459902 2.093460 28.602132 4.068973 0.532930 0.155112 -9.691307 -11.151184 0.001709 -4.015254 -13.228114 -34.030966 -0.481048 -5.890929 -8.839481 -43.168223 -0.737705 -5.375242 -28.392843 -65.504897 -1.011019 -0.534971 
-296.443985 161.330119 -3.644628 24.570707 72.900826 104.104683 25.132920 14.448806 269.322544 159.328053 25.537879 27.113636 97.973140 385.579890 14.123278 28.064738 -30.842746 322.109275 -28.830579 12.285354 1.711203 126.932507 -17.992424 13.000689 -29.423783 -31.943297 -1.536501 2.600551 -147.690312 -7.411616 7.918503 2.582415 81.435491 2.602388 12.946740 4.183884 82.167355 -20.121901 -7.108586 5.050275 -16.225895 -71.707300 -53.682277 3.789945 -24.419881 -49.583104 -55.543848 5.834711 -12.895776 -58.767447 -6.657484 -5.372590 -42.744490 -50.673783 5.849633 -13.196281 -152.677227 -15.172865 2.947199 -2.160927 73.413682 3.155418 9.281910 0.946970 25.266988 -72.410468 -22.040863 -7.729339 -33.298439 -162.743802 -48.547062 -6.968549 -6.818182 -126.560836 -20.077594 -4.133838 -6.574380 -104.285354 -4.505739 -7.751148 -23.148531 -97.522727 -5.387971 -8.510560 -119.931589 -19.057851 -5.288567 -2.808310 60.635216 -2.067952 4.090450 3.364325 54.783976 0.972911 -10.303489 7.503903 2.792470 23.770661 2.936410 11.672176 2.566804 12.385216 12.076905 -1.141873 -0.067723 12.129706 2.627181 -3.735537 1.637971 15.177227 -5.706382 1.943985 -96.804867 -15.422406 -1.027778 -4.312443 59.465794 -12.551423 -6.652893 -2.617769 65.422635 10.715106 -7.648760 16.382461 53.182277 56.892103 4.204545 54.146235 -3.824839 67.418274 14.019513 1.412764 -7.034435 76.864096 -3.187557 -16.541552 4.344353 106.308999 -7.066804 -1.718779 -53.538108 -35.630165 -4.843205 -1.378788 39.206152 -11.142103 -9.018136 3.855831 58.838843 -6.163912 -2.811295 11.048669 10.058999 -12.448577 -1.765840 20.536042 0.959596 -7.444444 -7.241736 1.638889 -7.072314 -21.913223 -9.975207 -16.858356 21.168044 -14.035354 -2.606520 -14.635904 -38.854224 -68.927686 -4.997016 -23.227502 14.248163 47.422635 1.220845 -6.137741 98.116162 20.492654 7.653581 7.889118 0.951791 -6.515381 0.198118 -6.782369 3.396465 -23.550046 0.852847 -8.682736 0.955693 -17.044766 1.247704 -7.577824 34.311983 -89.003214 16.574839 -9.952479 
171.254362 32.102745 -17.836649 22.620090 -140.810836 -22.137384 -0.791271 -6.689904 159.328053 258.920238 28.774130 31.416105 41.373763 468.203959 14.404168 37.053005 -32.861723 262.606571 -23.670799 15.544613 4.738751 53.593103 -15.256734 16.786425 -41.015560 -146.456408 -7.876926 0.837108 136.411871 -23.437991 -7.098995 16.199750 -101.910953 -1.388991 -4.069381 -0.986404 36.964315 63.156897 12.427890 10.377028 -30.437812 48.694649 -38.884553 20.363764 -14.085527 -42.955311 -53.041552 22.063871 19.219365 -101.079048 -6.603000 10.656948 -14.457479 -103.344123 -2.483344 -5.950949 88.130599 -35.865141 -2.458117 4.775202 -90.538312 -4.772549 -5.827467 0.121493 -24.012575 -43.401694 -14.302622 -3.748163 -31.950209 -114.425824 -36.875395 -1.295914 -5.647587 -107.975946 -15.210489 3.724747 7.497092 -89.501964 1.325247 0.007754 -12.373304 -72.988496 -2.620906 -5.647179 89.479033 -46.899194 -8.711228 0.416871 -81.876365 -6.729160 -5.976584 -1.600219 0.596342 12.778849 -9.098918 9.332390 6.445975 13.015024 0.740307 17.394654 -10.768416 -25.781247 4.058183 -5.037751 -2.580936 -19.374273 1.075502 -6.265942 -1.849072 -16.361239 -3.183272 -0.659525 87.910162 -32.893888 -6.640572 1.330757 -75.245409 -14.109173 -9.232221 -3.261478 24.657713 24.431971 -6.470462 24.924906 69.514182 43.876492 -0.572671 62.065580 -29.915238 -23.938017 -4.964876 -22.158708 -10.490715 -49.728242 -3.485639 -33.369631 -6.168044 -50.221355 -5.724850 -14.611086 97.624222 -21.116901 -5.888251 8.953423 -76.741047 -13.234797 -9.300097 -6.880267 14.284104 4.105857 -3.412407 14.562239 54.817085 35.761249 -0.941588 62.704494 8.942200 22.863075 -4.224798 6.683221 -12.603790 -36.885777 -2.500153 -30.101495 4.004387 -39.735690 3.837670 -25.200184 107.468345 -18.535940 2.029053 0.383201 -108.780354 -47.192455 -6.966789 -13.078461 -3.775533 -1.770687 -3.215361 1.722299 44.359351 38.926972 0.407229 16.076472 46.925084 108.267269 4.746123 21.186001 21.477375 151.662407 7.446766 6.278211 80.512524 143.301959 30.440771 -9.674395 
-58.838384 2.008979 -5.248597 5.896745 -22.843434 -0.617284 3.846521 -0.614198 25.537879 28.774130 30.207351 0.657969 11.283109 101.051627 57.526655 -2.790685 8.414983 126.465208 22.050505 -1.004209 34.419192 60.352413 2.585017 5.484007 2.727834 -63.020483 -4.292649 -2.943322 2.081089 0.803311 -1.028339 8.076038 -8.020483 -0.693042 1.772166 0.402076 19.460999 12.751122 23.918911 -0.287037 -8.139169 -13.227553 16.507295 -5.377385 -11.541807 -61.074074 -11.704545 -7.216611 -1.824355 -60.500842 -5.875421 -4.298822 -10.037318 -43.623737 -2.836981 -3.288721 11.487093 -4.960999 -0.806958 2.608025 -8.906285 -1.058642 -0.107183 0.048541 -5.279742 -12.782267 -1.884400 -1.795455 -9.795735 -45.168911 -8.715208 -1.957071 -4.244669 -53.240460 -2.512346 -3.103535 -4.789562 -44.122615 -1.381874 -4.278339 -7.828563 -25.838103 -1.966330 -2.649270 10.284512 -7.542649 -1.197250 2.959315 -8.367284 -1.798541 -1.494949 0.352132 -0.475589 -1.250842 -3.370932 1.620932 0.547138 5.296577 2.269641 12.189675 -0.982884 5.739618 5.049102 10.160494 -0.935746 3.847643 0.800224 3.049383 1.266274 7.213244 0.595118 0.310887 15.547138 -10.489338 -1.263468 -1.104097 -8.856061 -2.817059 -2.428171 -0.553030 0.047980 0.741582 -2.538721 2.613356 6.751964 8.333333 -0.092312 12.746633 -6.683782 14.863636 0.058081 5.087542 -3.322110 35.100449 1.829686 -0.262907 9.358586 64.398429 12.415544 1.141695 13.997755 -8.447531 -0.568743 0.103816 -13.080808 -3.971661 -3.058642 0.049383 -4.642536 -0.229517 -1.031425 2.770483 -1.471661 1.343434 -0.120090 4.092873 -7.226712 8.155443 0.769641 -5.848204 -7.459877 6.796857 3.730640 -10.767957 -10.815376 14.018519 7.694164 -6.353535 18.475028 -0.339787 -0.508698 1.114198 -23.543490 -6.601852 1.082492 0.763187 -4.192480 0.643659 0.388608 0.475589 -12.885522 -10.363917 -0.323513 -4.754770 -3.622054 -21.206510 0.076038 -3.969136 -7.597363 -35.440797 0.040685 -6.187149 -26.821829 -72.390572 -3.540404 -7.261785 
-4.277778 13.544893 -1.939955 4.210999 -17.641414 5.706510 -1.585578 4.176487 27.113636 31.416105 0.657969 14.416105 7.359989 54.687430 -4.740460 14.783951 -5.147306 26.790685 -7.232323 5.191077 -1.762626 3.049944 -3.635522 2.632155 -4.552750 -18.062009 -1.397587 0.046016 -0.074355 -6.049102 2.136083 -0.372334 -5.531706 -0.601571 0.456790 0.727553 1.426207 -2.421156 -3.324635 3.266835 -4.332211 -4.748878 -9.892817 6.365600 -1.133277 -3.026936 -7.169192 5.310887 -0.035915 -9.999158 -0.104377 3.642256 -5.923962 -14.936869 -0.796016 -1.408249 -3.125140 -2.178732 2.293490 -1.151796 -5.809203 0.423962 0.150954 -0.226992 2.005331 -9.234568 -3.103816 -1.184343 -3.140292 -19.546577 -6.040685 -1.053030 0.473625 -11.722503 -3.041526 1.088384 1.925926 -6.582772 -0.156846 1.517396 -0.940797 -10.705668 -0.670034 -0.609989 1.983165 -7.127385 1.301627 -0.940797 -6.755612 -0.421998 -0.505051 -0.244388 6.339226 1.624579 -1.238496 1.246072 -1.092593 0.301066 -0.692200 0.918070 -1.879068 -4.327160 0.503086 -1.768238 0.775814 -4.201178 0.839506 -0.707632 -0.552469 -4.837823 -0.832492 -0.132435 1.887205 -6.416386 -0.478956 0.641134 -6.002525 -1.767116 -1.251964 -1.169192 7.260101 1.768519 -0.860269 2.829405 3.194164 1.777778 -0.082772 3.313973 -1.893659 -3.994949 2.199495 -5.249158 -0.822671 -5.129068 -0.503086 -3.324635 -2.015152 -3.684624 -1.927329 -2.761223 10.382716 -8.545735 -1.656846 -1.400112 -5.994949 -2.297699 -1.611392 -1.970258 5.595398 -0.470819 -0.485410 1.271605 4.035634 6.106061 -0.171156 4.524972 -0.633558 7.393378 -1.030584 -1.165264 -1.117565 -2.197531 -1.548822 -2.334736 4.014029 2.042088 2.496072 -3.782828 -4.276375 -2.976712 0.996914 0.606341 -10.197250 -1.276936 -2.759259 -2.517396 9.598204 3.400112 -0.425645 1.024411 4.132997 7.377385 0.791526 0.756453 6.313973 11.709877 0.309484 1.927048 1.962682 18.897026 -0.392536 0.175365 9.209035 14.602694 2.782828 -0.808923 
-251.083104 -49.055760 -5.980002 12.467452 -135.696051 -25.534639 -17.871110 2.023084 97.973140 41.373763 11.283109 7.359989 420.940134 541.899653 69.604709 45.830068 208.308004 952.590552 19.774105 69.985690 145.388430 669.346444 -17.117003 83.366927 127.467962 281.178324 1.427737 56.498368 18.727094 21.954826 17.528135 -5.217350 -23.599454 0.522294 2.432405 3.227604 -13.161132 -87.636848 -17.020483 -9.323768 -18.438986 -319.572365 -82.909601 -3.097311 -18.758060 -406.279767 -109.523186 16.438119 -34.214162 -306.676232 -50.542547 8.228268 -64.428502 -129.459366 -18.713932 0.983088 7.196460 14.037165 15.118661 -4.236328 -22.131262 -8.020074 -3.390470 -0.118126 -42.793975 -134.416794 -31.321498 -16.853306 -55.035864 -369.712529 -81.467274 -16.162305 -19.391134 -414.161029 -53.684981 -15.547980 -29.473217 -315.354938 -20.870855 -25.037751 -47.250051 -171.863356 -12.748699 -18.636874 -4.209060 9.251658 -10.125625 10.291271 -8.268110 -11.322416 -12.684573 -1.285149 0.849480 -20.115396 -23.570656 1.982731 32.852464 -13.094608 -19.717962 13.414652 36.412892 -27.307673 -7.893506 14.642587 -3.377436 -46.156948 -4.472044 -2.005255 -3.274589 -58.708244 -7.269437 -2.004999 16.637129 -20.160137 -13.869529 5.869733 -4.132002 -14.236711 -11.643506 0.705005 3.437328 -0.967784 -16.204010 6.483879 68.002194 -9.899908 -8.688272 30.977579 65.336879 -35.884298 -14.127870 23.306550 11.178349 -87.674574 -20.871416 6.760509 15.263085 -183.192021 -41.101444 -5.610371 24.607489 -62.981048 -10.557265 -8.194164 -1.157025 -18.233369 -11.834124 -3.356035 -2.892307 1.478931 -5.055760 3.254413 21.791424 -17.161157 -3.215131 8.016197 52.783389 -30.071829 -17.291883 21.762907 32.040583 -41.359249 -26.226661 18.647561 104.167636 -118.491582 -49.742934 14.598714 14.455744 -99.759438 -12.303923 -41.336675 -56.635318 -44.192302 -20.435874 -18.714774 6.322671 14.367258 -2.881823 13.396159 5.456535 35.533696 -0.129757 2.379298 39.170875 51.639680 -4.584660 5.868789 35.864070 128.073436 -7.594302 16.078232 177.075324 180.595194 13.565197 22.215259 
-190.325987 -71.333690 -38.222579 74.940516 -473.354454 -145.430568 -37.805377 -8.048617 385.579890 468.203959 101.051627 54.687430 541.899653 1999.787777 221.831599 83.034690 95.696204 2427.634476 31.094582 71.942761 222.773186 1537.506530 -24.079125 157.189470 245.651005 344.497041 11.038312 132.204214 264.324814 -1.397868 27.501888 37.440975 -242.119120 1.078155 -7.298847 7.201969 8.738853 -32.127742 12.069585 5.216866 -160.307367 -370.120957 -172.341802 -5.345169 -138.304510 -740.444138 -275.055096 -11.091878 -71.660137 -683.853229 -100.960820 -5.697123 -156.313641 -415.548209 -20.329558 -19.355984 199.754158 -69.119937 33.897051 7.624936 -223.778951 -27.288287 -22.099990 2.123457 -137.468371 -304.297572 -82.701510 -34.805785 -159.286246 -832.051219 -214.745128 -30.057392 -58.064534 -947.637231 -131.664626 -34.040404 -61.469544 -750.338945 -39.876900 -55.995358 -113.710948 -437.296857 -26.108203 -40.463014 187.076064 -86.919447 -12.204061 16.530558 -199.502653 -32.614733 -33.608356 -4.489542 -5.838537 -35.123661 -60.435517 11.950209 90.070095 -20.988164 -49.135853 69.367054 51.137333 -77.539690 -25.431691 42.750791 -14.003316 -96.205846 -6.733905 0.115805 0.232221 -78.104326 -6.679216 1.392766 218.108662 -99.968371 -33.291246 11.114835 -189.703857 -53.484951 -45.209468 -6.131772 55.701561 25.569636 -45.762320 40.779869 276.227324 75.541322 -23.535915 180.467707 38.410876 -48.105601 -34.662534 30.383685 -24.672737 -91.358535 -21.591266 -46.620498 54.095500 -80.174421 -16.588511 -10.898327 223.901490 -125.923273 -24.624834 8.581930 -182.342975 -58.276451 -44.741914 -20.124324 5.199827 -2.934599 -18.535711 29.244465 148.769462 37.529844 -6.506530 138.624936 73.769921 40.475309 -28.597286 51.561728 -20.400571 -79.934241 -23.786807 -70.593409 94.250434 -170.865320 -24.064024 -43.750230 247.378992 -172.333435 -32.335527 -31.284257 -294.890215 -201.978574 -50.252678 -49.398582 -51.280022 -5.280278 -12.851903 12.209060 67.570401 45.242679 -0.083767 31.301398 117.218855 129.938884 6.343638 72.351189 24.234976 292.702377 4.934088 25.278951 186.461994 265.265075 36.667126 -12.413070 
-507.819559 -112.283849 -16.132333 17.352413 -88.263085 -33.481277 -4.517167 -2.637103 14.123278 14.404168 57.526655 -4.740460 69.604709 221.831599 250.372028 -16.294103 100.560223 509.523467 190.410927 -7.647306 184.325987 426.919090 56.642256 13.380089 126.642843 64.937073 0.987170 1.840322 -67.904933 29.188272 3.145725 25.352643 -20.901311 -0.338027 4.566065 5.213779 18.967070 -8.557979 49.286476 -7.740052 -1.098969 -126.917381 81.265126 -23.400699 -30.320605 -312.479645 2.202250 -32.167993 -34.838486 -310.113483 -19.041016 -30.474824 -84.369784 -203.670569 -15.372692 -23.498699 22.411591 -10.708117 13.209468 -1.070529 -17.257321 -5.686231 3.365830 -0.661336 -22.788057 -62.649628 -7.248903 -9.503903 -28.957096 -199.678808 -31.518187 -10.058999 -15.985971 -253.941511 -25.717835 -14.058081 -25.426691 -214.315095 -12.121952 -20.688756 -41.467427 -125.862233 -7.990970 -12.548005 16.121365 7.430007 7.897128 10.835144 -16.436512 -5.612080 -3.675390 -2.178273 -7.388965 -14.748699 -11.252270 1.696485 8.322926 1.279487 -10.534257 34.548005 9.195771 26.456586 -6.220054 47.122028 1.279487 9.826370 -2.552138 17.660596 8.111902 12.342618 2.915442 0.828538 52.902816 -25.563310 1.132155 -6.812953 -20.922635 -8.446179 -4.848842 -1.651745 -10.414371 -3.343970 -8.353382 4.323436 10.106928 -19.928834 -5.542368 29.665672 -5.618636 20.921947 -6.649449 63.169115 -0.739567 101.005918 -3.786374 42.060121 47.658861 154.615651 21.351367 23.463295 56.340475 -29.804229 0.127819 -10.309203 -35.628558 -12.454724 -7.857489 -7.194317 -23.658504 0.611825 -3.314152 5.610448 -17.335808 -28.275482 -0.701918 -1.388710 -29.653760 -47.854097 -2.656387 -14.367284 -13.302138 -28.589175 1.397000 2.227706 32.464442 10.047138 3.648964 15.650138 88.677711 -7.054765 2.152102 -17.850041 -64.449316 -45.668580 -14.558157 -15.326395 -42.209877 -9.072799 -3.292955 -3.372743 -33.025406 -32.306270 -1.598281 -14.032803 -18.519360 -83.705642 -0.519258 -17.529793 -24.866519 -140.122717 -1.532114 -11.129043 -75.406209 -210.741200 -11.482094 -6.378252 
20.825528 -3.353331 1.449699 -0.982604 -27.440312 -7.334048 -2.767779 1.585501 28.064738 37.053005 -2.790685 14.783951 45.830068 83.034690 -16.294103 40.447709 7.654117 62.682175 -21.708448 27.961279 -12.630854 -9.997959 -10.294613 14.261861 -29.336649 -51.079839 -3.066626 0.951127 27.477451 -8.745230 6.363279 -1.113458 -17.625293 -1.199061 0.527191 0.194113 -10.922202 -12.199010 -9.931538 2.740435 -11.899398 -32.819049 -25.055045 17.195796 0.154525 -17.568717 -19.494490 24.228548 7.598000 -13.412152 -1.831191 17.456076 -0.806346 -19.482553 -0.919906 1.979033 17.616672 -0.741710 5.679318 -2.301551 -21.732374 -1.618814 -1.129732 -0.434905 -11.380267 -20.931691 -7.425977 -2.573462 -12.044944 -48.206663 -13.924140 -1.814968 -2.053311 -43.528364 -6.966534 2.656566 3.665136 -25.869809 -0.076115 1.684216 -0.570656 -15.755331 -1.079584 -1.696460 26.198959 -9.292062 -0.089022 -2.803898 -26.183910 -0.233139 -1.163912 -0.091113 -2.362106 2.428528 -2.964697 2.716764 -1.751454 0.319355 -2.592644 3.176258 -4.536629 -11.879196 -1.689828 -2.314305 -0.332160 -12.037496 0.042751 -1.939190 -2.394603 -14.529130 -2.081573 -0.823283 22.135598 -10.072187 -1.648148 1.541883 -23.587695 -2.662279 -2.250434 -0.364096 -0.480257 3.945057 -1.725283 6.713091 2.240231 -1.079890 -1.253648 11.206765 -8.591929 -22.226814 -2.718090 -9.134833 -2.572289 -35.557749 -3.868483 -6.752933 -9.965106 -49.065555 -11.497041 -4.558821 34.124834 -12.799255 -2.233139 -0.088664 -21.469238 -3.425722 -2.173452 -0.371238 1.644832 4.384706 -0.575554 4.563769 6.564636 8.676309 -0.582849 14.612591 -2.030864 -4.317059 -2.740945 2.153760 -3.851189 -24.054892 -4.172329 -5.195541 11.786909 -25.538721 -2.519692 -3.871442 1.117488 -11.399653 5.932711 7.566473 -41.806601 -10.431436 -2.745944 -2.179165 10.843996 12.779206 -0.752015 7.823538 17.498010 37.443577 1.314101 13.262116 15.998316 59.198704 0.238700 15.247373 1.047546 85.999796 -0.832466 3.237425 33.174676 96.268442 12.015611 2.272115 
-545.333792 -113.045608 -23.474901 -12.072391 -110.410927 -26.597949 -15.646388 -4.086853 -30.842746 -32.861723 8.414983 -5.147306 208.308004 95.696204 100.560223 7.654117 328.989210 430.756045 148.588154 38.477273 277.081726 500.958066 70.618687 46.160927 243.556780 332.808616 3.272192 33.726048 -72.119452 56.455387 7.771732 -0.573998 -15.423707 8.702326 6.531374 1.792547 -2.079813 -38.960591 23.009259 -11.868457 59.586165 -226.644552 51.734466 -16.934726 55.605066 -342.113866 33.185262 -7.449189 -5.976278 -275.283058 -14.251607 -10.485996 -29.465947 -123.861570 -12.726737 -5.854224 15.971840 21.115626 9.041016 -2.441766 -6.970921 4.792394 7.957147 -0.465488 9.547827 -66.441384 16.574533 -10.043388 15.441537 -252.242730 19.105984 -13.258724 -2.001684 -333.531757 -10.621059 -17.426768 -27.082185 -266.393098 -14.874732 -24.280839 -36.728574 -141.261785 -7.096878 -16.013009 -2.992654 37.621824 -1.628941 10.941307 9.144245 1.470309 -4.120753 -1.007423 15.266529 -13.624426 10.726048 -2.194138 36.197429 -21.893557 8.036654 4.043312 28.870906 1.767983 -6.593740 14.441537 2.328665 -6.862029 -3.933578 2.479645 8.592669 -15.865779 -0.541093 -0.602234 17.633150 -1.757729 -3.234848 -6.860958 33.524105 11.393174 10.631007 -3.367080 0.324839 -9.942378 14.593205 -8.436333 -8.532446 -55.563820 -1.049663 -33.585629 79.796220 -23.307163 -7.216483 17.102388 31.956994 -23.976890 -11.820860 23.457377 41.398072 -98.058157 -19.249694 9.287802 21.420263 -23.856367 2.392026 -31.208754 8.041322 1.158938 15.077058 -14.253137 0.349709 6.429905 6.959443 -6.499847 -27.087619 -26.738292 -0.104530 -51.557928 47.582492 -70.255892 -5.467019 -11.872896 55.190159 -64.282063 -15.514692 31.243878 52.759565 -111.030303 -47.659474 14.787420 55.529308 24.213881 3.791628 -63.720309 -54.264998 -24.134757 -8.513774 -28.608050 -3.102694 15.120141 0.080425 8.312902 -19.320478 22.380701 0.308616 -17.527395 -1.845960 -18.524028 -3.349480 -19.765075 47.628482 -18.467019 -8.961509 22.488598 107.467478 77.983012 -19.877870 41.593893 
-1595.020661 -355.064687 -41.867718 62.561167 -442.678604 -156.142281 -39.664626 -6.795888 322.109275 262.606571 126.465208 26.790685 952.590552 2427.634476 509.523467 62.682175 430.756045 4357.982757 292.699265 80.173401 582.637282 3588.529895 66.053872 250.646618 950.844098 1758.061422 72.423426 262.724926 -50.412662 104.571268 81.401082 29.173197 -120.186052 5.112540 10.915774 15.824814 -91.611519 -280.585450 24.448934 -35.500612 -204.991838 -1078.346291 -127.591011 -100.395725 -212.666259 -1617.090297 -324.887971 -121.833588 -208.005459 -1294.615549 -159.002449 -88.601316 -284.357923 -606.626722 -37.258443 -44.514998 76.035252 11.233190 99.327773 -15.802316 -125.817162 -38.184318 -14.455872 -0.620090 -201.662330 -545.204571 -116.990562 -72.066116 -214.979900 -1570.149577 -321.678808 -70.084481 -107.383277 -1893.432711 -218.260229 -102.080808 -180.413835 -1525.144220 -86.932252 -144.729772 -246.273748 -836.251964 -51.347720 -84.096062 74.237986 4.634170 14.154168 29.714315 -127.564228 -45.776604 -42.979339 -9.662585 -17.823538 -103.888736 -100.701000 3.083920 194.140190 -71.119427 -86.086522 111.853637 146.934599 -33.648403 -43.526681 131.397204 -13.674982 -103.032905 -17.597439 27.859555 11.477910 -103.387103 -8.802877 2.687889 211.636517 -116.859300 -37.294613 -2.534639 -146.008724 -65.830170 -59.910519 -5.859504 15.029385 -33.108203 -81.059994 13.854352 381.634782 -12.649679 -39.351291 195.581879 238.333537 36.925161 -48.390725 219.706765 17.597286 77.064075 -46.281859 66.558667 169.185950 69.902000 -24.806652 42.560249 204.407356 -205.474492 -25.579635 -34.681257 -148.059688 -76.995664 -58.601673 -24.519692 -71.729977 -53.295123 -30.857617 -13.371340 104.712325 -130.521120 -10.822824 5.137078 176.107183 -67.527497 -46.817468 68.121773 66.089430 -45.705183 -45.917049 22.648199 255.524436 -151.760943 -68.192021 12.297521 235.811856 -182.749362 -27.851189 -59.450668 -286.100296 -262.229875 -68.747781 -76.911642 -115.743547 -28.114427 -19.671819 1.685797 -65.970309 -117.472554 -5.423426 -57.126161 48.367003 -290.489236 -3.496225 2.037394 24.872309 -174.278747 -13.840577 43.362616 124.673146 -138.883991 -61.640496 38.274870 
-627.304867 -177.643710 -22.047750 6.707071 -34.234619 -27.772268 -3.127640 -5.305326 -28.830579 -23.670799 22.050505 -7.232323 19.774105 31.094582 190.410927 -21.708448 148.588154 292.699265 285.322314 -20.515152 259.003673 463.118457 147.666667 -1.598714 249.695133 306.409550 28.221763 6.693756 -130.617539 43.232323 1.593664 15.842057 21.389348 2.908632 4.612029 5.264463 -7.270432 -40.007346 23.368687 -10.797062 40.216713 -153.509183 124.825069 -22.331497 19.341139 -319.723140 121.584481 -37.869146 -31.795684 -336.005969 13.584481 -42.827824 -93.708907 -221.365473 -11.827824 -31.371442 -8.048669 0.757117 18.903122 -8.588613 18.133150 -3.889348 8.816804 -1.404040 -2.214417 -62.393480 9.365473 -9.961433 16.279614 -202.827824 31.233701 -10.544995 0.348485 -278.160698 1.381084 -15.934343 -29.364096 -245.358586 -11.790174 -25.212580 -47.926079 -146.656566 -7.948118 -15.099174 12.196051 9.387971 9.901745 -2.847567 18.807622 1.741506 5.830119 -4.810836 29.545914 -6.800735 26.456382 -0.747934 38.102847 -6.557392 16.340220 19.488062 27.187328 22.706612 -5.489440 39.643251 9.326446 -1.796602 -3.655188 17.007805 4.291552 -12.759412 -2.154270 0.441230 22.805326 5.063361 10.292929 -10.134068 23.146924 15.796602 14.727732 -1.256198 30.269054 0.553719 22.297062 -1.979339 13.033517 -49.467401 1.217172 2.606979 56.572084 -11.435721 -4.860882 82.773186 24.925620 41.296143 -5.285124 68.883379 44.072084 71.188246 9.221763 27.430670 13.500918 0.404500 5.938476 -13.575758 -2.764004 8.219927 11.764463 -10.544536 13.472911 0.246556 7.588613 -2.714876 -26.003673 -62.690542 -0.749770 -29.997704 3.262626 -108.065657 1.613407 4.126263 33.284206 -53.847107 7.592746 59.499082 63.974288 -4.085859 1.481635 35.119376 60.770432 51.417815 9.179982 -40.514233 -43.947199 -15.917815 -6.206612 -26.560147 -29.388889 -9.071625 0.501837 -6.586777 -40.342516 -41.029385 -2.100551 -23.572544 -39.505051 -135.511938 1.967401 -25.966024 14.485308 -202.674472 2.261708 18.897153 -35.662075 -183.386134 -24.713499 37.471534 
