2913.356520 1116.814968 24.555326 361.283440 519.597184 195.510178 -49.577518 115.481022 -1157.009412 -319.768442 -110.306015 -104.148148 282.107438 -5.017447 -28.465259 9.677074 -319.907484 183.277778 -117.801347 -7.860193 -568.843893 83.096419 -111.995485 -15.109810 -54.853994 5.276936 -7.826905 22.293924 1671.161004 220.983395 0.482323 265.246556 231.872743 277.357668 -56.868763 165.646465 -1026.059458 200.064279 65.774411 -120.120983 -73.494796 -42.415060 86.197046 -11.841674 -158.225054 105.379859 -137.689241 -15.959902 -174.656795 37.786731 -103.010254 32.852311 -22.190083 11.025865 4.849021 41.908861 867.986455 115.422635 -101.830579 93.887818 176.129400 140.188017 -228.422406 105.676768 -389.157867 413.126416 171.516529 -51.484007 57.685644 -75.886364 15.844123 -4.271503 -300.871977 -112.494796 -226.491965 -3.479798 -152.692302 -54.420340 -76.285124 18.032599 55.774028 94.719085 18.678681 -122.006811 421.908632 269.915978 -411.917508 9.039486 217.179522 55.751990 -344.629094 65.190236 -127.810989 137.725360 48.806091 -21.848561 99.616238 -16.807928 -87.212963 -27.099327 -226.368916 -0.277395 -212.218320 15.540174 -42.558157 45.538721 -21.948271 40.224824 -86.375574 125.165825 62.342287 -104.714876 142.042317 275.119223 -489.212504 20.607744 284.067570 331.456535 -171.678145 152.545837 -67.546220 276.536195 -15.223140 47.667968 -4.270738 26.495332 -79.520279 -35.261249 -136.050888 10.749694 -118.594659 -3.548745 44.811830 22.630471 37.480028 5.483854 -228.984466 188.042164 60.604530 36.654882 -442.338078 188.065274 -185.549051 -95.748087 181.030992 362.482323 -187.476431 92.263851 -72.179905 198.833792 -163.292776 -15.384068 -107.069330 1.438246 -45.237297 -96.093664 -145.123125 -7.014233 11.922559 -27.413147 75.960897 30.746633 176.913529 -3.024028 -260.202785 141.947658 -82.940236 29.827441 -513.406030 -339.806168 -84.203933 -322.419039 -99.672176 -267.759642 -303.414601 20.143021 -100.546832 -35.340220 -156.168809 -45.827824 -89.933731 -152.563284 19.483701 -100.522651 11.610575 145.594123 304.139348 -46.633456 -70.498087 51.176385 231.462274 -24.426309 -254.686103 -101.488215 59.068564 -13.392409 
1116.814968 1139.785124 15.680900 321.305479 -265.116315 99.106367 -31.875727 38.292776 -661.618457 -175.043465 -59.254362 -72.375421 223.232782 -4.797062 -12.371136 7.314356 30.445822 51.727273 -43.452862 -16.238751 -124.577594 -20.826446 -43.981941 -37.186716 -12.522039 -8.978114 -4.125803 -7.814203 735.351087 355.292164 12.661616 277.349862 -106.135292 242.097337 -17.000306 178.545455 -579.677227 111.403581 18.365320 -43.054637 -0.999388 -89.634986 4.146771 -6.599021 -11.955770 -10.763391 -93.958984 -9.723447 -28.207989 -27.509642 -44.475360 -48.252372 -67.285583 19.123661 -4.321090 -47.000918 365.476125 44.927916 -76.706152 76.884604 4.941843 111.646006 -132.598714 130.752525 -162.035507 238.662228 30.465106 16.942761 30.878941 27.404040 -21.916437 5.757423 -189.058616 -18.075145 -85.225436 29.530303 -31.435874 16.333792 -16.751607 36.958678 -104.262473 101.255127 -5.876186 -111.224212 141.952709 25.552801 -256.755892 -4.498623 43.652433 -3.461739 -149.587083 13.801347 -144.006581 137.861035 8.790021 37.752219 -0.191613 59.702632 -62.291246 38.855219 -108.970615 39.546985 -79.120753 36.529385 41.050199 38.053872 4.792776 67.616468 -125.335629 75.708754 11.278237 -71.920110 -25.052954 24.476890 -281.344965 -3.457912 128.820784 157.669575 -37.071166 27.158096 -98.250536 140.927609 55.668044 -2.828130 -83.577900 72.986379 -54.677074 62.747934 -52.890419 59.635139 -46.550352 50.976737 48.605908 20.244108 13.132231 17.369758 -127.836853 85.784818 -60.046526 39.013468 -355.069483 123.498470 -83.181053 -43.153964 138.795684 231.742424 -15.784512 41.014998 -84.361035 90.264463 43.737986 -32.753444 -120.216713 6.263085 24.449801 -31.707989 -77.138965 30.665289 -2.804714 21.251454 4.505204 27.031987 45.679369 7.494796 -45.593970 84.411846 -137.796296 39.648148 -402.452403 -247.684267 -40.103612 -247.746863 -41.506887 -205.674931 -132.542241 -3.917815 -97.818641 -111.244720 -85.427762 -20.235537 -123.179369 -120.066269 15.106520 -65.610805 -88.800122 89.391644 140.400826 -31.362106 -123.921641 53.973217 112.510713 -15.553719 115.674778 24.112795 -17.372207 11.571778 
24.555326 15.680900 6.751377 2.063667 14.637435 11.379170 4.243725 3.248546 -20.269284 -5.796755 -2.620983 -2.099327 2.926079 0.847107 1.299969 -0.756045 12.997934 6.318182 1.826599 0.047521 -15.002296 5.522498 -2.836012 -1.695516 -1.679063 4.389731 -0.210285 1.555479 27.249464 4.997781 4.179293 1.273186 10.328359 4.242883 1.625880 1.722222 -18.625574 5.119376 1.806397 -2.301882 3.056321 -3.817723 4.712504 -0.551806 1.399985 -2.949189 -4.597720 1.331803 -8.814279 5.317493 -2.071472 -2.521273 4.983930 3.588919 -0.376110 3.216024 22.806015 0.340450 -3.092287 1.752219 4.692455 0.889578 -2.041322 1.792929 -14.627717 11.778543 7.259412 -1.687710 4.807009 -2.436869 1.543848 0.167738 -0.274028 -5.080043 -3.929522 -0.126263 -3.274640 -3.399679 -1.561983 -0.256198 6.551959 -6.919728 -0.369223 -1.781527 12.179522 0.958678 -9.208754 0.510560 4.347107 -2.876416 -4.897995 1.860269 -14.514539 -0.610575 2.323385 -1.081191 7.439777 -1.948730 0.192761 -1.294613 -0.188017 -1.154653 -5.828972 -0.208219 -0.417049 -1.619529 -1.135292 0.316039 4.460514 -5.549663 1.665978 -5.640037 4.474212 3.697123 -8.072620 -0.234007 4.514616 4.868534 -4.592746 5.532216 -6.261402 3.332492 -1.383379 -0.059152 3.075605 -2.250612 -0.237756 -2.826446 -1.001913 -1.089914 -3.084405 -1.400291 1.145011 0.556397 2.162764 -0.075681 -6.008188 -1.248776 5.598408 -1.695286 -4.801500 6.947582 -2.053336 0.572697 6.018595 5.184343 -4.937710 5.581879 -0.465182 -0.866391 -3.883073 0.746327 3.011938 -6.505739 0.848867 -3.377410 -1.610575 -0.384298 0.698653 -1.005127 3.450949 1.874579 6.441384 0.097031 -12.968473 -0.362718 2.005892 -0.201178 -3.444291 -4.702556 -2.019666 -4.090144 3.149219 -0.333563 -5.901286 7.225207 -0.057392 4.238292 2.413529 -0.194674 -0.542394 0.648225 9.549816 -4.264769 2.088231 8.319100 8.883609 -1.131925 -2.152051 3.993036 11.043695 0.454316 -17.046679 -9.082492 0.767065 -0.542853 
361.283440 321.305479 2.063667 134.640547 -92.656617 0.186971 -10.783491 27.951127 -229.091674 -57.490919 -18.926538 -22.729517 15.378941 -9.691613 -1.756708 0.084583 31.933119 9.013468 -6.152637 -6.539180 -26.295225 -14.975819 -16.680849 -10.498265 -5.626875 -9.661055 -1.562137 -4.751199 201.298847 100.292674 -2.106061 112.917968 -33.780788 64.247934 -11.212223 74.479798 -191.762779 27.622743 3.251403 -11.402051 -9.789358 -25.041628 1.621314 -4.512805 3.533262 -9.082747 -30.174880 -7.810172 -9.629936 -12.294460 -17.942965 -16.611060 -24.676002 -4.805581 -1.751811 -22.759565 73.153658 1.853076 -20.410468 27.399245 8.975564 30.397153 -49.307316 54.471380 -54.971431 70.229160 8.104530 5.312570 9.190287 0.526936 -1.628711 3.511733 -61.182838 1.675288 -25.295684 4.085859 -12.386032 22.678604 -7.757270 11.149526 -45.823181 32.963830 -2.734823 -27.411438 13.509489 -3.548056 -60.129068 -3.590450 20.542394 9.873023 -34.170442 3.829405 -34.333843 47.622028 -2.995919 25.981379 8.984951 12.820069 -18.398429 14.258137 -30.555862 7.397817 -27.316345 8.526630 13.690134 12.751964 -0.368738 19.027038 -40.396388 21.106622 0.158402 -18.823538 -10.091725 1.418223 -66.377615 -7.075196 46.204571 35.936996 -8.037190 -4.605550 -26.324253 31.098765 9.857361 4.530354 -17.470411 15.753035 -26.454647 29.352005 -6.232833 12.767269 -17.543720 21.918172 21.893888 6.212682 3.439700 5.806754 -22.795786 15.633660 -26.062647 7.182941 -105.009693 18.238547 -26.493011 -15.866136 24.314050 56.471380 -5.951740 2.637996 -34.881288 29.679063 19.833537 -14.210744 -32.636211 10.666820 2.023671 11.359963 -3.650699 15.982706 -3.832211 28.912101 9.828334 6.869248 12.396490 3.934292 -15.142434 19.170952 -33.810887 10.591470 -126.342720 -95.758392 -16.256760 -66.166463 -17.214417 -71.777166 -39.157178 -5.368228 -33.814968 -34.946893 -24.784002 -9.746863 -34.930160 -44.281349 -1.681665 -18.134578 -11.025967 10.650750 21.926538 -2.913631 -10.480614 12.425416 27.828487 -4.218243 24.602030 7.992144 9.556066 3.623253 
519.597184 -265.116315 14.637435 -92.656617 3463.993164 483.437914 84.209111 329.688450 1307.306550 120.191562 -18.095500 182.264871 -1001.444138 -64.590297 -118.207020 -74.691103 -870.138812 -21.367003 -30.584736 -123.931895 14.944904 63.523110 58.811703 -26.297878 21.811907 -17.995511 -6.144475 39.202989 -473.848434 -499.034180 -32.338384 -328.244873 1323.980512 -209.877870 -37.634884 -61.914141 654.651209 103.139425 -103.953423 96.301959 -388.566932 297.138965 -123.218651 -14.074431 70.108611 -84.224416 -0.671309 -14.154015 160.426997 -106.194980 40.986124 -24.993164 -5.008571 -170.579176 4.954290 -28.817110 -446.197735 -66.521120 116.204316 -242.864810 276.048771 -123.902663 27.653046 -139.385522 206.282726 5.586267 -184.412152 51.828844 -155.188450 276.917508 -89.373584 3.865218 294.115805 37.544179 20.282369 15.434343 0.185848 81.993572 21.732935 4.561677 -175.392154 -40.129579 22.766044 165.185542 60.271503 185.752372 137.482604 -82.807163 -43.541475 38.904295 -19.147281 -90.783951 196.189215 -84.774462 -164.443016 6.555351 110.937914 52.328691 -89.586420 18.080247 463.797368 0.135700 93.958219 -18.911387 -58.961484 -11.322671 -3.486634 -2.937506 -26.984695 -41.409652 -60.794307 192.059994 284.021937 68.415570 -105.549842 -5.854097 -124.006683 -60.205132 -19.124885 -88.325579 -47.242781 32.911336 -170.608509 61.466432 286.444700 77.613815 -38.473268 0.148454 352.305377 -15.266810 69.020304 -35.904398 -111.920977 -16.631874 -40.989287 -1.869656 219.677788 -56.564330 -113.369401 56.670595 175.645597 -0.868024 -52.795786 62.922610 -198.664830 -64.425926 -211.240180 -6.654984 -21.612744 -40.697429 -145.109019 2.553260 345.434650 -17.226967 -3.722018 1.033058 250.210387 48.187634 23.862514 24.489185 -105.498214 -17.869248 -120.653148 -0.532089 365.489542 -52.041934 -5.370932 -7.141975 321.969442 188.087593 -83.284563 100.380880 -79.398531 719.738598 -175.864861 91.046373 109.284206 609.929446 124.580145 -82.635139 336.363585 249.642690 116.040710 22.395827 186.217427 59.589379 -93.227732 106.901694 -21.074023 -35.933680 -227.785787 13.745332 440.288236 92.820988 255.699674 -5.231609 
195.510178 99.106367 11.379170 0.186971 483.437914 305.454979 2.170161 77.001888 -1.494414 54.844149 -24.968090 25.394501 -182.712733 -3.945669 -16.303132 -15.395572 -60.285507 38.658249 12.290685 -15.320554 126.504132 39.428528 19.298311 9.764947 0.866085 0.084456 -1.337313 9.207657 -19.030405 -70.186690 -0.007576 -60.793082 273.794026 32.508264 -13.298413 33.934343 20.225360 41.781757 -27.562851 32.635981 -74.068156 -4.782981 -20.034920 -0.464774 0.638838 -62.515815 -4.705362 -9.171768 40.956612 -35.289333 8.593409 13.243904 14.880777 -0.215386 3.472732 14.879170 -32.662611 -35.480487 10.455005 -56.760280 91.379732 -54.596189 -53.735384 -17.410774 1.957275 -16.430109 -71.519131 21.011504 -43.865524 9.263468 -23.265458 0.446332 28.669906 -41.012601 -9.420799 -1.949495 18.736889 -24.600781 5.917968 -5.668809 18.690873 3.978854 1.571447 7.232451 33.850934 27.429599 -58.864198 -20.719008 16.290021 -37.149500 -70.874630 -23.184624 -20.272370 -28.266733 -32.391746 -30.037471 5.121646 12.403224 -22.647868 1.849607 58.039103 9.620013 5.035583 1.305096 9.938119 -4.970819 -2.077237 -1.069432 25.918886 -17.663019 -13.918962 -23.064432 10.842491 48.274921 -90.125064 -5.109989 13.955285 49.420365 4.921488 -16.023084 -34.039690 41.897026 -16.687022 -20.480844 45.090399 14.173885 -2.429727 -21.296908 40.083690 -11.059815 4.517473 -14.956356 2.718218 -2.435746 -0.736073 -2.692506 -14.499515 -7.303158 0.092338 -11.947250 -1.866952 43.465845 0.326421 -30.946230 34.115014 21.182660 -30.706510 1.173605 -10.706331 -10.514233 -36.443577 -9.452479 60.186257 -44.038491 0.966764 -49.121671 17.379732 -23.875268 7.062851 -29.758673 2.514106 -8.986251 -0.461381 -4.238853 17.581522 1.937404 -24.083895 -0.314534 108.187379 106.584915 -1.160672 -25.468830 10.236455 93.500077 -19.825834 14.419881 15.370983 80.752219 7.753852 -15.022651 22.075860 11.030278 23.885751 -31.372462 9.219187 31.533364 19.523646 -1.515509 6.307137 -9.650316 -8.097618 -2.972987 116.827569 -21.510662 -0.081165 0.049077 
-49.577518 -31.875727 4.243725 -10.783491 84.209111 2.170161 34.034104 -1.883481 93.068488 14.141822 25.594353 1.418070 -47.733395 -2.274870 -0.953882 -5.363126 -32.913147 -4.579125 5.115600 -6.485843 -16.595041 -2.068258 -1.561499 -2.324431 -4.531068 -0.131033 -0.307469 0.045429 -43.590246 -24.285252 1.325758 -18.163147 67.153224 -16.427456 7.981354 -13.303030 46.953092 -3.828895 1.156004 -4.072008 -18.668095 1.725742 4.523697 -2.667100 5.959928 -8.972962 2.416922 0.987705 1.326217 -0.895852 -1.200592 1.194929 -4.742730 -5.221202 -0.783619 3.430594 -27.133685 -15.842746 -1.167126 -10.782930 30.697148 -22.878558 -4.384144 -5.663300 16.657765 0.237629 0.167279 -2.111392 -14.197327 12.440236 7.969161 -2.858229 22.977681 0.210693 8.223829 2.666667 6.711484 3.848255 3.033211 3.165442 -11.943960 -15.080987 -0.028798 16.015585 -19.076523 -12.648454 3.723345 -4.296143 7.657790 -11.317391 4.941409 -0.504489 5.212325 -13.393761 -0.703653 2.661489 -4.880344 -6.489644 5.131594 -2.507295 30.368304 -1.384884 6.413912 -1.082874 4.773441 -4.356341 0.012142 -0.010815 -4.679829 -17.110831 2.267447 8.037496 -8.505229 -5.228905 14.965692 -5.421437 5.486353 -2.121263 8.820937 -1.250204 -0.242016 -4.695567 -4.491429 13.258060 -0.855270 9.315453 4.097516 4.237986 16.967376 0.781476 6.933145 0.482731 -1.394424 -0.681538 1.283211 0.348510 -1.352898 -11.237807 6.435160 3.202581 15.008928 7.672763 11.359326 4.483828 -3.609963 -15.564815 2.024130 -3.156209 -6.326778 -6.465565 0.209009 6.124197 -1.526324 10.622666 4.419319 5.773186 10.192098 6.989746 1.748036 2.488190 0.187353 2.055836 -3.011121 0.507091 8.101418 -14.797674 3.705668 -0.726992 13.749209 24.570529 -1.403862 15.607999 -0.948577 35.190159 2.236609 8.181129 -3.285124 22.744414 15.304510 0.389654 -8.803694 14.877691 13.718626 5.317468 9.243215 13.303336 -2.629706 9.519998 -9.459775 -3.928247 -10.409678 2.772651 -13.222630 -9.918070 -3.065861 -0.414958 
115.481022 38.292776 3.248546 27.951127 329.688450 77.001888 -1.883481 126.666565 -55.350015 -37.160290 -24.252066 47.604938 -150.883532 -14.029691 -11.031936 -8.798847 15.603612 -0.614478 -1.197531 -4.194521 31.813590 -5.416284 -3.181563 3.052291 -3.253750 -8.810325 -1.917202 2.287165 -53.188501 -45.471891 -6.924242 -19.285277 147.416539 -3.403122 -14.112999 61.474747 16.040098 14.826293 -21.450056 44.483777 -54.933935 -3.507499 -12.811244 -5.380828 22.529487 -42.515662 -10.063565 -4.460412 9.432048 -38.442455 -0.333741 -9.642996 -9.069177 -39.299714 0.689981 -21.408020 -79.864402 -17.687787 20.956841 -30.487705 10.176717 -15.362259 -9.897459 -0.143098 2.351750 -3.755484 -48.982859 22.739618 -40.585757 -3.936027 -11.984695 2.141312 -17.751199 1.535762 3.858127 0.676768 -4.679471 35.963269 3.919804 3.799051 -50.031885 2.323283 0.213856 13.123253 -13.526477 12.469544 24.672840 -13.812213 -30.192991 12.794868 1.354403 -20.797419 -9.761963 3.545404 -18.025508 4.001479 -13.770840 2.042496 -21.628507 7.851291 15.529691 0.900010 -3.001377 0.164371 -1.419396 3.406285 -2.907509 3.959800 -25.823079 -6.759820 -8.703398 25.797368 13.267728 13.671462 -15.430313 -0.239618 -40.821498 1.988471 23.051882 -34.884502 -32.064330 1.705948 3.078359 -15.233905 27.486787 3.595296 -29.461484 21.183808 40.621875 -1.527752 -9.609326 6.743751 0.668248 -0.133558 -0.999388 -0.761912 11.048158 -17.128303 -14.557953 0.904602 -24.103561 23.711101 -2.837874 -6.599276 -48.649679 -6.860269 -7.496072 -17.777880 -31.942710 -24.808540 -3.768952 -13.275023 35.818488 -16.550199 -4.269156 2.815886 41.358535 9.632078 -0.196409 13.305683 2.533772 -2.992144 3.319916 0.208652 17.885165 -13.410621 -0.503928 -0.032548 41.422304 -4.111060 -5.303081 -5.167942 -7.858127 8.309305 -8.895164 -4.317264 16.077135 13.257729 8.465667 -15.311907 38.637996 -3.965055 11.161922 -23.540200 31.714060 12.038874 7.731864 -2.626926 9.954596 6.594939 20.690644 1.169575 16.554229 -7.195847 44.302367 -2.002653 
-1157.009412 -661.618457 -20.269284 -229.091674 1307.306550 -1.494414 93.068488 -55.350015 3259.964417 614.989593 220.342746 199.291246 -228.970156 122.039486 -45.332568 -4.422100 -1601.524105 -134.292929 -45.468013 -142.561754 380.426079 -28.016988 146.289180 -35.213116 136.643251 -9.576599 8.449036 7.996863 -1197.898225 -459.530380 -40.088384 -349.804408 47.260713 -432.940771 18.186333 -367.257576 1832.109045 -242.999541 -105.230640 43.728880 -46.625191 299.680441 -245.393404 14.153734 -228.550122 37.472146 65.301576 -53.330425 361.816575 -104.780762 134.246403 -94.528773 18.896694 56.923477 -2.768978 -11.420799 -814.205923 -90.677916 85.665748 -189.376186 -381.513391 -76.633379 287.325987 -278.449495 627.697964 -382.756504 -236.096419 -5.918350 -135.897459 245.492424 -151.974977 15.639884 139.012320 135.536425 148.995638 0.782828 192.002372 36.067723 116.382920 -45.231405 -13.243419 -7.814891 -6.117922 149.290710 -297.659780 -45.295225 411.542088 -19.274105 -343.258494 22.339685 357.045837 -139.920875 338.727120 -163.700260 -88.973523 -37.849021 -71.347949 -0.610040 -71.692761 16.415825 329.250918 -2.199342 280.719238 -24.072314 67.825222 -58.138047 65.740894 -27.951485 133.896235 -102.773569 -69.154500 119.218090 70.361876 -204.650291 319.820554 -9.786195 -258.511861 -303.243649 105.157025 -183.376110 105.146159 -257.327441 -102.991276 -143.309076 46.367463 3.724901 -25.404576 -0.353994 255.876110 16.485231 195.246480 -7.265458 -86.948500 -20.879630 -40.922635 -0.729186 293.386517 -118.507882 -125.677380 14.755892 256.527395 -162.406719 82.227349 171.127028 -228.737603 -261.275253 42.195286 -38.289409 0.038644 -96.042241 37.940465 -18.501607 134.529844 98.143480 12.318717 57.223140 238.153275 38.152893 46.998316 32.198883 -147.713116 -25.490741 -212.100245 7.291399 478.691613 -108.669421 -36.500842 -22.743266 209.142639 188.932583 13.784588 227.475819 4.683655 429.697658 54.713958 55.496097 -31.529844 322.285124 90.116315 -7.754362 275.064891 304.567110 -6.497934 134.063667 207.375038 14.820478 -228.817493 107.969850 -40.365396 -49.421870 -362.728727 18.950184 659.146771 152.895623 111.560759 25.303642 
-319.768442 -175.043465 -5.796755 -57.490919 120.191562 54.844149 14.141822 -37.160290 614.989593 292.033262 57.024334 24.696409 -24.392868 95.704163 14.172737 -4.407918 -250.649985 27.200337 10.734568 -15.945975 116.670799 43.699571 33.673452 23.087899 41.041169 4.822110 4.650903 9.529487 -301.882818 -107.739159 -0.924242 -87.397459 -31.071574 -78.506887 23.812417 -97.777778 370.630242 -20.605448 -9.305836 4.215947 25.242169 78.440924 -54.282114 10.996225 -25.257066 -30.412560 3.760688 -17.630803 83.726814 -16.338996 25.454801 -17.696613 64.257882 55.098306 2.237323 24.617386 -172.894092 -24.190083 53.747934 -54.008315 -73.191256 -39.815886 50.904346 -78.331650 151.513111 -148.648403 -83.374350 -11.968575 -4.359912 3.350168 -55.926232 1.309407 60.467605 -12.343689 16.995868 -10.191919 55.565453 -33.497245 22.517294 -55.316957 111.924600 -4.793592 -1.775074 -11.193195 -10.782063 -14.417202 91.035915 -12.840220 -41.637588 -27.328232 43.130140 -30.552750 80.324712 -58.595296 -44.021937 -15.640445 -3.741710 4.442506 -23.081930 3.195847 77.472605 2.890776 52.825987 -3.187328 24.997602 -17.104938 16.070350 -16.997602 94.210132 -42.920314 -17.749770 -53.214264 59.883175 -36.835068 43.412254 5.938272 -33.972044 -62.824865 11.704316 -34.496429 26.002959 -53.849046 -31.256045 -29.913784 2.323283 3.862157 -21.273441 -12.399602 68.385318 -3.305887 39.416182 -8.890981 4.499643 -6.223345 -6.593817 -2.514335 30.318386 -31.251250 -18.079941 -20.067901 73.411948 -55.022090 -10.127844 36.118865 -14.033976 -55.599327 -10.899551 1.248801 10.770381 -23.938476 -22.432915 -4.384298 18.177839 8.723294 -9.965616 -10.025712 64.945108 -7.858433 12.462402 -7.837517 -19.257219 -15.177890 -46.007397 -2.328640 57.265585 -24.975054 -19.858025 -2.940516 70.252474 10.630650 0.606724 66.253954 29.261708 86.054790 14.430058 30.513315 -2.901745 96.376798 14.143302 2.524487 33.620192 79.828538 -0.897919 38.729670 37.116213 11.040098 -45.786961 41.306601 -3.344098 -43.476635 -65.180390 -0.921641 127.643506 -2.251964 -7.430772 1.574890 
-110.306015 -59.254362 -2.620983 -18.926538 -18.095500 -24.968090 25.594353 -24.252066 220.342746 57.024334 73.346419 -5.595960 32.544077 35.865932 26.416437 -2.377410 -166.971304 3.378788 -11.232323 -5.291322 -39.100551 0.146006 -1.314279 6.279844 -0.034894 -3.452020 1.059229 1.480487 -92.634068 -34.040634 -2.007576 -25.685950 -1.263315 -29.448577 11.750918 -37.858586 139.635216 -19.109734 18.025253 -15.192149 -0.587695 1.051423 -8.882231 -0.175161 -8.453398 -6.780533 4.293618 -3.026630 36.242654 -24.003903 8.128099 -0.884298 -0.567493 -9.280073 0.607208 -1.120983 -61.602617 -19.094353 5.456841 -16.340680 -4.641185 -21.496097 15.745638 -22.964646 56.023186 -34.511938 -7.349862 -5.805556 -30.157025 29.871212 0.160927 -5.863177 19.249082 18.326446 14.699036 0.202020 22.789945 1.748623 11.426538 0.144169 -18.048439 -7.404270 1.403811 20.058999 -31.332874 -12.178604 28.883838 -5.978880 -3.396694 -11.122360 32.506198 -8.237374 33.974288 -18.590680 4.922865 -8.329890 -32.786272 -5.082645 0.765152 -4.459596 40.990129 1.881772 30.137511 -0.590680 14.758494 -3.176768 6.752984 -0.450413 -15.200184 -14.356061 2.965794 22.361341 3.030073 -10.789256 37.911157 -2.631313 16.358356 -17.715794 13.622590 -8.502066 40.973829 -17.881313 -3.292011 -2.760560 -13.559229 8.013085 20.306474 0.311754 26.744490 0.061754 27.936410 -0.463039 -2.653581 -1.674242 -0.166896 -0.632002 -5.906107 -9.750918 12.644628 1.207071 30.511478 -3.078742 7.808310 16.466942 -9.394628 -15.351010 5.358586 -4.206612 14.393710 -6.061065 -2.097796 11.990129 -11.304408 13.435491 13.941001 3.381543 8.404270 1.458678 7.661616 -2.388200 -11.629247 -1.765152 -10.406795 -0.651056 9.504132 -18.573921 5.325758 -2.073232 -16.718549 11.530073 -1.242195 36.730487 -18.438935 39.163682 0.677227 5.856979 -18.377410 33.643251 2.939853 13.317723 1.068411 47.327594 -6.973600 44.776860 12.609963 17.537190 -14.159550 23.379247 -21.651745 -18.881772 -22.484160 1.279844 16.930211 -19.555556 -13.782369 0.501837 
-104.148148 -72.375421 -2.099327 -22.729517 182.264871 25.394501 1.418070 47.604938 199.291246 24.696409 -5.595960 65.583614 -99.739057 -6.806397 -11.017957 1.833895 -46.582492 -16.491582 4.014029 -5.483165 75.030303 1.289562 17.598765 4.878227 9.936027 1.106622 0.915825 3.254770 -136.659371 -53.685746 -3.939394 -41.668350 21.607183 -45.919192 -2.697531 -9.934343 158.486532 -25.350168 -19.470819 34.619529 -14.955107 24.069024 -17.847924 2.836139 -11.615039 -18.258137 13.149270 -4.029181 28.525253 -9.205387 13.561167 -9.638608 9.774411 3.491021 1.074635 3.319865 -100.372054 2.282828 25.212121 -21.167789 -53.222783 -4.742424 36.365320 -24.028620 54.046016 -52.951740 -40.902357 9.095398 -11.700898 1.835017 -12.149832 3.918070 13.822671 -1.566218 22.656566 -0.681818 16.364198 -1.085859 11.456229 -8.574074 15.154321 -6.257015 0.084736 8.254770 -19.538721 -1.501684 54.906285 2.601010 -45.779461 2.869809 34.297419 -13.882716 24.012346 -26.641975 -21.861392 -4.458474 -12.953984 -3.618406 -13.716611 0.525814 22.604377 0.556678 23.237374 -2.484848 3.245230 -5.702581 3.022447 -4.235129 20.244108 -11.868126 -8.292929 11.609428 13.919753 -31.184624 19.625140 5.995511 -49.783951 -35.197531 20.404040 -25.441639 -13.500561 -25.138608 -1.410774 -24.673962 7.011223 -1.567901 -18.263187 4.223906 24.860831 0.078563 8.918631 3.433782 -8.957351 -2.342873 -4.867003 0.179574 41.398429 -15.971942 -17.703143 2.278900 2.461841 -11.592031 11.434905 10.014029 -37.363636 -22.952862 16.482604 -10.243547 -20.617284 -15.015152 5.900112 -10.671717 27.058923 -0.304714 -2.400112 7.409091 33.191358 5.018519 0.809203 11.413019 -6.179012 -3.645903 -18.667789 2.224467 62.575196 -9.021886 -9.629068 -1.039843 41.817059 22.384400 8.130752 5.910213 5.661616 -9.723906 16.430976 -1.297980 14.909091 4.420875 4.061728 -8.501684 32.533109 2.222783 3.033670 -15.053311 10.768799 -7.809764 -21.545455 -3.078002 -1.534792 1.589787 -27.579686 4.143098 47.606622 26.855780 10.371493 3.950617 
282.107438 223.232782 2.926079 15.378941 -1001.444138 -182.712733 -47.733395 -150.883532 -228.970156 -24.392868 32.544077 -99.739057 2588.827365 196.998163 168.585706 155.719773 -98.674472 266.696970 -179.730640 81.250230 -1518.415519 78.516529 -219.233088 -20.975054 -41.193297 12.875421 -2.167585 16.709213 609.666514 341.683349 19.954545 166.557851 -644.355678 189.042700 12.642026 -20.656566 -374.059688 23.298898 93.259259 -119.431129 903.256351 -416.881543 97.655953 59.273799 -312.987450 292.829813 -140.996174 26.552954 -479.235537 232.463728 -79.609887 90.928987 69.818641 114.303183 1.480563 82.678604 488.194215 286.452250 -21.451331 235.003520 -335.398837 278.132231 -21.544995 45.075758 -182.353229 69.776553 65.281910 -45.915825 498.999694 -449.803030 -102.596419 18.252831 -718.498929 -73.016376 -276.094582 -62.883838 -123.072697 -79.238292 -70.350321 -25.336547 309.358280 -12.257729 -8.636517 -135.874809 299.367309 251.995409 -133.094276 124.310376 -135.380624 110.292164 -151.982400 114.311448 -59.683808 130.262779 136.839149 -39.423630 204.731711 -116.597184 -160.210438 -17.407407 -753.442608 -65.149526 -421.081726 1.148301 -42.448883 -28.643098 -21.944138 -45.929905 100.050046 -15.937710 17.549587 -147.952709 62.873584 195.313897 -197.082798 130.481481 45.429140 179.231558 -113.019284 118.042394 1.405112 25.154882 101.345730 -154.050811 -162.546220 -104.548515 -279.307469 28.049587 -381.416131 27.977196 -232.156872 59.728344 50.267983 21.249158 35.856749 -6.663759 -213.114172 74.097031 81.865779 -43.981481 -699.694368 271.755586 -152.274258 145.742271 110.090450 417.434343 -30.456229 122.222528 57.277625 74.309458 -125.395164 -16.432507 -256.773646 -50.172635 -164.899602 29.905877 -189.116009 8.962351 -12.961279 9.562749 114.484542 34.658249 123.368534 -2.237068 -350.498929 90.353076 10.860269 -14.326599 -1083.938629 -690.075911 -92.737221 -293.354760 -177.420569 -648.039027 -313.824610 -51.916896 -238.928375 -290.990358 -377.083869 38.011478 -220.590756 -161.690695 -111.738292 5.661004 -58.187634 19.605601 158.950872 -53.912152 162.328130 79.674778 284.008877 -1.675390 -311.021273 -66.079125 28.209060 -16.648607 
-5.017447 -4.797062 0.847107 -9.691613 -64.590297 -3.945669 -2.274870 -14.029691 122.039486 95.704163 35.865932 -6.806397 196.998163 189.844812 57.176462 20.424395 -241.677227 211.848485 -21.057239 37.970156 -160.795684 123.805785 -31.435874 73.231711 24.795225 19.134680 2.493113 28.004285 21.151209 13.053566 8.858586 -4.106520 -112.701255 15.686410 36.582032 -25.252525 -15.109275 92.072544 76.164983 -14.326905 88.032905 101.661157 34.453321 13.290021 -75.732476 31.280839 -55.234772 6.262473 -9.147842 -59.653352 -17.144016 47.726661 108.298898 11.863942 2.612642 72.746097 54.353076 63.515611 81.168044 5.360575 -109.676462 41.708907 54.798898 -21.686869 19.440006 -95.552954 -22.845271 -15.826599 79.671105 -149.601010 -69.834252 -7.873125 9.320324 -98.118610 -54.017447 -19.868687 29.758647 -142.905877 -10.145087 -35.117539 161.928681 -57.843740 0.439088 -57.486991 207.663912 47.127181 37.942761 2.241965 24.481175 -35.546985 -47.171870 9.829966 57.107132 -38.388583 -34.574227 2.763851 -4.006275 -31.618610 -47.653199 -4.587542 -59.036731 -14.965718 -24.880624 -2.925620 24.314356 -15.882155 8.510713 -14.592133 36.478880 -21.324916 15.578972 -74.496327 177.908785 -11.579278 -74.463575 24.074074 18.141108 -30.132844 -47.629477 2.918121 32.623355 -31.538721 -5.515611 -24.283440 -37.440924 -10.238445 -30.781604 -7.567493 -27.817110 0.787726 -5.131925 -2.775635 37.636976 1.129630 16.764004 -2.504285 -96.248546 17.330425 37.802265 -20.654882 -78.636211 14.369758 -64.508111 50.035047 -22.056474 54.161616 -17.114478 19.268289 -13.970003 9.644169 -22.623661 -2.198347 -46.577594 -17.522039 -19.551729 -14.016529 -4.570401 -1.964187 18.602694 -15.960361 37.610499 -0.446128 45.434037 -2.181206 -111.674625 11.170799 -14.638047 -3.153199 -178.094429 -139.353841 -26.479492 -30.285277 -39.926997 -79.628558 -58.396694 -2.793388 -74.402204 -13.051423 -66.263698 -1.174013 -41.524946 11.305479 -20.294766 -2.809305 29.069177 13.150597 47.820937 -5.561677 60.540098 -8.958525 52.543006 -0.704316 -61.638506 -29.430976 -45.501071 -1.034588 
-28.465259 -12.371136 1.299969 -1.756708 -118.207020 -16.303132 -0.953882 -11.031936 -45.332568 14.172737 26.416437 -11.017957 168.585706 57.176462 76.832466 4.915417 -21.584634 80.526936 26.137486 22.311907 -164.805785 62.405112 -27.056525 35.503316 -0.272115 8.812570 0.350015 16.286552 21.822365 16.803285 3.494949 9.617386 -66.446485 19.883379 12.025355 -6.772727 -45.575605 34.240894 45.289001 -14.158555 79.562086 -9.301806 49.575656 6.684522 -37.174676 -6.407152 -12.577645 7.279869 -28.319559 -36.311601 -18.612591 27.994898 45.741659 -13.891389 0.671003 35.825222 33.593817 20.788338 20.976125 10.797725 -28.632129 25.567493 12.872972 -5.607744 -13.205336 -23.734211 12.173248 -10.049944 54.183451 -83.340067 -6.588460 -2.168299 -35.145444 -41.028824 -33.017447 -10.696970 7.285022 -64.239210 -12.949801 -8.134374 56.015100 -36.009285 -3.669217 -32.391593 73.172329 14.421794 13.457351 -0.758035 14.235384 -19.367973 -20.945720 2.498878 11.020712 -18.637180 4.692888 -12.673299 -14.924344 -28.244312 -14.546016 -6.768238 -74.267371 -10.635190 -34.860422 -0.511478 13.441179 -4.014590 1.787930 -2.173503 -9.416743 -8.278339 8.967860 -30.600704 71.606877 4.051474 -21.056729 13.060045 30.133813 -1.780431 -17.912305 7.100500 23.127283 -17.113917 17.183043 -19.732374 -37.751811 -21.056066 -16.934241 -5.296449 -37.741914 -1.913733 -16.345169 5.920212 28.035405 2.342873 9.444138 0.036680 -73.744618 7.058259 29.310121 -10.874860 -55.096368 34.473574 -21.552444 20.659065 12.413223 55.574074 4.886083 12.422610 4.628762 16.795684 -11.515356 9.458219 -34.131466 -12.005204 -6.942863 0.180441 -20.243240 -1.103918 4.221100 -4.326242 38.661565 4.352974 32.416641 1.500051 -88.973727 5.288644 4.437149 -2.793490 -120.086573 -66.635547 -9.682634 -34.485053 -27.497704 -82.682430 -31.868075 -17.273186 -39.493113 -28.719773 -67.306907 12.964034 -26.079941 -3.976227 -20.282981 0.781043 -6.575043 3.455311 21.169421 -12.899500 56.485665 15.069534 73.666463 -0.110040 -81.763647 -31.158810 -17.369197 -3.734364 
9.677074 7.314356 -0.756045 0.084583 -74.691103 -15.395572 -5.363126 -8.798847 -4.422100 -4.407918 -2.377410 1.833895 155.719773 20.424395 4.915417 49.868891 -60.172329 25.213805 -18.158810 41.687481 -93.392562 11.678757 -8.313488 3.563157 3.489593 8.001122 1.529538 -0.299000 41.082083 16.514182 2.813131 6.428681 -49.426589 10.831038 3.643047 -4.045455 -29.487450 0.162381 5.346240 -7.844965 57.094378 -29.737986 -3.739006 6.901847 -27.794817 8.283542 -14.828181 8.023365 -25.259412 19.585093 -2.932762 8.423426 17.674625 20.944853 0.261300 8.794460 50.975819 28.355831 3.097796 13.743394 -27.634272 12.988981 0.124120 0.377104 -8.861137 -8.338282 2.170952 -5.617284 37.465514 -42.723906 -10.309305 0.398123 -46.296806 -24.728854 -17.077135 -6.116162 -4.737629 -24.256657 -4.919039 -7.852005 41.418376 -12.416233 1.736966 -17.396796 40.484542 11.430517 -17.667228 15.123967 -7.208601 -4.453219 -25.818386 12.542649 -0.113050 5.289970 12.172074 -6.353586 9.407458 -5.449393 2.869809 -4.453423 -58.080961 -5.344863 -24.564738 -1.107897 1.973013 -3.910213 1.137180 -4.836649 1.135139 -4.069585 13.485767 -19.192072 1.285787 7.959953 -19.311703 13.238496 4.570299 16.396949 -11.051423 18.739312 -12.301857 -1.433782 8.655953 -11.748291 -32.872411 -14.023314 -5.175135 -10.162381 -45.168605 -2.281349 -14.416641 -1.847311 13.935160 2.506173 15.469850 0.056576 -33.883583 2.644271 11.426589 -2.558361 -76.799459 50.152944 -9.288593 14.726865 1.662075 39.503367 6.823793 6.847618 -8.389297 2.104683 -5.513366 -2.880624 -29.679216 -12.472146 -14.333282 1.038567 -21.785787 -2.597031 5.320426 -0.628966 22.367871 4.955668 19.459188 1.147281 -28.099837 4.310223 -18.455107 -0.812009 -116.632640 -59.986940 -11.119120 -31.558821 -17.230946 -62.560300 -32.767983 -8.977043 -23.475666 -30.344659 -30.764055 -2.297674 -27.930568 -19.382257 6.699571 -6.609377 -6.776451 -3.583716 33.185491 -3.553617 2.179727 6.218600 -5.185083 0.673707 -23.218345 5.216611 -8.215233 -0.542751 
-319.907484 30.445822 12.997934 31.933119 -870.138812 -60.285507 -32.913147 15.603612 -1601.524105 -250.649985 -166.971304 -46.582492 -98.674472 -241.677227 -21.584634 -60.172329 2823.160927 -127.752525 139.774411 59.081497 113.106979 -81.541322 -132.233777 -44.363713 -169.736455 12.039562 -16.118916 -23.363101 87.238598 129.101393 32.497475 118.001837 0.837848 104.385675 22.048133 185.838384 -656.272498 90.906795 -19.124579 40.592975 38.888583 -127.144628 109.901362 -5.036348 454.760713 -172.416284 21.769896 50.854148 -325.340450 341.519972 -116.388583 12.138812 -87.321855 16.549281 -14.256122 72.381772 114.787190 -97.373049 -7.990358 24.173860 189.617463 -71.343205 -43.367309 129.575758 -280.878711 151.393633 105.391185 25.430135 97.578206 -54.305556 124.374885 34.608662 176.291934 -70.848791 -46.553949 15.585859 -239.001760 78.060376 -107.939853 12.904500 49.510024 -58.173018 -16.662917 42.884833 -10.458678 -238.296602 -15.008418 -46.528466 114.539945 -62.541858 40.639501 11.321549 -277.024487 11.718473 10.675696 61.174395 173.694291 -16.995256 102.701178 16.895623 29.078742 -37.472987 -180.687098 13.184803 -139.979645 1.806397 -83.729721 2.479645 147.932966 -59.409933 -16.687098 -71.181359 -22.137665 -81.374809 146.589149 -66.361953 13.246174 -7.776706 41.937098 -10.523493 -142.670187 67.061448 72.890725 29.853459 21.400061 -30.114402 6.240052 38.471993 -33.920952 -37.613024 -137.691996 42.261631 -40.494873 -1.278620 -25.124197 2.105525 112.855295 -56.495944 18.750536 -18.744108 531.812519 -71.703780 109.186486 -155.963422 125.193067 -139.098485 79.281145 -61.820631 37.215871 -112.910009 100.681512 -30.123278 41.168962 -68.949725 5.310453 26.919651 2.869988 -31.052342 -91.360269 80.864172 64.808004 -15.657407 -5.281604 1.022804 -61.872207 -95.011478 156.524411 13.862795 609.579737 443.685568 56.582109 177.201714 95.253444 144.673324 248.460514 -18.344123 237.613866 -189.127640 188.696204 -30.637282 -40.864861 -164.653734 33.893710 -167.798133 -189.966100 -120.612489 -69.988292 -80.930058 179.523952 -29.814891 183.093128 -6.629706 -177.062137 -110.604377 142.160851 1.133303 
183.277778 51.727273 6.318182 9.013468 -21.367003 38.658249 -4.579125 -0.614478 -134.292929 27.200337 3.378788 -16.491582 266.696970 211.848485 80.526936 25.213805 -127.752525 462.828283 15.567340 64.272727 -326.585859 346.666667 -59.976431 140.377104 11.641414 64.375421 -0.373737 70.632997 221.037037 34.755892 13.515152 16.065657 -44.511785 80.681818 40.791246 4.348485 -242.924242 197.409091 137.052189 -13.550505 116.139731 117.939394 157.496633 22.518519 -102.819865 41.286195 -37.794613 11.018519 -104.994949 -24.530303 -62.675084 127.402357 241.666667 57.907407 3.072391 236.848485 203.762626 82.833333 97.191919 3.713805 -40.097643 90.565657 50.787879 -15.585859 -57.569024 -73.986532 26.974747 -27.890572 221.574074 -328.000000 -59.712121 -9.902357 21.740741 -301.375421 -120.924242 -46.898990 -47.952862 -345.535354 -62.252525 -97.171717 439.816498 -117.750842 -2.053872 -100.654882 378.383838 75.540404 -3.134680 -9.590909 107.292929 -73.031987 -131.223906 11.659933 49.218855 -72.228956 -42.447811 0.276094 68.466330 -74.057239 -45.407407 -7.937710 -204.075758 -37.102694 -114.464646 -5.060606 -57.754209 -26.264310 -22.245791 -41.190236 204.681818 -28.503367 45.257576 -214.984848 312.430976 11.501684 -146.159933 14.819865 106.042088 11.569024 -85.272727 18.341751 2.654882 8.346801 16.020202 -35.284512 -70.602694 -27.132997 -62.648148 -16.121212 -152.084175 -1.501684 -94.011785 5.382155 36.047138 5.430976 25.560606 -4.234007 -151.082492 43.033670 155.845118 -59.890572 -67.664983 84.910774 -72.255892 11.158249 25.353535 131.651515 5.331650 4.380471 -46.760943 53.434343 -26.688552 -16.116162 -87.772727 -17.959596 -62.740741 -9.035354 -74.375421 2.595960 -10.057239 -20.170034 115.301347 6.915825 137.274411 -2.569024 -286.309764 45.944444 66.840067 -9.993266 -225.139731 -87.235690 -32.395623 -95.491582 -75.606061 -189.020202 -51.893939 -48.843434 -105.626263 -143.530303 -112.895623 -19.904040 -133.269360 -87.917508 -55.121212 -61.543771 12.321549 -2.525253 94.954545 -48.400673 215.314815 38.986532 213.685185 -7.676768 -301.846801 -68.856902 -83.643098 -14.824916 
-117.801347 -43.452862 1.826599 -6.152637 -30.584736 12.290685 5.115600 -1.197531 -45.468013 10.734568 -11.232323 4.014029 -179.730640 -21.057239 26.137486 -18.158810 139.774411 15.567340 179.014590 2.462963 163.878788 63.043771 80.786756 34.012346 5.296296 14.194725 0.558923 21.541526 -24.165544 -23.943883 -1.520202 -5.235690 56.086420 -17.949495 -1.154321 -3.207071 8.619529 11.562290 16.469136 -0.225589 -37.164422 17.228956 67.916947 1.488777 0.197531 -73.129068 75.650393 9.727834 -0.409091 -33.713805 5.780584 16.150393 44.291246 -18.075196 -1.556117 51.750842 -25.925926 -41.787879 -1.429293 -20.697531 44.295174 -14.373737 5.276094 -2.511785 -11.547699 -22.273850 35.412458 -1.719978 14.066218 -55.425926 45.882155 4.292368 34.764871 -59.593715 14.681818 -2.484848 0.477553 -64.520202 -19.173401 -5.547138 48.180696 -65.911336 -7.248036 -9.423120 -25.385522 -47.821549 45.193042 -18.732323 22.567340 -37.398429 15.830527 -9.676207 -12.786756 -40.401796 7.819304 9.308642 0.704826 -25.905163 48.326038 4.674523 -43.139731 -8.312570 -3.873737 2.691919 3.382716 -2.861392 -9.327160 3.940516 -0.840067 -33.734568 12.287879 -35.675084 21.679574 -35.983726 46.257015 -13.840629 11.948934 -34.709877 8.050505 -5.081930 -18.437149 -27.056678 19.653199 5.736251 -30.772166 -9.314254 3.386083 -0.905724 -37.862514 -2.480920 -29.048260 8.931538 33.632435 1.588664 4.801347 3.008979 -37.896745 -20.844557 27.322671 -8.378227 85.283951 -23.470258 24.932099 -16.111672 4.353535 -31.961279 45.514029 -8.283389 -16.227834 10.545455 21.687430 9.944444 23.693603 10.870370 -23.535915 6.929293 5.002245 -5.094276 -16.282267 -3.667228 54.625140 -0.335578 18.969136 3.379910 -40.194725 -16.932660 17.056678 0.290685 52.403479 61.073513 23.330527 19.687430 7.111111 -58.634680 57.260943 -10.777778 -9.626263 -53.673401 -6.130752 4.365320 -21.511223 -33.285073 -3.558923 -34.993827 -21.686308 -37.957912 -10.297980 -26.309203 92.649270 7.049944 61.970258 0.028620 -44.679012 -26.170595 15.049383 -0.953984 
