5408.741821 1036.423611 225.261111 319.667284 370.059105 125.510802 18.686574 17.574074 109.572531 226.049846 12.030093 -6.241358 174.819907 418.484877 -20.407407 43.448611 -751.570833 385.853395 -97.839969 14.562346 -461.902932 91.257716 -19.768056 -80.506481 -25.440895 -412.125000 -54.594907 -0.464198 3466.852006 -496.673148 58.196296 -98.722685 99.777006 111.860802 0.279321 -0.176698 -22.707099 -31.406173 -102.479321 13.073765 101.545216 -217.548611 -195.952469 44.782099 194.999228 33.556019 -105.962654 119.600926 -41.335185 90.263426 -42.852932 43.974383 -57.649228 -345.596296 -56.062346 -31.985031 1042.037654 -318.343827 -107.246759 -150.500154 -186.179784 11.462500 -25.915432 0.397840 -37.773920 -122.895370 -43.219753 3.199228 99.402315 -154.254938 -61.357716 19.156944 39.993210 64.947377 -12.867901 46.206019 -125.032562 159.512346 -40.348148 46.316204 -78.106636 100.195370 5.429012 -11.556636 478.264660 -125.412963 -166.086574 -16.236728 -189.194753 5.415432 -21.466975 -6.990123 37.825000 80.674383 -67.339198 -6.221296 68.325772 93.918364 -13.869136 9.034568 117.702469 117.183796 -39.181481 10.802932 -60.108951 93.247531 -26.461111 6.510494 -73.845216 157.870062 6.584259 94.301080 259.652315 -30.171451 -95.050463 22.389352 -75.774228 6.329630 4.063426 0.196296 63.251852 145.252778 -69.104321 4.891975 41.893519 174.824846 -133.186883 -32.450617 159.386111 162.122685 -53.424074 -15.828241 154.008333 66.961420 -1.382562 -88.527006 2.114506 215.460185 47.282870 -64.967747 304.557099 -14.834259 -38.876543 -16.806173 72.641975 8.121142 -4.702006 -7.966358 -102.427623 142.237346 -40.995679 -28.898302 -154.708333 196.275617 -91.134568 -4.403704 -72.208642 208.618981 -70.024383 5.229167 190.280093 158.165432 -5.229630 -42.885031 -55.013580 -306.723611 2.819444 -193.794599 800.305247 -144.672222 -51.833488 158.894599 167.439352 78.293056 -0.655864 78.308025 74.696142 254.614043 -13.819599 -272.657562 -185.219444 315.173302 -119.187809 -354.516975 -115.715586 253.806636 -206.944599 -27.768364 -69.198302 78.973611 3.578395 -29.805247 -183.461420 57.202315 -5.839198 -115.913426 
1036.423611 780.505278 43.398889 93.678889 134.236944 130.465000 11.533056 11.334444 35.721667 102.006944 8.353611 1.695556 148.947500 66.668333 -19.168889 22.641389 -144.012500 99.001667 -59.348056 16.043333 -114.101389 -149.061667 -35.963056 -19.025000 -87.563056 -555.863889 -51.641389 -1.220000 929.261944 77.231667 -20.957778 28.400833 158.219167 47.032778 -12.598333 10.680278 -15.602778 -39.360000 -31.961667 9.162778 56.501944 -102.051389 -62.355556 7.917778 17.432500 2.120278 -34.571667 22.146111 -25.508889 -34.349722 -19.233611 18.860556 -24.413611 -323.325556 -18.085556 -10.414722 181.226667 -113.456667 -79.332500 -5.286389 124.012500 5.811944 -15.113333 6.113889 -5.191389 52.463889 12.953333 -1.088611 39.476944 125.091111 5.448333 6.404167 -63.774444 104.842500 19.874444 24.838056 -121.386944 89.982222 8.116667 21.015278 -2.315833 59.021667 17.381111 -1.688056 -92.885278 -28.898889 -73.133056 34.783889 154.042778 6.862222 -8.355000 14.135556 48.903889 41.851667 -26.599444 2.140556 47.133611 60.700278 16.846667 1.137778 -11.497778 49.180278 3.423333 10.335833 -94.787222 18.181111 -2.970000 18.148889 -25.635278 42.977222 -0.582778 32.664722 -218.801944 -6.243611 -28.125833 35.262500 201.149167 5.208889 -12.656389 22.404444 57.995556 -15.706111 -56.305556 22.701111 96.363889 -9.631389 -14.838056 -2.786667 42.839444 44.248056 -13.694444 -17.032500 -53.666111 78.466111 5.358611 8.381944 -25.453889 204.139444 17.259722 54.428611 -239.283889 4.316111 -11.380000 -7.840000 195.317778 11.255278 -7.837500 24.949444 -149.112500 -11.195000 -16.778889 28.451389 58.115000 0.639444 -17.875556 77.964444 4.623333 55.642500 -43.450556 14.175278 81.555833 7.078889 -10.788889 -24.945833 -21.675556 113.193611 17.332778 -21.421944 -339.020556 -85.908889 -19.563056 14.716389 308.088056 101.514722 30.553889 51.697778 -118.498611 -104.664167 -1.583611 -135.750833 -57.051667 -202.054167 -82.001944 21.166111 -89.956389 111.225833 -128.423056 58.488611 54.800278 42.760833 34.630000 -41.931667 -79.870556 -26.580833 11.250556 -74.191389 
225.261111 43.398889 55.217778 6.004444 24.131111 25.326667 7.193333 -0.384444 3.281111 20.772222 2.142222 -0.062222 6.295556 33.390000 3.485556 -0.251111 -21.011111 28.834444 3.152222 -6.115556 -7.805556 4.914444 8.470000 -9.916667 6.531111 -36.811111 -3.798889 2.681111 196.186667 -29.351111 35.752222 -13.485556 6.310000 10.797778 2.423333 -2.162222 4.633333 -12.151111 -5.546667 -0.704444 5.574444 0.155556 -6.600000 1.510000 12.874444 6.158889 -6.536667 0.412222 11.314444 13.067778 -0.678889 0.658889 3.395556 -15.668889 -5.270000 2.763333 51.173333 -15.310000 7.770000 -11.462222 -19.094444 -8.730000 -4.008889 -3.277778 1.206667 -31.588889 -3.453333 -2.882222 4.041111 -16.730000 -6.828889 -1.255556 3.991111 -3.613333 -4.907778 -0.492222 6.791111 -7.998889 -0.316667 1.622222 5.042222 -10.524444 -0.903333 -0.852222 12.970000 0.298889 -0.193333 2.257778 -17.706667 -2.406667 -1.625556 -1.107778 2.865556 5.084444 -4.064444 0.623333 -4.754444 12.951111 -2.585556 -1.048889 1.170000 5.643333 -2.262222 -0.440000 10.806667 -0.197778 -1.157778 1.017778 3.725556 16.214444 2.468889 1.453333 7.225556 10.958889 -4.720000 8.711111 -10.353333 -2.053333 -5.258889 0.356667 22.960000 1.247778 -6.972222 4.326667 3.188889 18.013333 -5.824444 2.520000 -5.792222 10.247778 -1.288889 0.431111 10.974444 -11.485556 1.517778 -6.400000 -3.526667 16.568889 7.455556 -6.002222 14.508889 8.670000 -3.108889 6.223333 -13.612222 -0.384444 -6.061111 -1.602222 11.861111 1.386667 -9.304444 -1.872222 17.782222 5.113333 -6.074444 7.852222 -14.573333 5.881111 4.203333 1.828889 6.051111 -4.773333 9.083333 -7.205556 -9.168889 -27.181111 0.425556 -18.093333 57.395556 6.053333 -3.491111 31.048889 9.580000 11.975556 0.176667 1.441111 -3.694444 -6.684444 -3.390000 -34.653333 1.610000 -18.916667 -9.407778 -6.185556 -26.658889 -4.585556 -0.392222 0.265556 -24.460000 -14.928889 6.520000 -8.893333 -34.260000 -35.728889 -4.936667 -15.265556 
319.667284 93.678889 6.004444 73.509136 22.099753 11.049877 4.052963 5.886296 4.625679 40.154938 7.117037 -1.486543 43.256296 55.577284 6.207037 8.290000 -47.950000 57.545802 -7.412099 13.798272 -92.106173 41.705309 -4.103333 -8.270370 -16.389136 1.188889 -2.375185 1.539877 251.365802 -19.074815 -2.589259 20.294815 21.864691 10.689877 -0.661605 3.566543 -6.928395 -8.018025 -1.159506 -1.322716 14.678642 -38.555556 -14.126543 2.968395 38.289136 -15.551481 -12.247284 10.530370 -18.127407 -1.614074 -9.788395 0.477531 -36.192469 -88.732963 -15.534938 -7.297901 75.460617 -35.976420 -14.073704 -9.449506 6.886420 -3.842222 -3.136173 -0.836420 -4.424568 -16.175926 -4.925679 -0.815309 25.240370 -23.106420 -5.701975 -0.538889 34.659506 -3.347160 -3.436049 6.627407 -31.049136 -5.973951 -4.970370 4.242593 -38.540988 -25.105185 -1.791728 -1.679877 16.344198 -14.339630 -10.875185 -0.393580 6.266543 -3.070494 -5.453457 0.747284 5.401111 -14.148025 -13.631235 -1.064074 11.357531 -17.288765 2.209012 -4.335062 11.017654 -2.052593 1.219630 2.312840 -21.681358 17.576790 -1.653333 10.174198 -35.678642 32.938025 -0.709630 15.095432 -10.677407 -9.205802 -5.720741 6.896296 -2.532469 -0.383704 -7.076296 4.250741 -0.508148 5.496667 -18.678395 3.952346 13.679630 12.741605 2.793580 -5.633580 31.720000 9.787407 1.014815 -5.427407 18.847778 10.781235 -0.453580 -2.874691 -14.420864 52.188519 -0.257407 6.320123 -13.541605 2.465185 3.013827 -2.736914 0.680123 2.991235 -1.852469 -0.990988 -0.271605 13.434938 -5.156049 4.206790 12.473333 6.655802 -6.297160 16.799630 16.210988 -6.732963 -14.417531 0.460000 43.202593 0.551728 -7.679630 0.037654 -19.996543 -18.746667 -2.308889 -16.979506 -30.674568 -10.658889 -2.603951 5.096173 33.838519 3.096667 3.699877 0.663210 2.040123 -21.387160 -2.549506 -16.382469 7.667778 -32.934568 -6.854568 25.550988 24.740988 10.867654 -3.713951 15.933210 41.427901 0.990000 1.438025 -0.266543 9.664321 -7.478519 -1.920123 4.434074 
370.059105 134.236944 24.131111 22.099753 192.261080 39.972901 12.451759 15.689259 4.094877 24.443673 12.232685 -1.749012 -76.786019 87.494383 24.652963 -9.715833 -157.231944 126.298086 5.995710 -10.579383 15.985340 130.220802 18.936389 3.778704 52.338858 74.180556 1.745463 30.105679 191.297809 -41.707963 30.577037 -21.731204 164.081698 -21.863765 9.616605 1.774290 6.670062 -77.289753 -7.619938 -2.027840 -29.706142 -43.193056 -5.984568 -10.109506 -8.419414 -5.521019 -12.462160 3.263519 60.411852 -107.607315 1.998673 14.509691 36.679414 -144.149259 -4.049506 0.248179 -35.580617 -11.871358 10.098426 -18.054105 103.273302 -36.588611 2.979506 -2.471914 4.544846 -71.982407 4.607901 -5.183858 -30.731759 -37.436914 -0.375247 -9.054167 -72.688395 -13.319784 -0.901728 -6.552130 47.866080 -40.551605 -2.796296 16.992130 79.026821 -58.957593 1.879506 0.576821 -90.038920 21.326296 12.453796 -5.010309 82.934012 -4.926173 -1.028210 2.342716 13.966111 -23.724753 -3.711543 -2.175370 -3.645586 27.684043 26.147654 -10.084938 -102.888765 99.771204 16.305926 -14.749784 -25.141420 31.916543 4.854444 11.116914 99.139475 68.482531 3.011296 38.659846 -83.200648 32.074969 15.254352 -3.592130 45.985525 -9.772963 -10.903981 -0.381852 10.211481 -69.531667 0.239506 -6.315679 60.712037 -31.330216 34.653364 -19.326420 -19.918333 34.606759 7.296296 -15.197870 -8.818333 -8.994012 14.723858 -14.768364 122.820309 95.490926 27.786574 41.704599 -52.832284 28.138704 -0.748272 -6.721975 17.617654 -3.025401 -11.954475 -5.321790 -9.704784 -43.675494 -0.625062 -15.247068 24.482778 -63.631914 -2.479506 9.649259 -18.929877 5.732685 -9.211914 -3.206389 54.109352 -21.770617 14.796296 -31.691821 49.453210 -82.889167 21.046111 -55.625216 -20.620432 62.348889 0.053673 38.641883 64.875648 50.836389 11.245123 19.085679 -12.485957 -64.566451 -4.001327 -42.481142 -6.033889 -83.311265 -34.817932 17.164012 -31.115710 32.932068 -32.760772 5.688179 9.378488 -21.874167 27.340864 -23.045123 -113.909321 -121.275093 4.660679 -73.830463 
125.510802 130.465000 25.326667 11.049877 39.972901 164.673951 16.644630 0.636296 24.934938 163.855864 10.142037 -1.410617 47.142407 105.734691 5.173704 5.548333 -114.286111 93.536543 -10.205617 5.396420 -34.455247 74.442346 -2.467222 -1.909259 17.261790 -30.955556 -5.255741 6.741728 57.131543 30.658519 20.666296 1.347593 42.485988 67.986173 10.040247 1.082284 -8.946914 30.446790 -11.211358 -1.804198 23.890679 -28.402778 -16.328395 7.381358 4.088210 39.606852 -8.288025 4.930370 -25.621852 -27.489074 -9.237469 -4.690988 1.119568 -104.710741 -8.966420 0.578951 11.773580 -8.124568 -1.004259 -8.109691 20.548457 -22.583889 -6.121358 -2.317901 -2.308827 -67.437037 -13.984938 -3.360679 38.637593 -44.215679 -11.050123 0.386111 33.372469 -11.486975 -7.261975 1.496852 -46.870432 -43.803580 -7.292593 0.228704 8.348827 -52.421852 -1.765802 -2.190062 -10.665988 6.260370 -1.450185 -1.112099 28.746173 -4.601975 -2.107160 -0.484198 30.990000 19.189012 -2.851605 5.908148 19.791790 66.939938 12.929383 4.846420 -21.663827 57.327963 9.119630 4.145247 -59.444321 22.074938 0.396667 7.283457 4.942654 -2.504568 -0.409630 9.288951 -40.824630 26.689568 0.620926 13.587963 30.374012 -3.655926 -5.434630 -0.027037 73.297407 -12.514444 -15.896914 15.022716 53.740741 -16.435247 -6.418457 14.953457 10.270000 -1.587593 0.959259 -1.619074 -34.841111 51.640494 2.814012 11.604012 25.569877 51.099630 1.323148 35.232160 -33.278642 2.615185 -4.832469 7.455679 4.894938 -0.146728 -5.507099 1.673827 -21.178086 -15.994691 -21.359753 6.741049 60.062222 -37.353457 -13.750864 27.277407 48.690617 -9.880185 3.850988 0.812778 -29.316852 -2.635309 -0.518519 -7.435494 28.207160 16.539444 1.757778 -5.973025 -26.939383 10.963333 -6.525247 40.317469 66.030185 44.810556 7.490617 36.726173 -47.725617 -52.993642 -1.765247 -42.414877 -9.971111 -92.385494 -16.827716 -12.113827 -18.921049 -67.205494 -35.235247 -2.645494 -54.693395 -54.679444 -17.082346 -12.435062 -76.739383 -61.159074 -5.718272 -34.746481 
18.686574 11.533056 7.193333 4.052963 12.451759 16.644630 9.616389 0.390000 -0.313519 25.449537 6.025833 -0.372963 5.308611 25.559074 4.686667 2.874722 -23.384722 19.864630 0.822315 3.985926 -8.203241 28.553148 2.148056 -0.741667 9.879537 5.619444 -0.280278 2.315185 17.252685 -6.212778 6.608889 -0.038056 15.659907 8.223519 7.270185 0.121019 -1.871296 -0.311852 4.764259 -1.479815 -1.016574 -14.568056 0.698148 1.025185 3.673241 -8.490833 -2.306852 4.273889 1.785556 -11.527500 1.086759 0.319815 3.384537 -26.614444 -0.983704 -2.262870 -7.877037 5.845185 3.345278 0.278426 4.571759 -3.354722 1.079259 -0.734259 -2.050648 -12.458333 -1.705926 -1.281204 -1.128611 -13.079259 -2.066481 -0.690278 5.555185 -9.300093 -1.940370 2.232500 5.544537 -14.852963 -1.688889 1.043056 -0.056574 -18.839444 -1.259630 -0.956574 -11.331574 10.145556 2.978056 2.170926 3.350185 -0.058148 -0.730926 0.076296 0.515000 -2.283519 -0.758704 -0.098333 -3.796019 5.503981 1.744815 -1.341852 -1.562593 5.963611 1.884444 -1.573426 -1.033519 -1.798519 0.196667 1.685926 -1.866759 -2.493148 -0.271667 0.877685 -9.274167 9.587870 2.168611 7.079167 5.952870 -1.446667 -2.389722 0.204444 7.401111 -2.589444 -0.512963 -0.506296 2.680556 3.772315 4.374907 -3.127407 -0.177222 -1.096389 2.272222 0.428611 -7.743889 2.858704 1.173426 3.207870 -3.752037 5.867222 -0.729167 9.243426 -6.376481 3.066111 -0.259630 3.774815 2.360370 0.436759 -1.728241 0.364259 8.133796 -3.802407 -1.677037 1.066204 9.420556 -11.180926 -0.495926 0.381111 12.391852 -10.701944 3.079074 -2.830278 0.522500 -3.469259 2.983333 -0.110648 -2.910741 2.032500 -0.522778 4.837315 -0.768704 11.524444 1.329537 6.701574 10.926944 6.981389 3.316852 3.255185 1.499537 -12.684537 -1.079907 2.297315 5.498333 -9.774537 -0.283426 9.962407 7.151019 -7.783426 5.475093 -0.348426 -0.879352 -12.755833 0.504074 -2.894630 -15.257593 -12.253056 -1.325370 -5.863611 
17.574074 11.334444 -0.384444 5.886296 15.689259 0.636296 0.390000 4.273333 -0.521852 1.537037 2.396667 -0.034074 -9.673333 9.372963 5.675556 -1.843333 -12.183333 14.084074 1.768148 -1.258519 -1.790741 15.467037 1.446667 0.811111 -0.605185 11.683333 0.560000 4.170741 7.976296 0.501111 2.181111 1.324444 20.280741 -2.762593 0.456296 2.719630 -0.557407 -12.834074 1.028148 0.017407 -5.654074 -9.588889 0.259259 -1.430370 3.899630 -6.364444 -1.392963 0.171111 10.402222 -16.167778 -1.278519 1.689259 -3.358519 -19.258889 -1.511481 -0.439259 -9.360370 -3.082593 2.230000 -2.439630 16.781481 -4.992222 0.351481 0.040741 0.317407 -7.727778 -0.683704 -0.188148 -5.735556 -2.868148 0.341852 -1.450000 -8.517037 -1.918148 -0.140370 -1.946667 10.162593 -6.658519 0.055556 2.127778 0.961481 -7.308889 -0.209630 0.183704 -13.266296 0.534444 2.415556 -2.120741 13.664074 -0.702593 -0.583704 0.209630 2.978889 -3.630741 -0.705926 -0.417778 -1.730741 0.835926 3.455926 -1.775185 -14.029259 7.290000 1.901111 -2.347037 3.680370 2.462593 0.163333 1.791481 3.248519 8.998519 -0.046667 4.792963 -10.725556 -0.538519 1.825556 -1.844444 5.562593 -1.124444 -1.830000 -0.328889 1.256667 -11.192222 -1.007407 -1.234074 7.672222 -8.737407 5.415185 -4.121852 -0.735556 4.307778 0.450000 -4.020000 2.397778 -2.777407 0.658148 -1.540741 7.545185 10.703333 1.844444 5.978148 -9.762593 4.085556 1.218148 -1.441852 1.493704 0.138148 -0.801852 -1.677407 1.307407 -5.799630 0.417407 -4.207407 8.940000 -9.094815 1.326296 -0.496667 -2.397037 -0.808889 -2.068148 -2.095556 8.760000 -3.202593 0.638889 -2.814815 4.550370 -9.130000 2.302222 -2.852963 -14.154815 8.241111 0.728148 2.919630 6.953333 3.391111 1.486296 0.799630 -0.668519 -9.235926 -0.661852 -3.948519 2.512222 -11.575926 -4.029259 7.204074 0.827407 6.354074 -2.259630 1.808519 7.991481 1.678889 3.570741 -1.230741 -3.232593 -2.637778 1.166296 -2.445556 
109.572531 35.721667 3.281111 4.625679 4.094877 24.934938 -0.313519 -0.521852 128.738395 88.966358 8.486852 22.363951 144.526481 164.423086 2.791852 70.077222 -234.647222 68.521235 -14.712160 5.994691 -114.589198 26.297654 -4.865000 -14.429630 -1.399568 4.522222 -7.325370 10.492716 136.597346 0.705926 -3.572963 -11.029815 -21.771543 -15.512840 -8.593580 -4.834506 25.830247 -76.721235 -28.226420 -0.649136 74.252654 -116.708333 -41.749383 37.488642 -5.922654 -19.761296 -28.685309 23.271852 -24.671481 -53.492037 -16.309198 -10.552346 -19.678457 -210.143704 -22.840247 -8.896728 96.145309 -24.550988 -17.000185 -12.753642 -37.792901 -0.787222 2.931358 -2.165432 -16.305617 -26.635185 -4.593951 -3.442654 42.566852 -58.455432 -6.124321 14.030556 -2.945802 -15.095247 -0.253580 15.874259 -75.008457 23.072469 0.437037 -0.578704 -8.969938 -45.254815 1.609136 -0.564383 47.139321 2.904074 -16.092037 -5.050123 -20.820617 26.444198 6.061605 -0.320247 15.996667 60.718765 20.528272 2.882963 30.932654 75.867840 11.710617 11.650247 -29.729506 35.469815 5.178148 29.263642 -94.509012 30.135062 3.382222 10.640988 0.897346 21.250123 1.436296 12.356605 16.986852 1.411543 -14.594259 13.228704 -2.669568 -0.678519 -7.038704 2.090370 45.344815 4.843333 -17.997531 6.136173 11.759259 -30.065864 -16.735988 -4.791235 23.056667 -21.894630 -1.925926 9.759074 -18.843333 14.521728 -1.250679 2.979321 14.493457 9.004815 1.921296 17.013395 11.429753 -6.930741 -9.535309 19.218765 -33.652716 -2.338827 -11.231790 5.721728 -22.755247 -5.204198 -27.665802 32.758951 5.246667 -13.630988 -11.042469 12.227037 16.679383 -10.863148 1.705679 -6.571667 -3.314259 0.399753 1.268519 -6.558951 17.510617 -20.746111 6.821111 9.703025 33.058272 -50.940000 -2.168086 14.702531 -26.131296 -7.509444 -1.453951 -0.660617 -49.796605 -71.353025 -4.370309 -9.358457 12.080000 -73.942284 -22.043395 50.070494 11.003272 52.751049 -37.965864 10.798827 26.340062 -7.800556 0.433457 -5.951605 -1.208395 -38.354259 3.628272 -11.095741 
226.049846 102.006944 20.772222 40.154938 24.443673 163.855864 25.449537 1.537037 88.966358 509.797377 72.711574 2.635802 16.671759 643.026235 98.440741 7.820833 -421.065278 445.618827 35.603858 28.948765 -187.049846 532.492284 29.981944 15.084259 113.371451 403.236111 20.042130 40.536420 170.639660 -13.265741 5.453704 12.664352 -9.496451 57.022531 -0.529321 0.823920 31.518210 88.039506 -17.198457 11.431790 -8.214660 -75.537500 -86.575309 23.873457 90.153549 -52.725463 -72.020679 46.249074 67.024074 -228.855093 -41.794290 -8.041049 -52.347994 -452.292593 -64.943210 -10.495525 139.840123 -52.695062 -27.317130 -0.630401 -98.195216 -115.748611 -41.823457 -11.592284 -53.162191 -434.460185 -123.635802 -12.879784 30.878241 -441.139506 -100.003395 -9.987500 158.917901 -198.011265 -47.882099 11.813426 67.807562 -204.456790 -46.018519 29.103241 -16.446142 -249.550926 -36.684568 -1.390586 122.699228 -26.825926 -27.132870 -13.468827 -39.688580 -20.415432 -7.121914 -4.604321 49.647222 53.236728 36.900309 3.176852 -36.845216 253.573302 40.885802 7.315432 -159.435802 153.474537 19.303704 9.922068 -89.885494 78.741358 0.822222 53.406173 27.586883 68.246605 -2.684259 61.723920 67.961574 -17.820216 -18.591204 10.874537 14.365895 -3.640741 -10.716204 4.414815 226.870370 -3.563889 24.859877 22.846914 23.195370 -16.922068 6.345216 -7.032716 -13.213889 2.424537 -19.037037 -13.746759 -67.508333 60.133025 12.096451 2.613117 95.029938 201.967593 1.314352 138.892747 49.342901 -25.382407 -11.529012 22.072840 -57.091975 -4.096142 -18.872994 6.683025 97.719290 -38.437346 -41.976543 59.628858 74.547222 -122.353395 -20.526543 0.881481 88.753086 -95.921759 45.857716 -58.787500 20.833796 -65.087654 17.646296 -50.912191 14.646914 -43.990278 1.591667 -76.847068 143.150309 -87.722222 -0.185957 53.280401 -56.203241 2.770833 4.122531 16.158642 -36.687809 -85.089043 -11.766512 -3.872994 0.219444 -68.376080 2.818364 17.705864 -31.826080 -108.653858 22.986265 -24.778858 -92.510031 -132.937500 -5.667284 -42.572531 -217.999691 -200.821759 -11.199691 -134.222685 
12.030093 8.353611 2.142222 7.117037 12.232685 10.142037 6.025833 2.396667 8.486852 72.711574 27.458611 -0.190370 -38.978611 129.582037 44.262222 -5.921389 -121.426389 109.320926 28.137685 -1.489259 -25.168981 144.547963 16.680833 5.663889 55.704907 121.080556 7.682500 16.002593 5.037315 -4.572778 -3.121111 4.616944 17.637870 0.149815 6.404259 0.815648 11.943519 -4.984815 26.136852 -1.712407 -17.967870 -36.381944 8.490741 -2.421852 25.781204 -36.652500 -12.566481 2.961667 48.626667 -86.381389 -9.600093 -1.052037 -1.465648 -139.190000 -15.706296 -5.677130 0.940370 -10.131852 -7.427500 1.780463 5.572685 -24.405278 -3.747037 -2.415741 -6.036019 -95.841667 -19.245185 -4.227685 -9.216944 -105.614074 -18.363519 -6.009722 27.499259 -54.698796 -10.675185 -5.483611 47.604352 -59.950370 -10.461111 4.212500 12.546574 -76.709444 -8.885926 -1.492315 -0.067315 -6.986667 -3.559167 -1.705370 10.630926 -5.255185 -1.909074 -0.264074 7.849444 -5.008704 5.990926 -0.943889 -15.962870 39.970463 12.311852 -1.739259 -41.219630 37.300833 7.713333 -3.628796 -6.892037 7.136296 2.887778 7.010741 14.317870 14.827593 0.692778 13.651204 -7.258056 -7.164537 1.235833 -0.901389 9.118241 -2.760000 -5.294722 0.886667 34.802222 -22.659444 3.112963 -0.245926 11.825000 -22.190093 15.137315 -11.810370 -6.529444 -5.158056 1.972222 -8.694167 -21.640556 6.047963 5.284352 -2.041204 15.820926 62.353889 5.384722 35.024352 -8.777963 -5.826111 2.252963 -1.455926 -10.651481 -1.344537 -4.788426 -2.046481 21.821759 -17.179815 -6.609630 0.778241 30.321667 -35.503519 1.163704 -6.293333 25.689259 -27.569167 12.288704 -16.678611 11.090833 -18.610741 7.605556 -13.622685 -1.243704 -0.883611 3.412778 -15.879537 0.098704 3.954444 7.327130 4.435093 -14.511389 -2.319167 2.525370 -3.272963 -0.132870 -34.517685 -2.466759 -0.270648 10.416111 -29.208796 -1.332130 17.299815 4.475648 -24.198796 11.179352 -3.270463 -5.651759 -37.429722 4.980370 -10.353148 -53.462407 -51.560278 -2.797963 -33.717500 
-6.241358 1.695556 -0.062222 -1.486543 -1.749012 -1.410617 -0.372963 -0.034074 22.363951 2.635802 -0.190370 8.501728 25.024815 9.668642 -1.817037 18.067778 -32.761111 -6.383210 -5.384938 1.212469 -19.303086 -18.949012 -2.264444 -1.396296 -7.565679 -27.350000 -2.332593 -1.031728 15.714568 1.610370 -0.270741 -1.140370 -6.025432 -5.181728 -2.125802 -0.316173 1.563580 -17.922346 -6.656420 2.429753 15.840988 -24.016667 -7.777160 9.826420 -3.423210 -9.060741 -5.338642 5.339630 -8.145926 -10.338148 -2.151975 -0.799012 -6.330123 -27.473704 -2.576914 -0.808395 14.818642 -3.922099 -1.821852 -1.251975 -6.051235 4.907778 0.872469 0.373457 -2.140617 12.814815 0.163827 0.339012 3.305185 2.764568 0.902346 3.577778 -10.938025 6.160864 0.944198 3.995926 -11.959012 23.779136 2.464815 0.307407 -3.186049 7.304074 2.561358 0.358395 4.639877 3.597407 -2.204815 0.935432 -2.277284 9.326420 2.102716 -0.066914 0.217778 16.130988 3.580494 0.228519 1.608765 8.999506 0.425062 3.029136 -1.215062 2.754815 0.104815 7.698642 -9.135679 6.653951 1.118889 0.264321 -2.413210 6.631235 0.688519 0.857160 -2.234815 1.684321 -0.950370 4.687037 -1.259012 -0.387407 -1.617037 0.452593 -3.350741 -1.197778 -5.286420 -0.203827 -4.690741 -8.033086 -2.913210 -1.010123 6.631111 -7.405185 0.235185 2.948519 2.370000 -5.169383 -1.119012 -1.429012 -3.166543 -4.648519 -0.298148 -5.308272 -4.583580 -1.538519 -0.344198 4.786543 -4.326049 0.279506 -1.851235 1.275062 -12.174691 4.210247 -2.481358 2.411728 -7.504444 12.387901 1.683086 0.729259 -8.788395 8.209630 -0.163210 1.826667 -6.088148 2.631975 -0.442593 1.493827 -1.291605 -0.035556 0.085556 -4.231975 -2.629506 -7.292222 0.660247 4.604198 4.890370 0.835556 1.328272 -0.458395 -11.338272 -11.473580 -0.374198 -4.775679 -1.004444 -13.306173 -4.953951 7.623827 -4.863951 20.368272 -9.977531 4.194938 10.999506 13.034444 -0.057654 1.677284 17.726049 19.025185 1.158272 5.969259 
174.819907 148.947500 6.295556 43.256296 -76.786019 47.142407 5.308611 -9.673333 144.526481 16.671759 -38.978611 25.024815 2137.938611 -17.199815 -86.053333 323.861389 388.987500 -202.560926 -235.662130 187.621481 -1472.664352 -641.906852 -160.456389 -223.947222 -547.897130 -1354.147222 -118.694722 -129.467037 405.853796 30.673889 -73.825556 57.357500 -188.903426 215.207963 32.922407 -6.592315 -68.110185 312.974815 -32.079074 11.022407 681.287870 -420.034722 -138.924074 214.200741 245.155463 -100.867500 -118.230185 170.665000 -791.757778 849.858056 -53.809907 -54.534630 -316.141019 -486.235556 -72.873704 -9.308426 415.114074 -51.702593 -80.753611 23.865093 -227.172685 207.735278 40.589259 7.910185 -40.898426 402.313889 49.042963 34.332130 526.103611 109.410741 -25.890926 176.365278 317.242963 76.989907 30.194074 246.242500 -1119.967685 473.465926 19.694444 -24.384722 -429.538796 257.661667 27.883704 21.494537 262.380648 13.087778 -71.819722 48.703148 -222.957593 72.145185 -3.526481 -3.194815 -19.898333 212.935370 -13.870926 20.881667 463.145093 43.856204 -25.826296 66.071481 619.971852 -134.049722 -29.334444 213.968796 -787.314630 -26.777407 -50.524444 64.649259 -567.393426 -133.147593 -9.600556 -65.454537 88.810278 61.211204 -49.038056 112.840278 -39.826019 40.307778 25.109167 26.434444 -16.678889 318.761667 -14.724074 49.658148 102.341667 119.604537 -82.757315 62.140370 303.743889 -218.273056 -35.600000 135.285278 -248.967222 146.637593 -82.968796 191.963426 -492.122037 -248.833889 -45.940278 37.616759 -158.136481 31.411667 -21.638519 78.899259 14.358148 9.367870 -11.783796 85.048704 -102.593981 124.298704 -59.869259 235.038426 -1.442778 -7.582037 -104.128148 88.724444 255.517407 -150.867500 -116.819815 38.944167 -82.086389 94.078519 -81.877778 251.978241 -131.276296 35.798056 -29.893889 471.606204 -472.388704 -305.080000 -86.247130 -107.939537 -145.785278 -68.050833 -36.502037 1.842963 -173.128241 -21.881204 -25.209907 119.185093 78.262778 -1.180093 -59.537870 185.524630 365.761019 58.828796 -135.553796 56.993796 253.917315 -97.735833 -77.650370 86.274259 386.689074 189.328056 -22.337593 345.949722 
418.484877 66.668333 33.390000 55.577284 87.494383 105.734691 25.559074 9.372963 164.423086 643.026235 129.582037 9.668642 -17.199815 1218.444321 201.144815 26.035000 -816.675000 856.735062 102.574753 44.330123 -315.123765 912.380494 80.183889 38.501852 249.927716 882.761111 38.090926 101.794691 375.395617 -81.965926 25.104074 -17.751296 28.680062 -29.827531 5.205432 -4.395864 82.756790 -90.135062 19.082346 8.472099 -32.362284 -232.558333 -99.002469 20.003210 128.311173 -145.308704 -139.863210 59.760370 227.707037 -474.647963 -58.135988 -11.030617 -38.446728 -898.548519 -112.054568 -20.592531 243.744321 -102.937160 -29.919815 -29.058210 -114.725617 -210.616111 -47.296543 -20.332716 -83.132531 -767.220370 -178.039753 -21.756605 -19.357963 -833.457160 -163.833827 -27.891667 188.628765 -403.100679 -78.131235 -15.754259 224.176605 -366.103210 -67.820370 38.878704 62.553642 -516.898519 -59.368765 -1.801914 195.872160 -39.186296 -41.997963 -33.403951 -68.059753 -31.863457 -9.511975 -8.120123 65.043333 55.961605 65.804691 -1.322963 -69.268951 383.195864 88.900864 7.341235 -334.988642 281.770185 40.922963 17.939321 -132.993951 136.455309 8.486667 77.089383 142.995617 163.426173 -2.194074 116.214136 135.048704 -34.644506 -13.930185 -9.567593 -14.362284 -12.940370 -27.635741 2.458519 342.434074 -73.163333 51.867901 7.935309 51.501852 -75.282654 50.740062 -50.897284 -52.092222 8.774630 -17.235185 -26.573519 -116.864444 82.906420 29.931049 -17.086728 230.573951 392.637407 19.017593 229.353642 123.085432 -26.000370 2.942346 8.689383 -170.286914 -13.900802 -43.381173 -5.754691 209.401543 -86.278765 -74.611235 78.794753 113.504444 -242.169383 -29.170123 -34.534815 130.318025 -167.267963 52.820617 -115.223889 68.540926 -98.452346 45.998148 -109.233642 35.773086 -60.517222 15.647778 -134.855988 275.775802 -131.213333 23.312901 71.183765 -223.976481 -47.738333 -10.448642 -34.217531 -21.860802 -202.366235 -24.830432 3.232160 58.737778 -162.244753 -8.185864 84.994691 13.363025 -125.046975 27.422901 -41.995864 -70.504136 -244.353889 -0.990494 -76.784691 -408.663086 -421.594630 -14.423086 -262.360926 
-20.407407 -19.168889 3.485556 6.207037 24.652963 5.173704 4.686667 5.675556 2.791852 98.440741 44.262222 -1.817037 -86.053333 201.144815 110.448889 -22.330000 -219.500000 197.083704 88.122963 -6.379259 -70.525926 308.047407 42.478889 10.872222 109.730741 303.772222 27.463333 28.882593 -58.039630 -24.174444 -4.234444 7.434444 27.707037 -10.695185 6.805926 0.857037 22.235185 -14.761481 52.697407 -3.405185 -29.349259 -63.738889 40.685185 -7.187407 66.985926 -76.310000 -12.449259 -4.264444 89.801111 -153.547778 -15.783704 -9.330370 -25.034815 -265.887778 -26.475185 -14.758519 -23.255185 -19.905185 -5.460000 4.055185 5.018519 -53.148889 -7.160370 -6.368519 -6.021852 -192.072222 -33.919630 -8.532963 1.148889 -217.228519 -31.698519 -9.927778 101.258148 -117.189630 -23.522963 -12.778889 86.756296 -126.673704 -24.411111 2.905556 -8.297037 -163.410000 -19.288148 -6.335926 -0.269259 -13.546667 2.291111 -6.838148 11.584815 -13.231852 -2.130741 -1.678519 10.570000 -19.462593 19.735926 -2.481111 -19.929259 68.020741 25.564074 -2.323704 -54.811852 57.897778 12.431111 -4.531852 -20.695926 20.156296 2.445556 16.409630 3.715926 34.504815 2.487778 22.893704 -2.971111 -10.019259 9.471111 -12.600000 12.995185 -2.840000 -6.256667 -0.964444 71.447778 -31.576667 17.274074 -2.839259 22.483333 -33.299259 32.349259 -20.108148 -4.578889 -8.576667 1.005556 -20.565556 -46.378889 17.397407 6.581852 8.424074 21.694815 126.015556 11.322222 72.036296 16.504815 -5.443333 4.622963 -12.779259 -14.755926 -3.822593 -6.809259 -5.402593 71.409259 -34.552593 -12.227407 -4.920370 62.725556 -76.952963 -1.267407 -17.973333 61.579259 -57.765556 12.549259 -30.920000 28.718889 -37.348519 8.666667 -17.162963 -9.835926 8.160000 5.673333 -19.384815 71.439259 41.162222 8.430741 -5.659630 -44.873333 -13.454444 -1.620741 -13.430741 1.368519 -52.676296 -9.083704 21.984074 17.614444 -24.562963 -3.617407 29.677037 40.597037 -49.417407 27.484074 -10.920741 2.176296 -86.552222 8.460370 -16.490370 -116.977407 -109.330000 -7.391852 -60.242222 
43.448611 22.641389 -0.251111 8.290000 -9.715833 5.548333 2.874722 -1.843333 70.077222 7.820833 -5.921389 18.067778 323.861389 26.035000 -22.330000 135.038611 -105.504167 -69.815000 -49.089722 80.148889 -240.587500 -137.295000 -28.543611 -34.580556 -89.193611 -226.669444 -21.849722 -17.481111 139.342500 1.803889 -12.441111 1.186944 -27.828056 29.482778 0.801667 -1.128056 -11.341667 8.928889 -19.445000 0.557222 106.721389 -110.926389 -28.227778 51.851111 20.796389 -9.399167 -25.877222 52.623889 -120.908889 76.630833 -17.803056 -1.545000 -58.144167 -183.008889 -16.946667 -6.034167 88.126667 -12.984444 -12.468611 0.177500 -33.623611 60.786944 18.942222 7.080556 -10.783056 114.725000 14.125556 5.608611 50.607500 43.263333 1.348333 27.795833 -15.724444 37.228611 7.374444 52.574167 -164.145278 110.532222 10.688889 8.634722 -53.174167 14.849444 7.414444 1.498056 40.217500 9.984444 -13.302500 9.578333 -31.390556 30.084444 8.072778 0.930000 -0.373889 79.318333 9.756111 5.462778 39.014167 59.036389 -2.914444 19.898889 43.880000 4.694167 1.412222 52.938611 -99.431667 6.414444 0.007778 16.265556 -65.393611 -14.311667 0.333889 -7.154722 4.423056 16.636944 -11.895278 25.893056 5.240833 1.031111 5.585278 4.843333 12.240000 30.788333 1.472222 5.667778 -12.202778 22.815833 -15.679722 7.885556 27.039444 -8.354722 -2.333333 31.781389 0.978333 10.743889 -10.277500 35.668056 -53.737222 -62.788333 -5.343056 -0.385278 -28.522778 4.549444 -6.963333 26.948889 4.717778 -0.291944 -3.640278 18.971667 -33.020833 -6.778333 -16.328889 48.554167 -42.757222 -12.543889 -14.753333 12.353333 -4.398889 -7.876944 -22.533889 9.516944 19.497500 12.256667 -5.483333 35.684722 -1.547778 24.990833 1.449444 90.880833 -27.531667 -64.720000 -19.254722 1.602500 3.218611 -3.793611 0.581667 5.214444 -54.868056 -43.694722 -1.175278 14.501944 -18.740556 -27.851389 -25.793611 55.916111 -2.953611 105.678611 -39.975833 17.024722 93.430833 20.641389 8.391111 5.635000 61.035000 29.727500 5.989444 52.200278 
-751.570833 -144.012500 -21.011111 -47.950000 -157.231944 -114.286111 -23.384722 -12.183333 -234.647222 -421.065278 -121.426389 -32.761111 388.987500 -816.675000 -219.500000 -105.504167 2212.998611 -612.936111 -211.540278 -29.288889 57.159722 -1072.080556 -183.026389 -112.897222 -666.570833 -1266.736111 -111.240278 -136.494444 -137.373611 44.980556 8.872222 35.326389 -198.520833 78.436111 -27.452778 0.873611 -114.336111 338.761111 -115.402778 17.802778 96.865278 329.731944 -76.388889 -22.000000 238.973611 -22.143056 38.036111 -9.497222 -409.211111 903.534722 40.226389 18.047222 -161.895833 1241.433333 73.177778 36.498611 159.322222 -35.461111 71.815278 1.490278 -177.776389 208.487500 -23.072222 9.552778 9.270833 784.641667 21.900000 40.984722 57.501389 817.905556 46.597222 43.365278 75.327778 378.556944 64.761111 64.345833 -484.373611 527.150000 66.500000 -37.173611 -321.829167 870.691667 55.844444 14.587500 161.334722 7.711111 25.012500 13.630556 -241.252778 -5.683333 -26.363889 -6.683333 -96.719444 -40.786111 -105.419444 5.452778 151.673611 -321.820833 -124.638889 9.422222 620.938889 -270.787500 -89.672222 24.062500 -7.152778 -89.027778 -56.688889 -34.922222 -412.165278 -169.880556 -21.619444 -113.370833 189.918056 16.909722 2.504167 23.434722 -157.398611 25.533333 22.001389 -3.161111 -237.144444 239.941667 -2.627778 21.033333 -47.730556 226.587500 -104.512500 128.350000 200.997222 -53.298611 -47.238889 66.276389 36.819444 50.641667 -74.484722 28.126389 -384.297222 -267.458333 -65.795833 -144.123611 76.052778 27.747222 -2.233333 30.883333 14.255556 10.604167 25.918056 27.269444 7.515278 241.669444 66.694444 21.690278 -195.308333 317.225000 -29.738889 62.205556 -112.661111 90.329167 -22.586111 104.259722 -166.665278 188.405556 -46.738889 125.509722 -122.566667 118.756944 -46.897222 253.418056 -80.402778 -171.866667 -45.131944 -50.523611 -93.793056 -67.548611 -13.791667 3.627778 93.629167 356.279167 9.954167 166.140278 -86.847222 336.679167 121.101389 -95.130556 94.879167 -128.165278 116.051389 -13.245833 -60.676389 107.854167 -89.788889 89.508333 315.586111 443.168056 -13.875000 336.237500 
385.853395 99.001667 28.834444 57.545802 126.298086 93.536543 19.864630 14.084074 68.521235 445.618827 109.320926 -6.383210 -202.560926 856.735062 197.083704 -69.815000 -612.936111 873.592469 100.361790 -33.682840 -83.931173 925.161975 80.811667 37.462963 305.853642 800.583333 44.896481 90.596543 226.053025 -74.360370 6.498519 -19.890185 106.048580 -28.320123 18.351728 -0.566235 65.838272 -108.742469 68.541605 -0.976049 -91.691914 -145.469444 -10.304321 -18.172716 99.063025 -106.764259 -75.931728 -6.778519 240.412593 -472.997963 -46.660062 -15.165802 28.129198 -697.092963 -78.669383 -22.701790 99.790617 -88.824198 -19.258704 -33.860062 -8.866358 -196.116111 -30.515062 -22.103086 -44.586235 -657.398148 -103.549012 -22.960309 -7.052407 -652.044198 -101.526420 -41.391667 162.575062 -344.054383 -66.329383 -51.448704 224.069198 -412.232840 -65.864815 16.212037 122.268457 -478.870741 -49.476173 -9.837099 70.975864 -32.925185 -12.347963 -32.255802 4.447654 -44.500494 -14.560123 -6.412716 46.476667 -64.801358 42.712099 -10.778519 -54.687469 207.582901 96.932346 -23.810617 -278.975679 232.336852 46.439630 -38.253272 -110.906914 113.197901 11.970000 39.398642 194.736358 197.833580 2.339259 110.332654 53.554259 -38.951914 13.664259 -22.800926 -35.025247 -12.523704 -30.807963 -0.241481 212.250741 -115.741111 25.888272 -6.316543 103.929630 -117.784506 80.414136 -68.226914 -26.014444 -10.175370 3.787037 -72.323519 -100.220000 55.826790 36.906975 -46.838580 257.881358 385.781852 25.667593 192.507346 90.037284 -4.889259 17.151605 -34.090247 -148.727654 -7.969321 -29.349691 -23.406543 144.597840 -82.447284 -48.626049 -4.340432 171.515556 -192.645309 -16.851605 -32.640370 155.908765 -103.379074 40.466914 -93.623889 59.479815 -80.094938 30.237037 -119.342901 72.721235 -97.156111 13.725556 -161.091173 221.588765 55.553333 27.333272 52.313395 -145.776481 -0.516111 -3.274568 -23.754568 5.076235 -164.808827 -16.737840 -43.791914 71.976667 -174.665123 0.838210 24.318765 55.653765 -175.995123 17.276605 -35.132901 -95.505988 -227.148333 -8.344198 -75.853210 -396.211235 -341.339074 -18.349012 -251.749815 
-97.839969 -59.348056 3.152222 -7.412099 5.995710 -10.205617 0.822315 1.768148 -14.712160 35.603858 28.137685 -5.384938 -235.662130 102.574753 88.122963 -49.089722 -211.540278 100.361790 155.875895 -42.523086 74.801080 269.769321 80.096944 13.184259 152.162377 370.152778 42.197130 19.961605 -158.193488 -43.962407 7.024815 -2.065093 28.972623 -27.330062 9.496975 -3.001451 28.144136 -52.659012 61.173025 -9.325247 -55.609290 1.159722 76.372840 -24.921358 30.134846 -40.093796 23.854136 -20.948704 122.030741 -164.144537 5.293302 -8.564012 2.549599 -197.752593 -13.736914 -15.375340 -95.178025 5.964568 5.686759 2.284969 35.805710 -56.616944 1.562469 -9.034877 7.200216 -183.926852 -9.257284 -12.217377 -14.903426 -197.197654 -13.687099 -19.979167 106.096420 -116.733302 -21.312469 -32.429352 144.118488 -145.645309 -24.785185 -3.521759 10.178117 -178.910926 -20.587531 -8.605216 -44.370957 -6.355926 15.677685 -5.838457 34.911049 -15.199136 1.378827 -0.795802 3.528333 -33.612901 13.445494 -2.848704 -36.114290 12.543117 11.096173 -6.106420 -41.349506 12.502870 6.412593 -16.558858 32.870432 12.360617 3.906667 6.656543 27.059290 18.794012 5.047963 10.246327 -26.890093 -11.090401 10.071574 -22.711574 31.671265 0.058148 -7.186759 -0.238519 49.051481 -31.451667 3.769136 1.626173 2.117593 -29.444475 28.956512 1.899877 -30.203889 9.795093 7.007407 -6.815093 -37.992778 13.043395 9.660710 7.308488 19.872901 97.038704 17.439352 42.061451 10.279198 -14.059074 5.112469 -25.282346 -4.768272 -4.858549 -7.683179 -7.467716 55.979475 -48.643642 -15.828025 -5.747994 49.445000 -71.302654 8.693086 1.685926 42.169383 -36.890093 13.266235 -8.832500 12.866574 -36.032469 9.440741 -14.768673 -26.598272 18.794722 7.876111 -33.121698 54.426605 68.817778 20.227191 -6.444969 -34.262685 -12.386389 -1.872284 -22.879506 -2.986883 -71.331080 -13.001142 5.749043 28.506111 -37.165895 -16.842562 27.031049 46.116327 -50.159228 33.619414 -6.104228 -9.534660 -81.203611 11.152346 -7.994383 -105.490062 -87.487870 -0.254506 -48.389907 
