2659.304444 1039.239259 22.791852 336.939259 299.990741 212.844815 -51.413333 103.434815 -1171.080000 -303.842222 -109.984444 -101.946667 191.195926 -9.704444 -13.948148 -18.007778 -179.686296 168.475185 -78.453333 -20.877778 -467.331481 107.028519 -97.788889 -7.340741 -50.570000 19.132963 -7.661111 31.597407 1622.614815 233.816667 5.302222 279.684815 125.882963 238.615926 -49.528519 151.606667 -982.656667 171.274074 65.725926 -113.847037 -70.587037 -39.528148 98.692593 -9.872222 -159.475556 104.550741 -100.184444 -18.965556 -165.259259 120.115185 -90.929259 18.760000 16.403333 95.439259 8.684074 82.378519 878.962963 81.850000 -119.193333 106.155926 158.078889 117.193333 -214.671481 111.398519 -381.141481 349.360741 214.706667 -51.053333 59.807407 -91.378519 65.347407 -6.060000 -287.060000 -123.538519 -201.700000 -26.168148 -144.646296 -55.885926 -65.554074 -4.144815 200.857037 124.189259 11.595185 -108.738519 347.787778 201.060741 -421.080741 12.797407 182.529259 15.850741 -328.579630 51.284815 -180.550741 135.210370 82.025556 -49.960741 73.531111 -17.014074 -63.828519 -22.604074 -238.840000 -21.761852 -206.748889 0.458889 -20.507778 -3.234815 -30.317407 -9.818519 44.912222 86.826667 68.676296 -160.078889 6.136667 272.215926 -426.037037 14.690370 257.492222 358.546296 -146.654074 153.460741 -102.174074 287.125926 9.513333 31.411111 -28.159259 31.395556 -79.983333 -34.664074 -135.528889 11.994815 -116.275926 -5.828519 73.448148 18.952222 46.406296 -1.595556 -220.016667 173.969630 100.122593 -45.477037 -426.363704 178.408889 -145.985556 -114.127778 203.724815 349.781111 -162.581481 81.672593 -120.099259 233.732222 -134.087037 -9.713333 -144.420000 19.571481 -28.872222 -115.310370 -136.689630 -28.563333 26.934815 -41.085556 124.925185 36.098889 238.403704 -3.278889 -374.981111 140.637407 -46.816296 -3.193333 -416.557407 -239.932963 -60.836296 -323.020000 -62.229630 -316.100000 -262.300000 -10.988148 -120.476296 -125.472593 -165.344074 -57.134444 -231.302593 -182.776667 19.435926 -186.655185 31.942963 152.724074 378.418519 -81.981852 52.828889 60.337407 352.377037 -27.220370 -316.129630 -177.440370 -71.340370 -13.321481 
1039.239259 1005.533210 16.748086 292.532284 -213.603395 109.375802 -31.543704 34.933765 -665.765000 -166.518333 -58.152407 -71.996481 110.056914 -7.803148 -3.568210 -3.171481 23.835247 66.437901 -19.989630 -7.863889 -41.791358 8.947901 -28.407407 -24.625309 -8.534074 -1.934136 -4.029630 -2.107469 723.968210 310.101852 14.405741 247.314321 -83.860988 224.815988 -15.075679 132.757963 -545.137593 106.404938 33.436728 -58.610247 -44.814506 -75.339691 21.976543 -7.675926 -57.224815 -10.359506 -68.399630 -4.428148 6.506790 16.175494 -37.047654 -19.348704 -44.317778 43.870247 -3.225247 -9.697469 367.686420 37.524074 -80.855000 74.691543 24.068148 112.212407 -132.008580 108.000494 -146.421358 208.182531 59.927407 2.694630 32.895679 -0.493272 5.369383 0.626481 -157.814259 -65.504753 -70.628704 1.973642 -15.099383 -0.169506 -15.205123 23.728827 -17.711605 120.510062 -4.519691 -71.620494 117.482778 12.029753 -281.974938 -1.616728 37.483765 -9.503025 -174.166975 9.876358 -159.667346 141.093765 20.630370 29.296173 -11.854815 75.085247 -47.452531 42.458765 -83.561667 31.930802 -64.354074 18.706296 52.578519 8.612531 -7.646049 15.536728 -0.246667 67.309630 -3.149506 -95.612593 -97.180741 37.174321 -277.830247 -0.896790 143.479444 187.993827 -37.492160 29.833457 -106.383642 156.182099 37.534444 2.182407 -81.542284 85.557963 -60.686111 50.748210 -44.412593 70.347099 -40.441358 41.647469 58.625617 15.423333 5.841420 11.370741 -73.676852 89.438827 -62.007531 -22.407654 -343.786173 87.853519 -67.430741 -71.313889 158.438025 199.795185 -38.265432 37.285062 -93.264136 103.789259 19.054938 -30.063148 -106.601667 21.419691 27.607407 -37.342840 -72.870123 41.888704 -3.306975 23.695185 22.620309 33.609630 51.375617 8.809630 -53.797037 106.397716 -139.595494 10.338519 -282.891975 -195.871420 -33.798086 -234.213704 -2.059568 -176.441667 -118.288889 -4.781728 -88.995864 -95.341543 -66.094568 -24.621852 -163.642654 -107.930000 25.525988 -89.298272 -59.749506 106.586420 149.147531 -31.054198 -113.436481 49.575494 120.367840 -13.392284 103.820988 -10.156914 -81.298580 12.985864 
22.791852 16.748086 6.287006 1.080957 12.122377 12.199938 3.911481 2.484475 -17.593611 -5.286944 -2.540093 -1.706574 0.979383 1.703981 0.489969 -1.144074 12.351883 6.890247 2.160741 -0.387500 -12.357716 5.842469 -2.109259 -1.078395 -1.619815 4.504228 -0.209259 1.898117 26.457253 6.431481 4.172315 1.713642 8.085247 3.967253 1.571420 0.820648 -15.810463 3.790432 2.499846 -1.925494 2.144599 -2.454105 5.247531 -0.290741 2.359815 -2.169568 -3.266481 1.660926 -7.447531 3.867377 -1.602531 -0.552130 5.610556 3.277716 -0.335772 3.308673 22.700617 -0.140741 -4.088611 1.674475 5.603519 -0.082685 -2.249660 1.813210 -13.297716 9.554228 8.319259 -1.441574 6.119136 -2.104043 3.917099 0.191019 3.328981 -6.648673 -3.086574 0.458117 -2.001543 -6.913457 -1.221080 1.663488 7.336790 -7.088488 -0.116327 -3.073210 9.635833 -0.586049 -10.192099 0.399043 5.031698 -3.071883 -4.204784 1.430772 -15.179969 -1.213302 1.467963 -1.970432 7.672593 -1.273117 0.274660 -1.433580 1.430278 -1.258673 -4.890926 -0.160741 0.203148 -1.555772 -1.149877 0.502623 2.796111 -4.997963 1.852099 -4.047963 -1.493148 4.393642 -5.452160 0.110864 3.520278 4.870988 -3.878488 5.729691 -5.960340 3.519753 -1.988333 -0.144907 4.955710 -1.368241 0.170833 -3.113858 0.093704 -0.897747 -2.618827 -1.769784 1.663735 -0.052222 1.289228 -0.075741 -3.721759 -1.848179 3.602716 -0.935309 -5.310679 5.307315 -1.090370 1.545833 6.542160 5.558704 -5.236420 6.899012 -0.019105 1.272407 -4.390123 1.371204 5.929722 -6.822562 1.270370 -3.764012 -2.067469 -2.647315 -0.224784 -2.649630 3.131451 -0.064630 4.810957 0.029815 -8.590185 -1.893735 1.519846 -0.330741 -3.558951 -2.962562 -1.437006 -3.306852 3.026698 -0.193056 -5.641667 8.005432 -0.344228 4.361636 1.339753 0.586296 -0.683364 -2.681667 5.000031 -3.942654 3.254877 4.406173 5.014506 -1.301173 0.378981 3.503488 12.829290 -0.163735 -12.216358 -8.943272 3.827562 -0.749660 
336.939259 292.532284 1.080957 127.552191 -92.489969 3.647099 -11.471481 24.973117 -228.308056 -55.528056 -18.837130 -22.278426 -14.602346 -10.393426 -0.202006 -1.860370 32.246821 12.241605 0.388148 -3.926389 -2.907099 -7.131728 -12.912963 -6.834568 -4.703519 -7.692932 -1.574074 -3.380154 198.365895 90.990741 -1.870648 105.313395 -35.748951 62.358117 -10.787716 63.895463 -182.016759 25.183642 6.895525 -13.787099 -18.523302 -18.490154 4.833951 -4.364815 -4.272037 -7.441914 -23.019074 -6.164259 -1.761728 -5.358302 -15.102284 -6.902870 -18.898333 -0.041790 -1.484043 -13.484043 72.884568 1.274074 -24.011944 26.708673 12.882037 32.166574 -50.575710 49.154198 -50.464877 59.579290 15.260741 2.509907 11.327160 -6.692809 5.114753 2.286204 -49.418426 -9.595957 -21.599537 -1.893488 -6.539198 12.861975 -6.104660 12.147809 -25.704198 36.771636 -2.142377 -18.463086 4.086944 -4.383210 -68.334198 -2.975525 22.125895 9.596512 -40.660957 1.093488 -38.111327 48.722006 0.177593 20.384136 5.045185 15.660710 -16.299290 15.716173 -23.790833 4.806265 -24.006852 4.456296 19.053519 4.859290 -3.233086 6.826080 -13.277222 20.017963 -3.112469 -22.504259 -28.750185 5.395617 -64.434877 -7.856049 52.983611 45.686420 -7.986142 -5.421173 -30.205401 36.011728 8.065000 4.314352 -18.545525 19.373241 -26.612500 25.962562 -2.329259 15.830895 -15.718210 18.789599 26.309414 5.345556 2.679846 4.412407 -11.114352 17.021698 -25.883457 -8.115062 -100.001914 11.457685 -22.725185 -24.448611 30.853765 49.970185 -11.667284 0.970247 -37.911821 35.147593 13.075309 -12.978426 -31.005833 13.725710 3.335185 7.841420 -2.615494 16.367870 -2.606512 25.267407 15.564290 9.423519 14.112191 4.195741 -23.266481 27.136142 -33.658920 3.166296 -103.459568 -80.432068 -14.314290 -63.205370 -5.697994 -69.043056 -37.613889 -6.055802 -31.064846 -33.022562 -24.759383 -10.688519 -46.726451 -39.405000 -0.551327 -24.688086 -0.848580 11.706790 26.054012 -3.599568 -6.235093 10.583364 25.146080 -5.826080 18.597840 -0.567099 -12.107377 3.368735 
299.990741 -213.603395 12.122377 -92.489969 3316.667747 506.576235 87.798148 337.125772 1427.395833 135.640278 -18.071759 199.349537 -965.476543 -71.092130 -121.575772 -67.024074 -784.766821 -85.188272 -22.198148 -125.868056 10.684877 23.517284 47.862963 -37.609877 24.504630 -15.891512 -6.709259 37.700154 -583.499228 -487.990741 -29.544907 -318.708951 1251.442284 -232.232562 -27.281173 -36.958796 719.335648 58.921914 -131.178858 124.279321 -346.804475 260.811265 -153.339506 -11.262963 110.967593 -97.828086 -2.012037 -10.021296 123.178395 -83.196142 39.264506 -74.117130 -9.247222 -146.968210 7.769599 -57.374846 -491.745679 -117.562963 114.070833 -250.413117 237.060185 -156.686574 44.005710 -119.153086 219.095988 -14.685957 -195.112963 71.757870 -190.832716 304.885031 -61.472531 8.778241 241.421759 94.113735 43.171759 29.955710 -10.788580 129.546914 36.459105 21.467747 -198.291358 -51.681636 21.283488 173.503086 -22.701389 134.332099 159.253086 -88.893364 -97.565895 -7.838735 13.677623 -112.383488 188.486883 -71.146451 -130.878704 -21.060802 99.903704 44.980401 -67.630710 20.288272 402.615278 -24.314043 82.004630 -17.146296 -44.210185 -40.285957 4.403086 4.473920 -72.719444 -77.254630 -43.997531 224.800926 212.682407 68.296605 -41.131790 -7.283951 -158.934722 -62.203086 13.640586 -93.718827 -69.433488 11.282716 -127.208333 24.457870 249.601080 50.152315 -28.181944 7.795216 325.670370 -35.090895 63.651543 -33.430710 -104.859414 -16.855556 -22.255401 -2.699074 191.114352 -85.185031 -110.687654 65.567284 175.438580 44.985648 -19.542593 82.654167 -197.223765 -56.399074 -164.227160 -12.619136 -51.491512 -59.228704 -105.630864 4.571759 311.023611 -37.355710 -1.740741 -2.861420 268.691049 -4.791204 43.038735 7.692593 -111.722068 -15.976852 -81.278858 -1.226852 333.956481 -93.735031 2.321142 -6.535185 306.509568 242.860957 -71.683488 79.606481 -97.440895 667.170833 -163.719444 57.302469 103.363735 543.688117 69.738272 -72.248148 290.713117 236.191667 123.620216 -31.971914 162.088580 32.848765 -30.681790 61.309568 41.316204 -3.882253 -158.459414 14.426080 466.835494 94.318210 286.064043 -6.805401 
212.844815 109.375802 12.199938 3.647099 506.576235 323.618395 1.178519 83.748580 -13.926111 53.698333 -28.796852 27.114630 -194.794938 -6.608704 -17.605247 -14.121481 -55.749938 34.645309 17.215926 -16.269444 125.243827 33.277531 20.248148 6.917284 -0.795185 -1.554506 -1.640741 8.144383 -24.389198 -78.214815 -0.477593 -61.387531 291.435309 32.997469 -13.644198 36.963519 19.317963 35.612346 -31.265123 32.458272 -77.551543 -19.737840 -21.514198 -0.442593 6.058519 -72.152099 -2.249630 -8.717037 39.125309 -38.317099 7.220864 5.023519 9.587778 -5.998272 3.776605 8.771049 -35.295062 -46.242593 8.939444 -61.465864 106.407037 -63.937593 -60.606728 -15.497654 1.186049 -11.426728 -76.150370 24.133519 -48.963580 13.893765 -13.623210 1.876481 18.619074 -34.206605 -6.184259 1.775494 14.965432 -13.534321 4.859691 -2.080432 1.375432 -3.047346 2.348827 4.633210 30.643889 23.514938 -63.499012 -23.475988 17.359691 -43.240062 -77.729938 -23.714383 -20.096975 -25.524753 -30.625185 -29.633457 11.484074 21.800062 -15.443272 0.940247 47.388333 11.823395 3.679259 1.667407 8.372963 0.008827 -2.431235 4.201543 3.153333 -16.429259 -13.908765 -11.173704 3.691481 55.633580 -88.833951 -5.609753 14.785000 52.112346 4.005988 -15.681358 -35.246605 42.330247 -20.904444 -23.912037 45.259568 12.319074 -4.141667 -25.648086 31.359630 -13.549198 1.110494 -16.798827 1.184877 -2.321111 -0.112284 -2.390370 -19.482407 -7.737099 -5.731605 -2.494691 -0.289877 47.131296 3.652593 -33.363889 39.941728 25.884074 -31.802469 -0.355679 -9.434506 -10.105185 -35.859877 -9.868704 69.192778 -47.526605 -3.964815 -45.407654 19.200247 -26.733519 6.568951 -30.354815 -3.561173 -9.995926 -0.365123 -4.751481 32.297407 -4.061543 -31.686235 0.949630 120.272840 116.115617 0.994506 -27.324815 8.555247 91.963889 -16.305556 10.925679 15.407840 73.682531 4.903580 -13.332963 36.586975 7.936667 27.646358 -26.289012 12.057901 33.110494 25.393827 -0.250494 -6.803148 -13.472654 -16.345123 -3.234877 153.002469 -24.943951 10.264383 -0.234506 
-51.413333 -31.543704 3.911481 -11.471481 87.798148 1.178519 36.206667 -2.402593 102.828889 14.615556 27.553333 1.917778 -47.847037 -2.370000 -2.062963 -4.548889 -38.428148 -6.666296 4.776667 -5.433333 -19.662963 -4.209630 -1.444444 -2.314815 -5.334444 -0.406296 -0.372222 -0.255185 -47.025926 -24.138889 1.293333 -18.135926 69.677037 -16.384815 8.148519 -13.086667 49.308889 -6.518519 0.740741 -3.538519 -20.474074 1.538148 5.074074 -2.661111 7.860000 -10.081852 3.481111 1.602222 2.464815 -2.464074 -0.686296 2.458889 -6.371111 -6.843704 -0.837407 3.329259 -30.107407 -19.255556 -2.042222 -11.532593 33.057778 -25.913333 -5.115185 -4.486296 17.733704 -0.328519 0.174444 -1.223333 -16.501852 13.287407 10.667037 -3.208889 24.757778 0.084074 10.133333 3.613704 6.968519 3.283704 3.552963 4.632593 -15.013704 -17.149259 0.357037 17.700741 -24.157778 -15.711852 5.482963 -4.849630 7.380741 -13.076296 7.229630 -0.841481 4.959630 -14.107037 -0.871111 3.134074 -5.476667 -5.533704 6.065185 -2.741481 31.903333 -1.118148 7.796667 -0.810000 4.401111 -3.464074 0.059630 0.612963 -8.642222 -17.741111 3.085926 10.781111 -13.554444 -4.912593 20.187037 -5.430370 3.317778 -2.990741 10.486296 -1.600741 -0.442593 -6.214815 -4.317778 13.494444 -0.574074 10.663333 5.122222 4.632963 18.114444 1.278519 7.681481 0.726296 -1.670370 -0.817778 1.479259 0.386667 -1.661111 -12.177407 5.928519 5.151481 14.405926 9.745556 12.701111 6.077778 -5.400370 -14.298889 3.009259 -2.960370 -6.559630 -6.924444 1.487037 6.228889 0.810000 10.081852 4.777778 5.412593 10.148519 6.251111 1.991852 1.678889 -1.055185 1.714444 -3.548148 0.464444 11.737778 -17.258519 2.789630 -0.342222 7.151852 26.017407 -1.283704 16.765556 -4.842593 37.011111 1.305556 8.412593 -4.169259 23.049259 14.789630 1.820000 -5.088519 13.646667 13.177407 7.678519 11.241481 11.470370 -3.724074 10.586296 -13.136667 -4.469630 -12.729259 2.681481 -10.437037 -9.414074 -0.786296 -0.415185 
103.434815 34.933765 2.484475 24.973117 337.125772 83.748580 -2.402593 131.070710 -52.547500 -39.060833 -26.361019 52.209907 -160.813086 -16.397315 -11.525154 -10.080370 22.871080 -5.024321 1.713704 -6.729167 36.016975 -9.923210 -3.207407 2.180247 -3.677963 -10.858302 -2.118519 2.006698 -66.138735 -49.792593 -7.303426 -23.236235 145.805123 -1.553179 -13.918457 62.924907 23.798241 11.263272 -23.331327 49.185864 -56.857562 -7.666636 -12.995679 -4.959259 23.303519 -39.438951 -8.517963 -3.398704 6.495679 -42.183673 -1.619321 -8.437870 -13.185000 -45.723642 0.905031 -26.744969 -88.413580 -15.842593 20.011944 -33.692623 10.303148 -12.901759 -11.258858 -1.668395 5.858086 -5.658302 -51.690370 23.654907 -39.637654 -6.054105 -7.945617 2.282315 -17.844537 5.308302 4.364352 1.886698 -5.068827 39.762716 4.615154 11.643549 -63.109383 2.103673 1.002253 17.099506 -18.709167 17.998642 24.303951 -14.988673 -30.498735 14.435586 -2.182253 -24.592253 -5.867068 3.427377 -16.870185 -4.047716 -14.374815 3.679414 -22.171698 6.577654 14.113056 -0.471698 -4.474630 -0.563704 -0.327593 1.872809 -3.508272 4.399228 -32.533889 -5.625370 -10.773951 36.841296 9.390926 17.175988 -13.594136 0.477654 -38.616944 5.260494 23.872562 -37.439321 -33.248920 3.693210 3.546111 -20.266204 26.925772 3.230463 -30.887500 18.709043 39.905185 -3.742623 -11.116358 4.267191 -0.734105 -0.901111 -1.786636 -1.069815 15.910648 -17.341451 -18.476420 3.237901 -22.906728 26.262685 -1.078519 -6.234722 -47.369198 -5.549815 -9.348765 -18.861605 -32.833858 -22.762407 -8.361728 -12.328981 39.566944 -18.213364 -7.420370 2.666605 43.998210 0.250648 -1.264475 8.319630 -1.832191 -2.636481 2.624228 -0.058704 17.920185 -11.172562 1.545340 -0.951481 49.938580 2.872191 -3.623364 -10.402037 -1.747068 5.776389 -12.091667 -5.941728 24.388302 16.039846 -4.080123 -13.515185 50.521512 3.649444 7.967377 -21.781049 45.684383 12.719753 10.783642 -3.221420 5.944352 7.119105 19.712562 -0.460340 20.845988 -8.473025 45.100586 -2.442191 
-1171.080000 -665.765000 -17.593611 -228.308056 1427.395833 -13.926111 102.828889 -52.547500 3286.549722 622.558611 235.699167 187.027500 -184.543333 117.681389 -44.523611 0.951111 -1627.606389 -175.086667 -73.906667 -125.981944 267.141667 -54.318889 121.388889 -47.088889 143.446111 -9.591944 8.627778 2.028611 -1282.423611 -466.855556 -40.741389 -353.596111 91.992778 -429.932500 21.338333 -346.368611 1846.932500 -278.897222 -132.945833 38.332778 -8.270833 223.099722 -277.233333 7.916667 -191.276111 -27.560556 43.078333 -64.906111 353.638889 -131.935833 135.240556 -164.370278 -0.023889 44.162778 -2.845278 -51.234167 -878.683333 -115.327778 87.603611 -200.305278 -378.061667 -106.139722 280.435278 -263.390000 599.405000 -374.197500 -264.103333 9.283611 -197.861111 294.725833 -159.700556 26.353611 81.534167 198.830833 154.165278 15.825278 179.763889 96.591111 126.580278 -37.341944 -97.610000 -34.938611 0.290833 126.648889 -322.117500 -30.948889 419.875556 -20.174167 -360.216944 10.718611 366.745833 -144.008611 318.670278 -159.979722 -73.596111 -44.031667 -103.476667 -4.936944 -35.588056 16.940000 314.476944 6.195278 289.955000 -15.743333 66.342778 -31.988611 75.135556 4.951389 34.393889 -120.660556 -58.728889 164.778333 80.753889 -181.183889 318.125000 -3.982222 -228.730833 -322.383333 119.635833 -187.768333 96.006944 -269.338889 -82.176111 -150.143056 21.545833 -4.363056 -4.629167 4.101944 263.108889 9.250278 207.075000 -0.254722 -96.715278 -16.173333 -27.875833 3.022778 212.120833 -137.804722 -101.928889 65.603333 218.366111 -133.003056 70.151111 215.056944 -209.971667 -251.718333 56.005556 -40.462222 11.949167 -151.043889 35.411111 -18.900278 116.853056 71.248056 12.788889 54.767222 247.955000 54.838611 64.374722 32.940000 -162.515833 -7.671667 -199.923611 7.839444 451.935000 -126.230278 -28.546944 -10.175556 131.002778 109.155833 -5.923056 249.329444 4.934722 414.173611 37.297222 65.286667 -12.750278 316.702500 76.026667 14.781111 312.267500 330.593889 27.815833 179.540556 164.512778 32.194444 -203.752778 117.770556 -101.982500 -42.288611 -403.346389 24.476389 629.413889 163.046111 134.055833 13.324167 
-303.842222 -166.518333 -5.286944 -55.528056 135.640278 53.698333 14.615556 -39.060833 622.558611 303.183056 59.114722 22.269722 8.098889 102.582500 14.359722 1.782222 -261.418611 24.958889 5.784444 -9.537500 81.219444 37.607778 28.316667 21.083333 41.776111 4.005833 4.788889 7.479722 -309.368056 -108.027778 -0.939167 -87.637222 -28.326111 -73.303611 25.645000 -94.389722 371.786944 -25.230556 -13.462500 1.217222 41.034722 62.941944 -61.083333 11.083333 -18.857222 -41.706111 -2.322778 -18.205000 76.022222 -21.222500 24.370556 -30.310278 59.323889 49.392778 2.075833 17.964722 -180.422222 -26.683333 56.449167 -57.469722 -75.582778 -44.857500 48.467500 -75.898889 147.422778 -148.427500 -93.352222 -8.875278 -9.722222 6.226944 -58.771667 3.849167 41.290833 -0.144722 15.381944 -6.372500 50.213889 -21.496667 22.844722 -54.088611 91.410000 -15.391944 -0.565833 -14.421111 -4.757500 -8.967778 95.168889 -14.773056 -42.813611 -29.460278 42.251389 -30.794167 80.682500 -57.350833 -43.509444 -13.468333 1.171111 6.573056 -18.970278 3.282222 63.931389 4.918611 49.445000 -1.006667 22.185000 -9.186389 17.636667 -9.687500 69.195000 -44.817222 -16.521111 -42.467222 76.390556 -32.610556 42.097222 6.904444 -27.538611 -69.022222 9.600278 -35.037222 22.918056 -60.094444 -29.646111 -33.159722 -3.743056 0.021389 -23.356944 -12.832500 65.541111 -4.964167 37.775000 -7.692500 1.273611 -4.932222 -3.204722 -1.867222 14.337500 -33.714722 -15.932222 -8.331111 69.356111 -46.299722 -16.812222 45.573611 -6.322778 -48.970556 -12.038889 1.512222 16.864722 -34.478333 -24.677778 -6.185833 17.421944 3.138056 -15.522222 -8.356111 69.828333 -2.535833 15.900278 -8.051111 -26.059167 -11.628333 -46.179167 -2.778333 55.526111 -29.711389 -21.633611 0.525556 41.563889 -13.053056 -3.268611 72.331667 27.390278 81.279167 7.975000 32.952222 -0.419167 94.489167 8.417778 6.796667 53.257500 86.311667 9.409167 53.526111 31.570556 14.755556 -37.158333 47.046111 -30.153611 -46.069722 -86.495278 -0.918056 131.569444 -0.718333 2.319167 -1.410278 
-109.984444 -58.152407 -2.540093 -18.837130 -18.071759 -28.796852 27.553333 -26.361019 235.699167 59.114722 79.147500 -6.700833 44.073704 38.527500 28.397685 -0.602222 -182.432130 1.847407 -13.886667 -3.462500 -52.823148 -3.215926 -2.644444 5.670370 -1.167222 -4.296204 1.055556 0.743241 -97.111574 -34.627778 -2.185278 -25.951296 -2.658704 -28.199352 12.240926 -37.678056 143.825278 -21.456481 18.177315 -16.072037 1.561574 -2.037870 -9.779630 -0.155556 -6.678333 -8.113148 3.685000 -3.090556 37.324074 -26.855648 8.517963 -2.421944 -3.988333 -13.046852 0.560463 -3.083981 -66.025926 -21.233333 5.271944 -17.551019 -5.046111 -22.569167 16.113241 -22.295926 57.327963 -33.218426 -9.021111 -5.132500 -33.942593 32.736759 0.111296 -6.222500 16.569167 22.468426 16.173611 1.133241 21.912037 4.814074 12.100093 1.342685 -27.270741 -10.578796 1.885463 23.111481 -32.808056 -12.839259 32.941481 -6.881759 -3.797130 -12.520093 36.157870 -8.761019 36.381204 -18.857685 5.883889 -7.952407 -33.474444 -3.646019 1.567315 -5.020741 41.430833 2.645093 31.798333 0.025556 13.822778 -1.130648 7.393704 1.418981 -23.740556 -14.915000 3.998519 27.812778 6.906111 -12.064630 42.682407 -3.237407 17.651944 -21.064815 13.911204 -9.408704 43.763426 -20.607407 -2.817222 -4.073611 -16.043981 8.566389 22.512500 0.287315 27.171111 0.315648 29.443519 0.011759 -4.375463 -1.286667 1.018796 -0.559444 -10.531944 -10.028981 15.044815 4.150741 34.783519 0.257500 7.275556 18.326389 -9.933519 -13.999444 6.218519 -5.188519 17.693796 -9.131667 -0.837037 12.249167 -11.563056 13.103426 14.038889 4.014630 8.579815 3.265833 9.077870 -2.024444 -14.428981 -0.237222 -10.278241 -0.792778 7.993889 -20.344537 5.890648 -1.260000 -27.076852 9.765648 -2.059907 39.399444 -22.242130 42.959722 -1.619444 5.934074 -17.974907 35.226019 1.622593 15.821111 12.543241 53.326111 -4.287685 53.475370 17.306852 21.079630 -11.550926 27.232037 -33.791944 -20.925093 -31.252130 1.597685 17.689815 -21.082037 -16.336204 0.785463 
-101.946667 -71.996481 -1.706574 -22.278426 199.349537 27.114630 1.917778 52.209907 187.027500 22.269722 -6.700833 67.816389 -100.802593 -8.801944 -11.403241 3.451111 -40.915648 -21.288519 1.026667 -3.026389 64.745370 -1.492963 15.016667 3.701852 10.223889 1.278426 0.938889 2.710093 -144.488426 -54.766667 -3.930278 -42.183148 27.524259 -44.969537 -2.487593 -5.051944 153.349167 -29.754630 -23.593981 36.814259 -11.811574 12.831204 -21.437037 2.333333 -6.098333 -26.134630 9.933889 -5.695000 26.803704 -13.626574 13.038704 -18.475833 8.087222 1.859074 1.136204 -3.119352 -106.668519 2.522222 26.420278 -22.197870 -52.239444 -6.173056 34.494537 -22.119630 49.158704 -51.560463 -45.536667 10.766944 -18.551852 5.266574 -13.257963 5.164722 7.011944 5.404907 22.943056 1.095648 14.937963 6.567037 12.359907 -7.104907 4.130741 -8.970093 1.200093 2.411852 -19.711944 2.804815 54.516296 3.062870 -46.937315 2.661204 32.036574 -14.184537 21.811019 -25.788981 -20.346111 -7.302037 -18.060000 -3.401759 -9.847315 -0.274815 19.832500 2.458241 23.449444 -1.404444 3.170556 -1.662685 3.954074 0.442130 5.221667 -11.932778 -6.430741 17.850556 16.148333 -27.393148 15.534259 7.541852 -46.797500 -35.651852 22.204352 -25.564630 -16.107870 -24.459259 1.907222 -26.243056 2.999537 -2.068611 -16.051389 4.142685 24.258889 -1.625648 9.145370 4.008241 -9.691204 -1.845556 -2.705463 0.767222 30.315278 -16.734352 -15.443704 9.623704 -7.269074 -4.403056 9.512222 14.834722 -36.486481 -18.079444 18.703704 -10.588148 -21.758241 -20.416111 5.025926 -10.905833 24.169722 -4.566759 -3.083333 7.426481 34.684630 4.599722 2.332130 11.717778 -7.223241 -1.721667 -16.343981 2.417222 59.368333 -9.298796 -10.783981 0.763333 34.715741 13.129907 6.023241 2.840556 7.008796 -18.476389 13.663889 -1.048519 18.623796 2.778426 -1.571481 -6.707778 36.326759 4.505000 6.701019 -11.063148 8.510926 -4.507407 -16.176852 -2.205370 -10.254722 2.592870 -30.927870 4.807870 41.465741 28.977593 12.126204 3.111204 
191.195926 110.056914 0.979383 -14.602346 -965.476543 -194.794938 -47.847037 -160.813086 -184.543333 8.098889 44.073704 -100.802593 2469.135062 207.359630 184.208642 130.686296 -115.896049 303.044198 -162.658519 75.122222 -1485.033951 132.250864 -207.729630 -4.554938 -37.252963 20.000494 -1.601852 27.073827 549.774691 266.146296 22.928519 116.825802 -599.834691 159.721358 20.404691 -90.090370 -288.155926 24.479012 96.354321 -142.187284 884.217901 -395.243951 96.946914 57.801852 -296.715926 266.287901 -111.737407 10.698519 -430.896914 245.161235 -72.281358 94.682963 114.412222 135.643951 3.602716 108.352716 490.382716 293.562963 -15.814444 237.434691 -291.971852 284.277407 -2.308395 6.189012 -148.726173 58.656049 66.737407 -66.038148 532.197531 -425.160123 -114.557654 11.928148 -662.018148 -127.594938 -271.003704 -69.323951 -98.106790 -141.168765 -69.740864 -69.464321 414.149877 -17.991235 -5.597284 -196.880123 323.681111 237.389383 -160.936790 134.742346 -105.463086 101.230494 -170.977160 129.018395 -54.456420 119.965802 118.993704 -38.691235 201.658519 -95.484938 -156.308272 -18.240864 -691.402222 -50.936049 -395.744074 1.875185 -31.169259 -23.351728 -17.865679 -46.201235 132.963333 -14.561481 18.416790 -212.044815 25.421481 175.915802 -201.545062 127.859136 38.306667 194.329012 -127.039012 121.865309 16.195062 56.769136 56.865556 -130.331481 -144.204321 -84.879259 -276.088889 1.616914 -362.078148 37.945802 -213.972840 42.986173 69.104321 20.615556 27.208272 -4.450370 -237.585185 83.825679 81.660617 -49.499136 -679.246543 210.158519 -136.161852 126.044444 115.392840 388.847407 -50.174691 121.675432 76.747160 103.190370 -157.420988 -8.441481 -231.701111 -41.013827 -157.625926 22.704568 -203.634198 15.293704 -22.776049 9.680741 144.190494 27.788519 110.459877 -1.589259 -359.149259 104.211235 -1.969012 -15.551481 -1015.249383 -685.667160 -90.490494 -284.638148 -150.103086 -593.238889 -311.261111 -33.795432 -196.359383 -242.684691 -349.759753 41.495926 -161.311358 -142.820000 -136.577531 37.680988 -11.749877 20.704938 119.877160 -22.748272 206.970741 66.216790 280.178765 4.729012 -266.019753 -73.757284 -64.729506 -14.158395 
-9.704444 -7.803148 1.703981 -10.393426 -71.092130 -6.608704 -2.370000 -16.397315 117.681389 102.582500 38.527500 -8.801944 207.359630 199.003056 64.299537 14.085556 -241.692870 221.735926 -17.407778 35.926389 -176.060185 128.349259 -33.266667 78.696296 26.322778 17.215648 2.650000 29.915093 6.475463 11.944444 10.782500 -9.070926 -122.235741 22.457685 42.303519 -27.141389 -19.178056 99.739815 80.492130 -14.172407 96.152315 104.107315 37.340741 14.311111 -73.555000 20.685370 -55.323889 6.768333 -8.096296 -81.513796 -17.745741 47.513611 111.877222 -0.264259 3.036759 71.281204 50.492593 64.783333 89.719722 3.192685 -117.570556 45.077500 62.495093 -23.454074 18.722037 -99.606574 -29.028889 -15.320278 83.953704 -158.683981 -77.111296 -8.241389 7.211389 -101.126759 -55.898611 -17.208241 29.221296 -150.275185 -10.913981 -32.423241 153.181852 -70.018426 -1.599352 -62.833704 222.921944 52.867037 46.464074 2.484537 25.522130 -41.532685 -47.049537 10.769352 63.482685 -43.867315 -38.195000 2.474630 -4.186667 -30.173426 -49.325648 -5.079259 -66.000278 -12.258981 -25.853889 -1.270000 22.477222 -10.205463 8.750741 -7.849537 23.062778 -22.896111 8.968148 -66.629444 200.249444 -12.496481 -78.632407 27.365185 20.578611 -35.224074 -53.491759 1.103148 39.450463 -35.442593 -8.199444 -27.484722 -38.369907 -11.530278 -35.437500 -9.728981 -30.943333 -0.473981 -5.471296 -3.747870 34.389352 1.986667 12.595093 -1.818333 -95.487500 17.731759 30.766296 -10.950741 -77.805741 6.661944 -70.936667 54.926389 -21.949815 58.121667 -20.151852 19.749630 -10.391019 13.103889 -28.757407 -1.779722 -40.578611 -21.872870 -23.916667 -12.775741 -6.679815 -4.185278 17.952685 -17.603333 30.637315 0.998333 40.842130 -2.446111 -102.121667 11.919537 -14.987870 -0.334444 -191.889815 -154.901759 -27.548426 -33.849444 -40.477315 -87.623611 -62.697222 -4.889630 -71.588981 -15.989907 -76.150370 4.612222 -17.512685 17.607222 -22.498426 11.680185 32.187593 14.998148 40.584259 -0.809815 54.822500 -10.838796 45.288241 0.166204 -33.639815 -28.217963 -38.794352 -0.760463 
-13.948148 -3.568210 0.489969 -0.202006 -121.575772 -17.605247 -2.062963 -11.525154 -44.523611 14.359722 28.397685 -11.403241 184.208642 64.299537 80.197377 7.970370 -35.612191 88.748765 24.140741 27.495833 -180.055864 66.582099 -28.620370 39.480864 -0.984259 8.976080 0.318519 17.362191 29.405401 21.642593 3.352315 12.559568 -68.731790 25.444290 13.359568 -4.883796 -48.072685 37.325617 49.686883 -14.233642 83.835340 -8.343364 51.662346 7.475926 -37.232407 -5.341049 -14.212037 7.717593 -26.929012 -42.150772 -19.026235 33.846759 47.963889 -18.277469 0.598302 38.014969 35.419136 22.964815 22.240278 11.908179 -29.728704 28.310648 14.201080 -4.610494 -13.405864 -24.868364 11.764815 -10.206019 58.609877 -89.615895 -7.635494 -2.763426 -36.369907 -48.153858 -34.453241 -11.137809 9.157716 -74.610494 -13.030710 -7.431327 56.960494 -40.115895 -2.898920 -36.072840 77.595833 14.974691 15.427160 -1.486883 15.277623 -19.226698 -21.062191 2.204475 11.391512 -18.602932 2.671296 -13.042284 -15.957407 -27.592747 -16.703858 -7.254321 -78.876389 -10.387191 -36.562037 0.375926 13.878704 -2.440586 2.660494 -1.243673 -17.452778 -6.010185 11.383951 -31.537963 73.987963 5.604012 -18.933642 14.051235 27.284722 -2.804938 -19.027006 6.834877 24.298920 -19.476543 18.358333 -21.122685 -39.059105 -21.133796 -17.734722 -4.861265 -39.190741 -1.414043 -16.739198 7.123920 30.467438 2.255556 10.678858 0.378704 -82.649537 9.777006 31.147531 -9.901235 -64.757716 42.493981 -23.642593 26.534722 11.100309 66.278704 5.659877 14.777160 5.137191 20.126852 -11.349383 9.374537 -34.679167 -15.434414 -7.579630 1.731173 -22.745988 -1.616204 4.410031 -4.474074 41.539969 3.289815 33.859105 1.545370 -96.332407 4.877006 5.453549 -2.435185 -146.238580 -75.562191 -11.895525 -39.749074 -34.580710 -86.515278 -40.425000 -18.266049 -42.859414 -28.460957 -77.187654 13.979630 -18.647068 -7.497222 -27.041821 5.568827 -1.652160 0.202469 20.260802 -10.277469 58.435648 16.807562 77.011883 -0.061883 -85.418210 -31.478086 -16.201698 -3.704475 
-18.007778 -3.171481 -1.144074 -1.860370 -67.024074 -14.121481 -4.548889 -10.080370 0.951111 1.782222 -0.602222 3.451111 130.686296 14.085556 7.970370 32.084444 -39.061481 24.439259 -10.612222 23.516667 -75.690741 13.823704 -4.372222 4.929630 5.621111 3.254815 1.855556 1.344815 7.046296 17.877778 3.026667 2.497407 -50.267407 9.554074 5.004074 -8.381111 -11.096667 6.759259 5.779630 -5.327407 56.103704 -20.472963 -0.431481 7.355556 -27.090000 6.018148 -7.924444 6.513333 -18.251852 5.808148 -1.491852 10.464444 18.251111 12.300741 0.684815 5.773704 33.209259 28.522222 6.735556 10.906296 -29.386667 13.775556 7.312593 -3.425185 -1.310741 -12.434074 -3.453333 -4.390000 44.164815 -39.607037 -14.149630 0.713333 -34.331111 -23.882593 -16.916667 -4.102963 -0.420370 -25.921852 -5.208148 -4.689630 38.152963 -6.365926 -1.559630 -19.621481 37.886667 9.821481 -10.667037 15.855926 -8.319259 -3.959630 -15.864815 13.669630 0.637407 -3.395926 1.578889 -4.027037 11.323333 -8.255926 -5.273704 -3.458148 -44.780000 -3.640370 -21.397778 -0.598889 0.417778 -2.252963 -0.584815 -1.959259 10.168889 -4.352222 -0.447407 -13.441111 4.656667 0.015185 -16.551852 13.069630 0.828889 9.859259 -9.858148 14.927037 -4.398148 -0.853704 1.493333 -8.044444 -18.190741 -10.453333 -14.533333 -6.189259 -34.018889 -2.071481 -12.246296 -0.407037 7.451852 0.760000 1.662593 0.525556 -1.550000 -2.005185 -3.249259 -1.009630 -57.566296 20.495556 -8.532222 14.011111 4.788519 19.123333 3.481481 5.256296 0.329259 8.503333 -12.479630 -1.421111 -15.984444 -4.545926 -14.033333 5.423704 -20.801481 -3.415556 -2.991481 2.523333 16.439259 0.136667 2.029630 1.458889 -1.045556 6.508148 -6.599259 -0.781111 -85.648148 -51.927037 -8.339259 -19.656667 -3.870370 -46.583333 -23.327778 -4.842963 -11.652593 -19.706296 -22.399259 -1.996667 -24.721852 -18.847778 -7.633704 -3.060370 -12.764074 -9.512963 -4.262963 0.491852 23.530000 4.663704 -0.779259 1.687037 7.429630 9.785926 -4.414074 -0.242963 
-179.686296 23.835247 12.351883 32.246821 -784.766821 -55.749938 -38.428148 22.871080 -1627.606389 -261.418611 -182.432130 -40.915648 -115.896049 -241.692870 -35.612191 -39.061481 2853.409228 -100.884691 134.200370 73.959722 151.274383 -63.436914 -128.279630 -41.843827 -184.752407 16.656883 -17.540741 -23.681451 205.048302 103.835185 33.705463 105.769691 66.648086 108.954969 21.384136 164.668241 -697.972870 108.415123 -7.138735 29.431049 -10.755710 -97.157006 109.813580 -5.637037 441.045741 -149.085988 11.055370 55.700185 -314.080247 351.493735 -123.169691 48.424352 -85.916111 10.944506 -17.542006 90.307994 180.966049 -79.125926 -6.839167 24.653302 222.413148 -57.328426 -58.022562 111.109012 -287.246728 169.056883 111.841852 7.858241 104.030864 -74.279290 113.882901 28.664537 205.237685 -112.251327 -70.535648 6.364105 -238.176235 58.113457 -123.445586 1.314290 67.185432 -49.644846 -14.544784 40.200988 29.547500 -226.086173 -39.113457 -50.715710 141.096080 -37.389228 4.588117 18.663673 -280.225586 28.107747 1.598704 69.492654 187.138519 -3.349105 87.058673 14.322469 55.469722 -23.607994 -186.036852 11.221852 -151.242037 18.266883 -92.255679 -6.569290 167.226111 -19.879815 -17.013210 -88.779815 0.087593 -64.726975 114.229938 -68.838642 5.479722 24.879012 25.878488 -0.990802 -146.561883 87.996914 47.299444 47.239352 39.444290 -21.298426 6.484722 25.758302 -30.093704 -36.802253 -141.386728 35.219784 -40.447068 -1.920000 -26.350340 2.081296 139.910648 -24.235154 1.541728 -26.870247 508.660679 -43.029537 100.012593 -164.151389 98.985617 -104.736481 50.753086 -52.132346 29.891327 -96.800185 83.290123 -36.360093 60.425833 -71.444105 6.340741 21.586235 2.673025 -39.969352 -101.208549 85.538519 68.401883 -24.452037 -19.755401 1.186852 -20.937593 -75.872932 125.974599 12.086296 614.781173 451.318117 50.759228 162.984630 65.045525 181.820833 228.675000 -6.527654 228.794228 -131.350525 206.743580 -48.830741 -57.716636 -162.851667 29.933302 -172.346235 -176.754877 -125.122840 -85.064506 -63.809938 170.548796 -35.231265 178.998488 -9.675154 -177.828086 -90.662284 185.355772 5.794105 
168.475185 66.437901 6.890247 12.241605 -85.188272 34.645309 -6.666296 -5.024321 -175.086667 24.958889 1.847407 -21.288519 303.044198 221.735926 88.748765 24.439259 -100.884691 481.858765 22.344074 69.172222 -363.836420 361.488765 -64.787037 148.636420 10.821852 66.871358 -0.603704 74.556914 218.945679 46.887037 16.918148 20.214568 -72.465679 96.800123 49.544568 12.385926 -276.184074 200.706173 141.077160 -10.381975 137.445062 102.615802 164.834568 25.064815 -88.198519 23.235062 -35.785926 12.230370 -114.817901 -47.490494 -65.920123 121.704815 253.546667 52.617531 3.436914 239.148025 214.130247 75.020370 102.815556 3.710123 -43.854815 94.999259 58.242469 -9.318272 -71.331975 -75.150864 26.230370 -25.526296 229.509877 -349.479506 -58.978272 -10.165926 5.341481 -310.154691 -122.629630 -42.683086 -58.922840 -358.711605 -65.107654 -95.119383 440.723827 -137.113951 -3.424198 -118.163951 391.851111 74.476914 1.728272 -10.400494 108.225679 -87.846420 -133.308025 10.871975 46.322346 -71.205432 -35.740370 -5.986173 68.594815 -69.523580 -37.792469 -9.052099 -242.071111 -34.009136 -124.154815 -1.527407 -66.977407 -16.249753 -23.512840 -31.128395 180.226667 -28.495185 46.731728 -209.945185 327.554074 22.955679 -141.341975 17.064568 106.796667 14.456173 -89.542840 18.895432 2.853086 6.551235 26.897778 -45.701852 -85.877160 -32.297407 -63.166667 -18.758765 -176.078519 -6.362099 -103.514198 6.090864 34.527160 7.520000 27.903580 -3.184074 -172.464815 47.749506 161.289753 -46.155679 -76.467160 104.422593 -74.101481 18.583333 28.481975 159.472593 14.993210 2.274938 -51.179753 62.652963 -22.538272 -17.121852 -94.696667 -30.775802 -71.818519 -7.103827 -84.310988 -11.162593 -9.316914 -25.266296 113.390247 10.254815 149.843827 -3.067407 -301.287407 45.948395 70.713827 -6.702963 -266.658025 -95.226914 -31.718025 -115.120741 -86.926543 -229.944444 -56.644444 -64.414938 -111.311358 -180.065679 -146.778765 -12.485926 -120.491235 -96.245556 -60.453210 -49.980617 16.626173 -3.741975 108.858025 -48.000247 220.191481 43.131728 226.509383 -7.438272 -280.915432 -73.171975 -77.877531 -15.568642 
-78.453333 -19.989630 2.160741 0.388148 -22.198148 17.215926 4.776667 1.713704 -73.906667 5.784444 -13.886667 1.026667 -162.658519 -17.407778 24.140741 -10.612222 134.200370 22.344074 178.328889 15.333333 152.746296 68.565185 81.038889 39.181481 4.528889 16.967407 0.488889 22.727407 7.009259 -10.250000 -1.454444 6.335926 69.967407 -5.226296 -1.387407 10.925556 -24.964444 17.429630 19.392593 0.360741 -36.692593 13.995185 72.059259 1.027778 -2.471111 -70.557037 68.491111 9.275556 -5.381481 -32.669259 4.408519 20.235556 47.415556 -19.017407 -2.034815 56.792963 -17.464815 -42.855556 -2.341111 -18.156296 49.431111 -12.975556 -1.523704 6.214074 -28.728148 -13.660370 36.720000 -0.743333 6.335185 -67.492963 45.477407 4.703333 25.892222 -67.717407 10.266667 -5.897037 0.148148 -70.978148 -20.458519 -6.971481 53.013704 -70.211852 -5.040370 -9.822963 -25.014444 -46.877037 45.389259 -20.739259 23.652593 -38.118148 11.148148 -9.486296 -26.465185 -37.126296 9.126667 11.149259 -4.917778 -32.216296 51.523704 5.085926 -53.964444 -10.748519 -9.385556 3.593333 3.071111 -4.141481 -9.570741 2.387037 -3.552222 -34.986667 19.947407 -42.925556 24.010000 -30.159630 42.357407 -13.864074 13.760000 -33.731481 10.041481 -2.904815 -26.124074 -29.151852 27.373333 7.083333 -36.370370 -9.463333 5.127778 3.828148 -42.875556 -1.639630 -32.687037 13.679259 38.681481 2.351111 10.848519 3.118889 -61.627778 -18.628148 43.015926 -11.901481 66.471852 -4.878889 18.826667 -7.150000 4.589259 -22.734444 50.040741 -5.222963 -19.218148 -0.953333 23.524074 7.804444 13.340000 5.929259 -23.755556 5.337407 1.662593 -0.662222 -13.680741 -2.223333 64.949630 3.035556 32.120370 3.652222 -75.821111 -14.069259 26.910370 0.153333 16.425926 43.849259 16.350370 16.790000 -1.940741 -66.405556 46.316667 -7.001481 -12.591852 -51.788148 -10.500741 3.802222 -36.917037 -38.663333 -0.649630 -42.095185 -30.108148 -38.898148 -0.653704 -29.391852 96.581111 16.402963 78.095926 1.162963 -104.824074 -26.363704 12.886296 -1.834815 
