61.783210 132.894691 7.094074 14.393210 112.047901 93.711111 2.736420 28.052222 -81.897160 10.361358 -5.286914 0.203951 -108.704568 -7.536296 2.002716 -10.706049 6.506914 41.539012 26.234198 -1.004074 24.286914 92.800494 13.609506 9.119136 60.067284 59.589630 1.341111 28.698765 45.007284 37.745185 -2.155309 3.841111 74.946543 3.405926 1.645185 10.309506 -25.819136 -17.475062 -1.728889 1.190000 -75.926420 2.032469 23.515802 -7.071728 11.421235 14.509012 19.508519 -1.117778 7.979506 -8.348395 -13.785926 3.141975 88.588765 8.931235 -1.664691 27.154815 20.951605 -39.214815 -15.656049 -4.499012 43.162716 -35.937901 -10.324198 -0.475185 -10.091481 -30.590988 -2.750370 -6.785185 -38.369259 -20.005556 19.976543 -8.222222 -3.957778 -50.381605 -42.322222 -2.286790 -4.098519 -70.529753 -23.537901 -7.997531 114.553580 -34.042099 -3.974691 -42.373827 4.767160 -29.851975 -10.263580 -5.337037 23.165062 -21.053333 -15.295802 -4.686543 21.048642 -23.121728 -3.020494 -3.685432 -0.352963 -14.638519 -0.543827 -5.844198 -13.218519 -18.011111 -25.527407 -1.291111 -1.233951 -14.427407 -3.944198 -3.961605 35.284074 -11.091975 8.434321 -41.940741 7.317901 7.310000 -9.380988 -2.493333 4.162963 -26.929877 -29.506296 -3.244321 12.977160 -28.579259 -10.168765 -4.212346 -27.933457 -2.785802 4.397778 -2.838272 -20.349506 -0.917037 -4.052716 -0.534815 15.834815 -0.101605 7.268025 -0.209877 -20.869877 18.902593 0.473210 -6.924938 16.926543 4.485679 -23.588765 -2.570370 10.047407 -17.032222 -19.559753 0.499630 -14.314568 -14.517407 -1.739259 -4.445309 -74.359506 -1.263827 1.132222 -4.128395 -15.772963 0.032099 0.388765 -0.736049 34.654074 -2.787901 14.580988 -0.136296 -18.061728 4.811111 -25.928642 -0.763951 34.121111 46.528889 -12.626543 7.915309 67.489136 54.974074 5.090741 8.920617 4.178272 4.144815 11.198025 -6.614444 -113.158642 -30.791111 -3.727531 -7.406667 -1.533704 -5.841235 -8.058148 -2.218025 60.223210 -4.300864 -0.220370 -1.529383 -20.484074 -15.079877 -23.091605 -0.688395 
132.894691 623.432840 22.367407 67.452469 189.298642 285.250000 5.927160 91.584444 -207.072346 0.955062 -5.470617 5.103210 -277.518642 -26.344074 6.933457 -35.960123 19.469506 47.310864 56.903827 -4.025185 56.381728 173.399012 43.314321 8.428395 186.543210 176.309630 6.456667 59.130247 67.224321 74.826296 10.777284 9.384444 198.540247 4.854815 18.781852 36.442099 -44.561728 -44.044321 -17.981111 9.231111 -196.952716 -13.576049 9.985062 -15.756543 36.507531 -53.384691 2.055185 -3.320000 12.863210 -53.714321 -21.278148 -8.911728 253.566914 52.398642 -1.565062 46.390370 50.063457 -169.598148 -21.704568 -10.624198 119.757901 -99.485309 -9.001605 -7.655185 41.605185 -88.184691 -34.432593 -18.929630 -101.317037 -48.316667 -30.608642 -18.761111 3.315556 -124.586790 -114.866667 -4.931975 -7.786296 -167.946049 -51.513086 -36.949383 328.631728 -55.026914 -9.078395 -119.996790 20.426790 -76.879383 -33.945062 -11.642593 99.503210 -36.143333 -46.680617 -6.149136 115.808272 -40.889877 -35.464568 -2.229136 28.994815 4.838148 5.332099 -10.683827 -12.996296 -26.872222 -42.956296 -2.423333 2.217901 -38.528519 -9.583827 -11.760123 103.576296 -14.232716 17.453580 -113.512963 -28.835802 -25.058889 -49.993580 -3.630000 55.190741 -67.412469 -64.926296 -5.439136 18.251235 -33.408148 -5.356914 3.013580 -25.416420 17.549383 41.887778 0.632099 -35.017654 1.139630 -7.483457 -1.063704 39.847037 -3.919012 13.619506 -0.552469 -45.360247 34.467037 -0.063086 -15.227901 -30.019753 -49.015802 -73.378025 -8.881481 56.338519 -43.113333 -49.786049 -4.804815 -70.226420 -23.004074 11.545185 -14.892716 -165.242099 2.394321 8.530000 -9.943210 -31.676296 -1.208642 1.128025 -1.766790 70.280741 -4.818642 17.010247 -1.060741 -16.254321 18.127778 -69.598272 -2.010988 64.896667 94.292222 -40.508025 -0.758395 99.749506 196.479630 1.618519 13.903210 -27.467654 18.204815 19.520617 -23.760000 -254.671605 -55.673333 -11.367160 -17.397778 -0.999259 -14.650864 -26.361481 -6.319506 97.003580 -11.248272 -27.787037 -7.535679 -28.831852 -39.601358 -56.600123 -1.812099 
7.094074 22.367407 3.303056 1.008796 11.533981 19.119444 1.368981 3.226111 -7.649815 5.779907 0.346204 -0.646481 -14.905370 -0.374167 1.377593 -1.605648 3.372130 6.212870 7.370648 -0.219167 6.437130 21.690370 5.752130 0.926852 22.183796 21.750833 0.370556 7.210185 4.777407 18.621667 2.950741 0.515000 10.354907 7.035833 1.520278 1.977130 -4.281019 -0.789074 -1.008889 0.696389 -7.497315 0.430741 4.247407 -0.713796 6.537315 -0.471574 6.732500 -0.249167 0.855185 -6.117407 -0.343889 -1.704630 26.567685 -2.810463 -0.278796 1.696389 1.764537 -8.315278 0.124907 -0.498426 9.170093 -10.109537 -1.707315 -0.624167 -0.346667 -6.500741 -1.781667 -1.266667 -3.142500 -2.405556 3.094907 -0.997222 1.707222 -7.379537 -4.590278 -0.357593 -0.926111 -12.197593 -3.017870 -2.491204 25.014907 -8.859630 -0.499074 -11.161759 4.073704 -3.365648 -0.776852 -0.945833 3.681296 -4.687778 -1.315185 -0.979074 3.658426 -4.130463 -1.943426 -1.093796 0.917500 -2.204444 -0.274537 -0.907593 -2.075000 -3.216667 -3.958611 -0.146944 -0.857407 -2.366944 -1.000648 -0.537593 7.811944 -1.882870 0.504352 -6.479167 0.834259 1.234167 -1.773519 -0.467500 1.584722 -4.124352 -4.841111 -0.585741 1.010648 -2.178056 -1.609074 -0.139815 -3.004537 -0.458796 -0.776111 -0.034259 -2.938796 -0.363611 -1.005370 0.042778 0.239167 -0.240926 0.317963 -0.039352 -0.162407 1.536944 -0.412315 -0.744259 1.607407 0.619537 -2.356574 -0.550000 1.292222 -1.846667 -2.555648 -0.127500 -0.018704 -1.514722 -0.405278 -0.838704 -9.820185 0.111296 -0.174167 -0.531019 -2.396667 -0.314815 -0.201759 -0.092870 2.473333 -1.309537 1.044352 -0.075556 -0.393519 0.850000 -2.376204 -0.143241 3.742500 13.263056 -2.237963 0.701481 2.942407 7.336111 -0.405556 2.314630 -0.174907 0.334444 0.921852 0.244167 -13.888426 -2.688611 -0.303426 0.089722 -2.251111 -1.684815 -2.280000 -0.445741 8.914074 -1.765093 -3.505556 -0.536759 -0.200833 -2.722963 -3.206759 -0.129074 
14.393210 67.452469 1.008796 8.819599 19.794290 25.952778 -0.162191 11.130556 -20.113272 -4.326698 -1.576080 1.975617 -29.115123 -3.414352 -0.081173 -2.311883 0.434414 6.416512 5.479475 -0.067130 4.548302 16.627160 3.138117 1.955247 12.746451 12.414352 0.525000 6.712654 6.267284 -5.195370 -0.180864 1.008333 23.516821 -5.369907 1.750463 4.174228 -2.756636 -6.347840 -0.805556 0.506944 -23.840586 -1.797531 0.385802 -1.907562 -0.166821 -6.322377 -2.149537 -0.259722 0.245062 -6.189506 -3.867593 -0.199691 22.230710 5.588735 -0.156636 6.082870 4.828549 -16.093981 -2.236883 -1.355401 11.517438 -7.222068 -0.323920 -0.258796 2.412963 -7.704321 -2.873148 -1.951852 -14.135648 -5.116667 -4.355401 -2.341667 -2.469444 -13.720216 -15.209722 -0.609568 -1.104630 -16.539198 -6.797068 -3.443364 31.264969 -4.187654 -0.766358 -12.097994 -1.672840 -8.571142 -3.899691 -1.363426 10.431173 -3.933333 -5.869136 -0.501543 13.057253 -3.496451 -3.161883 0.227623 3.227315 1.542593 -0.506327 -0.983642 -1.232407 -2.855556 -4.919907 -0.276389 1.021605 -3.961574 -0.779475 -1.079938 7.469907 -0.973920 2.552932 -10.922685 -4.634877 -4.720833 -5.179321 -0.595833 8.794907 -8.191821 -6.657407 -0.707099 5.142438 -6.252315 -1.423765 0.068210 -1.913735 1.932253 5.252778 0.325617 -3.565895 0.358796 -0.568827 0.115741 5.996759 -0.357716 2.221914 -0.050154 -7.590432 3.024537 0.125154 -1.335494 -3.517901 -8.750154 -8.497377 -0.787037 11.046296 -6.516667 -6.271142 -0.438426 -7.992901 -3.294907 1.150463 -1.378086 -18.992284 -0.041049 1.387500 -0.782562 -2.974074 0.009877 0.727932 -0.047994 9.351852 -0.072068 2.869599 -0.096296 -3.808951 0.944444 -7.551698 -0.182562 12.437500 6.829167 -3.979321 0.936420 16.321914 22.121296 0.896296 0.786728 -6.118673 1.531481 2.946914 -2.254167 -33.285031 -7.629167 -0.654475 -1.654167 1.479630 -0.673457 -0.709259 -0.755247 11.215432 -0.196142 2.312963 -0.684105 -3.936574 -3.343210 -4.167438 -0.164506 
112.047901 189.298642 11.533981 19.794290 1481.190710 409.047222 10.620525 170.679444 556.306605 186.313920 -45.290031 166.431049 -1853.152654 -267.523981 -80.573272 -147.782006 -297.156080 127.634043 74.357747 -28.628981 103.106698 296.063951 53.243549 49.144753 138.050772 125.052870 -2.192778 55.165123 56.773827 117.287593 -11.818025 -8.565000 652.503735 -154.350648 18.350093 32.051883 483.314969 -263.645494 -69.202222 90.986944 -992.531080 -15.536914 105.435309 -30.798549 -135.118179 180.407377 224.337870 -11.100833 65.734938 95.888395 -105.035741 123.955247 231.452068 42.346265 -23.753920 105.416574 124.862006 355.696759 -135.879228 5.123735 119.078673 -208.954043 -149.037747 20.737130 168.233704 -296.741235 -62.086852 29.618519 -356.553796 -46.622222 353.502623 -35.363889 -112.118333 -216.074784 -101.754167 -26.722654 4.333519 -328.164136 -165.495710 34.873920 306.973364 -135.332346 -17.172531 -77.114784 72.936173 226.165031 -161.766975 23.582870 -0.613395 -9.612222 -198.261975 4.353765 -24.518920 -246.731883 -58.755340 2.312932 -281.637870 -78.443704 175.753549 -31.504136 -210.317593 -92.466667 -142.811759 -17.803056 18.528395 -70.931204 -34.211080 -8.622284 69.369537 -74.412191 28.548735 -136.335648 -20.265123 151.193611 -114.440679 0.689722 -25.408796 -110.656512 -261.968148 -24.750679 29.254784 -356.462685 -96.977346 -46.518210 -655.481265 -95.435031 39.609444 -55.414506 -331.851327 3.067315 -29.937840 -12.516852 95.151574 12.525494 50.286975 3.419599 -117.435123 100.681574 -14.373488 -19.371173 -14.493210 163.666265 -212.229846 5.453704 58.983704 15.035556 -181.533858 15.142315 158.899568 -113.566759 -61.041019 13.488086 -857.453272 -34.404506 -33.286944 -53.153549 -332.173704 -5.004321 24.404846 -20.128117 170.235926 -30.542932 135.536512 -2.722593 -148.146605 43.177778 -96.935525 -0.341327 -174.786944 98.592500 -154.598457 37.899136 349.423642 349.878704 11.903704 112.008827 485.584784 127.406296 68.721975 50.372500 -891.578858 -240.444722 -54.469414 -93.150833 -292.278519 -29.889877 79.667037 -29.525864 307.116790 40.697809 170.148148 -3.939784 -126.436204 -88.824568 -28.647562 -0.588827 
93.711111 285.250000 19.119444 25.952778 409.047222 457.472222 17.491667 101.022222 -113.238889 391.730556 -9.763889 112.711111 -600.033333 -7.969444 -11.683333 -7.163889 -45.058333 79.719444 52.258333 -1.269444 60.819444 195.527778 36.158333 15.444444 140.741667 155.519444 1.694444 50.227778 51.488889 216.111111 31.422222 0.422222 187.225000 87.063889 25.875000 26.002778 33.186111 -38.994444 -31.511111 29.730556 -278.630556 11.616667 52.505556 -11.736111 -0.336111 36.247222 64.541667 -4.058333 21.133333 -30.805556 -30.955556 17.816667 219.719444 17.213889 -7.108333 36.630556 -15.291667 23.230556 -66.908333 -3.613889 65.386111 -121.419444 -66.525000 5.141667 -22.894444 -99.411111 -30.488889 4.777778 -125.163889 -19.200000 73.025000 -12.105556 -17.722222 -102.958333 -101.141667 -6.861111 1.033333 -166.355556 -49.036111 -1.413889 246.013889 -76.155556 0.394444 -107.441667 -20.266667 -76.552778 -95.172222 8.263889 24.816667 -47.661111 -74.383333 -3.894444 -19.741667 -81.302778 -37.869444 -6.486111 -55.102778 -31.661111 3.669444 -13.100000 -50.044444 -38.788889 -60.952778 -3.352778 15.572222 -28.163889 3.063889 -6.316667 72.497222 -18.852778 18.425000 -95.863889 42.188889 16.647222 -38.438889 -8.097222 8.930556 -66.997222 -96.827778 -7.822222 40.508333 -86.052778 -43.088889 -2.433333 -144.308333 -19.258333 8.855556 -7.788889 -88.258333 -4.086111 -6.022222 -2.972222 51.875000 -2.816667 31.677778 -0.652778 -25.955556 47.486111 -48.530556 -22.750000 98.533333 48.669444 -61.869444 -12.044444 42.711111 -18.300000 -47.241667 2.791667 24.083333 -38.969444 -18.669444 -8.144444 -243.438889 -6.850000 -3.486111 -13.336111 -79.716667 -6.550000 12.297222 -5.447222 90.494444 -26.202778 33.513889 -0.138889 -63.044444 16.144444 -104.358333 -2.719444 16.825000 187.702778 -46.800000 -10.155556 105.361111 142.533333 19.883333 26.416667 97.047222 41.000000 27.733333 -16.869444 -267.430556 -60.652778 -11.069444 -48.191667 -46.788889 -23.605556 18.438889 -15.716667 87.161111 -48.425000 -5.544444 -7.736111 -111.891667 -63.161111 -71.413889 -0.266667 
2.736420 5.927160 1.368981 -0.162191 10.620525 17.491667 7.104784 2.263889 -3.034877 24.634105 9.424228 11.309568 -35.533025 -0.880093 -0.331790 4.541512 -7.915895 -1.351698 0.385340 -0.621759 0.425772 2.454321 0.708179 0.002160 2.477623 3.157870 -0.091667 0.916975 1.312346 28.167593 5.677160 0.513889 4.485031 17.325463 7.032870 1.610957 -4.078549 4.223765 3.266667 3.409722 -16.590895 1.049383 0.743827 0.572377 -3.746142 -2.896142 -1.039352 -0.412500 -0.048765 -7.723457 -0.010185 1.042284 2.104475 -8.479475 -0.595216 -2.738426 -7.947068 15.055093 3.355401 -1.687191 2.275154 -3.903858 1.697994 -0.218981 0.570370 -1.336420 -0.110185 1.062963 -2.753241 1.244444 4.146142 -0.480556 0.091667 3.577623 4.120833 -0.299691 -0.606481 1.135494 -0.823302 4.756327 -6.885340 -10.569753 -2.024383 1.766512 -12.056790 -3.149228 -5.129938 -2.508796 -0.479321 -9.000000 0.383951 -2.205864 -4.759105 -7.444290 -2.991821 -0.557253 -7.388426 2.379630 7.941512 0.368827 -4.306481 1.505556 2.108796 0.020833 -0.679012 0.789352 -1.374228 2.759568 -4.619907 -2.463117 -4.162191 6.778241 -10.172531 -2.806944 -3.816975 -1.365278 -0.444907 -8.032253 -4.509259 -1.522531 -3.388735 -6.831019 -3.589198 -1.999691 -8.128858 -1.845216 0.836111 -0.773765 -8.252623 -0.825463 -1.234877 -0.271296 -0.924537 -0.484877 -1.803395 0.187191 1.260802 -0.385648 -1.239969 2.870679 -6.369136 -0.807253 -2.160031 -1.529630 -0.862963 -2.022222 1.011883 0.205093 6.233642 -0.827315 -1.278241 0.324383 -6.620679 -1.057099 -1.009722 -1.602623 -8.909259 -0.652469 -1.398302 -0.766821 0.064815 -1.142747 0.576698 -0.214815 -0.709568 0.105556 7.420216 -0.180401 -13.965278 -7.468056 -2.228086 -3.743827 2.007716 2.212037 1.109259 1.159568 21.483488 -0.981481 2.949383 1.909722 -9.968673 -3.848611 0.139660 -0.529167 -13.990741 -1.980247 -1.535185 -0.357716 2.386420 1.347994 10.075926 -0.614043 -10.385648 -5.075309 6.185957 -0.298457 
28.052222 91.584444 3.226111 11.130556 170.679444 101.022222 2.263889 57.765556 -30.373333 45.931667 -7.993889 59.023333 -250.117778 -20.832778 -7.626667 -8.532778 -25.643889 23.867222 16.226111 0.076111 15.827222 49.085556 9.792778 6.833333 34.530556 32.867222 0.376667 14.533333 7.357778 12.203333 2.201111 -0.995556 85.070556 4.768333 1.828333 11.659444 37.069444 -26.443333 -9.524444 16.271667 -128.310556 -2.284444 9.982222 -5.789444 -13.968333 2.868333 17.343889 -1.627222 0.713333 -17.190000 -10.753333 10.861111 51.855000 -5.153889 -2.299444 10.016111 -5.792778 19.486111 -21.249444 -4.153889 16.923889 -15.531667 -22.022778 9.700556 0.457778 -31.590000 -11.326667 4.433333 -59.411667 -5.355556 24.763889 -6.827778 -20.648889 -32.839444 -23.319444 -3.460000 -5.187778 -42.808889 -14.153889 2.647222 46.699444 -25.303333 0.800000 -12.285000 -29.270000 -0.761667 -28.811111 -1.069444 4.617778 -15.906667 -28.514444 -0.470000 -1.772778 -31.106111 -12.922778 -0.876111 -41.566111 5.060000 16.891667 -5.471111 -25.505556 -7.616667 -14.737222 -2.201667 1.727778 -8.109444 1.553889 -1.952222 6.872778 -5.819444 10.612778 -17.413889 -24.794444 6.211667 -14.353333 -3.706111 1.425000 -29.220556 -32.208889 -4.096667 11.713889 -48.476111 -13.490000 -7.138889 -79.250556 -6.658333 8.578889 -7.316667 -40.389444 -0.529444 -2.290000 -1.167778 18.931667 -0.515556 13.325556 -0.369444 -35.042222 11.833889 14.212778 -8.112222 -7.783333 17.016111 -27.138333 -0.805556 23.268889 -7.564444 -18.399444 2.465000 20.562222 -17.967222 -6.807222 -0.712222 -118.028889 -4.606667 -3.227222 -7.508333 -37.036667 0.050000 5.316111 -1.981667 37.565556 -1.009444 30.272778 0.475556 -53.472222 6.038889 -6.109444 -0.723889 -8.638333 21.671667 -20.461111 2.891111 67.356667 56.250000 7.022222 13.656667 78.966111 17.854444 9.657778 -3.853889 -129.447222 -34.012778 -8.146111 -17.438333 -15.598889 -2.652222 14.152222 -4.997778 42.898889 -7.770556 27.850000 -0.207222 -44.006111 -25.095556 -24.226111 0.207778 
-81.897160 -207.072346 -7.649815 -20.113272 556.306605 -113.238889 -3.034877 -30.373333 2528.823580 34.852654 7.190679 22.736914 -1266.211605 -377.823519 -133.762469 -230.602531 -1077.584012 -142.216728 -43.133765 -113.042407 10.192654 -18.450247 18.834136 5.804321 -41.678086 -42.225370 -4.090000 0.006173 -102.911975 -245.583704 -84.122346 -40.440000 200.771173 -301.361296 -52.819815 -53.532531 1386.392901 -294.245802 -10.057778 38.471667 -791.950679 -76.574568 -23.680123 -7.703025 -706.080062 212.139938 179.006852 -27.643889 17.660247 343.463086 6.648519 77.867901 13.138951 25.406605 -6.392654 65.025370 -41.078580 366.232407 -138.908086 -0.853272 -253.650802 -6.425494 -184.629568 -69.706852 458.042963 -192.990617 -151.558148 23.503704 -308.009815 81.700000 340.642284 -10.794444 -318.537778 155.363025 270.125000 -57.798272 -8.661852 -72.826790 -174.875494 47.657099 153.059321 -46.887284 3.029012 18.006358 63.783086 710.187099 -69.148765 48.471296 -311.635309 291.265556 -203.040988 13.990494 37.234012 -256.508580 -214.798086 13.401049 -343.823519 -50.047407 298.799691 -28.861235 -397.712963 -123.516667 -108.316852 -34.929444 -39.085802 -155.394630 -115.219568 -5.844198 -18.703148 -77.242901 54.263395 -36.293519 -15.956173 342.178333 -85.559506 28.793889 -109.945370 186.323272 -249.966296 -14.347284 332.844753 -239.157593 -186.712840 -9.082716 -621.938827 -153.323765 -30.554444 -46.619753 -626.986358 -9.460926 -59.254198 -16.515926 1.402037 15.448025 9.396543 4.202160 -99.937284 18.748704 54.841173 10.490247 -129.071605 256.054383 -150.933395 14.451852 49.798519 235.335556 -159.278457 12.194630 767.679506 1.569815 -84.066481 76.053210 -676.414691 -50.093086 -65.405000 -19.327469 -654.582963 -0.710494 6.427840 -28.823642 11.822963 6.535617 118.217840 -10.337407 -174.830247 43.100000 9.305988 1.551420 -118.855000 14.932778 -102.100617 35.903457 163.710988 164.924074 -45.981481 47.648025 1061.419198 180.058148 39.589877 140.468333 -583.620679 -237.718333 -96.741790 -44.066111 -796.113704 -10.929383 35.726296 -24.135432 -65.756049 122.905988 69.207407 -31.449198 -188.919074 -35.901728 -83.095864 -22.939136 
10.361358 0.955062 5.779907 -4.326698 186.313920 391.730556 24.634105 45.931667 34.852654 941.809228 0.394660 187.950432 -518.443642 276.482315 -50.174877 98.255154 -150.698549 26.776142 0.063549 18.398426 6.910895 40.060123 -2.987068 0.458951 1.850154 23.588796 -2.457222 -1.278086 17.746543 148.784630 31.732840 -6.857222 7.891636 83.553426 34.536019 -2.173179 24.056327 13.275123 -23.475556 13.782500 -95.323549 16.618395 2.379506 9.575401 -38.277191 21.152809 12.648241 -1.251944 2.296543 -25.808765 -28.569815 -11.264506 62.637747 25.180586 -1.597006 -70.197130 -8.546265 22.072685 -62.125401 5.382747 -6.090710 -142.106142 -72.594660 7.221204 -94.105926 -62.368025 -39.990926 6.875926 -29.126759 52.694444 -12.557253 13.397222 15.196111 20.231265 -71.826389 -3.795864 6.260926 -23.998827 -16.181142 5.488117 57.705340 28.423086 7.152160 -100.900957 66.287901 -59.369660 -88.886728 18.708796 -2.166235 -19.604444 -63.097284 10.931420 -150.776451 -17.046821 -63.088179 5.663920 -19.120463 -15.617407 -85.358179 3.807840 -14.187963 -1.933333 -49.741019 2.578056 8.629012 16.706204 21.989784 1.103765 56.766574 -3.397994 -19.542253 -46.017130 177.705864 49.575833 -22.190802 -0.020278 -14.466204 0.566698 -92.431852 -0.353025 19.099846 -8.373426 -64.204136 19.710802 16.898858 -8.771451 -33.337222 21.145988 -41.905154 3.835463 11.269321 -0.744259 0.884537 0.511543 11.566728 0.751698 82.425864 37.921204 -101.464475 -9.364012 204.852469 112.577253 -25.809969 -1.564815 -22.650370 7.908889 -41.204105 5.460463 -35.890309 -17.380463 -31.767315 5.487840 38.071790 -0.514012 -1.532500 10.458179 -22.770741 1.319136 4.757191 -2.287623 14.214074 -10.111698 -16.324475 4.422593 -15.390432 50.488889 -72.630216 5.540401 69.845278 268.426944 16.561420 -14.497284 -56.036605 20.437963 28.757407 -10.049568 -91.091265 49.315926 -4.084938 -5.003056 31.446451 70.536389 10.081451 -24.868611 -37.815926 -10.056420 -0.655926 -11.716728 8.398025 -35.563549 8.857407 -13.814846 -123.122130 -37.906914 -51.123735 1.790679 
-5.286914 -5.470617 0.346204 -1.576080 -45.290031 -9.763889 9.424228 -7.993889 7.190679 0.394660 63.233673 -8.893765 -15.524136 -7.381759 39.098210 -9.821265 -30.650895 -8.370031 -4.470772 -5.077870 -5.983673 -8.535679 -3.109043 -2.864506 -6.180710 -5.860463 -0.566111 -3.333025 -0.922099 32.340926 6.207160 0.778333 -7.726636 36.576019 9.686759 -1.750710 31.090895 15.631543 25.912222 -4.144167 -52.087006 2.386049 10.308272 -4.170401 -32.563364 0.015525 -8.498796 -1.608611 -4.460988 -18.392346 -7.300185 1.653395 -23.843858 -37.128920 -1.680216 -12.497870 -10.413179 45.830093 5.598179 -3.586636 -16.063179 22.574475 1.982994 -6.031759 9.191481 1.972469 3.003148 1.629630 -18.979352 10.677778 17.126698 -2.075000 -15.767222 26.590401 13.851389 -2.180802 0.651296 26.212160 -7.400525 14.397994 -60.767006 -20.943086 -5.163272 12.993735 -8.730123 -24.419784 -16.285494 -2.417130 -5.527099 -14.691111 -3.433827 -3.573642 -6.890772 -16.425957 -10.095710 3.548858 -29.695648 10.277407 32.516512 0.715494 -21.339815 14.000000 7.937130 -1.385278 0.693210 12.667685 -6.569228 13.244012 -35.682685 -4.404784 -14.456080 35.175463 -14.905864 -17.075278 -8.240309 -0.902500 7.968981 -9.748364 -9.143704 -1.160309 15.375154 -11.863796 -12.430309 2.639198 -32.216080 -6.375772 1.055000 -1.957099 -35.156512 -2.759352 -6.087099 -1.451296 -8.147315 -2.210432 -5.557840 1.095525 -12.579198 -11.448426 15.199475 16.646235 -13.008025 16.783302 -1.572809 -5.335185 -2.914074 9.498889 -1.712006 1.315648 44.235864 -0.570093 -6.556574 11.527716 -21.006235 -2.398210 -6.728056 4.044599 -33.943704 -1.158025 -3.696636 -2.382932 -10.276296 0.646698 8.408364 -0.341481 -35.698457 -3.300000 53.365216 -1.442068 -58.294722 -23.427500 -8.250309 -7.811605 -27.028951 -9.160185 -9.007407 -3.760432 40.390710 -13.072593 -1.068395 7.949167 -34.538117 -18.443611 -3.383117 6.769167 -44.844074 -2.429136 -3.075185 -0.047716 -10.910247 15.048549 48.314815 0.518735 -60.900648 -20.488642 17.219846 -1.299568 
0.203951 5.103210 -0.646481 1.975617 166.431049 112.711111 11.309568 59.023333 22.736914 187.950432 -8.893765 272.856914 -514.164938 -30.669074 -36.275802 145.396358 -145.190679 0.732160 -1.535988 3.066481 -7.900679 -3.376914 -0.334753 1.682099 -7.200309 -7.659815 -0.854444 -3.654938 -22.383086 12.576296 -10.824568 13.151111 9.602284 7.979815 -6.187593 8.265247 45.726235 -15.686914 -3.703333 40.800556 -133.279568 -3.439012 0.772099 25.109198 -67.448951 -4.102284 13.885741 1.921667 -11.455309 -30.151358 0.177407 20.917901 -9.037716 -15.263395 -1.721543 -5.334630 -55.343025 91.549074 -45.175864 16.293395 -61.631914 29.571173 -30.817346 21.569815 -48.267037 14.922716 0.306296 15.787037 -55.914259 -12.827778 18.275617 0.655556 -23.345556 -37.135864 13.080556 -3.356049 2.269259 -39.970123 1.387840 17.668210 -36.545123 -30.258395 -1.254321 13.931914 -67.732469 -27.117346 -39.048765 3.237963 -73.087531 -10.221111 -16.412099 7.591605 -54.114877 -30.096358 -13.774753 1.481049 -70.269074 12.332593 21.038580 -2.663457 -21.268519 1.894444 8.824259 -3.815000 12.458642 -0.492407 5.678210 -0.761975 -22.537593 -1.926235 6.454506 -11.415741 -51.317284 17.260556 -8.925062 -0.610556 -28.628704 -38.085617 -20.959630 -7.403951 -13.521914 -56.310926 -16.443951 -7.327160 -80.437716 -10.473765 8.904444 -8.869753 -52.501914 4.447963 2.786914 -4.474815 19.710926 3.756914 18.828765 -0.036728 -44.591728 16.842037 32.265617 -3.846420 -63.304938 25.499938 -19.090062 4.862963 0.094074 3.103333 2.225988 1.964630 49.410617 -13.823519 -3.740926 6.616543 -70.701358 -9.168642 -5.556111 -5.760802 -54.648519 -1.560494 6.267840 -6.910309 40.414074 1.643395 38.066728 1.383704 -76.302469 18.111111 13.113765 5.760309 -46.939444 -14.666111 -14.095062 9.643457 33.353210 21.229630 21.301852 4.345802 134.470309 2.988148 13.629877 15.953889 -73.504012 -20.576111 -6.327346 -6.506111 -64.171481 0.391728 43.077407 -6.878765 14.162840 -10.225123 58.824074 -1.129198 -77.690185 -22.988395 -32.610309 0.639753 
-108.704568 -277.518642 -14.905370 -29.115123 -1853.152654 -600.033333 -35.533025 -250.117778 -1266.211605 -518.443642 -15.524136 -514.164938 3349.053210 333.726481 104.700494 0.523395 700.586358 -126.759321 -78.348580 8.474259 -136.664753 -275.731728 -64.456605 -51.769753 -159.391049 -116.053148 5.865556 -48.301235 -17.574938 -149.861481 32.203580 1.026667 -765.830679 189.299815 -26.347593 -28.023272 -980.021914 363.117160 55.958889 -160.189444 1664.208580 26.601358 -105.854198 4.109938 345.871790 -197.491543 -246.137593 12.150556 -68.819383 -93.490617 167.998519 -162.385802 -231.040679 25.786235 32.003642 -59.396852 -69.137840 -580.350926 271.601173 -35.605123 37.478827 252.333765 268.563025 -11.717963 -261.151481 364.750123 110.252963 -62.624074 664.667963 26.966667 -478.715123 30.322222 215.206667 223.416728 91.430556 44.860988 -13.095185 374.643580 237.044877 -87.144753 -234.664753 196.614568 25.036420 79.832284 -10.620617 -344.781420 273.719753 -49.117593 222.918395 -46.456667 303.266420 -10.196543 104.552531 349.037716 157.138951 -12.885988 576.548704 51.791481 -323.102160 48.425802 352.064815 123.133333 163.016481 36.065000 -32.845062 97.488704 47.111914 -7.607160 45.035741 83.788580 -32.355123 89.128704 94.856790 -264.966111 166.825679 -7.233889 161.115741 160.680679 433.678148 46.671235 -118.625617 547.286852 210.305679 63.254321 1065.687099 145.050309 -52.060000 83.189506 574.626605 -4.505370 49.543951 26.472963 -117.697963 -15.303827 -65.305309 -5.395988 113.542346 -138.412407 22.417099 -6.233827 200.376543 -326.965988 302.724012 -15.925926 -40.273704 -105.831111 256.803025 -32.010926 -482.216790 145.286481 99.733519 -45.470864 1287.164938 61.988395 63.045000 80.535494 591.933704 18.859877 -31.724012 45.863395 -204.588148 56.639321 -186.461790 1.779259 207.910494 -81.894444 66.215247 -14.496728 391.161667 -151.083889 238.840123 -37.911358 -440.440864 -466.459259 -4.375926 -137.803827 -1054.640062 -196.030741 -95.889753 -139.615000 1296.216358 327.865000 104.845247 104.845000 616.691852 35.996543 -119.612593 51.905309 -242.824568 -85.529198 -242.837037 1.465617 266.286481 93.755679 30.191173 -3.370617 
-7.536296 -26.344074 -0.374167 -3.414352 -267.523981 -7.969444 -0.880093 -20.832778 -377.823519 276.482315 -7.381759 -30.669074 333.726481 360.060833 5.679074 60.825648 183.658981 53.357130 3.674907 49.036944 -4.101574 -23.182593 -10.856574 -1.510185 -22.667130 -19.614167 -1.021667 -4.943519 31.158148 36.498333 19.472593 3.661667 -103.670463 58.757500 7.083056 -2.776019 -275.402315 76.301296 -4.793333 -27.783056 220.828426 23.651481 -14.881852 11.288241 160.980463 -51.657315 -51.308056 10.969167 3.430370 -66.117037 -14.537222 -33.545370 -7.182130 2.281574 2.032130 -73.666389 31.245463 -175.279167 18.006204 3.680648 42.195463 -64.091574 10.192870 3.538611 -115.545556 32.932963 5.088333 -16.622222 78.294722 7.800000 -134.039352 13.575000 91.771667 -19.496019 -86.420833 12.180926 10.982778 23.522037 39.422315 -18.281019 -50.357130 33.939630 4.532407 -63.231574 47.695185 -164.643241 18.137963 -2.470833 55.130926 -63.646667 17.439630 1.147963 -68.628426 76.204907 4.595648 -4.329537 80.313611 -5.068889 -144.997685 7.286481 101.413889 24.266667 12.374167 10.731389 8.174074 47.399167 46.918426 0.157593 -17.564167 24.088426 -29.522130 10.290278 95.726852 -52.953056 15.559074 0.664167 19.604167 0.623241 12.632222 10.233519 -69.888426 81.471389 15.630185 15.867593 156.545648 36.886574 -13.778333 30.017593 170.385463 8.475833 30.932037 10.256111 -11.182500 -0.885741 -2.436852 -0.060648 50.664630 4.627500 -56.172130 8.193148 52.653704 -17.561759 21.204352 9.783333 -13.523333 -22.406667 21.070093 3.561944 -186.452407 11.866944 22.217500 -9.112407 211.041296 14.593148 16.699722 18.097685 198.104444 7.725926 -0.684907 13.102870 -26.196667 12.586204 -52.691019 7.106667 50.099074 19.955556 -9.113796 10.366574 29.299722 56.733611 29.054630 3.489630 -75.341296 -58.636111 16.577778 -25.152407 -351.661759 -8.324444 -19.419630 -8.639722 201.805093 126.406389 29.043426 32.335833 253.935556 24.021481 -31.334444 8.703519 -38.642963 -28.008241 -61.822222 3.660093 5.247500 24.394074 -26.655463 7.886852 
2.002716 6.933457 1.377593 -0.081173 -80.573272 -11.683333 -0.331790 -7.626667 -133.762469 -50.174877 39.098210 -36.275802 104.700494 5.679074 81.879136 -18.325247 49.178457 15.905617 18.361543 -1.957593 1.068457 13.600247 0.749198 1.490123 7.133642 7.380926 -0.343333 6.016049 15.478642 31.339259 6.950123 1.656667 -13.610062 53.827963 -4.785741 5.165864 -26.181790 24.845802 20.680000 -5.560556 25.811790 2.396790 28.485679 -9.996975 -0.186605 -14.423272 -6.812407 -2.645000 -5.649136 -31.957531 -9.570741 -10.117901 -2.983395 -18.784383 -1.596235 -6.869815 -4.999198 -51.849074 -6.714136 -2.341173 20.573025 23.731049 -1.814877 -1.465370 -22.259630 23.696173 13.797037 -1.864815 7.487593 4.400000 5.007716 -2.133333 -10.134444 -0.307469 1.002778 -1.957284 -6.132593 34.271235 9.042160 -12.040432 -21.075988 21.437284 -1.201235 2.932531 -14.455309 -84.737099 -17.456790 -5.910185 17.268642 -10.348889 8.302099 -2.646049 2.154877 6.391914 2.792531 0.210062 -5.443148 3.964074 14.050309 0.016790 -10.770370 13.772222 22.705741 0.235000 -3.353086 13.833519 4.236235 1.438642 9.697593 4.442901 -5.513395 7.182407 12.778395 -26.806111 10.981728 -2.955000 9.956481 1.093395 5.466296 0.963951 12.866358 13.929815 -5.398272 6.877160 -1.894506 -5.398457 3.704444 1.891975 -12.885864 -2.244630 1.687531 1.149259 -7.829815 -2.864691 -1.029877 -0.091049 -13.907160 -2.259815 33.525494 -0.134691 38.604938 24.034506 22.666728 -4.107407 3.962593 8.131111 4.239568 2.083148 10.837160 1.630185 -5.939074 8.091235 11.698025 -0.762469 -4.739444 7.333025 -4.217037 -2.228395 -1.816728 0.584753 -2.578519 -5.968951 14.904383 0.370741 -48.503086 -8.727778 52.016235 -1.345864 7.332778 47.517222 5.233951 -4.253457 -31.410988 -23.601852 -8.946296 -6.209136 -18.519198 -22.447037 -10.328765 -2.029444 25.776235 -11.531667 -4.008210 3.788333 4.747037 -3.620617 2.401481 -1.897901 19.294938 -10.089321 40.864815 -1.823025 -52.253148 -30.987160 -11.898580 -0.649753 
-10.706049 -35.960123 -1.605648 -2.311883 -147.782006 -7.163889 4.541512 -8.532778 -230.602531 98.255154 -9.821265 145.396358 0.523395 60.825648 -18.325247 220.852191 13.392932 8.182438 -6.536821 36.668426 -14.073179 -21.286914 -7.391142 0.568210 -23.673920 -20.312315 -0.466111 -3.829938 1.845802 10.883519 0.784321 22.478333 -89.912438 25.633426 8.857130 2.850525 -204.097377 56.580309 11.901111 4.944722 124.629043 13.574321 -5.925679 34.872809 61.544660 -21.770895 -17.206204 11.241389 -9.831975 -44.260247 7.297963 3.881790 -34.374105 -25.548673 2.881512 -4.896019 -9.731080 -22.716204 0.032747 25.266451 -24.981080 8.638673 32.643488 14.981204 -114.360370 63.680494 36.956852 0.303704 37.702130 -16.955556 -67.514660 8.575000 44.666111 -35.391698 -26.687500 8.372284 8.292037 -6.282901 24.630340 2.669599 -59.850957 -18.207284 -3.412654 18.472747 0.679753 -89.037068 23.687346 2.264352 -36.753642 -29.541111 45.405679 4.162160 -42.712377 57.972809 33.377747 1.384660 37.922870 6.179259 -65.521142 4.431543 81.489815 9.205556 9.933426 2.809167 14.391975 16.002870 17.257932 -1.215864 -17.278981 -1.610957 -13.580772 14.316204 7.907716 -24.814167 25.612160 2.641944 -16.360648 -27.979228 46.502593 0.047716 -58.387191 38.239907 25.516605 0.286728 135.348117 21.613735 -7.733889 9.283025 106.753364 7.299907 9.758580 -0.103148 -2.339907 2.463025 1.308210 -0.202006 17.567716 -5.263241 -7.575216 3.664136 -40.243827 -37.736451 32.218549 6.224074 -19.804815 -31.084444 28.948488 -3.125093 -103.277716 -3.990463 9.630463 -10.945123 171.798086 3.091914 11.749722 1.882253 102.658148 -1.221605 -0.360216 0.057191 -14.955926 2.899784 -20.160772 2.715926 20.611420 -4.900000 1.231265 5.173364 -14.972500 -47.766389 24.363272 7.377901 -39.701790 -63.023148 4.540741 -9.648086 -158.927191 -36.720741 -6.724568 6.715833 131.466821 63.895278 17.782932 33.358056 89.526296 6.318395 0.672963 4.886235 -45.829383 -10.835401 -31.164815 3.419969 16.806759 30.841605 -1.034475 3.404753 
6.506914 19.469506 3.372130 0.434414 -297.156080 -45.058333 -7.915895 -25.643889 -1077.584012 -150.698549 -30.650895 -145.190679 700.586358 183.658981 49.178457 13.392932 765.311451 96.352809 42.322438 58.301759 40.539784 35.855679 9.516265 7.053395 52.244599 38.082130 1.189444 18.749691 28.880988 63.322407 47.975062 11.350556 -74.438364 85.483426 21.773796 14.180154 -591.265895 108.295123 -22.815556 -35.199722 397.025340 35.537284 -8.807160 -15.290154 495.398364 -113.267191 -63.422870 13.252500 11.275432 -160.517654 -16.657593 -44.753395 52.588858 -8.350525 2.590772 -28.473796 81.572623 -172.382870 109.584599 3.196080 157.394846 -64.465031 71.245340 23.558981 -187.471481 67.395309 45.384630 -20.090741 170.768796 -45.833333 -163.012809 1.425000 213.166111 -83.400957 -150.770833 34.301914 2.980926 36.296728 75.771080 -31.495216 -21.443549 37.424198 7.868827 -40.636512 60.561235 -220.596327 68.224383 -10.668981 179.803765 -118.985556 76.264938 -7.439691 -34.547562 135.615401 98.340710 -18.622747 167.183981 5.807037 -155.197068 10.666728 222.328704 43.377778 34.350093 18.348056 14.779012 64.397315 50.065340 2.258210 7.493241 63.152006 -16.728920 19.121759 44.855864 -165.475278 24.760309 -11.030278 51.194907 -74.731080 91.747037 8.584753 -152.661265 109.673241 86.781420 -5.633642 302.211080 72.111883 1.088333 21.684877 371.334846 0.099907 18.254877 11.330185 -4.034352 -10.968457 -18.139938 -1.931636 140.510309 -18.852130 -104.317809 -3.184012 82.646914 -167.982747 49.988920 -7.920370 1.261852 -96.067778 73.383673 -5.202870 -338.881420 16.709537 47.974907 -42.759938 329.596235 30.582654 33.694167 -0.080710 373.152593 -6.480864 -3.647253 14.797932 -30.544815 -28.959475 -104.953364 1.882593 255.181790 -36.766667 -85.961327 0.554846 116.477500 25.478056 50.155864 -16.001728 -85.988827 -86.156481 16.546296 -20.029568 -522.729043 -64.037407 -23.711605 -62.634167 305.218673 144.373056 51.812562 22.280278 427.142963 -0.768642 -30.132593 9.984383 12.583580 -81.605772 -121.098148 17.755154 294.012315 74.361975 112.250710 17.930679 
41.539012 47.310864 6.212870 6.416512 127.634043 79.719444 -1.351698 23.867222 -142.216728 26.776142 -8.370031 0.732160 -126.759321 53.357130 15.905617 8.182438 96.352809 140.959599 68.419969 18.783241 65.870031 216.977284 34.589105 36.711420 84.545216 101.461759 -0.543889 63.015123 46.314938 30.613148 1.044198 7.683889 98.488179 -5.018426 -8.579907 11.458549 -46.546142 -19.044383 -5.815556 -6.644167 -88.988858 26.339753 82.017531 -9.901883 98.088488 69.756265 122.640093 2.674722 39.759383 23.653951 -21.322407 39.705247 182.859846 11.722932 -5.233920 98.318796 61.188673 1.085648 -13.581451 16.239290 64.927562 -59.744043 -26.113302 11.440463 -46.608519 -18.742346 8.675370 -9.675926 -70.901574 -29.422222 61.630401 -16.308333 15.571667 -157.405895 -96.354167 -2.321543 6.062407 -202.934136 -40.524599 -21.553858 248.308920 -102.185679 0.588580 -67.469228 60.549506 -1.154969 -12.211420 15.693981 30.804383 -49.280000 -19.370864 -0.882901 -29.200031 -16.879660 6.519105 -6.510401 -7.173426 -62.694815 -61.174228 -12.814136 0.415741 -63.533333 -69.857315 -2.224167 12.156173 -36.265648 7.084475 -14.280062 76.417315 -27.073302 20.442068 -101.491204 56.445988 -33.419722 -8.810679 -3.802500 27.791204 -63.685401 -43.165926 -6.597346 23.382562 -63.102685 -24.511790 -3.162654 -38.212377 -17.368364 -16.511667 -0.375617 12.789784 -1.987130 -2.477840 0.287593 43.858241 -2.540062 28.223642 -0.913735 -68.205123 27.907130 10.014290 -22.050062 56.784568 -42.881512 -27.948735 -1.424074 50.630370 -40.228889 -23.597191 3.576759 -17.482654 -31.464537 -6.312130 -1.440802 -84.343272 -0.683395 0.205278 -1.192438 23.128519 0.290123 10.684846 0.059660 75.918148 -6.294043 43.545401 1.975185 -58.429938 1.000000 -51.503302 0.109784 39.249722 30.483611 -11.915123 21.968025 66.630309 14.950926 6.575926 13.893272 -84.412994 -1.317037 1.524198 4.615833 -136.584414 -6.799167 -2.146080 10.052500 79.255926 1.513457 19.185926 0.981914 114.376790 -27.447747 12.559259 4.327994 -29.095093 -15.709012 -67.793117 3.091173 
26.234198 56.903827 7.370648 5.479475 74.357747 52.258333 0.385340 16.226111 -43.133765 0.063549 -4.470772 -1.535988 -78.348580 3.674907 18.361543 -6.536821 42.322438 68.419969 62.775895 2.174352 58.442994 163.568765 41.598735 27.363272 94.585957 108.157315 1.420556 60.133642 25.432346 4.042037 2.537160 2.781667 67.408920 4.729352 -4.345463 9.857068 -1.614660 -12.644012 -2.436667 2.410278 -41.441451 3.561605 45.422716 -7.243735 54.505525 2.079969 90.916759 -1.168611 24.632346 -29.944568 7.159815 12.025617 176.138364 -12.797809 -2.862438 70.151019 31.423488 -40.369907 -0.378488 0.544475 50.423488 -37.549969 -7.668117 5.552685 -14.604074 -9.446420 3.499815 -3.348148 -9.719352 -22.955556 40.754475 -8.591667 19.301667 -101.099599 -35.081944 -3.250802 -0.524259 -137.605617 -27.747191 -23.924228 195.442994 -82.666420 1.764506 -63.909599 41.857654 0.106883 -0.741049 -1.000463 32.558457 -32.465556 -2.046049 -0.530309 16.435895 -18.321512 4.614290 -1.970031 10.794352 -32.491481 -10.683488 -6.043395 -8.784259 -34.922222 -32.748426 -1.455278 0.959877 -20.567870 -0.933673 -8.571543 56.079537 -15.615895 19.880586 -64.696759 37.310802 -18.001944 -3.691420 -3.692500 26.480093 -31.722809 -20.878148 -2.642531 17.158488 -29.304907 -10.288086 -0.738580 -25.339414 -11.714660 -3.420556 -0.501543 -17.018735 -2.051574 -2.644877 -0.036852 19.810463 -1.902654 14.304383 -0.510031 -41.430309 9.663796 21.697253 -12.317099 38.069753 -25.790031 -10.199475 -2.679630 39.123704 -18.168889 -11.705340 0.434537 1.454753 -13.782315 -3.632130 1.147716 -55.397346 -1.711543 -2.032500 -0.733179 -10.472593 -1.791358 3.774475 -0.662932 38.588148 -7.338858 27.731698 0.154074 -38.881790 -6.033333 -17.125895 -0.656512 44.889722 42.993611 -5.644753 10.803951 33.406605 15.200926 4.931481 10.175123 -9.532623 -3.541481 -1.597284 0.274722 -64.493673 -15.285833 -2.369784 -1.890833 1.402593 -12.422469 10.929259 -3.732160 69.781975 -28.037006 11.709259 -3.629043 -11.057315 -22.340864 -36.837932 -0.795123 
