237.067747 195.783796 41.283179 8.760957 124.902006 328.945216 28.290741 11.236420 2.900000 285.184722 -75.445370 19.460648 -22.266667 112.981944 -72.168981 19.429321 -10.884722 -12.593827 -26.377469 -0.423611 -16.767130 -39.446914 -1.612191 -59.415123 -13.159877 -14.808642 -0.167284 -28.639815 274.771605 99.386728 29.114660 3.369599 59.623920 -15.897377 -100.684259 3.359568 21.215432 -37.680864 -139.179167 8.979475 -6.095370 -5.007562 -41.385648 8.669444 -76.472531 36.654321 -20.268056 2.335031 30.630401 51.894907 -0.610185 -26.429321 -37.674691 9.636574 -0.646605 -59.689969 260.901543 -1.585031 -83.453704 6.360340 -6.281636 -69.913735 -135.020062 1.820988 49.737191 -37.753241 -67.729475 1.798920 4.737809 -5.930864 -50.838272 4.049846 -81.490586 21.216358 -23.599074 1.821759 26.425926 27.317747 -1.953241 4.503086 -44.716204 33.871296 -2.734722 -22.381481 48.466821 -4.666358 -95.032407 28.329475 29.470525 23.861111 -40.265895 15.588889 48.088426 21.230556 -38.858179 5.291049 3.939043 12.122377 -58.304784 8.738735 -23.393981 0.650617 -16.256173 1.900463 20.705556 9.427623 -3.516204 5.685802 -18.011574 15.109722 -20.876080 7.297377 -140.357562 -5.611265 -38.666975 7.941667 50.196759 99.380710 -33.013735 26.022377 9.751235 71.714352 -66.543827 3.858179 24.274228 6.799074 -43.275926 -0.039969 2.185031 -0.366975 -8.294444 0.001698 0.738426 19.215895 -12.251543 1.502469 31.618981 7.002315 -39.127006 9.437500 -118.339969 -64.792130 -11.396914 -54.445062 26.802623 0.334414 -50.893364 -3.177006 -24.107253 51.948611 -69.711574 5.910957 13.541204 6.734722 -14.290123 -0.030864 -5.543981 3.760185 -9.547994 0.000000 6.510802 21.006790 -38.685802 6.749383 65.083179 18.162037 -44.590278 9.281790 -54.418210 -54.503858 -6.197840 -30.113117 -30.053395 -53.862963 -36.459722 -6.260648 -9.962963 14.804784 -31.102623 -0.578395 20.133796 18.455710 -2.758796 -0.245216 -11.952932 2.278086 -24.988426 1.097531 -44.733796 35.772994 -41.745216 5.621142 66.122685 88.243827 -14.265895 5.565741 
195.783796 224.776389 45.368981 9.057870 100.992130 342.560648 25.227778 11.637037 15.822222 260.601389 -77.063889 23.006944 -14.055556 99.643056 -57.709722 11.976852 -37.173611 55.562963 -24.643519 -9.451389 5.779167 28.181481 -2.750463 -39.567593 15.370370 31.457407 -0.307407 -8.819444 288.142593 147.565741 50.524537 3.483796 24.074537 33.627315 -105.680556 3.606481 30.535185 -28.453704 -150.201389 13.807870 18.325000 -27.125463 -42.859722 9.536111 -104.745370 10.868519 -23.773611 -6.069907 5.993981 35.765278 -2.836111 -39.587963 26.125926 37.095833 -1.067593 -38.200463 306.554630 10.708796 -87.194444 16.528241 -31.436574 -72.316204 -153.032407 1.868519 67.114352 -39.995833 -72.963426 2.977315 16.521759 -12.448148 -58.370370 7.885648 -102.624537 8.382407 -29.680556 -0.159722 4.144444 13.783796 -2.401389 -13.251852 22.893056 15.175000 -2.018056 -34.822222 53.697685 -1.760185 -109.619444 56.585648 11.397685 27.994444 -45.106019 20.561111 55.601389 17.047222 -42.588426 6.017593 16.392130 3.225463 -71.956019 9.307870 -30.606944 -1.048148 -21.507407 2.059722 20.716667 2.974537 -3.523611 0.657407 10.640278 0.809722 -14.492130 -14.716204 -185.108796 -15.758796 -41.700926 15.180556 35.020833 107.811574 -27.232870 45.553241 -9.246296 90.706944 -66.831481 8.038426 19.347685 9.897222 -44.055556 0.138426 2.241204 -0.523148 -9.972222 -0.003241 8.312500 19.089352 -9.243519 0.807407 19.898611 4.059722 -30.972685 1.448611 -158.078241 -87.640278 -12.096296 -63.807407 16.466204 -17.038426 -53.921759 -0.739352 -39.468981 55.359722 -77.154167 10.118981 0.420833 10.240278 -18.181481 0.196296 -1.245833 4.930556 -2.930093 0.000000 3.093519 25.914815 -17.629630 6.948148 21.752315 23.963889 -35.023611 7.345370 -73.237963 -71.531019 -7.076852 -38.603241 -40.299074 -83.888889 -42.237500 -9.701389 -18.977778 -0.405093 -40.110648 -0.107407 23.609722 33.547685 -0.723611 0.017130 8.832870 48.134259 0.431944 -0.124074 -46.881944 63.377315 -24.243981 3.977315 -7.006944 100.392593 -19.011574 5.075000 
41.283179 45.368981 25.678117 -0.207438 40.752253 118.930525 37.062593 -0.357901 2.628889 138.552500 -10.672407 5.286574 -10.785556 77.436389 -34.031574 9.247716 -7.920278 12.250864 -17.682901 10.363056 -7.674537 -13.286790 -1.323179 -3.668951 -12.177160 -1.989877 -0.149753 -8.450185 113.238025 56.844753 48.912191 -0.079784 0.580710 7.292006 -11.433519 0.054506 8.488272 -15.696543 -58.491389 6.329599 31.736481 -14.921142 -25.809352 7.151667 -23.502654 -2.038395 -11.670278 2.006265 -1.110216 10.454537 -1.343148 -2.725494 -8.952346 10.081759 -0.506358 -7.307623 154.737716 -0.088488 -17.367407 4.573920 -13.279290 -39.516451 -61.549198 0.250494 23.317068 -22.296204 -33.340710 -0.797623 22.082377 -7.769877 -17.894691 1.017006 -26.771821 3.967346 -9.490926 0.775463 4.886296 5.540957 -1.061759 -1.460123 -4.923241 11.722037 -1.346944 -5.801852 58.844105 -14.708457 -50.080926 23.812932 -12.814043 -3.763333 -25.978364 7.473333 20.328796 1.451667 -14.555340 -0.416975 16.737438 0.587438 -15.691698 0.010340 -11.347685 -0.516914 -6.457531 0.773426 7.364444 2.529228 -1.002130 1.713457 -2.710093 3.859722 -3.389290 -0.065340 -89.005586 3.491451 -22.765988 31.545000 -19.505093 47.503549 -15.540895 26.437438 -2.993827 39.127315 -16.149136 3.186451 10.723364 4.936481 -11.221852 0.080154 -4.614846 -0.217099 -2.534444 -0.004846 3.814352 3.250586 -1.514383 0.353457 -2.726204 3.159352 -3.789475 1.844167 -108.272068 -34.111759 -6.497901 -9.577531 -27.421327 21.118735 -22.075710 12.604969 -27.597377 41.053056 -21.677870 4.641451 -13.121759 5.565833 -3.701728 0.139012 -0.694352 2.343148 0.825586 0.000000 -1.450432 6.685062 0.662099 -0.188642 -7.220772 11.291296 0.144167 0.922284 -63.329938 -65.440401 -3.222531 -27.610031 -24.590309 -66.277037 -19.471944 -8.959907 -28.353704 -18.770525 -22.305340 0.400247 -9.777685 5.624105 -1.232870 -0.012747 11.442006 15.763765 8.735648 0.094321 -0.826759 25.592747 14.226142 0.325710 -17.093241 8.110247 4.673858 -0.487963 
8.760957 9.057870 -0.207438 0.933673 2.090031 6.627191 -1.121852 1.216543 1.415556 -0.155278 -2.125741 1.269907 0.274444 -2.733611 0.008426 -0.193395 -1.838056 1.277531 0.747099 -1.404722 0.908796 1.173210 -0.065401 -0.410062 1.283951 0.242346 -0.006420 0.690926 1.539136 -0.333025 -1.165586 0.359105 2.469599 -1.687994 -3.064630 0.352284 -1.789506 -2.400988 -2.589167 -0.101512 -3.151296 -0.515586 0.875093 -0.368333 -3.000432 0.998272 0.184167 -0.433735 1.042006 0.838981 -0.069815 -0.962160 0.566543 0.528426 -0.015247 -0.542068 -1.377840 0.404846 -1.858519 -0.026080 -0.231512 -0.854228 -2.151420 0.131605 -1.328488 -0.730648 -1.126265 0.281265 -2.304290 -0.494321 -1.221358 0.081451 -2.917377 -0.198210 -0.633148 -0.102315 0.428519 -0.035710 -0.037315 -0.314568 1.055648 -0.897963 -0.061389 -1.035185 -3.187006 1.555988 -0.748704 -0.390401 2.730401 1.863333 0.069414 0.187778 0.027685 0.137222 -1.432006 0.621914 -1.569228 -0.413673 -2.183920 0.832562 -0.475463 -0.065802 -0.454198 -0.013241 1.068889 -0.164105 -0.071019 -0.133210 0.172130 -0.884722 -0.549290 -0.738673 1.391080 -2.865216 -0.487099 -1.711667 6.433796 -1.229784 -0.579784 -0.558117 1.283951 -0.872685 -2.189136 -0.026883 1.035586 -0.406852 -1.165185 -0.007623 0.837377 -0.024877 -0.187778 -0.000401 0.836574 1.013920 -0.239938 -0.017654 0.699352 -0.152870 -1.447253 -0.191389 5.250154 -2.276204 -0.199012 -1.667531 6.819784 -2.563488 -0.757932 -0.580586 1.935957 -1.144722 -1.532315 -0.048549 3.328241 -0.068611 -0.388395 -0.003210 -0.128796 -0.074630 -0.322191 0.000000 1.780679 0.677284 -1.470123 0.715802 1.641451 -0.965370 -2.358056 0.467840 4.425617 4.679599 -0.100309 1.434414 1.300802 4.891852 -0.314167 0.997870 3.490741 3.729475 0.662438 -0.078642 3.698981 0.871883 0.439352 -0.011636 -2.121327 -1.332901 -1.558796 -0.069012 -2.788981 -1.923920 -3.767191 0.469043 1.286759 5.511358 -1.721698 0.806481 
124.902006 100.992130 40.752253 2.090031 276.379599 321.563179 108.278519 5.112716 160.036667 508.913056 -28.787593 16.768981 -42.156667 323.036944 -155.648426 35.764136 -14.327500 -12.946790 -69.123395 22.500278 -30.108796 -78.818395 -1.094228 -89.696975 -21.235802 -23.317160 -0.577654 -61.743148 296.941235 152.884877 81.197068 0.803858 155.122994 15.027253 -53.109815 2.036975 25.141358 -86.470494 -223.913056 6.119660 46.783519 -50.158488 -84.748426 0.571667 -24.338827 31.622469 -13.516389 12.549660 57.665031 55.732130 3.829815 -8.908580 -74.837284 5.163796 -1.840679 -92.497562 410.611914 54.320340 -61.317037 5.666821 33.404105 -84.556142 -204.498210 2.044691 9.325895 -50.473796 -114.686327 -0.423117 -2.977562 -1.079383 -31.555679 -0.508858 -51.985216 19.082284 -12.924630 3.757870 64.612593 27.297562 -1.492685 27.706049 -85.851204 38.817963 -6.101944 -31.270370 185.842191 -4.238951 -156.355741 33.719660 23.954784 18.776667 -82.474599 16.736667 12.845648 37.088333 -10.956142 -0.657099 -27.016698 25.222191 -28.092377 0.410031 -43.652315 6.133210 -15.550988 1.038796 55.637778 8.872253 -4.637870 10.776173 -46.337685 19.734722 -34.448117 30.358302 -175.667377 17.664475 -80.228827 37.279444 5.110648 133.820525 -27.046142 32.744414 -25.674691 93.667130 -43.624568 1.360586 -42.462623 11.972407 -37.713704 -0.723117 -27.624784 0.767840 -8.903333 0.032994 24.341204 10.974599 -23.169691 2.179506 54.575093 -12.007130 -81.985710 23.204722 -249.218673 -31.120463 -21.612840 -56.955432 -47.112747 36.025340 -55.013549 -0.885710 -76.922994 59.642500 -74.807685 1.386698 -40.361574 5.069722 -26.500864 -0.491605 -8.808981 8.114630 -14.894846 0.000000 -13.004383 19.461975 -70.621728 1.805679 160.516698 7.710926 -78.334167 6.079198 -172.627469 -144.768117 -12.029321 -90.975154 -50.399321 -148.994074 -64.910278 -36.144537 -68.418519 -41.444290 -66.978364 -2.310988 -45.925648 10.371080 -16.972685 -0.487623 -14.406080 -3.411173 -66.552315 4.791605 -52.726574 69.377623 -86.720957 7.569105 238.861019 161.363457 -1.901265 3.987963 
328.945216 342.560648 118.930525 6.627191 321.563179 812.681821 142.255926 10.090617 109.548889 886.875278 -131.853519 35.578241 -57.681111 465.502500 -217.733241 42.932531 -75.435278 115.031235 -113.062160 14.625833 -11.910648 2.147284 -6.716327 -123.184136 5.480247 50.979383 -1.049012 -64.842407 716.868765 393.992901 222.333488 2.548920 112.896451 134.572191 -175.197963 4.343025 107.325309 -47.958395 -435.264167 33.669784 119.887593 -69.060957 -164.166574 15.931667 -214.330062 31.040864 -76.296389 1.259784 46.846636 92.647315 -4.664259 -70.988086 -9.548272 88.786759 -3.722654 -114.392994 940.936975 87.677994 -145.152963 25.319290 -43.760216 -187.853302 -432.582901 3.190864 209.800216 -106.661204 -225.764228 3.530340 81.394784 -26.073951 -134.862099 9.547191 -252.383117 22.322160 -79.844259 2.722685 42.728519 37.909660 -7.340093 -8.540494 -9.591574 65.340926 -7.675278 -86.068519 379.563920 -48.053272 -343.804259 122.286451 -13.752006 27.657778 -169.892623 41.798889 185.380463 52.265000 -84.058858 3.457099 43.781698 22.092809 -161.445957 7.331636 -122.672685 0.726790 -62.091235 4.045093 75.613333 16.112747 -7.473796 9.598272 -15.463981 14.601389 -34.661327 -20.826636 -477.243179 47.094969 -157.366728 109.621667 -11.357870 316.187809 -85.323302 107.498364 -0.869753 231.046759 -161.646543 14.088858 33.703179 21.670926 -133.598519 0.991451 -42.174660 0.901049 -25.926667 0.109784 51.778241 36.898179 -21.482531 4.886049 20.913241 14.561019 -89.814846 15.216944 -589.839660 -164.951204 -43.030494 -121.615679 -81.820031 80.715216 -155.023673 20.590710 -140.385340 191.041389 -198.162870 18.361636 -41.291204 26.028611 -52.629136 0.611605 -4.903796 19.558704 -4.904599 0.000000 5.356605 52.673580 -56.151605 5.756543 97.618302 67.845741 -96.683056 14.425247 -352.616975 -352.449105 -23.898457 -171.983179 -145.902901 -335.385926 -138.266944 -55.677130 -143.320370 -38.725154 -142.675525 0.689877 -16.431574 78.550586 -3.385648 0.755957 29.088858 94.496728 -23.944907 4.427284 -40.408426 192.347377 -59.838488 6.345895 117.089537 230.757654 -7.294846 1.484259 
28.290741 25.227778 37.062593 -1.121852 108.278519 142.255926 155.948889 -1.999630 45.836667 325.314444 99.646667 5.333333 -17.067778 270.946667 -76.604444 29.355185 -6.945556 1.367407 -51.277407 61.104444 -51.527778 -107.969630 -4.038519 36.844074 -68.585185 -49.793704 -0.958519 -30.025556 167.049259 78.179630 125.020370 -0.431481 51.364815 -23.165185 108.041111 -0.387407 -24.192593 -95.813704 -89.620000 4.678148 107.945556 -73.674074 -54.054444 5.924444 23.642963 -26.917037 -8.523333 19.858148 11.794815 1.106667 -0.337778 46.039259 -80.294074 -4.625556 -2.379259 -11.786296 311.969630 25.478519 51.197778 2.174074 -9.381852 -112.141481 -111.192963 -0.417037 -27.699259 -85.462222 -86.083704 -5.256296 21.094815 -33.122593 -0.135926 -5.176296 -7.082593 -1.591481 -2.364444 2.255556 34.842222 9.864074 -2.370000 16.543704 -59.804444 29.224444 -4.836667 8.627778 212.198519 -32.837407 -88.278889 39.705926 -47.392593 -45.662222 -74.020741 10.197778 -7.912222 -17.020000 4.269630 -2.979630 -18.788148 -4.938148 27.539259 -2.979630 -29.866667 0.202963 -5.465185 -0.420000 23.304444 3.882593 -1.913333 4.788519 -30.062222 6.305556 -5.422963 18.839630 -137.188519 11.080370 -70.919259 116.226667 -56.050000 87.018519 -16.353704 57.645185 -20.190741 51.027778 37.389630 2.279259 -48.502593 0.906667 7.573333 0.204815 -30.210741 -0.655926 -3.792222 -0.030741 13.500000 5.398519 0.478148 -0.513704 -23.341111 7.726667 -2.848519 6.353333 -298.635185 -38.725556 -19.364074 21.924815 -85.160741 92.458519 -21.891481 47.562593 -91.037037 69.985556 -13.065556 4.785926 -67.600000 -3.767778 -10.007037 0.687407 -8.134444 2.432222 4.242963 0.000000 9.371852 10.418148 17.504815 -1.047407 -40.267407 16.821111 12.136667 -1.467407 -225.262963 -202.037407 -10.540741 -84.001852 -77.049630 -197.186667 -57.570000 -29.770000 -107.483333 -83.187037 -65.535926 0.158148 -46.784444 -12.978148 -7.772222 -0.319259 37.501481 28.845926 46.916667 2.862593 0.026667 32.159259 91.097407 5.424815 -60.975556 -2.539630 16.269259 3.700000 
11.236420 11.637037 -0.357901 1.216543 5.112716 10.090617 -1.999630 2.053580 3.715556 2.010000 -4.289630 2.446296 -1.292222 -3.654444 0.129259 -0.599877 -4.086667 3.340494 1.859136 -3.147778 0.018519 6.471358 -0.140864 -2.077654 6.787654 3.749753 -0.013827 2.160370 1.681728 -0.695062 -2.238272 0.467901 4.324691 -0.941235 -5.617407 0.586543 -1.209877 -2.576914 -5.060000 0.048025 -5.220741 -0.860494 0.957037 -0.704444 -6.745802 1.533457 0.096667 -1.123086 0.299877 0.862593 -0.150370 -3.127901 4.925802 1.393704 -0.032840 -0.684198 -1.950988 1.049753 -3.897407 -0.045062 1.729136 0.882346 -3.739383 0.172346 -0.455802 1.598519 -2.236914 0.550247 -2.968642 -0.170247 -2.913951 0.892099 -5.844691 -0.426914 -1.424815 -0.120370 -0.127037 -0.443580 -0.080370 -1.183086 4.551481 -2.100741 -0.132222 -2.785185 -4.947654 4.256914 -1.357037 -0.629753 4.336420 3.696667 -0.011605 0.193333 -0.084815 0.567778 -2.767654 0.839506 -0.379877 -0.424321 -4.320494 1.209877 -0.701852 -0.141728 -0.878272 0.071481 1.235556 -0.353457 -0.152963 -0.286914 2.481852 -1.905556 -1.183086 -1.835432 2.218395 -3.354568 -0.899136 -3.308889 8.329630 -2.182099 -1.487654 -1.090988 1.926543 -1.429630 -4.726173 -0.057901 3.291605 -0.376296 -2.059630 -0.016420 1.281358 -0.053580 -0.304444 -0.000864 0.674074 1.083827 -0.700123 -0.038025 4.111852 -1.368148 -3.428272 -0.412222 9.396914 -3.274815 -0.428642 -3.008272 11.177654 -5.115802 -1.821358 -1.244938 4.369753 -1.148889 -2.772593 -0.104568 6.518519 0.668889 -0.614321 -0.006914 -0.388519 -0.160741 -0.693951 0.000000 0.924198 0.419877 -3.216420 0.930617 7.702099 -2.684815 -4.923333 0.579877 9.915432 7.901358 -0.216049 1.739506 3.251728 9.369630 -0.093333 1.293704 7.240741 6.793827 1.410123 -0.169383 5.694815 1.366790 0.462963 -0.025062 -4.124568 -2.870864 -3.357407 -0.148642 -6.518148 -4.266049 -7.936173 0.521358 11.449259 9.137284 -2.808272 1.003704 
2.900000 15.822222 2.628889 1.415556 160.036667 109.548889 45.836667 3.715556 431.295556 304.012222 22.726667 13.561111 135.192222 316.082222 -147.914444 37.006667 -42.452222 -21.157778 -107.734444 11.675556 5.516667 -124.796667 -4.228889 -86.515556 -55.511111 -73.213333 -1.563333 -76.056667 88.846667 76.888889 41.600000 0.544444 141.594444 87.706667 -3.823333 1.017778 94.322222 -50.803333 -175.645556 -7.206667 56.196667 -57.166667 -90.575556 -17.345556 58.282222 44.812222 -7.280000 9.214444 53.537778 31.246667 5.380000 -4.640000 -133.973333 -9.878889 -3.217778 -74.752222 231.385556 83.003333 -16.210000 -2.094444 22.717778 -5.903333 -153.204444 1.212222 -50.957778 -17.318889 -113.904444 -3.270000 -55.490000 27.201111 -23.142222 -7.248889 -3.996667 46.241111 7.982222 9.344444 49.856667 51.052222 5.743333 43.063333 -130.970000 54.621111 -8.917778 -7.455556 210.276667 36.290000 -118.135556 5.971111 20.833333 5.342222 -85.287778 6.401111 -17.991111 26.382222 -18.970000 0.727778 -40.030000 32.875556 -17.667778 -2.200000 -28.411111 10.735556 -7.376667 0.932222 28.475556 9.957778 -6.660000 14.673333 -11.985556 34.277778 -43.208889 47.025556 15.310000 2.064444 -77.553333 11.947778 -13.733333 61.594444 -21.794444 0.286667 -28.494444 70.066667 -22.046667 -2.710000 -45.936667 22.268889 -20.870000 -1.731111 -32.678889 1.262222 -5.595556 0.181111 -22.388889 -1.806667 -37.406667 4.991111 160.734444 -18.724444 -118.837778 32.223333 -27.205556 -12.023333 -18.168889 -63.757778 5.043333 8.168889 -20.958889 -25.037778 -45.833333 21.587778 -41.764444 -5.596667 -46.455556 0.886667 -21.184444 -1.306667 -31.268889 -2.213333 -24.728889 0.000000 -62.126667 -10.571111 -102.108889 2.175556 333.752222 -32.980000 -106.160000 14.363333 25.616667 14.051111 2.505556 -70.300000 22.093333 -63.817778 -35.740000 -34.962222 -35.127778 -62.405556 -45.786667 -6.146667 -70.274444 -35.415556 -24.677778 -1.292222 -101.265556 -70.132222 -119.300000 -4.015556 -127.257778 -0.050000 -199.636667 0.686667 569.304444 220.335556 -0.485556 14.572222 
285.184722 260.601389 138.552500 -0.155278 508.913056 886.875278 325.314444 2.010000 304.012222 1455.383056 -1.037222 35.881944 -46.435556 968.561389 -371.210278 90.315000 -50.728611 87.714444 -208.931667 74.693611 -63.534722 -125.252222 -13.685833 -152.401667 -74.400000 -14.057778 -3.174444 -129.198333 829.496667 452.158333 361.623611 -0.059722 285.068056 163.444167 28.468333 1.209444 96.938889 -103.931111 -569.305278 25.972500 251.988333 -126.687500 -269.649167 15.385000 -104.903889 17.523333 -76.423056 25.093611 76.030833 119.642500 -1.689444 -22.998333 -141.173333 83.958611 -7.903889 -154.820278 1309.110556 165.301944 -24.898889 20.351389 -14.858611 -300.718611 -559.529444 0.301111 110.251944 -215.750833 -369.055833 -7.632500 106.130833 -54.304444 -111.075556 -4.408611 -189.759167 30.355000 -62.581667 8.620833 83.878889 55.214722 -8.783056 33.007778 -100.057500 116.146111 -13.171944 -85.466667 783.853056 -79.062778 -452.799444 138.978056 -68.740278 -62.768889 -296.211389 43.217778 134.324167 37.501667 -63.774167 -5.869444 21.368611 39.629722 -89.024722 -3.309722 -149.554167 8.468889 -59.348889 2.261389 93.292222 22.459167 -11.391944 20.728889 -36.814722 50.634722 -50.629722 21.210278 -516.260833 88.371389 -266.533889 252.850556 -86.820833 428.495833 -99.831944 154.546389 -44.300000 305.259722 -79.796667 10.944167 -52.210278 36.193889 -99.286667 0.206389 -102.099722 0.448333 -30.934444 0.115833 60.454167 34.250278 -39.926111 5.741111 63.008056 26.215833 -143.028056 37.724722 -945.295833 -126.594167 -74.080000 -73.463333 -217.163611 241.309167 -167.985278 69.766389 -266.356944 261.828056 -184.732500 16.954722 -156.081944 13.451944 -59.651111 0.482222 -37.556389 11.717222 -16.641389 0.000000 5.748333 48.762222 -80.103333 0.575556 201.025833 73.095000 -120.697500 12.555000 -650.047222 -620.536389 -41.880556 -308.754167 -237.415000 -562.212222 -221.941389 -106.060833 -297.844444 -177.698611 -229.035278 -3.491111 -150.267500 9.627500 -40.693056 -1.063056 35.438611 77.159444 -32.443056 5.334444 -29.709167 210.215278 -3.257500 10.624167 308.939167 276.663333 32.351944 5.986111 
-75.445370 -77.063889 -10.672407 -2.125741 -28.787593 -131.853519 99.646667 -4.289630 22.726667 -1.037222 262.112222 -8.197222 69.080000 185.742778 66.783889 27.461852 32.432778 26.070741 -41.367407 104.232778 -47.691667 -159.627407 -6.603519 139.695185 -113.446296 -124.740370 -2.149630 -8.610000 -77.492963 -45.875926 54.395370 -0.817593 22.656481 -23.533519 239.534444 -1.875185 -59.070370 -103.772593 139.176111 -10.386852 115.064444 -93.682407 4.178333 -12.276667 138.825185 -87.449259 11.327222 25.542037 4.768704 -58.949444 2.192222 111.560370 -121.956296 -28.562778 -1.541481 52.619815 17.405185 13.934630 165.560000 -7.156481 -15.083519 -80.336481 77.135926 -3.093704 -113.676481 -92.550556 -29.774259 -10.356852 -18.459074 -45.815926 63.027407 -19.472407 69.017963 -21.961481 34.878889 -5.086111 12.826667 -13.108704 -0.235000 19.118148 -66.671667 32.178889 -0.651667 67.511111 170.611296 -32.436296 73.002222 -6.564630 -90.750926 -86.808889 -37.072407 -9.928889 -60.989444 -50.193333 48.352407 -5.096296 -73.365370 -15.632037 114.196481 -6.349074 -21.747222 0.994074 17.619259 -2.829444 -24.558889 -5.573519 1.640556 -1.427037 9.177222 -15.930556 12.615370 22.712407 114.774259 4.808704 -27.628148 92.741111 -71.780556 5.260185 33.599074 11.617963 -20.851852 -32.336111 162.454074 -3.072407 -132.175370 -18.774444 78.420000 0.132037 -49.409074 -1.738148 1.506667 -0.002407 -17.647222 -6.772037 10.871481 -1.394815 -28.648333 6.955000 43.477593 -5.481667 -160.999074 74.931667 -10.910741 93.989259 -76.081296 125.213519 73.119074 32.610926 -93.878704 -8.290556 97.289444 -2.457963 -126.236111 -29.789444 -0.413704 0.780741 -21.111667 -7.658889 1.883519 0.000000 19.534074 -11.369630 53.340370 -1.649630 -97.001296 -10.692222 68.407222 -6.054074 -227.312963 -161.544630 -7.896296 -39.099074 -73.956296 -174.065556 -21.407222 -29.446111 -131.661111 -155.834259 -45.519815 -3.705185 -84.517222 -60.974259 -20.880556 -0.058704 29.805370 5.324815 60.052778 2.202593 64.471667 -15.893519 148.563519 6.536481 -128.485000 -51.681852 43.075370 6.744444 
19.460648 23.006944 5.286574 1.269907 16.768981 35.578241 5.333333 2.446296 13.561111 35.881944 -8.197222 7.909722 2.338889 10.729167 -5.279167 3.167593 -10.165278 17.848148 -0.262037 -1.570833 -1.512500 10.540741 -0.821759 3.973148 6.412963 6.087037 -0.081481 4.013889 24.529630 10.884259 6.158796 0.488426 7.114352 5.033796 -8.775000 0.576852 7.009259 -5.924074 -18.087500 3.225463 21.886111 -8.563426 -6.806944 5.130556 -20.699074 -3.001852 -5.815278 -2.430093 -5.932870 2.351389 -1.147222 -4.273148 10.396296 12.654167 -0.265741 3.083796 31.845370 3.291204 -11.444444 1.099537 -1.335648 -5.183796 -21.395370 0.164815 7.213426 -0.215278 -9.314352 -0.060648 18.078241 -2.185185 -11.218519 2.236574 -15.631019 -1.543519 -8.463889 0.343056 -6.111111 -1.656019 -0.676389 -5.631481 19.490278 -0.452778 -0.865278 -8.111111 11.596759 4.515741 -14.058333 3.708796 1.435648 4.666667 -6.821759 2.227778 6.665278 2.047222 -5.617130 0.682407 7.446759 -0.597685 -11.066204 1.436574 -4.009722 -0.696296 -4.398148 0.595833 -2.022222 -0.896759 -0.715278 -0.812963 16.109722 -4.559722 -3.063426 -8.139352 -10.730093 -2.635648 -5.604630 1.602778 3.245833 10.549537 -3.472685 4.491204 3.179630 12.931944 -12.635185 1.056019 7.857870 3.869444 -7.994444 0.083796 -0.730093 -0.365741 -1.750000 0.003241 -0.729167 1.043981 -1.900926 0.087037 7.568056 0.395833 -2.416204 -1.437500 -11.555093 -4.943056 -1.353704 -7.059259 7.939352 1.221759 -6.917130 -1.288426 0.091204 11.423611 -13.212500 1.464352 4.273611 3.893056 -4.501852 0.203704 -1.765278 -0.836111 -2.153241 0.000000 2.795370 2.407407 -2.725926 0.996296 3.903241 4.708333 -2.154167 0.871296 0.865741 -1.663426 -1.206481 -5.091204 -0.484259 -2.700000 -5.518056 -1.815278 3.233333 0.882870 -5.844907 -0.170370 2.168056 -0.697685 -2.426389 -0.183796 -1.460648 -3.545370 0.268056 -0.881481 -6.418056 -1.038426 0.232870 -0.438426 -1.765278 9.329630 -5.666204 0.830556 
-22.266667 -14.055556 -10.785556 0.274444 -42.156667 -57.681111 -17.067778 -1.292222 135.192222 -46.435556 69.080000 2.338889 387.748889 -37.220000 29.106667 52.375556 128.432222 -46.034444 -37.175556 63.871111 -5.116667 -153.073333 -9.675556 35.625556 -110.022222 -136.390000 -0.706667 -48.147778 -60.293333 -19.144444 1.561111 0.105556 12.616667 43.964444 69.146667 -1.663333 43.900000 -2.098889 49.735556 -9.170000 285.723333 -54.255556 4.040000 -6.470000 179.074444 -50.107778 -2.612222 20.865556 -6.253333 -19.210000 0.973333 81.063333 -170.975556 4.874444 -0.036667 24.548889 -34.565556 5.043333 62.703333 -1.138889 -44.441111 -12.710000 28.614444 -1.607778 -55.684444 -19.956667 -13.418889 -8.982222 66.791111 -9.563333 61.923333 -19.846667 23.810000 20.562222 14.674444 -2.944444 -42.913333 31.834444 4.480000 24.512222 -106.060000 73.163333 -1.725556 82.444444 72.646667 -1.641111 46.893333 -2.970000 -53.083333 -29.656667 -15.374444 -2.385556 7.015556 -5.331111 37.440000 -1.400000 -42.423333 6.898889 45.368889 -4.222222 -45.461111 -3.043333 -2.157778 -0.686667 -60.795556 5.662222 -5.141111 3.792222 53.598889 19.422222 -12.948889 27.098889 77.080000 13.793333 -4.626667 39.115556 -38.538889 17.222222 35.133333 -6.778889 -2.861111 25.872222 82.898889 -2.996667 -109.948889 1.456667 1.101111 -1.548889 -39.408889 -1.802222 -8.225556 0.110000 -78.461111 -13.586667 -17.581111 3.362222 99.953333 -1.312222 8.308889 9.358889 -32.561111 35.035556 -3.895556 19.787778 -16.514444 60.178889 45.095556 -18.102222 -62.561111 -34.142222 14.184444 -4.145556 -93.827778 -12.356667 -31.120000 -1.386667 -41.095556 -9.290000 -17.958889 0.000000 -63.230000 -19.102222 -8.365556 0.871111 86.001111 15.154444 51.042222 9.562222 -34.594444 -36.602222 4.700000 -14.027778 -43.153333 -104.847778 -7.986667 -14.425556 -77.188889 -102.111111 -42.365556 -9.390000 -72.356667 -56.446667 -39.044444 -0.343333 -56.980000 -41.680000 -26.300000 0.364444 -14.484444 1.366667 46.451111 5.848889 97.302222 11.228889 54.115556 7.122222 
112.981944 99.643056 77.436389 -2.733611 323.036944 465.502500 270.946667 -3.654444 316.082222 968.561389 185.742778 10.729167 -37.220000 1059.827500 -230.384167 55.346111 -13.421389 233.441111 -215.940556 115.828611 -1.531944 -214.708889 -10.008611 -15.765000 -149.161111 -131.497778 -3.075556 -114.235000 482.925556 271.058333 263.859722 -1.051389 236.737500 122.489167 180.492778 0.023889 77.427778 -125.046667 -281.522500 10.488611 63.372778 -95.979167 -215.373056 -8.546111 -38.623889 -12.001111 -61.238056 27.939722 98.163611 33.929722 6.411667 51.453889 -186.398889 32.724722 -4.790556 -68.718611 890.095000 155.709167 106.993333 5.659722 7.803056 -211.303611 -297.153889 -1.906667 2.320278 -207.021389 -295.455278 -7.989722 -51.814167 -56.345556 -74.091111 -9.758056 -89.951944 0.883889 0.220556 2.934722 60.632222 28.951944 -1.716944 50.603333 -115.664722 127.570556 -7.400278 23.911111 721.952500 -38.081667 -255.995000 79.077500 -125.076389 -117.703333 -256.099722 13.460000 25.881389 -40.879444 -57.348056 -8.091667 -18.068611 11.059167 20.080278 -4.823611 -100.140278 13.970000 -9.201111 -1.366944 -10.020000 4.429722 -9.008056 13.087778 25.514722 37.859722 -32.042500 75.200833 -171.600278 76.445278 -209.427222 223.388333 -155.801389 272.259722 -83.401389 96.853611 -32.400000 155.529167 28.196667 5.366944 -52.017500 2.183889 21.231111 1.932500 -92.100278 0.812778 -9.326667 -0.060278 -30.787500 12.588611 -32.312778 -1.030000 136.847500 14.734167 -107.238611 25.169722 -675.509722 -26.739167 -62.264444 17.213333 -224.575278 267.857500 -82.053611 76.400278 -202.893056 190.855278 -32.178611 10.789722 -130.629167 -11.451944 -4.626667 1.473333 -40.810278 4.666111 -6.619722 0.000000 -47.220556 18.276667 -50.930000 -2.464444 214.535278 -27.495000 -71.124722 -6.216111 -559.363889 -496.091389 -37.975000 -218.151389 -188.257222 -406.743333 -160.908611 -75.705833 -240.761111 -167.062500 -140.648056 1.007778 -140.504722 -21.144167 -8.006944 -1.503611 -13.260833 12.257222 -16.734722 1.226667 -76.924167 121.056944 1.518611 8.453611 315.266389 232.764444 101.081389 7.402778 
-72.168981 -57.709722 -34.031574 0.008426 -155.648426 -217.733241 -76.604444 0.129259 -147.914444 -371.210278 66.783889 -5.279167 29.106667 -230.384167 221.480833 -25.165370 7.974722 113.291852 83.798704 6.658056 19.993056 65.738148 -2.788796 150.662407 20.425926 -0.813704 -1.411852 82.572778 -202.791852 -107.167593 -77.667130 0.003241 -92.928241 -13.267685 49.267222 -0.541296 -19.342593 19.884074 222.765833 -0.336019 13.468333 -14.056019 97.336389 -7.332778 -46.425370 -84.812593 4.619167 -19.499352 -45.227685 -83.716389 -5.198333 21.593148 97.351481 12.740833 0.846852 86.847870 -308.174259 -20.615093 55.891111 -2.830093 -19.264907 56.618796 176.142037 -1.934815 36.507130 27.624722 96.997130 3.217870 25.638981 -19.518148 30.306296 0.335093 -51.159537 -37.068704 -5.699444 -10.951389 -67.331111 -45.564537 -2.295278 -38.341852 143.222500 -39.260556 6.915833 11.761111 -127.907315 -4.035741 154.792778 -33.163796 -25.032870 -13.915556 65.393426 -15.125556 54.138611 -29.493889 32.585463 0.012037 -0.903981 -28.565093 20.988981 -0.067130 -35.887500 -7.627037 -3.410741 -2.034167 -64.215556 -14.312685 4.403611 -14.140370 77.705278 -38.609722 36.070648 -35.723426 158.191759 1.195093 70.870185 -27.612778 10.845833 -72.213426 45.619907 -32.153981 66.987037 -73.673611 65.675185 -1.573241 -27.489537 -21.731667 14.937778 1.206759 -22.391574 -2.754259 -5.030000 -0.066019 -15.062500 -10.726759 23.720926 -3.015926 -66.051944 17.846944 89.915648 -25.790833 99.974537 108.088056 14.377037 61.593704 31.872315 37.246574 68.946574 -10.689907 43.894907 -45.211944 65.858611 -2.110463 -27.170833 -13.139167 -4.761481 1.205185 -5.886389 -8.512778 4.114907 0.000000 41.634630 -11.905185 84.741481 -0.389630 -186.068241 -0.557222 84.703611 -8.094630 -5.121296 32.190648 3.328704 49.471759 -10.856852 30.747778 40.524167 6.599167 -8.000000 -45.391204 22.318796 -1.578519 -14.525278 -23.113981 -11.004167 0.435463 37.476759 9.153148 79.890278 -0.044074 85.221944 -41.536574 142.507685 -1.552130 -281.478611 -126.930741 -2.463241 -4.952778 
19.429321 11.976852 9.247716 -0.193395 35.764136 42.932531 29.355185 -0.599877 37.006667 90.315000 27.461852 3.167593 52.375556 55.346111 -25.165370 31.096173 28.917222 -65.944198 -22.016543 33.145000 -33.621296 -84.795432 -1.235988 -11.592716 -51.289506 -51.825679 -0.304691 -26.054815 46.194198 16.802469 22.550309 -0.074383 22.126235 -1.880062 21.039630 -0.538395 -12.760494 -24.399012 -14.865000 -1.708210 51.615185 -19.405247 -10.265370 6.165556 69.464321 2.557284 7.200556 17.568457 5.412160 8.762407 2.422593 30.359383 -88.438765 -16.246481 -0.437531 -8.720432 72.541728 -11.389568 4.552963 0.277469 -5.078210 -35.111049 -23.784691 -0.292716 -51.428457 -26.995741 -21.952901 -4.465988 3.941790 -5.877901 18.982469 -6.385617 42.227099 12.312099 15.602593 2.384259 12.882593 14.453765 1.672037 22.486790 -75.087593 24.861852 -2.020556 22.490741 44.263395 -12.619877 -10.326296 6.008457 -13.892901 -14.146667 -16.731914 2.440000 -26.934630 -0.790000 8.127840 -1.191358 -21.937716 8.128951 31.671420 -1.886728 3.099074 1.921358 7.748642 0.386852 2.642222 4.709938 -2.288704 6.544321 -15.140185 15.875000 -10.038210 20.628951 -15.089691 -1.077840 -10.593457 23.381111 -17.354630 21.114506 2.464506 10.001173 -13.717284 21.621296 30.416914 0.186605 -37.659198 5.981852 16.170741 -0.365988 -13.413765 -0.211235 -0.817778 0.057346 -11.876852 -2.706975 -10.001728 1.978765 30.346481 -4.062407 -11.898580 10.053889 -54.823765 5.610926 -2.989877 6.895309 -18.210062 30.192654 8.053765 4.012531 -31.692901 10.623889 9.558704 0.622160 -42.699074 -3.521667 -4.911605 0.014321 -15.475370 -1.961481 -9.462531 0.000000 -17.261235 -3.893951 -14.540988 0.195309 43.965494 2.207037 6.559444 4.351605 -48.117284 -32.055988 -1.013580 -18.399691 -16.848025 -56.497407 -9.809444 -9.624259 -34.379630 -49.366975 -20.122160 -1.460247 -35.980926 -21.184383 -16.182407 -0.442531 -20.296728 -11.119877 -20.645370 0.669012 -4.834630 1.444753 9.235247 2.551790 55.642407 17.094198 21.342531 3.129630 
-10.884722 -37.173611 -7.920278 -1.838056 -14.327500 -75.435278 -6.945556 -4.086667 -42.452222 -50.728611 32.432778 -10.165278 128.432222 -13.421389 7.974722 28.917222 399.191944 -205.728889 22.005000 116.675278 41.918056 -275.478889 -0.601944 8.728333 -188.644444 -237.062222 -0.078889 -101.717222 -58.654444 -51.408333 -29.129167 -0.706944 17.481944 -42.000833 54.055000 -1.832778 -51.711111 3.512222 78.650833 -13.149167 140.526111 9.576389 23.291389 -2.806111 298.838333 -49.396667 16.903056 51.369722 97.409167 -4.933611 2.259444 147.543889 -278.981111 -80.090833 1.521667 -11.144167 -92.746111 -57.227500 23.147778 -4.512500 -0.264722 -27.050278 97.517222 -2.030000 -138.710833 -10.635833 24.904722 -10.164167 51.398056 -6.868889 66.906667 -16.153611 174.694722 -11.779444 38.693889 1.695833 31.814444 9.633056 -0.149167 76.378889 -259.383611 87.082778 -2.415833 142.455556 -32.785278 -24.849444 98.351667 -25.521389 -51.565278 -34.928889 15.304722 -8.418889 -78.488611 -28.911667 -2.389167 -4.663889 54.311389 2.561389 73.270278 -5.273611 46.381944 1.545556 25.497778 -0.943611 -23.784444 -1.255833 -8.942500 14.403333 -34.616389 5.704167 -40.844722 90.003056 139.900833 -13.235833 37.209444 -5.548333 -47.029167 -104.490278 -10.679167 -5.599722 32.611111 -64.115278 42.826667 -0.089722 53.858056 -8.762778 56.290000 1.046944 5.261944 -0.438333 3.574444 0.080833 -65.881944 -25.432500 -37.867222 2.828889 158.857500 -69.608056 -56.950833 22.985278 121.512500 21.639722 0.093333 76.543333 0.470278 -29.983611 24.166389 34.449167 84.906944 -43.171389 82.202500 3.508611 39.676389 -9.516389 34.041111 -0.508889 -40.130278 -11.198333 -36.068611 0.000000 -78.721667 -38.130000 -91.471111 -0.928889 249.871944 -43.870556 10.551944 1.881667 23.869444 6.107500 -6.897222 70.909722 54.760556 108.463333 27.659167 50.717500 81.750000 40.209722 49.977500 6.432222 -13.846944 -48.561944 -17.856944 -1.311389 -145.956389 -97.566111 -126.040278 -0.302222 -4.116389 -14.565278 -59.294722 -1.083056 289.900833 80.056667 135.711389 0.586111 
-12.593827 55.562963 12.250864 1.277531 -12.946790 115.031235 1.367407 3.340494 -21.157778 87.714444 26.070741 17.848148 -46.034444 233.441111 113.291852 -65.944198 -205.728889 925.014321 15.212716 -153.023333 252.359259 666.953827 -4.570617 210.378025 294.341975 333.832840 1.333457 218.504074 74.013457 123.859877 89.534568 0.491358 5.254938 183.128642 33.637407 2.373086 130.874691 47.651728 -56.281111 30.412716 158.675185 -75.020988 -51.897037 7.618889 -332.119383 -157.177531 -104.523333 -146.712840 -64.139136 -68.363704 -18.567407 -210.894691 676.607160 301.459630 2.867654 166.814938 264.086914 173.855062 58.471852 11.076543 -46.908395 35.609136 -84.789877 -1.310864 286.882840 6.652593 -77.418272 13.572716 165.234938 -38.223827 -118.711235 25.600864 -323.344938 -113.364938 -125.682963 -38.696296 -228.148519 -131.426049 -17.894074 -256.399506 812.869630 -73.195926 13.135556 -191.731481 285.682469 21.697160 -87.541852 45.862716 -94.549383 -9.934444 -84.550988 0.586667 196.558148 -9.625556 -18.051975 -1.215432 89.234691 -37.509753 -139.246543 6.714198 -129.559259 -7.822346 -77.245432 -2.251481 -154.201111 -45.262469 10.282963 -71.801605 367.135926 -110.322222 93.383827 -225.848642 -32.079877 60.468642 -61.587160 64.476667 -59.379630 165.752469 4.946914 15.929136 6.664198 84.424074 -64.374568 3.534198 35.466543 -3.608148 -109.602593 0.622716 -17.709506 -0.212716 -20.803333 -0.462840 25.681481 19.534321 72.994198 -16.959383 -192.676296 114.235926 180.176790 -103.463333 -245.822840 28.089259 -16.562840 -42.444321 -77.378025 104.551728 -35.970494 -33.489877 -90.504938 86.430000 -124.911852 2.607531 5.642593 19.893333 -36.178642 0.386173 48.028519 9.245185 62.017654 0.000000 142.465062 49.789753 212.789383 -1.794321 -525.418025 76.613704 91.458889 -38.151358 -211.552469 -200.513951 -25.154321 -80.454321 -82.563210 -137.066296 -73.497778 -44.407037 -68.129630 8.176543 -66.535309 -4.172099 31.306296 94.978025 44.275926 0.994321 257.123086 146.224938 271.335185 -1.008395 137.769259 96.790123 291.910988 -10.179506 -880.529259 -178.603210 -130.049877 -19.520370 
-26.377469 -24.643519 -17.682901 0.747099 -69.123395 -113.062160 -51.277407 1.859136 -107.734444 -208.931667 -41.367407 -0.262037 -37.175556 -215.940556 83.798704 -22.016543 22.005000 15.212716 107.836914 -45.178333 33.982407 133.099136 7.773025 55.672346 89.504321 70.427531 0.613951 76.854815 -118.318272 -70.756173 -58.629938 0.287346 -54.422531 -41.055123 -32.195185 0.269877 -19.215432 22.995309 75.437222 0.823025 -9.520741 9.775617 78.170926 1.667778 -16.834691 -40.438765 23.177222 -26.098086 -31.114012 -40.023519 -1.633704 -42.466790 152.859136 8.457593 1.328272 43.535247 -210.767654 -35.980802 -24.602963 -0.986728 -3.262531 44.951790 74.338395 0.050123 17.958086 42.323519 89.726975 4.941914 29.978580 2.885309 27.230494 6.978210 -17.047469 -20.799136 -9.041481 -6.078704 -42.777037 -27.701914 -2.277593 -46.160864 150.382037 -44.178519 3.020556 -38.090741 -162.211543 -4.409753 66.120741 -18.621420 18.989198 14.107778 70.041173 -5.340000 18.190185 -5.660000 29.207346 2.483951 25.417346 -13.588210 -4.589938 1.951543 0.950926 -4.663951 -7.544938 -0.631296 -25.603333 -7.095123 2.405370 -11.170247 43.051296 -11.275000 21.103025 -40.960432 35.854506 -9.924012 66.528642 -40.086667 35.910185 -61.851543 29.015123 -13.932654 46.076543 -46.737963 2.607160 -0.349568 24.549938 -7.187407 -10.248519 0.414136 11.845247 -1.353580 -3.710000 -0.070309 4.921296 -7.518951 14.027654 -2.615802 -52.107593 7.662407 55.891173 -15.892778 133.555247 30.939074 21.165802 9.513951 52.113765 -33.829691 23.070309 -4.236605 65.466975 -28.229444 10.791296 -0.907346 33.065741 1.421667 -1.425432 0.237531 3.492037 -5.010741 1.203272 0.000000 30.479753 -8.052346 38.972469 0.152840 -111.289568 8.304074 42.112778 -4.914568 111.437654 107.820802 8.267284 44.464506 40.635062 82.969630 38.387222 15.568704 58.801852 27.596605 29.151790 1.341728 25.092037 -7.397099 -5.512037 0.022160 14.505988 -6.615309 29.956481 1.168025 31.490185 -36.335494 66.144383 -4.903642 -197.659074 -97.923827 -26.127716 -5.179630 
