1909.473951 2763.415370 55.628951 156.447407 454.205926 1398.387284 -125.472222 128.395062 226.369815 246.041358 -330.603827 96.383519 -473.572963 -175.210062 -258.127531 -35.034012 39.389691 107.677346 -29.646111 7.864877 42.532160 232.973889 3.356296 70.562469 -182.710556 97.796111 -18.126049 42.111975 254.414012 -943.080247 -371.217654 -33.879568 592.127346 -658.658457 -300.595062 22.913210 192.474444 -353.333148 -147.036235 -33.790988 -309.331235 -35.687531 -164.472963 -11.777407 308.551852 81.688765 26.811667 2.928580 31.001358 242.514321 10.130494 50.162099 -105.430062 574.866296 -4.574753 221.141852 243.986111 -1324.718519 -249.855494 -63.117531 511.888642 -393.529383 -113.946358 -37.448827 -322.796975 -93.599506 -236.610741 -30.229938 -192.766296 -0.334568 -96.137593 -1.317099 401.161790 8.848210 39.345802 0.174815 -54.265741 38.320247 -111.957346 -63.205062 -201.101728 457.910247 18.157099 -42.178827 624.383704 -89.244012 34.288333 -7.256296 147.552222 -24.392778 -116.180802 -4.536790 -452.208457 -23.811235 -208.514198 -3.709938 45.922901 -1.861790 37.023704 0.000000 226.118827 -1.327963 -44.388457 -6.367593 -225.049198 -14.364321 -177.802531 -84.491852 -422.906728 -133.417840 -17.725556 -469.612346 746.649630 62.135062 9.748519 8.082716 -115.234383 -16.700864 -140.328210 -6.588642 -307.603395 -7.801481 -74.439815 -8.677284 156.681049 12.904877 61.021728 -0.490247 -14.624074 -18.185185 -123.844012 -4.572531 -177.966728 -21.154259 -120.732531 -43.350309 -337.064506 -265.468210 -47.891605 -253.099136 623.740062 93.204074 -17.503519 36.163580 -219.971049 59.379815 -46.980432 6.624753 -193.259198 63.805062 57.428951 -12.540617 62.542840 43.757469 -87.693025 -6.424568 -52.796173 7.287160 -222.613457 -1.387407 -55.076235 -12.365370 -52.389506 -18.317901 -79.147160 -101.083704 -34.041173 -18.396975 397.892593 393.194506 -5.382901 123.162840 -139.974691 453.324321 53.805556 -60.683827 -39.301173 102.664198 9.875123 -168.130741 4.705309 16.771543 -295.618457 -42.776790 30.110679 27.187346 -142.350802 -0.245123 5.787840 -13.952840 -3.820000 -2.585247 -9.351235 -30.905556 -8.602222 -3.288395 
2763.415370 9467.536389 186.106759 325.997778 687.565000 4943.474815 -124.430556 266.837037 1438.171944 1518.437037 -481.890185 307.896389 -800.918889 -322.916759 -525.372407 -21.376574 -890.922130 -51.937870 -104.731389 -78.202130 -448.476204 477.678611 35.927222 60.303148 -338.213611 513.867500 -20.995741 256.759074 -474.225093 -1852.998148 -1088.007593 -54.496574 1353.270463 -1466.844352 -566.800926 37.422037 1088.476111 -853.925833 15.527870 -90.080370 -937.700185 -95.888519 -351.424444 -30.135000 134.686111 45.109815 -85.508056 21.711204 54.633704 376.519815 14.175741 39.902037 -294.223981 1394.312778 -5.237685 577.867222 -410.106944 -3913.983333 -803.038241 -161.756296 1561.891852 -1126.614074 -44.417315 -107.054352 -508.021019 -265.642037 -351.357222 -84.886574 -867.385000 -21.924074 -339.497500 -4.126759 337.076574 -65.699352 -90.527407 8.721667 349.970833 34.918148 -156.485463 -186.753148 -633.582037 911.568704 -12.267130 -88.641574 815.301111 -534.198241 35.271944 -18.610556 938.970556 -38.551944 -47.640093 -7.894630 -1122.424907 -82.073519 -484.529630 -7.171019 -576.578981 -37.784907 -176.484444 0.000000 318.806019 -71.346389 -150.314907 -12.034722 238.919537 -85.317037 -153.843241 -207.108889 -1158.898426 -276.245648 -84.115556 -1086.279630 1399.096111 132.593148 87.609444 4.429630 279.925093 54.857593 -239.787870 30.724815 -1061.146759 -42.604444 -333.395833 -12.567037 -373.412870 8.603981 -201.477407 -1.092037 206.180556 -15.272222 70.476759 -11.028241 47.424352 -21.053056 7.950093 -107.400463 -1106.977315 -505.966204 -121.317407 -648.079815 1191.467870 234.048333 4.304722 81.984259 -258.568241 255.049167 -160.283426 228.054352 -932.171574 78.972593 -210.971019 67.117963 -223.352963 80.592315 -108.673981 -10.991296 241.742963 58.620741 79.686481 -4.309444 -65.439352 -28.086389 -8.298148 -46.279630 -446.367407 -308.684444 -99.107315 -79.537685 639.130556 491.097870 -22.653796 191.379259 -538.117593 797.283148 -85.427778 197.417037 -694.731759 865.440741 -255.977870 8.507778 81.527963 502.017870 -112.641019 -55.642407 280.653796 69.881019 32.983241 -0.712685 -18.799907 -40.602037 -3.473889 -7.883981 -84.443519 -132.402778 -24.901111 -14.661481 
55.628951 186.106759 139.675895 -22.661481 145.152037 221.532840 62.441667 9.261728 141.336759 93.669136 -38.282160 30.270463 -35.054074 -14.269228 -49.873642 16.218488 -39.051142 -3.960710 -0.686944 -4.184846 -58.734228 15.595278 1.384630 2.868580 -45.319167 6.728611 -3.554383 10.021420 52.768735 -39.846914 58.402901 -24.890401 90.325401 -117.132623 -13.086728 -6.044012 78.020556 -57.618426 -21.099290 -3.986543 -8.949568 -4.184198 -13.331852 -0.781296 19.654630 -6.767346 1.125278 2.532191 -23.800864 -26.368457 3.517716 4.102654 -34.776451 1.625741 -3.833364 11.413519 -10.734722 -169.529630 -28.274660 -11.163086 70.504198 -82.589383 -34.143858 -7.390772 16.394414 -15.166728 -26.114630 -5.584105 -14.042407 2.243210 -6.823426 -0.721821 19.803735 -0.532068 -3.211975 2.769815 -8.631019 -12.566420 -15.595957 8.883272 -20.306728 -53.399198 -7.433179 19.288673 7.832593 -45.880957 -10.383611 -1.490185 33.992778 -0.157500 -25.361080 -0.382901 6.059043 -0.389568 -22.158642 0.114784 -3.924043 1.449043 -1.558519 0.000000 5.914660 -7.820463 -14.792068 -0.799537 8.101636 -12.184321 -1.094475 -0.699630 28.921327 3.029660 -4.076667 32.998765 15.086852 -12.015494 -2.694259 -1.978395 -1.472438 -3.332531 -24.049599 4.945802 28.834105 0.986296 -13.860648 3.880494 -15.720895 3.799043 -3.247160 0.109198 -0.910185 -5.646296 -7.061512 -0.668364 4.227438 -4.690093 14.187747 -1.712809 7.947994 6.544290 -2.220494 8.015864 -0.462994 -3.744259 -0.680463 -4.672531 -30.565772 -2.330463 -7.461821 3.922253 47.777191 1.680617 5.214784 11.098827 -29.561605 1.324414 -12.489414 1.909321 7.929383 -1.009506 11.992654 -0.222407 -5.038735 -0.490093 5.354938 -0.434568 -4.092716 -1.904815 -4.809784 2.194414 29.867593 29.833673 -0.908735 -3.979383 -29.555247 -0.016235 10.338889 -45.636049 40.349105 -29.119136 -17.945154 -0.282963 -16.226358 17.485154 -12.873735 7.841543 12.308735 0.835957 19.490031 -0.056512 -4.447438 -2.254506 0.865000 -0.466080 -8.937346 -7.802778 -1.634444 -0.697284 
156.447407 325.997778 -22.661481 98.117778 1.735556 101.877407 -29.038889 25.018519 -4.264444 -30.887037 -19.969259 3.817778 -62.704444 -31.191852 -17.483704 -11.839259 -9.147037 11.532593 -8.104444 1.048519 -2.849630 17.321111 -1.673333 -7.304815 -20.385556 3.910000 0.797407 -11.381852 -26.064074 -122.646296 -62.204074 35.626296 66.899259 -45.102593 -34.329630 17.488519 -3.908889 -41.276667 -7.952593 -0.399630 -60.350370 -3.588148 -17.910000 -1.692222 31.133333 9.119630 2.620000 3.686296 3.161852 20.467407 1.257037 11.615185 -43.495185 -7.307778 -0.289259 -5.721111 11.244444 -165.150000 -31.434815 -7.129259 80.605926 -42.839259 1.140370 -2.611481 -40.589259 -13.461852 -25.636667 -2.253704 -39.670000 -0.831481 -9.986667 0.121481 37.722593 3.665185 12.711852 3.398889 4.200000 21.686296 -9.690370 17.227037 -47.508519 69.198519 2.296296 7.508519 67.707778 -15.699259 6.341111 -0.493333 43.991111 -8.151111 -6.405185 -0.250370 -64.297037 -4.974815 -23.748148 -0.172593 -5.088519 -0.011481 10.486667 0.000000 35.892593 6.304444 2.950741 1.838889 -8.713704 15.632593 -28.717037 11.565556 -69.355185 49.505926 -0.075556 -28.253704 75.075556 17.164074 4.146667 2.731481 4.336296 -1.901481 -11.945185 5.838519 -54.274074 -2.481111 -2.211111 -0.072963 18.493704 1.316296 6.906296 -0.056296 3.472222 2.900000 -10.904815 -0.014815 -24.815185 3.263333 -22.413704 0.057407 -55.085185 -5.729630 -7.907037 -18.659630 59.016296 12.424444 -2.404444 6.340741 -18.978148 8.895556 -3.002963 12.967037 -41.623704 5.334074 6.255185 6.458148 9.566296 3.804074 -7.550741 0.561852 -4.708519 4.380370 -20.265926 -0.168889 -16.270370 -0.792222 -11.012963 -1.581481 -15.329259 -10.463333 -4.200741 -3.839259 33.438889 43.470741 -0.543704 9.714074 -43.101852 30.321852 5.738889 7.772963 -24.677407 -0.790741 -3.869630 -0.328889 12.183704 -18.405926 -15.673704 2.348519 -0.272963 -7.424074 -18.691852 -0.028148 -3.008148 -2.065185 -3.553333 -0.309630 -1.970370 -4.266667 -1.013333 -0.545185 
454.205926 687.565000 145.152037 1.735556 667.165556 395.504815 132.094444 63.209259 421.568333 -32.546296 -119.744074 46.105000 -335.192222 -129.053148 -185.095185 -9.836852 26.953148 83.145741 -15.072778 3.460926 -40.729815 92.239444 -6.641111 45.990370 -155.535000 -12.338333 -9.049630 10.241852 225.574630 -471.937037 5.191852 -49.594630 491.290185 -460.135741 -47.292593 -13.167407 120.860000 -231.417222 -143.546852 -24.882593 -159.756296 -25.009630 -118.614444 -5.301111 210.461111 41.094815 19.426111 14.775370 -29.942963 96.779259 12.564074 83.785926 -80.287593 175.573333 -21.714630 121.863333 237.752778 -481.605556 -41.144630 -25.975185 276.111852 -211.861852 -78.216481 -18.703519 -191.659074 -70.312593 -181.062222 -16.232407 -56.195556 2.192593 -35.981667 -1.415370 268.197963 15.188704 37.912593 8.875556 -43.852778 2.555926 -67.561296 20.181852 -95.889259 74.830370 -38.826852 134.214259 385.271111 -32.117963 29.151667 -2.486667 -5.501111 -32.999444 -109.313148 -1.745185 -213.452407 -21.716296 -122.601852 -1.453519 50.775741 4.302037 50.334444 0.000000 130.521296 -12.560556 -25.395741 0.330556 -99.369074 -56.768148 -104.014630 -22.068889 -141.335370 -72.118704 -37.223333 -45.435185 411.556667 59.005926 9.865556 10.457407 -200.569074 -10.291852 -90.476481 4.927037 -96.734259 -9.006667 -25.436111 1.520741 69.145741 -1.547963 35.634815 -0.295926 -2.727778 -15.783333 -91.612407 -0.943519 -95.527593 -14.126111 -71.563519 -14.960185 -171.862037 -89.428704 -23.230741 -74.730370 302.185370 89.982222 -7.422778 38.120370 -236.981296 13.699444 -19.253148 -5.546481 -28.105741 -13.020741 44.446481 -5.000370 -5.295185 -9.905741 -44.170926 -0.665185 -28.933704 -14.878148 -103.481852 -0.254444 -36.287963 -4.726111 -34.909259 -5.129630 -70.814074 -48.654444 -10.976481 -11.581296 228.300000 235.316481 -3.184630 77.244815 -67.753704 195.799259 61.183333 -66.820741 46.725741 -49.309259 40.946852 -62.541111 -23.349259 -11.442407 -125.183519 -0.425185 -6.104259 4.154630 -61.208704 -0.114630 -8.224630 -4.941481 -7.051111 -0.683148 -12.424074 -11.550000 -3.171111 -2.323704 
1398.387284 4943.474815 221.532840 101.877407 395.504815 3289.566173 24.733333 106.311728 1072.832593 1454.891358 -253.973827 211.749630 -137.726296 -21.548395 -310.993086 32.364321 -670.949753 -79.217654 -64.174444 -68.000123 -276.549506 255.141111 35.287407 10.393580 -161.901111 261.396667 -14.129383 149.379753 -285.596543 -944.635802 -468.177654 -95.922346 603.126790 -850.220123 -295.661728 -27.785679 866.928889 -447.194815 86.996543 -55.403210 -355.130123 -52.589753 -145.709630 -17.161852 -39.931481 -2.020123 -72.251111 -13.610864 59.493580 129.989877 11.820494 -13.750123 -119.363951 698.411852 -12.581975 321.316296 -438.111111 -2329.940741 -459.814938 -102.674198 696.531975 -741.900494 -33.464691 -76.161605 -86.354198 -149.230617 -94.172963 -59.404938 -448.106296 -11.217901 -181.202593 -4.706543 55.719012 -41.566790 -92.556420 -16.649630 230.698148 5.644691 -90.327901 -168.802840 -288.276173 490.814691 2.643210 -72.929383 202.299259 -391.976790 24.806667 -14.420741 409.312222 -9.108889 19.226420 -4.702346 -489.886790 -27.747901 -223.453086 -4.772716 -356.358765 -24.474568 -130.958519 0.000000 50.321605 -35.282963 -100.271235 -15.937037 186.722469 -29.523210 -23.854198 -153.044074 -562.777284 -157.471728 -23.848889 -556.940123 574.572963 30.159506 62.658519 -6.978395 129.187284 24.775802 -125.556543 20.490247 -471.683951 -9.385926 -195.170370 1.624938 -274.425062 14.692099 -131.274938 -0.260247 61.520370 -2.140741 72.795432 -9.241975 80.587160 -17.991481 89.244691 -72.958642 -561.650617 -271.382099 -50.737160 -318.275802 494.405062 115.814074 -0.420741 47.285802 -131.233827 111.473704 -105.174321 112.043086 -344.735309 39.691728 -142.678272 42.368272 -152.306049 56.242469 -86.588025 -3.576790 152.146049 36.729383 100.539877 -2.747407 -13.523457 -20.624815 37.171605 -26.929012 -263.287160 -185.265926 -60.341728 -46.048642 242.509259 203.240617 -14.510123 119.870617 -314.508025 414.342099 -72.277778 49.163951 -212.999506 533.341975 -229.468765 25.144815 105.281975 416.069877 -115.539012 -3.094568 218.276790 68.567901 84.110864 -0.430123 -4.173827 -25.335062 9.384444 -4.953580 -66.262346 -89.477778 -15.906667 -10.080617 
-125.472222 -124.430556 62.441667 -29.038889 132.094444 24.733333 162.383333 -17.466667 227.875000 86.088889 103.311111 9.036111 63.972222 13.580556 -6.305556 17.158333 -148.630556 -12.419444 -9.697222 -16.513889 -155.808333 -17.797222 -0.155556 -26.800000 -48.530556 -18.663889 -1.344444 7.133333 46.480556 39.361111 101.272222 -22.458333 36.402778 -92.919444 77.277778 -16.477778 40.255556 -62.875000 26.413889 -10.672222 3.194444 -9.238889 -4.588889 -1.488889 -51.344444 0.322222 -7.430556 -3.108333 -26.205556 -2.594444 1.433333 -10.027778 -27.080556 0.966667 -4.652778 -7.305556 27.552778 -25.788889 23.730556 -7.805556 10.300000 -60.222222 -11.086111 -4.586111 -16.830556 -22.205556 -17.483333 -5.275000 -11.755556 -0.683333 -3.147222 -0.947222 -41.230556 2.802778 -6.188889 -4.438889 31.386111 -0.416667 5.513889 -7.961111 -21.055556 -25.822222 -7.841667 -13.575000 56.372222 -25.141667 -5.702778 -0.377778 -20.672222 -3.741667 -21.725000 0.877778 -20.041667 -0.261111 -15.922222 0.741667 -11.202778 -3.769444 -2.600000 0.000000 -36.286111 -6.391667 4.430556 -0.741667 71.425000 -1.322222 23.047222 0.472222 -0.102778 -5.675000 -3.216667 34.772222 50.772222 -19.611111 -12.266667 1.222222 -23.680556 -7.466667 -22.947222 4.261111 -7.058333 -0.094444 -9.836111 3.666667 -30.475000 -6.958333 -8.566667 0.138889 0.788889 -4.694444 16.169444 0.386111 31.208333 -0.680556 27.997222 7.980556 -10.525000 7.513889 -0.005556 20.772222 7.352778 5.072222 -5.836111 3.422222 -32.441667 -3.391667 -11.236111 5.758333 12.986111 -18.388889 -4.197222 5.394444 -37.338889 -9.480556 -3.113889 -0.011111 22.733333 -4.627778 40.355556 0.150000 -1.630556 2.497222 7.822222 3.872222 -17.333333 11.888889 3.341667 10.097222 -10.838889 3.819444 -1.319444 -0.844444 -12.194444 -25.900000 3.283333 4.255556 16.563889 -12.911111 -17.330556 28.322222 -7.866667 33.941667 25.952778 5.055556 7.747222 -4.208333 33.013889 -0.080556 -9.336111 -1.916667 -0.055556 -0.041667 -8.344444 0.772222 -0.544444 -0.238889 
128.395062 266.837037 9.261728 25.018519 63.209259 106.311728 -17.466667 34.350617 15.192593 -43.391975 -37.454938 20.218519 -104.601852 -40.067284 -30.386420 -7.290123 20.785802 17.540123 -0.050000 1.070988 31.632716 21.255556 3.090741 11.913580 -11.294444 -1.222222 -0.738272 3.547531 0.501235 -108.341358 -27.487654 -1.529012 90.729012 -75.973457 -23.228395 9.587654 32.811111 -42.970370 -28.345679 1.079012 -51.940123 -4.541975 -26.568519 -1.107407 49.385185 6.604321 4.650000 4.146914 4.085802 8.704321 2.466049 15.737654 -18.256173 22.296296 -2.980864 20.118519 18.844444 -124.424074 -18.404938 -6.247531 77.291975 -41.143827 -3.980247 -3.616049 -26.853086 -13.967284 -33.785185 -2.910494 -22.890741 -0.745679 -9.781481 0.029012 54.795679 2.193210 15.541358 4.342593 -7.918519 2.358025 -12.673457 10.877160 -27.783951 15.463580 -5.123457 16.445062 57.120370 -8.112346 10.705556 -0.485185 25.872222 -5.766667 -10.613580 -0.351235 -39.334568 -5.229012 -26.025309 -0.271605 8.856790 0.404321 12.687037 0.000000 41.121605 0.281481 4.232099 1.524074 -25.830864 -0.709877 -26.097531 4.725926 -36.639506 11.354938 -5.222222 -22.184568 71.568519 19.628395 10.701852 1.438272 -19.627160 1.502469 -14.770988 1.141358 -22.000617 -2.087037 -2.859259 0.116049 22.221605 0.443210 15.145062 -0.013580 2.392593 -0.929630 -19.212346 -0.019753 -23.522840 1.118519 -21.430864 -1.247531 -41.950617 0.279012 -4.466049 -18.085802 61.845062 20.912963 2.125926 7.558025 -42.499383 10.620370 -1.954321 2.275309 -18.575309 6.522840 10.806173 1.277160 3.800617 1.546914 -3.019136 0.320988 -12.806173 -0.572840 -25.512346 -0.140741 -6.317901 -1.292593 -7.545062 -2.023457 -13.371605 -12.698148 -3.445062 -3.553086 41.503704 50.200617 0.254321 19.878395 -37.096914 39.015432 10.933333 -11.982716 -8.022840 -21.296914 10.223457 -17.951852 -7.474691 -22.429012 -24.701235 0.076543 -6.415432 -0.187654 -17.630247 -0.023457 1.411728 -1.522840 -0.600000 -0.258025 -0.867901 -3.888889 -0.844444 -0.372840 
226.369815 1438.171944 141.336759 -4.264444 421.568333 1072.832593 227.875000 15.192593 1568.736389 448.548148 113.936481 81.156389 156.118889 -179.871204 -172.825741 2.975648 -695.639907 -84.350093 -69.415833 -75.398796 -335.722870 113.401944 -22.993889 -15.390185 -154.805833 65.329722 -12.302407 47.733519 -94.685093 -197.981481 -40.699815 -47.198796 365.963796 -483.267685 21.249074 -46.486852 698.346111 -346.338056 65.526759 -46.699259 -180.914630 -53.992963 -139.508889 -17.887222 -121.730556 -19.085741 -74.989167 -20.728796 152.207037 63.582037 -5.588704 -10.489074 33.763796 350.998333 -19.663241 205.866111 -274.668056 -820.083333 -114.518241 -48.108519 365.034074 -333.178519 -1.570648 -32.863241 155.503426 -120.682037 -81.259444 -32.253241 -295.098333 -17.790741 -133.699722 -4.255648 -39.847870 -46.101574 -106.570741 -24.477222 315.448611 -10.332963 -25.959907 -103.698704 -55.292037 287.227593 -14.900463 55.485093 -81.634444 -144.552685 -17.135833 -1.561667 273.301667 -21.456389 -44.525648 -1.242407 -52.331574 -20.419074 -125.840741 -1.896574 -287.570093 -26.538241 -135.326667 0.000000 -5.588426 -44.723056 -109.280463 -8.495833 434.662870 -73.495926 25.286759 -84.207778 -241.122870 -229.981204 -37.962222 -210.301852 -54.579444 -51.585741 -30.248333 1.912963 175.962870 -10.022407 -96.911204 33.577037 -60.352315 -13.906667 -132.468056 17.881852 -297.213981 -16.532685 -209.581852 -0.209815 128.530556 -6.172222 41.950093 -1.644907 254.815463 -16.233056 95.815648 -28.972685 -223.377315 -171.021759 -45.358519 -131.883148 -235.491019 14.601667 -23.940833 11.750926 4.356204 29.781389 -85.415648 107.985463 -36.184907 -29.081852 -208.252130 97.135741 -184.228519 2.323426 -148.330648 8.565370 238.671852 7.527407 183.059815 -0.296111 67.988426 5.383611 47.196296 -4.762963 -105.091852 -36.904444 -24.202870 -28.746574 -329.386111 -190.432130 -13.497130 -55.521852 -84.617593 -165.981296 -119.700000 12.618148 48.866019 293.618519 -301.410093 236.608889 186.881296 560.925648 -4.987685 50.160926 252.113796 77.219907 188.712130 -0.304907 -1.573241 -8.577593 8.018333 -1.309537 -34.960185 -22.247222 -7.243333 -4.595926 
246.041358 1518.437037 93.669136 -30.887037 -32.546296 1454.891358 86.088889 -43.391975 448.548148 1443.276543 21.396914 61.024074 692.270370 451.069753 4.893210 64.850617 -585.673457 -107.150617 -36.016667 -81.816049 -454.996914 16.255556 6.601852 -94.845679 -39.972222 60.400000 -6.591975 42.212346 -138.345062 17.151235 -90.817284 -61.016049 -186.033951 -180.210494 -54.846914 -63.049383 405.716667 -21.559259 237.783951 -32.278395 263.072840 5.832099 136.764815 -1.401852 -297.509259 -32.516049 -52.872222 -52.290123 -65.634568 5.372840 -1.524691 -113.571605 40.597531 207.407407 3.926543 36.979630 -399.800000 -821.512963 -190.869753 -34.412346 -160.565432 -303.797531 -12.965432 -37.164198 144.243210 -19.435802 211.575926 -28.136420 -17.185185 2.145062 14.096296 -3.322840 -301.500617 -42.199383 -96.362346 -35.779630 114.592593 -23.390123 3.039506 -167.791358 19.219753 105.515432 29.817284 -174.803086 -287.185185 -241.260494 -13.755556 -8.940741 -57.450000 0.450000 101.667901 -2.827160 8.050617 19.317284 64.137654 -3.169753 -174.628395 -15.043827 -87.135185 0.000000 -251.946914 -27.012963 -34.632716 -12.059259 158.220988 30.332716 153.382099 -92.040741 -42.452469 -61.769136 27.566667 -151.810494 -99.281481 -47.241975 21.907407 -16.469136 79.002469 4.309877 47.721605 -10.340123 -75.446914 15.862963 -35.620370 -6.485802 -225.813580 13.211728 -128.836420 -0.243210 -27.490741 6.714815 164.039506 -4.595679 116.191975 1.274074 179.970988 -24.790123 -66.063580 -61.067284 -0.986420 -24.176543 5.308025 -12.920370 1.298148 -5.540123 118.091358 16.409259 -26.178395 -7.332099 -50.256790 24.869136 -124.364198 -27.913580 -91.769753 56.932099 -37.609877 -8.443827 97.264198 27.508642 166.039506 -0.829630 9.406173 -5.520370 50.275309 -1.766049 -78.003086 -40.631481 -15.530247 -3.506790 -23.751852 -79.041975 -8.266049 11.574691 39.595679 130.272840 -91.450000 18.524691 -37.763580 474.634568 -193.272840 -56.612963 118.129012 271.300617 -7.327160 -20.204938 122.788272 30.371605 73.156790 -0.132716 -8.725309 -7.530247 4.716667 -1.504321 -37.993827 -30.944444 -5.000000 -3.980247 
-330.603827 -481.890185 -38.282160 -19.969259 -119.744074 -253.973827 103.311111 -37.454938 113.936481 21.396914 373.440617 -38.583148 351.777037 124.262160 244.589136 1.727099 -312.960309 -63.050432 -2.896111 -48.440679 -355.334506 -77.348333 -5.749259 -91.776420 0.411667 -15.903889 4.990617 -29.193580 -78.830432 160.947531 66.804568 3.492654 -126.050432 80.035988 164.560494 -23.514568 -51.725556 9.394630 189.452654 -10.318765 29.874321 -5.220864 79.665926 -2.621852 -243.714815 -13.711235 -19.977222 -28.571420 -71.837531 -14.491235 -1.969506 -79.749012 26.108827 -90.989259 4.408580 -76.058148 -31.113889 234.542593 60.650062 -2.373086 -87.922469 46.098395 54.525864 0.795617 -13.058086 -1.638395 61.361481 -4.302160 -14.966296 -4.751235 11.851296 -1.078210 -231.615988 0.464877 -17.387531 -14.430741 5.106481 10.081358 46.598210 -41.182840 44.648272 -65.123086 12.179321 -108.906605 -29.105185 42.372654 2.243889 2.371481 -51.575556 24.412778 31.191420 2.835432 7.280432 5.716543 21.258025 1.401173 -46.110432 -7.122901 -21.281852 0.000000 -169.170062 5.272037 43.361543 -3.117593 100.161914 51.541235 97.719691 14.002593 75.215494 73.698827 21.513333 52.065432 -26.372593 -27.959383 -5.645926 -0.828395 -8.356605 -4.589753 12.310679 2.228025 -21.097840 -0.257037 -3.495370 6.983827 -68.402284 -5.717346 -24.006049 0.609753 -57.862963 6.514815 84.505988 -0.839198 64.866605 13.734630 79.495247 15.510802 64.746605 123.087346 10.858395 71.873086 -26.643272 -20.495926 -3.920185 -2.947531 -10.054383 -13.342407 -6.952654 11.646975 -7.642531 -24.717160 -24.565494 12.892716 -36.412716 -9.281420 21.256975 2.508765 11.998272 1.848272 98.664321 -0.254074 12.251543 2.929074 29.943827 2.559877 1.719506 30.794074 2.447716 18.491914 -65.185185 -65.455494 -0.549568 0.779506 -36.113580 -53.609012 -14.072222 41.688395 -18.734506 -30.046914 6.036235 50.030370 9.633086 31.965988 100.431543 8.495432 11.977346 0.015123 64.454753 -0.122901 -9.006605 -3.591728 6.968889 -0.707469 -5.267901 -3.561111 -1.380000 0.794938 
96.383519 307.896389 30.270463 3.817778 46.105000 211.749630 9.036111 20.218519 81.156389 61.024074 -38.583148 59.549722 -44.487778 -28.590463 -35.153148 25.814907 -50.970648 -2.899352 -1.228056 -6.736204 -46.306574 6.358611 3.085000 3.420185 -46.781389 -2.046944 -3.660926 7.493148 -23.509907 -76.262963 -18.890185 -12.047315 27.258981 -88.965093 -24.615741 -2.208704 106.816111 -39.261389 -6.226204 -0.766296 6.752407 -4.321481 -9.432222 0.127222 15.869444 1.811296 -3.386944 2.134907 -7.449259 7.592407 0.587593 12.256852 -41.191019 29.222778 -3.762870 29.720556 -47.345833 -152.761111 -29.850093 -8.584815 23.539259 -60.267037 -5.761019 -5.107315 32.798241 -11.025741 2.371667 -4.205093 -10.778333 -0.664815 -5.385278 -0.338241 18.673981 -3.866759 -3.738148 -0.076111 26.020833 -7.097037 -9.147315 1.046481 -26.900185 5.701296 -5.518981 13.732130 -22.914444 -25.708981 -1.471389 -0.668333 22.843889 0.750278 11.379537 -0.147593 -2.351204 1.561296 0.068519 0.270463 -15.537130 -1.982315 -2.424444 0.000000 15.813426 -4.849722 -3.475648 -0.406944 24.409907 -9.078519 -7.946204 -2.973333 -16.512130 -27.576019 -7.075556 -13.481481 -4.982778 1.400185 9.443889 -1.046296 21.421019 4.167963 0.272870 0.094074 -3.939352 0.202222 -5.618056 0.093704 -16.502130 0.051019 -0.171481 -0.042407 5.319444 0.394444 7.688241 0.097685 10.391759 -1.557500 1.007130 -0.618981 -3.819907 -18.386574 -3.684815 -4.223519 7.898241 10.571667 5.435833 -0.062037 4.323241 5.369167 -5.934907 0.612870 -6.000093 3.211852 -8.012870 0.160926 -9.933704 4.741574 -0.552130 -0.207593 1.674815 4.369259 3.470185 -0.010556 2.553241 -0.085278 2.442593 -0.437037 -1.218148 -2.018889 -1.468796 4.814907 2.519444 5.108241 0.529907 8.914074 -11.754630 25.624630 -4.077778 -7.438148 -18.617685 30.237037 -16.334907 -3.712222 4.297593 16.676019 -13.508426 1.006852 8.481204 3.949537 2.965093 -0.037870 1.457130 -1.317963 1.849444 -0.127685 -2.539815 -1.080556 -0.718889 -0.011852 
-473.572963 -800.918889 -35.054074 -62.704444 -335.192222 -137.726296 63.972222 -104.601852 156.118889 692.270370 351.777037 -44.487778 1495.584444 522.061852 395.979259 55.718148 -519.289630 -82.797037 -6.437778 -72.371852 -1146.073704 -238.306667 -57.206667 -193.808519 -188.502222 -169.090000 -3.461852 -101.717037 -53.815926 445.379630 76.382963 -13.971852 -571.763704 188.382593 118.857407 -63.287407 46.252222 150.045556 361.054815 -10.045926 581.684815 16.597037 329.845556 6.480000 -469.255556 -35.145185 -57.096667 -44.095185 -348.775185 -7.708519 -40.017037 -123.705185 11.880741 -168.607778 22.073704 -118.415556 -277.138889 348.872222 -1.627407 -2.427407 -618.745926 72.851481 49.021852 -8.554074 270.518148 48.808519 370.463333 -4.590741 220.513333 -3.112963 132.135556 -1.991481 -482.212593 -38.732963 -124.080741 -28.378889 -31.766667 9.838148 31.405926 -86.335926 196.211852 -68.594074 55.748148 -154.111852 -479.314444 24.735926 -41.714444 4.690000 -356.258889 40.115556 161.654074 -0.726296 321.627037 34.743704 248.320370 1.312593 -78.362593 -14.142963 -59.707778 0.000000 -418.959259 -20.884444 -22.702963 -3.900000 240.121481 67.758519 240.612593 -15.528889 353.187407 22.054074 62.196667 156.409259 -479.018889 -85.889630 -16.736667 -13.848148 -2.711852 -11.577407 163.397407 -20.331852 177.518519 17.941111 83.611111 -4.335926 -238.658148 6.740370 -149.380741 0.425185 -132.872222 17.677778 197.091481 1.014815 235.316296 29.268889 250.554815 13.425926 395.501852 120.918519 14.789259 175.260741 -291.509630 -79.114444 -2.171111 -34.090741 227.957037 -50.115556 23.295185 -64.707037 127.083704 -8.836296 -117.892963 -32.149259 -117.942963 50.000370 -53.613704 0.008148 62.689630 31.034074 248.269259 -0.307778 79.759259 13.218889 93.790741 8.248148 177.217037 101.975556 -4.635926 35.240370 -208.711111 -267.860741 -8.047407 -53.834074 241.712963 -96.248519 -89.188889 25.074815 -17.384815 304.962963 -138.360370 -24.395556 55.431852 262.095926 95.567037 2.817037 106.447407 46.229630 142.378519 -0.176296 0.871481 -1.278148 15.335556 -0.939259 7.370370 17.722222 -3.280000 2.680741 
-175.210062 -322.916759 -14.269228 -31.191852 -129.053148 -21.548395 13.580556 -40.067284 -179.871204 451.069753 124.262160 -28.590463 522.061852 423.911451 172.985864 22.388179 -151.202191 -28.931512 9.833611 -36.238488 -365.072438 -92.158611 -3.803519 -90.837469 19.125833 -46.686389 2.923272 -31.248086 -14.898735 217.496914 46.464877 -10.644043 -251.878735 126.084846 43.020062 -26.354877 -73.927222 112.003981 134.884846 -2.742346 264.256235 20.326420 166.584074 4.946852 -210.104630 -13.719321 -9.496389 -28.524414 -168.601358 -14.567099 -6.799938 -87.764877 56.323117 -73.102407 6.940031 -76.394630 -91.109722 175.740741 -7.465340 6.356420 -280.649753 41.607160 -7.788364 -2.691451 52.884475 37.141173 151.485741 -2.127006 136.124630 6.445679 79.027870 -0.798179 -251.460401 -10.780154 -35.623580 -13.827593 -81.991204 -8.598025 6.439290 -61.053272 93.882284 -58.451914 26.583179 -116.703117 -187.900370 -31.843488 -16.500833 -0.513148 -181.899444 9.516389 50.265525 -1.560432 120.348735 17.825123 100.703086 -0.913673 13.689599 -1.909043 -5.284815 0.000000 -237.164660 -10.592870 -2.576821 -3.806019 -17.016080 52.719877 106.045586 -19.763704 141.077562 99.291451 44.503333 23.890123 -168.007963 -37.698951 2.215370 -7.060494 -42.025340 -11.318580 62.207377 -13.839136 89.927006 11.895926 39.882870 -6.406049 -63.687994 2.379846 -39.182840 -0.018086 -98.095370 -1.259259 64.909290 -0.881636 67.273673 13.683426 111.714475 1.818364 103.585340 70.183488 25.752716 51.890802 -79.597006 -36.284630 3.532685 -15.133025 58.739105 -21.028426 15.076265 -37.173364 71.610586 8.761605 -27.285895 -25.339938 -44.026173 20.124475 -26.608364 -2.950432 5.135062 5.818395 70.699568 -0.354259 46.594290 1.966759 52.978395 1.006790 14.286049 7.417037 0.689784 10.195586 -48.039815 -76.957006 -1.399043 -6.590617 54.355247 -23.982654 -22.333333 -10.343951 24.338673 77.491358 -51.501512 -47.130370 2.125247 71.932623 5.244846 -1.375988 52.221265 34.480710 60.079969 -0.086821 11.282994 -1.144383 15.839444 -0.732809 -9.034877 -6.163889 -1.858889 0.449506 
-258.127531 -525.372407 -49.873642 -17.483704 -185.095185 -310.993086 -6.305556 -30.386420 -172.825741 4.893210 244.589136 -35.153148 395.979259 172.985864 304.608765 1.102284 -151.800679 -35.594506 22.639444 -33.006605 -414.059691 -105.611667 -18.251481 -89.021235 -32.137222 -38.250556 3.628025 -49.866543 -88.628951 177.367901 23.187160 6.493395 -212.283395 168.612284 101.486420 -20.306049 -99.604444 105.713519 180.640062 -0.710617 124.755062 11.939877 140.990370 2.327037 -216.731481 -6.418272 -10.792778 -22.939568 -153.454568 7.208395 -12.914691 -62.742716 2.370309 -113.421481 10.417099 -95.900370 -56.191667 308.331481 29.795247 2.060988 -201.297654 108.090247 47.908457 1.131914 29.528210 35.034198 130.254815 1.333025 61.404815 -0.760494 49.722407 -0.122284 -208.918951 -1.395494 -25.493457 -8.994074 -60.065741 20.440988 34.421173 -18.621358 61.710864 -72.166790 21.114506 -87.374753 -128.572963 56.427840 -5.290556 2.957037 -115.065556 26.293889 68.232901 1.516173 81.017840 11.103951 77.798765 1.776358 -11.252284 -3.347716 -13.664074 0.000000 -162.999691 4.814259 21.927840 -2.812037 51.549321 52.736049 82.011543 14.433704 133.729198 100.068086 31.090000 78.589506 -126.732593 -15.894198 4.336296 -3.613580 -29.002531 -0.772346 57.899938 -7.413457 39.278086 0.919630 23.932407 -0.371358 -49.551914 0.163395 -29.400864 0.382346 -75.796296 7.503704 61.077840 -1.298457 68.638086 15.761296 73.271543 8.679321 140.155864 114.757716 14.575802 78.516790 -47.468086 -30.474815 2.776481 -11.767901 27.698580 -25.851296 8.648827 -25.083765 28.641543 -16.150864 -25.062531 -8.816914 -14.331975 0.163765 3.879568 1.286173 -12.366914 9.999753 84.086173 -0.402963 30.986728 1.927963 40.175309 -0.116049 57.375802 30.945185 1.275864 19.328210 -42.374074 -75.288086 0.427840 1.583580 5.845679 -30.450494 -13.983333 30.382469 -33.943025 -5.270988 18.182160 5.894815 -2.914321 14.480062 92.882284 10.812840 -0.627840 13.424383 58.884012 -0.075494 3.225247 -1.742469 14.278889 -0.763765 5.061728 1.127778 -1.228889 2.078642 
-35.034012 -21.376574 16.218488 -11.839259 -9.836852 32.364321 17.158333 -7.290123 2.975648 64.850617 1.727099 25.814907 55.718148 22.388179 1.102284 44.661080 -38.147438 -1.997747 -0.081389 -1.453364 -91.043488 -17.193611 -1.209815 -11.938827 -37.019167 -13.132500 -1.856235 -5.226728 -3.184969 5.093827 11.799198 -8.514475 -52.044969 -23.667809 -3.545988 -6.123642 -3.423889 2.287130 10.932191 -1.823580 68.943025 4.625062 25.890370 1.590926 -22.517593 -2.391420 0.097500 -0.158549 -52.502716 -5.920309 -2.985988 -6.699198 -27.307932 -29.279815 -4.201883 -9.525370 -14.379167 6.392593 -1.748735 1.129506 -56.199506 -4.996790 -8.736451 1.101821 16.164784 11.040679 23.196481 0.019599 37.357593 2.974691 15.965463 -0.086636 -30.033302 -2.422809 -2.947160 -0.196852 -19.381019 -4.057160 -0.092253 -1.775988 2.695123 -28.406605 -3.346142 -5.418735 -38.028519 9.561636 -4.011389 0.948704 -28.657222 11.809167 13.785216 -0.234753 19.812747 7.697469 22.039506 0.379599 9.677809 -0.725031 2.624815 0.000000 -21.027932 -3.764907 -1.010586 0.272685 7.677562 4.600864 14.125895 5.278148 32.756512 2.175957 0.501111 27.746914 -32.974259 -0.828457 2.577963 -1.409877 1.664599 6.560062 10.707809 -3.978272 13.430401 4.052963 6.483796 -2.089877 -8.335710 0.936080 0.467654 -0.038951 -13.460185 1.425926 17.086636 0.524228 11.568179 3.437685 13.385895 5.079784 40.538735 8.673920 2.094321 24.228827 -7.325957 -4.188704 1.769537 -4.841049 17.165710 -0.808241 0.867809 -10.342562 4.069784 3.773210 2.474043 -8.627099 -7.702346 4.244784 8.990216 -0.553642 -7.507654 3.242346 8.735247 0.116481 2.103858 1.237685 2.956790 1.741358 12.533210 9.678519 2.458735 9.920340 11.956481 -7.212623 0.067191 -2.075679 9.674383 13.487469 -0.950000 -8.910123 -18.504599 21.799383 -4.754414 -16.049630 -4.441173 -1.627809 -5.175586 -2.210309 -0.778302 -2.662191 -0.013673 -0.019475 -0.115957 -0.019321 -0.090556 0.096883 -1.389198 3.208333 0.276667 0.487901 
39.389691 -890.922130 -39.051142 -9.147037 26.953148 -670.949753 -148.630556 20.785802 -695.639907 -585.673457 -312.960309 -50.970648 -519.289630 -151.202191 -151.800679 -38.147438 1764.237377 251.901883 63.216389 237.190340 1030.092809 66.553056 -10.518704 333.722654 -208.859167 -111.852500 -22.643642 -18.225988 264.319105 21.740123 98.655494 34.929228 105.160216 153.083673 -75.416358 61.645617 -293.489444 42.351574 -237.171883 38.812716 -90.809938 13.097654 -90.161852 9.886481 799.104630 -14.195494 72.513056 123.070710 139.747654 -62.986605 -20.679691 317.644506 -226.991636 -107.342037 -36.782623 55.461296 285.326389 321.792593 107.506080 26.578765 64.364568 101.689136 -38.124599 24.015525 -116.371512 7.734753 -128.363519 17.478858 109.175370 12.911728 19.894352 1.929660 713.380772 39.515340 85.925432 52.877593 -132.203241 -9.983457 -144.920772 279.495864 -185.728580 14.598210 -65.475772 319.432747 124.811481 30.034228 21.106389 -0.809074 30.116111 -57.327500 -35.111821 3.156728 -11.107994 -6.306605 -30.340123 3.654414 241.191883 15.516451 104.173704 0.000000 498.473920 -8.740463 -14.699105 9.550463 -321.065401 -73.338395 -260.188179 43.358148 -98.568302 31.712253 -35.781111 178.211728 60.207963 9.356358 8.723519 3.141975 -24.689475 -24.401790 -1.153673 5.157654 88.726698 -6.801481 44.633796 5.093086 283.386142 2.877562 164.545802 -0.489321 71.028704 -33.851852 -150.279660 2.677932 -232.014414 -37.627870 -206.412623 -3.894290 -142.487191 -112.418673 26.876914 -15.020432 30.104414 -3.743148 9.650648 8.362654 2.212747 -35.588241 46.455216 -22.356265 75.774599 -13.815309 168.426636 -21.728580 138.850247 -40.733735 93.467623 -0.553272 -153.098025 -32.664691 -197.903272 0.848704 -76.509105 -10.138981 -70.391358 1.356173 -103.356420 -64.183704 27.463920 -26.427068 86.317593 73.181080 11.506451 36.803580 71.704012 11.967840 98.716667 -31.920864 59.070586 -368.848765 257.455216 -58.330741 -101.927099 -503.808549 41.862562 21.927840 -223.800895 -83.088117 -136.237377 0.338673 -8.042253 7.620309 -14.122778 2.147623 -0.357716 4.797222 7.970000 -2.401358 
107.677346 -51.937870 -3.960710 11.532593 83.145741 -79.217654 -12.419444 17.540123 -84.350093 -107.150617 -63.050432 -2.899352 -82.797037 -28.931512 -35.594506 -1.997747 251.901883 143.041080 5.352500 36.862253 2.296821 66.566944 -17.844630 58.339938 -111.578611 -47.021944 -6.489321 -22.515494 82.336080 -98.649383 8.303025 -6.087747 68.360525 -52.905525 -19.454012 9.348086 -73.400556 -31.188241 -68.405525 -0.328642 11.498086 -2.340617 -23.208148 2.012407 185.178704 23.462531 19.765833 25.096327 -56.046173 35.949198 -14.584012 65.802531 -76.009846 -12.356852 -13.495895 -3.642407 156.623611 -1.564815 27.768735 -3.170617 0.425062 -19.484321 -15.783549 0.878179 -84.851451 -9.347346 -56.559815 -0.691821 58.362407 2.408642 4.243426 0.829969 201.892191 10.353920 22.642716 12.453519 -67.391204 10.444938 -54.687747 53.502654 -41.371790 15.637716 -21.626080 71.178735 169.970741 29.522809 23.964722 0.389074 -54.906111 -13.596944 -25.481883 -0.490802 -53.097191 0.406975 -29.022840 -0.260710 101.281080 4.616142 35.494074 0.000000 141.822377 -2.733981 -15.510525 5.255093 -84.450895 -15.501975 -88.184784 13.061852 -5.380957 37.466265 -10.297778 23.025309 151.970926 32.316235 8.425370 6.982099 -91.543488 -1.706728 -16.670031 -0.836173 -6.608179 -0.899630 10.977315 -1.255679 109.056821 4.943920 46.366790 -0.112160 8.849074 -4.175926 -73.096636 1.953549 -37.354846 -1.751019 -66.103673 1.709105 -36.805401 -4.585031 8.353457 -15.076605 118.072623 38.858704 3.440463 20.396605 -90.241265 7.407130 11.055525 -10.081883 1.711327 11.705679 57.011512 -13.682901 34.910123 2.869660 9.669784 -0.884136 -47.113457 -1.807901 -85.961914 0.396852 7.101698 0.437870 -13.506790 1.247531 -18.118765 -12.931852 8.951265 -4.962562 113.432407 78.349290 2.756142 36.313457 -27.802160 100.870309 32.633333 -36.549877 -16.519846 -91.321605 60.783302 -65.999259 -50.999938 -117.136636 -60.071080 7.758086 -59.456142 -7.098920 -34.446327 0.099475 9.803735 3.238210 6.421667 0.827562 3.300309 5.480556 2.603333 -0.239012 
-29.646111 -104.731389 -0.686944 -8.104444 -15.072778 -64.174444 -9.697222 -0.050000 -69.415833 -36.016667 -2.896111 -1.228056 -6.437778 9.833611 22.639444 -0.081389 63.216389 5.352500 32.960833 2.806389 13.445278 -4.152500 16.179444 10.018333 -6.059167 3.147500 -1.712778 1.383889 1.780833 3.200000 13.328333 -4.215833 -14.189167 20.721944 10.647222 -1.855000 -34.700556 18.721944 4.594167 1.735556 23.628333 5.965556 16.434444 1.382778 32.813889 0.148333 20.963056 4.055278 -4.217778 -7.003889 4.022778 3.927222 -7.933611 -17.571667 -2.514722 -9.601667 27.481944 58.300000 11.503611 1.524444 -24.720000 15.397778 6.040833 -0.003611 -16.681389 6.487222 10.816111 0.376389 39.227222 5.366667 18.292500 0.069167 26.414722 6.809167 9.948889 3.968333 -6.890278 -14.732222 -15.888056 10.748333 -3.048333 -43.800556 -3.354167 -20.886389 10.813333 5.222500 3.950833 0.376111 -23.122778 0.928056 13.375833 -0.210556 -8.525278 1.626111 13.111111 -0.136944 48.214722 6.449167 23.436667 0.000000 -9.301389 3.655833 -1.760833 1.187500 -20.541944 -6.515556 -16.992500 9.876667 23.417500 12.431389 6.168889 6.966667 8.733889 6.948333 8.738333 -0.427778 -12.158611 1.243889 13.991389 -1.224444 -1.115278 0.113333 19.337500 -1.226667 36.938611 1.826944 31.260000 -0.035000 -44.341667 -1.966667 -19.430278 0.090278 -11.023056 -1.368611 -7.722500 5.451389 20.881944 21.459722 15.874444 11.428333 28.818611 -0.239444 6.613611 -1.308333 -19.589722 0.408056 10.600278 -5.885278 -6.224167 2.410000 34.290833 -4.865000 8.347778 -3.426944 -1.472500 -0.437222 -40.895556 -2.856667 -27.520556 0.228333 2.018056 -0.340833 3.611111 2.933333 6.752222 7.770000 8.944167 3.390833 56.302778 18.889722 3.833611 8.401111 -26.591667 13.917222 24.355556 -6.223333 -23.976944 -56.444444 23.755833 -19.306667 -24.617222 -47.370278 -23.432500 1.143889 -29.244722 -1.698611 -9.349722 0.065833 4.338611 2.328333 4.143889 0.501944 2.258333 6.163889 1.792222 0.145556 
