493.254167 145.505556 8.450926 70.752315 499.155556 149.542130 -9.506481 95.116204 -602.290741 -97.490278 -36.615741 -58.383796 -345.122685 -19.944444 43.675000 -42.501389 60.129630 124.050000 98.284722 19.102315 129.218519 54.889352 11.546296 52.906944 44.923611 -24.986111 -1.666667 10.152315 309.855093 -71.547222 -1.329630 23.180093 306.644907 -157.555093 -41.321759 61.476389 -258.271296 -63.248148 -6.023611 7.033796 -208.664352 23.192130 98.162500 -22.269907 83.045833 -29.137963 -47.996759 26.321296 187.037037 -195.669907 -49.699537 30.879630 35.943056 -90.484259 -4.577778 -64.539352 245.422685 -218.200926 -73.647222 25.607870 104.502778 -188.487037 -82.381019 -1.505093 -67.126389 -36.712963 75.637963 -15.323611 -91.877778 -17.917130 19.862500 -25.310185 74.895833 -77.359722 -132.964815 12.260185 232.503241 -93.538426 -36.340278 -9.538426 -110.211111 -53.023611 -5.576389 -99.447222 235.463426 -66.347685 -85.886574 31.477315 36.874074 -63.303704 -67.145370 -1.066667 -49.551852 -16.325926 69.650926 -18.544444 -153.196759 -11.217130 -10.559722 -13.418981 45.168519 15.270833 -1.445370 7.993981 168.049537 3.206481 14.806019 2.739815 -252.490741 68.568056 -9.022685 -6.722222 175.200000 23.924537 -83.287963 3.396759 19.659259 -53.400463 -58.904630 -3.614352 -186.926389 -55.620833 28.185185 -18.593519 -187.074074 34.965741 67.171759 -9.981944 -5.082407 68.215278 72.389815 11.103241 54.608796 -66.424074 -0.081481 7.861574 -190.944907 88.916204 -43.712963 21.187963 127.207407 -10.394907 -110.113426 -2.393519 49.780093 -26.177778 -43.843519 4.327315 -258.115741 -19.355556 -1.164815 -4.433333 -49.691204 18.191667 56.056019 12.326852 -28.266667 18.190741 55.206019 -27.292130 51.960648 -113.938889 -13.005556 -33.661574 -144.140741 -34.201852 -61.877315 2.562500 303.266667 307.247222 -46.611574 4.681944 198.742130 94.449074 4.397685 23.938889 -244.844907 -54.352315 -20.155093 -20.679167 -121.420370 61.025926 -10.781481 68.410185 -41.407407 199.613426 93.509722 -29.593519 -35.301852 -78.537963 7.679167 -81.193056 -156.049537 -41.330093 -72.377315 37.082870 
145.505556 166.611111 8.307407 36.024074 132.472222 172.981481 8.092593 53.312963 -240.114815 -16.027778 -8.475926 -13.825926 -114.842593 0.483333 42.566667 -18.266667 71.375926 87.833333 64.283333 10.729630 99.753704 51.559259 -0.907407 36.616667 34.572222 -3.077778 -2.255556 24.657407 143.579630 72.438889 24.790741 18.812963 106.675926 -8.974074 -1.318519 28.516667 -88.542593 -18.212963 3.738889 6.809259 -68.120370 -12.657407 38.905556 -9.764815 50.461111 -59.275926 -32.140741 7.892593 103.096296 -97.887037 -18.390741 -5.096296 17.027778 -40.446296 -1.122222 -25.281481 142.948148 -156.051852 -47.083333 -1.264815 90.166667 -123.296296 -31.375926 -3.135185 -6.544444 -44.248148 24.353704 -4.038889 -41.733333 -26.675926 -3.944444 -9.342593 34.522222 -36.450000 -54.240741 2.564815 102.331481 -42.685185 -9.383333 -5.874074 -58.572222 -10.438889 4.788889 -49.055556 122.535185 -58.442593 -45.603704 4.374074 41.981481 -32.662963 -27.574074 1.200000 -4.331481 -11.890741 11.985185 -0.233333 -50.374074 -0.203704 -3.277778 -4.274074 19.425926 33.222222 2.214815 7.185185 78.946296 14.329630 5.059259 9.346296 -129.381481 45.188889 4.935185 -10.083333 115.150000 11.924074 -45.248148 6.462963 33.346296 -4.459259 -26.492593 7.435185 -51.205556 -14.855556 8.981481 -4.953704 -34.809259 20.631481 26.535185 -2.983333 18.596296 35.511111 29.146296 11.987037 32.081481 -29.131481 -12.001852 16.692593 -87.725926 47.546296 -25.853704 -13.274074 114.398148 -6.342593 -51.268519 1.712963 20.046296 -11.944444 -28.309259 4.085185 -86.975926 -12.466667 -5.224074 -7.200000 -1.824074 4.572222 17.925926 8.714815 13.194444 -0.907407 9.820370 2.151852 20.112963 -43.516667 -8.094444 -17.464815 -70.703704 14.285185 -27.829630 -6.477778 193.777778 148.000000 -9.581481 1.366667 57.164815 40.075926 -5.207407 15.477778 -98.998148 -26.535185 -6.696296 -9.866667 -58.729630 13.940741 -10.790741 20.553704 3.735185 77.090741 43.866667 -15.025926 -6.037037 -45.970370 10.694444 -35.261111 -41.290741 -18.640741 -54.646296 34.962963 
8.450926 8.307407 5.436914 0.996358 24.168889 7.162531 2.491235 3.609691 -6.889753 -3.448704 -1.241975 2.828951 -17.018827 -1.745556 -0.991111 -1.360185 -0.638765 -2.948148 -2.673519 0.213765 -0.489506 -9.262654 -2.264321 -2.037593 -1.688704 -5.031111 -0.335556 -2.761790 38.671914 19.425185 11.556914 1.001173 11.784753 3.386605 1.725864 2.265000 -7.007160 -0.553951 0.307593 2.743642 -12.642901 9.616975 1.722407 -0.821420 -2.175370 9.145432 -8.390432 5.724938 0.009136 -11.994012 -4.007840 5.622716 -14.208704 -10.099877 -0.855556 -8.770309 40.931049 -27.865432 -7.908889 -2.798086 11.862963 -19.141728 -5.055494 -0.868951 -1.464630 -3.610123 3.983827 0.589074 -8.972593 5.145617 0.812778 -0.869012 -1.445370 7.088333 -6.673210 4.343086 10.434383 3.095494 -1.351296 11.656605 -29.229259 -2.937963 -1.392037 1.067037 20.167099 -19.965123 -6.761049 -1.840309 -0.989136 -5.124691 0.811605 -1.437407 1.022099 -2.663580 0.098395 -0.238519 -4.557840 0.253765 -2.161667 -0.243395 0.781975 9.285000 2.212346 1.506728 12.421543 6.208395 0.764753 4.874691 -21.858272 -0.080556 -2.609568 5.590000 9.378148 -2.264753 -2.425679 0.055247 4.917654 -3.514012 -0.871605 -0.629198 2.415370 -2.999444 -1.826914 0.658395 5.770988 1.271605 3.068210 0.495370 4.669136 3.269074 6.554691 1.561420 4.597346 -2.859012 0.660494 4.389568 -10.488457 0.916728 -3.306420 6.830494 6.707901 -0.456605 -4.229321 0.249877 8.864136 -2.760741 -2.026049 -0.043642 0.853580 -1.740370 -1.203580 0.570000 9.317346 0.539630 0.734012 2.916420 3.215926 -2.503210 3.428086 -0.073272 -2.136235 -9.438148 4.381111 -3.281420 -2.946420 -3.120864 -3.511173 2.870556 23.464815 10.293704 -4.062160 1.238333 7.508827 -0.000247 -1.964506 1.959630 1.569691 -2.103765 -2.191173 0.085741 6.750123 3.540988 -0.647284 3.627901 -0.162346 8.933025 5.245000 -2.680864 -2.795309 -8.329383 2.948704 -4.688704 -3.835247 -11.325617 -4.645617 8.049691 
70.752315 36.024074 0.996358 18.083302 30.021111 19.606698 -1.532654 17.446080 -101.204198 -15.022870 -5.228086 -7.335772 -40.292438 1.164444 10.520556 -5.353241 21.060123 25.290741 19.617315 4.005154 34.704938 13.472068 1.692346 9.413241 9.794352 -1.142778 -0.782222 4.609599 55.664969 -18.859815 -5.466420 8.867006 27.720586 -25.694228 -8.230525 9.773056 -43.673272 -9.368395 -4.728796 -0.378302 -26.063735 -3.467747 4.655463 -3.307809 20.376574 -16.616235 -10.980710 2.797716 37.104691 -30.871512 -7.572006 -3.676173 3.234907 -14.698210 -0.800000 -10.819475 48.027994 -44.312654 -16.920556 2.444414 12.204630 -30.538395 -14.212994 0.205772 -16.459352 -9.735679 1.876605 -2.925093 -14.241481 -5.913549 -6.528611 -3.100679 19.575463 -13.660833 -19.147654 1.580309 40.842994 -14.248673 -4.935463 -4.598673 -22.688148 -6.558796 -0.801204 -21.372407 45.511821 -3.969290 -9.629660 5.329414 9.268642 -8.646914 -9.417840 2.160370 -9.421235 -2.080247 6.893395 -2.302963 -22.641451 0.904599 -1.805278 -2.018117 8.616420 2.301944 -1.001543 0.564228 25.862377 -4.436605 1.091698 -0.989198 -45.739383 17.756944 -1.927623 -2.153333 34.430370 4.183302 -12.536235 2.512191 2.280988 -4.486512 -4.063272 2.271080 -30.693796 -4.641944 7.170864 -2.803272 -29.823457 10.496605 13.144599 -2.556019 -7.644753 13.290463 9.365247 2.443364 3.805957 -11.861235 -1.122840 -0.279043 -31.474290 27.628673 -5.693086 0.703272 27.620123 -10.073549 -17.308488 -0.296235 2.507747 -3.169630 -2.733272 0.889414 -38.670309 -2.615926 1.056420 -1.432222 -1.792932 2.602407 11.204290 -1.623025 -5.627407 -1.535432 7.929475 -6.309660 14.335710 -15.378148 -4.632222 -5.780586 -31.806420 0.244691 -10.545340 -8.101944 72.509259 50.086481 0.054228 -2.024722 8.147438 8.510309 0.817438 1.434074 -45.928364 -9.135154 -2.227562 -0.265093 -7.850988 21.738765 -0.399506 14.346235 -0.445679 39.023302 21.249722 -7.783642 5.256914 -10.923272 2.411759 -11.900093 -31.702747 -8.593673 -12.514228 0.053858 
499.155556 132.472222 24.168889 30.021111 3159.648889 504.868889 22.024444 320.320000 -691.262222 -274.412222 -154.172222 -53.015556 -2333.600000 -231.424444 9.356667 -263.927778 1.286667 419.533333 173.367778 58.363333 83.572222 264.900000 7.768889 182.032222 -12.542222 -54.845556 -3.471111 64.345556 290.588889 27.080000 63.114444 -35.354444 1473.224444 -495.247778 -22.582222 82.663333 -180.454444 -330.417778 -24.258889 68.153333 -1462.372222 176.611111 445.563333 -99.075556 33.012222 229.265556 46.405556 101.578889 288.580000 -430.452222 -188.664444 301.774444 -12.110000 -369.702222 -21.177778 -80.356667 297.230000 53.783333 -78.806667 -23.084444 224.577778 -383.932222 -369.312222 16.613333 -89.214444 -127.517778 205.341111 14.591111 -610.737778 9.434444 370.436667 -104.035556 -61.766667 -247.984444 -420.676667 37.085556 381.020000 -298.263333 -178.037778 193.947778 -288.017778 -170.550000 -26.710000 -145.628889 213.797778 104.755556 -261.401111 44.058889 -89.301111 -225.705556 -476.153333 -58.326667 -179.381111 -210.794444 -27.493333 -51.140000 -727.342222 -14.073333 48.543333 -54.741111 -50.692222 130.470000 -81.561111 48.778889 439.356667 21.293333 1.440000 95.661111 -392.534444 -37.483333 -50.716667 -7.092222 54.421111 72.332222 -395.693333 3.888889 309.487778 -224.192222 -470.483333 -26.807778 -314.165556 -311.804444 -138.643333 -75.706667 -920.461111 75.783333 168.433333 -60.666667 -3.250000 314.606667 175.115556 79.327778 184.720000 -72.837778 -48.438889 144.398889 -322.124444 -335.923333 -190.173333 -74.487778 -36.081111 -42.808889 -417.961111 -8.197778 674.906667 1.815556 -173.442222 42.924444 -310.103333 -38.734444 -63.091111 29.917778 -661.156667 58.781111 85.065556 63.832222 -8.392222 38.863333 173.477778 -46.275556 -102.620000 -324.007778 89.823333 -109.062222 -287.281111 -59.330000 -195.937778 251.557778 334.500000 408.841111 -196.453333 13.732222 1344.535556 499.893333 115.916667 178.510000 -70.098889 24.234444 -47.975556 -14.437778 -1041.435556 -73.298889 -96.987778 101.686667 96.566667 519.544444 253.712222 32.194444 4.115556 -186.426667 277.478889 -277.436667 -110.198889 126.972222 -140.612222 233.305556 
149.542130 172.981481 7.162531 19.606698 504.868889 540.129969 19.041543 133.622809 -371.061358 172.846204 -27.927469 65.373549 -399.340895 -34.495556 44.067222 -20.741204 58.969877 166.487037 88.703796 10.781512 80.678395 182.666821 -2.800123 100.976759 66.497870 43.649444 -4.052222 88.772623 12.657253 75.674259 44.996420 0.504105 216.932747 22.125340 27.651636 31.130278 -83.172284 -11.580494 5.354352 27.191636 -163.086265 -33.148920 90.536759 -8.844414 23.338981 -131.049321 -22.785957 -8.109938 84.159753 -148.748488 -34.319105 4.707284 148.663981 -9.638457 -5.650000 17.931698 -26.402438 -125.926235 -49.250556 -3.459969 56.839815 -140.940494 -62.647006 -17.935772 2.579352 -48.174321 20.932284 1.695093 -78.409630 -37.026451 15.364167 -13.252654 -15.269907 -90.938056 -83.481235 -12.271420 39.309228 -74.054660 -19.382315 -49.632438 75.828148 9.414352 0.805648 -50.243148 55.318179 5.363735 -87.691451 13.133920 -21.678642 -29.275309 -79.112160 -11.089259 -27.397654 -27.408642 -28.450062 -5.401481 -98.744105 -12.853488 -20.621389 -11.251883 -27.318642 16.450278 -30.081790 5.173549 39.630957 -15.745617 -10.342809 -8.621914 -31.753951 29.076389 5.594290 -30.926667 106.881852 59.762253 -98.387099 13.415586 40.659012 9.917623 -84.108951 3.892253 -14.990648 -30.420278 -26.594198 -15.428951 -114.982099 2.158951 5.466512 -14.005093 -55.577469 45.513981 15.235864 7.462191 4.407377 4.682346 -25.182716 12.207932 -13.751265 -49.227562 -31.228025 -55.104383 132.310988 56.987994 -98.652623 4.294012 70.835586 14.526296 -65.552284 12.025031 -71.431914 -10.149630 -19.304198 3.525556 -88.494846 2.572037 6.963488 7.135247 -15.402593 -10.300123 25.231636 -9.770340 -49.960154 -36.469630 -16.407778 -12.062747 -84.218025 -17.786914 -21.339105 10.599722 78.229630 169.600185 -45.584228 18.864722 211.161451 109.118580 6.104784 42.161481 2.021698 43.378488 2.314228 -2.947130 -171.035679 -13.334321 -16.684938 -8.110679 22.262346 77.987809 10.215833 6.661420 -25.283580 66.377716 -2.062870 -43.463241 -33.020586 109.860340 -29.406883 32.435031 
-9.506481 8.092593 2.491235 -1.532654 22.024444 19.041543 24.140617 6.097346 -16.829877 2.953148 22.317901 6.892531 -33.449691 -6.623333 1.458889 -3.850926 1.705062 -0.679630 5.502407 -0.363395 2.252469 4.381173 4.079506 -0.430185 15.624259 6.885556 2.547778 3.616605 3.481790 51.021481 29.466790 -2.918580 -2.652901 33.706358 26.238210 2.415000 -31.765802 -1.067531 9.489074 2.194877 -18.642284 -7.359568 3.374259 -2.772654 -0.751296 -7.915062 1.547840 -0.705309 5.707901 -4.482284 -0.526975 -7.957531 13.237593 -2.233827 2.611111 -13.949321 11.289691 -16.510494 8.180000 -2.310432 7.081481 -28.005309 -3.591914 -2.493642 -10.933148 -17.148395 2.686914 -1.559074 -13.754074 1.031420 16.879444 -0.801728 -0.154630 10.182778 1.492840 -0.272346 16.331914 8.315247 0.741296 2.620802 -18.205185 -1.689815 4.993148 -7.857037 -1.198951 -50.386728 -17.236358 -5.385988 7.000988 -24.245679 -11.318642 -5.594815 -18.271728 -11.034568 6.350864 -3.223704 -21.410309 7.493272 16.410556 -2.179198 2.960988 16.523889 3.189506 2.375864 24.711049 5.838642 1.688210 7.662346 -32.533580 -11.319444 4.618827 -1.204444 -7.462593 -10.510432 -6.269506 -1.929321 19.079383 -2.663395 -6.413580 0.314012 -14.097593 -6.099444 0.085432 -3.744691 -14.783951 5.746914 14.368827 -2.212037 -3.482099 24.598704 9.197901 5.757099 5.924506 -8.508395 -7.303086 8.600062 -23.837840 -26.780802 -5.824321 3.844691 -0.348272 4.468086 4.525617 0.078272 38.890679 1.642963 7.359753 2.477346 7.080123 -1.399630 0.569877 0.136667 -10.911049 3.680370 5.750062 6.795432 -15.124815 13.129506 4.523765 7.729198 -11.641173 -6.597407 -6.368889 1.511790 -8.703210 -13.055432 -7.463642 16.131667 8.385185 15.275185 12.840309 4.499444 48.906358 3.595432 5.694136 8.400370 8.874012 4.162284 -0.465864 -1.834630 -41.022716 1.424938 -2.788642 7.482840 -14.811728 32.865123 4.317222 13.679012 -4.368765 12.611975 -0.758704 -5.725741 33.627099 13.010802 -2.936975 29.881790 
95.116204 53.312963 3.609691 17.446080 320.320000 133.622809 6.097346 154.374414 -300.183086 -16.576759 -21.539198 116.518117 -306.445216 -29.854444 8.666111 -14.039352 14.680123 65.440741 41.215648 11.676821 25.221605 52.924846 5.055679 39.087130 23.221574 0.395000 -1.786667 22.152377 37.251080 -46.218704 1.881358 -0.717994 147.736698 -66.461451 -0.282191 22.744722 -51.505494 -36.347284 -3.501574 28.750031 -141.238735 4.773920 65.538241 -4.575031 12.319352 2.465988 7.483179 13.787716 40.984691 -49.854290 -29.022562 27.553827 38.383241 -56.683765 -1.116667 -20.706698 52.705216 -15.051543 4.483889 -2.392809 23.482407 -43.903951 -31.089105 -1.139228 -23.404352 -20.370123 30.284383 4.885463 -54.201481 -16.804105 42.166389 -8.169568 -0.438426 -34.642500 -55.302099 4.176975 63.932438 -38.837006 -20.820463 10.579660 2.805185 -29.356019 -3.547315 -53.423519 66.190154 21.616821 -19.266883 9.307747 -2.149136 -28.819136 -40.460062 -3.399630 -18.146790 -24.174691 4.672284 -5.387407 -57.747562 -17.765957 1.674167 -7.456451 -8.242469 4.380278 -11.584877 5.518117 86.932932 -15.115494 -4.771080 9.055247 -36.818272 -14.751389 -21.013735 -19.156667 6.195926 1.868302 -53.518457 6.570525 12.974321 -35.114846 -41.441049 -1.372809 -63.334352 -34.738056 -7.522469 -14.793272 -72.112346 8.957716 36.069599 -9.942130 -15.555864 66.588796 30.280802 10.962809 18.734290 -17.737901 -17.683951 33.939290 -44.879290 -72.152994 -38.033086 -2.534506 8.400123 -32.496327 -54.505710 1.850432 42.417191 -3.370741 -17.925494 9.005525 -93.623642 -7.617037 -2.940247 2.291111 -24.013488 6.972407 28.767068 6.786975 -28.408519 -4.477654 20.876698 -2.399105 -22.209290 -62.741481 -18.586667 -1.501142 -54.876420 -46.201975 -28.663673 57.141944 102.703704 85.222037 -7.262994 13.432500 108.830216 77.542531 29.942438 31.671852 -113.480031 20.835401 1.960772 19.194352 -98.753210 15.328765 -0.665062 25.494012 -10.801235 86.981636 33.692500 30.566358 7.800247 43.072284 18.765648 -26.295093 28.473364 77.181327 -17.290340 49.189969 
-602.290741 -240.114815 -6.889753 -101.204198 -691.262222 -371.061358 -16.829877 -300.183086 2206.818025 -16.577037 20.508025 -242.737160 276.061728 -112.496667 -149.821111 -118.229630 -290.223210 -224.281481 -196.017407 -48.049012 -205.233951 -156.304321 -54.640988 -107.877037 -150.284815 -119.573333 -24.026667 -77.811235 -271.097531 148.387407 6.155802 -38.453827 -327.666914 225.957160 40.259753 -103.214444 896.023951 57.887160 1.905926 -25.304691 -25.006790 84.397531 -147.873704 14.238025 -192.652593 271.180988 39.851235 -19.671728 -164.734198 234.857654 -9.803951 88.684938 -177.180370 -13.039877 -26.222222 39.195802 -234.681728 385.695679 133.365556 -49.848642 -92.581481 284.661605 102.938395 20.073827 363.183704 41.903210 -107.209506 41.059630 37.286296 144.723951 58.236667 12.529877 -158.103704 106.965556 86.219012 -9.139136 -199.141728 89.086049 4.543704 117.141605 23.289630 88.014815 -40.619259 203.297037 -329.464568 132.887654 98.510617 -38.138642 -84.898025 150.647531 93.057160 -6.611852 426.617654 10.953086 -174.237160 42.752593 141.207160 7.264321 30.871111 17.019383 -96.189136 -8.018889 7.484568 10.157284 -162.227901 -0.633827 -15.668025 50.252469 270.738395 -49.511111 -0.301235 48.552222 -220.647407 26.145802 165.077654 -12.264198 6.214321 125.800988 38.422840 -4.771975 686.138148 53.123333 -113.262469 64.610617 205.904321 -98.645062 -122.056790 23.059259 49.196914 -179.991481 -74.320864 -4.774691 15.549012 -18.561235 15.782716 19.133457 305.857654 -13.378272 29.073580 -66.216173 -157.529877 81.491728 111.634568 -11.482346 -16.279753 42.969259 15.830617 -10.034198 794.588025 32.772963 -29.310247 44.234444 -5.405432 -31.811481 -103.049877 12.696420 186.244815 5.553457 -54.308025 56.913951 52.934321 107.905185 71.078889 -16.843086 333.282469 40.461358 -1.982840 10.568889 -285.229630 -614.388519 -23.752716 -53.984444 -222.520617 -217.136914 -41.467284 -88.604815 922.253580 17.224568 -13.526173 -29.469259 111.649012 -198.077901 -50.927284 -128.762099 141.582099 -147.614198 -111.604444 116.735802 170.456914 195.479506 73.971481 96.676296 538.859753 -8.539506 79.676049 7.669136 
-97.490278 -16.027778 -3.448704 -15.022870 -274.412222 172.846204 2.953148 -16.576759 -16.577037 398.258611 -2.400926 102.121019 153.903241 82.136667 -25.668333 75.743056 -27.831852 -76.644444 -44.458611 -16.913981 -41.512963 -16.175463 -8.294074 -18.771944 18.620278 36.346111 2.223333 5.357130 -102.885648 46.238333 -12.755926 5.957130 -184.806574 158.826759 13.458981 -8.299167 -84.905370 105.424815 -7.260278 1.894537 185.722685 -29.011574 -97.307500 31.169352 -34.003056 -105.118704 -33.783796 -30.392407 -113.801481 64.092685 18.265648 -67.405185 23.077500 97.326481 -5.116667 25.429907 -154.934352 -27.499074 -54.153889 -4.856204 -69.219444 65.193704 16.999352 -11.989907 -75.446389 32.178519 -85.852407 2.350833 72.917778 2.698796 -108.461944 26.207963 -5.920833 68.055833 76.465926 -14.496852 -183.424907 96.116759 22.227500 -42.744352 69.393333 73.948611 -12.625278 65.818333 -126.740648 10.383796 -19.689537 -2.632315 -45.569630 32.131481 38.780926 -10.382222 -36.684815 45.175926 -53.827593 6.460000 132.851759 -0.008981 -35.127500 9.308426 -23.621852 -41.564722 4.578704 -13.145648 -171.140093 -9.702037 -21.168796 -28.262037 174.600741 22.140278 -15.880093 13.463333 -37.756667 32.316019 29.411296 1.267130 -78.827037 55.522130 52.760185 -6.540648 30.041389 67.391389 -2.695185 7.386852 163.451852 -17.843519 -55.880093 5.912500 -57.267593 -82.289167 -46.802037 -18.667130 -73.091574 76.302963 1.025926 -44.282130 187.256574 12.029907 21.545185 -43.475741 6.905926 98.899907 29.010648 10.517963 -144.365093 31.410000 11.779074 -9.600093 12.756852 15.993333 5.957037 -1.176667 112.620648 -9.488333 -24.498796 -13.539074 -33.197778 -39.855185 -25.397685 3.202685 -24.527870 69.458889 -6.904444 36.535463 68.231852 18.949630 72.936759 -89.729722 -168.950000 8.810556 19.416574 -6.413611 -240.203796 -82.339074 -18.483796 -30.123333 39.565463 61.761759 25.498981 20.294167 217.084815 50.530741 31.843704 -27.101296 -25.281481 -119.360648 -79.466944 -40.228704 -70.965926 91.289074 -86.303056 44.431389 -26.124352 87.666204 45.173426 -59.352315 
-36.615741 -8.475926 -1.241975 -5.228086 -154.172222 -27.927469 22.317901 -21.539198 20.508025 -2.400926 81.619136 -22.168827 94.742284 9.744444 36.538889 -1.287963 -6.148765 -18.042593 -0.343519 0.112654 -10.500617 -5.373765 1.362346 -11.506481 20.854630 22.755556 3.944444 -1.076235 -29.833642 58.851852 16.702469 -4.174383 -61.494136 54.846605 27.422531 -8.375000 3.922840 14.160494 37.867593 -9.983025 36.257099 -22.894136 9.565741 -1.833642 -10.123148 -29.112346 1.276235 -0.256173 -16.547531 26.829321 8.118827 -23.050617 38.849074 46.712346 9.100000 -12.711420 -20.692284 44.545679 9.283333 0.655247 -26.103704 14.216049 17.153395 -13.164506 6.273148 -8.573457 3.654938 -4.212037 18.740741 -5.557716 21.708333 1.054321 -0.089815 15.013889 26.951235 -1.646914 -12.575617 19.024383 10.367593 -6.970062 33.729630 6.462037 12.465741 -13.418519 -2.854012 -42.392901 -1.857716 -8.605864 5.303086 -10.758025 3.316049 -5.740741 -15.251235 -10.313580 12.411728 2.864815 -16.436728 5.095988 36.458333 1.335494 9.703086 14.686111 19.584568 -1.018827 -6.104012 19.567284 4.005864 18.991358 -3.399383 -15.458333 13.134877 5.277778 2.914815 -18.311420 14.009877 -1.539198 11.259877 14.801543 5.045062 7.916358 -4.560185 4.797222 1.675309 2.050617 -27.156790 -6.061728 5.690432 -2.599074 25.502469 -2.523148 2.413580 -3.949691 -5.207099 -7.706790 -5.133951 11.231790 -12.192901 -14.679938 14.963580 27.443827 10.179012 15.747840 43.859568 -0.590123 27.988580 14.670370 16.483951 8.833025 27.785802 4.018519 1.397531 10.366667 -30.501543 -1.537037 -5.145988 -1.885802 0.159259 20.056790 -14.616358 7.992284 -11.876235 23.551852 -17.400000 1.283025 -4.708642 13.169136 14.363272 -0.247222 -4.590741 20.914815 38.064506 -6.202778 18.952160 -12.908025 0.541049 5.351852 53.116358 3.031790 2.529938 2.382407 -27.393210 -17.029012 -2.417284 -9.515432 -36.795679 -0.105864 -18.069444 13.241358 -9.869753 23.011728 -14.615741 3.582407 -24.149691 -7.525617 4.207716 -5.578086 
-58.383796 -13.825926 2.828951 -7.335772 -53.015556 65.373549 6.892531 116.518117 -242.737160 102.121019 -22.168827 311.346265 -116.619290 -7.408889 -27.526111 107.160648 -14.072469 -32.409259 -8.582130 -7.542809 -17.237654 -3.234414 5.745309 1.096019 12.270463 12.081667 -1.301111 4.141636 -21.950772 -50.958704 -9.230494 8.649043 -83.784784 7.272623 6.399660 6.876944 -34.277346 16.557901 -13.436019 36.858549 99.998302 -0.663117 -18.235093 25.566451 -13.100648 1.267469 29.151698 -5.297099 -36.273827 54.633858 8.422623 -24.812099 36.324352 -17.803025 -0.727778 -1.632994 15.255957 -68.244136 21.415000 19.725340 -19.256481 19.994568 38.562377 3.083735 -38.861019 5.492469 -23.025988 6.256574 39.650741 -22.137068 -23.771389 15.029691 0.739352 37.649722 47.063086 1.594383 -16.886821 40.327068 7.720648 1.938179 13.025185 -18.239352 -8.378426 5.390926 49.217191 -5.229475 39.223488 14.395895 6.183827 -14.383951 47.246235 7.941481 -32.560864 -10.178395 0.494877 0.260370 103.242068 -37.492253 -14.739167 1.352068 -0.697284 -24.763056 18.628086 -6.698179 11.755525 -3.936235 -1.461451 -0.468827 56.183210 -39.279167 -41.076698 11.697778 -16.806296 -21.830216 -5.212531 9.496451 -47.935309 -24.201142 37.184877 -5.390216 -55.876574 15.775278 15.370494 -7.286235 143.585802 -11.840432 -1.587809 6.074537 -10.307716 -3.514537 9.604506 -19.568673 -15.634969 -11.054198 -12.304321 -1.466636 70.242191 -100.579290 -21.992716 20.452901 5.917531 -63.204846 12.590586 10.791914 -84.476883 -17.289630 26.065988 -4.319660 -99.159938 1.941852 8.857160 -5.406667 141.552809 -2.870926 1.633364 -0.202284 -28.915185 -18.226914 -4.077006 8.431265 -35.151142 -7.284815 -21.478889 33.117006 58.615062 -49.841605 27.068179 33.135278 24.370370 -18.595741 24.672932 36.769167 -136.907932 19.786605 20.949846 3.258519 -203.985216 54.961698 9.455957 25.618796 114.505309 33.568025 20.289012 2.896975 -20.508642 -57.759105 -27.833056 27.731173 -24.809383 72.328210 -25.765463 32.048241 78.877438 77.605401 33.159290 6.404784 
-345.122685 -114.842593 -17.018827 -40.292438 -2333.600000 -399.340895 -33.449691 -306.445216 276.061728 153.903241 94.742284 -116.619290 2398.475154 252.244444 33.302778 193.643981 48.219753 -282.059259 -120.681019 -37.368364 -108.893210 -160.178858 -14.541358 -109.077315 -35.616204 85.525000 9.516667 -13.290586 -254.795216 48.887963 -20.227160 9.561265 -1072.815895 368.085957 2.617438 -52.320833 32.190432 260.467901 18.399537 -79.110340 1400.726080 -199.146451 -298.271759 60.763117 -32.816204 -333.161420 -28.153858 -78.395988 -288.799383 257.081636 211.613735 -252.832099 13.764352 406.533642 31.688889 158.471451 -235.602932 186.211420 75.830556 16.079784 -107.795370 320.767901 262.072377 5.063735 128.307870 140.774691 -89.179321 -22.285648 577.468519 -64.519290 -299.284722 76.194136 43.583796 162.648611 377.886420 -31.136728 -402.183488 210.047068 165.516204 -214.991821 329.712963 153.760648 29.661574 126.267593 -178.840586 -50.290586 139.133488 -53.528549 118.143827 214.621605 359.231790 44.414815 83.124691 230.666049 97.590432 36.881481 602.488735 38.145525 -37.790278 46.683179 45.232716 -150.565278 46.372531 -44.530401 -428.787809 -33.042901 -11.238117 -120.113272 390.726543 42.281944 73.678858 -12.788889 -66.240741 -107.553549 246.921914 -18.509105 -226.303086 180.712191 365.107099 16.168673 109.235648 270.865278 150.104938 58.979321 697.346914 -59.090432 -159.593364 56.524537 -29.891049 -317.918981 -176.413272 -72.407562 -160.998302 121.341358 68.323457 -155.395525 258.551080 328.225154 191.061728 47.465123 -31.424691 19.530710 264.979475 -1.472531 -520.125772 4.287037 120.134877 -39.456327 100.831173 32.501852 54.949383 -49.194444 456.196142 -48.612037 -80.512191 -76.670062 -17.785185 -65.185802 -136.432562 -21.033179 79.017747 298.890741 -55.411111 95.127006 251.111728 113.972840 174.930401 -240.118056 -381.390741 -294.299074 133.736265 1.001389 -1002.327932 -372.420062 -94.333488 -137.920370 -95.089660 -75.181636 42.958179 -15.402315 849.841975 28.669136 89.023457 -104.477469 -19.353086 -548.853549 -198.559722 -89.063272 -13.760494 56.162654 -226.492130 242.122685 -96.204784 -113.189043 133.135957 -227.272994 
-19.944444 0.483333 -1.745556 1.164444 -231.424444 -34.495556 -6.623333 -29.854444 -112.496667 82.136667 9.744444 -7.408889 252.244444 111.895556 33.985556 30.827778 39.484444 38.400000 12.035556 8.571111 10.427778 9.172222 -2.090000 -0.152222 19.521111 25.642222 4.157778 5.796667 16.205556 -11.323333 -16.826667 4.546667 -93.434444 19.032222 -18.731111 -3.006667 -83.608889 55.842222 16.776667 -8.498889 148.177778 29.161111 5.110000 8.948889 12.230000 -57.735556 -44.211111 6.296667 -16.634444 -32.643333 5.210000 -18.067778 9.380000 19.495556 1.177778 -4.302222 51.654444 -20.133333 -12.641111 -1.735556 -13.422222 17.757778 6.425556 -3.223333 -59.001111 30.736667 -9.512222 -6.067778 54.330000 -47.842222 -113.332222 7.673333 18.822222 -28.830000 -5.897778 -0.523333 -29.354444 -4.021111 10.746667 -19.560000 -4.718889 4.772222 5.930000 -13.530000 44.278889 -27.211111 14.758889 2.140000 11.403333 20.027778 28.993333 1.591111 0.460000 22.666667 -21.242222 3.886667 85.382222 -4.574444 -50.952222 8.017778 24.887778 0.828889 9.511111 -4.670000 -39.675556 32.153333 6.374444 -8.250000 -7.980000 35.894444 8.855556 -3.790000 45.931111 -10.780000 9.357778 0.622222 -0.924444 8.848889 27.083333 1.301111 -9.636667 26.030000 -0.892222 5.236667 122.722222 6.233333 -22.783333 7.594444 43.388889 -39.681111 -15.024444 -6.750000 2.506667 35.518889 15.905556 -27.257778 -3.454444 66.708889 1.492222 19.735556 40.771111 -15.412222 3.205556 1.126667 -55.020000 0.414444 1.215556 -4.278889 -37.651111 3.981111 7.584444 -8.447778 101.925556 -4.704444 -7.002222 -6.807778 17.565556 -35.906667 -24.700000 -4.467778 42.532222 -4.765556 -1.853333 2.920000 5.232222 27.323333 33.480000 -53.906667 27.000000 -6.701111 29.710000 -5.446667 -100.756667 -49.641111 -13.755556 -17.413333 -60.470000 -5.225556 10.710000 4.330000 142.634444 30.596667 20.091111 -0.926667 -11.766667 -78.316667 -17.964444 -28.350000 -31.691111 -49.564444 -22.653333 17.237778 -104.770000 -47.027778 6.142222 -57.100000 
43.675000 42.566667 -0.991111 10.520556 9.356667 44.067222 1.458889 8.666111 -149.821111 -25.668333 36.538889 -27.526111 33.302778 33.985556 104.465556 -8.563889 84.246667 157.933333 107.940556 27.595000 89.838889 119.597222 11.575556 65.781667 60.845000 27.601111 -1.445556 43.318333 20.169444 -3.996667 4.591111 2.757222 10.961667 -32.760556 6.568333 3.461667 -14.712222 -6.548889 46.789444 -5.239444 22.336111 -6.419444 125.061667 -7.193889 44.218333 -89.632222 -0.191667 16.460000 104.492222 -115.761667 -20.077222 21.903333 104.635000 -18.086667 1.350000 -0.812778 28.695000 0.888889 31.601111 -0.679444 -13.244444 -24.584444 3.715000 -6.410556 -7.532778 -14.260000 44.286667 -5.443889 5.310000 -68.809444 -27.533889 -7.997778 13.558333 -110.301667 -67.195556 -3.407778 89.599444 -84.045000 -9.653889 -28.628333 49.728889 -28.713889 8.151667 -66.221111 42.338333 6.508333 21.570556 7.866111 10.012222 -7.233333 -10.435556 4.360000 -12.652222 -26.750000 -0.678889 -0.871111 -35.566111 -23.118333 -36.935000 -0.745000 21.703333 17.299444 0.450000 0.646111 60.973889 26.345556 8.857222 9.361111 -70.393333 7.986111 6.319444 -15.913333 35.478889 -19.129444 -28.656667 2.058333 36.978889 -18.688333 -25.961111 2.938333 -18.648333 -16.420556 -15.140000 -3.415556 -29.000000 6.111111 -2.313889 -2.808333 48.255556 6.451667 15.212222 -0.097222 25.332778 -20.540000 0.338889 13.037222 -85.600556 3.898333 -10.565556 25.643333 44.225556 -46.099444 -7.197222 -3.391111 55.096111 -7.815556 -6.335556 8.133889 -38.530000 -2.460000 -5.981111 4.143333 -14.368333 2.118889 -2.235000 0.506667 31.086667 -2.407778 -15.358333 -0.888333 12.478333 -40.158889 -18.195556 -9.918333 -49.430000 3.674444 -12.453889 -7.888333 149.555556 35.470000 36.400556 -4.451667 91.228333 2.223333 12.413889 14.223333 -12.676111 -16.870556 1.817222 9.440556 -30.303333 -6.167778 -3.206667 0.318889 -14.261111 17.219444 1.668333 0.766667 -0.471111 -23.401111 -1.176111 -14.393889 -64.326111 -32.697222 -27.190556 -8.897222 
-42.501389 -18.266667 -1.360185 -5.353241 -263.927778 -20.741204 -3.850926 -14.039352 -118.229630 75.743056 -1.287963 107.160648 193.643981 30.827778 -8.563889 97.587500 7.574074 -56.411111 -26.631944 -9.142130 -18.553704 -32.671759 -4.470370 -18.098611 -5.376389 14.230556 -0.233333 -4.864352 -34.139352 -16.141667 -13.329630 7.768981 -148.905093 32.022685 -3.032870 -1.106944 -57.643519 34.896296 -8.290278 2.772685 214.057870 -25.085648 -57.904167 17.630093 -1.287500 -33.276852 -1.274537 -14.517593 -54.457407 72.285648 26.922685 -46.459259 -0.851389 52.332407 1.205556 29.255093 -27.243981 -29.300926 -8.058333 19.918981 -23.302778 31.429630 50.696759 4.294907 -26.548611 19.903704 -19.556481 -3.756944 85.250000 -12.656019 -60.509722 15.573148 15.473611 45.329167 63.929630 -4.067593 -67.713426 48.561574 22.215278 -26.943981 38.500000 12.498611 -0.265278 38.497222 -1.847685 -21.375463 27.824537 2.116204 22.212963 11.540741 69.204630 9.177778 -29.379630 21.318519 25.789815 4.577778 115.414352 -9.344907 -16.687500 6.447685 13.146296 -25.895833 10.776852 -8.250463 -61.656019 -10.199074 -2.738426 -16.937963 94.464815 -12.454167 -5.161574 9.838889 6.027778 -22.264352 33.262037 1.552315 -50.596296 3.388426 56.900926 -0.108796 -35.554167 37.540278 31.401852 4.289815 149.814815 -7.639815 -20.872685 10.512500 -5.860185 -38.501389 -19.243519 -15.568981 -36.563426 12.970370 1.685185 -19.338426 77.571759 -5.083796 26.581481 10.843519 16.646296 -14.006019 43.336574 6.995370 -101.619907 -8.966667 25.250926 -7.133796 -56.221296 2.066667 9.479630 -9.727778 128.419907 -6.058333 -8.349537 -9.317593 -15.494444 -12.225926 -16.182870 1.941204 -8.522685 41.227778 -16.177778 36.616204 52.031481 -11.540741 48.372685 -32.487500 -52.105556 -25.880556 23.399537 11.926389 -182.946759 -41.750926 -10.841204 -15.577778 -120.772685 5.753241 8.928241 3.315278 175.185185 29.025926 24.951852 -7.884259 -7.135185 -92.081019 -29.979167 -22.937963 -38.762963 12.695370 -40.981944 36.029167 -35.577315 14.086574 30.150463 -38.200463 
60.129630 71.375926 -0.638765 21.060123 1.286667 58.969877 1.705062 14.680123 -290.223210 -27.831852 -6.148765 -14.072469 48.219753 39.484444 84.246667 7.574074 203.390617 170.737037 131.559630 32.348272 164.213580 144.250617 27.710617 78.412593 90.158148 28.314444 1.902222 54.662716 65.540123 -77.164074 -0.342099 16.494198 -5.741235 -77.604198 -3.587901 6.871111 -115.544691 -23.660864 9.434074 -5.933457 57.360494 -49.612346 78.735926 -8.433210 126.622593 -147.369506 -4.710494 6.965802 159.900123 -141.238395 -12.081975 -22.704198 128.372593 -28.864938 -0.894444 1.815679 82.573580 -112.521605 17.836667 2.921235 2.459259 -53.400864 17.350864 -0.120864 -56.999259 -29.813951 41.845802 -9.614074 25.872593 -90.555802 -63.543333 -6.160617 52.681481 -122.474444 -64.747160 -5.646790 114.920247 -87.046420 -6.368148 -58.824198 42.095926 -37.242593 10.400370 -83.711481 50.622716 -10.633951 18.428642 7.391235 30.452099 -6.329012 6.551358 4.692963 -62.635062 -17.690123 28.349753 -6.300370 3.112469 -12.830617 -41.146667 -1.007531 59.364321 27.367778 0.989506 -0.761358 76.257160 19.084198 15.417654 -9.587654 -116.788025 17.161111 6.066049 -17.590000 23.427407 -19.873210 -29.981728 1.229012 14.041605 -35.812840 -8.458025 -5.008765 -86.773704 -15.136667 7.400988 -12.526914 16.649383 22.930247 8.616049 -1.209259 42.740123 16.089259 5.699012 11.643210 36.057284 -36.942840 -0.397531 -4.534938 -113.632840 40.817531 -17.806543 30.210247 22.238395 -69.264691 -26.910494 -3.035062 2.425679 -26.367037 5.101975 -0.844321 -113.844321 -6.709630 1.527654 -7.658889 12.070617 3.527037 4.876173 -3.025679 1.945185 -5.722716 -18.617901 -5.281358 10.987160 -32.134074 -27.708889 -2.089877 -93.266543 -5.942099 -14.373086 -43.973333 140.940741 46.478519 27.796420 -0.974444 22.401358 -6.859012 19.452469 7.112593 -141.863210 -45.186049 3.745802 16.272593 -5.064938 24.196049 7.776914 20.485062 -22.033951 -10.765432 9.552222 -32.409877 1.476790 -81.228025 -36.212593 -9.264074 -73.165679 -63.786420 -43.399753 -5.832099 
124.050000 87.833333 -2.948148 25.290741 419.533333 166.487037 -0.679630 65.440741 -224.281481 -76.644444 -18.042593 -32.409259 -282.059259 38.400000 157.933333 -56.411111 170.737037 574.955556 302.550000 61.979630 229.987037 555.864815 69.720370 215.194444 196.566667 117.100000 0.911111 154.074074 49.212963 -153.388889 2.429630 3.501852 214.437037 -208.568519 -13.474074 9.616667 46.346296 -58.890741 47.494444 2.320370 -140.103704 90.042593 374.077778 -19.375926 135.583333 -63.587037 107.020370 32.542593 367.562963 -302.437037 -79.151852 134.059259 406.794444 -154.001852 -5.377778 56.340741 109.903704 -44.907407 111.733333 22.607407 4.061111 -112.468519 -19.225926 3.103704 -39.466667 -23.792593 130.070370 -6.588889 -69.222222 -184.664815 -45.194444 -29.759259 11.661111 -484.677778 -308.924074 -20.074074 292.659259 -415.512963 -75.744444 -103.968519 260.266667 -131.211111 15.205556 -191.561111 157.274074 86.512963 67.546296 43.851852 12.375926 -31.846296 -45.651852 8.222222 66.768519 -88.018519 -30.664815 -12.455556 -104.824074 -87.598148 -184.277778 -13.129630 41.220370 60.377778 -57.640741 10.968519 185.557407 81.235185 34.431481 5.190741 -164.564815 53.866667 25.440741 -81.650000 143.877778 -40.437037 -116.448148 11.474074 158.707407 -95.370370 -106.503704 -2.492593 56.711111 -94.338889 -78.385185 -20.131481 -76.431481 30.125926 -1.598148 -12.822222 164.057407 72.566667 55.696296 30.264815 119.037037 -81.220370 -0.929630 54.931481 -202.520370 -20.703704 -65.670370 23.464815 142.048148 -200.048148 -117.962963 -10.837037 218.235185 -49.027778 -52.159259 12.118519 -62.542593 -15.894444 -21.196296 1.866667 -24.524074 14.333333 15.159259 13.442593 110.050000 -46.885185 3.087037 3.296296 77.657407 -208.650000 -13.527778 -25.742593 -93.781481 -53.953704 -83.301852 30.144444 383.133333 -77.711111 15.201852 14.983333 387.298148 59.064815 35.864815 38.638889 -40.303704 -30.762963 -7.351852 18.155556 -193.912963 -15.892593 -21.707407 44.687037 -20.009259 109.929630 60.316667 53.151852 34.712963 -74.387037 56.983333 -33.016667 -19.812963 -35.074074 -50.868519 70.796296 
98.284722 64.283333 -2.673519 19.617315 173.367778 88.703796 5.502407 41.215648 -196.017407 -44.458611 -0.343519 -8.582130 -120.681019 12.035556 107.940556 -26.631944 131.559630 302.550000 317.147500 33.291759 226.107407 431.297685 155.416296 167.977500 281.118611 158.587222 13.343333 175.003981 18.391204 -146.699444 13.372593 -2.718241 98.689907 -126.204537 27.624352 2.399167 6.605370 -54.530370 24.799167 -10.672315 -4.056019 -23.455093 233.574167 -7.147130 135.814167 -208.653519 145.617130 10.431296 260.001481 -319.320463 -2.976759 4.644074 490.900278 -84.909815 5.972222 26.064537 23.351019 -57.784259 101.926111 -1.827130 14.652778 -97.338148 10.806204 -8.104537 -0.681389 -47.739630 69.524630 -10.378611 13.421111 -135.982130 4.739722 -14.363519 37.565278 -293.761389 -158.682593 -15.236481 168.458241 -257.450093 -34.188611 -115.761204 279.017778 -86.931944 30.353056 -178.329444 60.129537 61.560648 46.167315 25.065648 41.719630 -34.675926 -33.919815 10.004444 -4.215185 -66.075926 17.883148 -15.204444 -56.312870 -47.924352 -74.633611 -5.786204 31.577407 39.053611 -7.217593 -0.426574 98.973426 67.035370 27.529907 -1.410185 -96.578519 30.426389 19.963426 -58.891111 33.912222 -21.966019 -76.016852 7.110648 71.677037 -62.805463 -61.949074 -2.948241 -56.619167 -51.358056 -25.254815 -19.281296 -46.096296 11.665741 12.735648 -8.923611 93.200926 11.250278 48.229815 -1.121759 72.769352 -83.536296 -5.659259 9.526574 -118.923241 -11.363241 -56.845185 20.275741 13.460741 -132.572130 -68.838426 -6.417963 136.626204 -22.276667 -2.151296 11.922315 -102.723519 -5.860000 -8.162593 2.948889 -23.942870 3.105000 8.687685 10.100185 79.425556 -40.644815 -6.691204 4.058426 65.150093 -138.031111 -25.006667 -21.818796 -46.237407 -65.482963 -50.847870 -25.898056 264.394444 -32.121667 57.155648 14.296944 282.214907 37.883519 53.478241 35.328889 -72.271019 -26.867315 9.123241 25.794722 -184.923704 -17.052963 -9.154815 20.873519 -30.118519 56.321759 16.361389 34.173148 36.565926 -7.227963 -12.813611 -1.486944 5.974352 9.067130 -20.023426 23.607870 
