1136.180900 435.504132 3.586777 250.393021 469.695592 114.959596 -0.432966 179.369146 -146.177227 -53.501377 2.264004 -49.477043 -18.701102 -17.787420 13.381084 -97.529844 135.530303 99.230028 -22.664830 -44.076217 -47.961433 41.853076 -43.079890 -15.177227 23.234619 50.009183 -37.044995 -2.669881 549.470615 -9.675849 1.357208 105.551423 435.307163 41.550505 -3.883379 156.254362 -46.436180 109.954086 24.981175 -22.347567 6.729568 101.131313 49.698347 -34.685950 55.623049 -0.150597 -59.862259 -0.904040 -4.264463 -7.050505 -68.658402 -5.764922 19.506428 -100.359963 -0.506428 -40.032140 92.681818 169.502755 88.825528 -49.668503 77.550046 80.688705 15.251607 5.752066 -44.979339 138.188705 8.276860 3.965565 -35.630395 57.466483 -81.452709 -16.658861 124.768136 -10.460973 -119.921028 3.608356 42.031680 -23.738292 -63.767677 -3.259412 -48.998623 -94.223600 -46.321855 57.919651 16.689164 390.807163 47.023875 -29.902204 9.702479 12.639578 -47.735996 4.223140 43.057392 -78.445363 -113.240588 14.607438 -36.806244 -22.297062 -95.586777 -25.811295 91.968779 -15.596878 -23.719008 -14.278237 39.658402 -17.561983 -71.118457 1.801653 247.493572 -53.752984 -104.042241 74.679982 -53.417815 -141.772727 -218.196970 -18.165289 37.159780 -133.264463 -127.050505 25.574839 137.616621 -76.128558 -34.855831 -24.768136 -8.969697 -35.252525 -10.821855 -70.121212 -7.084940 -30.283747 -16.742883 -19.960055 -0.532140 81.128558 -53.515611 0.661157 150.435262 145.369146 110.825528 -1.264463 -76.225895 -162.291552 -143.416437 -20.027548 9.141873 -49.843434 -54.962351 -4.320478 139.629477 -34.410927 -0.387511 20.629936 76.442608 -39.197888 -4.286042 -122.590450 -24.974288 -4.215335 -10.027089 -95.223140 -5.328283 132.275941 12.408173 -22.597337 -3.154729 96.347107 53.912305 -1.920110 -59.673095 -52.937098 -41.271350 -3.528926 -6.635445 -1.625803 -6.943067 -3.426538 53.666208 -19.866391 7.550505 54.734160 317.539027 3.809458 8.972452 54.875574 4.490817 -81.922865 -21.244720 -243.557392 -50.873737 -108.492195 -11.775941 -118.086777 -28.709366 -69.024334 -3.790634 -33.660239 
435.504132 513.697174 7.002602 157.143302 81.547444 73.994949 -0.175390 50.338843 -93.819763 -28.998572 5.696664 -44.195337 141.307877 23.463422 70.245281 -57.038823 29.630752 28.920824 48.001275 -32.470717 -73.689266 -65.035813 -31.230283 -19.294511 -100.194674 -97.618763 -37.004030 -28.514437 388.967248 156.316294 4.313999 108.522243 150.306601 65.436027 -0.849709 66.617437 -43.340782 39.380573 27.980053 -38.293695 65.873788 10.472503 54.792623 -18.373380 -12.112080 -7.721865 -43.705132 -2.263187 -36.154474 5.102694 -61.743700 -12.015764 -120.147893 -33.115856 -40.221916 -30.496786 147.731762 168.322620 19.321039 31.896592 47.633099 75.997908 2.279104 23.459137 -95.313233 73.175237 14.767881 -27.227477 -13.700541 73.881747 -22.217580 -7.754260 10.155341 126.136670 -75.450209 -9.205336 -12.021069 112.252168 -46.544332 -2.547291 -19.415570 57.046322 -83.328028 20.415162 43.083104 258.549587 -15.748852 -7.948220 8.372513 19.970666 -57.543516 23.221457 -28.120498 6.834660 -44.525099 5.022141 -49.276502 16.968932 -30.010458 -18.780431 -61.622692 29.574278 -25.712835 -19.393837 -24.041373 5.948118 -38.070197 -0.463218 187.556423 18.777880 -58.440669 35.590195 -26.568768 -131.466891 -127.695286 -17.636670 20.058770 -70.906999 -86.997755 5.336343 25.432558 -11.073564 -29.721151 -2.588562 -26.887205 3.998316 -10.488522 -15.998878 -39.327365 0.394143 8.768340 -15.341088 -12.337415 77.402969 3.644883 -2.353433 96.278696 120.751301 55.739108 -0.680849 -37.768544 -93.423426 -84.332823 -10.441128 0.258596 -23.631313 -27.435976 -5.511274 7.271452 1.007142 -4.087287 -6.599021 39.296704 14.927813 -4.003214 -35.683604 21.399449 33.813846 2.197939 -25.465004 1.367565 66.525099 10.842516 -10.735384 1.666259 31.961024 14.288848 -1.306193 -35.076013 -27.118916 -20.526120 -2.303336 -6.032752 -0.340731 -3.544638 -1.936078 -11.951638 -12.280533 0.987654 2.667942 92.386389 -7.067085 -1.754821 -14.269207 70.632231 7.339200 -12.167279 -62.912611 1.086420 -15.724518 -5.623304 -30.016631 -15.102183 -32.870574 -1.299051 -15.965514 
3.586777 7.002602 1.077365 2.803107 1.819559 0.977273 1.018825 1.608127 -1.970921 -0.448959 0.215794 -0.557469 6.648913 -0.227732 1.124809 0.887588 4.585017 -1.739287 -0.719850 0.863254 -2.706076 -4.012167 -1.635598 -0.561830 -4.325528 -4.953627 -0.986991 -1.225742 2.244031 0.608509 0.769896 1.728038 4.328359 1.083333 0.678834 2.118534 1.756045 0.200796 0.044919 -0.008494 3.309994 -0.685185 -0.753903 0.205311 3.534359 -1.155800 -2.672253 1.653199 -1.073079 -0.752525 -1.951867 0.598255 -7.126798 -4.051653 -1.384986 -1.157254 0.221380 1.547750 0.129859 -1.057086 2.008877 -0.808234 -0.116927 0.353994 0.079507 0.379477 -1.032752 0.628711 0.646388 3.131160 -1.310759 0.121824 -0.601469 4.837236 -1.594965 0.125650 -0.918886 5.713881 -1.180135 0.751837 -4.563667 3.320401 -3.697505 4.851393 -0.934114 -0.132920 1.132691 -0.328436 -1.419651 -1.307086 0.923707 -0.435262 0.357591 -0.460361 -1.516988 0.928757 -0.560759 0.842516 -0.765917 0.115167 -1.989822 0.058157 -1.185874 -0.334558 -1.165136 -1.735996 -2.864708 0.008111 7.613330 -2.097184 -2.482170 2.745944 -0.490435 -4.084175 1.722222 0.278926 -0.715335 -2.737221 -0.208754 -0.500765 1.523952 -0.523799 -0.575987 -0.530686 1.305556 -0.588384 -0.433196 -0.743266 -0.930211 -1.684267 -1.033211 -0.305938 -0.269207 1.858815 -0.948194 -0.228497 4.653122 2.219238 7.001913 -0.029308 0.442225 1.212427 -1.056627 0.240511 0.316039 -0.353535 -0.455158 -0.137435 0.101163 0.212274 -0.293465 -1.006198 2.015305 0.323309 -0.312443 -0.786654 0.587925 0.928298 -0.092440 -0.884604 0.581650 5.516988 1.811524 -0.382461 0.401362 3.141950 2.720692 -0.037802 -0.724212 -0.671488 -0.512320 -0.041781 0.135445 0.055938 -0.085552 0.129400 -1.108127 0.144169 -0.074074 -0.012779 1.742118 1.085323 -0.086088 0.740588 0.792011 1.108892 -0.116391 1.006887 -0.966330 -1.098714 0.025099 -0.744873 -0.266223 -0.848561 -0.047750 -0.413835 
250.393021 157.143302 2.803107 121.566702 70.850474 16.623737 0.137741 73.603994 -28.775992 -17.509514 6.237068 -10.840960 34.043567 -7.481022 24.210769 -4.100270 -3.652918 9.739848 8.904474 2.957734 -27.967886 -27.795914 -12.430619 -2.851750 -17.053260 -34.209672 -11.217835 -12.854505 112.070784 -1.953066 1.415850 59.448169 101.785558 8.478956 -0.938093 79.460030 -7.182532 16.343536 13.809178 -1.745715 19.080017 11.928732 28.524946 -8.020687 -6.252653 -8.290889 -13.386109 -7.089787 -14.082925 -21.417508 -27.449929 -6.990511 -54.399577 -52.189088 -10.623431 -30.438705 0.427890 50.383226 15.513800 -7.828997 15.121314 9.777370 2.070350 21.100551 -11.187812 33.223217 -14.381951 9.447607 -12.972426 32.216764 -33.955795 -5.836751 -12.587083 64.679599 -34.648021 -2.481430 -1.726456 69.909576 -19.350730 -3.716483 -57.674829 32.592618 -37.716075 24.246812 -7.308310 127.501607 7.387511 -8.411183 -27.284053 14.681946 -8.805300 -2.475513 11.188425 -9.667024 -42.403887 11.048235 -16.916233 27.706305 -27.812647 -1.501811 -24.477069 22.106265 -9.380344 -5.410672 -7.830936 15.539027 -11.679625 0.336445 71.314840 -0.052087 -34.828716 27.612080 -20.088129 -39.404602 -58.877104 -2.386670 -17.769513 -31.716764 -30.721661 -10.013825 21.537777 -6.963295 -8.127717 2.451000 2.877946 7.758418 1.635216 11.404321 -14.342516 41.587746 15.002347 6.796959 -9.653913 61.274181 0.741685 -0.031885 34.665060 43.516452 50.470590 -0.878660 -21.234032 -45.825783 -41.240231 -3.485741 -13.465310 -13.303030 -14.843383 -9.898480 -10.654474 -9.807673 -2.399577 -10.222758 22.411183 0.896669 0.827594 8.141312 11.513085 34.026808 4.664269 -0.390929 -0.212402 65.469544 4.976354 -3.765687 -1.566906 34.879375 20.386491 -0.627742 -15.756147 -13.813361 -10.627972 -0.995256 -6.249923 -0.592414 -1.755076 -2.329176 -38.590526 -9.012856 -0.182379 -14.423809 39.071574 -9.945031 -2.954316 5.892409 55.864555 -7.126288 -6.674855 -8.200490 10.508979 -19.446740 -2.384247 -18.747271 -7.264641 -17.617207 -0.895011 -8.625446 
469.695592 81.547444 1.819559 70.850474 1576.015611 288.727273 13.984389 345.311295 378.099480 4.751301 -8.237833 97.152280 -607.860575 -189.335170 -87.204469 -245.983318 331.836700 -87.453780 -122.988828 -88.979645 13.258188 -147.548669 -62.368993 -12.885369 -262.302112 -86.420569 -0.853688 -17.768289 -128.983471 -216.027242 0.133456 -118.050811 839.810070 -65.469697 11.594123 101.652586 631.505663 64.705540 -31.978574 140.450872 -227.157331 88.523569 -84.101469 -84.303336 244.645852 -26.505357 -73.397766 -22.415825 89.039333 -101.969697 -2.910162 -14.687787 -73.700796 -10.883379 30.449954 -96.795684 -302.370370 164.292011 86.022804 -192.277166 75.316651 92.551576 68.464953 -184.679982 417.344965 44.058310 -100.437404 101.442455 -9.264616 212.778849 -187.569636 -7.509336 228.215335 140.207530 -104.873125 45.206305 102.174625 83.010407 -53.026936 25.628558 -30.251301 34.269819 -120.675543 -58.929446 -95.756657 521.129936 135.409550 -62.615090 -164.779614 296.636976 52.304255 -133.801653 297.403428 -32.065350 -145.674013 32.036578 166.157637 67.223600 -134.176462 13.827671 298.976737 90.001990 -14.529691 20.604530 156.489287 69.657025 -108.765228 36.372513 306.310223 172.882308 -84.945516 72.980410 -92.963422 -91.259259 -228.065657 -27.995409 -97.517906 -156.369758 -156.604377 -95.237068 332.425773 -70.987450 -41.359504 -186.757423 374.631313 -31.166667 -8.874197 -88.976431 175.804408 -16.290940 -9.272574 -37.116009 115.697582 102.303949 -40.890419 8.301500 160.784206 268.013315 123.832568 8.803642 -114.981941 -285.552648 -215.598561 -26.973982 -45.288032 -83.530303 -85.081573 -46.967248 271.756504 -35.985920 3.814356 -221.469238 427.271656 -57.058616 2.755280 -296.316651 15.897153 -58.000612 -13.640802 -152.136058 -3.654882 38.694215 -6.137741 -35.292470 -0.978727 79.044230 30.990511 -1.467707 -79.779002 -79.312213 -57.951638 -4.056015 -13.059229 -0.490052 -10.254668 -3.292164 132.532140 -17.024334 14.942761 -16.579737 622.971840 -2.973523 5.095041 -62.542700 36.370064 -139.784971 -33.364555 -352.250230 -108.220539 -158.298898 -8.599939 -172.093970 -22.032905 -71.299969 -4.751607 -45.446587 
114.959596 73.994949 0.977273 16.623737 288.727273 151.340909 4.313131 72.825758 13.823232 16.825758 -0.156566 3.770202 -71.848485 -35.040404 -16.088384 -44.017677 106.194444 -36.588384 -37.573232 22.861111 -6.088384 -87.502525 -45.540404 10.055556 -132.777778 -107.863636 -26.186869 -32.949495 17.244949 -45.191919 -0.027778 -26.742424 284.002525 23.426768 4.063131 53.446970 130.444444 11.757576 -8.441919 26.108586 -55.199495 -11.919192 -25.737374 -16.800505 31.623737 -11.363636 -40.446970 17.979798 15.689394 6.606061 -31.704545 4.676768 -113.926768 18.578283 -30.219697 -27.911616 -71.376263 6.636364 11.164141 -65.146465 91.525253 1.308081 14.292929 -44.338384 93.285354 14.250000 -32.242424 30.520202 -26.542929 74.318182 -30.012626 -6.156566 -11.777778 101.426768 -19.815657 -0.297980 -5.474747 78.118687 -28.398990 7.785354 -10.702020 21.194444 -90.926768 29.939394 -23.664141 219.462121 31.141414 -22.762626 -35.095960 75.906566 2.154040 -40.525253 52.770202 -9.959596 -50.782828 6.462121 14.368687 41.500000 -26.189394 -1.391414 -36.861111 22.065657 -12.300505 -8.904040 -13.949495 9.121212 -47.853535 5.797980 160.401515 22.505051 -33.017677 27.525253 -26.143939 5.171717 -80.065657 0.315657 -7.636364 -40.383838 -60.489899 -24.434343 78.143939 -26.391414 -20.744949 -57.330808 78.618687 -10.421717 -7.840909 -24.108586 -5.929293 -8.510101 -15.358586 -10.964646 12.454545 72.654040 6.431818 4.641414 65.345960 96.027778 86.320707 3.179293 -37.320707 -96.030303 -71.888889 -5.755051 11.202020 -19.752525 -27.424242 -7.171717 58.979798 -8.813131 -3.835859 -59.936869 103.040404 -18.896465 -3.901515 -79.267677 16.714646 6.300505 -1.444444 -36.727273 3.795455 45.232323 14.083333 -10.777778 3.285354 31.421717 16.989899 -0.676768 -32.575758 -27.952020 -20.446970 -2.015152 7.555556 1.295455 -3.651515 4.542929 45.199495 3.590909 0.252525 14.674242 119.131313 5.457071 0.694444 -27.500000 36.368687 -18.340909 -3.724747 -88.752525 -16.050505 -47.161616 1.792929 -52.247475 -12.290404 -36.845960 -1.661616 -17.151515 
-0.432966 -0.175390 1.018825 0.137741 13.984389 4.313131 4.490358 5.244261 1.366850 1.575298 1.682277 0.839302 -4.243802 -2.553719 -0.859504 0.299816 19.656566 -1.842516 -2.543159 9.826446 -0.163912 -8.203857 -3.269054 -0.107897 -11.202938 -10.634986 -2.634527 -2.290634 -8.577135 -5.905418 0.565197 -4.531680 15.208448 -1.484848 3.269513 0.800275 20.123967 0.260790 1.677227 4.170340 -7.859504 0.863636 -2.272268 -2.087236 3.340680 -2.531680 -3.812672 2.050505 1.351240 -6.282828 -3.032599 1.495868 -14.080349 -12.192378 -3.758035 -2.345730 -7.979798 2.011019 1.615243 -5.987144 0.493113 0.057851 1.834711 -7.082645 12.779614 -2.629017 -2.766299 3.645087 -3.072084 6.345730 -4.876492 -0.145546 -6.407254 9.085399 -1.759871 -0.182736 -0.181359 5.188246 -1.803030 2.487603 -10.600551 5.181359 -9.191460 5.032140 -2.415060 9.698347 2.585399 -1.063361 -4.801194 3.214876 1.076217 -4.577135 8.017447 -1.786501 -3.891644 -0.413682 2.138659 2.549128 -2.821855 0.876033 -5.539027 4.213499 -1.350781 -0.491736 -2.341139 3.085399 -5.579890 1.156107 8.630854 8.922406 -5.921488 3.861341 -3.282369 -4.818182 -4.161616 0.980257 0.452250 -6.653811 -2.237374 -1.559229 1.158402 -1.024334 -0.817264 -5.264463 6.080808 -0.025253 -0.741965 1.297980 -1.900367 -3.831956 -2.602847 1.190083 -0.497245 1.620294 -4.532140 -0.148301 5.387511 3.400826 8.685950 0.351240 -2.529844 -0.933884 -4.453627 -0.261708 3.713958 -0.131313 -1.637282 0.430211 -2.118457 -0.067952 -0.600551 -6.005510 2.659320 0.516529 -0.371442 -3.442608 3.375574 0.764922 -0.881084 1.758953 1.257576 6.219927 1.572084 -0.187328 1.118457 5.004591 3.426997 -0.104683 -2.005510 -1.859504 -1.418733 -0.115702 2.887511 0.506887 -0.236915 1.288797 0.488062 2.342516 0.015152 1.401286 -4.485308 1.571166 -0.448577 -6.568411 -0.819559 4.040863 0.394858 0.790634 1.742424 5.778696 1.461892 2.344812 3.692837 4.003673 0.115243 -0.539945 
179.369146 50.338843 1.608127 73.603994 345.311295 72.825758 5.244261 150.126033 56.022957 -13.660927 0.976584 31.617309 -96.611570 -45.366391 -14.344582 -21.606290 40.340909 -24.604913 -31.614555 20.182048 -41.117769 -83.171488 -27.480257 -3.325528 -93.973370 -82.853076 -5.310836 -23.056474 -18.654500 -69.045914 -0.367998 -1.162075 229.295914 -27.638889 0.641185 99.451102 144.233242 -2.078053 -12.192608 54.148531 -53.324380 -4.252525 -26.523416 -16.543388 47.461203 -26.197429 -38.419881 2.126263 -1.077365 -53.181818 -21.582415 -8.400367 -97.803719 -32.913453 -1.681129 -56.143021 -103.568182 21.185491 17.559458 -56.817264 14.765381 -4.945363 11.490358 -30.219467 127.161387 0.799587 -54.474288 46.878329 -16.861570 54.418274 -77.826676 -2.349862 10.542700 97.293618 -23.925849 6.395317 10.112948 105.669651 -13.181818 0.124656 -63.094123 67.485537 -60.940083 8.365932 -44.940542 155.275712 21.730487 -17.970615 -71.022957 86.422635 20.489210 -43.980257 77.860193 2.419651 -60.571625 15.039715 31.569789 70.327824 -35.077824 10.102617 8.275712 60.000459 -5.456152 -0.785124 7.726354 32.275941 -37.218549 5.371901 120.182507 26.487603 -23.405647 28.667585 -38.435032 1.909091 -70.030303 -3.142103 -54.529385 -19.130395 -33.863636 -36.615702 78.610882 -6.948347 -8.029155 -45.706841 111.421717 -0.795455 0.554867 -1.366162 13.039945 35.944904 -1.497245 1.492654 10.066575 83.483701 0.823462 1.790634 60.491965 74.651286 84.044307 0.160009 -38.692608 -73.447658 -62.375115 -6.912994 -29.472452 -24.060606 -26.311754 -19.920569 29.258494 -20.610193 -1.990588 -62.352847 121.086777 -20.507117 -0.033747 -38.184573 20.136134 16.744031 0.647383 -21.863177 -0.002525 66.500918 7.250459 -8.269513 -0.286272 47.576446 25.516070 -0.560147 -26.304867 -25.561754 -19.142103 -1.174931 -11.096419 -0.868916 -3.336547 -3.443297 -24.828053 -12.943067 1.590909 -24.963039 139.649679 -17.798669 -2.059458 -3.955464 72.176309 -40.137052 -10.761478 -50.494031 -9.000000 -51.617539 -5.167585 -45.863177 -11.296832 -29.760560 -1.756198 -15.432507 
-146.177227 -93.819763 -1.970921 -28.775992 378.099480 13.823232 1.366850 56.022957 1250.776145 163.004081 7.257423 312.340884 172.208652 21.453933 -98.082747 235.314764 -897.974186 -107.381339 -119.988420 -205.239567 -81.505408 183.078053 44.908428 -41.819814 213.059229 247.885063 8.461790 135.264667 -204.662841 2.705285 3.989491 -25.106724 -110.656464 -52.057239 9.883226 -87.533874 477.918835 2.989950 4.665952 77.335476 260.283696 77.360831 -100.222375 147.915162 -155.642741 40.576778 -33.189266 -5.514590 22.596164 -232.966330 34.261147 5.085552 448.157535 -244.105908 21.692072 -11.404959 12.091470 175.631007 22.583920 71.661259 -272.914090 114.828079 63.699316 -88.406795 86.417457 55.029538 38.644883 -51.796398 132.494847 17.070503 -171.183706 19.743240 52.625650 -181.227120 -131.875778 35.670901 79.990307 -302.460616 -29.339506 18.807163 62.566626 -189.672125 99.029589 -183.538210 103.847107 281.373278 32.153352 19.632793 -111.253137 118.920518 21.386491 -51.371595 48.234364 -33.977451 -34.507499 5.527905 -7.518723 -59.906948 -156.470717 41.555913 31.000102 2.353637 -32.653556 48.218906 108.195643 52.850321 86.715743 15.645495 -220.747883 96.319916 -6.577237 -23.779818 7.366289 -198.826038 -140.395623 6.656413 -26.824151 -167.903836 -115.320426 26.051168 2.262575 -63.725334 -24.012091 -26.313641 29.311448 -21.730640 -22.178604 22.665544 31.677227 -20.471278 22.157739 34.610601 42.127589 -23.947505 39.629681 9.956280 -86.161157 -63.263238 -162.172533 3.531629 -27.196562 -184.965922 -88.329711 14.697786 -30.159423 -23.853535 -21.598459 22.545710 -50.021681 -7.540200 11.091878 -14.006581 33.609632 -29.908989 -3.691001 -57.495001 20.982553 -99.846444 -24.877461 8.665646 5.501122 -84.118763 -52.157025 35.730793 -6.582696 -24.672686 -31.786552 7.926028 -17.090195 18.513774 -37.656158 0.908938 -12.465871 1.884349 0.624987 -2.150699 -55.713193 11.417815 9.184063 -29.427813 82.649424 27.612080 3.900367 -80.808846 20.813590 -15.859861 1.494643 -76.817417 4.565095 -25.195592 2.595756 9.934445 44.914396 100.770942 -4.073768 48.697378 
-53.501377 -28.998572 -0.448959 -17.509514 4.751301 16.825758 1.575298 -13.660927 163.004081 122.088282 7.038261 91.114963 -84.627691 86.405571 -5.487578 81.498444 -197.824635 -13.859785 -23.771375 -19.115728 -11.635471 24.130624 10.170850 2.569738 80.394858 54.729262 6.350576 16.656515 -34.883303 11.072646 2.114657 -8.243292 -60.826013 7.524411 6.392945 -37.619860 26.473115 19.840782 9.585119 9.790098 -32.451663 37.211560 -21.593052 30.686843 -78.630522 23.532803 -16.852592 -1.983726 13.502015 -46.498316 -1.465998 1.404806 74.351112 -34.975130 8.524870 -16.722452 16.948092 25.773493 2.118483 22.452913 -61.265279 24.419702 13.478982 -14.149679 -25.851724 9.294842 8.440822 -15.395368 -1.411361 0.116672 -10.550837 -4.163657 -27.887358 -7.778160 -25.366111 -8.220182 9.140394 -40.762601 -1.663861 -3.717401 -11.323130 -21.193424 13.963907 -40.321141 29.811524 33.561754 -5.100551 10.614988 -23.200490 -1.712912 -12.887945 -2.651821 -25.906617 1.433527 2.566728 -5.337440 -16.864810 8.959290 -14.828257 4.271835 -50.543184 5.272472 0.457122 -1.918478 -6.592644 6.146924 31.710642 -1.777880 -85.112616 18.197684 -20.738726 -12.252474 7.859530 -32.364198 -27.548822 12.353918 -0.245179 -8.389399 -18.352974 10.758443 -55.621085 6.310810 0.969620 1.231073 -21.228114 13.627104 -4.901974 15.843715 -17.028926 -12.003622 4.565248 6.617437 -7.821498 -61.626186 5.895495 -1.847771 -52.198118 -45.617156 -46.631798 0.766886 0.592414 -17.746812 -10.355015 6.449980 3.471789 15.252525 -1.359912 7.905928 -59.943271 12.130803 2.209698 -9.049204 -24.231150 8.113381 -2.934114 9.053158 14.374426 -20.724798 -4.084124 24.881339 0.252245 -41.935415 -10.867539 13.135139 -0.369018 -20.815759 -14.877053 1.998061 -6.552291 3.846878 -8.225768 -0.209213 2.790940 2.380038 0.142077 1.530788 -36.588231 7.894858 -0.748036 -12.645113 -68.643761 0.820809 -0.261019 -28.955158 7.506428 34.149653 8.942684 32.849097 14.549383 42.413223 9.056066 33.843179 23.499362 59.822646 -0.871136 29.281808 
2.264004 5.696664 0.215794 6.237068 -8.237833 -0.156566 1.682277 0.976584 7.257423 7.038261 10.136823 2.482400 -6.701714 10.143251 31.627028 -0.257423 -14.516835 9.719773 16.697582 -4.190389 -7.342363 -2.597796 -5.705081 -1.156719 -17.470615 -13.286501 -4.834864 -3.369758 6.256198 9.576064 0.385063 8.693909 -7.389195 6.232323 4.860422 -0.539792 10.723294 8.792776 19.714264 -1.243802 -5.628864 13.771044 16.500459 -2.240435 -22.041475 5.875727 -2.871595 -2.744108 -3.884451 -2.434343 -6.662228 0.546373 -12.997857 1.454086 -6.465106 -5.027548 8.048822 8.930211 0.455311 7.177839 -4.777931 6.631925 5.013162 -1.112948 -1.100857 4.901286 7.368381 -0.802724 -8.201714 8.561218 0.879400 -2.704469 -16.316345 12.767218 -4.943373 -2.340986 -2.273952 11.472758 -4.996633 -0.931589 -2.250383 14.970921 -13.437251 -4.046985 5.418274 20.678145 -0.298439 1.647077 -3.053719 0.213193 -5.300888 0.033976 -8.425314 -0.587848 -4.876492 -1.013009 -9.161004 2.973370 -4.097949 -0.511172 -12.444751 4.413835 -2.700949 -1.469850 -4.147536 8.373278 -2.197735 0.154423 0.834558 20.156413 -10.717784 0.182890 -0.992807 -6.824916 -10.010101 2.232782 -2.103306 -5.091521 -7.306397 3.321243 -13.378635 1.721457 -2.736455 3.142945 -7.247475 13.550505 -0.267218 5.316498 -4.299357 19.838078 4.046985 2.865167 -4.034282 10.074839 0.807928 -0.267830 -3.142792 6.173554 -1.573309 0.213193 -4.864861 -9.334558 -5.990664 0.553107 -0.708601 0.787879 -2.603612 1.176002 -16.374350 3.357974 -0.957453 -0.636823 -10.379400 12.580502 0.209366 6.651668 4.587695 16.423171 1.667738 9.831344 -0.124579 6.942149 0.476125 2.322773 0.333946 2.240282 0.556627 -0.055862 -4.456688 -3.041322 -2.950719 -0.176309 -0.087236 0.745944 -0.526477 0.189470 -15.683655 1.857668 -0.329966 -3.681206 -23.604836 5.027395 -1.685950 -9.846189 1.872360 18.402816 0.086777 11.058310 5.420875 25.152433 3.131925 17.474441 11.489134 23.485155 0.271809 4.433119 
-49.477043 -44.195337 -0.557469 -10.840960 97.152280 3.770202 0.839302 31.617309 312.340884 91.114963 2.482400 190.010535 -83.279410 19.495256 -31.939266 148.126288 -314.870651 -41.640981 -37.542827 -50.818768 -38.365141 30.150367 27.657739 -10.446995 73.109275 48.888277 12.912203 48.475411 -62.552418 17.495001 0.277140 -0.786705 -64.984058 -23.201178 -3.072926 -12.143837 69.460616 -16.551372 -13.015636 53.228727 -5.885956 24.790123 -38.608509 66.626594 -72.944623 5.285685 -9.790047 -1.024691 -9.076701 -100.572391 9.502423 -5.509948 93.506249 -85.186945 11.747398 -23.507117 17.442480 43.636517 -0.181691 43.839404 -97.677635 32.296398 14.328793 -6.791552 2.466355 16.197352 7.501632 -7.749107 -2.470488 2.619631 -46.228012 -2.327007 -14.499694 -10.858662 -37.437532 -3.516427 13.417304 -42.853867 -1.849607 -3.628329 -25.824559 -24.066294 23.494465 -56.799918 44.419881 83.171947 -14.814050 20.146567 -44.540098 40.545633 -6.709239 -14.223294 -7.340246 0.409601 -0.705846 -2.800148 -28.595858 18.387818 -34.065988 5.733828 -41.504260 30.730589 -2.149653 0.268493 7.749821 29.004132 39.226303 -3.190593 -83.349123 13.425059 1.477171 -13.541067 -3.784996 -39.103816 -65.587542 9.984925 -26.287420 -6.700439 -32.062851 15.806907 -33.951153 1.222095 -1.448500 9.339481 -6.428451 2.408249 -5.178375 18.173120 -13.517906 14.592542 16.192174 11.276349 0.361290 -8.758571 30.196944 -1.115345 -33.879017 -41.936563 -34.453296 -0.939215 -14.630675 -52.554076 -30.526222 4.726023 -22.855474 -4.813131 -2.487807 7.278492 -54.540506 -4.064075 1.955744 6.619452 -4.151617 -3.842644 -1.831267 20.859453 5.708219 -17.370549 -5.022549 24.502194 -0.062009 -18.152740 -11.201791 16.526018 -1.788619 -7.172916 -7.573054 3.373686 -0.234364 9.440083 -7.681180 0.199571 -8.423630 -0.672814 1.410570 -2.334583 -60.469161 -5.198806 1.956790 -28.638787 -40.065453 -22.513953 -1.561295 6.326140 0.224518 -3.445490 -1.825605 61.082951 0.711560 18.880624 -1.183400 31.397255 15.821421 53.709647 -1.604530 30.942557 
-18.701102 141.307877 6.648913 34.043567 -607.860575 -71.848485 -4.243802 -96.611570 172.208652 -84.627691 -6.701714 -83.279410 3478.676972 96.789103 -163.043261 504.811550 198.157127 -295.733956 -471.915417 26.561626 -1061.219825 -234.938935 -298.320222 -137.119631 -575.522498 -311.795378 -221.834354 -22.788593 312.558004 147.436231 7.180951 149.220182 -124.811652 97.286195 1.087083 204.291654 -491.497602 -111.602796 -9.767932 -126.928528 1347.429242 -217.952301 -158.545148 226.585501 371.713091 249.368330 -252.870625 218.995511 -318.764718 717.508418 -8.185593 31.788491 95.774156 360.742118 -206.470003 516.138200 274.141975 -123.661004 -17.411948 114.709468 314.745689 -99.927201 -43.824559 240.919651 -371.772625 69.976278 99.499796 -40.590705 188.508622 -224.412050 79.778186 33.057290 141.369911 -397.389195 -88.595245 24.543720 -130.590042 -468.070350 -126.763749 -73.351699 908.668095 -504.753393 -63.303285 201.913121 107.507805 -29.145546 46.683196 8.392664 165.481022 -170.687838 7.669779 19.950260 -120.722936 -61.703347 15.464493 9.184930 -108.172993 -248.009336 -61.928936 -4.184216 -61.579329 -324.680339 -155.514437 4.009999 -147.544485 -277.140037 -87.470207 -40.955974 371.221355 -287.722324 374.844710 -155.888175 3.255637 385.527497 105.452862 52.414448 55.006887 -17.572799 -21.471942 103.769717 -84.806295 -137.562800 -22.440465 213.487552 -288.592593 -145.154882 -38.743802 -19.839506 -119.753444 -113.772931 -140.015815 7.189572 -65.450464 263.016223 -34.210540 39.762524 -37.273646 138.637588 93.306346 -2.556525 -72.160749 75.428477 -216.308591 32.360320 -25.793950 -45.792929 -102.806448 49.622385 -96.715896 -69.264718 -3.831905 253.088919 -168.695694 -84.700541 -5.532140 84.016937 -35.177227 -185.101724 -73.763596 -74.721865 0.243547 -108.161463 -74.584940 -16.678757 -8.135956 -31.147893 -57.076727 -0.128150 -212.979543 -167.704316 -178.251658 1.666973 -41.810683 1.300326 -26.207887 -7.043720 -197.068564 -5.739669 -9.608866 93.630038 -80.492450 101.223651 36.118457 270.350015 155.059688 42.024436 50.778390 48.983318 28.236813 -142.038108 -12.169626 -135.902561 -3.928120 -56.119325 -9.938323 -57.776911 
-17.787420 23.463422 -0.227732 -7.481022 -189.335170 -35.040404 -2.553719 -45.366391 21.453933 86.405571 10.143251 19.495256 96.789103 400.744720 50.553566 150.955158 -296.188552 230.535660 5.103459 57.602081 -146.854301 49.159320 -15.153658 -6.046067 27.779155 5.914601 -28.768748 10.682583 100.807622 77.198194 3.838231 23.780686 -128.390113 47.939394 -1.760331 -17.659167 -159.980563 39.322620 24.892409 -34.207530 -59.187175 79.750842 20.299816 2.563514 -161.378023 103.250383 -26.309611 -4.648148 -59.108509 51.126263 -37.573156 4.746097 47.791399 -30.163453 -36.774564 3.334252 127.710438 63.266299 4.604071 48.918427 -47.202632 50.674166 -1.083716 24.578512 -145.918580 39.266758 42.579584 -23.816957 -33.837159 -8.851087 33.128711 -12.120906 -63.805785 -47.840220 -16.894705 -22.621518 -33.474594 -58.184726 -32.405724 -8.751607 -19.006581 -19.146618 0.493419 -7.788950 59.834711 -26.544995 -16.946281 13.436792 9.876033 -48.667432 -23.951025 24.474288 -91.130548 -18.659474 16.206152 8.478268 -63.669268 -31.076217 -9.048362 8.293695 -90.455770 -14.112335 -12.243189 -5.076370 -38.827518 -7.951331 41.229262 -7.256045 -89.055709 -10.642026 -18.396388 -23.950260 30.069177 -16.683502 -7.035354 -3.225436 -2.140496 -8.350934 -6.841751 33.481941 -128.216560 18.522192 1.579431 44.627334 -118.191919 39.606061 -8.993113 44.220539 -48.763085 30.604836 -3.211050 22.011172 -34.147230 -39.629936 -9.303642 2.878176 -47.965106 -27.750230 -75.429599 -1.485614 10.399143 -3.242271 -6.987909 3.000306 -21.869758 12.888889 -3.863942 7.400979 -141.911540 21.952097 3.594429 13.407254 -103.765075 26.084634 -0.066575 61.530915 22.764922 -9.378023 -6.278543 73.466789 -0.644781 -41.605142 -19.383379 26.159780 -3.366238 -24.493419 -21.147230 2.337159 -47.589379 -2.725895 -15.833180 0.941230 -16.455005 1.180747 -2.636211 -3.631007 -141.573003 -8.776400 -4.026936 -30.174319 -203.227426 -22.026783 7.033976 -13.056474 52.029844 64.575911 22.235996 131.425161 68.380471 58.094582 9.482247 91.811907 11.880777 51.632537 1.930670 44.868840 
13.381084 70.245281 1.124809 24.210769 -87.204469 -16.088384 -0.859504 -14.344582 -98.082747 -5.487578 31.627028 -31.939266 -163.043261 50.553566 258.289996 -110.692506 -25.621493 106.429420 257.252704 -85.855193 5.640674 -17.817034 -1.011836 -12.102949 -96.584022 -114.839455 -29.238241 -28.136466 96.190465 91.897817 0.029818 56.053821 -72.412126 34.566498 5.116697 -8.610933 -34.594174 35.444189 81.384884 -32.432430 -37.557367 65.413019 156.717937 -48.613687 -151.384782 11.570656 42.787241 -51.634119 -53.644960 -11.370370 -36.166845 -12.392409 -129.724543 32.885598 -35.472987 -43.285813 95.908810 58.476278 -6.204954 68.542190 -18.848740 46.844455 6.180186 34.751148 -53.559509 23.516452 27.613968 -15.740231 -31.643429 33.728293 19.774589 -9.726303 -97.991889 102.112871 22.815759 -17.187838 -39.330323 145.593485 -17.913580 -13.619146 -45.742220 160.590424 -69.382793 10.675900 39.100321 32.757346 -21.802112 16.533007 20.639425 -3.059662 -34.945082 42.191307 -80.103637 44.609479 -6.422100 7.958958 -51.522549 49.115549 16.972273 -8.746735 -64.598995 21.570197 2.896567 -12.321804 -27.907509 22.824151 -23.149424 -4.747679 82.241940 60.526681 -50.111290 5.823334 6.655928 16.751403 -28.900673 -3.890649 -7.975207 16.928273 -16.913019 15.183553 -73.618432 27.068590 -5.255204 40.272753 -53.463805 84.509259 2.935950 23.482884 -15.754821 103.886695 18.367871 4.654066 -17.446026 43.967325 28.152102 -3.453117 26.697199 55.207606 44.375293 -0.807137 -18.711637 -24.629987 -15.609019 -2.708627 -12.637231 -2.535354 -5.421845 -1.506326 -79.492603 15.408071 -3.093230 16.479875 -59.310785 67.921207 0.078742 58.944700 23.645317 92.653938 12.857004 44.590960 2.209035 48.730181 24.782599 7.638965 1.345296 16.628584 19.973166 -0.054382 -20.372258 -7.520891 -4.272243 -0.822467 -2.695898 0.333308 -1.326956 -2.132869 -89.588078 -1.705234 -0.521324 -34.863458 -119.393582 2.613840 -9.105372 -25.844659 24.022957 82.983650 -6.758571 85.460820 17.815937 113.639578 4.995970 94.464136 13.178018 51.597311 0.939547 19.972707 
-97.529844 -57.038823 0.887588 -4.100270 -245.983318 -44.017677 0.299816 -21.606290 235.314764 81.498444 -0.257423 148.126288 504.811550 150.955158 -110.692506 551.147357 -516.538440 -85.686843 -193.711075 196.050173 -309.012269 -76.939164 -54.312468 -26.331701 -71.948118 -98.799204 -47.178961 18.760586 16.635063 58.011887 4.826166 54.207734 -125.032930 14.307239 -4.022115 62.192965 -215.843077 -60.434394 -36.153326 5.520585 70.622870 -38.542649 -124.257423 147.839889 -56.955744 55.786858 -117.661744 111.666105 -92.376467 39.880471 -32.299026 16.954852 -7.639858 -50.280456 -55.452173 31.382231 79.906004 -24.843128 -13.808667 74.651872 2.257525 -10.297776 -17.931640 112.351240 -145.318973 6.169957 5.122794 8.069126 -50.845858 -48.979594 12.640776 -11.283645 -74.661004 -16.103688 -37.242909 -13.135547 -25.475156 -66.006555 -28.695847 -3.324839 20.852566 -37.522319 -20.693730 25.068513 3.680670 -66.749541 -37.436180 8.543975 12.975360 -80.721023 -15.697097 22.957453 -51.469212 -29.391236 13.921641 26.444317 -108.809560 -10.527395 10.367182 14.729441 -165.790506 -7.692021 -25.662101 4.740690 -44.599684 -38.385675 12.435772 -15.973778 -56.461713 -57.274462 40.145419 -34.785838 -20.722350 65.659371 8.658249 12.548133 -50.983930 20.459392 30.830527 10.221559 -130.699444 -6.913555 13.817646 94.432328 -113.945286 -21.120370 -2.541093 91.867284 -76.222681 9.249056 -22.986022 36.899500 -22.410417 48.460132 20.544562 5.781094 -53.896924 -70.522115 -4.355244 -3.640215 -11.230206 83.506326 -9.099582 12.552214 -50.194113 15.287879 3.361086 -0.868942 -180.564177 -25.328487 0.996505 32.968702 -88.821753 -22.366264 0.173324 139.626314 18.747245 -25.034869 -15.774054 98.182838 4.551908 -12.719620 -18.719238 33.031833 -2.318820 -15.269233 -13.455872 4.351750 -46.096674 -7.450643 -37.013034 0.267830 -24.286654 -1.624248 -2.685593 -5.664958 -185.743878 -26.033976 -6.103255 -46.498954 -222.487807 -72.023697 0.021350 32.566422 78.241965 -31.354785 12.118993 217.125497 70.207632 14.175390 0.409295 91.479696 18.855806 63.721483 2.412152 43.024844 
135.530303 29.630752 4.585017 -3.652918 331.836700 106.194444 19.656566 40.340909 -897.974186 -197.824635 -14.516835 -314.870651 198.157127 -296.188552 -25.621493 -516.538440 2987.520483 -177.077722 -77.509820 191.858866 427.621493 -658.113636 -324.046016 32.652076 -1247.318182 -964.451178 -293.785634 -219.352974 8.600168 -188.713244 -2.508698 -118.985410 607.601291 -26.728114 20.667508 82.141695 224.265432 -9.369809 -18.032267 -0.292088 -56.733726 -219.205948 14.291246 -252.671437 1032.486251 -271.345679 -87.555836 78.023008 202.573793 245.021886 -133.424523 48.208754 -894.018799 374.736532 -232.495791 149.229798 -252.671437 -236.427609 21.787598 -242.214366 349.514029 -156.980359 8.241302 -107.954545 348.990180 -53.162458 -84.677329 82.737935 -138.444725 185.585297 48.286476 -15.396745 135.048822 257.398148 92.835297 20.881594 -13.418070 407.449214 -81.702581 32.840909 158.978676 342.541807 -313.012065 316.042649 -142.371212 94.926768 211.782828 -82.971942 9.599327 137.786476 157.252245 -104.915825 204.008137 61.488777 -80.744108 -8.858866 199.315937 110.159933 50.595679 -38.677048 320.257856 22.341190 -13.078844 -49.113917 -27.682941 -58.474747 -304.620090 7.289001 684.466049 121.249719 140.105780 149.156004 -29.065937 415.642536 147.451178 -20.625421 57.686869 -5.903479 18.978676 -71.352974 365.276375 -130.732043 -31.039562 -162.622615 291.872896 -51.489057 -20.800505 -176.088945 122.934343 -65.450056 -102.677329 -69.246352 40.682941 107.852694 -124.860550 9.583053 245.659091 460.414983 377.399270 15.988496 -125.920595 -86.431538 -203.958474 -39.368967 95.522447 -94.924242 -96.611672 -10.030864 462.007295 -85.938833 -13.200617 -143.605219 245.739618 -63.822952 -13.830808 -362.837262 -46.628788 -45.264590 -29.549383 -184.512907 4.149551 82.597643 25.598485 -53.067340 19.968294 127.741021 64.935466 -6.498878 -171.596521 -127.542929 -95.031706 -3.829966 60.900673 3.562009 -18.168911 20.171437 510.627104 59.747475 10.142536 132.727553 455.535915 128.026655 12.169192 -143.139731 -180.217172 -32.969416 -14.854377 -471.461279 -127.326038 -31.454545 -4.020763 -158.780022 -8.765713 -77.513749 1.042088 -69.165544 
99.230028 28.920824 -1.739287 9.739848 -87.453780 -36.588384 -1.842516 -24.604913 -107.381339 -13.859785 9.719773 -41.640981 -295.733956 230.535660 106.429420 -85.686843 -177.077722 554.656999 182.452122 19.731737 83.685364 479.261478 71.682992 40.436843 270.513315 287.933731 -12.102949 109.950158 64.740511 16.388940 0.969059 -0.524079 -64.877997 45.036195 1.487680 -20.148888 -52.094939 73.862769 60.878303 -18.826829 -160.067774 106.290123 112.790481 -70.959264 -237.924421 31.800837 48.159448 -65.418631 -32.197913 -94.188552 -43.108688 -6.383685 307.844633 -153.111188 -6.489976 -25.017218 49.922278 48.318335 19.197097 -7.185848 -43.253393 60.942863 12.758086 -11.544077 -27.154857 19.399373 73.531936 -11.693552 -40.202811 -50.607642 -12.556295 -6.564381 -60.080502 -153.131390 -57.720360 -17.541679 -30.501888 -138.146796 -23.480920 -18.562672 -10.299306 -47.960234 96.044970 -102.931232 38.233012 -22.585629 23.175849 -8.181716 4.661922 -33.782650 8.033185 -3.001071 -12.850347 -73.211611 -44.483624 30.906923 -21.449393 -74.440465 -51.005382 17.971202 -26.655775 21.760892 -1.841572 8.687685 0.138710 96.504132 45.115192 4.011427 -172.596597 41.359402 -44.416769 -26.515815 59.619044 -73.341190 -6.097643 -15.419115 -10.666208 -31.094378 -8.906285 7.291756 -70.612769 16.171590 -9.256581 21.970794 -40.403199 46.630471 2.271120 54.031706 -23.139118 26.026885 14.727528 24.705642 -21.371034 -90.945439 -28.065682 2.167483 -45.873967 -82.219391 -154.973498 -2.070529 42.909729 -10.382359 -9.440363 -0.708321 -27.436282 4.030303 -1.225181 -3.963932 -77.666769 12.567238 1.006249 -31.057316 -29.984951 19.783619 7.249541 26.723089 17.773875 -13.304892 8.184522 61.143608 -0.314534 -72.304255 -12.843205 18.258341 -4.025992 -40.819381 -23.381135 -0.005102 -8.527293 13.586547 -0.312494 2.108662 -16.751913 0.519105 -0.862157 -5.097209 -70.772192 -0.431129 -3.285634 -39.648888 -92.762422 -7.645266 -5.950184 -39.971840 0.320478 50.908045 -1.381160 90.431436 40.979237 50.269513 6.038823 95.084124 12.432532 33.997526 1.804561 24.351648 
-22.664830 48.001275 -0.719850 8.904474 -122.988828 -37.573232 -2.543159 -31.614555 -119.988420 -23.771375 16.697582 -37.542827 -471.915417 5.103459 257.252704 -193.711075 -77.509820 182.452122 509.173375 -170.887690 225.529206 193.003444 176.462249 -11.917712 172.455005 91.843587 7.218498 44.092848 89.073079 111.279869 -1.844327 65.740027 -118.805964 12.494108 -3.798056 -25.149857 -47.912713 18.868483 68.975079 -34.278773 -69.445388 84.960718 248.495562 -60.481354 -206.744694 -25.271758 208.971712 -93.901235 -47.882129 -133.003367 16.558948 -34.180594 102.852183 -40.568794 1.264539 -72.918044 93.843715 32.622436 -14.772549 90.188297 -40.035558 30.101826 -6.968983 64.157484 -61.712759 -20.459060 46.314407 -22.501275 -9.138481 -41.125446 57.252500 -4.841649 -113.447046 25.744337 66.450082 -19.380573 -50.951127 68.183374 19.772166 -29.044307 -45.796806 117.221329 20.601342 -65.700694 36.280762 -107.470386 -43.355831 26.847618 43.108509 -28.598740 -28.997985 77.541934 -78.445031 46.399704 18.418886 28.986864 -57.430160 31.880318 53.011657 -0.943348 -80.593842 22.913733 21.040991 -9.471585 -26.802775 41.583563 12.000663 -4.587032 -60.354428 52.407203 -67.592567 -5.027191 39.012116 -34.655443 20.380471 -10.057469 2.640037 50.393123 23.130191 10.537751 -112.608382 51.348306 1.722605 51.782344 -82.430135 106.955387 9.105831 63.911055 -14.724059 109.551780 36.429650 23.638404 -27.778033 -18.783211 30.670671 -2.274615 -21.716483 -39.368763 -20.261887 -1.194700 31.197862 45.818233 44.182481 -3.793669 4.556882 15.444444 13.999898 -3.682838 -99.064789 21.206254 -1.789231 0.432890 -114.928426 80.289996 4.847337 93.182022 16.976354 119.009514 25.267422 100.862667 3.250561 43.985155 28.948806 19.294001 1.489873 -4.746123 17.009846 0.194878 4.138557 26.725207 11.738267 0.480410 11.181665 -0.171233 1.580859 2.479058 -94.685109 0.005510 1.177890 -42.634706 -250.476482 -29.809433 -12.932277 -40.421182 -31.749311 94.684394 -4.799281 171.103000 56.562851 148.908632 7.657382 145.120804 11.642919 44.565223 1.774870 27.639782 
