49.840960 47.192939 2.065810 7.318156 125.298617 102.289537 5.354505 24.538414 -9.856188 43.284792 0.424549 6.585425 -128.265662 2.452836 -4.433986 -16.124579 -37.086751 1.373865 2.656897 -7.432328 3.211177 -19.239797 -0.024436 -2.325885 -5.780839 -37.715284 -3.417049 -3.217886 6.543312 16.200413 1.767830 0.911004 42.805938 49.355321 5.528875 15.110244 5.537369 58.510739 1.677609 22.176895 -57.572850 78.736787 3.120268 -6.375982 -28.382333 19.715820 -0.537318 -4.011759 0.591139 -28.388149 -2.996403 -3.866978 5.668733 -68.844021 -7.764794 -6.053847 0.708448 3.919421 -0.359683 -0.024385 9.416310 10.822289 -0.219467 4.271605 24.172967 28.899373 1.663555 17.762830 -27.421845 17.356188 0.758953 16.111978 -39.672406 -10.721508 -4.199444 -1.378074 -5.160468 -17.441741 -2.711713 -1.954010 1.468524 -30.045965 -3.285022 -2.385930 3.946485 15.394475 -8.200362 0.715692 2.281247 -10.903199 -4.100321 1.027701 2.861749 -0.467172 -0.599429 5.439470 -10.587440 9.017422 -1.281170 17.037292 -21.816090 6.448500 -0.917636 4.415570 -8.751326 6.685007 0.011963 -2.809433 1.615116 12.780813 0.605703 -0.263647 -5.503290 19.295786 -18.220207 4.148199 11.337159 9.543031 -2.027319 5.851597 -7.134323 22.210948 3.947888 -4.246123 -14.530890 26.831930 -1.730283 -0.659065 -2.395648 1.634042 -1.517932 3.306933 -7.778415 30.121875 1.135114 -8.333537 4.708142 71.590042 4.238496 -3.882410 -44.160800 2.826115 -5.623151 -9.896669 17.635445 20.561320 1.578130 11.421003 -15.249184 12.464187 -3.102464 9.842924 -29.692098 4.147230 -10.436741 2.736328 28.999311 -4.846164 -4.052750 2.936486 19.927227 11.294919 3.222222 -14.648378 -16.482145 47.044103 1.169319 -25.321982 -31.692991 -21.219901 -0.003546 -33.824763 -2.117029 -47.010458 -3.771707 -13.572901 -15.706816 -12.070809 -21.802240 22.956612 -38.083180 55.203704 -19.042470 29.546169 21.115167 68.265585 8.235894 9.443501 52.832670 22.754234 8.113050 -7.292802 -13.112642 -36.569738 0.456459 -20.123227 
47.192939 77.474952 4.831344 11.019692 97.527905 97.108917 7.307265 22.889501 -27.689419 29.837262 3.218243 -1.624834 -122.328385 7.193093 -3.917100 -17.496633 -18.982502 -9.997449 -2.695388 -6.777880 3.991225 -31.124222 -3.296806 -1.987399 -2.965259 -35.699622 -4.366238 -3.135496 15.866238 59.922406 5.897000 1.169575 39.406642 64.444802 6.703755 17.856392 -9.045557 55.906693 2.673401 18.901541 -55.103459 78.735741 -0.811805 -7.413580 -23.419396 14.543669 -6.796857 -0.174574 1.454086 -9.323589 -6.534129 -3.097133 19.152433 -48.572340 -7.790838 -6.051678 2.795225 21.282369 -0.340118 -0.023059 19.942353 20.728599 -0.207530 6.805836 24.120957 31.169268 1.720590 18.478829 -31.093460 16.871238 -0.750230 9.643608 -40.089532 -4.303898 -5.352515 -1.632180 -5.032599 -1.764106 -3.310019 -1.635751 5.107846 -18.106163 -3.240843 -2.294358 10.606469 34.414754 -7.875931 1.162330 11.463320 5.804714 -3.748852 2.882308 9.952148 12.267677 -1.660290 9.870217 -19.208397 15.292878 -1.613305 15.402408 -29.422814 11.793235 0.551321 1.270993 -8.203296 11.861749 2.315019 -3.532089 5.075043 22.974850 1.053464 1.555351 1.075605 23.233905 -23.126365 7.963983 24.455311 2.416182 -7.319100 10.506683 -2.110703 5.521988 -0.900826 -0.922457 -24.698602 12.780022 -2.630905 2.470207 -10.226099 5.953576 1.403989 4.406336 -9.467299 23.159729 3.747730 -8.175798 1.592133 66.881645 1.790123 -3.016886 -57.387716 -19.008009 -10.937761 -13.211152 16.698806 21.766810 -2.578818 18.687736 -13.306907 19.303949 -3.579584 19.893837 -34.059127 -2.116009 -9.709570 6.130599 8.188246 -7.423273 -5.554994 4.537802 19.084940 2.802418 3.656566 -11.139272 -15.905520 42.462861 0.194470 -22.616417 -41.728497 -46.731354 -1.156770 -42.086165 -11.022396 -72.941486 -3.363432 -20.579227 -18.196919 -46.390929 -20.090246 30.586777 -32.214111 25.533670 -26.707989 49.761759 1.141720 91.301602 -5.514437 16.577084 69.274615 50.377615 10.089277 -5.568156 3.226967 -35.207887 1.396847 -19.813029 
2.065810 4.831344 1.197429 0.295378 4.080196 7.881237 1.947352 0.958678 -5.624120 5.124579 1.839302 -0.635139 -11.264157 4.335782 1.066728 -1.919192 2.459443 0.947352 0.523722 -0.769207 1.312825 -4.646159 -0.573309 -0.260484 -0.867769 -5.019590 -0.589532 -0.254668 2.326905 13.376492 1.379247 0.028466 2.771350 6.747781 0.874503 0.911540 -1.506581 1.666054 0.000000 0.422100 -2.915519 1.026018 0.090603 -1.430976 -1.073768 -4.839914 -0.286195 -0.760024 -0.264463 -7.384144 -1.082645 -0.477196 -0.662994 -6.681053 -0.913070 -0.446893 0.574839 5.452709 -0.036119 -0.002449 4.589838 2.989593 -0.022039 0.451178 2.344659 1.266299 -0.024487 0.475360 -1.876645 -0.456688 -0.011019 -0.941843 -3.277319 -2.593817 -0.348332 -0.785736 -0.534435 -2.916131 -0.342210 -0.223140 -0.170187 -3.365167 -0.334864 -0.243649 -0.458525 -2.798898 -0.846036 -0.039792 2.899296 -2.030303 -0.247934 -0.022957 3.262014 -1.545455 0.029997 0.315886 -2.696664 -0.531068 -0.421794 0.450260 -4.392715 3.044995 0.547597 -0.440159 -1.125191 5.542394 0.811142 -0.445975 1.857974 8.557086 0.347414 0.895929 -2.775023 -4.173248 -1.930823 -0.348332 1.188246 -2.060300 0.016529 -0.207836 0.895011 -3.584328 0.396694 -0.917661 -1.923477 -1.835017 -0.307009 -0.709519 -1.623814 2.889501 1.418427 -0.728191 -1.464034 3.613101 1.029079 -0.838996 1.139578 7.800429 0.164983 -0.803796 -1.896541 -2.155494 -0.823998 -2.162228 0.381084 1.082951 0.388430 -0.295072 -0.411693 2.811754 0.018365 0.523722 0.926232 -0.740129 -0.628405 -0.212733 2.409550 -2.768289 -0.360269 -0.801653 -1.377410 -3.483930 0.040404 -1.856749 -3.653505 -4.587389 -0.194062 -3.402816 1.719008 -0.879400 -0.104071 -3.398531 -0.310683 -2.086930 -0.310070 -1.506581 -1.347720 -0.586165 -1.328436 0.266299 1.056015 -0.171717 -1.296602 0.547597 2.590450 -0.738598 -0.999388 -0.060912 -0.552495 -1.749923 -0.105295 -1.163759 -4.368228 -6.466789 -0.203857 -2.473217 
7.318156 11.019692 0.295378 1.801780 15.642358 13.727706 0.476788 3.816651 -1.518876 2.661897 -0.520355 0.200974 -16.436614 -1.957479 -1.411795 -2.220539 -5.144756 -2.923044 -0.887792 -0.850755 -0.096750 -3.239950 -0.379196 -0.236047 -0.144934 -3.675186 -0.501071 -0.373380 1.501071 3.047521 0.265075 0.184650 5.910162 7.567289 0.667381 2.689828 -0.088129 9.041348 0.435185 3.172916 -8.594888 13.648021 -0.071498 -0.660494 -3.860601 5.504464 -0.742705 0.262193 0.334481 3.147357 -0.682354 -0.340501 3.707300 -2.766121 -0.788057 -0.704137 0.168503 0.682966 -0.043644 -0.002959 1.187047 1.928502 -0.026630 0.934905 3.753163 4.907637 0.307112 3.004948 -4.599684 3.655239 0.117998 1.941486 -5.872130 1.085501 -0.590935 -0.000357 -0.645776 1.536527 -0.384042 -0.190924 0.987960 -1.105806 -0.375166 -0.294409 2.024232 7.309076 -0.817748 0.210336 0.387154 2.652357 -0.415748 0.473523 0.508520 3.416667 -0.154831 1.574457 -1.900724 2.939521 -0.050071 2.544485 -3.675288 0.527013 -0.241940 0.413427 -0.971559 -1.030635 -0.045123 -0.359173 -0.147204 -0.846215 -0.007397 -0.211611 2.066039 6.478370 -2.684088 1.504183 3.364249 1.608535 -1.131543 1.839353 -0.733344 2.841496 -0.391873 0.243011 -3.074202 2.794893 -0.314152 0.862361 -1.083741 0.128686 -0.484721 1.337695 -1.041348 2.158759 0.059968 -0.222120 -0.498010 6.447403 0.191358 0.100296 -8.000408 -2.121391 -1.483879 -1.153938 2.500459 2.681461 -0.752449 3.230155 -2.250408 1.189624 -0.662152 3.025508 -5.725921 -0.310989 -1.294256 1.120472 0.643021 -0.194342 -0.751403 1.190848 3.610882 2.153046 0.555556 -0.679599 -1.301857 8.832747 0.084532 -2.216534 -7.794919 -6.835757 -0.168682 -5.287114 -2.002092 -11.002347 -0.460106 -2.556984 -2.835986 -7.444393 -2.537012 4.894169 -6.010178 3.814815 -3.353765 8.176411 -1.447735 15.357106 -0.532089 2.812341 11.725079 9.149398 1.690950 -0.503852 2.192684 -3.518161 0.310912 -2.406821 
125.298617 97.527905 4.080196 15.642358 1095.052163 518.059866 17.504540 176.533211 593.623406 509.119248 -20.470921 218.904933 -1240.938195 -123.315555 -96.048566 -108.602694 -545.936665 -136.716840 15.462478 -89.468498 -6.444878 -43.642664 44.338486 -20.563463 33.133456 -113.034486 3.516682 -23.988726 10.089379 15.680670 2.090297 1.717095 368.407560 137.408683 10.310428 77.077543 388.561805 277.981456 -5.076599 214.328614 -523.496480 567.844939 37.085425 0.891134 -347.146592 217.216687 78.865600 -72.211381 3.228880 -152.249592 48.164907 -27.537981 18.862948 -472.538899 -24.136950 -47.704647 0.050046 17.264233 2.833512 -0.350270 106.929880 50.550071 0.130395 21.602132 352.357795 176.268672 14.514131 132.871238 -225.770534 220.876594 25.353076 90.200235 -451.908861 19.594786 9.970335 -51.400163 -61.466713 -149.190950 6.838435 -20.297597 -21.284869 -275.450821 -13.100653 -15.508469 45.081063 149.172100 -27.111851 0.620396 21.906999 45.347643 -20.904270 -4.408785 188.832466 35.199495 7.269768 28.128482 -27.820273 -12.715310 -8.869427 96.933323 -380.739006 33.041858 -18.603025 24.982502 -140.998903 25.195159 -4.124452 -5.414626 -7.395648 5.943246 1.270789 0.795327 75.000536 168.636721 -144.988700 42.652995 89.217019 64.150265 -45.150826 17.011121 65.106316 -23.976788 22.973600 -42.024768 -17.104556 -43.367284 -13.186614 3.935925 -121.300403 136.232349 -11.250663 64.537420 -101.112769 208.763340 1.748265 51.537853 -2.307316 285.284614 7.382716 81.068360 -346.691817 41.418605 -70.610091 -21.772753 138.114784 117.291756 -18.900903 93.205719 69.255153 14.830119 -28.648225 50.362310 60.031859 -14.922253 -60.764820 5.902331 136.257805 28.308055 -27.477553 23.052036 75.172406 41.310223 3.898990 12.712198 75.051474 296.130828 -8.774921 52.337593 -307.404806 -218.272753 0.959468 -301.544383 42.764412 -452.047393 -16.441792 -84.444087 77.318845 -223.541679 -143.084813 202.054867 82.708984 146.730640 -189.701331 119.589736 175.708525 97.840016 -28.111927 12.065223 157.044740 -79.734951 8.155545 -55.853204 -34.014080 -116.152025 -1.697046 -61.945643 
102.289537 97.108917 7.881237 13.727706 518.059866 350.865753 18.210795 96.907560 133.444087 261.108025 -5.964800 97.583129 -607.433247 -35.678018 -37.647485 -53.553872 -211.540379 -44.284996 4.509514 -40.463550 5.531196 -57.681027 5.566932 -12.126620 1.789409 -84.713907 -5.475819 -13.220182 17.905112 67.401056 7.164065 1.457377 179.561677 116.570656 11.175798 46.216764 107.309178 164.297240 0.617003 97.179650 -256.887818 268.676640 12.278671 -10.982043 -147.485180 80.770457 19.452581 -33.517269 -1.483701 -79.810555 5.595424 -20.094710 17.278007 -189.601138 -12.185364 -26.766427 2.703857 28.258724 0.427737 -0.151107 64.937889 37.213014 -0.112489 14.817059 140.099964 90.897536 6.249872 61.920773 -115.182175 89.611468 10.032140 39.131721 -191.230716 -11.163657 -1.488241 -22.229313 -27.337695 -75.359096 -1.011989 -10.382844 -2.384093 -126.900418 -8.104122 -9.661412 24.066320 84.132308 -22.295863 1.621110 21.597592 10.268519 -14.723829 1.433119 71.481584 9.260101 -0.304663 16.806780 -23.180186 -2.700209 -6.174651 45.840782 -148.985053 16.168427 -4.647664 4.319151 -59.762805 31.607413 1.796628 -10.350755 7.078385 50.014055 2.637384 2.643608 41.429676 68.860524 -84.145368 17.818998 49.056168 31.005841 -24.914371 15.724875 14.980461 1.353280 9.249541 -14.098740 -22.318309 2.862233 -8.059943 -1.124171 -40.107310 43.903097 -2.114351 17.216483 -49.943705 94.332160 4.955591 -1.829864 3.512091 169.646057 9.228395 4.208040 -158.513876 -2.988394 -39.729670 -27.564713 75.061065 51.482808 -7.823156 42.181334 12.003801 17.735078 -11.859122 28.988471 -10.638379 -1.250383 -31.888532 5.734951 82.617769 11.975691 -15.976992 14.827212 32.843205 24.759106 2.747475 -11.507882 -13.722732 112.674498 -1.045097 -28.198016 -117.613101 -99.418248 -1.172049 -161.862871 20.585450 -215.635343 -5.290072 -51.270789 0.460310 -99.705336 -68.710412 89.419421 -8.535430 96.632997 -85.889118 66.614121 92.537114 87.904244 -7.171819 18.940287 98.773901 -4.508851 8.780175 -27.683986 -27.413376 -73.455872 3.866468 -45.496046 
5.354505 7.307265 1.947352 0.476788 17.504540 18.210795 4.568922 3.482400 -1.575656 14.009540 4.682583 1.322569 -34.736966 3.252882 -0.210387 -4.473064 -3.181104 -2.934445 -0.329558 -1.499592 1.090654 -11.674829 -0.949138 -0.343332 -2.219773 -12.847975 -1.327977 -0.261045 3.322926 19.007346 2.007958 0.069177 9.277472 12.458168 1.720335 1.998674 2.126671 6.549995 0.013468 2.888787 -14.737680 7.420671 0.696715 -2.835578 -6.670901 -4.795888 0.157127 -1.241098 -0.892103 -12.488471 -2.075605 -0.096317 -0.932966 -11.730844 -1.336649 0.908734 0.788797 8.279614 0.072595 -0.008775 8.180084 5.115907 -0.043618 0.751403 8.364657 4.413835 0.016631 2.660443 -7.666565 2.984746 0.622130 0.637690 -12.066116 -1.430874 -0.286909 -1.632895 -1.647383 -2.357719 -0.562953 -0.310530 0.265585 -3.514743 -0.223498 0.010764 -0.557188 -6.633762 -1.208397 -0.194776 4.106316 -4.845118 -0.777319 -0.140343 7.479288 -3.772727 0.014896 0.862565 -3.696715 -0.853331 -0.960922 1.855015 -12.248138 5.468473 0.456331 0.158453 -3.403989 8.386338 1.078308 -0.603969 2.391746 11.827875 0.483114 1.207887 -5.282216 -8.516427 -3.696562 -0.729670 0.017141 -5.775839 0.407713 -0.784308 1.043822 -5.860677 1.466942 -2.436435 -3.543975 -2.529181 -0.653148 -1.491940 -4.065299 4.645291 1.712325 -0.837466 -3.110601 6.871187 1.478778 0.117335 1.469850 14.448169 0.097082 -0.437506 -3.580451 0.900724 -0.748954 -3.806907 0.401745 4.579227 1.795072 -0.458014 -1.459239 5.733701 0.565810 0.338792 -0.702887 -0.404653 -2.338486 -0.426436 8.489440 -5.902867 -1.078002 -0.701714 -0.905418 -7.068258 0.505051 -3.412611 -6.797113 -8.417100 -0.176870 -7.160596 5.247322 5.324406 0.228089 -7.776553 -1.829609 -2.789613 0.074941 -2.627538 -4.131517 -0.188807 -3.936996 0.794307 -1.779920 4.824916 -4.395317 1.574176 7.508877 1.227936 -0.775584 1.439139 3.527803 -5.631670 0.092389 -2.136466 -13.564432 -19.734109 -0.334864 -7.222630 
24.538414 22.889501 0.958678 3.816651 176.533211 96.907560 3.482400 47.688705 53.613560 59.855219 -6.562443 55.529538 -211.783134 -38.228803 -17.867463 -18.323232 -79.179829 -28.603459 0.095654 -9.894245 -1.950566 -7.857515 6.609581 -1.679369 2.523416 -12.927150 1.027548 -2.204469 2.295684 2.782369 0.261708 0.316804 62.649219 22.117233 1.181971 16.205540 43.343128 47.321090 -0.691919 42.043006 -91.446740 93.500153 4.155494 4.638047 -52.147077 27.944138 11.442761 -4.276247 0.599633 -17.854607 6.205693 2.334864 3.674472 -72.949342 -2.488675 -5.417661 0.082645 7.609734 1.732170 -0.048975 20.796755 15.347414 0.134986 4.912458 36.938629 35.669421 2.782981 25.714264 -51.992501 42.583410 5.860422 24.390419 -71.495868 7.431742 0.902051 -1.598561 -8.991736 -12.655953 1.191154 -0.488062 -1.287573 -40.207377 -1.449801 -1.170952 13.198194 34.395776 2.013621 -0.018059 4.172788 17.141414 -3.711203 2.258035 18.194827 13.121212 -0.581879 10.999541 -13.145393 3.348332 -0.961126 21.187022 -54.162381 -2.711203 -2.537955 8.626110 -21.433119 -1.621824 -0.661004 0.353229 -1.446587 -2.065350 0.099786 -0.500612 28.342975 16.706765 -18.565963 5.048515 9.163912 2.258647 -7.770432 4.302877 0.294154 -7.631007 2.615702 -2.494643 -2.974594 3.668350 -3.796755 2.168197 -14.718702 11.385981 -2.641567 7.405877 -19.861494 22.327671 0.682583 8.927150 -5.400367 30.715641 1.794613 11.328130 -43.981328 8.198194 -8.373890 0.230181 5.793388 15.734772 -4.463728 13.972299 -7.930823 -1.951791 -4.582185 6.954239 -7.611723 -1.236915 -6.618610 -0.653658 27.630395 11.563514 -1.614478 5.067952 10.441690 12.912305 0.818182 4.243802 7.227885 42.333027 -0.593358 15.701255 -54.069330 -29.608203 1.059994 -41.561524 -3.951025 -67.561830 -2.469085 -9.202326 -5.211968 -30.294001 -21.078818 30.512856 -6.000918 27.020202 -18.684573 18.876186 21.202938 23.596725 5.956688 6.801959 30.187481 -4.518672 3.858739 -6.714570 6.206152 -15.002449 -0.859963 2.434650 
-9.856188 -27.689419 -5.624120 -1.518876 593.623406 133.444087 -1.575656 53.613560 2318.168248 611.039282 -21.202785 302.441741 -694.347209 -91.502041 -241.281196 72.240741 -1602.271758 -507.966228 -132.390981 -168.059331 -111.168095 -167.232578 68.639374 -37.089328 19.103612 -342.022396 16.676462 -36.983063 -13.504744 -78.911387 -8.129170 -0.276247 172.247781 -18.385777 -6.415621 12.903683 991.688144 111.128456 -19.028620 220.892358 -421.211815 765.752729 39.665238 164.616723 -787.770177 805.433935 66.930415 -93.363279 -18.905877 58.941333 80.621059 -6.245434 2.432966 -775.848281 5.360218 -37.866646 -3.132231 -35.330119 -4.867207 -0.550148 15.735741 -26.011529 -3.552342 -0.623457 536.940057 93.495256 11.055760 119.898480 2.294511 283.296398 35.307163 186.914499 -784.443985 68.225487 -12.583461 -43.067442 -134.706152 -233.605244 -14.612131 -24.669268 -34.363228 -450.801755 -34.305122 -7.997296 41.934292 186.568105 -21.015509 -6.660443 -8.240996 196.203704 19.211662 -32.410162 279.734517 199.202020 35.483420 -11.034282 12.673146 6.765789 -2.545812 155.378992 -632.740078 146.652740 -36.863738 116.274207 -217.703755 27.813999 -12.889756 25.575349 -34.334507 -111.465922 -2.718804 0.446995 119.756964 306.876696 -93.781553 35.541118 85.068717 176.929038 -46.503673 -33.328487 154.641363 6.197378 5.911846 -96.984440 102.788083 -104.866442 -3.065708 13.776451 -200.613152 300.726763 -7.092797 135.877870 -145.880982 283.162483 -15.909754 259.106571 -46.858739 144.610754 -18.437149 296.127742 -212.825273 87.946077 -95.404244 -10.262116 111.815427 98.614376 -56.931436 94.840169 248.321192 -87.051882 -25.288032 10.768952 344.413325 -80.095347 -39.895521 -47.263800 94.449954 -77.630803 -33.393378 -23.010407 -67.134986 -14.310530 -5.580808 163.624732 229.021018 544.262218 -20.289460 502.359249 -280.520049 -201.999490 -5.674217 -307.122436 82.696613 -373.728905 -22.633864 -70.946536 249.729160 -239.696715 -123.844149 137.584481 245.098102 -111.915825 -215.119835 100.003265 101.915366 -181.270023 -50.594786 -28.400418 -22.788746 -203.260586 -24.494745 -34.607642 260.978574 346.550607 -6.705540 166.180543 
43.284792 29.837262 5.124579 2.661897 509.119248 261.108025 14.009540 59.855219 611.039282 645.604658 0.516835 177.439113 -749.764590 202.539001 -82.817059 16.784512 -543.242705 -67.198373 -11.336981 -62.486813 -22.277497 22.960999 30.925365 -17.703143 71.604377 27.994388 2.143098 -15.017396 10.063973 53.739899 5.851852 0.443603 143.382155 68.980359 7.591470 25.918631 259.538440 139.437430 -2.014310 113.907688 -338.375421 291.996352 1.368967 49.726712 -271.304433 136.206790 21.304433 -53.168631 -10.487374 -120.821268 13.521044 -37.685466 27.295455 -313.140011 -11.476150 -41.594557 2.227273 27.426768 -0.442480 -0.570146 51.986251 28.414422 -1.030303 5.805275 228.622615 79.546296 2.635241 54.901796 -89.758698 101.198092 10.611111 35.384400 -241.042929 -9.517957 -2.745511 -38.341190 -42.881313 -122.226712 -5.484287 -15.369529 -16.194164 -213.014590 -13.440516 -8.679012 3.452301 34.322391 -53.897026 -4.367565 16.734568 -26.140572 -21.083333 -19.021886 151.455107 -28.906566 13.088664 -21.167508 10.042649 -52.055275 3.173681 11.115039 -219.957351 11.914983 -8.102974 -0.237935 -86.230359 31.424523 1.666386 -6.904321 6.875140 43.749439 2.635241 2.137486 13.404882 67.514029 -125.380752 -7.130191 72.765993 72.067059 -39.487374 -15.710999 79.482604 -8.386083 18.840909 -60.519921 -35.978395 -98.666386 -6.007295 -38.679574 -107.546857 90.671998 -3.297699 37.770202 -63.679854 142.098765 3.705668 41.845679 13.225589 187.272166 5.927048 46.418631 -131.867565 9.099607 -60.503928 -70.086139 165.883838 74.552750 -7.207912 17.929574 145.725870 27.878788 -23.069865 7.955107 73.244388 -15.392256 -52.120090 -23.377385 31.840909 -0.000281 -22.909652 -15.801347 9.275253 -2.794613 0.974747 21.617003 71.035915 233.631033 -1.034231 77.541807 -29.528620 -31.394220 -6.784231 -228.503367 109.327722 -192.107183 -11.228395 -76.273850 100.047699 -84.705948 -99.503648 60.270202 144.884680 43.723906 -158.522727 25.633558 114.712963 -24.209315 -44.296857 -12.838103 11.668911 -65.766274 -8.682941 -42.940797 -9.659933 65.539843 11.231481 -12.876824 
0.424549 3.218243 1.839302 -0.520355 -20.470921 -5.964800 4.682583 -6.562443 -21.202785 0.516835 42.840220 -16.724824 -23.482859 32.151362 43.254668 -8.393939 -20.091215 -7.201255 -0.013162 0.557545 -0.308693 -41.070095 -0.156719 2.251760 -8.205234 -53.801806 -2.719467 0.515917 3.946740 25.121671 2.622130 0.016529 6.992195 13.894552 2.163147 -1.055709 23.355525 10.079584 6.853535 0.914907 -15.391644 1.294460 4.327671 0.117845 -29.687940 -9.694980 -9.668350 1.596113 -5.468320 -29.596572 -7.074380 0.429446 -11.022957 -57.756045 -0.265534 6.313284 1.230487 8.986226 -0.678298 -0.014998 11.432201 4.347873 -0.508724 -0.112795 31.007499 2.992195 0.193450 5.445669 -5.813897 5.212886 0.200184 13.030456 -47.574839 27.231558 -1.787573 3.787114 -6.922406 38.091980 0.234772 2.129477 4.477808 30.577747 4.234313 4.987450 -7.209979 -24.759412 -12.000153 -0.074533 4.212733 -45.424242 -10.202938 -1.207530 27.508877 -46.126263 -2.227885 0.101469 11.142026 -11.688399 -2.692072 5.779308 -35.886440 4.524334 1.004285 0.382308 -11.083716 13.968626 1.788950 -1.200031 4.392715 23.184879 0.679676 1.392868 -38.044995 -3.599021 -10.962657 -2.565350 -10.613407 7.096572 -6.391185 -2.198500 6.057698 -2.072697 5.480257 -2.794919 3.445975 -0.498316 0.492042 -2.181665 -13.288032 19.839608 1.831803 0.447658 -10.756351 3.281757 0.765228 -6.309305 3.647842 9.004897 -0.584175 -1.546985 -14.086012 10.557698 2.054025 1.438170 -3.126722 28.756811 7.292011 1.233088 3.732170 30.557851 0.415519 4.158555 -1.369758 10.161157 -5.145699 2.630089 1.596878 -2.521426 -4.513468 3.134068 -11.603306 -12.983012 -0.505051 0.352158 -15.736302 -16.669728 1.728038 0.689317 -4.950872 0.205846 -0.965718 6.879706 -7.222375 -4.345577 -1.559535 15.830272 -8.548975 16.024640 -8.571013 7.073003 4.066575 28.515152 -16.406336 -3.207836 7.049587 8.709672 -0.705846 -1.237986 -7.003979 2.348638 4.466177 0.884604 -20.958678 -8.716406 2.900367 14.043465 
6.585425 -1.624834 -0.635139 0.200974 218.904933 97.583129 1.322569 55.529538 302.441741 177.439113 -16.724824 233.078181 -420.634553 -82.458958 -68.808591 107.513468 -322.627512 -121.307902 -27.622768 -24.301219 -20.417483 -47.402382 4.892052 -5.325936 -1.524487 -81.705438 -18.467707 -9.746454 -2.209060 -12.434573 -1.246250 -0.027625 51.876798 5.068156 -1.194929 12.348281 89.905851 45.682711 -6.849327 79.692098 -118.118151 137.334532 -1.523544 69.514029 -127.428196 88.070835 16.106341 -1.507372 -1.318871 -10.237348 10.536348 2.529665 -1.905188 -125.584660 -8.205056 -13.268314 -0.741506 6.686180 2.293414 -0.232119 14.987884 20.340093 0.279614 3.807520 25.546194 55.409627 3.569381 31.690185 -59.639067 74.916845 12.172635 63.050709 -99.659550 24.645444 8.373304 13.135343 -11.897383 -24.565912 6.127844 -0.589149 -9.255178 -92.864351 -0.352566 -2.520100 44.588715 131.107821 18.800301 1.196919 6.874554 129.413300 1.876722 4.650903 -4.314764 114.654040 -6.864453 19.649602 -47.610295 31.784996 2.264947 46.705744 -55.116264 -15.596342 0.185007 38.962606 -25.289231 -28.202607 -1.549918 6.394067 -4.153989 -33.915952 -0.085348 -3.718600 101.759030 38.809050 -22.983037 32.763034 26.798286 3.597618 -24.296832 10.460922 -12.981992 -12.800633 -5.454775 -1.313259 -18.897791 20.311167 -6.512295 24.791450 -8.398352 0.419983 -0.068539 45.786272 -24.354428 -15.866748 -0.061346 65.249209 -33.334864 -48.570911 -0.762065 36.452505 -100.658453 -40.169702 -33.064330 38.433553 17.836088 -39.278798 -18.003750 54.417687 -13.575120 -51.518825 -10.059611 5.569993 11.356316 -14.190848 -2.042751 -5.047929 62.704086 -16.243215 8.791807 12.178757 3.390037 -20.943679 2.313131 80.714493 18.100755 55.510229 -9.658912 125.859326 -124.710591 -133.925033 0.455642 -69.855678 15.757372 -156.428783 -8.877359 6.889858 0.101367 -53.903173 -39.917075 41.801882 0.175467 20.296296 -19.367539 19.832313 36.100627 -19.802928 23.843383 0.355244 28.053617 -41.515789 2.741098 13.020381 97.583716 85.681155 -1.128635 97.871926 
-128.265662 -122.328385 -11.264157 -16.436614 -1240.938195 -607.433247 -34.736966 -211.783134 -694.347209 -749.764590 -23.482859 -420.634553 2380.750051 -47.586445 21.860065 -16.087542 736.673069 -278.660366 -109.354326 30.063182 -83.043592 -253.079303 -79.366748 -24.417917 -92.944138 -0.680492 3.125038 -7.992858 -24.473523 -102.789486 -10.991429 -1.733777 -436.574533 -186.674421 -16.218039 -86.541832 -406.411565 -364.736175 2.155724 -287.503801 890.632537 -639.976456 -44.407229 -31.033109 436.558183 -37.827390 -76.659652 79.751428 -31.095730 406.596138 6.517065 9.136950 -1.553489 908.316473 110.867641 12.232910 -3.695592 -81.519972 -9.607719 0.945873 -163.200974 -124.397128 -3.184114 -28.503928 -388.802903 -277.945745 -15.458780 -177.254566 453.410366 -232.824508 -18.922865 -161.791501 497.878099 152.725181 -1.528288 35.477706 19.763774 325.750740 19.905010 18.502219 23.577390 443.909142 37.501735 0.621926 -90.969901 -250.028084 -9.402944 -2.096317 -50.524589 -142.026094 24.914830 -1.686103 -197.162943 -98.295455 9.979135 -57.629553 218.010764 23.681844 7.329380 -139.276962 438.373023 4.537726 10.259693 -68.226405 108.571345 -55.276834 -2.268621 -4.923350 -17.047623 -58.709647 -3.652995 -9.868585 -127.449418 -101.109377 183.563182 -97.961790 -125.674625 21.405545 86.058540 -43.132129 -31.995154 105.592542 -20.834940 44.867794 187.033645 82.062009 26.979594 -14.187124 165.772141 -58.176283 0.595985 -89.258724 87.640215 -184.552087 -10.798107 -89.523212 -20.717784 -281.713550 -8.824355 -98.857719 550.527191 74.589863 136.706254 -44.419677 -209.349403 -72.289970 18.817187 -185.571141 -19.904627 -29.136823 20.365549 -80.934292 89.196230 29.098408 50.195694 -1.724390 -215.126951 45.903556 5.375982 -21.920416 -123.451561 73.384144 -11.292929 -52.028849 -30.072493 -316.524360 4.771452 -128.151388 488.586471 422.454061 14.088486 415.368840 -69.718600 734.266197 21.212019 26.688603 -37.275278 377.607081 200.605729 -312.922176 68.889884 -286.870370 256.705005 -157.481890 -264.214800 -225.559892 -4.434701 -33.073896 -270.154984 112.197556 -32.999184 43.475997 84.858739 178.237782 -18.885292 5.199444 
2.452836 7.193093 4.335782 -1.957479 -123.315555 -35.678018 3.252882 -38.228803 -91.502041 202.539001 32.151362 -82.458958 -47.586445 754.818615 88.475411 -8.569024 -28.511759 844.413657 62.623992 38.923656 55.568233 638.418299 43.725181 50.164626 146.370217 484.196868 43.503979 43.170391 10.551576 72.340450 7.633762 -0.072926 -44.261555 17.831599 6.164014 -7.074482 -40.894526 20.740001 19.864478 -8.808565 -1.524181 -16.350296 -0.815606 10.408530 10.617514 -119.599913 -67.634961 2.289129 3.854683 -269.460387 -62.106596 -16.101444 -53.272498 -475.431104 -49.582670 -15.561040 2.794766 45.642562 3.070835 -0.036629 -2.159754 22.063182 0.311754 -3.265432 -5.265356 -15.799434 -4.953831 -10.557341 32.351495 -126.472707 -42.952709 17.034078 95.183425 -323.624936 -59.390598 18.561932 12.525941 -353.295123 -41.836904 -1.438399 -34.422814 -360.184930 -38.100755 -7.836496 -31.740078 -70.903046 -11.854785 -1.281247 5.757525 -74.999158 -7.410698 -15.415366 -7.095858 -47.527778 8.383889 -38.506351 -85.424293 -1.592465 0.928043 -48.186154 24.235486 41.678528 9.497118 5.719825 42.355040 94.801015 7.587874 21.647561 33.076701 115.980385 3.140751 14.215998 -95.216789 -124.716917 -4.409678 -36.143965 -1.539792 -23.420085 13.656336 -27.349199 -6.144118 5.309509 5.340450 -46.980895 -99.289690 -9.232043 -9.876441 -68.878380 -21.792496 19.121952 16.149959 -40.086547 37.694342 125.520712 11.088588 -13.129528 99.264616 278.476023 10.886644 21.916794 2.169626 -18.143276 -9.126977 -53.288619 71.848944 -9.867360 19.399066 -49.882640 31.389323 32.603765 -14.742960 -21.099072 -36.298311 -0.295837 -19.811091 -39.185925 37.451102 -58.081548 12.590348 -79.970768 33.014922 -19.548975 7.297980 -97.598791 22.124069 187.662713 18.512142 -27.189598 81.109122 32.787139 -3.089557 -56.468932 108.738649 70.756913 -22.781655 -16.206816 18.781859 122.851903 -48.974722 -49.383609 -7.798056 87.324916 -24.692149 -44.624936 38.799740 41.658453 1.567238 -49.532777 -57.364147 -7.758009 -1.751811 -68.747959 -94.059841 35.454903 13.230104 -59.039817 
-4.433986 -3.917100 1.066728 -1.411795 -96.048566 -37.647485 -0.210387 -17.867463 -241.281196 -82.817059 43.254668 -68.808591 21.860065 88.475411 161.744924 -49.993266 131.056882 161.851903 88.252321 5.471176 27.551474 20.581522 11.313795 8.587491 5.155341 -8.163555 11.009948 1.984900 2.217325 18.370064 1.874809 -0.145699 -17.328130 -0.275380 0.323334 -6.051525 -11.690440 -3.982910 13.079125 -26.819814 68.212274 -56.693501 26.687838 -21.894501 9.245383 -91.602898 -8.112233 -5.675747 -5.773646 -97.876135 -10.396541 -7.106724 -28.796143 -97.905622 -8.512652 3.767014 0.752066 1.064738 -1.601112 -0.069687 4.659116 -9.004081 -0.844353 -2.124018 43.900163 -19.535200 -1.107642 -8.513723 41.001632 -20.446077 1.337925 -1.948475 -40.370983 30.828232 4.409448 -4.404091 -13.267218 45.170442 0.422049 -3.190695 4.340271 61.289358 3.110907 4.162126 -23.228140 -30.069483 -6.531323 -0.747730 2.938425 -49.350168 -13.967401 -1.518212 39.113050 -67.888889 1.000969 -3.840373 58.332364 -27.021988 4.519182 0.483267 -39.773237 12.884451 4.063922 -10.439496 -34.625446 44.141006 2.141822 -6.663504 8.156821 55.190440 1.522753 4.780737 -53.136670 1.338180 16.587338 -1.487858 -24.887358 22.834048 -0.077594 4.541986 8.817315 -13.255688 12.905418 9.931180 37.801449 -32.078002 10.696102 0.937047 -3.191256 50.168095 4.301245 -4.303489 -30.456484 39.671309 1.463473 -29.031731 14.073156 27.802010 6.103816 -14.606163 37.293592 -11.608611 14.663198 6.044026 -21.743802 10.555505 9.796908 -10.075707 8.682481 10.006887 4.492348 7.329762 34.375013 -13.353229 8.452913 8.505306 3.371442 1.210693 -0.980359 6.045301 -34.663453 -25.895164 -5.297980 -17.657331 -65.314407 -85.456433 5.336751 -49.150342 3.502602 5.892511 -3.199061 65.519590 -13.314152 37.477298 -1.356494 44.807877 6.062392 17.054841 26.735333 4.011938 45.011172 -18.331650 22.361800 -17.085910 8.354148 -45.443934 -11.010356 1.910060 -44.221814 -12.490562 -4.890470 0.589277 -104.010713 -118.493215 -2.832568 -35.844914 
-16.124579 -17.496633 -1.919192 -2.220539 -108.602694 -53.553872 -4.473064 -18.323232 72.240741 16.784512 -8.393939 107.513468 -16.087542 -8.569024 -49.993266 214.939394 -162.466330 -56.210438 -47.279461 48.589226 -26.447811 -8.895623 -17.816498 2.654882 -14.237374 -45.932660 -26.267677 5.279461 -4.272727 -18.787879 -1.944444 -0.227273 -54.388889 -21.728956 -2.223906 -8.877104 -70.925926 -32.835017 -5.702020 -7.574074 31.095960 -79.264310 -17.533670 54.547138 16.127946 -20.087542 -16.112795 37.937710 6.232323 25.062290 -17.005051 16.730640 4.974747 44.058923 -12.776094 11.988215 -0.909091 -6.191919 -0.563973 -0.143098 -22.415825 -7.074074 -0.075758 -2.410774 -97.537037 -12.353535 -1.774411 -17.533670 -17.996633 -41.558923 -11.388889 13.533670 94.868687 -59.410774 -5.205387 36.003367 32.217172 -8.410774 -1.178451 12.722222 -2.286195 13.851852 -0.845118 5.006734 25.324916 90.181818 12.193603 3.683502 -2.749158 87.540404 -0.469697 7.045455 -85.506734 62.146465 -8.079125 2.419192 -94.355219 27.365320 -1.038721 -4.385522 108.604377 -14.656566 4.063973 26.860269 77.446128 -29.038721 0.589226 11.781145 3.952862 -24.629630 -0.643098 -3.195286 56.808081 -13.380471 6.558923 20.784512 6.015152 -15.582492 -7.565657 9.739057 -39.654882 30.188552 -15.348485 13.956229 -79.688552 70.430976 -4.705387 15.417508 25.249158 -69.457912 2.809764 15.085859 63.451178 -107.367003 -2.402357 30.745791 -16.742424 -130.856902 -3.023569 2.925926 -24.993266 -89.538721 -15.675084 26.543771 2.454545 -92.072391 -7.464646 30.092593 -38.230640 -44.080808 -1.116162 -1.764310 -57.053872 7.797980 9.789562 -1.436027 -13.439394 -48.688552 10.658249 -8.106061 16.202020 -51.323232 5.494949 43.161616 -0.754209 -37.163300 -2.558923 77.149832 -47.722222 -78.324916 0.829966 20.500000 2.658249 -42.031987 -5.087542 26.437710 -31.001684 10.097643 -10.496633 -7.262626 -79.095960 42.651515 14.737374 -6.481481 -29.696970 47.976431 40.274411 -14.230640 11.841751 33.457912 18.902357 24.350168 105.444444 159.198653 13.015152 95.516835 
-37.086751 -18.982502 2.459443 -5.144756 -545.936665 -211.540379 -3.181104 -79.179829 -1602.271758 -543.242705 -20.091215 -322.627512 736.673069 -28.511759 131.056882 -162.466330 1546.271937 250.981354 100.487884 82.248827 104.189496 33.783568 -48.842567 0.187838 -39.461586 267.979594 -0.300122 2.754923 4.840526 47.562213 4.858433 -0.532216 -169.679676 -35.033772 0.838129 -27.861086 -692.432992 -165.497271 3.372896 -198.968141 414.082951 -653.405137 -32.401413 -168.551627 700.161795 -606.459928 -27.807800 50.823207 19.247245 49.713065 -48.427839 1.905698 -23.067723 731.498903 5.412943 22.415799 1.735996 17.262397 3.017932 0.598459 -31.534155 -7.361009 3.785124 -4.823793 -384.735257 -127.970080 -9.948067 -110.599531 112.940363 -265.637333 -30.329660 -206.916692 658.530992 -108.467044 14.832441 -14.184216 85.660468 142.586522 8.210030 10.575222 13.523059 346.357413 23.722732 2.816906 -44.818539 -210.702556 26.383864 1.967809 0.883736 -145.122054 8.650826 22.669268 -185.474543 -143.184343 -7.878686 -1.262703 67.025150 -40.313718 8.353561 -147.473319 487.274003 -96.519207 24.370498 -116.555300 114.338868 15.751020 9.158071 -21.424574 19.029665 104.291577 1.412815 10.618865 -89.198730 -218.252015 106.829635 -35.974798 -63.443220 -140.878048 54.476814 23.089481 -68.384195 -53.148658 0.188476 78.040736 -3.223319 -19.880752 9.464289 -28.706254 164.589251 -237.526298 5.883252 -115.579660 83.446766 -186.579788 13.412024 -196.521681 37.968626 -95.628762 10.510662 -198.504795 239.465514 13.806882 79.624834 10.233369 -99.812213 -58.335731 38.310759 -86.116289 -116.026911 56.995409 30.319636 -8.172891 -176.427431 18.473982 28.968728 37.731686 -106.357897 40.617207 12.453423 23.987756 56.714187 -27.794919 1.217172 -139.427380 -169.125599 -498.384170 8.014182 -394.462529 227.122283 188.056601 -1.454367 229.582339 -72.744924 320.781502 14.416488 54.076268 -132.658504 146.532089 121.098536 -109.961662 -129.729951 -28.193603 164.618228 -74.820580 -87.382844 63.321957 6.765789 25.649092 8.872717 92.794587 2.274156 28.466202 -264.129783 -374.160902 -8.234236 -164.758928 
1.373865 -9.997449 0.947352 -2.923044 -136.716840 -44.284996 -2.934445 -28.603459 -507.966228 -67.198373 -7.201255 -121.307902 -278.660366 844.413657 161.851903 -56.210438 250.981354 2076.630369 199.944011 106.920442 222.801933 1766.866417 102.411132 144.629732 307.987297 1211.724416 88.550811 132.877002 0.322926 20.429063 2.629170 -0.241429 -47.252831 -11.785940 2.688348 -6.630956 -273.938144 50.343766 12.763468 -7.228217 -31.368993 -30.724952 25.468600 -14.687430 248.409065 -255.901107 -60.937991 14.431461 51.817493 -479.216585 -142.441766 10.949980 -96.698118 -919.977477 -165.872845 13.899475 -0.994031 53.751837 17.147510 0.343077 -24.334226 54.599913 9.557392 1.724467 -242.821370 12.668886 -11.414345 -11.509591 16.493368 -264.649934 -87.685950 44.812774 430.926309 -859.377002 -120.919064 52.521988 89.718779 -1003.430109 -111.014131 -5.732247 -76.858994 -953.854811 -112.164575 -27.578461 38.393990 103.853612 131.583690 0.811958 -3.673146 227.723064 57.184803 1.733395 -232.264820 275.926768 4.612540 5.647919 -325.996378 200.514514 16.669549 -6.197174 192.336037 110.536654 23.916769 67.306601 152.231532 148.718830 3.947837 60.285762 40.847133 109.079558 2.143047 23.962096 204.220309 -142.720131 122.132563 -8.414856 -5.775788 -115.391159 33.319330 -20.797776 -127.727222 -20.202428 -26.894169 -35.467580 -200.982527 133.838664 -16.403989 -46.453219 48.933859 -47.471712 38.261989 -57.850092 112.029971 217.670850 18.043592 2.257066 185.404193 514.949852 10.932099 64.983369 150.562647 -108.635471 -44.772523 61.451510 7.230028 -243.730538 -7.374120 -50.150775 -123.359071 -159.634986 -13.608433 -66.748750 -101.587568 -58.222834 34.602592 -74.496301 224.688935 -132.028288 70.883277 -130.166361 130.092057 -42.846036 15.045455 -194.036348 33.034537 302.235257 18.602592 -74.129451 -2.990052 -175.230308 1.505025 22.996174 159.040761 95.577390 -22.871187 29.593001 -19.804918 136.701765 6.255765 -50.374885 -198.721840 111.289562 144.511249 -58.821447 52.561907 63.729619 50.013978 -67.273824 -18.812264 -109.565172 -10.247679 -129.612055 -151.382614 -190.565759 0.213116 -157.006300 
2.656897 -2.695388 0.523722 -0.887792 15.462478 4.509514 -0.329558 0.095654 -132.390981 -11.336981 -0.013162 -27.622768 -109.354326 62.623992 88.252321 -47.279461 100.487884 199.944011 113.521095 -3.702811 34.368865 145.705209 41.298235 2.982757 43.025559 133.868330 33.003826 4.151923 0.768901 9.225666 1.003520 -0.087313 12.127487 1.574737 0.116978 0.209009 -15.162407 5.225105 3.691077 -2.697403 2.486073 -20.838409 30.040583 -19.257015 23.354479 -98.083282 30.927890 -14.908504 0.040634 -137.173222 6.729186 -12.401770 -19.063590 -160.787904 -14.836063 -6.836114 0.122590 3.429522 0.319891 -0.102949 5.704750 -1.424064 0.123967 -0.613356 30.415952 -6.268978 -0.825783 1.910417 17.856494 -28.482757 -0.003673 -3.643353 -3.970386 -55.121620 2.040736 -11.530711 -6.912994 -76.666769 -7.229670 -8.214953 -7.015203 -69.937659 -8.643047 -4.268646 -12.441282 -22.573538 5.150928 -1.946485 2.032650 -8.692761 0.460285 -3.549740 24.156923 -15.952020 3.906744 -1.472987 28.209417 -17.779436 5.736787 0.234823 -28.519233 19.158938 1.791679 -3.712937 -26.394985 41.019462 0.490639 -1.194393 4.393455 39.344225 1.409295 4.483267 -27.757499 -10.789511 18.191128 0.829456 -6.861494 3.775916 7.548439 -1.643914 11.351648 -21.959647 14.033747 -1.835910 21.121187 -46.803311 11.154678 -7.049077 -12.997220 35.256377 7.301372 -5.960744 -20.321064 78.521988 3.311320 -8.415468 20.666054 85.517090 8.572952 3.514335 10.373992 -6.421921 10.845985 3.784027 -2.106979 -4.454954 6.822238 -11.289996 15.381568 -8.975207 7.592822 -2.639680 45.608688 -23.633915 9.800071 -2.359071 13.655877 -17.352336 2.242985 -7.354760 -18.274793 -32.449189 -2.636364 -24.806627 -31.570809 -35.542878 5.476839 -35.154755 9.647077 -8.968498 -2.226329 35.995103 4.148403 16.732527 0.829864 16.175135 25.953678 -8.359249 22.632665 3.491965 40.288874 -31.122896 14.836318 -7.500408 20.825605 -42.788848 -17.719212 -0.014973 -28.486634 -40.593689 -8.911642 -12.384272 -94.277625 -137.632589 -4.198424 -53.979007 
-7.432328 -6.777880 -0.769207 -0.850755 -89.468498 -40.463550 -1.499592 -9.894245 -168.059331 -62.486813 0.557545 -24.301219 30.063182 38.923656 5.471176 48.589226 82.248827 106.920442 -3.702811 82.780354 4.107923 71.536858 -10.558667 24.380063 2.616468 56.481124 -5.804255 10.446536 -1.827058 -7.643021 -0.764157 -0.087313 -25.928069 -13.644118 -0.475615 -5.142843 -91.270151 -32.458397 -0.995791 -26.933094 27.885063 -115.163325 -13.366825 -10.644220 83.265254 -115.039511 -19.442480 34.796883 7.242654 -27.626084 -22.679905 26.743011 8.234389 44.568998 -15.445490 17.030890 -0.533976 0.055785 1.518544 0.213550 -7.731277 -3.417330 0.487603 -0.675645 -75.126135 -20.940695 -3.145648 -13.603051 -25.938119 -58.784104 -15.842057 -16.927865 106.792241 -76.042496 -10.987884 16.043363 30.809229 -13.006836 -6.741455 12.093128 4.420824 38.803081 -3.856851 9.768391 2.232119 0.850704 12.556652 3.297623 -4.883175 1.963805 -4.979109 7.071472 -57.774054 -10.921717 -8.950158 0.102770 -59.676104 -3.505025 -4.317085 -20.403224 89.595245 -17.442072 1.108178 1.541271 63.005688 -9.180874 1.105117 5.930186 4.356418 2.179242 -0.324712 -0.863534 2.979875 -59.240690 14.386415 -3.769870 -14.149373 -42.099505 -1.325298 2.554739 -30.974952 9.845067 -11.885445 10.352643 -60.723931 38.062009 -4.414345 -5.197225 24.418605 -67.979313 -0.701995 -19.491047 62.382640 -64.900571 0.307953 -19.982808 7.272115 -41.435772 1.200898 -21.241557 3.330221 -23.248521 1.595143 3.807596 -17.995868 -26.618253 2.756581 -4.111545 -36.081395 13.504591 4.613024 1.000051 -93.581548 23.714570 9.660341 3.134195 -23.132002 -14.162101 5.067901 -10.299204 32.437328 -21.580502 2.828283 -22.912687 -12.612897 -39.226380 7.685593 -13.560479 0.677380 21.408606 2.972324 26.257729 -18.769105 23.367207 5.747373 8.931027 -37.911642 1.900010 2.444113 -4.407025 -103.201025 50.134680 8.306015 -7.269768 -25.583486 85.364351 16.787522 -3.174906 29.511682 51.773314 9.955362 3.763876 21.005204 34.778186 11.311677 16.800454 
