127.148046 439.277676 2.614631 16.934547 46.312621 314.839353 7.450056 12.523263 36.791093 165.926895 -1.045199 7.092338 -69.205999 77.108917 -10.501326 -0.473523 -107.819610 43.217937 -5.474288 -13.129630 0.531680 17.108866 -5.507193 1.103255 6.691103 -6.383532 -4.043210 9.803081 27.287828 13.417508 -14.020508 -0.489032 9.639527 -30.523824 -18.668248 4.239006 40.718090 -88.845934 -13.047648 9.960106 0.352107 -26.966432 -0.851291 -0.292470 -41.309713 -8.145342 -8.913580 -4.846138 9.591368 -79.423987 -11.166259 -9.507805 2.392715 -85.861647 -10.202326 -0.031017 25.295633 52.671003 8.354148 -2.594735 7.407254 84.850066 4.808438 1.584175 25.711305 14.856749 -1.364198 6.989899 -9.784716 -36.153250 -13.324967 4.294562 -25.559739 -9.434752 -13.644322 -9.776757 7.028569 -60.508877 -15.455413 -5.359147 -1.798031 -119.006479 -15.700592 -3.953219 4.124222 -13.694368 -5.170493 -3.162738 -3.260841 -54.445975 -13.023926 -2.348026 19.842567 -94.691511 -19.160494 2.530099 20.204877 -55.578002 -15.860014 1.732680 -24.201000 -8.273748 -10.279512 10.009642 3.160086 -33.056168 -13.474645 8.844863 -5.618865 -68.714417 -13.204061 -0.034027 -11.101928 -40.361035 -13.402357 -3.367207 2.905418 -61.905775 -3.697123 -5.366595 11.687175 -15.635904 12.363942 -11.774666 -21.423477 0.539129 5.181104 -3.519590 -72.407101 13.955362 -1.854301 10.469595 0.800837 45.110142 2.139527 17.841649 16.287675 64.135598 -1.155902 17.473370 -24.477604 -47.694827 -28.479798 -12.100347 33.918988 -72.280227 -8.076931 -9.874656 34.082645 -59.451587 10.024895 -9.782165 -0.018161 -2.378839 -2.079176 -10.666259 -0.273135 -22.450821 0.022039 -10.669473 20.429803 -40.325681 3.175033 -20.275074 20.768187 17.248699 -1.072850 -0.814356 -7.871085 -8.335119 -10.399806 -44.561218 30.597694 -44.327058 -10.061065 -51.700847 38.847822 -15.787930 -25.458576 -10.053413 -29.717427 36.575298 -23.473319 4.408122 21.787828 22.738904 3.001581 -6.471278 27.565963 -51.245842 5.148505 -23.039588 -34.176666 -99.834660 -2.079227 -40.225640 
439.277676 3437.599225 73.372207 127.685389 -5.620039 1950.433629 50.320426 22.109122 536.629477 722.329252 65.830221 -5.040659 -39.857515 119.459086 -54.230283 81.789103 -850.287624 43.616927 -52.933884 -68.907407 -131.230946 -240.433221 -56.259718 -49.637486 -72.423375 -380.691613 -37.622334 -39.461228 108.117794 1467.220539 -17.702326 53.058106 -65.000204 413.221967 -86.833231 -4.860320 192.298898 -352.526069 -112.424753 60.463473 82.035609 -260.281247 -37.622334 64.540863 -186.245740 78.166105 -45.573513 -12.312468 -52.327824 -498.614223 -88.568615 -66.235078 -103.657790 -743.104071 -105.414448 -49.219569 107.413478 235.512754 -19.065044 -23.640190 -3.395776 401.611009 -48.925569 8.518519 134.339251 9.341598 -57.436588 20.808081 36.025048 -134.828334 -53.141465 43.316447 -216.330783 219.710030 -14.780686 -3.148811 -34.111162 -190.281604 -80.704571 -21.184063 -45.644832 -862.969442 -164.742679 -27.825273 30.226916 206.916743 -70.923018 -7.514590 -17.935925 133.033823 -88.734364 2.116621 107.214621 -98.134272 -92.212682 3.450974 50.635853 -66.897868 -56.868432 32.953219 -189.411438 70.244771 -30.757627 86.398531 -36.208601 -154.828895 -58.669932 43.585604 -42.595296 -366.148760 -60.303387 -7.789919 -37.864555 -101.376186 -104.695286 -6.532191 9.122590 -113.787930 17.818029 -31.910366 43.980104 219.424702 57.141720 -73.195541 -187.448730 271.298388 6.472350 -1.554943 -386.836394 227.165799 -11.839149 114.124477 -19.707581 242.475462 -7.338588 145.547036 36.491378 245.999235 -13.415162 100.655188 -55.716662 -271.391797 -158.691919 -11.379808 278.612591 -114.653964 21.431487 9.478880 78.203857 -138.084583 52.976074 -72.218192 -95.383481 104.637996 -42.824967 -63.063565 11.588817 19.936384 -11.028466 -9.592031 57.584685 11.987450 15.646414 -35.692582 228.801857 618.885063 19.871595 160.635139 -245.832364 -467.458014 -60.352668 -268.157178 292.585910 -379.958372 -60.924702 -114.406234 197.561626 5.466279 -172.007397 72.911234 -120.234262 466.358127 -170.889144 4.460310 291.946077 322.041934 -6.065759 -34.767575 236.677074 -206.855270 47.318539 -163.849352 -66.336598 -322.927252 -4.813233 -181.491634 
2.614631 73.372207 23.085629 -2.433808 -4.510178 64.120600 21.425084 -5.747016 14.343664 21.933731 15.720998 -4.122513 -19.845041 12.813055 5.055862 10.432507 -50.082032 23.122590 2.570018 0.421717 -8.474288 -1.069024 1.536042 1.622054 -2.115779 -17.136823 -0.509259 -2.337619 9.360346 119.237374 28.164601 -0.678910 -5.785889 38.061830 16.069712 -4.432583 7.117309 -7.411234 3.176691 -0.361035 1.165442 -12.327288 0.851852 2.681129 -6.324992 3.047138 -0.188552 -1.245103 -3.758264 -22.200719 2.291475 -2.306474 -6.945133 -36.331267 -3.863177 -0.268289 5.815810 28.133226 8.092516 -0.413453 -0.694215 -1.006581 6.156872 -3.813131 8.841292 -25.454316 3.049663 -2.318182 2.325222 -20.902280 1.830043 -0.111876 -8.340526 4.117616 4.562443 -0.275099 -5.495715 -11.297291 2.668809 -0.687710 -7.834099 -27.046679 -4.938170 1.029997 3.057775 40.748623 3.667355 2.743266 -0.495944 35.901286 3.077977 -1.876951 5.254668 10.748546 0.433502 -0.586394 -1.661693 -9.940236 -0.915366 2.338690 -6.616009 -10.222375 0.683578 1.950184 -9.214876 -16.991506 -1.023722 1.513851 -5.416820 -5.761708 -0.848791 -0.108892 -13.652663 -30.574610 -2.222222 -1.518212 -0.481864 -20.770967 3.255280 -1.741353 6.883379 -4.765840 6.590450 -1.791705 0.877640 2.584405 3.006964 3.355142 -17.376722 1.143557 -0.806933 6.200490 -9.558157 10.210208 -0.561142 4.447964 -2.604071 21.826905 0.328130 0.928834 -17.504974 -35.008264 -4.656566 -4.098638 12.709060 -21.382691 3.439470 -2.417815 19.646235 -16.809152 8.487068 -2.505204 8.472528 -10.278543 2.817417 -0.829737 -0.804102 -0.456765 1.333104 2.119529 -5.007499 7.516299 0.620447 8.886517 0.219773 24.864325 -0.032140 5.479109 -29.556168 -46.105066 -3.529920 -9.488981 11.849250 -41.155877 -4.575069 5.563055 23.108739 -17.500765 -6.237221 10.145776 28.859810 -9.231635 -8.183119 2.182430 17.337619 -17.931589 -3.645470 -2.192914 3.812672 -28.311371 0.310912 -0.098867 -14.091904 -21.158785 -2.385369 -0.010866 
16.934547 127.685389 -2.433808 22.758009 -4.050326 80.481226 -2.547419 11.231252 18.445592 33.856647 -1.554382 -2.017167 4.793312 -5.774232 -2.862667 -0.477196 -28.101520 -18.587389 -1.730716 -1.935185 -9.639118 -15.805275 -0.816422 -1.924523 -2.782038 -12.379400 -0.944725 -0.244210 -2.854275 -1.471380 -8.027166 13.717121 -2.438986 7.005561 -9.497679 8.915085 4.965335 -12.740792 -6.784333 5.093256 -1.045965 -5.677405 -0.199776 2.834940 -9.556499 -1.902918 -0.953984 0.571906 -2.457989 -23.137716 -5.552163 -2.986915 -5.247551 -35.935797 -4.827671 -2.919447 1.296781 -12.851265 -3.852234 -0.368610 1.887511 7.692123 -4.537751 2.983165 4.947760 -2.695822 -2.523288 3.944444 -1.130905 -4.063029 -2.128686 2.670136 -7.545506 6.632971 -3.489134 1.022370 1.575860 -9.565580 -5.015100 -0.861672 -0.735588 -47.227783 -7.984338 -2.298949 -1.501811 5.360958 -5.833257 1.107464 0.157203 -2.805020 -5.422686 0.786961 7.646516 -6.943577 -0.960999 1.529869 -1.087364 -3.423962 -1.000510 0.628915 -9.156923 2.798337 -1.189292 5.786272 1.088919 -2.774028 -1.453066 2.523237 -0.948296 -16.808540 -2.408377 -0.271171 0.873049 14.330655 -0.144781 0.720947 -0.929522 15.133940 0.050811 -0.487348 2.575145 18.938476 -1.475360 -2.452352 -14.226278 9.279487 -0.063386 0.329584 -13.996403 6.814866 -0.511096 4.069228 2.268697 -0.948398 -1.214238 6.006938 1.683910 -2.250995 -0.462606 0.331038 2.991404 0.975513 -1.868687 5.464162 -1.149424 5.800352 -2.552367 5.011938 -5.405188 1.558055 0.025125 -0.957555 -10.483037 3.744210 -0.067238 0.058948 -9.692786 -3.471253 0.604913 1.401235 5.966993 -6.411769 0.454647 2.316983 8.810428 6.813208 0.605295 7.929216 -5.269615 -17.576395 -0.367896 -2.963422 -2.525355 -4.989822 0.099403 -4.278441 -9.292445 -9.705285 -1.419549 1.589149 -26.839557 2.907484 -3.643429 3.599582 -6.094174 10.577747 3.336063 1.593230 6.474135 1.475691 4.678579 -3.700286 15.544409 1.791373 1.969901 2.816600 
46.312621 -5.620039 -4.510178 -4.050326 300.038695 77.430772 10.241021 26.883991 246.033747 130.742220 -21.151923 93.233573 -278.628482 124.227247 -29.444342 -1.150444 -178.276502 85.018978 6.373508 -47.781987 -8.669881 -31.741863 -7.690006 6.108025 -4.922431 -47.473217 -9.104097 27.244363 18.833920 -40.725589 -13.635369 -9.128660 58.534333 -99.713397 -15.214136 11.731226 130.668733 -207.504081 -24.404066 46.494133 11.117437 -18.489567 -11.556117 -10.752755 -110.003954 13.572952 -15.261504 -23.393149 -24.591139 -167.957479 -8.370855 -7.869835 9.471151 -99.967325 -4.279308 13.235486 16.357795 169.919830 7.349021 -2.501454 12.566575 99.206561 13.922661 8.582492 122.479084 2.437787 12.102413 32.686869 -19.824253 -22.088639 -12.250255 34.223651 -127.017549 84.896108 2.490511 -22.650622 -22.444700 -68.122666 -6.310734 -8.049102 -0.552444 -83.241149 -2.602285 1.378686 16.374477 159.884221 3.033900 -3.328002 0.545123 0.451944 13.840807 -3.588613 25.451893 -128.681461 -6.626543 21.722044 48.641389 -88.799944 -12.771452 33.180237 -53.880420 39.228905 -6.826013 -0.429063 -48.138965 -62.818717 -17.607234 -6.256326 -1.701229 -96.162994 -14.259361 -2.032930 -19.254591 -68.034971 -31.531987 0.374401 0.696281 -126.053285 -20.677533 -1.915468 9.324763 -98.250230 -0.857055 -4.699929 42.072008 -38.475232 4.157203 8.702556 -51.336012 16.455260 -1.637665 15.551678 -69.002551 65.445490 13.425747 -12.618355 7.982145 129.950719 23.621161 -5.057392 -114.343409 -3.267065 -34.666667 -11.825809 -9.714825 3.343817 -9.764284 9.843893 16.269284 46.940720 11.958652 4.272676 -23.455285 26.841496 -7.220794 -1.643582 -10.358943 2.846062 6.971304 -1.566218 0.241608 14.682201 11.469442 -35.677558 5.670901 24.973294 7.570095 -48.872283 -87.858790 30.424574 0.522013 -77.038414 -20.863381 -76.259030 -5.454316 -60.889756 22.952071 -80.168605 -44.319814 52.816269 7.061014 68.227502 -86.478548 55.675288 92.801092 94.356137 -35.265662 18.311116 84.163147 -41.824329 4.792190 -14.539690 -22.140062 -134.179191 -5.323742 -43.205642 
314.839353 1950.433629 64.120600 80.481226 77.430772 2229.547189 72.857464 82.900214 267.370983 1454.200388 73.744210 26.605959 -238.957147 469.807877 -43.963830 69.963116 -775.161514 208.929599 -59.784665 -11.695286 -59.793388 7.999439 -45.499847 7.404602 -1.854199 -284.507958 -36.630752 20.838741 -5.459953 -98.703704 -49.118304 -3.155545 -44.730385 -117.232425 -102.788848 1.304357 147.592287 -492.608407 -121.954750 43.301551 120.474850 -292.563004 -58.888328 35.599174 -58.380114 -54.148709 -58.738496 -8.862361 -14.557392 -485.048720 -74.244618 -44.675849 -67.195439 -765.880012 -87.032446 -10.060555 97.589634 229.363687 -17.591674 -16.511631 0.825528 401.672686 -7.401541 -8.920875 79.751862 111.032599 -8.135241 -1.121212 -29.104122 -80.496990 -7.042445 15.380114 -111.463626 47.471891 -41.146618 -8.558514 2.386848 -189.607591 -82.591929 -10.059484 -111.358943 -906.585757 -162.656668 -20.768493 15.551372 174.119223 -87.198500 -6.038159 -22.669319 -95.490511 -105.399806 -15.173554 57.367667 -343.663810 -111.234568 -1.976176 54.666463 -258.475309 -81.191817 14.537853 5.486940 -19.981890 -44.805071 51.683655 55.777166 -216.074992 -79.287165 41.247373 -51.640139 -426.132231 -100.307214 -6.728089 -134.839761 -137.204010 -33.750842 -24.762371 -12.848944 -110.476788 33.064585 -37.045965 34.163759 147.508264 27.315274 -60.129732 -115.060300 138.400163 16.282879 -17.849250 -245.536578 25.015815 -5.636670 34.029589 61.585655 163.624528 0.355474 72.588511 24.887460 222.928987 -9.151923 34.167126 60.530507 70.333180 16.858586 -39.697378 144.478370 -18.087848 17.845322 -49.981175 59.740129 -108.837874 10.431844 -76.793337 22.165799 -31.480155 -12.165340 -39.093103 12.729466 -70.569891 20.517906 -23.570146 25.018723 -22.315121 16.038363 -11.541679 77.574278 250.559076 -7.873584 84.930823 243.680186 162.573360 -26.354199 -23.938629 158.401031 197.922712 -48.988062 -201.976635 102.162024 137.287522 -68.917100 -160.333486 -2.006836 48.395776 -28.040506 -43.941128 131.125906 -27.307469 -1.746505 -25.854505 36.896082 -249.362310 6.221355 -76.004387 -124.867973 -183.539588 -16.211152 -7.534027 
7.450056 50.320426 21.425084 -2.547419 10.241021 72.857464 43.570988 -6.612795 11.815657 47.239618 29.039843 -5.316779 -57.561448 42.298260 7.988777 4.826599 -65.241302 64.609428 8.563131 -0.393098 0.929293 43.625140 7.120370 5.589506 -1.984568 -12.638047 0.054153 -2.339506 11.235971 100.077441 28.802189 -2.246352 -3.216049 43.140292 32.567621 -4.674804 11.613636 -11.975309 16.576038 0.791807 -5.660494 -13.796577 4.359708 2.588384 -10.926207 -12.358025 1.457351 -5.574355 -1.088384 -40.210157 6.140011 -2.219697 -13.005892 -58.117003 -3.887205 -1.565095 5.640011 23.220258 16.196128 -2.049663 1.858586 -4.873176 19.229517 -2.831650 10.007856 -30.042929 16.514871 -1.227273 -9.276655 -28.459315 6.338664 1.721661 -16.640292 -11.054153 7.695286 -2.085578 -4.391134 -19.842593 13.796857 -0.060887 -13.109989 -42.806958 -4.395062 0.824355 3.133277 75.707912 15.228114 2.835297 -1.036756 43.043771 14.685466 -1.757576 -1.041526 4.758698 8.215208 0.663580 -2.999719 -19.624860 0.208193 4.754770 0.866442 -28.305836 -0.055275 3.265152 -6.350168 -50.630471 -2.244669 1.228676 -10.397587 -32.202020 -4.359147 -1.390292 -21.941919 -34.857744 -2.350168 -1.608305 -2.558081 -37.615881 1.316498 -2.197531 1.821549 -19.434343 7.215488 -4.942200 -5.196128 -6.625982 6.740460 -1.879630 -22.460438 -14.533109 -2.768519 5.567901 -8.946689 16.342031 -0.284231 6.559484 -0.742985 38.082492 1.631874 2.151515 -30.560887 -53.537037 -0.924242 -9.077722 14.494388 -21.377946 7.745511 -5.676768 18.047980 3.323793 12.035634 -5.938833 5.967733 -1.544332 6.782267 -3.521605 -12.400112 -5.357183 4.492424 0.339506 -4.521324 7.940236 2.725028 10.569304 -5.879910 34.561448 2.208754 6.903199 -13.977553 -37.427890 -4.454265 -6.400673 19.593154 -38.074916 -3.260101 -7.167228 28.234287 -30.660494 4.179574 -3.812290 18.783389 -29.154040 5.764029 -0.387767 -0.034231 -31.856902 3.518238 -1.957632 5.372054 -40.195006 0.109147 -1.113917 -13.196689 -37.912738 -2.433782 -1.980359 
12.523263 22.109122 -5.747016 11.231252 26.883991 82.900214 -6.612795 36.292011 10.504591 81.405265 -8.861188 33.795531 -28.779614 14.611264 -9.440006 2.109734 -24.361188 -13.841139 -11.084481 -3.343434 -19.541322 -20.725589 -5.607438 1.018519 -2.894705 -23.685950 -2.430976 3.119682 -8.043924 -113.722222 -14.788797 1.418427 6.076829 -67.477196 -18.068717 14.067187 16.699725 -53.657331 -12.090756 12.934190 9.633762 -4.875727 -3.143098 1.572084 -15.915672 5.835017 -3.567340 0.677074 -12.311754 -18.320784 -5.805173 -3.422406 -2.448118 -47.938476 -6.445363 -1.059382 -0.172023 31.011325 -5.447658 0.988522 3.226814 32.977808 -1.980410 1.984848 11.958831 26.388430 -0.367003 6.025253 -9.857515 4.233854 -1.160086 7.158096 -11.859351 9.633456 -5.831956 1.615856 -5.023722 -2.986226 -9.832568 -1.129630 -1.124732 -40.861188 -8.194368 -0.262014 -1.756964 49.805785 -7.329660 0.260943 -2.073768 -22.044995 -6.161004 -2.337006 5.556321 -50.406183 -7.134680 3.011172 13.303183 -31.533670 -9.346036 5.135751 10.822926 3.661922 -6.326752 3.382461 -5.630854 -2.850321 -3.710132 1.371289 -3.989593 -31.249311 -7.302418 -0.428681 1.562902 11.341139 -1.595960 -0.402969 1.711203 6.233854 -2.162075 0.149373 3.899908 -1.852158 -3.968779 1.644016 0.411387 2.679676 -0.816957 4.269513 7.177686 -9.984083 -1.739669 4.316192 -1.929140 -17.132537 -0.827212 -2.916131 -2.003979 -16.466942 -1.454239 -3.216253 -11.813284 -1.301653 -0.015152 3.262932 -3.630242 -4.138659 -6.535507 5.002296 -2.156107 -2.174625 -2.817570 2.116468 -17.808693 6.087389 1.269207 5.462504 0.588001 -11.864249 -1.120753 3.659933 5.368534 -10.073003 -0.069177 -1.348791 -0.560759 -14.319559 -1.758953 -5.533976 -8.963422 -20.577747 0.367922 -4.001837 -2.759106 -17.390266 -1.940771 -13.929140 -8.222528 -21.240894 -6.798286 0.107438 -32.153964 18.180441 -11.936792 11.160392 1.496480 31.817723 8.068717 5.562596 15.223140 14.940924 8.837772 3.460361 13.895929 33.332721 3.740435 17.890419 
36.791093 536.629477 14.343664 18.445592 246.033747 267.370983 11.815657 10.504591 1554.620983 -95.224977 35.418733 192.073691 134.223829 -211.764233 -139.847107 163.496786 -1255.217631 -166.551882 -86.676079 -146.239899 -379.040863 -579.792929 -46.818871 -92.255051 -119.749541 -577.711662 -39.209596 -49.499082 75.451102 761.141414 15.446511 24.975207 22.319559 506.803489 -11.611800 7.935950 428.968549 -215.928834 -47.062213 142.928375 217.989440 -253.484160 -43.459596 91.950184 -549.153122 537.318182 -19.550505 -38.313820 -221.221534 -376.018136 -48.303260 -38.779385 -131.236685 -826.062672 -118.843893 -48.169421 24.783517 198.297750 -22.102617 -0.435032 -5.760331 326.584022 -54.271350 33.717172 380.015611 -13.222452 -58.916667 99.601010 317.056933 -261.245868 -74.134757 142.731405 -471.994490 432.904270 5.836547 -29.807392 -215.283747 -72.061295 -49.414601 -22.795455 -22.571625 -640.550964 -139.312672 -3.597337 72.657713 370.907943 -31.849174 -0.209596 2.221534 358.235078 -50.559458 24.735537 172.489440 148.749770 -67.431818 79.766529 238.927686 -85.204545 -24.596419 123.748852 -424.506887 337.239210 4.951102 16.221534 -315.825528 142.077365 -19.690083 -8.431359 -23.419881 -213.576676 -36.678145 1.359734 70.718320 126.049357 -16.222222 16.061983 -10.487833 26.188476 5.017447 -9.285583 98.116621 78.472911 14.773186 -2.888430 194.283976 -1.055785 1.120983 76.564050 -286.658632 197.262167 -40.632461 130.841598 -311.751607 192.510331 -2.804178 59.664830 -68.407713 60.743802 20.678604 22.566116 40.536961 374.164830 13.045455 78.908402 -66.124885 217.286731 7.350092 67.099633 -16.343205 23.916896 -0.771579 -14.089073 73.367539 -170.293848 -44.076676 8.403811 -45.310376 100.731175 -29.393710 51.181818 -101.490817 216.493802 -5.339302 69.010790 146.089991 257.261938 -1.589073 243.591598 -109.164371 103.546143 0.644399 -82.965565 -100.423324 -7.233012 -30.202709 -11.579890 6.500689 -66.404959 -108.506887 74.389578 105.545914 139.544766 -241.219238 44.083563 253.438476 121.608356 -166.201331 34.489210 161.409550 -162.165060 16.983701 -33.672176 218.302342 -99.955693 -5.138200 117.236455 
165.926895 722.329252 21.933731 33.856647 130.742220 1454.200388 47.239618 81.405265 -95.224977 1919.631364 13.176870 79.779359 -397.108662 964.679931 -18.497500 92.644934 -346.966228 366.778084 -4.158402 49.395623 85.236915 188.496072 -29.525099 75.064534 41.598663 -219.881696 -35.379910 76.350525 -89.931334 -1131.294613 -72.315274 -40.738037 -18.141159 -871.614580 -95.356188 -14.732680 -39.554178 -678.771707 -110.946332 -20.484644 139.245893 -213.500714 -61.890011 -0.764463 194.980155 -205.197531 -36.765432 25.109019 54.311295 -432.196868 -38.513978 -8.817264 3.052036 -563.162841 -38.451638 31.804765 77.158657 79.638098 -19.046220 -9.779308 5.674013 336.729926 15.357719 7.579125 -100.658912 361.118457 45.356341 -27.540404 -180.494694 237.279104 42.364963 -22.156923 36.044791 -99.789052 -25.500153 8.550913 80.193246 -191.703551 -46.625599 7.785634 -81.284869 -490.582390 -103.599429 -11.825732 -32.677584 -12.219161 -51.688399 -6.398429 -39.585144 -347.788491 -82.714621 -22.466483 -47.211458 -580.271554 -105.530864 -28.987960 -0.148352 -382.771605 -101.041986 -51.278645 273.035762 -212.697378 -77.468371 25.456382 215.822620 -469.186103 -98.793899 44.314713 -11.653607 -477.783747 -129.773544 -6.997449 -56.930670 85.649526 91.279461 -23.026681 -5.742883 32.253852 40.357515 -20.906234 -25.760484 104.185032 -24.310989 -15.279563 -178.550199 155.741914 2.729007 -29.813897 -156.405265 8.421539 8.974441 -24.115192 179.341547 136.910723 15.025508 50.115447 107.274666 324.575451 3.965922 61.793388 277.951383 237.065504 105.186869 -12.933068 46.264565 -54.143404 -44.597439 -41.056933 25.745179 -173.149321 -44.155698 -38.458321 11.521018 -38.214162 -20.429650 -32.069534 28.049332 -103.063157 33.730028 -41.420314 53.818386 -200.633303 25.834660 -83.230232 80.308285 49.680288 10.505204 -47.852005 392.697021 320.766963 -7.785175 131.763391 37.801704 381.018672 -44.993113 -175.347005 28.655290 180.467656 -21.484440 -204.207224 21.737272 -5.765840 35.860167 -41.437761 -32.118202 -71.241812 33.270330 -17.709723 -57.699878 -185.646822 28.687685 -53.229977 -149.748444 -155.623763 0.053158 -118.995307 
-1.045199 65.830221 15.720998 -1.554382 -21.151923 73.744210 29.039843 -8.861188 35.418733 13.176870 67.868891 -6.759463 -5.055709 7.571982 35.939343 12.557545 -111.917304 34.505663 5.102388 0.346801 -27.728191 10.916386 9.111417 -3.078002 -0.166310 -18.495715 2.199776 -7.293899 7.910060 58.567340 16.712886 -0.435670 -9.590399 50.538516 25.307826 -6.520916 28.780533 -37.492909 23.082083 2.954954 21.416029 -64.966075 7.911897 7.597337 -39.878074 2.625140 6.640853 -6.377921 -22.826905 -44.984644 13.997296 -3.801194 -13.830272 -68.406489 1.369452 -0.900571 2.680951 -7.637945 10.367156 2.431283 1.807622 5.611366 19.927558 -1.230640 24.409448 -19.162075 15.581369 0.792929 13.520712 -38.729670 10.532956 6.812417 -44.607387 23.204724 18.307775 -1.544638 -19.164014 -8.770738 15.082134 -2.231762 -9.352566 -82.700133 -9.744312 2.232374 5.553923 65.420263 20.769666 2.531425 1.501428 50.594735 20.530354 0.708448 9.556882 16.441741 10.817059 2.160443 19.784104 -21.174523 2.501888 8.326548 -9.574941 -30.021018 -0.224620 5.735996 -23.041628 -65.250995 -7.249413 -1.678655 -7.206203 -60.289715 -11.941026 -1.858535 -10.578512 -11.003979 6.195286 1.310274 -2.263545 -11.790277 13.533211 -1.160953 7.691154 13.491276 8.271962 -3.604581 7.606673 11.054535 3.230742 6.927762 -34.229721 11.146108 -2.298592 16.789817 -28.458321 26.129528 -3.544944 17.528875 -9.369860 10.989287 -2.078257 10.617080 -21.162892 -44.449801 9.292929 7.446995 20.392766 -16.211050 21.729364 5.244720 1.449954 -10.904704 7.011836 -4.128762 11.112744 -18.256606 3.282114 0.436690 5.543108 0.282777 3.212580 3.432099 -12.984440 14.773799 0.245077 19.019335 0.601418 40.916131 -1.479492 39.568717 -20.540302 -71.314560 -2.529946 8.794460 23.169064 -42.998010 -4.304408 34.265585 3.583308 -25.398021 10.793746 3.146159 1.060402 -51.622590 33.538516 -6.936129 1.339353 -63.948271 14.727528 -2.879043 -11.177533 -57.480512 -4.887256 4.878431 -6.325171 -21.893990 -2.807826 27.802316 
7.092338 -5.040659 -4.122513 -2.017167 93.233573 26.605959 -5.316779 33.795531 192.073691 79.779359 -6.759463 148.637409 -121.204392 9.848051 -29.947760 86.371748 -193.402561 -47.182430 -23.710973 -12.834175 -78.579890 -123.500561 -18.684650 -0.471661 -23.287394 -123.812366 -8.764590 0.987501 3.131186 -65.491582 -15.553796 -6.404398 9.598816 -94.254005 -28.372641 4.137920 69.227043 -145.655239 -22.414575 40.991174 44.905520 -36.070120 -12.671156 29.662764 -91.688425 101.326038 -10.450617 10.154857 -46.301882 -47.857948 -8.430798 3.596648 -10.717707 -106.328359 -10.293695 1.685083 7.622921 62.106800 -7.622207 0.515687 6.374197 78.759004 -8.430925 11.715488 41.553515 63.437328 -8.930696 25.358586 9.932150 10.553745 -11.633124 39.620243 -84.288236 81.819687 -4.257270 5.121238 -36.398276 22.601546 -14.237017 0.362233 8.239771 -19.104581 -11.405520 8.856851 10.083282 100.026706 -9.721687 1.838103 -7.783415 -5.534129 -14.675977 1.877410 10.576115 -63.812111 -23.959315 15.855550 18.570273 -44.866723 -19.165187 26.180186 -35.477247 52.345934 -7.905851 19.443297 -24.892715 23.086853 -11.237119 7.293975 2.781119 -44.392103 -16.560657 0.925033 64.934573 110.461050 14.451178 10.480971 10.629706 74.770916 2.204163 6.527956 -0.140649 62.473370 -10.999235 17.161820 -13.068794 58.688731 -11.655826 32.493955 -39.111188 40.466687 -8.698883 31.545199 -33.881747 -8.406464 -0.070375 10.038465 4.504540 -20.080196 -1.571574 1.620294 20.247908 58.697276 -2.868687 47.880446 -18.268187 14.314585 -21.598893 50.497704 -18.043388 -28.088562 -21.106953 20.903173 -46.335808 6.047852 -19.374707 14.170212 -16.299000 15.489108 -6.922176 18.445006 -0.862361 2.491353 3.445159 8.577467 35.006326 20.833869 -0.419498 12.120676 -127.821651 -91.524666 -6.620727 -23.153046 -64.177482 -128.236838 -18.531451 11.298388 -31.345092 -117.997602 -47.850985 78.154346 -72.806193 92.620064 -68.852490 57.298082 37.270074 137.387665 5.074661 22.238471 89.323998 31.446000 32.457122 2.320222 70.108841 31.367896 7.991327 39.094990 
-69.205999 -39.857515 -19.845041 4.793312 -278.628482 -238.957147 -57.561448 -28.779614 134.223829 -397.108662 -5.055709 -121.204392 1440.347337 -485.759795 -11.289103 23.421488 -40.848638 -420.141873 -101.999770 -1.143939 -523.431129 -433.289562 -53.358815 -101.970539 -106.296985 -307.589073 -17.743266 -55.942455 -6.489363 384.863636 34.354224 14.963116 -31.871595 349.252678 24.486302 -2.378252 -19.325298 318.276247 24.659397 -15.712427 315.343281 -122.410545 4.193603 91.868916 -86.657101 354.478114 21.410774 45.225360 -269.393710 322.037726 -43.249235 -3.569559 -52.898760 -333.712810 -69.537190 -34.012703 -50.058693 -153.055632 2.390037 9.888659 -24.470615 1.091980 -31.874962 9.505051 -22.718702 16.410698 -59.064815 1.929293 362.643557 -88.489363 0.283364 27.492960 38.281298 232.562366 24.866391 37.966560 -260.335323 270.307851 7.026783 -23.120370 -12.744414 -204.681971 -55.080655 -17.847260 -30.455846 -94.810147 -9.980028 -0.854377 2.925696 207.713039 -34.178069 27.487603 30.006581 413.293695 -20.559764 5.161234 210.916973 209.207912 35.929140 26.210897 -72.919804 223.076370 54.535889 6.979568 -338.100092 311.418044 59.766605 -18.360958 -60.214034 65.132691 25.390113 -3.056856 -96.482782 -73.365702 -4.409091 2.305173 -14.958907 73.429829 29.600092 -2.842669 31.522039 89.881543 11.284665 -12.045301 224.507117 17.861876 13.020125 13.268825 111.266988 68.243955 7.745409 54.819253 -177.029997 -98.626186 -17.985231 28.561677 -136.179676 -427.029844 -16.176155 -18.942608 25.143633 166.522957 104.651515 11.280915 -71.649373 200.098944 93.098179 6.140955 -64.062213 88.605295 7.195669 -20.352923 92.430594 -101.198959 24.306091 17.983088 91.812366 120.183119 5.973140 59.794613 -111.025559 202.821166 -38.259565 160.254438 -7.858892 -38.803260 -24.674472 196.495179 195.052954 79.054102 19.556550 111.774105 -14.907101 251.752296 25.752296 106.959902 -48.629400 167.982859 76.842822 -84.287649 182.788032 -199.591139 156.532981 -86.785277 -15.385828 -288.182736 -24.784282 -18.872283 -186.972911 11.904576 -69.877487 42.632844 127.516605 338.380089 -9.029232 194.816192 
77.108917 119.459086 12.813055 -5.774232 124.227247 469.807877 42.298260 14.611264 -211.764233 964.679931 7.571982 9.848051 -485.759795 1017.920850 13.877206 -15.509030 -35.491991 606.013927 55.570478 13.803872 222.410927 407.397868 20.577671 89.387486 91.690363 133.006581 -4.339787 73.697225 -65.826013 -804.235690 -29.246480 -33.061320 8.076421 -630.159525 -25.096291 -12.802444 -48.684803 -423.714519 -31.028645 -41.755025 -20.012193 -21.233675 -13.205948 -61.414371 189.959009 -216.908530 -18.062851 -13.228165 134.924013 -224.748725 0.645980 0.685721 47.501454 -26.931971 17.220692 34.279257 40.404933 -74.662662 17.333869 -11.678222 19.258494 24.356392 41.587644 -5.452862 -59.564687 107.351928 56.726992 -26.555556 -191.782165 199.948398 27.610014 -27.527191 28.075043 -71.196485 -0.393327 -16.335808 127.829711 -207.955999 -10.398276 13.499719 -9.414396 -51.426334 -10.386797 0.627844 -17.750102 -22.736991 27.427839 -17.306117 -13.331981 -225.477349 6.847541 -25.118916 -29.443730 -398.492909 -33.906004 -25.695465 -29.755918 -263.195567 -43.911183 -53.068922 125.742475 -201.348536 -64.051602 -8.161387 200.835782 -380.359122 -69.979288 24.721789 54.049612 -198.112489 -64.848587 2.903097 53.013085 100.030686 83.427609 -12.497653 -0.157254 -0.511198 8.903275 -7.585501 -5.220692 -27.437098 -16.528773 -5.666259 -118.332032 69.849684 -5.218218 -24.388353 -174.659244 54.948526 11.251224 -26.934854 117.842567 155.896669 25.755714 12.758749 158.802010 425.218396 15.690185 60.018365 263.382180 35.712733 21.803030 -18.620421 1.261606 -169.716789 -67.882129 -53.651056 50.521809 -214.914499 -35.519462 -24.491634 46.522829 -34.005306 -17.133252 -42.737858 30.255535 -69.978854 17.536961 -47.342312 75.512652 -251.822850 35.531731 -120.701127 45.623763 -114.051959 21.741812 -180.493496 255.841547 194.978446 -11.001556 64.123202 21.831905 212.872283 -15.328053 -106.125446 54.266886 100.141159 -1.055505 -150.769590 86.609836 3.904270 -19.566090 -28.499796 -65.010356 -1.563055 -19.550173 -16.202352 -24.442914 -108.352949 28.083435 -58.218141 -118.592924 -335.307137 6.154372 -232.961535 
-10.501326 -54.230283 5.055862 -2.862667 -29.444342 -43.963830 7.988777 -9.440006 -139.847107 -18.497500 35.939343 -29.947760 -11.289103 13.877206 96.157841 -27.973982 61.735639 66.252372 48.349403 4.592593 9.740129 80.049944 17.093358 1.566218 11.248648 37.584787 6.046016 -2.319202 -4.837364 -53.754209 8.895011 -0.088052 -5.709723 -16.806346 24.127589 -3.694266 -12.614325 -12.081318 25.897408 -8.793031 9.321498 -22.267320 22.197531 -2.342516 1.184165 -20.497194 17.428171 -3.324712 -13.206152 25.742373 21.239312 -4.662075 1.544689 45.152127 13.869758 -0.662483 -4.013672 -49.430160 10.093817 1.788644 -0.448118 -28.642741 23.194878 -3.345118 -3.094786 -21.337006 23.480920 -6.277778 -8.639016 3.564993 20.201357 -1.244771 -7.128456 14.599072 18.982400 0.646261 -6.546118 9.071472 12.476941 -5.387767 -12.534333 3.942710 6.415876 -0.526528 -6.726865 -53.668197 21.546220 -3.164422 0.428936 -40.196664 27.412866 -4.797062 4.643608 -39.599072 18.391695 -2.738343 0.291348 -23.899551 7.654831 -4.017243 24.555351 -32.823028 -2.232986 3.342516 -2.590603 -61.740282 -10.027293 -1.023518 -7.683298 -11.565197 -7.989491 -0.698245 -14.602847 -4.238904 17.329966 -0.504336 0.315886 6.852872 13.937404 1.134935 10.094888 0.702938 0.594888 4.422610 -12.646618 -10.449240 -2.768544 3.179676 -13.822620 13.266503 4.106214 -2.922202 -3.430874 23.095143 0.694317 7.434701 0.382869 20.929446 1.855423 9.219467 -0.124681 -39.234772 23.217172 0.123100 2.362667 -23.850015 17.316396 -2.794766 5.417815 -25.847056 1.704112 5.350372 17.100602 -10.236353 7.290583 4.613050 2.503112 -0.362361 7.993572 -5.585297 -10.782930 -19.223753 1.756913 9.541883 -13.388991 5.238139 7.391338 4.388124 9.345934 -31.731966 1.708244 52.426385 -6.893276 -5.080043 0.160698 44.870472 -1.072595 6.415162 27.727069 -20.664065 -0.267626 -88.445363 67.794664 -14.197786 -46.165646 -82.909397 20.685542 -3.084532 -36.516223 -24.234670 -9.000408 7.120039 -33.305071 -9.215896 2.230997 -1.335680 
-0.473523 81.789103 10.432507 -0.477196 -1.150444 69.963116 4.826599 2.109734 163.496786 92.644934 12.557545 86.371748 23.421488 -15.509030 -27.973982 163.056015 -244.836394 -91.691001 -39.217631 39.010101 -116.804408 -160.468013 -23.004591 -10.612795 -33.975054 -148.311754 -10.370370 -4.606673 4.687481 -23.489899 -2.269054 1.641108 -9.093511 -56.865626 -23.526477 -2.731711 17.999082 -104.409397 -23.796908 19.509030 66.320171 -93.564432 -17.410774 45.661157 -49.485461 87.526936 -12.537037 27.355678 -54.227732 -33.684879 -15.035200 1.068411 -23.960055 -141.392562 -19.657943 1.437863 0.275635 -38.658096 -4.729568 -0.065197 1.779614 60.385063 -14.125497 7.060606 1.338078 79.936180 -11.250842 9.823232 15.502449 1.288491 -3.469085 27.116774 -57.409397 60.403887 1.459137 15.634221 -46.756964 70.348944 -7.146159 1.183502 5.965259 -29.831344 -25.911081 4.701255 10.302265 56.196051 -8.110652 6.018519 -4.344659 36.457759 -21.419957 2.181359 -0.024946 -0.398837 -25.680135 7.088307 -8.014080 -29.210438 -14.043465 18.111876 -28.396082 19.648607 4.414754 20.662075 -26.102847 20.674013 -3.132537 11.043465 -1.901898 -37.088613 -17.273493 1.130548 56.182736 103.372819 25.469697 7.310530 4.958219 95.106673 14.668503 6.500153 -1.180441 102.423783 -3.710744 14.164677 -17.640496 79.227426 -4.930823 26.482553 -43.074380 34.964953 -4.576676 35.359810 -13.640343 -18.831803 -3.194521 23.768901 -6.007652 -69.218090 -4.331191 -1.766299 83.766605 92.489440 14.136364 49.547597 -8.411693 17.418274 -5.283900 38.354454 -23.562443 -47.808234 -12.152280 5.734466 -27.585093 -27.489287 -5.474135 11.136517 -12.616315 2.576523 3.185032 19.331650 -4.071778 16.226354 1.859198 28.997857 28.862565 51.369146 -2.029844 45.019743 -38.006581 -43.140190 -6.606367 12.032599 -42.263238 -22.166208 -8.590450 12.511172 -31.138506 -59.307469 -8.815274 17.241965 -67.527242 3.864096 -5.501990 8.642945 -8.287267 0.946281 25.435568 3.029079 34.561983 -24.307469 20.152280 9.222528 62.736149 54.904806 -1.963422 70.066269 
-107.819610 -850.287624 -50.082032 -28.101520 -178.276502 -775.161514 -65.241302 -24.361188 -1255.217631 -346.966228 -111.917304 -193.402561 -40.848638 -35.491991 61.735639 -244.836394 1774.488420 -122.398378 103.112489 72.407407 442.857668 171.046016 25.843740 22.888328 14.724263 440.711356 31.191358 3.876135 -73.734721 -573.412458 -21.221457 -23.954188 17.128456 -429.276298 4.895368 5.536323 -393.189164 310.993623 34.280737 -118.592184 -214.976227 366.037292 47.216611 -98.927916 618.827314 -485.159371 53.208193 48.282012 211.617539 367.683706 31.923222 39.971534 55.932354 895.144016 105.425008 18.814917 -25.428477 -131.715386 -4.193450 -2.376798 5.226814 -339.198398 29.213754 -14.634680 -332.846444 35.863177 30.913019 -82.570707 -266.290736 322.398276 55.792215 -140.443475 545.141771 -359.756555 21.035047 27.734823 166.999286 61.567646 42.368330 19.175645 10.492552 769.397510 150.683298 -2.629579 -83.242373 -536.695898 -1.649526 -9.295174 5.361698 -418.809305 40.274462 -18.286501 -148.879145 -138.687889 74.476992 -68.327773 -164.345526 157.985410 37.579329 -122.124630 437.936843 -204.951995 4.640700 -23.733701 226.705846 -62.048975 35.024997 -2.124783 -26.920008 214.200184 58.565708 -4.215437 -93.391644 -95.786807 17.685185 -11.152689 10.933425 37.822518 -24.431436 22.229619 -83.288644 -114.003673 -30.172482 34.944240 -132.231711 -72.883175 -6.685083 -64.572238 387.734925 -161.880828 36.580196 -136.181563 253.987807 -206.646567 6.961790 -74.472809 10.177278 -128.131925 -1.888022 -35.574839 3.931385 -201.631619 25.585859 -75.519335 -7.656056 -9.877717 -11.474339 -43.775482 -23.842975 134.926946 -22.390521 56.839251 -90.848536 192.977400 26.889858 17.135343 -11.175747 8.084124 22.399449 -31.439955 74.534078 -144.908020 -2.359300 -54.145648 -101.945720 -355.684879 0.379094 -228.966636 196.872156 141.097898 13.976788 104.920722 33.061320 213.441384 39.069330 44.055147 -59.223089 210.265279 103.305530 -55.757882 -40.799867 -77.415519 202.254005 -45.015254 -225.795327 -88.816957 135.286450 -19.286450 -223.020967 218.804000 -26.823283 33.184828 -122.757831 113.392205 5.720794 -132.559637 
43.217937 43.616927 23.122590 -18.587389 85.018978 208.929599 64.609428 -13.841139 -166.551882 366.778084 34.505663 -47.182430 -420.141873 606.013927 66.252372 -91.691001 -122.398378 1103.426079 111.797062 -45.863636 163.295225 918.890572 82.819100 76.962963 130.016223 244.921947 21.993266 50.426385 -18.032446 -317.328283 10.431589 -28.362565 6.481328 -304.616774 36.246710 -18.209213 17.048669 -244.887818 -9.354760 -30.296755 63.248087 -11.918427 3.563973 -63.884757 51.219314 42.592593 -13.996633 -56.997398 34.832415 95.041016 43.294919 -9.994490 84.473829 98.386593 37.219467 22.121518 4.527701 2.884144 46.591368 -13.084940 5.867309 -36.312366 63.883685 -18.888889 15.718243 -36.425620 66.956229 -22.404040 -73.685338 87.013009 -3.471840 -0.992042 -51.908020 72.957606 10.696051 -10.280380 29.992807 97.920110 57.978727 -4.952862 36.169575 129.308693 55.903428 15.389042 -1.373584 74.609275 49.243343 -13.390572 -1.031068 -41.453168 48.318335 -25.324151 -32.450566 -208.316192 17.158249 -14.170187 -18.475972 -167.922559 -24.736762 -3.267830 74.371136 -137.249923 -37.608203 1.021120 89.046832 -237.086318 -33.460361 4.969085 34.926844 -66.146924 -13.040251 -0.201867 47.067493 13.887052 17.040404 -15.175237 2.451791 -27.229415 -5.203398 -8.669728 -13.345730 -55.505969 -14.744720 -13.197582 -44.043618 27.799969 -11.928987 -17.418733 -86.759871 30.973676 0.392103 -7.787114 61.619988 65.747169 16.476278 4.031068 95.592440 252.912305 10.356137 22.371442 162.385063 -35.697888 -12.282828 -14.426691 -0.574227 -136.617998 -53.943220 -63.508264 13.324610 -113.734313 -21.969544 -29.355984 27.348332 51.321090 -10.295072 -43.114172 18.740435 -30.282981 14.627640 -35.461279 9.784053 -159.648301 28.295837 -41.250077 -55.630089 -52.261708 8.930211 -91.177686 132.303336 82.192684 -13.372666 94.539945 46.305173 99.086777 -13.973829 -0.566881 13.012550 119.114019 11.679216 -124.399908 80.499388 9.500918 28.721610 -47.914448 -107.012244 15.998623 -11.105295 -21.394705 -34.704316 -57.577900 21.853382 -34.420263 -143.000765 -238.656719 10.909856 -119.229415 
-5.474288 -52.933884 2.570018 -1.730716 6.373508 -59.784665 8.563131 -11.084481 -86.676079 -4.158402 5.102388 -23.710973 -101.999770 55.570478 48.349403 -39.217631 103.112489 111.797062 94.215106 -17.785354 68.450872 98.378788 36.335399 -1.987374 9.506198 43.427916 4.012626 -0.275482 -1.388659 -49.505051 5.120064 -2.026630 4.016070 -35.466024 25.885904 -4.494720 -20.178375 -27.829660 21.868457 -9.477043 -1.478421 14.513085 23.666667 -9.911157 40.403811 -39.479798 31.868687 -7.755510 8.073691 -21.061754 33.581497 -12.788108 1.558540 49.783976 17.556933 -4.254362 0.795914 -44.049816 9.424013 -4.992883 -0.269513 -22.474288 27.531221 -3.343434 -10.945822 -11.852847 32.744949 -5.722222 -26.776860 28.778007 14.727502 -2.436639 34.018825 -8.152204 22.389348 -1.648531 8.194674 -27.851469 12.708448 -8.214646 -11.865932 6.865014 20.306703 -4.218090 -11.841827 -77.395546 13.547521 -6.851010 -2.487833 -80.109275 24.738981 -8.615702 -3.074380 -95.542241 19.906566 -5.597567 -5.980028 -38.901515 5.117539 -7.822314 58.692378 -45.293388 -5.429063 9.092975 15.809917 -90.156336 -12.328742 0.637511 -11.568641 -35.446740 -1.531221 -1.740817 2.213728 25.973140 10.308081 -0.266758 -0.390037 21.469927 4.235537 2.245638 2.478421 2.086318 2.326905 6.059229 -32.003444 -4.140725 0.288567 -1.863866 -4.175620 28.375115 6.028696 -7.888430 3.214417 51.953857 7.846878 7.793388 20.566575 92.849403 6.651056 16.311754 10.586088 -15.514692 6.464646 -0.381772 -5.726354 -23.850092 -1.368457 -1.273646 8.176079 -23.967860 0.850092 7.560147 14.968090 5.629017 7.679522 -1.792241 0.840220 11.074151 9.029614 -12.803030 2.457300 -44.754132 3.255280 -11.901056 -9.224518 -11.295914 11.494490 -34.885904 -2.072544 22.311065 -0.039256 31.972452 -8.411846 1.991965 -0.316116 11.578053 9.174702 8.325987 19.015611 -19.017218 16.316804 -59.189853 35.576905 -1.477961 -38.360882 -39.400826 1.826217 0.678834 -20.627640 -14.898760 -6.673324 -9.417815 -57.816116 -91.360193 6.475207 -54.997245 
