549.398889 993.860000 39.185000 81.205000 132.074444 862.285556 -16.453889 37.629444 154.502778 -36.273889 -109.991667 106.841667 -252.480000 -388.218333 -135.411111 10.682778 -164.579444 -48.748889 -59.940000 -17.002778 51.716111 24.359444 -3.592778 24.265000 -92.566111 -11.455556 3.221111 -3.695000 39.002778 30.921111 -13.880556 2.550000 78.785000 -43.636667 -19.180000 7.583889 265.357778 -59.085000 -49.503333 42.243889 -97.219444 1.573333 -126.154444 36.892778 50.924444 28.770000 -37.033333 24.142222 163.485000 22.723889 -14.786111 35.369444 -138.925556 27.039444 -18.775000 0.106667 -14.299444 -79.371111 -42.882222 -1.349444 74.042778 -89.505556 -16.314444 -3.771667 160.028889 -50.461111 -45.517222 1.033889 -72.677222 23.728333 -75.621667 -16.918333 78.565556 -2.579444 5.256667 -17.888333 38.919444 -33.710000 -20.337222 12.756667 -120.353889 50.138333 -48.981111 17.465556 -54.628889 -10.546111 -98.983889 -9.226667 46.373889 -20.158333 -36.293333 0.703333 -34.006667 -27.445000 -67.407778 8.136111 -28.671667 4.681667 -19.419444 -28.293889 64.446111 -56.215556 -7.822778 -37.640000 51.789444 -86.754444 -46.705556 -3.498333 23.359444 -29.535556 -40.573333 24.193889 -5.819444 12.952222 -111.861111 -43.312778 67.596111 -21.248889 -99.427222 1.688889 21.158333 -1.517778 -73.641667 5.960000 32.102778 -1.896667 -9.197778 -2.240556 53.097778 -6.435000 -20.372778 -2.377778 80.233889 -57.483889 -45.860556 -9.561667 25.761111 -53.169444 -23.238333 -25.397778 141.498889 -33.752778 -58.822222 -78.517222 106.770556 -50.370000 -70.941111 -0.113889 105.973333 1.266667 -32.531667 13.966111 38.737778 -0.568889 -2.991667 0.590556 25.548889 -7.956667 -74.953889 3.622778 77.706667 -13.304444 -84.014444 1.905556 30.088889 -40.136667 -10.904444 -35.544444 315.684444 96.922222 -0.561667 -49.085000 65.740556 127.372222 -48.875556 -1.683889 86.791111 84.969444 19.576667 3.420556 -54.509444 -36.656111 -37.233333 -4.635556 -18.818889 -63.903889 -146.832222 -1.963889 180.732778 58.070556 -71.660556 11.841667 96.386111 15.391111 1.750556 -3.295556 
993.860000 6578.015556 433.493333 312.835556 -390.975556 3483.407778 81.476667 -42.784444 787.755556 116.795556 -293.305556 100.927778 -189.135556 -1127.143333 -437.100000 -104.525556 -541.804444 -186.598889 -192.640000 -46.350000 371.102222 146.012222 -2.423333 101.528889 -306.541111 -144.577778 -28.212222 -16.242222 37.438889 639.621111 24.083333 39.494444 103.815556 34.030000 -29.691111 -17.785556 1058.707778 -122.076667 -147.436667 22.574444 -161.311111 -2.304444 -445.487778 31.967778 -12.397778 19.020000 -137.827778 72.947778 647.537778 8.143333 -64.700000 133.483333 -393.781111 -55.796667 -124.166667 -1.637778 -49.635556 -43.582222 -43.454444 -3.896667 108.312222 9.177778 -11.442222 -8.852222 625.028889 -37.877778 -197.403333 39.903333 -64.774444 26.481111 -362.630000 -24.632222 202.993333 -359.065556 -92.698889 -45.191111 484.777778 -244.998889 -117.851111 37.112222 -211.206667 103.941111 -187.947778 -24.028889 200.821111 438.534444 2.046667 39.517778 165.676667 385.355556 -128.237778 10.625556 112.732222 61.602222 -301.246667 61.994444 65.692222 199.473333 -243.733333 50.170000 87.165556 178.828889 -90.208889 -4.023333 27.581111 -129.560000 -105.011111 54.365556 55.667778 17.358889 -129.278889 3.674444 801.105556 19.085556 -534.761111 139.501111 290.948889 2.684444 -447.424444 69.666667 199.116667 15.165556 -329.766667 11.282222 369.633333 36.381111 -76.497778 25.534444 -57.563333 140.034444 -68.847778 42.438889 -33.541111 0.230000 -195.146667 46.602222 227.405556 -0.550000 -33.624444 -79.297778 109.321111 -113.855556 -472.938889 94.780000 62.884444 234.113333 -401.568889 213.188889 72.651111 172.655556 -129.767778 19.018889 375.515556 6.864444 21.750000 3.498889 -169.545556 -33.662222 -212.462222 12.836667 -3.848889 -38.398889 -250.658889 18.611111 355.661111 7.991111 -22.771111 -139.627778 -409.348889 -355.394444 -196.970000 -445.748889 -192.067778 183.511111 -448.086667 138.530000 7.785556 471.088889 -16.473333 15.256667 52.943333 48.046667 69.327778 7.597778 -540.835556 -109.078889 -176.004444 7.772222 253.274444 182.512222 -70.663333 23.705556 412.072222 94.046667 74.997778 -13.156667 
39.185000 433.493333 203.368488 -12.273241 -24.919074 203.637407 154.613549 -26.013611 76.818364 25.341080 14.216512 -26.955401 56.099630 -90.068488 -41.812037 -2.125401 25.659599 -6.775123 -20.420864 20.730093 87.958858 43.985525 3.704290 32.636451 32.268611 28.284259 8.530988 1.270586 77.491512 275.245802 104.164660 4.120988 35.751512 56.449753 41.029568 2.426636 49.431543 3.078426 -15.895926 0.388796 29.773611 -3.374198 -54.204753 -0.719414 10.332160 2.233272 -10.758642 18.541914 12.821265 3.382068 7.268056 22.587191 5.241420 30.024167 10.187191 6.676420 2.862438 17.116852 7.543395 0.226327 42.880278 -3.842593 -4.154568 -1.165340 33.197099 -5.563272 -36.292994 4.072006 9.821698 -41.158549 -5.967500 8.938920 11.392099 -19.468796 18.150802 8.822623 14.935340 12.517469 -6.633981 13.792778 -6.076574 31.220278 7.763642 -15.355123 -4.292469 -26.541327 -12.027870 2.499877 49.286080 -9.027932 -22.908457 -1.702222 37.761852 8.078920 -18.435864 3.018364 38.955031 -55.375586 44.846142 8.887438 -3.237994 -27.760000 22.321821 11.782531 28.235586 -29.728519 -13.433642 5.248426 18.399414 -74.469506 -2.723333 -31.823858 -42.435031 -46.803951 -84.614506 28.079352 17.727438 2.069630 -31.856698 3.886420 -8.377932 11.402593 16.299228 -0.923951 68.983796 -21.999136 37.246975 1.303117 -24.915494 -22.743179 -10.559969 2.170062 31.471389 -17.296080 -26.590648 6.040340 43.887346 -34.731636 0.053179 -6.623086 -175.745864 -29.460957 -70.558025 22.727685 -13.610463 89.109321 -50.524753 27.168056 -32.145494 57.325926 0.897191 -0.196698 28.289012 2.296235 13.798302 -0.301265 -55.912531 -4.860062 -32.863920 2.162130 25.452654 -2.105679 -17.747160 8.387963 59.440123 -14.541605 4.535370 -4.204938 -197.079444 -194.448457 -39.740525 -82.341327 -29.646327 -37.299074 -87.295309 31.672438 -9.214136 47.612809 -18.404506 1.411759 -9.346019 23.236636 8.001852 2.105494 -111.684321 19.248426 7.558827 4.820216 -11.689599 39.825340 9.593611 7.194599 51.131944 11.632469 14.509969 -0.481975 
81.205000 312.835556 -12.273241 81.338611 -7.207222 245.145556 -21.241759 40.773056 50.483796 -25.061019 -29.055093 41.288426 -81.556667 -114.687870 -30.758333 -1.082685 -85.377685 -22.179074 -13.766296 -8.440278 7.486759 6.200093 -0.030648 4.008426 -9.463611 -12.480556 -1.766296 -2.392870 -19.357870 -39.744074 -15.010648 8.292593 5.083241 -19.647037 -12.185370 3.245648 96.507593 -4.384167 -9.698889 12.724722 -46.709722 0.573704 -28.651296 8.692685 -1.555370 -0.257593 -12.607407 2.883148 65.218426 -1.713981 -8.359722 11.077315 -30.438704 -33.335833 -11.083796 -2.689259 -2.361759 -3.293889 -2.556852 -0.258981 5.215833 5.844444 2.449259 0.143796 56.143148 2.134259 -9.485463 4.531759 -18.056204 7.834537 -35.794167 -0.643426 22.644815 -25.475833 -15.317963 -2.703426 40.710648 -32.684630 -7.121389 2.956111 -33.788056 -14.453056 -18.583148 -3.563519 17.920741 41.958426 -6.280833 3.440370 9.129537 16.406019 -14.784630 3.715556 2.768889 -13.462315 -20.739074 6.511574 -10.661759 20.188981 -33.388426 -0.875648 13.051759 16.564444 -12.607685 -5.209815 -5.425648 -19.746667 -10.476852 3.714722 -19.613796 28.011852 -12.708889 -2.126204 48.543981 8.847407 -34.862037 3.124167 17.299907 -14.891111 -36.954352 9.751852 22.444907 -7.820000 -31.847685 3.820741 2.831944 6.617407 -13.944259 1.919537 5.755370 7.619537 -9.523426 3.112037 13.344722 2.312685 -16.096944 2.120093 1.443519 14.144907 -8.272870 1.338148 60.147593 -14.128241 -18.898148 -0.080833 15.776944 -9.914630 -20.361296 12.201389 24.393148 7.011111 -16.309352 6.686759 11.826296 1.047963 -4.206019 1.058241 3.464259 -2.937593 -22.342685 2.316944 19.643148 -2.092963 -25.567407 3.858333 14.274074 16.110370 -4.849444 -4.479630 57.783889 45.234259 -1.576204 2.869537 -1.245463 37.330556 -16.434074 3.362685 8.633519 25.700463 0.784630 1.776944 -20.890833 -10.785463 -13.188889 0.709074 -15.288148 -15.913056 -27.825370 2.594907 42.993241 7.152870 -10.149722 5.516204 18.487500 5.327037 1.256759 -0.488519 
132.074444 -390.975556 -24.919074 -7.207222 663.667778 -295.910000 -69.804259 175.882778 244.582407 -426.623519 -124.045370 160.312037 -487.595556 -322.319815 -87.138889 -42.559074 -92.406852 -30.581852 -26.188519 4.730556 -70.781296 -3.945741 2.523519 10.987593 -31.131667 39.966667 19.461481 -3.560926 25.360185 -126.499630 -13.206481 -9.140741 304.084630 -178.474815 -31.821481 42.927593 203.632593 -102.516111 -47.143333 75.392778 -359.486111 -32.209630 -81.381852 20.602407 175.586296 9.284074 -20.824074 25.908148 100.758704 35.034630 4.930556 6.023148 -145.524815 12.190556 7.534259 -16.989259 0.753519 -39.152222 -17.131852 -1.924259 247.900556 -85.961111 8.638148 9.464630 136.168148 7.492593 -51.547963 12.610926 -212.413148 22.977593 -45.059444 -20.530926 134.328148 -109.221667 52.551481 -19.079815 14.767593 -7.765185 -12.311667 0.270000 -216.678333 9.298333 -28.597037 6.461481 -52.568148 -64.973519 -75.812778 -6.598519 122.308704 -158.795370 -18.642963 5.387778 -22.653333 38.255741 -49.575185 -4.156481 -92.974259 92.632037 22.299074 -22.940926 103.036481 -142.618889 56.202037 -15.201481 10.225741 -13.263333 -4.474074 -21.061667 -76.167963 9.211852 -31.008889 30.116852 -173.543519 3.647407 -71.492593 -47.582778 16.440185 -108.218889 3.760926 -10.948148 -158.423148 -27.347778 -49.682407 -1.429259 -65.113889 0.606296 19.919630 -5.256852 228.513704 -29.873519 14.350185 -7.746296 -10.115000 -34.894259 -34.620556 -10.931296 -78.987037 22.499074 -24.985370 -24.867407 -188.066296 18.445370 6.296296 -112.951667 -1.371667 -137.056296 -28.358519 -24.625000 -74.742963 -53.977778 -80.341296 5.663148 13.565185 -11.088148 -0.493519 0.134630 204.328148 -12.373704 -40.652407 1.462778 -17.326296 -30.092963 -72.411852 -1.711111 -104.387037 -44.189630 -14.302222 -32.929630 -22.113333 -144.768519 -2.033148 -106.156852 19.075370 -103.300000 -69.445185 -28.933148 -4.713704 -13.406481 -58.412593 -2.082778 68.882778 -59.603519 -26.511111 -6.738148 180.089630 -63.261667 -93.944815 6.293519 1.672407 -3.051296 -54.381667 7.184259 -71.008333 -43.089630 -3.622407 -7.682963 
862.285556 3483.407778 203.637407 245.145556 -295.910000 4093.562222 148.917037 -55.281111 329.842593 1813.960741 -91.674074 98.357407 328.437778 -281.498519 -235.927778 112.397407 -576.933704 -180.855926 -159.412593 -94.633333 -11.997037 21.110741 -9.521852 26.927407 -439.445556 -134.811111 -40.307037 -5.878519 -95.885185 -128.779259 -87.224074 2.779630 -147.094074 -197.722963 -83.964074 -44.804815 570.764074 -197.852222 -66.354444 -59.465556 319.672222 -26.078148 -202.400370 2.873704 -168.906296 67.908148 -83.709259 3.522963 443.626296 66.044815 -42.666667 76.862963 -278.061852 -9.895556 -136.398148 33.979259 -79.691852 -195.680000 -75.911481 -1.930741 -132.152222 -35.555556 2.164074 -18.936296 255.566296 -32.237037 -25.791481 -18.099259 41.030370 79.100741 -147.290000 12.051481 17.804074 117.570000 -74.133704 -23.419630 299.968519 -133.800370 -39.847778 25.047778 -97.231111 68.095556 -182.056296 35.542963 -49.516296 171.482963 80.012222 19.944074 -70.501481 305.803704 53.427407 -5.540000 -23.864444 -2.028519 -141.032593 32.387037 81.974815 -77.111481 -138.068519 -16.825185 86.048519 18.486667 -100.847037 -20.282963 114.497037 -145.930000 -56.864815 28.046667 12.288519 33.008148 -106.714444 126.654815 435.007407 -74.395185 -14.901852 45.531111 104.255926 -80.585556 -280.088148 43.148148 287.098148 -71.692222 -157.281481 5.750370 235.666667 -109.314074 -72.372963 6.666296 -1.882593 -16.244815 -19.422963 3.574074 120.932222 -65.156296 -25.145556 0.025185 44.742593 -4.274074 -26.286296 -13.097037 700.348519 -196.209259 -200.207407 115.095556 134.558889 -5.174815 -111.993704 91.066667 176.610741 60.027778 53.465185 12.180741 119.672593 3.735926 -2.942593 2.750370 4.331852 -29.949630 -101.784815 8.187778 49.821852 -84.283704 -107.158148 2.788889 42.387037 -60.930370 -18.452222 -89.570370 349.647778 287.346296 -56.267407 18.782963 -32.623704 228.711111 11.319630 64.338148 16.421481 176.553704 80.028148 5.592222 -90.681111 -1.591481 6.138889 -5.641852 -46.291852 -91.492222 -12.865185 -5.546296 227.293704 9.410741 -42.045556 13.368519 165.211111 -5.169259 23.984074 -20.445926 
-16.453889 81.476667 154.613549 -21.241759 -69.804259 148.917037 286.383302 -65.791389 27.858488 174.678735 157.877006 -71.982562 177.657037 64.625340 -5.704630 19.241883 37.132438 9.792160 -16.238765 12.411574 32.090957 31.700957 -1.957438 19.211142 -21.959167 -13.500926 -5.973951 1.399599 62.113117 252.616790 91.001080 4.954938 -10.499105 110.339877 64.517840 -5.269043 -28.406728 18.032130 6.194815 -21.914907 122.701389 -11.375432 -26.250432 -11.245957 9.390802 -11.380309 -8.776543 6.540679 -25.600340 -18.707438 -0.165278 0.141512 -6.801790 11.707500 -5.980710 11.494321 -1.184475 12.363148 5.084753 3.246080 -11.369722 -10.357407 -15.087284 0.009969 -22.707840 -16.010802 -20.112747 -5.642191 58.945154 -52.283858 15.693611 10.951265 -6.385062 32.551574 15.194012 6.505340 -36.123302 24.527346 10.506759 1.587222 7.071574 97.331389 26.337099 -7.954506 -61.096790 -49.583302 8.385093 6.806049 -12.559599 -0.517438 1.281049 1.231111 -9.475185 22.519043 0.829568 -1.874846 42.856265 -59.910154 58.241821 5.879414 -13.613302 13.456667 25.833549 5.839321 40.214599 -1.585926 10.598457 -2.375648 -13.912932 -64.544198 11.215556 -40.455957 -133.486265 -36.728642 -17.533642 36.375648 -45.536142 43.477037 5.114290 8.743210 -35.534105 31.034074 37.657253 2.240247 81.268981 -27.859012 42.281543 2.500031 -21.729691 -39.659228 -4.697623 -0.783025 75.371389 -22.628179 -0.299907 0.803920 3.214506 -79.763735 -2.214105 25.625679 -167.330432 -6.960340 -39.867901 40.435093 -42.356759 90.126605 -31.875988 14.245833 -40.815247 63.301852 15.651512 0.424290 26.349506 8.890062 15.719290 -0.229660 -40.491543 -1.590309 -2.442932 -0.058241 44.275494 -6.493951 13.788642 1.850926 10.983951 -18.005802 3.766852 13.175309 -159.446111 -163.508951 -27.467068 -31.733302 -47.771636 -38.728704 -53.607654 31.842191 3.514877 28.169599 0.709691 4.426574 -13.236759 47.435401 17.420370 5.230802 -47.079383 41.541019 47.839691 3.745525 -25.390216 18.127809 19.982500 1.672994 -15.945833 -5.424321 6.547623 -1.855432 
37.629444 -42.784444 -26.013611 40.773056 175.882778 -55.281111 -65.791389 182.091944 51.404167 -271.272500 -69.751389 179.884722 -306.535556 -214.380833 -49.413889 -6.601944 -95.155833 -14.885000 -12.390000 -1.901389 10.973056 -6.433611 9.864167 6.424722 42.096389 31.786111 18.460000 3.078611 -19.970833 -113.478889 -16.201389 -3.144444 64.850278 -94.481111 -20.043889 27.974167 109.543889 -35.258611 -17.386667 86.309167 -180.543056 -12.815556 -41.779444 39.155278 23.516111 -9.360556 -14.133333 4.467222 45.700278 -11.585833 -3.998611 -1.604167 -43.517222 -69.431389 -3.409722 -16.521111 1.785278 17.248333 6.942778 -0.684167 45.652500 22.177778 2.530000 2.068611 79.387222 12.608333 -27.643611 19.543611 -65.392500 -17.425833 -52.595278 10.302500 57.282222 -103.539167 -8.946111 -9.050833 71.606944 -71.473889 -18.730278 -5.307222 -68.563611 -126.774167 -23.922778 -26.520556 55.526667 64.746944 -6.818611 1.540000 24.644722 25.781944 -41.407222 3.158889 -6.790000 23.192500 -42.949444 5.676389 -24.886944 65.899722 -38.573611 10.338056 45.883611 3.084444 -1.965833 7.057222 -36.089722 -4.593333 -12.213889 4.355833 -57.741944 24.197778 -16.590000 5.378611 83.879167 2.918889 -60.513889 -1.255833 10.855833 -26.715556 -30.070278 4.033333 -47.868056 -7.451111 -15.606944 0.654444 -11.906944 21.314444 -2.333889 3.241389 71.889444 35.424722 -1.624167 8.730556 -62.484167 33.084167 -24.225833 15.684167 -13.297222 117.204167 -4.248056 27.080000 19.351667 -20.681944 -24.011111 -2.213056 -5.325278 -19.628333 16.489444 4.445833 -62.512778 -3.211111 -9.216389 2.961944 18.476667 -3.371667 4.351389 0.619722 72.246111 -5.670556 -23.205278 2.393611 -6.535000 -8.471111 -32.370000 2.719444 7.622222 36.730000 -0.862778 -1.944444 -34.312778 -17.663889 1.217500 -25.208611 -19.169167 -33.041667 -39.936667 -10.838056 -57.583889 8.848611 -35.231667 -0.297500 25.600278 -16.954722 -16.800000 -2.210556 81.281111 -13.433056 -41.785000 6.920833 66.459167 4.408056 -9.406389 6.123611 -4.090278 -9.320000 2.874167 -2.978889 
154.502778 787.755556 76.818364 50.483796 244.582407 329.842593 27.858488 51.404167 1435.949228 -761.613117 -148.365586 216.421142 -4.757407 -1089.779475 -250.282407 -91.212191 -745.809414 -169.266358 -132.728395 -82.460648 262.975772 155.075772 2.012191 49.102623 22.570833 7.415741 -3.813580 -2.189660 -22.979475 -55.200617 -39.041512 -0.808025 185.381636 -223.777160 -49.200309 -1.890895 1120.633642 -192.280093 -66.124074 0.388426 -271.787500 -69.167284 -291.731173 -9.989660 -277.415123 31.079321 -113.556173 19.946605 456.260031 45.701080 3.634722 72.167438 -76.063272 28.087500 -43.877006 34.728395 11.819599 42.095370 6.765123 -3.649846 165.512500 33.681481 8.847531 4.458488 581.128086 24.637346 -50.805710 37.941512 -288.972994 279.094290 -172.593056 -19.081327 -38.746914 119.122685 33.818827 -39.818364 147.413735 32.879938 -8.186574 10.202778 -254.238426 373.006944 -60.013272 58.716975 135.261728 72.269290 -74.911574 9.630864 147.195216 -112.965586 -44.671914 13.561111 151.870370 -112.792438 -69.064506 17.977006 -141.845216 138.097994 -22.850772 -17.333179 113.008179 -131.322222 48.590586 -53.329938 153.335340 -158.381481 9.957716 -44.257870 -207.627006 17.304321 -2.150000 -74.761883 31.422994 -50.101235 -174.065123 1.713426 163.989043 -121.607407 -104.368673 33.139506 136.734414 -108.737037 -167.189043 0.932099 -113.397685 -107.343827 -71.535494 -10.508488 165.348457 -131.306636 0.624228 -11.723765 211.245833 -126.595216 -57.997685 -18.705710 -174.789198 -305.811883 -37.087809 -136.722840 -103.675617 -31.589969 -34.288272 -144.439352 69.525463 -39.221914 -57.692284 24.106944 19.742901 -7.870370 -169.688117 11.975772 -28.330864 -18.016975 -65.432562 -0.304475 98.429938 -23.287346 -49.677006 -3.800463 59.844753 -1.163580 -72.726543 -4.937963 -113.119753 -74.832099 -20.889815 -62.132099 93.458333 38.444753 51.665895 -227.325154 -29.894599 -128.556481 -85.189506 -22.263735 -37.657716 19.715895 -98.331790 3.169907 -33.491204 -103.179784 -58.929630 4.001543 132.424691 -140.885648 -54.109568 8.386265 35.181636 -6.891821 -36.059722 1.904475 -79.184722 -12.639506 -5.124228 2.599383 
-36.273889 116.795556 25.341080 -25.061019 -426.623519 1813.960741 174.678735 -271.272500 -761.613117 3460.031451 232.251698 -390.862809 1370.676296 1985.014475 347.482407 206.740525 209.366636 76.148580 122.557284 -30.225463 -778.136327 -203.224105 -13.463858 -91.778735 -549.399167 -137.071296 -57.913086 12.562438 -174.706636 -423.214938 -127.294599 -25.714198 -494.161080 -316.902840 -76.103025 -90.598549 -858.108086 -186.879352 91.632963 -271.021204 1100.356944 -53.139383 382.213395 -121.447562 -112.653765 -6.027099 102.172840 -98.805494 -395.072809 56.658364 -25.226389 -40.059105 105.211049 40.411944 -82.386883 65.009383 -77.825710 -248.640926 -81.066235 0.860401 -449.727500 -12.920370 -48.094198 -23.653488 -590.812531 -38.509568 101.089599 -101.064290 543.983549 -248.133735 228.570278 29.655216 -225.146420 269.117870 -55.358827 -2.621080 -64.816512 84.407840 -3.503981 -34.148333 458.686759 -156.661944 -43.422284 18.900802 -261.766173 -201.406512 162.173241 -2.854198 -335.207994 292.907253 181.270802 -33.936667 -189.613704 211.292994 59.388951 -9.646451 295.666883 -234.290772 37.670216 7.021512 -256.887623 264.593333 -89.473364 38.886605 -45.174784 125.919259 26.992284 -1.988241 286.512006 -33.213210 43.701111 88.134660 43.568673 -179.762099 418.098457 -40.122870 -210.351821 -12.782593 43.290340 -44.050617 273.373920 6.571481 144.164043 -12.175432 300.772685 -69.292840 34.966605 3.860154 -427.240679 3.658302 -16.501451 -5.415123 9.842500 -20.109784 192.219352 -18.971512 170.861420 8.120216 100.248364 48.415062 900.098951 -258.290586 46.071605 130.439907 91.353981 -203.480309 33.477840 -31.915278 371.644877 -43.512963 314.580895 -18.691883 -26.006914 5.519198 38.774228 -0.880525 -306.967716 12.482901 65.947562 0.511019 -26.362531 -35.887531 244.913210 -4.517593 42.047531 -29.453457 48.816481 6.226543 805.012778 477.183025 0.512438 501.721265 290.659599 464.667593 450.326173 69.097623 301.183272 0.697994 320.177346 -7.090463 -265.277130 45.185895 18.596296 -10.804877 -279.978025 31.939537 209.525123 -25.683488 -132.775525 -107.395401 143.986944 -17.579475 10.776389 -39.790494 8.629228 -17.998272 
-109.991667 -293.305556 14.216512 -29.055093 -124.045370 -91.674074 157.877006 -69.751389 -148.365586 232.251698 286.075154 -124.980710 265.148148 322.200154 155.973148 6.913735 101.944290 50.320679 35.780864 4.889352 -155.153858 -21.214969 -4.008179 -20.904784 -84.568056 -23.495370 -11.409877 -0.665586 8.639043 66.214198 25.632562 0.006790 -57.577623 96.558025 47.812654 -10.464969 -186.757099 49.481019 61.687037 -43.400463 133.229167 -8.563580 102.439198 -25.121142 -22.574383 -26.863272 31.503086 -19.566358 -150.964043 -18.491512 2.356944 -23.234414 21.460802 7.798611 6.821142 12.258025 -0.161883 23.778704 5.352160 2.935340 -66.698611 -1.801852 -24.443210 -0.056327 -93.607099 -40.470062 24.503549 -17.888117 94.989969 -74.918673 70.862500 1.442747 -52.987654 33.339352 12.583642 -3.066512 -65.360340 23.461420 31.413426 -14.997222 110.178241 -22.826389 35.377469 -7.045988 -60.358642 -37.638117 14.138426 4.945679 -61.373302 17.152932 -0.007099 1.327778 -41.690741 24.120525 26.539198 -3.715586 14.545525 -6.264969 48.645525 10.268673 -70.493673 78.883333 10.833179 17.183025 -9.185031 43.807407 27.655864 12.919907 19.582253 -77.149383 18.177778 -18.160031 -135.784414 -19.949383 53.358951 30.241204 -51.953549 56.559259 46.762809 5.791358 -25.208179 39.262963 48.125772 5.811728 2.313426 7.469136 16.977469 4.228549 -76.803395 -4.847377 1.803858 4.229938 -6.531944 15.095525 38.024537 10.136883 5.773765 -7.176698 16.519599 72.208642 -82.005247 9.902623 36.008025 43.427315 -14.507870 42.809568 25.839198 0.340278 -9.131173 21.174074 34.571142 -0.742747 -23.001235 7.434877 -2.912191 -0.302623 -49.444136 3.414506 37.287809 -1.044907 -1.951543 -0.798765 69.504938 -1.237963 -14.245679 22.538272 14.571296 29.466049 -32.119444 -20.662654 11.723302 64.406327 2.347994 -32.973148 44.758642 14.543673 -0.783642 -33.887809 16.464506 3.381019 -30.718981 45.518364 8.398148 4.281173 -26.595679 46.936574 96.547840 1.382562 -83.649846 -22.988117 36.123611 -4.058488 -48.745833 -5.696914 -0.326080 -2.846914 
106.841667 100.927778 -26.955401 41.288426 160.312037 98.357407 -71.982562 179.884722 216.421142 -390.862809 -124.980710 416.530710 -409.153704 -507.833488 -129.812037 99.786265 -381.505401 -84.459568 -53.858642 -40.856019 -36.107253 -11.573920 9.758179 -9.361883 -17.020833 -0.387963 10.754321 -2.851080 -44.644599 -171.825309 -34.060340 -5.073457 -10.794599 -163.413580 -36.190432 13.248302 219.668210 -74.975463 -28.553704 104.806019 -67.456944 -16.225309 -102.933642 79.943364 -71.442284 -14.970062 -47.264198 3.044136 123.180710 -25.314043 -7.123611 -0.465586 -144.394136 -129.304167 -29.115586 -26.846914 2.395216 24.821296 12.547840 -1.690895 -20.706944 49.140741 8.976543 -1.488117 107.134877 28.058951 -10.486883 19.043673 -33.528858 -1.114660 -82.695833 17.329475 46.209877 -73.328241 -17.155864 -6.783488 163.871451 -93.239198 -24.846759 4.363889 -179.628241 -111.612500 -53.105247 -25.692901 94.936420 99.532562 -3.160648 -3.017901 -17.076698 28.908179 -37.770679 -2.016667 -17.725926 -26.526080 -39.344753 6.632253 -30.584414 76.087191 -43.617747 5.197994 64.632562 12.405556 -0.994290 -1.816358 -7.976080 -27.574074 -3.744753 7.496759 -128.398920 139.893827 -21.433333 39.165586 152.401080 -25.989506 -34.197840 -5.280093 3.831327 -20.320370 -29.223920 0.897531 -32.508488 -16.335185 -14.120216 -4.639506 -30.230093 14.469753 -18.827469 -1.556327 116.570062 21.419599 -5.164969 4.170062 29.754167 9.610031 -34.818981 5.840895 -61.884877 141.860031 -23.264043 21.852469 98.349691 -36.635957 16.108642 -4.910648 1.918981 -23.292901 53.571914 -1.445833 -73.635494 -16.290741 -1.171142 -0.807253 -5.509877 -7.251543 -13.810031 0.497068 123.505247 -10.886728 -43.810031 -0.121759 91.623765 -15.467901 -61.782716 -3.378704 -30.948765 18.000617 -19.354630 -22.127160 56.069444 76.684877 22.321142 -36.311883 -22.792438 -22.799074 -30.619753 -16.110340 -63.905247 19.843364 -48.253395 -1.292130 -38.419907 -45.579475 -53.398148 -2.781173 155.540123 -37.653241 -86.786728 6.450772 252.127623 9.132562 -28.562500 7.641821 12.968056 -15.653086 -4.829475 -0.747531 
-252.480000 -189.135556 56.099630 -81.556667 -487.595556 328.437778 177.657037 -306.535556 -4.757407 1370.676296 265.148148 -409.153704 1962.728889 863.705926 228.127778 64.095185 -45.751481 -108.957037 2.905185 -65.183333 -533.649259 -44.807037 -16.465185 -66.390370 -216.471111 -45.950000 -42.078148 14.808148 -76.090741 -136.055926 -29.868519 -10.753704 -328.187407 -177.675185 -6.284074 -64.597037 -317.199259 -140.208889 114.737778 -238.773333 901.550000 -44.851481 236.837407 -135.377407 -333.752963 19.093704 -3.220370 -73.702593 -317.128148 72.673704 9.661111 -25.681481 307.941481 182.573333 1.157407 58.455926 -1.528519 8.080000 5.204074 3.865926 -295.386667 103.127778 -23.138148 -5.667407 -260.879259 3.424074 129.595185 -50.319259 316.810370 -47.624815 147.273333 29.978148 -340.311481 350.185556 -10.279259 0.854815 -167.942593 135.787407 53.436667 -35.131111 372.675556 41.854444 60.947037 1.949630 -18.326296 -70.445926 101.254444 9.009630 -189.639259 116.192593 116.642963 -7.615556 30.381111 29.519259 96.008519 -1.374074 196.343704 -206.268148 81.764815 24.682593 -227.055926 47.746667 -51.993704 26.690370 99.793704 -61.897778 17.529630 -5.252222 179.987407 -331.145185 66.070000 -56.664074 -17.337037 -161.286296 125.614815 39.107778 -85.959630 -65.281111 55.486296 -17.512963 287.398148 -47.435556 115.318519 -14.226296 111.172222 -125.734074 -14.569630 2.148519 -348.113704 -118.229259 -36.186296 -7.731481 112.562222 -61.175185 88.167778 -0.399259 147.964815 -188.074074 61.615926 53.734074 273.744074 -159.420370 1.753704 2.210000 82.346667 -11.265926 14.936296 -16.811111 231.581852 14.672222 156.582963 -13.188148 -149.815185 3.293704 -19.148148 -2.009630 -334.494815 15.118148 50.105185 -0.776667 29.692963 49.587407 186.489630 13.138889 100.409259 54.645185 38.491111 87.690741 472.630000 253.668519 60.758148 217.392963 229.299630 119.555556 304.000741 29.758148 169.385926 -111.924074 137.701481 -5.036667 -242.891111 7.622963 -81.138889 11.849259 -177.289630 30.903333 142.272593 -3.090741 -121.791852 -55.134815 147.023333 -8.198148 -27.650000 14.422963 3.297407 11.838519 
-388.218333 -1127.143333 -90.068488 -114.687870 -322.319815 -281.498519 64.625340 -214.380833 -1089.779475 1985.014475 322.200154 -507.833488 863.705926 2360.690710 496.345370 25.064290 899.157068 380.441790 266.398642 53.831019 -786.042191 -228.041080 -6.537623 -131.053117 -296.651944 -49.284259 -25.980988 8.462747 -101.780401 -297.084691 -57.009105 -21.670988 -294.068179 -126.388642 -10.279568 -47.009969 -1347.753765 -47.439537 90.357037 -204.233241 582.493056 -7.075802 528.904753 -118.152809 239.734506 -37.761049 216.736420 -83.469691 -790.643488 -3.170957 -8.056944 -109.898302 203.680802 97.686944 41.596142 30.806914 -25.290216 -82.405741 -18.121173 8.312562 -281.124722 14.792593 -75.600988 -1.662438 -811.624877 -38.347840 51.165216 -88.016451 477.544969 -418.563673 323.561944 -10.111142 -79.630988 -97.897870 -15.289691 -0.467068 -305.946451 40.171420 24.406204 -63.931667 554.787685 -324.342500 108.864136 -39.017099 -176.513086 -183.075340 99.061204 15.555679 -261.724969 167.377932 66.541790 -11.586667 -213.467407 308.059969 63.096975 -18.090586 260.589414 -168.124414 90.409414 47.634784 -269.523117 290.693333 -35.816265 54.395247 -193.668920 293.172963 52.178086 -14.481759 358.822809 -167.313827 86.723333 -24.692809 -174.542747 -1.146049 260.797840 -0.468241 -310.732994 133.424815 128.023364 -48.575309 -68.405401 145.797407 218.361883 -0.787160 213.932870 122.371358 110.491914 31.557994 -436.867840 189.715401 17.587747 22.157716 -273.188056 173.696080 157.573981 18.815216 260.373765 103.876080 100.213488 109.550864 327.123642 -94.411265 78.519136 44.138981 -105.350648 -138.998210 28.119198 -52.034722 148.939938 -41.648148 251.663920 -17.881080 54.666543 21.625988 86.518364 0.184599 -344.137469 57.343395 142.119475 1.560093 -278.480432 54.211235 230.630494 10.262037 248.709877 106.047160 70.592407 119.499383 380.890556 216.042901 -16.381698 381.135772 226.574105 341.932407 315.384198 46.488673 249.908580 5.926080 277.654506 -1.506204 10.540463 129.552253 120.837037 -2.505494 -455.865679 109.146019 176.657840 -22.436883 -462.865957 -70.375340 88.950833 -20.344599 79.134722 55.223086 17.006698 1.965309 
-135.411111 -437.100000 -41.812037 -30.758333 -87.138889 -235.927778 -5.704630 -49.413889 -250.282407 347.482407 155.973148 -129.812037 228.127778 496.345370 273.572222 -5.612037 149.787963 82.629630 109.351852 6.319444 -281.134259 -76.356481 -2.393519 -45.573148 -93.769444 -22.161111 -4.025926 -6.376852 -32.187963 -115.348148 -17.443519 -6.398148 -61.465741 -36.712963 -0.707407 -9.845370 -264.237037 12.941667 72.477778 -50.875000 70.019444 -7.414815 195.735185 -35.060185 -48.112963 -32.029630 56.224074 -24.564815 -222.389815 -9.554630 8.575000 -26.462037 31.364815 16.441667 39.187963 -2.607407 -5.560185 -12.777778 -5.531481 -0.426852 -61.102778 -1.033333 -16.220370 -2.943519 -109.737037 -26.881481 46.882407 -14.078704 81.150926 -76.778704 90.219444 2.600926 -78.287037 -37.208333 6.090741 -2.415741 -20.500926 -0.809259 37.636111 -10.055556 113.863889 -73.497222 47.659259 -23.925926 -50.879630 -18.234259 52.769444 -5.431481 -49.534259 50.884259 26.835185 -2.594444 -21.711111 63.839815 30.018519 0.106481 2.928704 53.693519 20.945370 22.989815 -90.506481 94.222222 3.987963 29.553704 -27.149074 53.394444 31.607407 14.780556 32.026852 -22.368519 19.933333 -10.210185 -16.450926 -6.890741 132.964815 -13.213889 -28.549074 13.783333 48.887963 -12.385185 11.973148 28.811111 44.765741 2.325926 -65.047222 46.659259 5.220370 2.221296 -91.325926 38.899074 11.284259 9.051852 -47.913889 39.028704 52.913889 15.665741 -16.862963 50.539815 21.723148 61.007407 74.162963 2.754630 40.892593 49.986111 15.158333 -40.909259 45.551852 -22.047222 44.057407 -39.950000 47.399074 -4.423148 -59.568519 -3.396296 -9.100926 -0.576852 -35.525926 2.614815 60.387963 -0.730556 -26.381481 -2.414815 76.224074 3.305556 -24.985185 25.374074 8.144444 40.168519 13.283333 67.351852 -1.065741 135.404630 48.104630 12.827778 104.879630 -1.482407 19.075926 -75.010185 36.648148 -2.491667 -7.763889 11.737963 12.583333 -1.218519 -22.151852 -0.247222 98.914815 -6.665741 -138.393519 -55.328704 27.508333 -6.045370 -39.175000 -6.553704 -7.528704 1.196296 
10.682778 -104.525556 -2.125401 -1.082685 -42.559074 112.397407 19.241883 -6.601944 -91.212191 206.740525 6.913735 99.786265 64.095185 25.064290 -5.612037 165.248488 -135.124290 -48.850679 -7.689753 -4.306019 -189.878364 -47.003920 1.415957 -30.991883 -93.244167 -22.182407 -3.204568 -1.583302 -24.294599 -80.411975 -20.477006 -0.551235 -78.914599 -71.795802 -13.641543 -9.747253 -160.075123 -29.894352 8.225185 -7.981759 198.231944 -4.838642 26.875247 21.452253 -11.585617 -24.482284 -4.136420 -8.968086 -49.211512 -17.717377 3.637500 -17.237809 -4.048580 -52.094167 0.123302 -7.465802 -3.550340 -16.314259 3.245617 -0.403117 -71.898056 30.901852 10.194321 -2.633673 -133.128457 33.831173 20.497562 -9.474105 75.575586 -58.854660 18.386389 18.927253 -8.815679 7.297315 -22.524753 17.187623 30.710340 -13.741420 3.977685 -6.499444 6.618426 -123.200278 2.156975 -18.562901 14.333086 -29.275216 28.518241 -5.147901 -49.841142 -3.375154 18.143765 -6.490000 -41.084815 -24.152747 14.515247 -4.917747 22.297809 -63.042809 10.348920 4.152438 -6.720772 22.497778 -10.848735 22.819198 -25.649414 2.923704 1.399691 17.132315 -40.901142 37.792716 -3.453333 59.577809 35.762191 -100.193951 43.129938 -11.504537 -26.849784 -48.067037 18.702747 -11.885802 2.847068 -20.521852 49.563117 -4.731728 17.825463 -19.275802 18.251420 -2.958549 11.824506 -15.504846 5.813920 0.247840 11.291944 -7.016636 13.718796 3.336451 -13.923765 99.137809 -2.359599 58.364691 94.046358 -73.447068 43.830864 18.601574 34.444537 -30.280679 47.598580 -4.834722 9.695617 -8.285185 59.292191 -3.689475 -14.346543 -1.224877 7.451080 -0.122932 22.068580 -1.395617 7.947747 -1.045093 35.632654 -4.675679 4.212840 -0.795370 -11.004321 7.757284 -6.834630 12.733951 147.545000 81.673765 32.233364 68.713673 48.737562 43.850926 61.059136 8.146327 31.945864 -4.067747 22.332160 -2.888796 -44.384352 -18.295031 -21.659259 -4.437840 16.583457 -19.923241 -17.300062 -2.460340 86.517623 -13.280772 -6.985833 1.830710 25.073611 -4.479753 -3.930586 3.165802 
-164.579444 -541.804444 25.659599 -85.377685 -92.406852 -576.933704 37.132438 -95.155833 -745.809414 209.366636 101.944290 -381.505401 -45.751481 899.157068 149.787963 -135.124290 1712.990710 395.455988 135.025802 224.096759 566.009969 10.638858 -5.276821 129.484228 -201.365833 -45.765741 1.105432 9.405031 185.835957 410.425802 128.675772 28.654321 115.948179 414.017531 93.578457 30.653302 -608.189568 185.809537 4.210741 0.256574 -207.431944 53.556914 193.420802 -58.054969 642.727716 58.737716 144.680247 57.274136 -126.737623 31.306512 -12.959722 42.553858 -167.635247 265.045278 60.270525 9.646420 2.366883 33.353519 -1.831049 9.152994 103.544722 -137.509259 -53.247901 8.272438 -262.449568 -112.863272 -21.225216 -14.540216 -1.346080 -124.526327 198.631389 -47.168858 161.399877 -160.882130 80.520802 21.715957 -185.992438 20.648580 -32.559537 50.635000 33.381204 311.860278 101.098086 36.152654 -181.401358 -52.621327 -40.082315 15.780988 7.827191 -32.961265 -30.910679 7.185556 -14.213704 84.168920 2.146358 -16.631636 86.859475 -189.833364 72.851698 -10.980340 -9.502438 -125.534444 7.189599 -3.981914 139.734475 34.308148 -31.661420 -5.999352 149.891636 -266.965062 15.306667 -71.439414 -277.707253 124.113827 -13.264506 56.332685 -50.092562 211.861852 27.203302 5.358642 -94.705710 171.688148 9.877006 15.756049 144.094907 105.866420 42.048086 16.378673 -145.827716 118.443488 -11.969969 5.636728 -62.518611 48.805031 -28.736204 2.274784 159.376235 -238.809414 3.835401 -38.471975 -307.393642 -11.972068 -48.402469 105.095463 -91.140463 52.188210 -109.503642 31.262500 43.246728 63.764815 0.021636 0.398858 130.291235 31.889568 64.131636 -0.243488 -215.243642 27.131049 36.549414 5.166574 -166.021790 10.703210 38.626173 14.249074 247.817901 -13.923827 40.999815 59.239506 -471.503889 -413.892901 -97.050525 77.828673 -34.777438 102.189815 -108.071975 88.129105 84.459198 121.235031 99.486605 6.609537 83.445093 186.865525 199.924074 2.687716 -484.235432 124.156204 128.606605 -11.879784 -267.144043 32.039784 46.048056 -4.555401 100.537500 58.878025 35.425525 3.175802 
-48.748889 -186.598889 -6.775123 -22.179074 -30.581852 -180.855926 9.792160 -14.885000 -169.266358 76.148580 50.320679 -84.459568 -108.957037 380.441790 82.629630 -48.850679 395.455988 233.053210 77.853580 50.167593 89.058580 33.726358 3.960679 20.652284 -43.733889 -16.474074 0.533210 2.659198 22.537346 35.198025 16.124383 -0.879012 11.577346 58.228642 13.875679 4.090802 -195.225679 27.516481 -0.705926 -8.180926 -95.763889 8.040247 89.379136 -18.734136 167.947160 11.284938 82.363580 7.460247 -94.852901 -1.050432 -2.163889 3.321914 -35.188025 52.416111 23.010802 11.746420 -1.667840 -14.993704 -8.872716 2.682160 4.657222 -69.042593 -30.303457 1.037716 -96.874568 -69.254938 -13.315494 -10.377716 27.641420 -80.155494 79.110556 -22.050802 50.244321 -86.066852 32.195802 -7.365988 -73.996605 -23.343086 -6.122037 1.748889 47.185370 57.739444 43.823086 12.872099 -74.379136 -54.725494 -33.419815 7.330988 -11.876975 -8.757099 -2.780123 5.080000 -36.108148 36.036975 5.826914 -3.594136 22.308086 -32.940309 32.055864 1.571049 -2.123272 28.765556 7.988210 -13.418025 16.180309 41.897037 9.185802 -15.564630 52.781914 -48.087284 11.884444 -38.518580 -131.366975 43.624938 28.938272 6.242407 -18.924506 94.550741 30.490802 3.297531 -49.490432 56.527037 21.581173 6.950494 26.143519 40.399753 27.145309 8.118951 -55.402716 53.300432 4.092531 1.961728 -20.189444 34.631420 0.790185 -1.204383 31.467901 -51.977469 4.156235 -20.310864 -44.113086 -4.515123 18.747531 -7.919815 -32.400185 -8.314568 -4.873086 -1.786111 -7.889383 2.559259 21.000802 -1.530309 25.746790 5.697901 23.927469 0.332901 -58.835309 16.417160 26.484136 0.990185 -66.974568 12.919877 17.631728 2.496296 80.373457 -1.434938 11.852593 17.789506 -65.290000 -36.612346 -17.885247 36.230062 4.482284 35.442593 6.433580 7.883272 15.939753 19.100309 40.828272 2.555370 33.902037 65.414136 67.785185 0.451605 -141.940988 55.090926 43.676049 -5.670062 -103.648210 10.274506 2.460556 -2.909568 27.958333 23.305802 7.968580 1.298025 
-59.940000 -192.640000 -20.420864 -13.766296 -26.188519 -159.412593 -16.238765 -12.390000 -132.728395 122.557284 35.780864 -53.858642 2.905185 266.398642 109.351852 -7.689753 135.025802 77.853580 75.499506 20.220370 -94.324938 -33.120494 2.251975 -16.822346 -40.424444 -9.662963 0.323580 -2.631728 -13.085802 -52.128272 -8.743210 -2.108642 -18.553580 -15.287284 -3.693580 -0.946049 -147.356420 4.910370 16.687407 -15.551481 -2.977778 -0.492716 90.096173 -12.777284 25.109012 -10.950988 42.383951 -6.829383 -111.026420 -6.725802 2.655556 -11.343827 6.457160 6.631111 23.433951 -0.121728 -3.289877 -14.774815 -2.761235 -0.034321 -20.826667 -7.648148 -7.067531 -0.762099 -73.174198 -15.006790 8.578765 -5.303457 36.836049 -56.325679 42.736667 -0.305062 -8.226420 -55.084074 1.590617 0.334198 -13.801235 -14.303827 10.917407 -3.804444 53.124815 -35.020000 28.479383 -11.481975 -20.923951 -22.977901 16.009630 -0.540864 -20.222716 19.303086 10.764691 -0.752222 -20.554815 35.834938 9.281728 -1.245062 7.863827 9.918395 6.304938 14.954568 -30.191235 45.484444 1.565802 13.076049 -15.530617 30.149259 14.095062 4.147037 13.279506 -15.495432 10.337778 -8.542840 -8.238272 3.597901 52.373457 -7.119259 -21.744321 16.586296 24.348395 -6.350617 -19.152469 20.285926 24.098765 0.900123 -8.998148 29.736049 10.696049 2.866543 -38.114568 30.025802 9.734938 6.476543 -42.868889 27.040494 19.455185 9.706543 -3.258025 20.293827 8.689753 28.358395 18.649506 12.080247 19.527160 15.837407 -18.928519 -19.306420 15.620617 -4.433333 5.799877 -16.735185 21.927284 -1.508272 1.740864 -1.060247 8.945062 -0.131358 -19.806049 3.300123 35.099506 -0.661481 -37.707531 2.431358 23.106543 1.918519 19.797531 13.634321 1.327037 27.137654 -26.621111 -2.297531 -6.742840 58.260988 -2.224568 15.509259 27.536173 4.131235 9.079383 -9.978395 24.216790 -0.000741 29.224815 17.336173 33.829630 -1.134321 -51.971358 -0.225185 30.891235 -4.293210 -71.928025 -20.289012 2.886667 -3.330864 4.938889 4.875062 -1.240494 2.105062 
