182.048873 109.127691 0.419039 28.171054 186.261045 131.246352 -4.800939 78.890521 -285.857719 -30.280686 -14.829201 -3.368891 -237.557749 -12.469697 18.527497 -24.494031 26.341598 38.185083 57.724416 6.663912 60.462351 18.249005 7.911285 5.646210 -11.861035 -18.447709 -8.113662 -1.955719 105.894348 -35.261912 -3.343842 8.037394 156.782828 -61.359351 -13.153148 33.813029 -107.773339 -31.644475 -12.457708 11.594735 -122.212988 21.174013 69.075094 -8.583818 54.829609 38.101010 29.100704 7.598612 12.358586 -17.644475 -50.175237 9.069024 -69.092491 -22.893684 -20.761402 -3.882971 52.520355 -35.493419 -8.268952 -2.450668 79.379859 -103.295021 -25.122692 11.755331 -54.688144 -21.679982 50.248138 -0.343026 -81.421692 18.239159 71.585859 -13.364044 62.517447 -19.005510 -70.495817 -0.089583 -2.839455 -16.751199 -37.611927 -3.072595 -89.558514 -8.219059 -12.809917 -2.318743 58.448934 32.556882 -16.681665 11.117335 -27.962147 -30.043822 -15.167075 3.173554 -56.877359 -13.270483 63.612846 -10.111876 -85.335170 -18.847209 -21.168044 -11.619376 69.759463 -10.238802 -40.802214 1.899959 -39.502908 -2.657280 -6.959341 11.114835 -92.952352 10.800735 -3.022243 3.707683 64.785532 49.879961 -15.814254 2.569126 -45.047597 -18.428579 -29.177278 1.541934 -12.643302 -48.834507 -24.581777 -2.862769 -93.259259 -8.689215 -25.680339 -6.128558 66.595449 6.063463 -5.398633 11.098561 -71.141363 11.155596 -2.041118 22.530303 -82.075451 53.248546 42.487501 11.523671 59.474237 66.818590 -50.136874 1.198602 41.967350 -22.273544 -54.101826 4.359759 -24.920671 -28.189011 -31.687838 13.393276 -137.615345 1.885522 -8.959494 -5.471687 20.113560 14.094684 -1.053362 20.744108 -66.712631 36.315223 9.677686 13.938170 -84.081828 40.203092 36.437404 -23.718549 59.497143 49.969289 -33.536425 -8.614223 34.756453 15.368483 -14.762065 9.050454 -68.370370 0.180084 -6.302979 4.711815 -179.530660 -31.475105 -7.880573 -10.900214 -33.952148 8.237731 -1.017039 3.183349 -35.022294 7.935160 7.221202 -2.835731 -44.547291 -71.017294 -13.091572 -49.503520 
109.127691 230.268952 3.611876 32.525202 85.903530 125.199214 0.031629 44.655137 -230.633966 -32.687481 -11.621671 -5.694266 -186.472197 -16.429293 3.737935 -16.176309 11.216253 40.992093 36.204520 4.715794 56.809458 60.588307 22.573207 7.529895 81.133456 28.957402 0.990868 -1.642281 109.555198 59.407203 4.409448 25.270942 124.282828 -19.334558 -11.049077 35.094786 -98.951485 -31.075605 -14.672737 4.278849 -125.037751 10.781451 14.888838 -4.870472 34.995052 17.595960 -30.715641 4.843638 24.494949 -13.186716 -48.739976 -3.234007 -36.162126 -13.641006 -16.102081 -7.032956 73.317417 -40.224824 -39.259616 0.903173 91.646159 -105.001326 -34.605397 7.352974 -42.294970 -30.044536 26.454596 -0.944802 -66.566626 15.189726 18.116162 -10.838027 57.084481 -23.997704 -88.391287 1.520304 3.964953 -18.545353 -46.499286 -4.504030 -52.705744 -4.872717 -14.278696 -2.705948 63.723345 -19.318080 -42.036119 7.430160 7.011070 -22.203449 -26.863279 4.824151 -34.624987 -3.009540 44.115907 -4.789103 -68.076676 -6.967656 -9.306244 -5.756657 67.645444 -9.900265 -33.278492 5.569228 -19.732935 -4.205183 -14.469289 0.939292 -43.856086 0.895317 -7.553770 -0.689930 59.377053 4.556423 -25.699776 -1.177278 -32.565044 -16.754413 -39.313948 1.052954 -23.367667 -26.899857 4.602490 -4.881441 -86.688552 -3.905775 -14.263289 -4.402663 77.953729 0.861137 -6.008520 8.931436 -41.693858 -0.281349 -5.801143 4.595960 -45.334864 10.125957 3.909295 2.307571 58.675951 30.439037 -43.344251 -2.102439 -1.501735 -25.009387 -52.968983 -0.201153 -46.620549 -26.666054 -18.614682 -3.393990 -124.222936 -1.276094 -5.003877 -5.378941 44.134221 8.220182 -0.588409 18.870370 -27.450311 18.077084 0.056015 12.662687 -42.587491 26.327977 -0.096113 -17.346648 152.861086 150.374094 1.904346 2.840475 63.113356 64.931997 -5.076880 13.375676 -77.284512 -14.045199 0.558667 -3.766146 -168.006632 -22.461177 -7.497806 -7.104989 -8.459800 6.390470 0.430313 5.456994 -12.779104 24.751811 1.488267 21.020406 -24.298898 54.672329 7.252474 -52.638965 
0.419039 3.611876 0.995409 -0.033364 2.651209 5.599327 1.842210 0.995103 -4.113713 1.715794 0.129017 1.349097 -5.897459 -0.338384 0.659933 0.264922 2.146924 1.267983 3.862106 0.048669 7.850321 1.929752 2.892409 1.026018 1.941690 -0.793235 0.224824 0.427762 3.347260 15.679676 4.415366 0.751454 1.030303 3.775023 2.636211 0.601316 -3.078972 -0.763545 0.024640 0.033976 -1.855984 0.179982 2.269666 0.099939 3.122283 -0.792929 2.586777 -0.048362 4.237374 -2.849403 -2.550046 -0.651515 -0.661922 -1.556321 -0.715794 -0.315733 2.787420 -2.211662 -1.279002 -0.026783 5.365473 -5.220998 -1.833946 -0.311448 0.327058 -2.581267 1.215182 -0.410315 0.679216 -0.909397 3.181818 -0.382614 3.275941 -2.054178 -2.532752 0.097031 1.917355 -1.211050 -2.376339 -0.120600 -2.258800 -0.469085 -0.686410 -0.159933 -0.644781 -8.281757 -2.601469 -0.675237 0.133915 -1.797827 -0.407867 -0.404500 -3.216406 -0.895623 1.353382 -0.189624 -1.842975 -1.347260 -0.455464 -0.020661 2.504438 -0.733088 -1.734772 0.835476 0.958219 -0.316039 -0.975513 0.923171 -2.238904 -0.326446 -0.372666 0.215335 2.178757 -1.139884 0.432660 -0.328589 -2.660239 -0.512244 -1.705540 -0.161157 -2.332721 -1.587389 0.028160 -0.371289 -2.641414 -0.417202 -0.635751 -0.154729 1.814662 -0.109581 -0.420263 0.446740 -1.121365 -0.375880 -0.553413 2.378788 -2.657484 -0.770891 -0.866544 2.580502 2.072238 0.801806 0.476278 -0.009948 -1.563667 -0.527854 -1.123814 0.329813 -1.909703 -1.084481 -0.815274 -0.402051 -3.855984 0.111111 -0.237680 -0.201102 1.421947 -0.092133 -0.011631 -0.075758 -2.165136 -0.738598 -0.235078 1.544077 -0.254515 0.749311 -0.105142 3.746556 1.498470 7.693144 0.806244 0.236609 2.988215 2.404653 0.468013 0.828436 -1.833333 0.500153 -0.848638 0.344353 -5.690848 -0.125191 -0.226967 -0.051882 0.982706 -0.001071 0.116774 -0.029844 -1.438170 0.007652 -0.012091 -0.583716 -0.812672 -4.165289 1.491889 -0.438935 
28.171054 32.525202 -0.033364 7.161820 17.946485 21.945567 -1.177023 13.066320 -53.549995 -1.992501 -2.563820 -1.041118 -39.010203 -0.060606 3.017957 -3.224059 4.256198 7.799306 8.075860 1.232782 9.408632 7.833639 1.439496 0.587491 6.905571 4.695643 0.587032 -0.006632 21.895368 -6.669217 -1.617590 3.254617 21.767677 -10.878941 -3.116825 6.252168 -22.406183 -5.035966 -1.814101 0.556321 -19.838894 2.949954 7.070911 -1.422151 7.661208 3.737374 -3.612182 0.590093 -2.535354 -1.384451 -6.636058 -0.356902 -8.159576 -1.986481 -1.818947 -0.241914 10.856596 -6.802724 -3.936282 -0.132895 12.036578 -18.600755 -4.457198 1.734568 -11.310019 -4.912764 7.358382 -0.816753 -13.693093 2.821906 3.676768 -2.309509 10.485308 -1.650597 -14.000510 -0.313539 -6.940618 -1.788287 -5.578614 -1.206101 -10.757831 -0.756606 -1.208448 -0.650954 9.571268 5.050097 -3.648454 1.839965 -0.923069 -4.933680 -2.471125 0.849862 -8.298031 -2.315376 10.748495 -1.934496 -13.122590 -1.765738 -2.360882 -1.938017 14.024283 -1.222171 -5.067850 -0.191052 -9.103612 -0.441894 -0.804663 -0.999592 -10.757474 1.055096 -0.209162 -0.563514 8.279665 4.870268 -3.130191 -0.083818 -6.578206 -3.381339 -5.284614 0.111417 -4.832364 -6.350066 -0.995817 -1.292419 -15.861953 -0.876900 -3.063004 -1.237833 15.972962 1.222120 -0.642690 1.850015 -10.098306 1.297113 0.012652 -0.853535 -9.175696 4.688093 7.776962 -2.523212 7.513366 8.486277 -9.325018 -0.064993 5.325120 -6.265483 -10.113968 -0.432762 -9.901643 -5.436792 -4.435211 -0.388685 -24.855729 0.144781 -1.550148 -1.059994 7.922712 3.189981 -0.171615 5.159933 -5.936129 8.242169 1.917355 0.758341 -11.857106 4.324457 7.000612 -8.184114 19.873839 13.730895 -3.390113 -0.983114 11.152637 5.468983 -0.849046 1.477094 -19.462963 -4.400010 0.669370 -1.859657 -35.943169 -5.938119 -1.135037 -2.761861 -4.645648 2.155290 -0.165697 1.182124 -2.747220 6.386695 1.380267 2.670901 -6.001377 4.351087 -2.090705 -9.994643 
186.261045 85.903530 2.651209 17.946485 2168.828487 437.233446 62.098459 321.208652 186.085910 -94.106826 -16.633150 74.583767 -2206.344455 -268.121212 -36.603255 -249.801194 53.026630 136.280941 152.829303 10.464187 311.389348 79.523263 -9.701000 92.501173 -123.833180 -226.291042 -123.882206 11.691256 27.792062 71.727018 -22.908224 5.091623 1101.287879 -259.420722 -0.925824 59.774207 373.958372 -325.682890 -98.524844 119.260178 -1311.621263 2.822773 203.850525 -64.979084 325.824202 151.126263 366.676155 43.400928 383.631313 -150.071778 -323.118151 90.309764 -363.009897 -191.693093 -169.022804 -8.424191 80.035660 335.538414 -133.095143 44.408428 301.931436 -254.265126 -233.031578 6.355780 219.051321 -262.359963 -29.052546 45.438527 -557.824865 7.724110 517.272727 -77.281961 291.903581 -160.248393 -208.252576 2.733293 343.457453 -142.857617 -280.609377 27.933935 -479.179318 -86.010509 -107.326905 -20.262065 189.354097 154.935313 -235.999694 94.485512 -112.074125 -81.907509 -415.595092 -6.173095 -31.742934 -70.729517 23.338486 16.816651 -472.422865 -44.758392 223.446740 -52.491276 150.429701 -108.549995 -248.077492 5.266248 155.125497 -16.277523 -107.465820 68.938425 -435.973727 -34.529844 -68.046169 -1.503826 114.054229 141.889552 -265.508979 43.813335 -153.716406 -119.742679 -367.558259 -10.875727 28.590501 -377.152178 -115.059178 -30.722171 -861.776094 -74.460922 12.385114 -52.544995 -56.164320 -12.531323 -64.381441 17.353688 -27.781043 19.264055 -42.343179 201.409091 -334.448883 8.865779 -95.947556 80.909295 -23.921896 166.216304 -389.593613 29.142996 163.276451 2.986583 -302.326548 34.808744 92.463371 -174.266912 -151.564228 33.269717 -1079.340118 -37.193603 -47.349964 -57.024181 -240.161769 -4.968881 -7.337364 -6.956229 -185.679471 2.477247 -27.902204 142.982400 -98.131670 196.512244 -59.498929 223.310376 -221.822212 26.248342 -327.234466 -4.492756 602.778900 433.331242 -83.389450 161.765891 371.562290 172.999898 -3.811346 99.676155 -1286.921590 -259.083206 -50.557443 -84.088307 -350.804969 -42.093562 -6.793337 -22.734313 -99.901490 -62.264361 1.176411 -46.750587 -20.150138 -151.580043 21.981839 -18.709060 
131.246352 125.199214 5.599327 21.945567 437.233446 484.109708 8.256173 192.051627 -343.386083 229.968013 -24.416667 147.645062 -599.826319 -37.047980 -7.742144 -20.517677 -54.997475 24.810325 35.624299 5.252525 -0.292929 37.372896 37.573793 17.549383 35.311448 27.184624 19.137767 25.516554 22.023008 87.094557 20.517396 4.460999 205.856061 35.019360 7.420595 38.508137 -56.865320 -18.409933 -23.927048 68.605219 -288.972503 33.075758 64.791526 17.011504 -2.075477 47.138889 75.567340 14.687430 -31.358586 -29.581650 -80.164983 17.009259 -76.049383 -24.960999 -21.537037 1.389169 27.309764 53.893098 -39.114198 7.635241 88.665825 -131.685466 -64.628227 12.893659 -84.154602 -45.252525 9.615039 18.894220 -123.284231 9.558361 117.770202 -6.906846 74.320707 -13.782828 -70.891695 8.338664 9.690236 -16.896184 -54.700056 5.707351 -119.039282 -11.221942 -14.212121 -6.658530 64.899551 -31.401235 -64.652357 13.054153 -52.026375 -49.039282 -82.969978 0.467172 -68.278058 -31.201740 2.854097 -8.271044 -109.358586 -29.120651 -11.739899 -7.431818 96.636083 -26.903760 -55.355499 8.474467 10.475589 -7.129910 -14.890292 13.858305 -135.443883 -7.421717 -9.731201 -4.935185 79.419473 15.064254 -41.137767 -0.370090 -101.369529 -1.410494 -100.305275 -3.321549 1.207351 -56.847082 -53.916386 -2.764871 -114.372054 -17.199214 -19.652076 -6.661616 45.017957 -1.273288 -13.921156 13.995791 -18.275533 4.550786 -13.829405 59.446970 -135.115320 7.718855 -39.736813 32.422840 61.576038 91.757856 -73.780022 2.435466 -34.429012 -10.174804 -96.457632 0.932941 -4.618126 -37.414983 -41.517396 16.521324 -148.264590 -2.102694 -9.013187 -9.673401 -44.950337 -0.147026 -2.347924 8.829125 -92.863356 16.917789 -9.383838 70.218855 -55.226712 112.082492 -37.281987 61.270202 -19.060045 169.651235 -80.812290 11.327722 60.665264 103.847082 -29.712682 50.911897 2.711279 62.128227 4.870932 20.759259 -199.621773 -42.399551 -6.565937 -26.500842 -102.061167 -11.486813 -1.860831 -6.829125 -66.256173 -25.317621 -0.484287 -17.395903 26.136364 -77.144781 -8.756453 -2.978114 
-4.800939 0.031629 1.842210 -1.177023 62.098459 8.256173 22.650571 2.518110 20.325120 -0.846495 20.813361 -0.751632 -88.025125 -14.239899 -1.666386 -9.722452 8.558540 2.430160 9.520074 0.553719 30.708907 5.550122 7.631186 3.028262 4.652127 -9.687736 -2.159295 -1.426053 2.998214 41.063795 13.092695 -1.309433 41.522727 14.759030 15.832900 -0.967988 10.752678 -11.562366 2.808030 -3.870906 -52.825120 -4.754362 3.477018 -4.506402 30.316167 -0.755051 7.947046 2.091929 29.479798 -14.835093 -22.709979 -1.005892 -22.941945 -11.434828 -8.419498 -2.965284 -14.625038 7.888506 -3.209698 -8.443730 27.788874 -14.534410 -4.519411 -1.934624 10.704443 -15.419651 1.969952 -1.342695 -23.815453 -4.687736 17.305556 -2.634578 30.712810 -9.811754 -21.224110 0.801015 16.966177 -6.297470 -21.322187 1.896516 -31.018621 -4.002474 -7.231864 -1.153479 -18.327722 -26.231813 -16.748776 -7.008290 11.156362 -11.562698 -9.687608 -4.684803 -0.369886 3.560887 6.276502 0.781757 -20.731864 0.495052 7.562213 -1.851469 15.669141 -5.584660 -16.622258 1.722401 1.625727 -0.745613 -6.338868 4.860601 -25.805683 -2.975436 -3.839557 1.396312 3.822135 -4.089098 -1.264029 0.323207 -7.959060 -5.279640 -11.357617 -1.310989 -2.244898 -10.138175 2.724569 -2.892052 -41.670034 -0.801602 0.032038 -2.462810 4.561575 -0.684216 -4.489567 1.907178 0.192327 1.040225 -3.667330 9.032828 -20.515228 -6.587389 -7.483828 8.888863 -5.471253 19.586598 -2.039435 3.836292 -0.783925 -0.579762 -14.731277 3.926053 -11.489108 -11.928757 -9.063310 -1.894194 -57.571753 -1.612795 -2.173426 -3.495715 -3.811218 -0.883940 -0.214774 -0.756734 -4.754081 0.044511 -0.952250 6.656872 -0.826344 -0.956076 0.072467 10.946051 -25.699622 8.049765 -11.804025 -4.484491 34.160213 17.233216 -7.894501 10.039996 -9.238215 -1.092159 -6.050097 5.527854 -73.129119 -15.103867 -4.739032 -6.244643 -11.884859 -1.954214 -0.373686 -1.161999 -2.983905 -2.685389 0.703959 -0.562111 -4.610652 -12.198959 3.898735 8.916284 
78.890521 44.655137 0.995103 13.066320 321.208652 192.051627 2.518110 192.998368 -242.021069 34.805938 -19.802112 150.293133 -428.113968 -31.156566 -3.532548 -33.647383 -25.129477 18.769462 45.174574 1.260331 21.977043 33.695439 16.391746 10.990154 -4.512703 5.432558 1.765177 14.703194 -3.061014 -62.147179 -12.747067 1.659576 141.212121 -65.322467 -3.639782 25.303132 6.354148 -40.052495 -15.678655 51.657790 -217.170850 21.406795 43.712784 2.588868 7.756249 25.964646 56.722528 4.007448 3.459596 -15.047444 -46.976278 8.350168 -58.255994 -12.858841 -12.844659 2.236506 -14.535507 -38.804561 -31.468422 5.359759 12.443373 -73.977706 -29.049026 3.249719 -14.488624 -35.527089 6.130650 11.045046 -107.229823 6.296194 80.611111 -10.646057 29.634068 1.550964 -36.918325 -1.263953 12.450566 -8.521528 -29.186052 -0.104173 -84.188960 -5.967809 -3.578972 -3.570146 47.106622 89.347158 -15.202173 7.993776 -57.992399 0.872105 -66.489491 4.558770 -43.920620 -25.921437 7.579074 -5.170952 -95.311295 -7.728548 21.804408 -10.269513 36.427405 -13.872309 -40.531119 0.781859 4.270585 -3.989185 -3.161871 5.854862 -89.577951 -3.038108 -4.800990 -2.369299 24.451842 61.519029 -36.306958 6.572289 -63.927150 -22.525967 -65.539894 -6.743955 -15.109224 -78.418019 -26.842465 -8.808948 -153.710438 -14.053209 -8.334813 -10.073462 21.450005 -0.467503 -11.136721 5.785277 -8.414192 4.142383 -0.019488 28.585859 -87.874043 5.579737 -11.532956 8.562188 -1.752015 45.171309 -67.105550 6.735741 26.876084 -18.655749 -51.292113 2.736200 -5.180339 -39.816039 -25.403071 4.712784 -217.005867 -3.723906 -7.929395 -12.230334 -14.482247 1.061881 -1.244618 9.119529 -13.868177 8.316090 -5.904959 20.339608 -43.559586 16.938323 -13.947505 -10.443067 -31.209264 55.126671 -43.160545 10.129375 118.824355 69.490103 15.459035 27.914192 -19.008418 21.188603 15.782777 13.434650 -304.863279 -43.898633 -9.664881 -20.342210 -66.719569 -4.899347 -1.700133 4.180288 19.658657 5.398174 -1.322212 28.057953 6.628099 65.375880 -18.070044 -13.723753 
-285.857719 -230.633966 -4.113713 -53.549995 186.085910 -343.386083 20.325120 -242.021069 2510.430568 -26.584787 57.933884 -186.496735 20.151260 -166.176768 -90.445006 -134.959137 -564.697888 -121.486583 -258.126008 -45.622590 -469.342057 -88.297215 -95.449240 -38.324202 -194.496174 -73.851801 1.040812 -46.198398 -150.698449 183.448169 -10.089430 -25.532650 -161.782828 59.239516 10.339251 -127.947862 1059.484542 -66.582339 21.227375 -79.788491 -145.849760 -67.769054 -144.767167 -37.022549 -356.516172 28.424242 90.136211 -24.638404 140.121212 56.745944 182.834099 62.259259 75.565708 -115.251556 30.116774 5.334609 103.962198 187.546220 28.853739 9.427865 -194.466636 219.523365 17.766095 -84.797419 491.015356 -3.145546 -120.025763 28.463167 70.575349 -14.200286 18.959596 7.915621 -150.218549 -37.654270 340.549230 -31.026273 316.017141 -85.920212 43.715080 31.914039 6.643302 -78.909193 -21.192837 -12.011223 90.953423 -102.460616 28.179369 12.587287 19.813539 120.367820 9.663096 -9.074839 410.184216 80.019641 -84.800480 62.542547 145.822314 60.181614 291.001837 26.480716 -193.141312 -38.012499 108.658657 -26.379145 311.824304 -21.069381 -33.221253 -30.044434 -20.418937 -50.564279 -27.426946 -15.585552 -22.992756 -75.013723 -37.446689 22.545506 183.271656 160.160290 84.907152 29.313897 382.075656 66.498572 57.990256 24.183094 33.602694 4.143608 129.526834 14.642792 -272.017090 -20.722477 -12.596623 -29.183043 273.918376 -6.211764 -10.124936 -5.343434 38.373890 -74.572697 -11.714162 -26.186818 -73.936282 -165.390368 11.068768 -14.243292 -93.709928 179.063565 80.927201 9.299408 446.801449 69.064585 22.571064 6.091419 155.951587 -25.749158 -24.592542 10.754056 -246.751301 -30.676564 -6.535098 -61.683502 176.785940 -35.982961 6.192378 3.832721 60.986022 88.720233 77.759106 111.274564 -161.196715 -204.402561 83.395929 -111.899704 -26.088103 47.750740 6.112233 -57.186052 841.385522 22.234823 33.054739 -42.959749 252.333997 -97.873074 14.912407 -34.354148 -144.528262 -34.333997 -5.171819 -40.681053 74.104173 -35.063565 2.597133 -56.754566 -200.505969 -87.748546 145.450005 27.339149 
-30.280686 -32.687481 1.715794 -1.992501 -94.106826 229.968013 -0.846495 34.805938 -26.584787 605.746556 -1.700184 134.738904 -32.228497 199.601010 -8.102694 90.144628 -137.915519 -17.246710 -68.756351 10.672176 -168.348944 -8.673095 -41.791705 -10.187481 -33.860422 50.438629 2.226201 13.677992 -7.013162 124.888583 31.169728 1.626110 -188.247475 166.477961 29.653658 -7.787114 -78.298439 87.886593 22.160086 9.478880 96.256504 16.227732 -37.588460 28.484695 -133.989746 3.934343 -39.810836 -1.353229 -192.909091 61.426997 4.478421 5.545455 31.044689 51.626875 -0.317264 15.081879 3.652893 61.256198 28.007040 20.718396 -52.990358 5.205081 17.533823 6.698653 -102.573768 52.551882 -36.547903 -4.492960 -4.746403 -5.293695 -116.590909 16.533364 -64.292470 55.152433 54.978727 11.752678 -109.933884 55.439547 40.430364 21.243955 56.587848 37.607591 20.044077 8.274411 -45.074074 -151.792776 5.294307 -17.824457 -7.930364 -35.906183 19.735384 -7.008724 -27.919804 3.533670 -91.235231 -7.739210 58.599633 -2.567646 -69.365932 10.430670 -2.754056 21.677380 85.796908 -0.868381 -31.450413 6.959902 38.869299 -6.929446 16.263851 -6.146924 31.924395 -7.469238 17.451944 -86.521426 31.427609 -11.419957 -57.509183 57.065350 7.402816 2.640037 -38.281298 80.945669 -22.136670 15.147536 200.141414 5.573156 -1.134833 14.368228 53.968473 6.453321 22.908938 0.568871 60.244567 2.691613 8.318488 -24.767677 -7.123508 -32.995409 -9.216866 -31.026018 34.655341 35.284818 45.554331 2.033211 -88.613713 32.672788 40.895011 -10.041628 -62.218702 36.788797 20.216866 7.265075 285.236302 5.510101 3.559841 7.578053 40.885675 6.310070 3.991123 4.863636 13.150291 21.259565 5.806244 11.261708 9.947046 48.085399 -5.154270 -0.219467 -49.579584 132.750536 1.455005 13.808693 -134.380471 -46.245944 -5.925926 -17.774870 -110.611111 62.442302 2.401133 8.007346 295.288032 81.020355 31.051270 17.211203 20.484542 -2.368840 4.895470 6.816804 -49.259565 18.675696 -1.517600 5.267983 -36.950872 -5.387971 3.007499 98.362259 
-14.829201 -11.621671 0.129017 -2.563820 -16.633150 -24.416667 20.813361 -19.802112 57.933884 -1.700184 57.680670 -27.221074 -2.680211 -5.446970 13.654040 -9.317034 -18.626033 -12.755739 -20.946051 -2.682736 4.920110 -9.747245 4.503444 -6.162075 3.033976 -7.638200 4.563590 -5.648072 -6.512397 -1.535583 3.138659 -4.923095 14.926768 4.834481 10.228880 -7.243113 29.783747 -3.573691 18.587236 -14.844123 -32.373278 -7.011019 -10.025941 -9.433196 -1.945592 -4.159091 -17.403581 0.063361 20.484848 -5.316116 2.426997 -2.452020 -12.037190 -9.284894 -0.471534 -3.210055 -35.325987 -32.196740 0.232553 -16.231405 2.705464 16.343205 14.024105 -5.260101 32.045684 7.113407 14.599174 0.030533 -14.811065 2.023416 2.987374 0.381084 9.799587 10.286042 5.434803 0.756428 8.741506 0.753903 -5.952479 3.087006 -21.350781 -2.766529 -4.674013 -0.598485 -41.459596 -23.599633 -1.899219 -8.513545 -0.353076 17.460514 20.944215 -5.358815 21.719238 18.467172 16.731405 3.705693 1.310836 12.365932 24.991965 0.686639 11.094812 -0.471763 -5.830349 -1.656336 4.357897 -1.494720 0.937328 -4.003903 -22.928375 -5.188476 -2.331956 -1.109504 -11.692608 -8.665060 24.012626 0.763315 -1.019513 -1.515381 9.483930 0.366391 11.289027 -0.946051 17.047750 -3.343893 -32.161616 2.213958 6.604683 -3.130395 10.418274 -0.521120 -1.372590 1.349633 6.221304 -0.474977 2.724977 -0.487374 -25.558540 -14.372819 -7.876033 -2.388200 -7.761019 22.389118 27.837466 2.763545 -4.258264 -1.866621 -11.826217 4.733930 -6.970845 -11.474059 -5.406795 -1.457759 -57.592975 -1.434343 -1.059917 -0.418733 7.317034 -1.108356 0.218090 2.058081 6.572314 -0.525023 2.271350 7.653352 -20.931129 -1.322314 -4.239440 6.986915 -3.180900 16.600781 9.329890 -0.514692 36.553030 -1.185721 -6.106061 4.339302 -7.285354 -21.814738 -4.495868 0.202479 -77.205693 -23.352158 -1.515840 -4.672406 -8.219927 -1.650367 -0.026630 3.389118 11.277548 10.495409 1.705234 13.591139 -38.350781 38.624426 10.032140 -8.734619 
-3.368891 -5.694266 1.349097 -1.041118 74.583767 147.645062 -0.751632 150.293133 -186.496735 134.738904 -27.221074 376.843409 -325.941562 -24.421717 -11.423962 121.872590 -116.081038 10.465055 10.173885 -2.559688 -76.298898 48.733777 -12.543286 6.979135 -16.161922 -1.045863 -1.473804 17.126747 -44.181767 -19.286527 -11.378839 19.881568 -99.179293 0.404576 -6.538083 13.263876 -2.255127 6.711739 2.672584 63.128635 -59.690134 24.803949 -3.472936 47.517932 -90.859683 12.335859 5.006275 -3.067850 -75.202020 6.838001 -12.713193 -0.197811 -60.744516 -10.385700 8.010254 8.924982 -11.520814 -14.276324 -31.717962 39.972707 -87.193679 -3.692812 5.178477 3.828002 -78.000791 24.618916 -19.979084 5.452071 -50.485792 -13.131721 -42.739899 2.747424 -16.622819 32.729109 2.612897 -2.490996 -8.394705 14.809509 8.507474 2.461254 -83.562239 -8.902382 12.168962 -2.350449 61.126824 38.157994 -3.190006 5.327798 -76.274309 16.707275 -12.320758 8.560836 -48.277599 -29.792649 -56.139935 -7.774717 -9.962351 3.483114 -38.613177 0.682048 51.316524 8.171539 16.623839 -1.200005 53.549510 -5.728625 14.866825 -1.387792 -89.591266 -15.705464 -0.197225 -9.348408 30.614606 -15.949980 -4.567059 9.768110 -89.014157 0.723574 -10.799306 1.665595 -55.316524 -18.186384 -20.130803 1.407305 33.572391 -12.276808 -13.701204 -3.788797 72.887562 0.889246 -5.288465 3.476967 91.144577 -7.022217 5.324406 4.659091 -110.256275 -34.822467 -23.704214 -18.024819 22.127461 -8.386313 12.190593 7.783032 -55.996505 -3.997577 60.118585 -2.838868 4.385547 -4.953551 17.763136 -0.621926 11.654142 -1.380471 10.170467 -10.385981 25.103841 -1.664932 1.125906 6.344276 77.657765 -4.221329 -8.811754 41.560453 -45.740027 -57.923477 -33.747092 -17.774793 -18.606418 84.123686 16.542164 28.771707 24.493547 -0.747500 33.938833 2.193807 8.766835 45.783874 27.669830 22.233548 -63.703959 36.543516 6.447378 3.921564 -36.487705 -3.520789 1.049638 11.097414 28.994057 -1.141312 -5.825885 83.677099 33.275023 190.846954 -23.465361 98.867616 
-237.557749 -186.472197 -5.897459 -39.010203 -2206.344455 -599.826319 -88.025125 -428.113968 20.151260 -32.228497 -2.680211 -325.941562 3601.204596 362.436869 4.175365 218.973140 -122.150826 -232.121875 -433.997526 -37.204775 -845.007346 -200.952173 -145.679344 -149.955362 -73.440159 291.490562 142.933757 -46.175977 -90.712835 80.746225 33.889603 -19.470743 -1229.871212 355.141491 10.237705 -87.949316 -583.519131 467.871518 87.513111 -177.990282 1968.394194 -2.997704 -302.916769 36.504005 -513.876059 -118.305556 -450.345424 -44.039996 -676.404040 262.871518 438.217019 -65.031145 574.039384 331.917483 212.846342 21.673987 -28.587389 -178.457224 133.796424 -52.552240 -294.543541 254.247347 249.524054 -11.079405 -158.572263 337.698806 -29.818080 -45.301219 929.465233 63.798643 -650.891414 114.980512 -539.363866 263.454086 399.904295 8.199699 -474.655953 215.373941 393.923146 -4.162101 891.936996 135.873253 153.306244 31.681538 -183.083614 -296.701816 192.894934 -75.854326 315.047393 35.901184 427.599199 -3.460285 151.479823 144.306678 -65.177278 -16.891338 786.185032 89.812162 -257.195822 78.842746 -375.741940 150.520177 368.147561 -14.667100 -260.458295 27.036603 144.973038 -77.442123 862.166616 50.313361 82.377308 25.208525 -105.642358 -136.717962 237.097924 -41.387384 355.887588 189.670467 455.225640 10.676615 -28.939879 587.773518 215.497908 48.363381 1326.107744 117.855117 16.579482 81.598714 -114.819814 -0.565606 91.328921 -63.579048 -98.579635 -38.090475 35.983573 -238.719697 731.964111 19.140802 48.419600 15.016656 108.016044 -275.856775 328.922610 -44.831140 -161.334277 33.423146 341.564560 -55.465437 -189.172916 283.104760 241.800939 -48.888991 1715.364733 75.629630 66.999821 102.474441 257.250765 -15.165697 5.661565 -44.928451 92.127155 -80.484721 21.596878 -302.684726 439.789664 -67.485461 49.290098 -209.130165 370.419141 -168.117973 291.770814 -28.566524 -931.018238 -458.487017 75.613917 -226.713295 -621.349327 -214.911106 6.198143 -147.431283 2218.714009 398.825120 79.698832 135.423860 593.661208 50.253163 7.613152 4.088231 96.954418 11.044026 -2.846699 -106.860703 82.816345 -84.978574 63.358484 -335.232476 
-12.469697 -16.429293 -0.338384 -0.060606 -268.121212 -37.047980 -14.239899 -31.156566 -166.176768 199.601010 -5.446970 -24.421717 362.436869 225.492424 13.866162 63.229798 28.532828 11.939394 -34.765152 21.277778 -107.762626 -13.391414 -34.143939 -15.308081 -31.252525 49.833333 -2.058081 -4.431818 3.868687 -5.345960 6.106061 -1.866162 -162.467172 27.032828 -1.861111 -6.325758 -176.873737 47.154040 15.792929 -28.840909 241.434343 19.631313 -16.078283 5.300505 -7.628788 -0.330808 -51.055556 1.414141 -153.378788 52.724747 28.282828 -8.613636 65.378788 70.926768 7.863636 10.851010 -8.494949 -69.143939 -2.053030 15.318182 -26.381313 -16.906566 16.063131 12.487374 -107.022727 46.333333 1.388889 -18.386364 27.906566 7.868687 -110.957071 9.671717 -76.431818 59.909091 18.040404 12.396465 -159.787879 56.747475 35.335859 5.553030 138.136364 51.517677 23.217172 16.881313 -41.292929 -104.161616 15.962121 -3.952020 -0.126263 -7.121212 41.224747 3.512626 -70.219697 10.542929 -25.853535 -10.792929 42.974747 -3.075758 -85.512626 2.078283 -53.244949 32.755051 48.507576 1.118687 -116.679293 11.669192 31.426768 -3.613636 136.616162 12.345960 38.595960 5.330808 -1.512626 -30.967172 41.103535 -2.446970 -30.391414 16.750000 35.252525 1.313131 -77.154040 58.537879 -0.090909 7.121212 167.414141 13.535354 -19.757576 10.813131 40.752525 10.828283 25.952020 -1.623737 -59.792929 2.164141 19.873737 -42.946970 102.987374 7.909091 30.545455 -13.623737 31.290404 -7.674242 41.444444 -2.550505 -27.881313 -9.765152 42.643939 -10.224747 -76.643939 17.795455 24.328283 -8.974747 215.381313 6.282828 9.638889 4.949495 102.416667 12.873737 6.707071 12.709596 -12.280303 6.876263 11.888889 -45.550505 35.833333 -14.348485 12.027778 -57.926768 45.015152 70.371212 39.512626 14.878788 -125.603535 -83.366162 4.787879 -24.393939 -192.431818 1.568182 -7.747475 6.282828 224.545455 99.646465 21.164141 37.396465 117.106061 14.795455 7.313131 19.512626 -6.512626 26.646465 -1.171717 23.255051 -47.166667 9.853535 0.873737 -2.136364 
18.527497 3.737935 0.659933 3.017957 -36.603255 -7.742144 -1.666386 -3.532548 -90.445006 -8.102694 13.654040 -11.423962 4.175365 13.866162 44.618126 1.229798 61.421717 41.854097 62.960999 4.611111 88.964646 25.428451 17.713524 9.578002 18.190236 -3.773288 -3.707351 2.504770 18.918631 -13.641134 3.692480 2.055275 -2.239899 -17.601852 0.747194 4.238777 -37.471380 1.110269 14.667228 -6.324074 9.111672 12.308081 61.141695 -3.065937 56.355499 -8.310606 9.678451 0.705948 44.914141 -17.945286 -14.821549 -8.556397 -4.759820 -0.262346 -4.486532 -1.215208 10.077441 -46.707912 -3.001403 0.608305 15.433502 -11.712402 10.334736 6.381874 -19.582211 8.419192 30.673962 1.022166 -10.716891 -1.874299 7.058081 -2.736813 19.866162 -10.101010 -45.206510 -0.755612 -14.501684 -3.450056 -10.663019 -5.533389 -11.689113 3.012065 -2.106061 -0.180415 1.852413 -45.818743 -7.935185 1.737654 -4.002806 4.381594 23.770763 2.194444 -15.244388 -8.316218 18.751403 -4.346801 -20.515152 -12.844557 -38.926768 -3.320707 23.508137 0.658530 -26.513749 1.073793 -17.574916 -0.868967 -4.575477 -6.582772 -9.258698 -1.876263 -0.992144 -4.081650 5.143378 -10.631033 18.161897 -0.095679 -16.470539 -12.903760 4.757015 -2.321549 7.911055 -19.929574 -13.742985 -2.889450 -20.897306 -4.328844 -19.079686 -2.898990 33.110550 3.541526 -3.145062 6.399832 -9.635802 0.330247 2.572952 -4.492424 -5.872896 -3.740741 16.579686 -15.878507 17.628227 5.113075 21.423681 -0.643659 15.027217 -22.930696 -14.157969 -2.413861 -6.877385 -13.207912 -10.182379 -3.552750 -49.377385 0.271044 -2.359989 -1.345118 20.347643 5.874860 0.291807 9.566498 7.421156 15.146745 5.479798 7.420875 -11.526375 -10.710438 22.531145 -20.608586 73.458474 26.886925 23.384680 1.975870 18.111392 -17.429012 -1.615039 0.065095 -53.445286 -9.359989 -3.474186 1.627946 -92.534231 -10.584736 -0.431257 0.721380 -6.478676 3.960999 0.827722 3.256734 -1.171998 15.559484 3.327160 13.612514 -19.646465 7.254209 9.427048 3.632997 
-24.494031 -16.176309 0.264922 -3.224059 -249.801194 -20.517677 -9.722452 -33.647383 -134.959137 90.144628 -9.317034 121.872590 218.973140 63.229798 1.229798 160.155418 -44.217401 -5.865473 -35.735767 8.122130 -97.697888 -4.353765 -26.973140 -6.964187 -21.735996 7.259412 3.976814 4.400597 -21.639118 17.020432 5.230028 10.897842 -189.093434 47.281680 2.523646 -5.105372 -150.935262 63.548439 16.094582 -6.681129 201.125803 14.713039 -30.085170 35.655418 -58.887741 -1.209596 -46.899449 -0.558310 -105.525253 29.437328 45.936639 -11.073232 15.016988 13.052571 20.284665 7.356520 -13.340680 -35.131543 30.075528 20.685950 -52.963039 28.318411 52.985996 6.997475 -122.833563 59.886593 -3.291093 -13.641644 39.502984 -4.104224 -104.810606 13.103765 -41.723829 51.299816 34.438935 4.768825 -63.756657 31.084481 42.376722 -2.516299 30.441690 6.827135 15.850781 3.573232 -8.626263 -49.683196 44.010331 1.043848 6.555096 -10.945363 65.166896 5.227502 -58.340450 1.053030 -29.670799 -9.624885 71.805326 -3.138659 -72.582874 6.055785 27.783976 22.007117 46.805096 0.055326 -8.292241 0.312902 22.517218 -5.213269 24.983930 -3.048898 14.468320 -2.865243 -6.590220 -44.506657 38.159091 -1.884527 -32.899679 7.535583 51.687787 5.674013 -76.647612 65.683425 20.618916 7.742883 199.853535 7.361800 -14.857208 7.004132 73.263545 3.728191 11.079660 1.539256 30.142332 -4.883609 6.684114 -16.482323 -1.916208 -14.041322 -0.315886 -13.712810 12.599403 -34.879017 60.031221 -7.162534 -70.342746 -6.734389 82.002984 -7.789486 -58.135216 23.777089 39.750230 -6.486685 246.072773 6.489899 19.176079 7.938935 72.339532 3.148760 4.120294 6.704545 28.397383 -2.070937 0.375115 12.659780 -8.573921 -31.258494 -16.452479 -3.764692 9.958678 29.722452 36.412534 9.782369 -131.098485 -74.531451 9.242424 -23.061524 -119.654040 0.880395 7.834252 6.464187 264.549128 94.771350 20.036042 31.308770 73.088613 10.135216 4.460973 9.136134 -14.706841 -6.662075 -3.846648 32.903811 12.608356 63.516988 -6.673554 42.956841 
26.341598 11.216253 2.146924 4.256198 53.026630 -54.997475 8.558540 -25.129477 -564.697888 -137.915519 -18.626033 -116.081038 -122.150826 28.532828 61.421717 -44.217401 645.811065 146.569330 251.302342 37.584022 575.092746 54.255510 52.070018 60.105142 28.638659 -70.796602 -59.930900 2.428604 47.828742 -49.210055 7.095500 8.131084 156.123737 -66.212351 -0.676079 32.506198 -255.801194 -65.498393 -17.916437 -8.887741 -21.095041 0.700184 113.496097 -18.560836 528.985078 -66.689394 21.324151 19.232782 271.974747 -143.543848 -172.358127 -24.366162 -108.796602 10.387282 -66.579431 -12.553949 -46.035813 -94.896006 -23.279844 5.713958 198.479109 -69.028237 -34.691690 43.361111 -56.092975 -69.328742 36.243802 -3.820248 -19.387282 -37.200643 55.659091 -21.722681 212.596648 -119.003673 -276.721304 15.909320 -41.779614 -31.295225 -124.538797 -14.146694 -59.489440 23.479568 -28.489440 5.260101 -37.631313 -46.128558 -35.760560 28.455234 36.147383 -76.816345 -33.962580 0.779844 -100.821625 -59.790404 34.068871 -11.320937 -139.691460 -69.510560 -122.205464 -22.417126 74.762856 -18.486455 -139.764233 23.159550 -115.615014 5.346419 -43.703627 31.590680 21.471534 15.453857 -11.012397 13.132002 -37.907943 17.844123 15.007576 13.867539 -77.935491 -94.361570 -65.390725 -17.555096 -102.308310 -121.248163 -91.970156 -23.106979 -213.540404 -26.728650 -62.093664 -18.780992 39.270891 8.038567 -9.934573 18.838154 -132.607897 4.850551 -9.691460 20.957071 34.491506 7.628099 14.535813 19.700872 -48.883150 -14.815197 -28.022039 9.840220 59.703168 -94.725666 -107.624656 -4.458907 -101.257346 -65.556703 -58.561065 -20.981175 -284.744031 -4.954545 -7.198118 -24.054637 28.262856 11.515611 0.476584 14.734848 -82.761938 28.588843 -2.846189 -11.213499 59.531680 -25.871901 25.745868 -19.023646 10.309917 -102.306015 -47.342746 4.617080 134.578283 6.681589 -13.747475 33.971534 -114.159091 -0.132002 -15.299816 2.647383 -339.047750 -38.153811 -25.852388 -12.918044 16.696511 7.439164 -1.270432 5.826217 -34.356520 41.207989 3.253903 -43.759642 105.616621 -89.837006 3.892562 -66.560147 
38.185083 40.992093 1.267983 7.799306 136.280941 24.810325 2.430160 18.769462 -121.486583 -17.246710 -12.755739 10.465055 -232.121875 11.939394 41.854097 -5.865473 146.569330 164.872258 148.061269 22.455005 205.943985 120.486838 8.793592 53.106571 8.626110 -54.756096 -33.898939 11.007397 33.458780 8.847056 -2.181002 14.334303 101.737374 -54.841904 -8.107846 20.318386 -24.665442 -48.054484 -13.412866 11.361035 -103.957861 36.616621 121.683145 -1.852566 194.820580 33.732323 67.879400 8.792674 201.939394 -44.705999 -115.871748 6.341751 -75.143302 -45.081318 -43.982247 -0.744159 40.272421 -47.063667 -47.118661 34.184165 87.513009 -95.965514 -41.229364 19.974186 -22.573207 -41.907713 25.150189 -4.622028 -75.136415 -8.902561 44.489899 -15.357770 90.793388 -82.276860 -195.568973 -5.750128 60.365779 -47.982451 -85.614529 -16.359861 -102.675900 -6.597235 -22.875115 -0.140292 60.061728 -81.164269 -38.555862 37.886542 -1.984797 -5.336598 -29.039588 13.753903 -36.255382 -15.827722 24.996531 -9.276247 -78.991276 -56.507601 -117.658861 -16.084481 67.955821 -27.618355 -115.643047 3.785940 -7.948730 -4.629885 -18.566167 2.568309 -93.893276 -4.217631 -6.026222 -2.294154 50.600653 -11.886185 -3.709877 13.972860 -52.005816 -15.440822 -45.968677 5.022192 20.316906 -69.795633 -62.735435 -1.193654 -98.723906 -21.424600 -59.634272 -9.662075 82.405061 2.453882 -14.480512 15.651362 -10.747577 3.885777 -1.756147 16.328283 -78.106673 4.371595 10.828028 -18.047342 37.854556 1.605244 -23.650495 5.643200 46.393582 -49.180186 -70.250893 0.517855 0.750434 -47.061371 -35.583920 -8.387562 -182.506683 -3.053872 -4.793133 -10.960667 33.136517 9.739924 1.061269 18.395623 -1.534333 34.313999 2.528466 33.517600 -30.952505 30.472605 50.983777 -28.860882 104.217835 34.172533 -15.972605 -1.089736 82.269921 16.055964 -23.127385 26.358688 -75.521886 19.170136 -4.484951 17.308693 -281.979084 -18.792215 -2.501479 -3.022804 -22.019947 8.297266 2.958321 6.618151 -29.425110 31.988267 2.209111 23.166412 -35.026630 -16.778543 38.516478 -2.533364 
57.724416 36.204520 3.862106 8.075860 152.829303 35.624299 9.520074 45.174574 -258.126008 -68.756351 -20.946051 10.173885 -433.997526 -34.765152 62.960999 -35.735767 251.302342 148.061269 420.537930 19.048209 634.790174 204.548133 242.795506 86.379604 229.611876 -40.697633 -26.256989 29.211330 45.616876 -29.751275 16.701306 9.223268 178.229798 -59.333410 24.035022 26.277599 -10.728344 -69.194751 -0.997959 15.631696 -151.040659 24.214876 247.659193 -5.887843 356.749796 -31.553030 289.966636 2.686461 480.939394 -168.987680 -112.610958 -19.559764 -30.544434 -102.680109 -67.805938 -16.143684 -14.655035 -130.017524 11.132869 9.229007 127.023339 -102.914014 7.733522 18.927890 -42.033798 -71.572544 71.459494 -5.799791 -85.758162 -39.116825 206.189394 -26.707785 177.358815 -177.908632 -244.641669 -15.760305 196.120600 -113.712325 -157.347388 -27.651031 -157.654168 -30.943960 -49.674931 -6.413861 -2.795174 -34.363840 5.786884 10.935134 -7.481737 -65.214315 -16.139603 8.374426 -86.348510 -65.140011 52.995460 -10.729875 -127.887052 -103.534384 -123.915289 -25.095271 68.949010 -64.136338 -196.804127 7.389323 44.372436 -14.834583 -59.311422 25.735053 -149.504999 1.141185 -24.614682 9.296526 11.041348 -31.872947 -15.633277 1.831828 -46.650214 -101.912892 -61.296347 -9.105908 10.323717 -144.339175 -89.502959 -4.843179 -169.582492 -38.132895 -85.296653 -8.553260 57.345067 -0.126314 -36.586496 17.175008 6.614988 -2.919626 -13.978523 29.537879 -113.671182 1.142026 6.014743 10.932838 18.655673 -69.365447 -10.912509 -8.850679 130.940338 -103.397893 -70.423146 1.611902 19.677967 -73.978497 -57.311040 -7.565555 -278.294026 -9.033670 -9.833155 -23.398684 11.855295 8.938425 -1.469646 11.453704 19.064764 18.964519 -2.273646 36.861494 -83.643200 -26.095347 28.593740 -0.642562 224.651566 34.052316 61.203933 0.394807 221.790965 23.168835 18.335578 28.753699 -20.504209 48.688884 -9.117335 30.123202 -447.572595 -49.623100 -13.405902 -29.050122 -64.322824 4.272090 0.073717 -0.537726 -2.676640 39.370115 5.311346 19.370804 -28.967860 -0.607285 25.096062 49.717325 
