5640.490792 1074.316269 210.257474 362.265534 330.017269 106.845679 15.148327 15.281145 159.642256 168.627538 14.137690 0.172457 293.196179 302.788925 -12.025125 56.336369 -709.002474 348.874043 -59.776273 -40.040608 -448.601546 47.142945 49.013264 -101.079252 -43.235767 -606.894654 -50.223038 -19.830808 3631.718881 -524.717886 31.164065 -86.200107 77.319126 112.382027 3.082134 -5.813692 -18.449954 -9.647051 -48.572544 6.878456 143.660086 -231.490843 -118.874120 52.616213 192.055224 26.588231 -35.360040 107.902178 -70.276400 -96.654882 14.838307 23.629706 -116.417253 -713.266452 -72.582262 -50.925747 1104.272855 -326.045301 -123.637129 -145.752602 -185.691894 23.494108 -18.233981 -6.805454 -27.130369 -28.622054 -9.248240 -3.094939 138.226329 -106.099454 -33.375319 31.061881 101.919549 26.463193 -8.990460 86.130420 -197.612744 74.683808 -44.128048 40.345934 -107.721789 1.843434 -3.819432 -14.806958 544.353714 -140.453704 -165.988624 -52.015407 -208.346444 0.387894 -25.655010 -13.991276 19.813948 16.973574 -68.983777 -7.713039 79.448730 43.270202 -2.396643 0.823411 144.163708 135.659958 -22.902816 22.834022 -139.518085 111.637945 -26.937685 10.133252 -114.981226 192.364810 5.638047 83.761759 366.007142 -25.317595 -92.245281 -24.341572 -118.677456 18.786348 3.600857 -20.265917 21.224492 159.895113 -45.167075 -5.354173 20.025074 234.952097 -78.912815 -63.816014 138.514157 209.354556 -50.191333 -33.719620 102.570503 134.865014 0.104020 -60.520508 -1.718447 419.974135 43.648531 -20.195516 370.848204 8.896031 -35.102745 -35.163376 73.896031 25.662662 14.407867 0.372998 -81.398760 123.603484 -24.288083 -0.886644 -176.718855 151.681997 -90.540047 -15.190312 -46.341853 168.192353 -91.489108 -5.145699 334.845169 146.363968 -5.686614 -32.904219 -28.103816 -239.466177 -8.003852 -177.870600 878.433349 -108.053081 -41.032140 196.948067 227.570197 97.364937 15.793541 90.698577 32.940287 225.920671 -3.289435 -230.281859 -137.697888 324.942914 -125.218575 -309.390649 54.889731 354.706841 -228.206433 -17.648072 114.023569 55.052240 6.572977 -23.549051 -230.855168 -123.396439 -22.528798 -105.383711 
1074.316269 748.590680 39.574533 102.620753 122.992577 118.678451 10.514769 10.505051 56.098485 89.096113 7.970462 3.652816 151.775865 44.999923 -18.167661 21.205617 -144.395852 81.473370 -47.908708 -2.300429 -91.887741 -154.325069 -19.209519 -22.029308 -80.170110 -558.463116 -46.146159 -4.785354 961.785660 60.582339 -25.308999 27.141644 145.397689 46.218167 -10.080043 9.927609 -12.778237 -32.948959 -20.350321 9.700566 56.254362 -96.953245 -46.087925 11.076370 14.715718 1.142103 -20.464417 17.288261 -22.059229 -81.323232 -8.887282 14.160009 -32.971687 -371.313590 -19.413912 -12.763009 210.504056 -117.260790 -76.494031 -9.114555 115.523033 8.845960 -11.966866 4.963346 -3.976048 70.310606 20.314050 -0.906948 38.748776 129.930288 11.970921 8.156719 -54.354301 93.767906 18.735690 32.224135 -119.741812 74.922865 7.190695 18.843128 -4.133685 49.979798 15.280456 -2.173401 -66.566039 -31.300505 -66.863483 22.527242 138.468932 3.056244 -10.105066 10.826905 41.636058 13.490970 -25.729568 1.872819 42.612029 30.361111 20.184726 -1.894322 -11.823385 46.563437 6.817723 13.202709 -94.941766 25.034129 -1.901209 18.528313 -30.345424 57.190848 -0.429293 30.449189 -174.969850 -2.273263 -24.822161 20.726890 167.716483 2.269513 -15.789715 12.745868 39.393404 -25.571778 -46.530150 17.974671 87.141797 -6.938476 2.591674 -11.148225 38.041093 55.916284 -8.601546 -24.963728 -48.103459 93.264004 8.425008 11.789256 -21.495103 244.588613 15.896006 54.464417 -195.212963 9.116009 -9.884451 -12.564050 171.919039 10.802954 -4.595500 14.018901 -131.984619 -12.982935 -11.153964 25.481481 52.282828 6.832951 -11.879553 69.178375 4.119988 58.275406 -39.558693 9.084940 107.793541 9.567110 -9.047444 -24.509718 -16.821549 104.259412 12.466406 -21.035583 -285.686180 -63.088996 -16.991736 18.563667 302.438323 102.452479 30.416437 49.350092 -107.658479 -100.270125 0.534359 -129.503520 -45.930211 -181.099174 -71.670875 10.254132 -66.027778 113.348255 -121.696893 53.382231 70.196970 41.535966 27.645929 -38.671947 -90.448883 -55.767371 3.591292 -72.006045 
210.257474 39.574533 53.804918 5.080043 22.669166 23.160494 6.534996 -0.299663 4.306397 19.221355 1.717886 0.550709 12.412356 29.348077 1.794358 5.839047 -24.074176 21.893327 2.508775 -4.167942 -9.211050 0.153505 8.759667 -9.737119 6.168503 -42.880726 -3.459647 2.025253 192.368636 -26.799918 36.151668 -12.034129 5.956025 10.345373 4.051219 -2.042649 3.758494 -9.379298 -2.925620 -0.719876 10.301041 -2.890368 -7.938629 1.486430 13.158912 6.439700 -5.739516 -0.630956 9.189164 7.011785 0.934496 -0.289715 1.868177 -29.007499 -5.714264 1.769003 55.445873 -15.970003 8.254056 -13.772574 -18.350219 -6.260943 -1.437761 -3.304918 0.385318 -24.109428 -0.942914 -2.589583 9.574278 -13.545199 -6.341955 0.069840 4.945414 -3.411234 -4.138608 -3.171615 0.242322 -6.943373 0.081012 -0.382104 4.925059 -9.176768 -1.056423 -0.874299 16.997959 -0.713805 -0.147332 -0.477604 -19.280175 -2.998010 -1.964391 -1.780073 2.252576 0.337364 -4.613254 0.511938 2.213652 5.020202 -2.159576 -0.385879 8.655749 1.547087 -2.153964 -0.006428 2.593409 -2.991378 -1.292980 -2.303540 1.102183 13.112131 2.269360 0.579176 12.585042 10.056066 -4.017855 5.484491 -17.528926 -2.860575 -4.994643 -1.493419 15.138557 -0.741404 -4.381339 2.861545 3.234364 13.636211 -3.256862 2.478829 -0.078818 3.582134 -0.181308 0.954392 5.059331 -9.947199 1.310479 -4.231711 -7.559739 7.526477 6.480716 -7.891797 18.195847 8.504234 -2.993164 6.468167 -17.212937 -0.970105 -4.532905 -2.687073 7.610652 4.796398 -3.491174 -3.218294 14.947811 10.013111 -2.822263 6.365473 -10.360065 5.965463 5.769462 3.129783 -0.016937 -1.416488 8.083665 -1.785838 -12.278900 -28.815121 -0.546169 -9.773952 64.618151 6.377206 -4.551882 32.374911 11.928630 12.421641 -0.713346 1.936180 -2.585961 0.717580 -2.914396 -33.560861 2.754362 -14.274717 -6.843996 -11.062137 -18.072391 -13.539945 -0.341343 -1.314968 -24.324916 -20.516937 2.461790 -4.755433 -21.222324 -30.441128 -4.566983 -0.296551 
362.265534 102.620753 5.080043 79.786961 18.895929 9.016835 3.477349 5.227273 24.676768 32.340373 5.853382 -0.318947 61.992807 42.203551 4.605755 9.084634 -54.981941 45.628558 -6.623814 6.074227 -92.113866 24.617539 -0.102541 -10.772421 -19.178604 -27.500306 -2.859657 -1.035354 281.721151 -26.126569 -5.638200 20.232782 17.384604 11.146771 -1.091062 3.069024 -6.793848 -6.697582 0.966024 -1.046679 21.377410 -39.076523 -6.347567 5.962504 31.256351 -11.513774 -2.928834 9.714570 -21.153811 -20.050505 -2.193756 -1.508264 -39.525865 -123.359504 -17.277319 -9.058004 82.964340 -38.046832 -16.164830 -7.476584 6.039333 -1.297980 -2.814203 -0.933578 -3.908326 2.828283 -0.356749 -1.285277 24.605295 -12.226967 -0.842669 1.663606 34.469850 -5.080349 -2.062290 14.709213 -41.072850 -12.507805 -4.783594 4.955617 -39.366697 -31.878788 -2.785889 -2.031987 20.957147 -16.414141 -11.977808 -2.943832 7.525406 -3.958219 -5.934037 0.739669 3.410162 -20.491123 -13.014692 -1.249311 8.572544 -18.661616 3.194368 -4.558004 8.008111 3.251454 2.433425 8.077135 -31.528313 22.645699 -1.556627 14.130701 -38.071319 44.486073 -0.707071 15.591980 -3.274717 -7.155953 -6.132537 2.270279 -1.688246 -0.602388 -7.331956 2.294766 -3.302418 2.975972 -13.679829 3.481328 11.371136 20.355372 8.469544 -9.121365 24.455923 22.906642 0.606673 -8.215335 13.503520 21.113866 0.843281 -1.431589 -12.582798 92.929752 0.054637 9.539945 -6.543771 4.659627 2.219314 -5.961433 4.240435 3.642945 -0.261708 -1.640649 -2.767218 11.370830 -4.249005 10.910774 8.292929 8.245026 -6.292776 19.472911 9.958831 -1.992960 -15.967554 -1.693756 60.937251 0.470921 -7.207683 0.275176 -17.589226 -19.072084 -2.979645 -23.803489 -12.857208 -12.881696 -2.801653 11.605448 45.102234 4.202938 4.292470 3.164830 -9.234466 -24.920722 -2.702326 -17.500306 2.659780 -34.006428 -10.809764 26.068871 24.126263 27.701561 -11.890419 16.168503 48.919192 10.103918 1.480410 -0.672176 -0.557698 -31.521273 -2.517753 -1.126569 
330.017269 122.992577 22.669166 18.895929 177.643837 37.783389 11.657662 14.599327 0.450337 25.284410 11.371544 -1.971406 -82.489465 82.364529 22.568845 -12.358458 -142.880038 116.058157 5.259846 -12.000051 23.143174 119.821090 16.543720 5.336879 52.221993 72.507397 3.080604 28.138889 173.881109 -34.881492 29.884451 -19.709749 154.028645 -18.686690 8.831140 1.733446 6.286501 -72.353051 -8.768136 -1.932532 -31.674625 -39.897332 -7.272192 -10.463371 -4.826472 -6.824533 -13.475742 1.271630 63.004132 -105.341751 -0.138277 13.419421 34.907050 -135.055249 -2.314126 -0.057826 -25.734185 -11.864861 11.889960 -21.557469 98.137001 -32.475589 2.913096 -2.515126 3.791271 -66.824074 4.031374 -4.540149 -32.114504 -31.678273 0.394807 -9.245893 -69.021375 -9.233318 -0.721100 -10.815248 52.635956 -33.682583 -1.867871 13.996837 76.647204 -49.595960 2.418248 0.740180 -77.929880 18.611953 14.178349 -10.218498 75.889399 -4.939011 -0.885343 1.076676 13.434547 -26.872768 -3.498470 -1.795684 -3.650444 17.512626 24.124324 -9.505637 -89.811346 88.170671 15.060912 -17.053489 -17.063233 25.893072 4.860907 5.013111 92.807724 60.509132 2.905724 34.160137 -70.023467 30.277293 16.064942 -7.317085 33.366621 -10.391797 -10.771503 -3.117616 3.763825 -70.359555 -1.166769 -6.692710 56.631900 -39.571319 32.659423 -17.572059 -11.363254 26.353790 7.696485 -17.985461 -4.787930 -10.733242 12.676258 -16.588460 110.518621 78.666514 25.460744 33.203015 -40.239338 28.330068 0.411183 -8.427839 7.976533 -3.857693 -10.929599 -8.952836 -8.307392 -37.114912 2.792878 -21.883277 27.462963 -50.591496 1.574584 4.424013 -14.238241 9.485588 -6.465080 -4.288950 43.659525 -15.107872 13.304357 -29.691333 42.359147 -75.518059 18.807749 -49.244796 -10.348102 66.415391 -0.364096 31.913784 54.482196 44.638583 9.131466 16.014922 0.224339 -52.190287 -3.200515 -42.117182 1.451791 -71.432201 -27.358305 6.668121 -23.534512 15.544766 -25.716381 3.086088 1.750842 -23.628354 21.213320 -19.014157 -98.530711 -103.325120 2.663886 -63.597822 
106.845679 118.678451 23.160494 9.016835 37.783389 150.832772 15.381594 0.734007 20.314815 152.554433 9.519641 -1.585297 33.438272 99.675645 4.887767 2.212682 -103.388328 86.543771 -9.107183 3.098765 -23.447811 70.425926 -2.581369 -0.667228 18.353535 -23.952301 -4.125140 6.818182 52.768799 29.593154 19.840067 1.074074 40.866442 63.118967 8.974186 1.312009 -8.242424 29.334456 -11.414141 -1.455668 17.917508 -24.386644 -16.360269 5.763187 6.079686 34.988215 -9.048822 3.305275 -18.419192 -28.158249 -9.685185 -4.050505 2.253648 -94.501684 -7.478114 0.708193 16.892817 -8.957912 0.213805 -10.018519 19.952301 -20.360269 -5.869248 -2.190797 -2.618406 -63.552189 -13.619529 -2.857464 32.441639 -40.647026 -10.108305 -0.369809 29.978676 -9.518519 -6.768799 -1.386083 -35.815937 -38.538721 -6.398429 -0.452301 9.406285 -45.984848 -1.208193 -1.876543 -7.187430 5.203704 -0.122334 -3.305836 25.941639 -4.412458 -1.788440 -1.151515 28.887767 16.774972 -2.129630 5.535354 17.198653 59.318182 12.131874 4.347924 -18.199214 50.822671 8.321549 1.545455 -49.418631 18.769921 0.526375 4.122334 5.590348 -3.542649 -0.294613 7.975309 -33.921437 24.887767 1.620090 10.780584 23.595960 -4.016835 -5.329966 -1.629630 65.052750 -13.800224 -15.060045 13.202581 49.258137 -20.526936 -5.869248 13.879910 12.658249 -4.892817 1.483726 -3.087542 -29.103255 44.964646 2.331089 8.789562 23.092031 41.069024 1.242424 29.664983 -25.525814 3.846240 -3.640292 5.528620 0.826038 -0.592031 -5.003367 -0.677329 -18.570707 -13.894501 -18.411336 1.630752 55.915825 -32.369248 -10.965769 21.934343 46.042649 -7.800786 4.723345 -0.158249 -29.329405 0.440516 -0.623457 -7.383277 24.070146 15.346801 1.217733 -3.705387 -20.569024 15.302469 -5.787879 33.726712 57.221661 39.405724 6.234007 32.489899 -36.714927 -43.771605 -1.110550 -39.388328 -6.520202 -79.910774 -11.699776 -16.486532 -15.513468 -69.590909 -28.318743 -4.181818 -54.634680 -51.511223 -18.149270 -10.501684 -66.977553 -49.901235 -6.496072 -29.233446 
15.148327 10.514769 6.534996 3.477349 11.657662 15.381594 8.836063 0.400673 -0.965488 23.587797 5.590501 -0.415340 2.846980 23.626135 4.314840 1.827543 -21.176589 18.420263 0.589863 3.085144 -5.452632 26.025559 1.778747 -0.387231 9.852847 6.103561 -0.002857 2.128788 15.585527 -5.335833 5.942914 0.151898 14.863152 8.070682 6.666259 0.242985 -1.812213 0.170926 4.210744 -1.295353 -1.697276 -13.080323 0.318105 0.709775 3.563233 -8.328818 -2.541705 3.497271 2.916437 -11.031987 0.662611 0.334022 3.673452 -23.601775 -0.667968 -2.069661 -5.856877 4.856596 3.237221 -0.307086 4.627615 -2.766835 0.942429 -0.668835 -1.965131 -11.443603 -1.687022 -1.092389 -1.246990 -11.695312 -1.821192 -0.740486 4.695694 -8.167968 -1.812570 1.402178 6.357923 -13.192531 -1.473421 0.804204 0.538134 -16.641414 -1.040991 -0.839506 -9.647102 9.024411 3.077696 1.163249 3.022294 -0.163835 -0.619554 -0.113407 0.654372 -2.673299 -0.433119 -0.053719 -3.358739 4.290404 1.775890 -1.217809 -1.560861 4.977783 1.711356 -1.978650 -0.397893 -1.724263 0.221891 1.052240 -1.373686 -2.392358 -0.223906 0.832823 -7.278033 8.687659 2.242526 5.669396 4.231175 -1.626569 -2.200031 -0.245103 6.382946 -3.604479 -0.445873 -0.538848 2.849123 1.435874 4.065248 -2.773977 0.528084 -2.147944 2.106851 -0.220692 -6.823947 2.224518 1.013060 2.231252 -3.335272 4.871595 -0.622819 8.344735 -4.060325 2.949240 -0.142434 3.017830 0.696715 0.171590 -1.559841 -0.231124 7.380854 -3.358764 -1.152229 0.144220 9.405724 -9.399628 -0.001275 -0.162305 11.624222 -9.305300 2.940899 -2.858433 -0.190899 -2.800607 2.614529 -0.580170 -2.997194 2.014845 -0.537471 4.348102 1.517983 12.469518 1.347107 5.454596 8.104275 5.983088 2.845577 2.691230 2.618024 -10.850883 -0.971355 2.111978 5.436180 -7.894245 0.198373 7.896618 6.362795 -8.557622 5.447939 -0.782140 -1.735690 -11.746454 -0.157458 -2.458295 -13.727936 -10.784002 -1.526298 -5.175059 
15.281145 10.505051 -0.299663 5.227273 14.599327 0.734007 0.400673 3.929293 -0.904040 1.533670 2.208754 -0.077441 -10.385522 8.584175 5.175084 -2.158249 -11.067340 12.883838 1.553872 -1.518519 -0.373737 13.883838 1.203704 0.966330 0.035354 11.170034 0.718855 3.843434 7.112795 0.826599 2.075758 1.247475 19.072391 -2.341751 0.441077 2.498316 -0.489899 -12.043771 0.757576 0.018519 -5.722222 -8.789562 0.070707 -1.451178 3.670034 -6.055556 -1.530303 -0.057239 10.494949 -15.575758 -1.398990 1.590909 -2.796296 -17.661616 -1.156566 -0.412458 -7.930976 -2.914141 2.323232 -2.787879 15.880471 -4.393939 0.355219 0.016835 0.279461 -7.025253 -0.595960 -0.139731 -5.708754 -2.104377 0.446128 -1.441077 -8.309764 -1.292929 -0.112795 -2.311448 10.306397 -5.565657 0.144781 1.791246 1.543771 -6.000000 -0.087542 0.200337 -11.710438 0.419192 2.584175 -2.632997 12.543771 -0.712121 -0.538721 0.070707 2.776094 -4.223906 -0.646465 -0.353535 -1.595960 -0.525253 3.210438 -1.675084 -12.523569 6.259259 1.752525 -2.595960 4.048822 1.947811 0.213805 1.052189 3.380471 8.037037 -0.020202 4.265993 -9.094276 -0.405724 1.932660 -2.230640 4.030303 -1.252525 -1.777778 -0.636364 0.422559 -11.281145 -1.057239 -1.228956 7.250842 -9.454545 5.138047 -3.735690 0.050505 3.340067 0.533670 -4.247475 2.612795 -2.782828 0.531987 -1.914141 6.845118 8.984848 1.712121 4.939394 -7.897306 3.981481 1.213805 -1.580808 0.284512 -0.037037 -0.727273 -2.048822 1.217172 -4.988215 0.819865 -4.806397 8.949495 -7.225589 1.705387 -0.914141 -1.966330 -0.102694 -1.670034 -2.045455 7.260943 -2.432660 0.567340 -2.819865 3.855219 -8.252525 2.074074 -2.666667 -12.030303 8.850168 0.651515 2.259259 5.425926 2.914141 1.237374 0.560606 0.771044 -7.811448 -0.582492 -3.925926 3.065657 -10.090909 -3.259259 5.560606 1.126263 4.207071 -1.639731 1.414141 6.535354 1.245791 2.867003 -0.914141 -2.622896 -1.765993 0.877104 -1.996633 
159.642256 56.098485 4.306397 24.676768 0.450337 20.314815 -0.965488 -0.904040 182.553030 82.442761 5.936027 25.627104 199.531145 154.844276 -1.978956 89.349327 -292.984007 42.762626 -12.908249 7.163300 -138.452020 -2.020202 -0.023569 -20.041246 -11.361111 -42.127946 -10.144781 7.169192 178.458754 -10.486532 -6.994949 -8.992424 -26.253367 -13.223064 -4.867003 -5.097643 25.025253 -75.536195 -18.590909 0.258418 96.126263 -131.261785 -31.189394 44.796296 -19.741582 -7.588384 -15.815657 18.303872 -41.484848 -82.747475 -4.679293 -15.851010 -31.579125 -258.126263 -26.760101 -11.015993 90.313973 -28.904040 -21.191919 -8.381313 -33.086700 5.401515 6.913300 -1.571549 -15.359428 6.088384 9.368687 -4.760943 49.051347 -48.632155 1.309764 19.286195 -8.905724 -23.224747 1.119529 33.620370 -104.011785 6.131313 -0.026936 2.139731 -18.463805 -60.181818 -0.564815 -1.213805 32.504209 -1.128788 -19.274411 3.129630 -9.097643 22.315657 3.529461 3.656566 11.973064 46.326599 15.439394 2.015152 30.313131 61.704545 9.387205 12.039562 -32.836700 31.372896 2.474747 47.351010 -112.287037 36.407407 2.746633 21.713805 -6.311448 48.476431 1.090909 14.437710 -2.276094 3.889731 -16.340067 14.893098 4.871212 -2.469697 -9.207071 6.108586 37.106902 0.764310 -12.764310 7.500842 10.935185 -13.914141 -9.175084 -8.313973 12.977273 9.158249 -4.468855 9.888889 -18.468013 33.171717 1.223906 13.717172 11.542088 66.707071 1.128788 9.073232 -9.470539 -5.584175 -11.654882 18.669192 -33.629630 -3.847643 -11.303030 3.827441 -37.103535 -6.728114 -25.170034 50.244108 -2.338384 -2.647306 -12.870370 30.820707 -0.284512 9.793771 -7.349327 -2.661616 31.185185 3.913300 -2.548822 6.521044 18.829966 -47.277778 5.894781 2.027778 32.825758 -63.288721 -6.676768 25.021886 5.042088 4.255051 -2.686869 2.088384 -76.372896 -80.594276 -4.928451 -23.218855 -6.994949 -90.530303 -28.994108 58.285354 -9.952020 92.351010 -58.218013 17.795455 31.560606 29.528620 0.308923 -5.285354 1.952862 -56.351852 8.480640 -6.706229 
168.627538 89.096113 19.221355 32.340373 25.284410 152.554433 23.587797 1.533670 82.442761 487.437608 67.369860 2.376237 -11.480206 616.651566 91.754872 3.655851 -392.880880 418.558157 38.476176 24.240690 -152.879553 513.331191 29.385471 16.989236 108.184114 381.241404 18.356698 39.893939 156.760739 -5.167687 12.404653 9.201867 -7.015968 53.521222 -1.412968 1.265432 28.690542 85.526579 -20.146924 10.349454 -15.775635 -67.145648 -85.941384 20.225181 99.601979 -49.660392 -70.781298 37.937455 71.933425 -220.452862 -42.716560 -8.441690 -48.761300 -423.620906 -60.695439 -10.213550 158.113458 -52.531527 -22.610040 -8.186257 -91.084379 -108.422559 -39.783032 -10.913274 -52.551321 -418.988215 -117.867616 -11.976176 23.288695 -424.333997 -94.728089 -11.370472 152.364147 -186.978268 -45.971942 2.023977 81.910366 -192.137129 -43.436894 24.644985 -13.343536 -236.070707 -33.638149 -0.859147 125.111366 -29.239057 -24.809866 -15.954188 -35.598816 -17.926385 -4.662279 -6.054637 48.138251 64.447097 36.057086 3.244720 -37.200949 248.171717 37.176513 8.394194 -137.959494 138.161412 16.778084 6.469238 -70.250944 66.460412 0.467809 42.506377 27.967656 58.093307 -2.372054 54.697174 70.686971 -12.854862 -15.473778 9.506989 8.970156 -3.194827 -9.503826 1.400061 209.273084 3.305428 20.930874 21.043822 18.504795 -23.344047 1.733497 -4.944955 -1.113254 -7.036782 -16.238700 -8.960208 -53.380522 47.776860 10.063463 4.956994 83.860371 162.055403 0.634986 119.321702 57.276655 -17.802928 -8.297572 16.352464 -55.807979 -4.838333 -18.879094 1.785379 93.063820 -35.811040 -40.673452 47.514029 63.503367 -121.540149 -19.009591 -9.361341 93.364453 -91.575860 42.879196 -57.228344 19.433935 -51.334303 14.029946 -42.308336 13.620090 -41.204928 1.044281 -53.974594 146.684726 -72.381747 -0.247934 39.174727 -44.383124 2.100704 2.469850 11.583104 -18.155290 -63.853586 -7.837721 -5.524589 4.416437 -47.351393 16.620651 4.211050 -23.410774 -114.897153 32.451127 -27.668962 -98.769360 -123.394348 -14.393582 -37.920722 -180.114886 -156.523773 -12.958168 -113.305734 
14.137690 7.970462 1.717886 5.853382 11.371544 9.519641 5.590501 2.208754 5.936027 67.369860 25.818998 -0.184471 -35.476788 118.934599 41.804663 -6.099531 -111.323589 102.765534 26.390981 -2.710693 -21.453321 133.176155 16.073819 4.840118 51.228650 108.994898 7.071370 14.358586 8.879451 -4.823283 -2.865626 4.554790 16.546424 1.883889 6.021018 0.852413 10.649679 -1.917610 24.916896 -1.692123 -17.171105 -34.197939 8.692072 -2.167024 25.878584 -34.251454 -11.825681 2.404449 44.611570 -80.910774 -9.956535 -1.466024 -2.053974 -130.018672 -14.598408 -5.673809 6.137996 -10.586930 -6.620906 0.735384 4.699316 -21.521886 -3.561626 -2.318896 -5.802061 -89.526936 -18.176462 -3.885930 -6.531272 -98.978063 -17.145495 -5.407918 27.320733 -50.795378 -10.177890 -5.359912 43.531629 -55.832109 -9.952148 3.017855 10.999490 -71.151515 -8.135190 -1.462402 3.172993 -7.240741 -3.079635 -2.331548 8.122079 -4.136976 -1.200286 -0.470156 7.352872 -2.309968 6.179369 -0.847107 -13.514845 37.712121 11.337108 -1.523977 -36.090399 33.317162 6.865167 -4.199265 -7.380982 6.807112 2.429956 5.728854 11.939292 13.517039 0.644781 12.334354 -2.504540 -7.153097 1.237170 -2.263034 7.865932 -1.539792 -3.741353 0.560912 31.410876 -17.083971 2.437200 -0.149577 10.357310 -20.467707 12.753341 -11.260127 -3.541016 -7.077849 1.569126 -8.785889 -19.781400 6.556015 4.686001 -1.528160 13.609938 57.155800 4.988062 33.881237 -2.879349 -6.060096 1.956586 -2.313437 -11.600500 -1.267422 -4.552036 -0.441792 18.748393 -15.040047 -6.331905 1.080247 26.037037 -32.675492 0.750026 -7.675390 26.852566 -26.056066 10.714162 -15.868993 12.684828 -16.999796 6.553770 -12.789154 -0.813692 -0.534741 2.681002 -12.160851 5.898378 7.672074 6.361341 3.924140 -15.930772 -1.456076 1.788644 -2.235996 0.258902 -29.323487 -1.395674 1.786144 9.885216 -22.166054 0.143659 13.550199 7.547138 -21.303949 10.397051 -3.753903 -2.028620 -36.572748 3.446230 -9.527854 -50.377461 -48.664320 -3.987807 -31.291297 
0.172457 3.652816 0.550709 -0.318947 -1.971406 -1.585297 -0.415340 -0.077441 25.627104 2.376237 -0.184471 8.516197 30.827339 8.747908 -2.134093 20.981303 -38.659193 -7.899602 -4.328767 2.050913 -20.769131 -19.301041 -0.526528 -2.258162 -7.308770 -30.412713 -2.427660 -1.239899 20.898097 -0.230895 -0.545301 -1.390190 -5.938756 -4.615065 -0.891542 -0.433221 2.031221 -16.405392 -3.662994 2.210259 18.119223 -25.470335 -6.264386 10.015049 -4.522064 -8.037573 -4.095577 4.253724 -9.937098 -13.659933 -0.780150 -1.580119 -7.231150 -32.537802 -2.858203 -1.080323 13.315401 -4.510407 -2.256045 -0.967019 -5.548031 5.357744 1.869478 0.300301 -1.565019 14.332492 2.319712 0.114121 6.357948 2.302444 1.296092 4.179267 -10.268391 4.116544 0.809203 5.196230 -15.415927 19.910162 2.104581 0.106112 -4.255918 4.787879 2.126237 0.199776 2.507219 3.521044 -2.452046 2.586369 -2.473778 8.287343 1.590322 0.442149 -0.188501 13.062953 2.704928 0.138200 3.612642 5.613636 0.439751 2.870855 -0.635496 1.192710 -0.209519 8.794077 -11.723931 6.138251 0.857693 0.890062 -3.487042 7.285532 0.602694 0.749209 -4.226405 1.703372 -1.226610 5.094761 -2.243572 -0.547444 -1.873431 1.160621 -3.764641 -1.775074 -4.509285 -0.172967 -3.921360 -6.889042 -1.593562 -1.375548 5.964111 -5.926283 0.117514 3.201867 1.616570 -2.492654 -0.763596 1.071319 -3.770177 -2.655341 -0.405647 -5.020585 -7.537318 -1.923375 -0.718753 5.455540 -6.059739 0.071141 -1.719773 1.009055 -12.230257 3.386466 -1.767269 4.005612 -7.451178 11.724390 1.428579 2.706382 -8.089022 8.511759 -1.110167 2.670187 -2.357004 2.486711 -0.778288 3.310963 -0.358025 -2.683808 -0.146337 -1.832032 -3.768212 -7.446868 0.079431 5.553362 6.324253 3.535277 1.155341 -0.268365 -13.322493 -12.245383 -0.236787 -5.996888 -1.695133 -14.643404 -5.176487 8.490894 -4.312290 22.603994 -11.589659 4.884527 12.998316 13.233905 -0.052520 1.656183 16.513366 15.247424 1.246990 7.426513 
293.196179 151.775865 12.412356 61.992807 -82.489465 33.438272 2.846980 -10.385522 199.531145 -11.480206 -35.476788 30.827339 2181.406617 -48.919830 -85.057112 352.476099 265.834226 -218.615856 -230.277956 192.622692 -1469.172253 -638.008571 -136.363840 -221.875548 -516.503444 -1308.381186 -116.701153 -120.315657 434.180160 -16.249872 -80.138965 58.476661 -192.143837 209.580681 43.679778 -9.224467 -59.793388 317.511198 9.634527 8.523237 698.352005 -451.740001 -107.414524 212.659984 191.038389 -88.305709 -94.567110 159.410596 -793.478421 754.102694 -27.343511 -63.673324 -301.072135 -541.205846 -74.011555 -12.484670 289.175212 -50.302877 -89.571472 36.398913 -223.018493 215.049663 52.065682 5.787139 -31.285252 455.943603 77.191154 28.502704 545.775150 122.205260 -14.873635 182.110703 295.761300 46.336930 31.098765 269.177558 -1132.584124 406.406030 17.804612 -25.418376 -428.642664 201.318182 22.244541 15.615600 201.517014 24.576599 -75.879196 61.967758 -221.146108 66.084864 -6.648276 5.922865 -23.420059 189.204214 -22.256504 16.286961 460.160851 38.012626 -29.256913 63.390751 582.544179 -130.772702 -30.316957 229.839073 -802.898556 -16.030405 -49.092567 79.771299 -559.423987 -95.976941 -9.523569 -58.224773 37.958321 55.468600 -55.418682 125.569202 -27.197658 44.109581 23.136211 40.880548 -6.287292 313.533160 -18.562698 46.245154 100.008239 157.750077 -78.633354 48.857387 258.241429 -180.714468 -43.329380 130.335935 -274.104581 164.849862 -74.621569 219.070401 -474.393531 -171.697582 -44.967631 61.491353 -219.690516 14.195694 -30.656617 99.225513 20.857310 12.176130 -12.900214 103.758520 -126.151286 100.534461 -57.362157 267.635241 -16.900673 -10.174906 -108.708397 133.410698 240.419090 -137.465896 -132.790455 52.157331 -19.499949 68.305045 -82.245536 259.280966 -127.137486 -20.425773 -32.944929 449.881925 -457.374732 -326.086751 -93.264463 -57.752270 -101.332160 -37.948194 -37.191307 13.390496 -249.076548 -58.855423 -21.558795 103.605346 47.534435 -63.259106 -84.917228 219.917432 349.657407 145.833104 -181.987578 77.457989 319.281145 -76.212070 -56.913555 79.738828 333.627997 88.271911 -14.636542 326.033798 
302.788925 44.999923 29.348077 42.203551 82.364529 99.675645 23.626135 8.584175 154.844276 616.651566 118.934599 8.747908 -48.919830 1169.466304 187.371722 22.403556 -777.820503 809.309305 103.735818 45.660800 -273.762244 877.874809 73.295480 42.953194 234.135216 828.290072 34.193705 97.765152 282.428553 -58.326089 29.535047 -17.762550 27.001250 -26.979466 3.015407 -4.320426 75.841598 -92.232145 8.012856 6.056754 -35.576829 -223.733573 -103.246480 17.081012 138.703219 -138.614249 -137.957836 50.762754 217.768136 -443.210438 -60.305862 -9.716024 -34.674064 -837.490052 -104.841674 -18.397434 223.301015 -83.171105 -25.987909 -29.725054 -102.295353 -196.192761 -45.711177 -18.396057 -81.271477 -740.142256 -170.099021 -21.324202 -21.506300 -802.612463 -155.253801 -29.095909 176.203449 -382.073998 -75.936588 -26.324278 228.796500 -345.471840 -65.148556 36.020100 61.559815 -490.883838 -55.032777 0.166105 186.240613 -41.448653 -38.838333 -33.617182 -51.658504 -27.526706 -4.940746 -8.050964 62.478012 75.677125 64.307316 -1.079431 -69.013162 379.613636 78.489185 10.058795 -300.011836 256.440338 34.378635 14.934573 -111.994057 116.824508 7.115422 63.704724 143.635700 143.312774 -1.962963 105.198551 119.417457 -26.535532 -11.637690 -4.969825 -6.843664 -11.026324 -21.990511 3.837848 317.486353 -60.904398 45.816549 7.363611 47.754336 -80.747169 37.091164 -43.993853 -37.127717 0.458627 -16.899168 -16.732017 -100.788695 58.439853 24.153454 -14.177992 210.459545 322.532905 16.308770 201.382078 109.738777 -17.127997 4.068820 5.354071 -150.188603 -14.584201 -43.272574 -5.515585 196.851928 -82.376467 -73.824049 61.569585 108.407407 -240.658377 -30.230895 -45.622360 136.728548 -163.414932 43.440032 -110.234313 60.612999 -88.576956 35.829303 -95.927482 36.155443 -61.950566 19.830553 -108.691996 263.614708 -115.487578 22.750230 51.479135 -195.699010 -44.795301 -8.992501 -35.516299 -2.549459 -172.913274 -19.766325 7.458423 56.602388 -132.748546 5.956510 77.313667 13.748316 -116.821625 36.318207 -41.933196 -81.340067 -209.669830 -8.271222 -70.274487 -346.784308 -348.095858 -7.294485 -235.698985 
-12.025125 -18.167661 1.794358 4.605755 22.568845 4.887767 4.314840 5.175084 -1.978956 91.754872 41.804663 -2.134093 -85.057112 187.371722 105.243164 -24.580374 -195.710310 190.222987 83.865294 -9.729466 -62.161693 287.882614 39.637537 9.495893 98.843664 275.025150 24.794256 25.441919 -49.268876 -21.575860 -3.130242 7.420187 24.943858 -8.684241 5.026885 0.613917 19.400367 -15.145827 47.076217 -3.826166 -29.069483 -59.181232 39.649296 -6.308795 69.497067 -68.667049 -10.855908 -2.734032 82.303949 -141.058923 -17.521656 -8.899219 -26.269564 -251.426232 -25.820554 -14.890547 -7.090169 -18.714264 -4.630701 2.276324 3.471865 -49.480640 -8.140929 -6.115065 -6.894526 -186.344276 -34.605448 -8.180951 2.753112 -208.443501 -30.386950 -9.881492 99.560657 -109.002372 -22.507295 -13.025380 79.219825 -119.285430 -23.646720 1.667024 -7.841929 -154.893939 -18.116340 -5.768238 11.080834 -16.069865 1.704367 -9.759055 9.830017 -9.927992 0.086802 -2.521120 9.897664 -8.135088 20.025406 -2.280073 -18.474135 71.295455 22.906540 -1.868661 -46.948475 55.187353 11.134374 -5.724288 -21.820044 19.750587 1.761427 14.038516 2.631109 32.352260 2.269360 20.941435 9.935364 -10.839022 8.646057 -15.447786 17.017218 0.364861 -1.856443 -1.658479 65.495995 -16.637639 15.556219 -2.008749 18.449469 -26.521273 26.496582 -19.517728 0.819483 -9.069840 0.236736 -19.788950 -43.224416 17.935262 5.452811 7.403275 18.916845 119.983318 10.705923 70.270049 31.875140 -6.413121 4.064687 -15.442531 -10.685848 -3.375752 -6.730334 -0.093179 63.903352 -28.971508 -13.214315 -3.076880 52.861953 -73.909065 -3.025202 -23.555326 64.402102 -57.321727 10.304586 -31.374350 32.435313 -35.118279 7.456025 -17.247500 -5.758698 11.137588 5.329176 -15.536348 79.122513 44.205260 7.182277 -4.889093 -42.588817 -11.965182 -1.857055 -9.615932 3.247602 -42.783338 -6.687812 27.259157 16.432048 -8.700796 -1.195006 22.830196 45.086700 -40.282140 26.261274 -12.586088 7.397306 -82.776808 6.238420 -16.068335 -110.376135 -103.066014 -8.498342 -60.271988 
56.336369 21.205617 5.839047 9.084634 -12.358458 2.212682 1.827543 -2.158249 89.349327 3.655851 -6.099531 20.981303 352.476099 22.403556 -24.580374 159.231532 -151.838715 -80.067646 -44.238318 91.829609 -254.093740 -135.565504 -19.838741 -37.897740 -85.905647 -234.167075 -23.156311 -17.098485 138.613891 -6.020610 -11.263391 -0.756122 -29.186690 25.401923 6.814611 -2.579686 -5.181359 8.146490 -4.947658 0.046347 123.828130 -125.828461 -23.173018 52.653709 8.177660 -6.948500 -19.971610 45.369427 -133.001377 59.153199 -8.205311 -6.463039 -59.446944 -196.240282 -18.254438 -6.342491 59.197403 -9.826752 -14.340986 6.905800 -32.604964 60.352694 23.878201 6.395801 -5.358407 121.655724 25.052954 3.922661 67.706892 39.536603 2.356239 31.307367 -17.237170 23.942531 7.945567 58.390904 -182.454035 91.499694 9.923222 7.971125 -59.673273 5.227273 5.673528 0.593715 15.770304 12.515993 -15.940108 27.281961 -32.164779 27.022880 5.309331 6.168044 -3.611366 66.338435 3.687481 4.253444 50.603459 40.345960 -5.399092 19.300607 46.150546 -4.722809 -1.901898 59.266988 -110.848357 1.825579 -0.901260 19.275278 -67.510917 -14.146516 0.062290 -8.042343 -22.879757 13.979772 -13.915774 31.655826 3.152204 1.540251 3.857055 13.666590 5.779436 29.560555 1.512754 4.179650 -10.891516 30.879553 -13.478319 4.966968 21.709749 -1.895521 -4.813157 35.738139 -4.751199 15.286501 -9.481686 45.885828 -54.716458 -74.930364 -6.340450 -6.457683 -61.906004 -1.758545 -9.114988 31.257652 -3.248444 -0.793414 -2.855678 20.983344 -39.070937 -7.358254 -10.236047 55.197531 -46.799663 -8.355959 -15.706867 25.245868 -11.533007 -1.779334 -27.587210 19.376339 23.433170 10.630420 -7.529436 49.345858 4.975309 -2.510254 1.192965 96.735920 -39.204392 -74.378456 -20.649679 11.140598 13.215437 9.783211 0.546526 5.079201 -70.638379 -46.653556 -1.167917 6.066932 -22.398072 -41.030456 -31.312851 66.464723 -1.898148 122.050735 -51.108943 24.107668 100.099327 25.680645 14.026911 8.724135 74.247985 27.306652 12.766733 72.429727 
-709.002474 -144.395852 -24.074176 -54.981941 -142.880038 -103.388328 -21.176589 -11.067340 -292.984007 -392.880880 -111.323589 -38.659193 265.834226 -777.820503 -195.710310 -151.838715 2209.100219 -545.302724 -193.188731 -46.739261 90.246939 -940.685338 -173.559127 -96.924370 -606.351928 -1098.443475 -98.350985 -126.199495 -105.343409 49.016121 15.421641 32.183731 -188.132053 60.238930 -35.060963 2.415264 -111.187328 316.341164 -123.360422 17.395291 52.897459 364.293669 -74.980181 -32.377053 249.546806 -20.810759 34.013698 1.560428 -350.023875 885.350168 28.641338 24.427686 -133.373482 1215.420416 68.417738 33.208933 208.072518 -41.929140 67.266912 -4.404117 -180.668325 170.807239 -31.786170 7.692863 3.261887 680.484007 -4.071472 41.125599 32.036093 748.777650 33.516937 30.401949 99.441435 360.756122 59.586981 40.876212 -405.984797 497.411081 60.863534 -35.526120 -281.957479 816.853535 51.192353 13.002806 197.013647 3.319024 21.210030 -14.771299 -233.905367 -4.480793 -20.505178 -17.178145 -83.901541 -9.307571 -89.998929 5.443526 124.595194 -247.780303 -108.122232 6.685364 565.025661 -224.442735 -70.968473 4.591598 20.619962 -81.299765 -50.227247 -37.110856 -378.311193 -177.576268 -19.649832 -103.645648 235.571115 14.234593 3.205897 11.485027 -137.334022 23.346954 21.191766 -18.023493 -190.006147 235.171207 -0.938119 21.081854 -49.296475 218.391491 -93.924600 121.111596 179.413147 -70.162279 -34.002780 64.416743 19.619325 37.642792 -65.276451 20.009795 -350.406999 -246.434956 -59.543388 -106.033900 145.381874 26.252933 1.910723 18.134604 49.303438 12.639093 24.776553 20.391516 45.656795 214.091700 50.750638 16.480359 -176.809764 256.301525 -25.831293 33.946051 -78.708856 43.057673 -0.258469 79.253290 -181.405673 162.468345 -30.072135 93.910596 -107.686308 172.003520 -47.497118 231.715259 -54.672712 -150.625472 -35.183655 -54.417253 -80.168860 -79.624962 -8.059994 0.102617 111.613687 328.232119 6.651643 169.936996 -62.707989 335.437863 115.995230 -106.577518 103.531145 -174.409320 135.266631 -27.713728 -70.031987 40.993317 -82.682915 74.218626 267.707122 400.834201 -27.229135 276.042215 
348.874043 81.473370 21.893327 45.628558 116.058157 86.543771 18.420263 12.883838 42.762626 418.558157 102.765534 -7.899602 -218.615856 809.309305 190.222987 -80.067646 -545.302724 835.678604 103.125191 -39.172942 -61.472911 882.640496 78.584634 39.009336 282.625803 745.839149 42.358739 82.949495 178.934496 -62.489134 7.070248 -18.140037 95.576370 -24.041169 14.078665 -1.260943 57.860882 -106.574227 59.706152 -3.890878 -94.100092 -135.278390 -9.199265 -18.711815 114.260637 -104.354454 -73.301653 -4.430364 228.084022 -437.025253 -49.712580 -12.398531 21.966177 -658.280533 -74.039027 -23.241353 108.697735 -74.569789 -18.216713 -36.056015 -10.651362 -183.111111 -31.934190 -21.413529 -44.928681 -640.737374 -104.201561 -22.574686 -3.248087 -632.374503 -97.686257 -41.578206 164.795072 -324.241047 -65.654882 -57.237680 220.480104 -389.270891 -64.859198 13.979645 115.290481 -460.515152 -46.674166 -7.897306 96.743496 -37.853535 -11.840833 -44.824763 3.471840 -36.884757 -8.303796 -10.225436 44.833180 -33.835323 45.198347 -9.742883 -52.585399 221.121212 87.978727 -20.175696 -248.931895 219.267830 42.047750 -42.187787 -102.951944 103.292317 9.444597 30.006581 184.506581 175.274717 2.166667 100.701867 82.088307 -36.158096 13.068717 -27.089838 -26.918274 -5.933425 -20.005969 -3.863177 202.538874 -84.437404 23.250077 -4.619988 92.978727 -107.146006 65.401898 -62.158708 -13.970615 -18.357515 1.367156 -63.767218 -96.738598 45.220386 30.497857 -43.158402 236.517600 348.622590 23.886134 188.145087 116.644781 -1.598561 16.691613 -34.869146 -129.144016 -6.109887 -28.613407 -12.832721 140.688246 -76.192225 -51.900214 -6.102694 157.525253 -200.852464 -21.280686 -49.975207 169.852923 -116.694368 31.292623 -95.197429 66.682124 -79.457606 24.557086 -115.859657 73.104377 -66.413223 16.037496 -140.799357 240.155647 68.035047 28.317264 43.218702 -140.871748 -1.992195 -1.385216 -19.773186 17.818488 -141.637588 -11.569942 -20.105295 74.135904 -127.766758 7.531987 20.489440 74.651515 -147.657943 22.362412 -38.822773 -71.989899 -211.504744 -12.193450 -73.178145 -371.166361 -313.893786 -17.935415 -248.918427 
-59.776273 -47.908708 2.508775 -6.623814 5.259846 -9.107183 0.589863 1.553872 -12.908249 38.476176 26.390981 -4.328767 -230.277956 103.735818 83.865294 -44.238318 -193.188731 103.125191 153.600372 -44.835986 79.710208 264.575451 81.091623 10.964672 138.137052 327.243240 38.110601 17.133838 -118.538389 -38.903224 7.001530 -4.682201 24.173885 -28.377079 8.385930 -3.396184 26.544536 -58.623788 56.824610 -9.201280 -49.302724 -1.012269 71.191996 -22.150852 40.788619 -34.964111 24.733624 -19.660570 111.285583 -161.367003 5.827288 -8.455234 -5.530354 -212.645699 -15.549204 -15.554918 -58.452887 3.325222 3.277931 -1.703015 29.934675 -56.051347 0.993598 -9.011300 4.992067 -186.354377 -9.706918 -12.011989 -8.345602 -197.848459 -14.268034 -19.387460 108.716764 -113.337083 -21.219416 -32.193424 130.802010 -141.979186 -24.896949 -3.381645 7.333920 -176.732323 -19.824329 -7.571268 -21.967376 -10.686027 12.274156 -10.276043 30.460871 -13.351316 2.727298 -3.012856 2.732833 -23.080910 13.887665 -2.592746 -31.227120 19.825758 11.111315 -5.310810 -33.094021 14.811779 6.349250 -15.475895 26.285098 11.273084 3.032318 3.712070 24.663249 15.151617 4.562290 8.241251 -4.644526 -9.861060 8.750740 -24.071753 27.789027 1.217478 -4.572697 -2.977120 44.832543 -20.883736 6.262371 0.931104 0.351214 -23.430823 28.820273 -0.077875 -23.669498 10.043567 7.032879 -3.612642 -35.800633 15.169421 8.529028 11.006122 17.998572 89.153658 15.754132 39.367386 29.274130 -10.922304 5.149168 -24.770355 -1.129375 -3.552061 -6.430058 -6.959111 58.922176 -45.437532 -16.002653 -7.283951 42.048822 -79.785558 5.610703 -8.766988 49.838741 -44.166080 10.055734 -11.399143 22.532650 -31.435083 8.306346 -12.002321 -14.339506 27.480104 7.656999 -21.100627 58.441613 71.708933 20.354913 -8.937761 -23.794511 -5.089149 1.063514 -20.817493 5.920697 -61.243394 -10.116187 11.063106 31.932507 -16.353229 -11.018238 21.724594 60.167508 -37.417126 34.094149 -8.672406 0.250842 -77.149168 7.090118 -8.622513 -94.501020 -78.214315 -1.369325 -43.503393 
