18.197654 2.029444 0.771914 0.000000 58.766914 17.765123 6.249444 0.000000 22.453704 8.825617 -3.411296 -0.557284 -42.453889 -6.961420 -19.182840 -1.936790 -18.634753 -4.414877 -10.341728 -1.265309 -2.306790 -1.155679 -1.708395 -0.159877 -0.294630 -0.219259 -0.130185 -0.009136 19.479198 4.892346 1.417099 0.000000 40.453765 4.314630 3.152099 -0.018272 -3.149321 -1.966111 -12.183272 -0.047963 -21.263580 -2.306790 -17.227840 -0.047963 -3.154136 -0.605247 -3.850741 -0.027407 -0.123333 -0.077654 -0.255802 -0.009136 -0.966111 -0.276358 -0.251235 -0.018272 28.130556 8.824691 2.767840 0.000000 22.002654 4.725247 -3.422284 -0.189568 -8.586049 0.731790 -16.516420 -0.968333 -6.473148 9.160988 -4.320988 4.412037 -0.455741 2.096667 -0.031543 5.909012 -0.237469 -0.105062 -0.077654 -0.180432 -2.129444 -0.602593 -0.647901 -0.121049 36.746358 5.938519 0.313333 0.299691 13.502099 1.651235 -7.535370 0.247593 4.009012 0.315432 2.571728 -3.425926 6.508333 2.292160 5.977469 2.121296 11.107901 0.180309 0.297593 13.886173 2.451173 -0.454506 -0.477099 1.614259 -7.270679 -5.145247 -3.331975 -0.433951 27.175062 3.334691 -5.595309 0.503333 1.351049 2.131852 -6.542407 2.085062 12.158025 -2.501049 6.735185 -2.253148 -8.692593 -7.672778 1.723889 -8.118148 14.178395 -3.448765 -0.846975 5.979444 12.120000 -3.626605 -3.641667 5.748025 -6.142716 -0.735370 -11.189630 -0.778827 7.489321 -5.311728 -10.295679 -0.088827 0.940123 1.400432 -4.235247 0.161852 6.025247 1.513395 1.380185 -0.658333 -14.808827 -1.434321 -0.292284 -6.896296 1.021605 -5.438580 -1.459321 -2.162840 15.537840 -5.177593 -5.996975 12.214630 11.373148 9.212469 2.209321 1.277407 6.340247 9.835679 -8.428580 -2.253395 14.413148 12.200370 0.707160 -0.002284 1.279753 2.565309 0.273210 -0.132469 -9.032963 -1.806605 -0.077654 -4.127099 -6.568827 -15.409506 -2.018889 -6.618704 6.411111 -0.720679 -6.279383 3.938457 1.647469 8.934568 4.252160 1.478395 
2.029444 0.247500 0.098611 0.000000 6.939444 2.293056 0.684167 0.000000 2.875000 1.456944 -0.385833 -0.067778 -5.052500 -0.809722 -2.296111 -0.235556 -2.266389 -0.536944 -1.257778 -0.153889 -0.280556 -0.140556 -0.207778 -0.019444 -0.035833 -0.026667 -0.015833 -0.001111 2.324722 0.535556 0.158611 0.000000 4.911944 0.555833 0.331111 -0.002222 -0.276944 -0.142500 -1.538056 -0.005833 -2.586111 -0.280556 -2.095278 -0.005833 -0.383611 -0.073611 -0.468333 -0.003333 -0.015000 -0.009444 -0.031111 -0.001111 -0.117500 -0.033611 -0.030556 -0.002222 3.237500 0.994444 0.285278 0.000000 2.855278 0.551944 -0.445278 -0.023056 -0.925556 -0.006944 -1.977222 -0.122500 -0.712500 1.167778 -0.511111 0.537500 -0.027500 0.330000 -0.003611 0.793889 0.008056 -0.012778 -0.009444 -0.021944 -0.372500 -0.101667 -0.135556 -0.014722 4.136944 0.603333 -0.028333 0.031944 1.864444 0.038889 -1.027500 0.025833 0.627222 -0.230556 0.279444 -0.416667 0.937500 -0.000278 0.956944 0.112500 1.578889 0.064722 0.017500 1.682778 0.451944 -0.055278 -0.076944 0.192500 -1.343056 -0.663611 -0.778889 -0.052778 3.024444 0.237778 -0.750556 0.028333 0.278056 0.105000 -1.005833 0.267778 1.602778 -0.269722 0.850000 -0.250833 -0.900000 -0.974167 0.305833 -1.086667 1.961111 -0.419444 -0.131389 0.472500 1.653333 -0.464722 -0.570833 0.617778 -0.548889 0.305833 -1.885000 -0.094722 0.850278 -0.602778 -1.205556 -0.029722 -0.052778 0.175278 -0.603611 0.010000 0.818611 0.300278 0.157500 -0.070833 -1.691389 -0.174444 0.001389 -0.858333 0.572222 -0.723611 -0.186944 -0.367778 1.980278 -0.739167 -0.873056 1.322500 1.795833 1.237778 0.353611 0.128333 0.687778 1.428889 -0.946944 -0.340278 1.735833 1.530000 0.093889 -0.000278 0.148889 0.353889 0.032778 -0.016111 -1.061667 -0.219722 -0.009444 -0.501944 -0.226389 -1.839444 -0.255000 -0.610833 1.075000 0.190278 -0.552222 0.633056 0.593611 1.205556 0.734722 0.152778 
0.771914 0.098611 0.049228 0.000000 3.553395 1.118364 0.481944 0.000000 1.834259 0.866821 -0.019907 -0.037654 -2.784722 -0.442438 -1.268210 -0.130864 -1.259105 -0.298302 -0.698765 -0.085494 -0.155864 -0.078086 -0.115432 -0.010802 -0.019907 -0.014815 -0.008796 -0.000617 1.178549 0.253086 0.078858 0.000000 2.662191 0.386574 0.258025 -0.001235 -0.126080 -0.040278 -0.813735 -0.003241 -1.436728 -0.155864 -1.164043 -0.003241 -0.213117 -0.040895 -0.260185 -0.001852 -0.008333 -0.005247 -0.017284 -0.000617 -0.065278 -0.018673 -0.016975 -0.001235 1.709722 0.556173 0.180710 0.000000 1.667747 0.282562 -0.175154 -0.012809 -0.679012 -0.081636 -1.046605 -0.062500 -0.432870 0.496914 -0.313580 0.246759 -0.022685 0.133333 -0.014969 0.378086 0.011883 -0.007099 -0.005247 -0.012191 -0.073611 -0.023148 -0.008642 -0.008179 2.218673 0.512963 0.075000 0.010340 1.041358 0.008642 -0.580093 -0.006019 0.311420 -0.383642 0.207099 -0.231481 0.654167 -0.205710 0.629784 0.169907 0.825309 -0.027006 0.018981 0.751543 0.197377 -0.030710 -0.020525 0.060648 -0.207253 -0.324228 0.006173 -0.029321 1.832099 0.189506 -0.385494 0.041667 0.274846 0.137963 -0.464352 0.132099 0.947840 -0.266512 0.562963 -0.141204 -0.214815 -0.581944 0.234722 -0.487037 1.065432 -0.233025 -0.039660 0.256944 0.733333 -0.230401 -0.154167 0.222840 0.020988 0.086574 -0.482407 -0.052623 0.492747 -0.423765 -0.686420 0.005710 -0.010802 0.078858 -0.307562 0.029630 0.582562 0.144599 0.150463 -0.037500 -0.852623 -0.096914 0.008179 -0.415741 0.401235 -0.290895 -0.092747 -0.043210 0.955710 -0.243981 -0.214660 0.519907 0.716204 0.333951 0.109414 0.026852 0.111728 0.736420 -0.490895 -0.111265 0.882870 0.859259 0.131790 -0.000154 0.204938 0.185494 0.044136 -0.008951 -0.582407 -0.122068 -0.005247 -0.278858 -0.010957 -0.884877 -0.130556 -0.313426 0.669444 -0.157253 -0.212346 0.285031 0.096451 0.225309 0.152623 0.040432 
0.000000 0.000000 0.000000 0.000000 0.000000 0.000000 0.000000 0.000000 0.000000 0.000000 0.000000 0.000000 0.000000 0.000000 0.000000 0.000000 0.000000 0.000000 0.000000 0.000000 0.000000 0.000000 0.000000 0.000000 0.000000 0.000000 0.000000 0.000000 0.000000 0.000000 0.000000 0.000000 0.000000 0.000000 0.000000 0.000000 0.000000 0.000000 0.000000 0.000000 0.000000 0.000000 0.000000 0.000000 0.000000 0.000000 0.000000 0.000000 0.000000 0.000000 0.000000 0.000000 0.000000 0.000000 0.000000 0.000000 0.000000 0.000000 0.000000 0.000000 0.000000 0.000000 0.000000 0.000000 0.000000 0.000000 0.000000 0.000000 0.000000 0.000000 0.000000 0.000000 0.000000 0.000000 0.000000 0.000000 0.000000 0.000000 0.000000 0.000000 0.000000 0.000000 0.000000 0.000000 0.000000 0.000000 0.000000 0.000000 0.000000 0.000000 0.000000 0.000000 0.000000 0.000000 0.000000 0.000000 0.000000 0.000000 0.000000 0.000000 0.000000 0.000000 0.000000 0.000000 0.000000 0.000000 0.000000 0.000000 0.000000 0.000000 0.000000 0.000000 0.000000 0.000000 0.000000 0.000000 0.000000 0.000000 0.000000 0.000000 0.000000 0.000000 0.000000 0.000000 0.000000 0.000000 0.000000 0.000000 0.000000 0.000000 0.000000 0.000000 0.000000 0.000000 0.000000 0.000000 0.000000 0.000000 0.000000 0.000000 0.000000 0.000000 0.000000 0.000000 0.000000 0.000000 0.000000 0.000000 0.000000 0.000000 0.000000 0.000000 0.000000 0.000000 0.000000 0.000000 0.000000 0.000000 0.000000 0.000000 0.000000 0.000000 0.000000 0.000000 0.000000 0.000000 0.000000 0.000000 0.000000 0.000000 0.000000 0.000000 0.000000 0.000000 0.000000 0.000000 0.000000 0.000000 0.000000 0.000000 0.000000 0.000000 0.000000 0.000000 0.000000 0.000000 0.000000 0.000000 0.000000 0.000000 0.000000 0.000000 0.000000 0.000000 0.000000 0.000000 
58.766914 6.939444 3.553395 0.000000 433.918395 99.044753 73.040556 0.000000 525.959259 146.840432 74.159815 20.826790 -370.732778 -45.874383 -239.385432 -4.418642 -293.359938 -71.098580 -170.636543 -19.957160 -38.325309 -19.334198 -28.580988 -2.674691 7.915370 2.831852 -0.177963 -0.152840 105.854383 23.340864 9.136358 0.000000 390.726358 64.474630 77.175802 0.794321 120.271420 1.592778 -92.138457 0.425370 -244.217284 -29.064198 -247.105988 -0.124630 -50.612284 -6.325617 -63.460741 0.291481 -2.063333 -1.299136 -4.279506 0.047160 68.031667 8.165494 20.869136 0.027654 211.991667 66.450617 29.463765 0.000000 318.713025 72.560062 15.110679 5.495247 -85.602346 21.328086 -176.837160 2.838333 -108.056481 58.999136 -84.780247 25.412037 -0.845741 6.504444 -7.087469 33.213086 6.832160 -0.624321 2.884198 -1.229691 106.543889 3.226296 52.409136 -0.730679 314.091173 94.619630 27.393333 1.058951 112.670247 20.925309 -86.558704 8.599815 22.435309 -2.347531 6.540988 0.062963 99.969444 -56.432654 36.192284 31.287963 75.238642 -20.993395 1.894259 47.508765 33.735988 1.679568 19.993642 3.605370 126.344136 14.938827 98.387284 -1.020988 291.119877 59.598395 -49.856049 4.617778 -6.209321 -2.565926 -96.141296 8.373210 137.922840 -85.512901 20.018519 -10.899815 42.846296 -98.315000 12.222778 -35.449259 42.126543 -13.796914 3.954506 23.295000 89.973333 17.374877 42.219444 19.875062 63.445432 3.219074 14.522593 -5.435123 91.741914 -15.509877 -112.614198 9.144877 -1.652469 -12.758086 -70.630062 2.421852 102.660062 -3.356235 10.044630 -1.636111 -42.972901 -14.645802 4.931790 -26.224074 -37.854321 -5.392284 12.756975 2.382346 92.087099 1.106852 18.271173 36.569074 5.617593 -28.640494 -68.506975 -2.130370 -157.884938 45.366420 -118.750062 3.326235 97.519815 118.185926 3.127901 -0.015988 45.036049 18.523827 9.412469 0.583827 -21.080741 3.475988 3.989753 -3.717469 -49.231790 -90.799877 18.934444 -43.614259 23.127778 -139.039198 -25.300123 -2.564136 -90.251049 -84.369136 -52.907099 -0.373457 
17.765123 2.293056 1.118364 0.000000 99.044753 28.875154 13.870833 0.000000 81.532407 32.472994 6.067130 1.278395 -79.951389 -8.845525 -43.663272 -3.137654 -48.623302 -10.497068 -27.804938 -3.416358 -6.123765 -3.201543 -4.732716 -0.442901 0.583796 0.059259 -0.138426 -0.025309 28.837191 6.004321 2.122068 0.000000 82.299846 13.871759 11.340123 -0.050617 10.014043 1.915278 -23.496451 -0.116204 -47.766975 -4.907099 -43.542438 -0.116204 -8.248920 -1.465586 -10.445370 -0.075926 -0.341667 -0.215123 -0.708642 -0.025309 6.229167 0.395525 2.015123 -0.050617 48.020833 15.691975 5.686883 0.000000 60.960957 13.651698 -2.192438 0.335957 -18.933951 1.608488 -35.844136 -0.768056 -16.531019 14.395679 -13.934568 6.078241 -0.330093 3.127778 -0.930401 8.690432 0.870525 -0.024383 0.190432 -0.477623 8.054167 -0.737963 4.962346 -0.335340 66.610031 17.903704 3.491667 0.279475 27.845679 2.404321 -19.328241 1.008796 8.973765 -5.951543 2.135494 -2.674074 21.743056 -10.861883 12.693364 5.266204 19.415432 -2.190586 0.350463 16.057716 7.070216 -0.042438 1.591821 1.614352 4.991512 -1.626698 6.169753 -0.585494 58.154938 8.569753 -11.899691 0.830556 2.807562 0.428704 -20.288426 2.977160 30.528086 -12.338117 8.659259 -3.022685 2.298148 -19.048611 4.379167 -10.918519 18.216049 -5.070679 -1.092747 5.151389 22.072222 -2.274228 1.023611 5.703086 7.666049 2.782870 -10.134259 -1.274228 17.163735 -5.574383 -23.420988 1.039660 -1.754012 0.705401 -14.098920 0.553704 20.773920 3.328549 2.685648 -0.776389 -15.846451 -2.867901 0.807562 -8.756481 1.400617 -5.132253 -0.563735 -0.932716 24.728549 -4.703241 -2.734414 11.605093 12.525463 4.003086 -4.375154 0.400926 -21.241358 16.415432 -20.954475 -2.711883 22.475463 26.924074 1.364506 0.015895 7.341358 5.205247 1.559568 -0.055864 -10.278704 -1.110340 0.373765 -4.060957 -4.621451 -21.713272 -0.102778 -9.317130 12.547222 -15.358488 -5.328395 4.775154 -3.967747 -2.390123 -1.831327 0.774383 
6.249444 0.684167 0.481944 0.000000 73.040556 13.870833 19.316389 0.000000 118.363889 28.373611 35.223056 4.024444 -72.676944 -7.770833 -45.410556 -0.484444 -70.685278 -17.191389 -40.673333 -4.622778 -9.258333 -4.638333 -6.856667 -0.641667 2.484167 1.020000 0.055278 -0.036667 18.199167 3.973333 2.339722 0.000000 79.705278 13.659167 26.710000 0.160000 25.694167 -1.535833 -7.489167 0.063056 -58.786111 -7.458333 -56.260833 0.001944 -12.470278 -1.540278 -15.227222 0.084444 -0.495000 -0.311667 -1.026667 -0.014444 18.600278 2.229722 5.275000 -0.073333 44.659722 13.727778 8.925278 0.000000 74.201944 14.141944 13.716944 1.622500 -26.493333 4.531944 -35.792778 1.579722 -29.462500 7.864444 -21.333333 4.981944 0.425833 0.256667 -1.480278 4.570556 1.965833 0.000556 0.777222 -0.057500 26.274167 1.078333 13.376667 -0.246944 70.485833 21.454444 11.381667 0.226389 21.465556 6.022222 -14.074167 2.763611 -2.801667 4.013889 3.371667 1.155556 23.159722 -14.925833 5.590278 8.229167 14.475556 -6.658611 1.027500 2.870556 6.103056 0.053611 5.605278 -0.803056 30.529167 5.156389 29.524444 0.313889 67.006667 13.380000 -7.029444 1.240556 -6.418611 0.037222 -15.753611 1.231111 23.575000 -23.050833 3.166667 -2.238611 21.511111 -22.953056 2.736944 -5.965556 10.050000 -6.513889 2.436389 0.225833 17.021111 -2.280278 11.518056 -0.885556 17.892222 -8.629722 12.033889 -0.159167 23.281389 -2.719444 -22.094444 2.902500 -5.119444 -5.371389 -15.002500 0.602222 19.408611 -4.685278 2.997500 -0.037500 3.350833 -3.301111 2.006944 -1.397222 2.872222 -2.395833 5.097500 3.424444 21.682500 -7.420278 10.539167 2.864722 3.918056 -23.381111 -11.419722 -0.692778 -58.514444 -7.652222 -26.871389 3.743056 4.465833 17.045556 1.459444 -0.009167 9.885556 2.545000 2.942778 0.357222 2.503889 1.965833 1.188333 3.124722 2.173611 -11.035000 6.279444 3.414722 14.358333 -27.504167 5.810000 3.279722 -15.949722 -31.355556 -1.759722 -0.930556 
0.000000 0.000000 0.000000 0.000000 0.000000 0.000000 0.000000 0.000000 0.000000 0.000000 0.000000 0.000000 0.000000 0.000000 0.000000 0.000000 0.000000 0.000000 0.000000 0.000000 0.000000 0.000000 0.000000 0.000000 0.000000 0.000000 0.000000 0.000000 0.000000 0.000000 0.000000 0.000000 0.000000 0.000000 0.000000 0.000000 0.000000 0.000000 0.000000 0.000000 0.000000 0.000000 0.000000 0.000000 0.000000 0.000000 0.000000 0.000000 0.000000 0.000000 0.000000 0.000000 0.000000 0.000000 0.000000 0.000000 0.000000 0.000000 0.000000 0.000000 0.000000 0.000000 0.000000 0.000000 0.000000 0.000000 0.000000 0.000000 0.000000 0.000000 0.000000 0.000000 0.000000 0.000000 0.000000 0.000000 0.000000 0.000000 0.000000 0.000000 0.000000 0.000000 0.000000 0.000000 0.000000 0.000000 0.000000 0.000000 0.000000 0.000000 0.000000 0.000000 0.000000 0.000000 0.000000 0.000000 0.000000 0.000000 0.000000 0.000000 0.000000 0.000000 0.000000 0.000000 0.000000 0.000000 0.000000 0.000000 0.000000 0.000000 0.000000 0.000000 0.000000 0.000000 0.000000 0.000000 0.000000 0.000000 0.000000 0.000000 0.000000 0.000000 0.000000 0.000000 0.000000 0.000000 0.000000 0.000000 0.000000 0.000000 0.000000 0.000000 0.000000 0.000000 0.000000 0.000000 0.000000 0.000000 0.000000 0.000000 0.000000 0.000000 0.000000 0.000000 0.000000 0.000000 0.000000 0.000000 0.000000 0.000000 0.000000 0.000000 0.000000 0.000000 0.000000 0.000000 0.000000 0.000000 0.000000 0.000000 0.000000 0.000000 0.000000 0.000000 0.000000 0.000000 0.000000 0.000000 0.000000 0.000000 0.000000 0.000000 0.000000 0.000000 0.000000 0.000000 0.000000 0.000000 0.000000 0.000000 0.000000 0.000000 0.000000 0.000000 0.000000 0.000000 0.000000 0.000000 0.000000 0.000000 0.000000 0.000000 0.000000 0.000000 0.000000 0.000000 
22.453704 2.875000 1.834259 0.000000 525.959259 81.532407 118.363889 0.000000 2477.738889 420.506481 488.147222 93.101852 358.947222 87.034259 -761.098148 46.470370 -1525.032407 -397.745370 -1093.148148 -107.324074 -289.907407 -148.412963 -220.920370 -19.431481 4.525000 5.777778 -11.875000 -1.203704 83.160185 20.140741 10.762037 0.000000 794.928704 142.025000 232.042593 2.525926 1214.276852 72.930556 -43.332407 4.225000 -385.198148 -96.379630 -1123.834259 3.008333 -303.189815 -26.323148 -437.066667 2.438889 -15.866667 -10.042593 -33.331481 1.129630 185.880556 28.687963 48.781481 0.170370 311.713889 96.553704 61.712037 0.000000 975.689815 248.623148 132.376852 22.806481 215.559259 173.771296 -594.185185 41.347222 -313.036111 292.575926 -467.837037 90.202778 28.436111 96.061111 -58.589815 95.479630 39.882407 3.229630 6.646296 8.210185 285.163889 -7.055556 88.281481 0.595370 624.423148 239.066667 74.544444 1.389815 355.020370 164.912963 -257.558333 31.197222 -134.014815 121.481481 -167.862963 22.172222 129.480556 29.415741 3.339815 84.763889 323.840741 48.093519 7.625000 136.909259 168.612037 17.193519 33.971296 26.452778 352.217593 84.326852 134.137037 -0.353704 764.481481 280.664815 -154.562963 3.238889 -4.928704 18.172222 -400.780556 -5.435185 117.464815 -342.560185 -134.494444 -43.347222 -27.838889 -321.330556 1.186111 -135.111111 240.725926 -23.842593 25.634259 60.425000 291.016667 66.128704 52.641667 71.764815 412.392593 99.563889 -15.083333 6.439815 470.173148 124.090741 -395.168519 12.256481 79.068519 -21.610185 -333.439815 0.322222 149.650926 -66.032407 -41.119444 -6.002778 -211.821296 -63.748148 13.549074 -140.811111 25.340741 -75.350926 16.949074 -26.937037 257.178704 -25.875000 -25.232407 92.486111 280.886111 -73.301852 -162.199074 -10.400000 -280.801852 164.557407 -472.573148 34.282407 153.436111 251.788889 -77.048148 -0.145370 70.718519 22.007407 17.842593 -3.259259 -91.333333 -24.332407 10.718519 -80.262037 -46.643519 -328.064815 7.361111 -75.225000 125.177778 -337.543519 -60.107407 51.782407 -121.104630 -321.198148 -44.334259 -12.396296 
8.825617 1.456944 0.866821 0.000000 146.840432 32.472994 28.373611 0.000000 420.506481 154.301080 69.138426 6.858642 -26.359722 79.097377 -163.621914 -1.643827 -235.224846 -57.560340 -176.319136 -17.109568 -42.768827 -22.802160 -33.874691 -3.142284 1.382870 0.396296 -1.561574 -0.182099 27.077623 5.938272 3.368673 0.000000 197.690895 45.211574 47.822840 -0.341975 177.784105 43.479167 -48.301698 0.199537 -107.501543 1.275617 -207.959414 0.421759 -44.686265 -2.947377 -66.543519 0.475926 -2.425000 -1.514506 -5.098765 0.595679 29.548611 4.585957 7.581173 0.102469 86.273611 28.743210 14.720525 0.000000 215.390895 69.244599 15.673920 3.104784 -14.375309 40.867438 -144.515123 6.479167 -49.085648 52.656173 -80.400617 14.488426 11.735648 21.127778 -5.271451 16.102160 8.949846 2.950309 1.146605 1.975772 39.162500 -6.862037 13.072840 -0.190586 159.958488 66.179630 13.958333 0.255710 73.139506 34.860494 -76.888426 5.213426 -18.925617 9.847840 -53.066975 5.468519 47.362500 -32.023302 3.658488 8.161574 58.904938 8.322068 2.838426 10.538580 37.359414 8.507253 5.767438 7.013426 19.649228 14.091512 8.626543 0.928086 179.274691 64.359877 -37.109568 0.586111 -6.042747 4.115741 -104.017130 0.485802 47.318210 -48.132253 -37.648148 -5.293981 10.274074 -57.023611 3.665278 -20.637037 15.624691 -2.703395 -0.722068 -1.384722 57.483333 20.931636 1.176389 13.354321 46.063580 39.083796 -48.376852 2.337191 82.738117 47.016975 -96.438272 6.423302 -1.692284 5.490895 -78.458488 0.112963 53.533488 1.828858 -2.646759 -0.068056 -24.973920 -8.483951 3.662809 -14.426852 -19.858025 -9.314043 1.100772 -9.074691 43.001080 -11.096759 -26.141512 12.689352 65.835648 15.476543 -42.106327 -0.367593 -144.367901 25.549383 -113.052932 2.526698 33.068981 79.014815 -17.671914 0.104475 26.334568 8.820679 6.836728 -0.179321 -13.904630 -0.826698 1.585494 -6.707562 -26.565586 -54.327469 -4.263889 -9.977315 5.413889 -44.311883 -20.069753 13.350772 21.708488 -17.817284 2.357253 -1.844753 
-3.411296 -0.385833 -0.019907 0.000000 74.159815 6.067130 35.223056 0.000000 488.147222 69.138426 277.814167 13.911852 72.147500 20.843981 -0.466481 7.973704 -410.040463 -110.823981 -308.589259 -27.516852 -103.404630 -51.392407 -78.450370 -6.489815 -2.835833 -0.782222 -4.904722 -0.460370 11.076574 2.992963 4.045648 0.000000 196.687870 29.033611 105.473704 0.090370 317.036019 -4.264722 123.615648 -0.139167 -182.817593 -40.599074 -279.221204 1.277500 -101.226204 -7.338426 -142.418333 1.713333 -5.887222 -3.802037 -12.340370 0.206296 41.382500 9.090463 10.545370 0.479259 74.848611 20.853704 23.188981 0.000000 310.881204 42.744537 104.223241 7.063981 40.422593 39.900463 -96.106852 11.655278 -136.545833 109.010370 -129.570370 27.831944 21.683611 33.174444 -21.485093 35.967963 11.759907 -0.155370 1.770185 2.618796 85.471944 6.137222 20.895926 4.744537 172.612870 50.420000 45.388333 0.407870 115.562593 24.896296 -23.238611 14.959167 -75.204259 56.084259 -1.205741 -5.066667 21.165278 24.790463 21.227315 26.312500 144.530741 11.205463 3.939722 49.864259 41.788981 2.674352 8.858241 3.831389 130.943981 34.271574 67.102593 4.432407 225.022593 51.958148 -11.224630 0.917222 -31.808981 -25.067222 -82.905833 -1.172963 -22.193519 -103.699352 -20.694444 -25.539722 -20.877778 -94.063056 7.333611 -49.147778 138.270370 -14.289815 12.511204 30.261389 71.608889 11.105648 19.784722 13.288148 139.860370 0.711389 69.309444 3.847870 137.503981 9.643519 -76.890741 3.818426 -10.056481 -23.776574 -62.107315 -0.412222 -0.377685 -38.773796 -9.259167 -5.776389 -82.082130 -31.028148 3.369907 -44.430556 41.024074 -37.366204 4.303796 23.395185 72.689537 -15.266944 19.941759 33.922500 32.001389 -105.069630 -0.509352 -4.699444 -99.225185 -45.641481 -97.017315 8.206019 -33.103056 5.374444 -11.754259 -0.031759 2.200741 -1.588704 2.592037 -1.192037 -66.122778 -20.021574 1.036852 -26.022315 -32.694907 -138.720926 -2.393889 23.433611 33.913889 -136.406019 15.129259 45.234907 -73.924907 -148.587037 28.386574 -5.632407 
-0.557284 -0.067778 -0.037654 0.000000 20.826790 1.278395 4.024444 0.000000 93.101852 6.858642 13.911852 18.295802 -26.701111 -11.526543 -35.113086 18.513827 -56.922099 -14.090494 -32.644198 -2.949877 -7.606173 -3.810617 -5.633086 -0.527160 0.039630 -0.289630 -0.284815 -0.030123 1.666543 0.180617 0.264938 0.000000 25.262716 4.024815 10.363827 0.973086 39.747284 -1.946667 -4.033580 0.908519 -12.962346 -5.317284 -37.433086 0.075185 -9.477901 -0.684568 -12.308148 0.109630 -0.406667 -0.256049 -0.843457 -0.030123 4.903333 -0.333457 2.349383 -0.060247 9.466667 1.256790 1.595309 0.000000 31.072716 6.137901 4.189136 1.580494 4.116420 5.456173 -15.173210 2.567778 -8.062963 9.900494 -12.521605 3.746296 0.539630 0.885556 -1.940494 2.675062 0.922099 -0.346420 0.032840 -0.194938 5.428889 -0.822963 2.741605 -0.399136 16.347901 4.140370 2.118889 -0.009877 7.202716 -1.021605 -8.164074 0.742963 -2.341605 -0.278395 0.235309 -0.207407 16.661111 4.003580 4.156790 8.248148 12.873951 -1.437901 0.592963 5.049753 1.911975 -0.765309 1.536173 -0.118148 11.671605 12.625432 10.739012 -0.364198 17.910864 7.566790 -1.896543 -0.107778 -5.343086 -7.977407 -9.324815 -1.356914 2.345679 -23.701358 1.125926 -5.337407 17.853704 -15.725556 1.043333 -7.921852 15.830864 -0.232716 0.904568 2.526667 1.853333 6.739753 8.672222 1.602346 20.293086 17.469259 26.569630 -0.079136 8.942716 5.013580 -8.728395 0.199753 4.000617 -4.985062 -8.247901 -0.180741 4.399012 -5.098025 0.223704 -1.722222 2.696420 -3.684938 -0.391975 -7.459259 1.608025 4.770988 1.392840 -2.348642 1.081975 13.021481 14.799012 -0.858519 -9.403704 -4.899877 -0.931728 -1.376296 -19.010988 1.196173 -14.819012 5.958025 10.452963 8.937407 -0.323086 -0.007531 1.725432 0.672099 0.157160 -0.320123 4.004074 -1.456914 0.177284 -0.002716 -13.335802 -4.795309 2.875556 -7.336296 -8.044444 -29.645062 0.895309 -9.237160 -32.745432 -38.682716 -19.441975 -1.280247 
-42.453889 -5.052500 -2.784722 0.000000 -370.732778 -79.951389 -72.676944 0.000000 358.947222 -26.359722 72.147500 -26.701111 2104.347500 248.712500 37.698333 8.792222 -189.483056 -234.992500 -924.791111 -29.115000 -423.475000 -242.151667 -366.813333 -23.852778 -49.841389 -25.004444 -29.332500 -1.934444 -89.325278 -18.981111 -8.908056 0.000000 -246.660278 -40.560833 -65.891111 -2.257778 670.378611 83.418611 140.167500 0.494167 638.519444 -5.852778 -436.250833 1.338611 -130.072500 -61.229167 -449.535000 -1.103333 -22.726111 -16.753889 -55.197778 0.310000 -52.239722 7.783056 -22.613889 1.620000 -184.056944 -45.700000 -25.348056 0.000000 -42.689167 27.257500 -22.850833 -5.134167 609.685556 76.470833 -156.205000 14.949722 109.448611 25.390000 -344.811111 13.220833 -44.905278 29.407778 -90.003611 -9.172778 3.191389 2.476111 -3.726111 0.289167 -43.194722 16.737222 -75.635556 5.057500 -188.490833 -21.013333 -25.872778 -0.701389 128.175556 143.094444 -84.438611 -5.807500 43.699444 90.002778 -301.615000 24.883333 -217.845833 131.416389 -115.926389 -13.348611 -32.671111 114.648056 -9.493611 36.116111 32.390833 9.933611 -30.576944 22.920278 54.601389 19.241944 -114.778889 -9.880556 1.030000 110.976667 -90.006111 -3.016111 118.378056 97.677222 -200.511389 -6.298889 -87.786111 107.174722 -122.344444 -4.478611 -268.766667 92.292500 -10.838611 -15.664444 -35.627778 34.013889 -14.986944 48.372500 81.547778 2.485278 -87.804167 72.451111 79.112222 -33.744167 -120.001667 -2.911389 196.989167 132.741667 -215.827778 -9.501944 121.391667 105.058611 -103.625833 -2.917778 -11.259167 -12.666389 -38.492500 3.245833 -200.763611 -24.457778 -5.159722 -64.030556 48.833333 -61.351389 -35.620278 -83.490000 132.158056 -68.455833 -148.161944 46.328056 211.384722 85.921111 -79.613056 -2.477222 461.948889 334.823333 -142.458056 -49.395833 72.585833 38.130000 -79.845000 -0.100278 -3.434444 -9.557222 -12.250556 4.639444 -75.161667 -6.058611 -3.492778 -70.913056 84.990278 -153.006111 -33.232778 -32.594167 198.619444 55.301389 -81.218889 57.621944 259.349167 138.516667 70.390278 0.586111 
-6.961420 -0.809722 -0.442438 0.000000 -45.874383 -8.845525 -7.770833 0.000000 87.034259 79.097377 20.843981 -11.526543 248.712500 221.582562 -6.445988 -8.136420 -18.395216 29.248920 -146.676543 -4.335494 -64.372531 -37.955864 -56.932099 -3.860802 -8.839352 -4.892593 -4.483796 -0.300617 -12.818673 -2.296914 -0.907253 0.000000 6.509414 11.378241 1.230247 -0.579012 118.854475 52.229167 0.116821 0.516204 64.646605 25.055247 -110.583488 0.699537 -17.171451 -1.671451 -71.254630 0.303704 -2.725000 -2.638580 -9.211728 0.699383 -15.379167 -1.315895 -5.455864 0.243210 -8.298611 -2.154938 -1.049846 0.000000 47.503858 31.290895 -3.161265 -0.615586 55.104321 35.893364 -84.402160 5.401389 34.642130 49.013580 -63.346914 9.505093 12.868981 27.033333 -9.006636 6.428086 6.064660 2.592901 -1.055247 2.357253 -29.609722 -10.939815 -18.675309 -0.122068 14.365895 16.896296 -6.319444 -0.253549 29.102469 24.947531 -54.960648 -1.797685 -18.344136 -4.061420 -85.115123 -6.248148 -9.209722 31.724846 -15.150772 -13.271759 53.603086 42.014660 1.205093 13.229321 22.633488 6.305401 -6.178858 8.546759 -48.398920 -1.315895 -49.360494 -1.673765 46.159877 36.578395 -30.896605 -0.752778 12.366512 4.226852 -86.467130 -4.606790 -7.491049 -9.091512 -48.325926 -13.743981 -54.153704 4.476389 4.193056 -31.070370 45.365432 19.172531 -7.459105 6.409722 29.716667 21.316821 -20.906944 16.933951 -49.223457 36.989352 -75.687963 1.789043 37.423302 57.654012 -80.669753 0.680710 17.778086 11.003858 -53.315895 -1.009259 30.774228 0.891821 0.892130 -2.995833 -59.494290 -6.569136 0.533179 -28.610185 -2.937654 3.506327 -12.023302 -21.020988 12.186265 8.431019 -49.534105 16.628241 -8.225463 72.161728 -9.960031 4.354630 -43.121605 73.030864 -61.471451 -2.241821 41.063426 59.537037 -9.084877 0.285957 21.499383 2.813272 4.055247 0.529938 -52.737963 -3.719290 -1.988580 -26.748302 -63.180401 -58.290432 -24.719444 -24.821759 -25.702778 8.189969 -53.190123 20.904475 41.154784 67.608642 20.177623 4.362654 
-19.182840 -2.296111 -1.268210 0.000000 -239.385432 -43.663272 -45.410556 0.000000 -761.098148 -163.621914 -0.466481 -35.113086 37.698333 -6.445988 594.845802 -25.392840 373.921790 102.627840 245.949136 28.046790 -47.150617 -22.890617 -53.150864 0.378395 -22.355370 -12.458519 -8.397593 -0.516790 -45.577346 -10.629383 -4.707840 0.000000 -265.344506 -49.136852 -41.787284 -1.000247 -197.287716 -34.972778 227.836975 -1.929815 83.543210 -9.972840 307.085247 -1.068704 0.294877 -10.098457 -8.310370 -0.478148 -5.176667 -4.353827 -13.309012 -0.339012 -67.989444 -9.255123 -19.239506 -0.255802 -118.875000 -39.432099 -19.797469 0.000000 -184.621173 -75.215988 37.385247 -5.045617 56.639753 -39.957716 244.953457 -11.426111 -0.571296 -54.185062 35.372840 -26.639815 -21.488704 -29.580000 -22.111049 -24.657160 -13.905123 -4.281975 -3.798272 -4.473272 -79.176111 6.319259 -43.737284 3.191420 -189.125988 -79.860741 -7.407778 -0.584877 18.001605 -49.632716 114.190926 0.796852 7.165062 52.971605 76.387531 -25.690741 -105.330556 133.465247 22.787346 -4.276852 -44.883827 7.765988 -4.147593 20.900864 -64.386358 -7.432531 -18.326605 -10.336481 -5.103395 -15.608457 -36.430988 7.091358 -184.182469 -98.936543 49.260123 -1.670000 14.256358 -7.904074 94.759074 7.851975 -102.726543 113.360309 75.575926 -17.219074 -64.279630 112.989444 26.737222 4.545926 56.247531 28.050617 -3.665988 65.453889 -106.481111 4.191420 -19.630556 -4.216543 -34.714691 -27.842407 111.245185 -2.323025 -67.568951 -68.914198 95.888272 -6.235247 -12.666049 7.797716 103.537099 -0.139630 -101.232654 1.406975 5.192037 -6.630556 -45.409691 -9.063827 -1.783642 -21.414815 46.963580 -15.770679 -11.172160 45.381358 -73.367469 11.494259 18.750679 15.274259 -126.012037 -72.986543 124.983272 -2.038519 232.330123 -30.733827 145.552654 -25.616975 -77.902037 -121.017037 17.311358 0.015247 -45.472346 -14.035679 -12.830617 -0.665679 -68.028148 -30.011914 -3.453827 -17.343272 -11.649691 -68.805309 -2.797778 29.846481 -28.855556 -16.570062 28.683086 26.763395 -47.960432 -31.738272 42.449691 2.958642 
-1.936790 -0.235556 -0.130864 0.000000 -4.418642 -3.137654 -0.484444 0.000000 46.470370 -1.643827 7.973704 18.513827 8.792222 -8.136420 -25.392840 64.983210 -38.833086 -19.153210 -57.077284 24.739136 -21.779012 -12.976790 -19.199506 -1.543210 -2.754074 -2.245926 -1.402963 -0.104691 -3.450247 -0.916543 -0.120123 0.000000 -0.185679 -1.805926 6.116543 0.746173 24.683457 -7.593333 8.427284 0.889259 18.641975 -8.684568 -19.232840 0.355926 -4.283580 -1.824691 -18.032963 0.108148 -0.246667 -0.889877 -2.931358 -0.104691 -6.093333 -2.811358 -0.923457 -0.209383 -4.950000 -2.991975 -0.764938 0.000000 5.478765 -2.663086 1.567160 0.477654 10.577284 -2.648765 -11.735309 3.185556 9.518519 7.689877 -16.843210 4.803704 -2.026296 1.010000 -5.236543 -0.305432 -1.866914 -1.026173 -0.689877 -0.778765 -21.008889 -4.512593 -5.861235 -1.387160 -7.231975 -6.719259 0.454444 -0.108642 -5.766790 -14.604321 -6.128148 -2.080741 -16.483210 -11.445679 -9.207160 -2.925926 11.827778 35.457160 4.924691 12.607407 15.281235 8.290864 0.197037 16.199506 -2.164938 -2.497284 -1.588765 -0.686296 -33.479012 14.834198 -3.744198 0.654938 -5.711605 -3.788642 4.418025 -0.448889 -11.436173 -24.515926 -9.388519 -3.474938 -0.069753 -38.936049 10.301852 -13.285926 24.440741 -19.106667 3.664444 -15.999259 62.450617 -6.537654 -1.374198 -0.835556 2.978889 -0.787160 4.211111 -0.567531 8.597284 39.738519 30.655926 2.636173 -10.147901 -4.700617 -1.117901 -0.789383 5.795679 -9.814568 0.809753 -0.494815 7.542469 -11.151605 3.864074 -5.238889 7.853951 -7.575432 -2.633951 -13.201852 25.549383 10.947531 0.169012 -2.363951 -0.202716 26.992963 23.820247 -0.200370 -0.940741 19.255802 31.036543 -3.185926 -10.471975 14.775679 -10.249136 11.204938 25.894815 10.791481 8.281605 -0.026173 -1.082469 0.766420 0.342099 -1.090247 -3.080741 -7.547160 -0.556543 -4.783210 -24.599383 -11.323951 -2.626667 -2.955926 -10.533333 -29.212346 -1.509383 -13.085432 -49.190864 -64.393210 -28.728395 -2.777160 
-18.634753 -2.266389 -1.259105 0.000000 -293.359938 -48.623302 -70.685278 0.000000 -1525.032407 -235.224846 -410.040463 -56.922099 -189.483056 -18.395216 373.921790 -38.833086 1320.809228 275.313364 648.760123 77.241173 148.427469 20.317469 26.721235 12.461420 -17.834907 -14.208148 -4.470463 -0.007284 -51.800895 -13.005802 -7.236142 0.000000 -487.210586 -82.167315 -164.188642 -1.303457 -831.559969 -28.123056 -82.103179 -2.177130 336.863272 67.860802 718.697623 -2.521574 257.540772 5.895216 259.685370 -2.388519 7.518333 1.765864 3.851605 -0.740617 -98.070278 -17.270340 -24.750309 -0.214568 -187.459722 -56.371605 -39.885401 0.000000 -654.695031 -139.322438 -114.413488 -14.462253 -172.093457 -123.439969 340.690062 -29.497500 275.847685 -257.846420 277.775309 -62.222685 -34.332130 -105.320000 24.630031 -81.469691 -30.945340 -5.028210 -4.061914 -9.960525 -164.341944 5.516852 -28.144198 -4.546512 -388.487438 -137.755926 -56.478333 -0.909105 -241.094198 -95.469136 128.716019 -23.201019 109.958086 -125.466975 37.700432 -16.398148 -64.754167 -87.468488 -63.100772 -61.688426 -299.518025 -59.355340 -15.042685 -122.318457 -136.079846 -12.651265 -9.965525 -24.034352 -213.293364 -21.989228 -66.367160 -3.912654 -495.660123 -161.467160 66.788951 -2.032778 9.676512 -0.776481 210.550648 3.855432 -20.841049 256.754043 68.629630 45.164907 37.757407 243.478611 -12.830278 110.815185 -298.395679 49.889198 -16.055772 -49.946944 -227.841111 -11.124290 -6.162500 -48.387160 -312.966790 -45.272870 -74.786852 -0.004290 -314.616698 -67.462654 196.746914 -2.483735 -47.733025 34.513858 202.070772 0.445185 -34.144660 78.085154 36.662130 15.193056 205.243488 77.178642 -4.144599 120.639815 -91.682099 88.128549 2.768920 -19.688765 -213.084846 27.221019 -6.797438 -89.200648 -222.453241 108.005062 48.653302 13.185741 59.277284 -11.962469 257.077438 -10.336265 -22.613241 -95.332963 46.239568 0.114846 -7.790617 -7.246728 -11.775864 3.866605 138.414259 48.215154 -3.573025 72.765031 70.214043 305.295123 14.333889 17.560463 -66.141667 231.767747 30.740988 -78.616636 89.124784 174.269753 1.066512 6.573765 
-4.414877 -0.536944 -0.298302 0.000000 -71.098580 -10.497068 -17.191389 0.000000 -397.745370 -57.560340 -110.823981 -14.090494 -234.992500 29.248920 102.627840 -19.153210 275.313364 181.004043 281.746173 12.636975 97.659568 69.139568 67.262840 6.068210 3.076019 2.394815 4.471574 0.628025 -11.688364 -3.013457 -1.707932 0.000000 -120.712377 -17.219352 -41.480988 -0.043951 -243.064846 -7.839167 -28.069784 -0.269537 47.333025 23.376235 209.769784 -0.569537 71.414414 11.889969 108.284630 -0.582593 6.383889 3.165988 9.262469 -0.238642 -24.586389 -6.485586 -5.912654 -0.410617 -40.979167 -13.941358 -10.006451 0.000000 -170.847932 -38.624969 -33.685772 -2.840710 -75.340617 -32.924846 82.295864 -5.443611 76.952315 -42.940988 90.232099 -10.899537 2.456574 -14.328889 16.309599 -16.232901 -6.810586 -0.783272 -0.745123 -1.846512 -50.893611 -5.469074 -15.947654 -1.895340 -95.907747 -36.272963 -17.787222 -0.264969 -85.575432 -40.873457 29.658426 -6.925648 14.428210 -35.268210 19.488827 -6.229630 0.704167 1.595895 -16.145525 -11.844907 -44.893457 -4.202809 -3.156204 -23.665617 -29.523117 -2.933549 -3.320401 -5.753426 -54.069599 -4.251142 -33.304691 3.703395 -137.640617 -57.032469 15.910309 -0.790556 4.360895 -21.272407 65.369352 -3.170617 -4.460802 27.058549 1.448148 -0.554907 23.837037 57.644722 -9.717500 12.663704 -24.722840 18.912654 -4.852747 -18.995278 -42.948889 -5.645340 1.779167 -20.655802 -68.476173 -9.386019 -0.726481 -1.044228 -88.594043 -23.274383 58.767901 -3.044784 0.173765 -11.013488 46.157747 -0.076296 -10.324969 11.826327 8.403426 -2.126389 41.201327 17.194321 -1.814660 13.993519 5.739506 29.473302 -3.418179 4.048395 -40.569228 10.804537 10.633364 -22.697130 -86.396759 8.956420 15.773735 1.340926 -3.304691 6.067654 71.682191 4.715895 -1.422315 -24.493704 25.585617 0.290340 -5.960864 -1.209198 1.180679 0.695247 1.931296 6.419660 -1.506235 8.165710 2.161883 62.246728 -6.068333 -2.208241 -46.275000 62.169290 -3.527284 -11.311512 -0.077747 87.726543 -2.009105 4.007716 
-10.341728 -1.257778 -0.698765 0.000000 -170.636543 -27.804938 -40.673333 0.000000 -1093.148148 -176.319136 -308.589259 -32.644198 -924.791111 -146.676543 245.949136 -57.077284 648.760123 281.746173 1026.342469 33.982346 328.404938 202.062716 316.186914 17.717284 11.571852 9.739259 16.189630 0.952099 -28.943457 -7.267160 -4.030617 0.000000 -324.446173 -54.998519 -108.599506 -0.451358 -759.267160 -60.443333 -67.031358 -1.818148 -38.601235 52.149383 740.914691 -2.007037 170.723210 37.126543 402.881852 -1.199259 12.992222 10.081728 34.330988 -0.559012 -57.748889 -14.421235 -14.172840 -0.873580 -112.033333 -37.870988 -24.979136 0.000000 -482.798395 -121.014321 -74.113086 -7.982840 -290.220247 -101.854938 367.557901 -22.886667 97.987037 -147.909506 370.272840 -53.981481 -8.750370 -53.773333 58.185062 -50.283827 -18.410123 -1.584198 -1.912716 -2.723827 -120.936667 -11.655185 -19.899506 -5.073580 -268.094321 -103.595185 -37.240000 -0.593210 -244.493951 -118.099383 163.812593 -12.265926 30.010617 -62.239506 208.450864 -7.507407 10.316667 -26.945309 32.367901 -34.618519 -157.341605 -56.691235 -1.954815 -90.186914 -85.768025 -11.755309 -9.000494 -19.360370 -205.745062 -85.225679 -64.950988 3.724691 -398.398025 -170.512099 103.644568 -1.765556 -25.249753 -28.019630 288.354074 2.666420 -60.276543 121.649753 92.264815 33.654815 121.303704 111.726667 1.897778 81.763704 -113.730247 -3.977160 -6.030988 -48.474444 -173.226667 -45.718025 -13.405556 -61.490988 -195.766914 -35.154074 66.554074 0.633086 -276.330617 -123.219753 306.193827 -7.220247 -59.899383 -33.769506 183.594321 0.290370 -89.075432 34.423086 12.727037 3.616667 193.639753 38.123951 -2.669753 85.712963 -7.653086 49.376543 2.068395 45.055802 -185.533580 30.872593 71.269012 -64.815185 -156.764815 13.004568 151.248272 7.604815 87.904568 -230.274938 314.557654 -1.003086 -129.423704 -145.593704 40.006914 0.032469 -38.131235 -8.854568 -6.862840 -0.650123 91.917407 11.460864 -2.212716 65.193951 25.541975 235.001358 15.156667 45.123704 -134.750000 155.504938 80.848642 -50.719383 -27.153210 81.095062 -12.853086 6.336420 
-1.265309 -0.153889 -0.085494 0.000000 -19.957160 -3.416358 -4.622778 0.000000 -107.324074 -17.109568 -27.516852 -2.949877 -29.115000 -4.335494 28.046790 24.739136 77.241173 12.636975 33.982346 38.016173 0.413580 -5.740864 -7.050988 4.503086 -2.205741 -1.641481 -0.974630 -0.068395 -3.607840 -0.889136 -0.495864 0.000000 -33.336975 -4.757593 -10.244198 0.007654 -58.836358 -3.416111 1.131543 0.152037 22.621605 2.363580 50.979568 0.052037 19.719938 0.057716 15.915926 -0.160741 0.715556 -0.403580 -0.420617 -0.068395 -7.232778 -2.068951 -1.880864 -0.136790 -12.880556 -3.982716 -2.861790 0.000000 -43.404753 -9.659938 -6.248210 -0.963642 -13.054568 -7.888580 18.470617 -1.873889 19.860185 -16.607531 15.141975 -3.393519 -3.983519 -7.475556 0.698086 -6.639136 -3.107840 -0.692099 -0.525802 -1.011914 -18.362778 -2.113704 -2.699753 -0.906235 -25.222160 -8.344815 -3.386667 -0.085494 -17.371975 -8.624691 7.803519 -1.941296 -0.689136 -11.675309 2.025432 -2.520370 1.636111 12.527346 -0.524383 -0.173148 -16.284691 0.115494 -1.619074 -1.599012 -10.339568 -1.502654 -0.830802 -2.530185 -34.328086 0.406605 -9.906049 2.567901 -29.121235 -12.528272 7.175062 -0.307778 -7.297099 -5.945926 2.702037 -0.333457 -1.849383 7.541543 12.646296 -2.592037 15.001852 11.071667 3.240556 6.992963 12.026543 2.847531 -2.459938 0.040556 -13.552222 2.099321 0.608333 -4.581605 -23.383457 10.836852 -9.150741 2.847099 -20.401420 -11.159877 12.291358 -1.540679 -0.224691 -0.468086 12.866605 -0.243704 -2.143272 -0.766235 4.241296 -2.719444 1.311543 -1.054691 -1.107099 5.259259 -2.070988 17.157716 1.148086 12.577901 -17.397346 26.000185 1.023395 -1.096481 -15.110185 20.782840 10.101914 0.805185 11.593951 10.609753 8.334383 -1.584877 10.563148 -4.599630 7.931235 -0.017099 -2.990617 -0.343951 -0.889753 -0.830617 -14.210741 -4.825123 -0.431358 -5.858580 -20.020679 -12.057654 -4.296667 -3.574259 -9.305556 -11.700309 -12.397901 0.501420 -17.343272 2.741975 -15.195988 1.943210 
