13.935236 19.506785 0.978421 2.780762 11.759387 94.349301 6.690848 10.768161 -18.001632 70.210234 6.945924 -5.711764 -0.544307 9.529206 1.007142 -23.466534 0.993598 -0.222477 -0.897051 -3.148378 1.491225 -0.561601 0.786374 1.254770 5.765126 0.720641 0.257372 1.441282 2.845909 1.372513 0.367794 -0.027395 1.821319 2.473472 1.633915 0.674038 11.197097 -1.323207 8.946306 0.074355 12.566702 -9.568207 0.838792 -3.224645 0.111060 -4.363585 3.669064 -3.783849 1.432226 1.225309 0.843103 0.207300 4.735384 -0.147612 0.269131 1.276911 3.838741 7.125803 1.702964 2.068794 3.843664 -0.725028 1.328563 0.493521 18.867488 -4.237221 3.968473 0.903658 20.073768 -6.082900 2.220666 -1.590577 9.414652 1.823640 1.609019 3.051066 9.260458 2.676513 1.234772 8.032981 7.811142 -4.418146 0.393276 1.160264 10.714570 8.982425 0.618279 6.631568 2.799408 4.567340 0.928553 0.880344 9.956714 -0.845551 1.132997 2.468064 8.872130 -2.683935 -0.071498 -3.979619 5.327977 1.360448 0.053260 2.846368 6.662509 0.425569 0.512524 14.203296 1.105244 -6.095960 0.278773 -0.271018 1.824890 -5.523544 -4.568973 -2.436384 3.425518 5.702938 0.175390 1.653862 5.767345 4.402969 0.129043 2.033568 2.515789 -0.719646 -1.503979 -1.065197 -4.024079 -0.668733 -1.012397 -2.107310 1.513545 0.055479 0.387894 8.404627 -13.074431 1.574661 -1.059968 12.632793 -2.997704 -1.256913 -4.661540 -0.256989 7.248776 2.061575 -1.450617 2.122207 1.123610 1.990715 0.551321 6.439190 0.912101 -1.603204 -3.141669 2.286246 -2.093893 -0.025839 -0.399908 -1.327722 -1.095883 0.218192 0.178961 0.988445 -16.163810 4.848714 0.486328 12.326676 -0.055428 7.076956 -5.432150 10.015458 16.270432 13.411973 -0.564891 4.532522 -2.984415 -11.531094 1.544409 -0.361264 -8.077237 -12.178451 -1.243521 1.384476 -2.077263 -1.804331 -2.019182 -0.405877 -2.427023 -0.157560 -0.469952 -0.113713 -21.879375 -3.413912 -0.017651 -2.101061 
19.506785 38.661667 1.609734 3.308540 8.527905 143.054688 6.892868 4.327926 -25.695235 104.060402 8.174880 -20.344761 9.746097 39.388634 2.438119 -28.530507 19.578614 11.503112 1.847056 3.455158 4.614121 -0.665136 1.815835 3.069585 10.101826 1.262728 0.450974 2.525457 5.304663 3.887665 0.695235 -0.032446 2.293541 7.833741 2.144016 0.117641 9.344404 0.681002 8.516172 -3.056117 23.426130 -7.261810 4.956637 -8.493164 10.754158 -4.365269 14.074788 -5.255229 1.835425 0.800224 1.970207 0.477502 7.962657 -0.256198 0.610040 2.391389 8.241098 14.620753 3.666769 4.212733 3.063361 -0.597082 0.809203 0.055811 23.871697 -4.757423 3.655341 -4.401898 39.154576 -3.604785 7.256862 -6.929803 10.074584 3.815223 4.642690 2.396184 13.614835 2.392001 2.891338 12.954699 16.720233 -5.316294 1.122232 5.245281 24.598408 19.542190 2.831242 15.153454 3.277523 6.835017 1.154984 1.212835 18.965973 -3.821141 3.718855 -1.897255 25.374656 -6.770636 2.934394 -13.945108 1.166361 0.940414 0.704775 -0.508009 11.552240 -1.153556 -0.602796 17.024844 14.617029 -7.196970 0.453015 1.561473 4.340884 -8.640547 -7.439343 3.378431 8.656158 12.687787 -0.228650 4.541067 16.157076 9.948424 0.981737 4.117743 16.019998 -1.375370 -1.054484 -4.317723 -14.911285 -1.731864 -1.552801 -8.106469 -0.150597 -1.522804 -0.513621 5.789307 -16.592950 -1.262881 -0.767881 9.134476 -10.199725 -0.677788 -12.517600 -3.943016 21.286654 4.590195 -2.019641 3.518672 8.589940 7.115294 1.665799 14.163096 0.444087 0.368177 -1.931232 5.931027 -18.697429 -0.142843 -1.889807 -3.164422 -5.724671 -0.254872 -0.605550 0.687940 -26.833843 3.901745 0.169830 13.051423 -5.812162 5.441435 -11.115651 3.707377 32.563361 30.352209 -1.393174 6.524946 -4.746199 -7.040353 7.139527 -0.424395 -28.129426 -26.390572 -4.954801 0.055351 -24.557902 -7.534129 -11.093256 -1.355372 -7.012040 -0.665136 -1.405979 -0.320784 -27.395368 -1.815427 -0.753341 -3.447862 
0.978421 1.609734 0.426079 -0.012397 0.519284 9.695133 2.468320 -0.818641 0.124885 8.550964 2.510560 -2.469238 5.890725 1.572544 0.877870 -2.413682 1.301653 -0.796143 -0.395776 -0.809458 -0.197429 -0.056474 -0.022498 -0.040404 -0.102847 -0.012856 -0.004591 -0.025712 0.011478 0.164371 0.041781 -0.002755 0.079431 0.913223 0.222681 -0.050046 1.625344 -0.058770 0.462351 -0.186869 5.125803 -1.213958 0.423324 0.219467 0.829660 -0.572084 -0.342516 -0.199725 -0.127181 -0.055556 -0.018825 -0.028926 -0.112948 -0.037190 -0.001377 -0.042241 -0.287420 -0.214876 -0.058310 -0.031680 0.001377 0.080808 0.055556 -0.123049 1.529844 -0.347567 0.719927 -0.254821 2.351699 -0.761708 0.928375 0.604683 1.834711 -0.213039 0.122130 0.717172 0.081267 0.123049 -0.015611 0.197888 -0.446281 -0.030762 -0.017447 -0.344812 -0.955005 -0.543159 0.349403 -0.314968 0.769513 2.636364 1.163912 -0.155647 0.166208 0.196051 0.641414 -0.642792 -0.019743 -0.389807 0.533976 -1.254821 2.387052 -0.264922 0.092287 0.044536 0.296602 0.065197 -0.022498 0.308999 -0.245638 1.388889 0.147383 0.037190 -2.451331 -0.104224 1.367309 -1.136823 0.798898 0.914601 1.153352 -0.204775 0.450872 -0.122590 0.084022 -0.219467 -0.393480 -0.445822 0.117539 -1.643710 1.837006 -0.275023 0.228650 -1.089991 0.838843 -0.121671 0.034435 -0.265840 -1.960055 0.840220 0.010560 0.187328 -0.789256 1.583104 0.576217 -1.159780 -1.098255 0.034435 -0.146465 -0.423324 -0.201102 -0.365473 -0.097796 -0.100551 -0.495409 -0.092287 0.294766 -0.329660 -0.356290 0.013315 0.681359 -0.601010 -0.146006 -0.067952 0.026630 0.087236 -2.455923 -0.513774 -0.292470 0.364096 2.196051 6.308540 0.496327 0.466483 -2.160239 2.323691 0.252066 -0.845271 -1.302112 -0.834711 1.732782 -1.505969 -1.404500 -3.090909 1.259412 0.217631 -1.870983 -1.169421 -0.158861 -0.011019 -0.589073 -0.056474 -0.119376 0.024793 -2.067493 -0.382461 -0.154729 -0.160239 
2.780762 3.308540 -0.012397 1.582415 2.713269 15.224518 -0.206612 5.206382 -2.853076 8.619376 0.816345 2.179982 -1.090680 -3.439164 0.518825 -2.936180 -2.502066 -2.184114 -0.669421 -1.830349 -0.296143 -0.084711 -0.033747 -0.060606 -0.154270 -0.019284 -0.006887 -0.038567 -0.103994 -0.041322 -0.013085 -0.004132 0.573691 -0.092287 0.452709 0.288567 3.097107 0.091139 4.607668 0.497475 0.514463 -2.134068 0.599633 -0.961203 -1.475207 -0.706612 -1.301653 -0.852617 0.718320 0.886364 -0.028237 0.017218 0.133609 0.065427 -0.002066 -0.002755 -0.431129 1.122130 0.306474 0.477732 0.825298 -0.303030 0.401515 0.249770 5.029614 -0.771350 0.877870 0.930900 0.482094 -1.907713 -0.690771 -1.002066 1.489440 1.463269 -0.054178 1.075758 3.424931 2.421947 0.011938 2.902893 0.330579 -0.369376 -0.056474 0.775712 1.845271 1.457989 0.332185 1.330579 0.063361 -0.388889 -0.360193 -0.026400 4.277089 -0.650367 -0.297980 1.949954 0.172406 0.117309 -0.421258 0.981405 0.093205 1.405647 0.085399 2.243572 1.982782 0.921028 -0.074151 5.405418 -1.285124 -1.732323 -0.188017 0.176997 4.424013 -1.297750 -1.231864 0.456382 0.607438 -0.784665 -0.542700 -0.337466 1.441460 -0.383379 -0.141644 0.544536 -0.812443 0.048439 -0.434803 1.615243 -2.065197 0.072314 -0.313590 1.125115 0.793618 0.165978 -0.054408 3.358815 -4.983012 0.828512 -0.438705 1.452709 4.677227 -1.887971 -0.115473 -0.868457 1.602617 -0.748852 -0.055556 -0.556703 0.041781 0.199265 0.648760 0.215335 -0.457759 -0.196511 -0.739669 0.485308 -0.148072 0.050275 -0.376951 0.010101 0.632002 0.115243 0.105601 0.582874 -6.827824 3.244490 0.387052 2.172406 2.268825 -2.671028 -0.202479 -0.446740 1.544995 -0.898301 0.027089 0.237144 -0.496097 -0.123278 0.455234 2.576905 -1.755739 1.363636 -1.191690 0.854224 1.567264 1.033747 -1.223140 -0.198347 -0.328053 -0.084711 -0.067952 -0.053719 -4.086088 0.062672 0.002755 -0.323691 
11.759387 8.527905 0.519284 2.713269 276.701076 230.060963 8.530150 113.201127 110.312417 382.908581 3.346291 213.471431 -251.831726 -26.111749 -38.116825 -113.712631 -119.899424 -73.237170 -25.867207 -75.379783 -17.919243 -9.559305 -1.937685 -2.704826 -17.169677 -2.146210 -0.766503 -4.292419 -11.200464 -2.588919 -1.234134 -0.520508 4.488904 4.187889 1.918121 6.564305 47.790302 64.778262 21.848510 47.549102 42.555224 41.426283 21.376441 35.908504 -45.637333 -29.877819 3.525355 -15.787063 -7.484670 -3.810045 -0.425492 -1.818871 -17.123661 -3.602617 -0.038032 -5.481124 -30.745740 -5.079431 -5.209341 1.610116 -1.217860 1.269921 -4.252245 1.589022 9.214595 14.876645 19.198959 6.073538 -99.573156 -23.059943 17.970437 -24.367437 -31.353943 -12.057902 2.480461 -7.544893 2.352745 8.293133 -0.014080 13.197352 -54.593358 -25.636695 -2.088358 -35.697403 -51.539333 -17.874324 -15.252704 -0.525457 -28.523365 4.244108 -17.488802 4.893200 3.844225 34.661795 1.425926 50.600296 -119.490129 32.247653 -8.464519 47.240766 -57.344200 8.823258 -2.614325 4.136542 5.532114 48.479747 7.338971 72.862616 -166.288236 -16.383838 -0.551806 28.931461 -13.816983 -22.846317 -53.780175 -18.468064 -22.465667 -16.568411 -9.182736 -9.344302 -2.688119 -0.495103 -1.967376 10.011529 -40.902025 10.988343 -13.812978 59.837006 -22.058514 1.021350 -5.851699 26.299485 -10.389118 18.372283 3.895240 49.677813 -109.858637 4.453908 -12.083843 162.169524 58.538567 -19.260127 -9.442991 30.046500 -21.495485 10.402255 8.736251 2.054255 -32.388787 1.025610 -4.009744 -11.332160 -3.806448 -16.950770 -9.514947 4.029589 53.978650 -8.859632 5.416896 1.010662 -19.902586 -2.354352 0.854811 2.139042 4.624987 19.443756 -9.330476 63.802801 53.578181 45.245001 17.435619 40.990664 -9.462810 24.438603 2.721610 8.855295 -50.804892 -36.853408 -22.928961 5.242042 36.285022 -16.037037 14.388251 19.002015 64.385547 -11.413606 23.413325 -2.282369 -19.371008 1.531604 -4.918988 0.258647 -10.597005 11.428604 6.553515 -11.202989 
94.349301 143.054688 9.695133 15.224518 230.060963 1002.181410 72.194980 150.571727 -128.383022 1151.351954 94.325018 31.355882 -53.678604 225.494235 42.415621 -283.314713 16.345373 -24.956943 -3.859555 -73.177074 -7.157229 -12.127028 3.110601 6.736251 -20.135088 -2.516886 -0.898888 -5.033772 -10.371187 7.152127 -0.142230 -0.599939 10.949189 50.291042 19.193144 4.267779 124.604734 52.624987 111.376594 8.595398 144.104275 -58.756300 67.777574 -41.232374 -22.547954 -68.356086 36.996276 -52.777268 -3.485053 -2.977553 6.142843 -0.804408 -20.173248 -6.220386 1.821243 -5.845526 -36.987552 47.578512 4.109377 16.595654 20.518825 10.352413 7.804153 4.015866 152.292266 12.729721 64.813743 22.690848 96.821702 -60.652995 54.269717 -8.799408 28.964391 -0.399194 13.023773 9.492144 36.855882 16.305683 9.443220 51.462045 -54.430823 -56.809866 0.583665 -43.437455 13.640190 61.727222 -11.580604 45.022600 16.241710 51.643098 2.910723 8.644424 118.492603 52.272523 20.299663 59.041220 49.913682 -13.045659 7.549638 -27.695796 -11.595807 10.083665 0.049128 -9.192123 55.046271 60.746812 7.262677 167.426130 -225.014743 -18.348485 -0.595194 21.712529 -21.587950 -29.938986 -91.652382 -32.791909 -14.275890 29.085399 -14.895776 1.503877 90.339812 29.962657 -0.891542 29.599378 75.543873 -0.790430 -16.886899 8.370983 -95.169779 -11.366391 -10.152893 -36.866799 7.469238 25.801806 3.559841 118.879757 -269.217835 20.852821 -20.380369 283.456331 32.491276 -2.331140 -76.806856 8.283798 -7.085246 25.976788 -22.292368 5.940159 13.132640 10.383430 10.393531 31.848587 53.728293 -34.849913 -28.785226 42.394756 -80.896235 -7.632282 -19.661157 5.365881 -31.549281 1.661106 2.041832 19.835323 -75.900418 43.574380 -7.518416 181.140955 55.170391 124.727936 -50.842006 109.217019 60.589532 191.694266 -3.598867 28.631466 -42.900469 -127.738241 24.158351 -44.103459 6.195184 -183.617845 -35.768391 26.311550 -5.551015 -3.535966 -65.394450 2.874656 -7.618559 4.691154 -2.941792 3.867463 -127.157535 10.427916 15.781553 -14.684318 
6.690848 6.892868 2.468320 -0.206612 8.530150 72.194980 33.179063 -0.320784 -12.263698 93.569942 39.418427 -22.189317 35.246097 24.459902 10.905571 -28.127028 19.980410 -7.464340 -4.409397 -10.563361 -2.441996 -0.779614 -0.223447 -0.582492 -1.714111 -0.214264 -0.076523 -0.428528 0.056627 3.510560 0.490970 -0.045914 0.739669 15.971227 4.415060 -0.233088 11.560453 2.729262 2.291705 2.001684 41.369452 -12.007040 -5.488369 5.760484 9.713193 -6.910162 -3.878635 -3.736149 -1.675237 -0.037037 -0.162228 -0.148760 -1.720845 0.269054 -0.022957 -0.461586 -4.749923 -0.828742 -0.971840 -0.391644 -3.330579 -0.577441 0.587542 -0.262932 -0.159167 -10.109275 3.884298 -0.711662 30.642792 -16.188399 6.752372 2.722834 20.908479 -3.735843 0.149985 4.912458 -1.537802 -1.540098 -0.243343 -1.801194 -4.119835 -1.812366 -0.193144 -4.186257 -3.596878 -2.875880 -0.420722 -2.091215 0.601316 11.010101 5.755433 0.091062 9.300429 -4.074227 9.156566 -5.091980 1.601928 -8.498470 3.781757 -16.294154 14.122590 -1.233548 -0.820478 -1.857055 -1.526324 -2.174319 -0.422100 -3.647995 -8.290940 -2.111111 -0.513315 -12.806091 -15.476737 -8.725283 -0.304102 -7.194521 -2.557086 0.435262 5.150138 -1.428069 14.640802 -1.017906 0.100704 2.214264 -7.793695 -0.748546 -0.527548 -9.216713 -4.357974 -0.555096 2.144169 -9.496480 9.778696 1.453627 0.452709 2.434650 -6.260178 -3.651209 -1.015917 15.443679 -24.871442 6.001224 -3.428375 -2.348179 -15.550046 4.540251 -1.693603 -3.563820 0.757729 1.775788 -1.547444 0.403275 -11.401592 2.237986 2.464953 1.574686 -21.000459 -0.121518 6.185950 -4.016835 -0.999082 -0.546679 0.645852 2.548209 18.217784 0.517906 0.317417 20.187787 3.812978 61.189470 2.418580 10.089532 -25.022498 30.032905 2.494031 -5.417815 -7.814662 -27.208142 5.787114 -11.244261 -17.958831 -40.434343 -3.045148 3.660851 -22.779002 -11.273186 -4.481022 0.412305 -4.883532 -0.486685 -1.348179 0.069789 -8.692225 -0.067952 -0.422253 0.612182 
10.768161 4.327926 -0.818641 5.206382 113.201127 150.571727 -0.320784 163.045429 -9.693960 156.996378 8.386950 231.443628 -185.548439 -119.394679 -22.167840 -91.746046 -116.466968 -68.749056 -28.964748 -62.289639 -11.849352 -5.381925 -1.561856 -1.658810 -10.187532 -1.273441 -0.454801 -2.546883 -6.382640 -1.759106 -0.864121 -0.272880 7.553796 7.805224 5.709060 6.679038 41.359377 59.447633 42.631747 38.733726 -38.788465 10.706408 -16.282318 18.823360 -61.193246 -23.220896 -21.594225 -9.268952 -0.224237 1.476712 -0.147510 -0.148072 -9.102234 -1.774793 -0.136440 -3.310428 -21.475564 -1.607897 -3.957785 0.452785 11.109504 26.230079 2.565376 8.291144 -1.695312 36.953474 13.468167 36.426921 -102.486073 -7.902867 -7.027829 6.753571 -21.289766 -0.504540 -1.710948 1.772166 1.582517 11.594378 -0.885828 12.935797 -45.026477 -27.399577 -2.163708 -28.103331 -51.224212 7.575885 -27.391924 -0.877206 -16.680033 12.311448 -14.749031 9.709647 -4.789588 52.977783 -1.622896 64.412101 -109.483701 33.073742 -3.528135 43.093026 -23.962504 10.313565 1.071625 5.205056 1.465131 41.499133 2.095832 60.467503 -148.536374 -31.378788 -4.471610 13.355040 -0.499821 34.784333 -55.560963 -14.664167 -24.997143 2.064279 -15.328742 -1.661208 -6.743470 13.830732 -2.208014 23.342465 -65.243521 19.246276 -5.921641 55.299816 -5.464442 4.241736 0.627181 24.303362 4.531451 18.005586 0.092822 48.856163 -95.394807 -8.480538 -15.157662 139.386950 95.226354 -32.588817 -27.460132 13.684445 -25.584864 -3.792980 -4.953423 -2.138277 -25.250791 22.208091 -4.615141 3.691664 -14.800531 9.670238 -12.895521 16.699980 43.000689 2.866060 0.041781 6.433782 -0.343970 1.395215 0.420671 7.560683 -23.743904 36.109504 -8.052444 84.612259 70.359377 -22.037012 1.950974 29.775635 -9.276860 -16.033645 -0.727579 5.545072 -27.334685 -37.538236 -26.297393 21.018748 0.284767 -6.028620 -8.359326 24.256479 56.160366 21.029308 -0.190644 1.174472 -2.736430 -0.897077 -1.188450 -0.744414 -78.765254 -3.708678 -9.575094 0.094633 
-18.001632 -25.695235 0.124885 -2.853076 110.312417 -128.383022 -12.263698 -9.693960 495.200388 -168.153403 -11.129834 129.237731 27.271350 -271.276349 -57.028211 15.765789 -270.928120 -155.530558 -68.609173 -92.403428 -46.877461 -14.771197 -5.817162 -8.315937 -51.366187 -6.420773 -2.293133 -12.841547 -32.676819 -10.395164 -3.902408 -1.375880 -11.822620 -19.965922 -5.972146 -0.298184 76.073360 7.891440 -10.056219 26.991021 36.604581 4.300480 -64.433935 37.348587 -91.873788 -19.994898 -70.159218 1.337364 -15.474339 -6.969136 -4.068513 -3.896235 -52.406030 -8.468320 -0.627334 -17.026120 -71.772370 -15.641873 -14.728854 -6.357974 -33.168962 -10.366442 -14.956790 -2.021630 -36.028977 8.146618 -23.092133 -5.452403 -190.951485 -17.385930 -53.256606 -35.613305 -87.772217 -15.883430 -18.820273 -26.757015 -21.832976 -20.914396 -5.295531 -15.191766 -104.749464 -31.501479 -0.960259 -42.902867 -123.214723 -34.631211 -39.692327 -11.161361 -88.937966 -22.947811 -26.432558 -11.410060 -53.823589 20.909499 -14.462963 40.508469 -123.448577 52.252933 -11.200286 99.386542 -85.040710 -3.500663 -6.062902 3.126671 -11.350117 8.662943 0.838282 -21.478523 -91.909907 -27.752525 3.442914 -0.702836 -41.637231 27.327467 -34.473013 -5.436384 -83.943169 -33.913223 -18.173095 -26.229977 -63.154372 -19.839455 -1.969442 -20.885624 -14.284716 -9.363585 4.157637 50.470156 19.071880 -10.555096 -0.174013 29.385114 -2.635445 8.775176 2.723753 -11.345373 110.875064 -29.629885 -10.724110 57.855015 137.376033 49.970360 -20.113560 5.513213 -41.940618 24.748444 -3.773850 -4.031833 -29.189521 29.404857 4.086675 -36.414345 -19.481839 -1.274921 46.338129 -43.708703 48.620753 -18.543516 15.903122 -21.615600 -31.573156 -4.054535 -3.836190 -11.493878 279.164473 -46.360882 2.375217 19.571625 274.815784 30.478472 -34.836190 -7.792623 19.629017 -11.888532 -3.852770 -4.015458 15.886797 59.117896 -0.796500 -23.303183 38.942965 7.518519 42.531731 -34.789766 -5.099990 -54.205846 14.268697 -11.304867 -32.969952 1.617692 -9.485104 -1.573309 229.224161 72.608815 41.502551 16.676717 
70.210234 104.060402 8.550964 8.619376 382.908581 1151.351954 93.569942 156.996378 -168.153403 2530.081624 152.022702 -31.893684 -351.959137 1323.440414 193.217223 -387.009285 151.412815 112.901694 90.525916 -63.456994 -4.022141 -38.591980 2.989185 7.044893 -87.922457 -10.990307 -3.925110 -21.980614 -52.693399 -2.025406 -4.518314 -2.355066 -9.032752 62.836751 24.040098 -3.793797 124.955719 134.866901 205.475717 -28.300786 108.108611 21.102796 361.511836 -122.618253 -48.339863 -114.458117 176.357413 -117.039690 -8.690185 -17.675645 7.003010 -3.243343 -85.512244 -7.884298 1.226507 -21.752423 -159.434088 23.724059 -10.227681 15.901592 -41.728191 -1.333895 -3.216611 -0.359606 158.412203 49.772115 126.050352 82.223753 28.507958 -75.979849 128.477604 62.345475 -33.136721 -29.104326 21.530252 5.602132 1.020457 49.568360 6.762932 50.115549 -193.411234 -25.093409 -2.908122 -72.572033 -175.878482 51.043363 -49.264361 41.547801 -24.771707 24.952862 -20.205795 16.072901 121.479543 63.840118 11.468013 105.195082 72.385216 -60.619478 -1.384042 53.982451 -44.443220 2.359555 -6.142332 -1.937659 50.887001 148.361698 12.426334 220.375370 -452.644883 110.166667 2.122283 152.041986 -74.924140 72.420773 -181.641618 33.890317 -47.175135 -4.973370 -51.358127 10.840782 103.654525 6.181053 -6.568360 12.064381 206.531119 -29.180339 -33.908326 -19.724059 -79.127589 -34.921028 -19.324151 -73.528671 -2.690542 50.636670 3.761555 161.933680 -534.961535 104.566677 -15.282012 409.916641 -132.615243 48.100041 -94.459902 100.186205 -21.873890 44.139220 -44.047699 26.723294 20.700847 -17.541986 26.771146 12.246607 206.541832 -103.871697 -25.623559 17.402153 -104.452709 -30.135700 -48.753903 -1.705948 -62.646771 3.857872 -0.209111 28.960361 -391.033313 47.211203 -28.729823 159.769054 -485.988726 -20.644526 -69.673758 132.726048 6.004132 281.288134 -4.240435 44.152740 -50.434394 -19.035558 26.345934 -40.428681 157.744975 -217.382155 -32.049485 34.677584 36.150801 -27.469544 -100.399704 5.517447 0.366340 5.943373 -6.547801 6.601316 -263.469034 -5.091827 -19.607846 -22.011580 
6.945924 8.174880 2.510560 0.816345 3.346291 94.325018 39.418427 8.386950 -11.129834 152.022702 93.246607 -35.577186 58.343893 57.479135 71.547189 -73.876288 32.005408 -9.387869 5.305377 -25.754974 -1.591164 0.468626 -0.347516 -1.726150 -7.222120 -0.902765 -0.322416 -1.805530 -2.767473 5.055403 0.478319 -0.193450 1.017753 29.277829 9.267371 -0.165850 38.539894 27.030201 40.330936 1.884400 43.455413 -14.833231 20.498368 -8.581216 -13.186665 -21.308285 -10.716662 -18.723192 -4.966279 -0.744669 -0.180492 -1.011019 -7.431436 -0.323691 -0.096725 -2.319763 -15.491327 -2.942608 -2.220947 -0.916590 -10.248393 -1.216049 -0.253648 -2.226610 -2.959851 -15.844047 -0.091062 14.784359 23.215029 -38.542139 -5.721049 12.574431 10.972707 -10.966279 -7.824967 2.639169 -9.541832 -1.261606 -1.302724 -2.642026 -23.855678 -11.842567 0.431946 -14.297623 -32.590603 -20.242832 -7.988267 -4.642434 -5.606724 4.644781 4.396898 -2.440567 17.738802 -2.829915 11.851852 -3.296500 -2.074380 -5.279410 4.008213 -7.152229 3.683043 3.689521 -1.657484 2.387256 -4.619733 10.035098 -1.822824 4.989848 -49.981584 -9.247475 -1.448424 -39.764412 -39.244006 -8.744210 3.528415 -9.037292 -15.752576 -9.761249 1.540863 -5.504336 22.632640 -2.096725 -1.006071 -0.639323 -3.113662 1.262422 -2.605295 -19.865473 -8.858229 0.745638 1.534435 -13.979849 23.885216 16.990205 -0.288950 21.926946 -37.949750 11.453882 -2.462147 41.231456 -8.696051 7.057953 -0.434650 -8.840731 -28.717325 4.607234 -7.197531 -13.589838 5.788389 17.809866 -1.094174 -3.216355 -22.375676 16.357259 8.445465 -0.402561 -41.427456 -0.906744 7.518825 -11.330527 -1.954852 0.793899 -0.301704 7.889654 42.933017 19.453627 -0.925110 57.354913 31.585348 74.171972 -6.927967 1.175543 -40.329201 51.574329 -1.371748 -13.322008 -1.981532 -4.410978 8.443577 -16.469085 -38.297113 -53.361953 -12.561269 -2.371238 -42.756606 -25.913988 -16.781859 -1.694674 -14.716151 -1.698041 -4.468677 -0.484542 -8.123916 11.822314 -4.479900 1.570911 
-5.711764 -20.344761 -2.469238 2.179982 213.471431 31.355882 -22.189317 231.443628 129.237731 -31.893684 -35.577186 803.357719 -532.449036 -492.958014 -134.860780 216.732578 -432.700541 -258.626365 -111.760841 -137.015917 -59.694419 -22.524640 -7.358178 -7.925365 -52.223243 -6.527905 -2.331395 -13.055811 -33.850525 -11.604530 -4.429650 -1.398837 -4.975513 -17.061116 -3.123202 7.087797 20.540455 100.596980 28.210846 97.039843 -76.756147 95.695949 -39.327109 129.812162 -113.875778 -27.245434 -54.323283 31.408683 -8.897817 -5.073513 -2.159729 -0.904959 -52.003826 -8.116621 -0.638812 -17.120549 -106.803898 -24.301194 -16.507703 -4.026018 -27.728191 46.670595 -15.887767 13.301449 -89.350985 128.026324 3.001530 62.994796 -376.296755 94.173911 -17.350117 -2.506938 -98.504846 15.051678 5.583002 5.148709 -19.970564 21.398888 -2.154576 16.410162 -149.700796 -47.826854 -5.051780 -59.932864 -252.730334 -11.187838 -46.369860 -10.666565 -108.346903 68.915825 -33.302316 27.193552 -87.322365 130.728446 -14.765993 162.414499 -363.311754 133.819355 -21.253852 164.148556 -84.269819 34.867411 2.044536 27.789052 -30.120855 76.825783 1.940363 88.561116 -335.618508 -31.348485 -6.586471 79.063310 -81.317519 2.007754 -34.036680 -45.611927 -21.853025 36.021579 9.960055 -8.658657 -41.195082 49.936945 4.919294 65.029589 -218.636109 78.330323 -1.684420 137.058770 21.577237 34.442608 21.691001 97.929803 12.031680 27.986838 0.172329 77.068922 -133.027752 -30.857004 -32.934088 229.559178 215.177686 -86.377512 4.275788 16.594174 -3.271197 -19.269309 42.561167 -22.682430 -76.262677 53.835680 -2.830987 -2.811193 -136.707887 68.311244 -2.591011 28.167024 86.355372 30.486634 34.776400 18.820426 32.472758 6.136772 10.491787 14.891338 92.619325 13.903122 -21.511529 112.481175 197.222273 31.113611 86.562494 62.355678 25.726354 -96.712988 27.697276 -4.790021 -128.593766 -152.026579 -60.021630 27.367616 -105.347056 -18.430976 -39.730742 52.040659 54.505459 57.210591 39.798388 9.997245 -2.096062 -0.272115 13.292827 -1.725283 -94.558821 18.271809 -37.004030 -5.027293 
-0.544307 9.746097 5.890725 -1.090680 -251.831726 -53.678604 35.246097 -185.548439 27.271350 -351.959137 58.343893 -532.449036 1160.362948 -222.657254 77.519284 -95.646006 387.420340 -108.710285 -17.072544 -13.877640 -48.227732 -7.660009 -6.060376 -8.949495 -53.840220 -6.730028 -2.403581 -13.460055 -5.516299 2.512856 1.054408 3.830579 7.410239 31.483930 12.237833 -3.497016 72.658173 -113.510790 3.318411 -85.305556 333.067723 -184.764463 -71.374656 -111.964876 161.713499 -46.026630 -98.973829 -32.876492 -16.048898 -5.169192 -5.521350 -4.354683 -15.405877 7.748163 -0.367539 -0.688705 37.384298 13.850781 11.974518 3.081956 35.049357 -34.343434 7.462121 0.654729 -23.669651 -75.074839 -36.578053 -58.797750 170.821396 -71.751607 -55.367080 -12.781680 72.829660 -23.682736 -30.595041 -13.979798 -6.880854 -23.806244 -5.010560 -26.506657 76.467860 40.289945 5.012856 47.268825 126.529844 -75.712351 45.427686 -17.910927 17.820018 -24.136364 28.742195 -26.481405 3.739440 -39.791322 6.368687 -95.152893 234.502984 -65.018595 16.804178 -119.434114 64.523416 -31.025023 2.774105 -30.412534 -20.317034 -78.965106 -12.398760 -107.933425 249.486685 -28.353535 5.856979 -126.298669 -24.802342 -45.334022 70.533976 -60.460055 -74.150597 -56.767218 -1.770891 -47.300735 48.786731 -49.471074 -6.049816 -38.052801 222.896924 -63.165519 24.612489 -121.259871 -20.935721 -30.525023 -0.054178 -116.738981 -18.926309 -22.119146 -4.099403 -84.536042 94.181359 -30.546143 8.760560 -191.681359 -114.708448 194.992195 -7.789945 -99.657254 -110.636134 2.069789 -43.752525 -58.355142 14.627181 -67.158402 1.467860 -58.726814 169.817723 -68.102388 37.269513 -65.380165 -167.212351 -24.681129 -12.682277 -57.818182 -54.305096 -6.103306 -6.943067 -10.723370 22.912764 -37.117309 14.510560 -18.436410 30.506657 153.002984 -94.887511 -43.003214 -52.407713 86.856520 -6.414601 -29.302342 54.160009 96.243572 105.331267 -107.255969 116.287420 -152.303030 52.984160 -91.517218 -158.176538 -134.480028 -96.194215 -9.920110 -39.536042 0.102617 -11.356749 4.464187 166.940083 14.519054 51.360422 30.193297 
9.529206 39.388634 1.572544 -3.439164 -26.111749 225.494235 24.459902 -119.394679 -271.276349 1323.440414 57.479135 -492.958014 -222.657254 2013.761376 228.218498 -254.660596 573.230665 700.580400 228.183910 187.413606 98.949597 -8.808157 17.792037 21.778339 -81.620243 -10.202530 -3.643761 -20.405061 -48.424829 -4.822161 -4.397893 -2.004438 -29.576293 25.765636 6.527395 -13.121034 -69.628584 27.324788 77.734797 -107.580527 -72.921054 126.975717 430.928936 -185.016503 91.557494 37.644526 315.181614 -82.466279 22.421360 -2.443042 11.146439 3.433196 -73.586012 5.116850 1.558387 -11.805428 -118.442863 1.795225 -2.518187 8.161081 -67.602158 -27.595398 5.860550 -10.652791 143.972324 -62.384604 103.945516 -25.048592 209.888736 -15.147791 195.950541 32.075783 -12.872921 -13.768034 47.650189 14.135241 22.468753 26.120804 5.659474 12.915901 -54.500153 81.422380 2.176717 53.589251 -179.401133 28.230971 -15.199138 44.571115 62.819457 -16.351852 25.843766 15.342389 87.622156 -56.427125 27.006734 -49.645036 164.361570 -102.891771 29.078028 14.783619 26.021732 -10.921768 -1.973370 35.148633 52.413045 25.227375 1.612463 7.158606 14.344149 180.494949 7.333410 107.533542 -231.747347 155.185058 -61.596215 146.577543 107.860626 81.853994 12.951331 80.380522 42.156540 15.919498 4.715055 -2.634170 105.665162 -43.226686 -19.611417 -56.769972 95.955413 -32.343205 -19.059229 -20.490384 15.290863 -0.529920 -2.525329 -3.332900 -319.095858 133.726023 23.660111 -81.207734 -455.809458 48.848536 56.585476 102.793363 164.958142 61.362157 -2.265432 72.308157 86.252321 -53.101724 11.115447 97.058259 73.567442 -76.850985 -25.040812 27.137792 53.090680 -7.480232 -37.258035 17.049383 15.181436 0.865269 -3.275278 13.083027 -673.659065 -8.778926 -11.202683 -109.683884 -756.972018 -114.962223 17.911591 4.968167 53.016529 278.963703 11.839608 45.448500 47.647664 121.865907 17.916003 -4.037114 29.773390 62.200337 -31.819432 15.442939 51.029410 62.395393 -10.154933 4.337466 48.057673 2.111035 0.832925 2.856443 -332.904474 -61.566804 -43.293899 -36.619274 
1.007142 2.438119 0.877870 0.518825 -38.116825 42.415621 10.905571 -22.167840 -57.028211 193.217223 71.547189 -134.860780 77.519284 228.218498 174.946026 -119.166616 111.847771 67.412101 87.747832 -5.091062 20.838894 15.456688 1.881900 2.295735 -13.838588 -1.729823 -0.617794 -3.459647 -8.278186 -0.029997 -0.648556 -0.370676 -4.995103 13.050403 4.450107 -1.834966 47.470717 18.520406 79.110856 -17.602132 -7.032038 -18.404244 138.164881 -55.383022 -52.510509 -24.731915 29.670697 -42.720284 -7.158351 -0.248036 0.982196 -2.669881 -14.344200 -1.221304 -0.094429 -4.633201 -21.123406 -2.023875 -0.588409 -0.889042 -16.073921 -7.542649 -0.290685 -2.829609 20.727783 -13.660392 15.338690 39.693909 7.928528 -46.350066 -8.623559 46.608713 -19.248444 -21.289664 -16.552087 0.600449 -7.875931 -0.476788 -1.945057 -3.771503 -24.692684 0.877053 2.242169 -8.258290 -47.525865 -29.595143 -5.836598 -4.800990 4.657892 -16.304714 8.246607 -5.800684 -2.381645 -3.774513 0.937710 -5.578716 21.593205 -3.804816 0.811856 26.152944 9.532905 3.004795 -1.286042 22.745689 1.971789 3.005561 -1.909907 9.404142 -4.769156 13.904040 2.305938 -16.516631 -70.330170 26.872258 16.751250 31.700847 -17.696868 -20.184573 4.130395 -1.657994 -9.654168 -9.937863 -1.215131 -24.680951 23.984900 -12.913733 -3.400520 -44.137741 52.049791 -6.920569 -0.018365 -14.701918 1.775023 13.474135 0.072850 14.560249 -23.853025 40.046781 8.378839 20.345169 -79.410927 24.843689 20.687481 24.403683 -18.848179 -2.790225 -5.448373 -7.067799 -8.960616 -16.554076 2.344914 -19.435976 15.478625 -22.608458 19.745434 -21.644373 6.127640 -11.196613 13.154270 -18.237935 -19.504438 0.543516 -1.876390 1.660086 -64.886236 33.905877 5.360320 9.158861 -129.635343 -56.667177 -23.093562 -28.290481 -29.488062 40.477604 -0.766605 -4.709519 -1.531885 102.266401 27.966381 -6.905265 9.063922 7.920875 46.506377 -17.560555 -14.355474 -37.939700 0.109173 -4.014692 -20.249515 -2.472605 -5.956586 -1.232935 -95.161259 -8.346648 -8.565453 -15.182226 
-23.466534 -28.530507 -2.413682 -2.936180 -113.712631 -283.314713 -28.127028 -91.746046 15.765789 -387.009285 -73.876288 216.732578 -95.646006 -254.660596 -119.166616 695.233139 -185.971023 -121.285175 -71.559943 174.775329 -52.658504 -14.430364 -7.536068 -4.298541 -60.770942 -7.596368 -2.712988 -15.192735 -37.996429 -12.454699 -4.735486 -1.627793 -28.558004 -36.840016 -12.672023 -11.728140 -116.397817 -60.966432 -57.625293 -17.346240 -34.553005 121.143200 21.107795 118.922151 116.473268 123.930772 27.680645 136.152229 11.547189 1.708193 -2.269717 4.771809 -61.062749 -5.455005 -0.384604 -18.666565 -73.817927 -17.730487 -12.434752 -2.194368 -49.889807 -24.763187 -17.226712 -10.334354 -73.456484 25.842822 -4.166820 -39.983318 -175.997092 150.257525 55.523059 -72.927252 -69.803387 67.052240 44.363585 -15.650393 -10.555300 16.714825 -1.024946 2.898378 -93.057698 19.598510 -2.352566 -5.354862 -75.317876 46.816090 6.796245 21.325579 -69.943424 5.180135 -24.635088 8.214315 -9.621467 8.249209 -13.713805 55.583971 -113.286501 29.466381 -15.798184 62.608713 -123.665442 3.389858 -4.622130 -22.760892 -45.370574 7.311193 -7.942353 -16.907458 -27.665085 31.126263 -3.387818 67.461177 96.565759 -48.654984 55.312927 9.157994 6.102643 33.546832 -6.726814 10.643812 13.351495 19.277013 0.911438 45.155290 -36.327467 29.986328 -9.751760 93.780992 -111.920518 22.407254 -7.046373 57.284461 -5.432966 -3.767371 -6.324304 -11.631976 137.659678 -1.968677 -4.418376 -78.093460 133.824151 -73.531272 9.136058 -48.884502 32.161463 -18.689062 13.770483 12.738445 -11.602183 -4.865218 7.604479 6.928426 -62.150087 4.916182 -17.037700 22.841547 -57.179982 18.712784 -17.117539 42.132435 61.529997 8.595245 5.770687 4.935109 118.037394 -19.223140 -0.386389 -46.049128 -60.352362 -38.402102 31.109071 6.357361 47.165748 -123.403785 4.805020 12.910315 -70.070758 -26.348689 -20.462147 54.126875 -153.325732 47.632997 -17.251505 7.187685 -45.864351 50.500153 28.595245 12.103306 59.992603 2.837313 20.992603 0.702326 13.096623 26.443526 -21.309866 -4.289358 
0.993598 19.578614 1.301653 -2.502066 -119.899424 16.345373 19.980410 -116.466968 -270.928120 151.412815 32.005408 -432.700541 387.420340 573.230665 111.847771 -185.971023 707.490792 283.856086 123.854352 106.557009 69.769564 6.972069 7.285252 12.361392 -24.277523 -3.034690 -1.083818 -6.069381 11.785864 7.891032 2.668019 4.622436 23.178222 41.492552 11.777013 1.964162 -53.503801 -32.012881 21.963703 -64.528900 200.840552 -31.353280 193.268646 -108.220717 286.212631 3.428783 151.011376 -35.343332 20.927737 -0.215208 5.243215 1.394169 17.641108 16.306933 0.644552 13.932915 45.440873 2.666208 22.871875 7.188323 58.550735 -24.476992 23.120932 -1.622079 52.782191 -87.602541 55.431436 -80.574457 262.676462 -45.504336 127.220105 -71.975538 89.782777 -14.504081 31.374452 -20.950056 19.054510 -15.618661 0.985614 -14.241429 129.257270 53.598128 1.839965 74.637256 22.616927 -41.852030 57.420748 -2.704571 87.995817 -30.501684 38.732145 -9.381721 96.839430 -40.779334 30.276094 -73.534180 173.215565 -62.188425 35.848816 -120.332594 3.013162 -23.788823 3.881543 -41.951051 7.635012 -46.881951 -1.526757 -74.871340 193.311193 27.888889 4.053183 -100.070120 -143.812034 6.995536 20.896796 26.798184 29.103408 -9.877870 3.422865 12.032089 71.278569 -18.383226 -1.964672 -3.431640 117.743623 -36.437379 6.095347 -33.231864 -79.754158 -24.678834 -8.355831 -49.979926 -25.036961 -14.218932 -1.517830 -45.978089 -73.735486 -4.617820 29.369886 -173.171360 -261.836088 38.397408 7.314891 5.057265 15.610728 0.490307 -23.099888 -1.931665 40.263902 -50.033415 -1.341496 2.582849 101.666871 -56.321498 -18.643914 8.546628 -88.306015 -22.188578 -32.425161 3.696409 -21.412381 -3.343536 -5.324967 2.714034 -225.882104 14.858815 17.535711 -34.137971 -245.685619 51.424880 1.927558 -17.624273 -48.088154 147.190873 1.249923 -5.448959 22.871926 57.000332 31.002882 -30.849480 48.484491 -6.271044 -28.577416 -8.079609 -6.896567 -19.893557 -41.939496 -2.229109 5.060632 -4.199648 -4.022702 3.733088 -81.688578 -20.615932 -1.156821 2.571217 
-0.222477 11.503112 -0.796143 -2.184114 -73.237170 -24.956943 -7.464340 -68.749056 -155.530558 112.901694 -9.387869 -258.626365 -108.710285 700.580400 67.412101 -121.285175 283.856086 517.901949 127.680543 97.163606 106.087644 46.401439 13.937659 16.997194 -18.455260 -2.306907 -0.823896 -4.613815 -10.137792 -2.478727 -0.999745 -0.251913 -9.018212 -1.202377 -0.856443 -3.894603 -41.168146 -31.261912 16.132946 -42.766554 -54.768697 56.120498 173.971023 -74.997143 47.271299 82.264055 152.688348 -20.538670 21.971023 13.217733 7.884655 2.455923 -14.969850 2.382002 1.030609 -1.019233 -12.106163 0.775023 3.243598 2.310070 -9.761249 -8.750281 13.346240 -5.433935 82.224008 -67.364402 55.698041 -48.712733 152.903887 -7.043414 126.087746 -32.601826 2.792062 13.390215 35.678808 -0.534792 21.489797 -6.249566 4.326140 -5.490664 14.328130 28.781808 1.188501 22.618712 -64.108203 17.411948 20.180492 12.310172 57.130905 -7.457912 25.196460 5.664779 55.136466 -31.604734 23.582492 -54.131568 69.061065 -29.832007 32.599072 -24.585910 -8.261096 -2.968064 1.077135 10.809407 34.600755 -17.897204 2.481992 -35.605703 60.780175 65.010101 1.189470 -32.209723 -143.872768 77.360984 18.649577 57.291348 77.308438 65.591368 15.264463 50.459647 4.192735 23.656872 4.931385 10.500510 -18.138710 -4.619784 -0.161922 -4.482094 30.270228 -6.239669 -7.533976 21.379145 14.742883 -7.976890 1.704469 -25.619937 -75.801245 60.383430 13.689572 -100.862616 -129.920569 -49.299612 33.037496 42.496225 98.965718 12.905928 3.675645 43.492501 39.849964 -18.522600 -0.158963 66.080145 -60.355117 -7.596776 -17.072799 44.156311 78.663912 5.751250 -7.651974 34.470258 38.062749 -0.612846 -1.681002 2.333027 -198.248291 -8.983471 8.506071 -57.474288 -116.708550 -42.355321 52.076574 8.104530 23.769054 130.823130 2.486073 21.102541 9.986889 51.624324 1.081828 -11.160851 -72.637384 119.114478 -24.763034 19.972401 68.043720 96.150444 21.498265 7.226354 53.093868 2.456994 4.816090 1.831191 -99.248750 -21.705693 -5.059892 -16.723651 
-0.897051 1.847056 -0.395776 -0.669421 -25.867207 -3.859555 -4.409397 -28.964748 -68.609173 90.525916 5.305377 -111.760841 -17.072544 228.183910 87.747832 -71.559943 123.854352 127.680543 98.302622 29.179829 40.047036 22.926844 5.575809 7.410213 -6.810734 -0.851342 -0.304051 -1.702683 -4.591164 -1.824304 -0.577696 -0.182430 -4.052495 -3.945771 -0.971840 -1.516172 3.619325 -10.568054 33.855270 -15.943883 -9.527599 0.148862 130.335374 -40.080298 -7.510356 -1.706816 66.653403 -22.959647 0.840424 2.351291 2.970564 -0.112489 -5.570554 0.582645 0.161310 -0.105346 -8.760841 -0.906336 0.966840 0.397000 -6.602388 -7.271605 1.650393 -1.981890 38.016733 -15.352770 31.357515 2.793541 37.656719 -13.293286 27.949291 7.125395 -15.143914 -9.331293 -1.242781 -3.739618 2.976533 -1.885114 -0.204928 -0.958831 2.969850 11.507754 0.476482 11.000816 -25.053413 2.020712 6.942404 3.359861 8.037445 -11.143098 7.205897 -1.247271 6.659831 -4.078767 -1.249158 -13.755637 23.716713 -0.003010 1.569279 13.094327 -5.304561 -1.392205 -1.097337 17.628303 0.092848 -9.639833 -0.333843 -12.301704 39.566626 33.035354 1.916590 7.354505 -39.064942 46.273697 7.200592 46.969595 -1.953219 7.464187 0.028466 16.264259 -13.438527 2.403734 -0.084583 -10.599837 -0.731660 -9.186614 -0.348179 -12.250230 29.616978 -6.472452 -0.041781 6.142741 -12.177227 -2.043312 1.320784 -11.550097 19.961177 20.830374 11.339047 -40.745128 -82.241047 -8.042139 5.528160 43.768085 21.190848 1.514947 -4.636925 18.315580 -0.856698 -11.137333 3.387920 4.953525 -1.974850 -17.197837 9.397715 -4.205132 19.932048 -5.788287 5.727732 0.214927 -2.921335 -0.681767 -0.559739 -2.171411 -63.298847 12.503673 10.401337 -43.631772 -138.193807 -72.910672 -18.504183 -9.114631 1.205693 38.971483 1.200796 12.013621 -5.707428 56.271299 12.527599 14.827518 -8.062953 28.668350 25.694011 0.000663 9.166718 2.586930 9.969748 0.091827 8.983573 0.628864 -0.642690 0.118304 -46.212529 -8.208448 1.568309 -11.288134 
-3.148378 3.455158 -0.809458 -1.830349 -75.379783 -73.177074 -10.563361 -62.289639 -92.403428 -63.456994 -25.754974 -137.015917 -13.877640 187.413606 -5.091062 174.775329 106.557009 97.163606 29.179829 197.631084 19.879553 2.142103 1.908708 9.026936 -17.363942 -2.170493 -0.775176 -4.340986 -10.028390 -2.489440 -1.210208 -0.465106 -10.202250 -5.747628 -3.559688 -4.797903 -79.526247 -34.214340 -25.611494 -31.362795 -50.373814 57.711815 62.944291 11.872436 114.241812 91.131925 91.745944 62.290787 23.845807 6.352694 3.786425 7.444674 -15.195592 2.362489 0.459366 -1.702326 1.989134 4.676309 -0.369988 1.353306 -5.944215 -14.271044 1.485690 -5.799969 8.018442 -21.306244 14.318641 -35.436410 24.688246 55.611264 77.453551 -46.049051 -12.908020 35.833180 40.969850 -13.528620 13.511861 5.042394 2.433425 4.181129 8.370064 15.757499 -0.523110 22.521656 38.276860 26.549204 3.699648 16.331344 33.178757 -20.207071 -2.445745 2.495944 54.190159 -25.174395 4.787879 -5.423630 29.963039 -26.149143 4.816269 -21.091292 -55.235996 -10.227655 -2.906336 -28.214800 7.568794 -3.312366 -0.973447 -17.151362 59.000306 24.156566 -1.702709 5.366468 17.143633 17.255357 10.697582 32.233088 39.803183 22.238292 -9.395317 29.467554 34.751071 1.057851 -2.287343 16.251301 21.939470 -6.118075 -13.613407 34.641873 -76.692991 -1.158632 -16.113407 11.623890 0.599403 -3.589302 -2.186180 -9.682354 53.197735 24.782293 4.424319 -81.558004 -58.735078 -17.835476 13.069100 -17.596495 59.184803 8.127793 -9.695286 36.640725 32.811601 -14.520508 1.373431 25.901592 -0.428528 -27.531374 -19.331344 16.263238 -33.528237 -4.135828 -24.026171 28.370370 25.665060 2.764769 -2.029232 5.010331 -26.581879 22.560836 -1.861035 -27.082415 -158.637358 -46.644705 -13.387818 -12.577135 35.785583 -14.629553 -9.157484 16.246327 16.007729 33.705158 -2.853459 39.914830 -62.527854 56.202020 2.570171 -0.636287 -3.293312 21.810147 11.891032 1.432507 37.903505 0.414830 4.198959 1.322314 10.616697 14.995179 -5.312825 -1.354148 
