2460.256708 768.187889 144.801755 92.350219 235.075554 19.322824 -0.555454 7.328283 -122.364249 -53.470462 -7.806448 -13.104581 -10.428936 -100.641618 -6.391695 14.743343 81.332721 -184.324559 -0.336649 9.556219 22.236557 -125.235996 -8.888940 -24.722579 -86.482604 -93.713652 -39.189624 -18.545250 2394.738802 -269.802622 57.976023 0.996276 237.823385 -19.810785 -0.738700 2.404295 -17.897510 28.162687 -28.728905 -2.896541 -27.651311 87.536068 -18.214264 -1.448679 53.179216 42.742781 11.401439 53.560759 -8.318641 -240.739057 -53.967503 9.316090 26.450668 -270.674523 -91.203449 -33.662177 709.443220 -189.672891 -25.358535 -36.913988 198.470054 182.545710 9.732272 -16.043618 5.989797 474.564687 -40.294664 -3.832007 -112.601673 284.745077 -47.808438 -10.334150 -186.375931 101.220998 10.071319 23.197786 48.657841 89.026120 -14.884195 36.486328 211.264514 425.254923 -54.752321 -11.811295 -23.756657 85.547648 -58.972554 46.579074 109.541986 70.594684 -18.293644 11.762320 -17.009132 90.782369 -42.065095 -5.985053 -183.811091 83.302826 -33.432558 1.341496 -208.946383 51.131823 12.650495 41.100806 207.217172 30.784308 28.996429 2.549791 83.532905 175.030660 1.089889 6.768748 -225.296245 21.432354 -59.732068 76.240486 146.548669 -3.026681 -17.596011 47.393888 -19.175951 -11.105244 -4.792725 -2.041883 -190.371850 6.036731 -5.940618 0.050148 -155.129579 14.393429 6.136772 5.865065 247.837364 -18.724671 15.407918 16.305734 0.694062 6.151005 -5.777829 3.897766 -203.439700 -167.366850 -31.863636 27.264922 166.608254 -8.490919 -9.089532 77.581012 -11.731405 -2.664320 -8.071676 -0.898480 -115.005714 24.454801 -8.428171 -1.780022 -166.077288 36.837108 88.395725 6.974441 91.624222 12.829864 43.382308 10.686614 33.410774 -25.886032 -3.117845 3.273237 0.045812 -109.393480 0.644373 18.640241 77.661769 20.620549 10.553770 37.130140 -58.359810 -27.937098 35.869452 -4.640904 -54.282981 -116.836190 -20.470819 6.584583 11.790940 17.929395 -29.050811 3.465871 17.816702 38.023722 53.721712 -4.262779 32.795276 8.943883 8.227579 -1.231507 
768.187889 695.629222 34.170544 79.472707 119.839812 67.058412 0.878074 29.752525 -53.854301 -25.792623 -3.380114 -4.500255 -117.063106 -24.266248 -6.258137 1.549128 66.085093 23.297164 -4.446485 49.853943 94.758239 1.323691 -8.757219 15.002500 -55.343996 -56.974135 -20.652433 -10.733752 877.323334 93.785022 -0.276604 48.142230 272.716100 2.882563 -4.783645 42.225487 14.636109 -76.810530 -33.877461 2.674778 -103.284257 -58.772676 -21.530456 -7.995613 16.472758 -76.694419 9.134374 15.625191 55.871901 -166.462963 -31.969901 26.252015 42.158453 -78.414703 -34.853637 -12.506173 112.776247 -136.784716 -38.298337 -14.682890 321.997500 7.573972 -12.716815 1.800275 61.379502 32.087593 -35.795939 3.647281 -85.419600 119.461228 30.992399 -26.302367 -128.671513 46.023722 22.015917 -16.480461 2.425416 -142.859606 -21.123763 12.444189 194.128201 74.498368 -6.390317 -2.199725 -286.359963 18.272523 -45.060810 14.800020 281.731354 16.529130 8.100959 8.663759 55.028569 47.977961 2.531425 -0.619784 -143.034486 106.870115 11.149117 -10.759157 -182.329864 36.703500 5.401082 2.930721 73.035354 -21.757831 -0.889144 5.373686 256.390878 53.189419 0.587950 7.452097 -367.406081 -7.056780 -39.178553 14.261045 270.881543 21.469595 8.621569 40.545812 24.095296 -2.798643 4.432915 2.464902 -164.821294 1.429752 -8.057086 -2.053056 -177.067697 -7.950974 -12.416998 -1.818080 105.396031 -26.442455 1.291042 6.162892 227.005204 27.564177 2.823589 3.043924 -359.038261 -49.906795 -28.919192 -34.450413 202.131109 84.936435 11.288338 72.321804 25.771350 10.392664 -0.377053 7.067136 -160.929701 9.462861 -25.356341 -0.782267 -170.938782 6.554382 -12.961994 0.588001 115.928426 12.670748 26.419804 3.471483 177.235690 34.313335 10.294613 2.092389 -126.926742 -35.119376 -7.136874 -27.345322 47.852464 59.610703 12.002398 28.437506 -27.052036 -15.152433 -13.722528 2.950974 -176.266605 -63.959800 -143.769921 5.579635 3.746250 94.655851 -49.341292 9.294460 167.257831 149.970309 71.650036 -1.418121 100.564381 65.008979 17.023110 -0.722885 
144.801755 34.170544 26.434547 4.522753 23.988113 2.794409 0.094327 1.212121 -7.808387 -3.502908 -0.753393 -0.427711 15.852872 5.270942 -2.475309 -1.297521 8.782522 -7.165646 -1.997449 -3.707581 3.048413 -18.724059 -1.155749 -3.090246 -15.318743 -29.642179 -4.551882 -0.871952 159.194317 -23.647944 18.696766 -4.728293 24.472299 -2.734517 0.692939 0.182787 -1.882257 0.770738 -3.761759 0.071931 8.926028 1.589583 -3.768748 -0.154474 7.693144 -1.394603 -0.781604 4.447046 -4.295684 -6.185185 -3.545199 2.624375 -2.008673 -3.207632 -5.461994 -1.465769 55.807469 -23.546883 1.615345 -7.042853 7.767014 4.036323 1.273544 -0.226354 0.865269 22.833690 -4.926793 0.716151 2.879298 9.255535 -2.100347 2.083767 -11.005306 -1.763238 1.222528 1.729364 -8.505255 17.693195 1.758239 2.688450 2.959698 44.401031 1.713907 -1.297062 5.566116 3.752780 -4.277523 3.002500 0.373686 -2.883634 -2.124936 0.999847 -0.858943 -0.573462 -3.943322 0.887103 6.654219 -0.016937 -2.498265 2.157280 3.980512 -2.437455 1.268850 1.483063 -2.828283 0.562188 2.188450 -2.513825 -9.880012 3.509438 0.278951 -0.562596 -7.982298 4.117692 -4.453576 6.975462 -3.081726 -0.906438 -1.640598 1.379604 -1.679727 -0.992858 -0.397204 -0.087440 7.192021 -0.239210 -0.217784 0.652178 14.502551 -1.198908 -0.971176 -0.149117 -0.574584 -2.289103 0.205642 -0.866493 -17.827212 -0.840322 -0.630497 -0.152127 -6.894092 -10.357668 -2.979798 5.756198 -4.024997 -1.741251 -2.011938 -1.195184 -1.257117 -0.658759 -0.110754 -0.200082 6.793439 1.162585 3.951740 -0.105499 3.842669 1.676972 7.037088 0.747322 -5.735027 1.111060 0.554790 0.751556 -15.562290 -2.217427 -1.114478 0.254464 6.645801 -2.835629 -1.229160 3.912713 2.457147 -0.923732 -0.466381 -0.688297 0.746863 7.660239 12.901898 -0.427354 0.184267 6.793184 22.932099 -0.580604 -7.554025 -7.471329 -0.404193 -1.059994 -7.617743 -9.793695 -2.471636 -0.563208 -9.845628 -6.051627 -1.520049 -0.093868 
92.350219 79.472707 4.522753 30.451076 11.636772 8.652331 0.075554 5.666667 -10.402816 -5.084328 -1.281043 -1.760535 -15.339098 -9.469289 -2.959035 -3.532140 11.571931 8.649117 -0.836802 4.039078 18.996582 10.997245 -1.419090 3.465361 -3.878227 -0.653505 -2.398531 -1.409499 133.305224 -3.081624 7.280278 20.315529 42.833027 1.161973 -0.199367 7.666157 3.370778 -2.956688 -2.481584 0.313284 -14.540812 0.680390 3.170952 -1.137996 -7.161463 -11.238088 3.692072 -1.757882 4.955464 -24.380471 -4.903377 2.019335 9.169370 -3.969136 -5.072901 0.869809 20.598408 -30.260280 0.302928 -8.394245 47.908377 -7.848995 -0.782726 0.334711 11.495154 -4.493011 -2.658147 1.426640 -10.427967 12.060351 3.076472 -1.680186 -13.419855 8.093358 5.281604 1.230691 -1.548005 -15.436078 -2.903326 1.194011 29.258851 -0.706816 -2.990307 2.092287 -28.188705 -4.655902 -3.499337 -5.521783 32.991787 -5.169166 -0.079380 1.136976 4.725334 -8.761708 -2.354658 0.076166 -13.352566 -3.433935 -1.028824 -0.935517 -14.122385 -0.006071 0.441435 2.571115 -1.525253 -2.866595 -0.614070 3.385267 32.742271 1.332619 -1.306040 1.911999 -25.781247 -8.506122 -4.146975 -0.268850 28.513774 -1.532497 0.101112 3.439496 2.548873 -1.062239 0.277370 0.406999 -16.973472 -0.876492 -0.300582 -0.357872 -21.033772 -4.857566 -1.233139 -0.275584 5.092950 -7.990052 -0.381492 0.747118 32.177533 1.905061 0.414243 0.573156 -28.297368 -1.776400 -2.661616 10.313590 25.333997 15.774768 0.184114 10.368279 4.316345 1.247832 0.259514 1.211101 -16.660290 -1.520712 -3.335578 -0.248036 -21.193909 -6.138863 -2.200541 -0.807469 7.392970 -3.437506 2.922253 0.591419 28.117845 8.630650 2.493266 0.832313 -21.561320 -8.733242 -1.551372 10.264973 1.984542 10.940720 1.437914 5.936690 -4.578359 -7.221763 -7.420722 0.226252 -16.903734 -20.575094 -37.290685 4.871238 11.650444 12.348281 -17.570095 5.149066 32.013060 23.644475 10.475768 -0.075451 19.783185 13.162738 3.413529 -0.112744 
235.075554 119.839812 23.988113 11.636772 124.797189 37.069126 4.120345 8.290404 55.086012 27.077212 2.695720 -2.424191 -55.076268 2.221431 2.637486 -3.550735 -67.568029 3.665315 2.212529 14.739312 11.708958 9.117080 7.639323 2.444955 86.119809 14.790787 25.518365 -2.675977 141.750485 -31.591853 9.415927 -7.720870 127.352234 7.187124 7.309254 5.997832 22.464697 -18.675773 -9.763902 3.279691 -33.385573 1.938374 -4.214111 -1.916029 -36.833946 2.815146 13.421105 4.051729 11.710973 -39.038721 0.862667 11.947072 45.825885 -81.301908 -10.972707 -3.689675 -50.618381 -27.091037 1.332900 -14.279079 89.822722 1.268034 4.250434 -0.444904 7.594302 5.333997 -8.465055 0.001352 -20.683757 26.416845 7.288389 -8.538516 -65.706101 12.659397 11.295301 -7.390776 18.564917 -56.530099 -7.986864 7.545506 102.824865 -15.661795 -2.393149 -1.576217 -120.106290 38.620243 5.589940 3.173834 67.883022 23.685083 15.549000 3.883915 9.986711 20.546832 4.295735 -0.798771 -48.734517 16.759310 1.116136 -4.460795 -88.246148 -5.294740 -1.594863 -3.826548 38.840909 -9.906515 0.318233 -0.695949 109.366774 0.714136 4.700592 3.786348 -142.345551 53.812366 8.533185 -0.018876 54.050964 11.418707 6.149424 9.045888 -0.219059 0.126900 -0.365371 -0.007627 -54.735741 -0.648072 -3.434037 -0.698985 -78.476865 -2.692633 -3.581752 -4.345475 31.286450 0.725360 5.305428 -1.265407 86.580272 10.307367 8.429727 1.136670 -140.588307 1.595500 -4.426768 -14.236685 28.557112 6.230895 -0.819789 8.831599 0.974518 0.886619 -0.724084 0.589098 -54.731737 2.353892 -5.522166 -0.359708 -71.128405 6.472962 4.507550 1.704622 15.934012 10.246659 14.462504 1.239542 72.695286 8.397434 9.991582 0.508290 -34.828793 -13.132691 -4.295353 -6.186996 14.741123 9.563718 2.194470 5.570580 -6.012320 -1.458907 7.041475 -0.362922 -56.847184 -14.225717 -28.588945 0.677507 -37.129553 25.122870 -13.126186 4.689088 2.411565 54.043312 25.850296 0.190695 73.260356 52.348204 15.371136 -0.163504 
19.322824 67.058412 2.794409 8.652331 37.069126 26.582696 2.331599 8.833333 26.020508 15.810989 2.487399 -0.712019 -53.516172 -0.031885 0.633558 -12.843893 -28.388583 22.083155 1.324049 -3.304204 35.357310 37.673554 4.490766 2.975768 58.285073 39.026018 12.243802 0.850066 -4.615192 11.649628 3.831854 1.699674 66.164065 14.990409 6.719518 10.323947 17.686971 -5.942455 -2.007601 2.609887 -33.427711 -4.789919 -0.307009 -1.892664 -19.400214 3.463626 10.569483 -5.906642 15.189624 -25.037037 1.700082 4.767881 30.500255 -41.896745 -3.551474 1.065095 -61.029691 -13.237629 2.882971 -8.310683 58.438374 -9.928579 1.642281 -0.066575 14.769411 -38.473421 -5.778594 0.068360 -9.508928 -5.383481 10.354556 -4.284104 -26.275839 8.041016 10.131007 -4.958321 7.402561 -52.545046 -6.256555 2.717274 60.351750 -59.848842 -3.306499 -0.758494 -79.389348 9.397051 4.679880 -5.738190 47.457963 2.759055 9.355576 -0.681665 13.488573 -5.916437 2.727834 -0.531885 -21.984185 1.766095 3.606010 -3.391287 -44.744822 -3.321804 -0.674574 -5.577339 8.792929 -11.237272 -2.201918 -0.856545 78.364861 -11.465667 1.502194 1.209060 -70.822416 20.942914 4.611825 -7.416539 38.288797 7.236404 5.647332 1.409958 5.587134 0.284104 0.855117 0.525150 -27.168452 -0.068871 -1.817570 -0.554535 -46.913325 -1.476176 -2.602898 -3.160647 9.032497 -1.872513 1.868432 -2.157076 66.943373 7.134935 4.132180 -0.100398 -78.504897 15.524334 -1.202020 -10.594582 12.730385 14.906234 2.784665 2.855117 4.630854 1.763136 0.137690 1.354964 -29.347311 0.394654 -3.988777 -0.163861 -41.706305 4.299459 -3.717223 -0.499847 9.802367 6.185236 5.293695 -0.475462 51.006734 9.683757 5.594276 -0.059178 -40.440414 -9.396694 -2.918988 -9.434599 -5.133915 3.268850 -0.954494 -0.262881 -3.777166 -1.377410 -0.856443 0.819610 -35.855984 -12.693858 -23.026375 0.678247 -12.966177 11.286144 -13.196817 1.878176 13.802928 35.834099 14.124834 -0.052954 39.187379 32.130752 10.277625 -0.074482 
-0.555454 0.878074 0.094327 0.075554 4.120345 2.331599 0.447403 0.398990 5.320631 2.962657 0.562494 -0.078308 -2.504795 0.776911 0.282267 -1.362259 -4.452097 2.895878 0.393735 -1.152484 1.486430 4.938935 0.948016 -0.121467 7.640853 7.132384 2.465565 -0.049638 -1.302010 -0.427558 0.789511 -0.623151 4.923630 2.204418 1.214060 0.153862 1.755025 0.783594 0.306193 0.141720 -2.029436 0.207581 0.119682 0.185287 -2.070401 1.283083 1.091215 -0.541016 0.410927 -1.740741 0.381798 0.252474 2.478472 -6.889450 -0.420212 -0.086981 -3.762779 -0.518876 0.794409 -1.056168 2.076013 -0.431997 0.478319 -0.209366 -0.048413 -3.487705 -0.479594 -0.032242 0.041373 -1.266503 0.151260 -0.144883 -1.402000 -0.242577 0.532905 -0.284410 1.021835 -5.262728 -0.742679 0.300480 4.640598 -6.703194 -0.514284 -0.057851 -4.453168 1.205030 0.932303 -0.742220 1.015560 1.069075 1.090399 -0.175543 -0.002194 -0.452709 0.344557 -0.051372 -1.370115 -0.490766 -0.059331 -0.238037 -3.505714 -0.757933 -0.337670 -0.505918 1.282828 -0.921743 -0.154066 -0.172227 5.484542 -0.620957 0.293644 0.167432 -4.485053 3.114019 0.961943 -0.697633 0.588154 0.635343 0.680339 -0.213601 -0.092491 0.053974 -0.019335 0.002551 -1.763443 0.014692 -0.227426 -0.060861 -3.525457 -0.080451 -0.225538 -0.342414 1.091623 -0.091215 0.279104 -0.305428 4.339914 0.308438 0.523773 -0.055709 -5.912917 2.230028 0.237374 -1.004132 -1.168707 0.076472 0.358127 -0.367820 -0.089532 -0.063259 -0.038210 -0.005408 -1.877819 0.062953 -0.245230 -0.014590 -2.731252 0.720590 0.011376 -0.079584 0.168095 0.763034 0.526324 -0.088205 3.407407 0.224263 0.496633 -0.020559 -3.636109 -0.547291 -0.267728 -0.993623 -1.061218 -0.499031 -0.132589 -0.256249 -0.545608 -0.483930 -0.614172 0.095602 -0.893327 -0.598000 -1.840629 0.064024 -0.608203 1.321141 -0.978574 0.222375 -0.876237 2.516223 0.414499 0.020814 3.982196 3.024130 0.827058 -0.006632 
7.328283 29.752525 1.212121 5.666667 8.290404 8.833333 0.398990 6.239899 -3.500000 -1.073232 -0.300505 -0.217172 -26.454545 -4.527778 -1.313131 -4.118687 3.179293 4.633838 -0.878788 3.080808 20.828283 6.378788 -0.500000 3.222222 6.462121 -3.070707 -1.343434 0.790404 4.656566 3.234848 1.984848 2.305556 27.709596 3.176768 1.262626 6.356061 3.974747 -6.179293 -2.207071 1.244949 -14.267677 -3.742424 -0.590909 -1.737374 -4.696970 -4.179293 2.547980 -3.055556 8.219697 -12.035354 -1.621212 3.659091 7.040404 -6.459596 -1.575758 2.404040 -21.032828 -6.861111 0.416667 -3.648990 27.797980 -4.242424 0.439394 -0.070707 7.452020 -12.772727 -1.540404 0.229798 -5.595960 1.525253 5.070707 -1.469697 -13.363636 3.320707 4.532828 -1.989899 -0.123737 -17.984848 -2.174242 1.227273 20.742424 -9.608586 0.482323 1.085859 -31.078283 1.575758 0.595960 -2.204545 22.631313 0.161616 2.729798 -0.138889 6.547980 -2.035354 1.414141 -0.280303 -7.590909 2.530303 2.260101 -1.239899 -17.828283 -0.674242 0.376263 -2.020202 2.835859 -5.573232 -1.121212 -0.040404 27.881313 -3.719697 0.893939 1.060606 -25.027778 4.151515 1.431818 -1.707071 21.106061 1.446970 1.666667 0.583333 2.909091 -0.255051 0.277778 0.128788 -9.520202 -0.295455 0.131313 -0.239899 -19.694444 -1.636364 -0.209596 -1.176768 3.383838 -0.835859 1.186869 -0.815657 25.053030 4.595960 1.315657 0.095960 -26.707071 8.626263 -0.068182 -1.497475 10.381313 8.277778 0.376263 3.176768 2.628788 1.088384 0.118687 0.790404 -10.118687 -0.540404 -0.936869 -0.055556 -17.494949 0.747475 -1.196970 -0.303030 6.133838 2.954545 2.424242 -0.224747 16.560606 4.335859 1.752525 0.017677 -14.464646 -3.590909 -1.093434 -2.739899 -1.790404 3.131313 -0.580808 0.502525 0.214646 -0.234848 -2.020202 0.959596 -11.714646 -4.648990 -11.164141 0.573232 -1.492424 -1.073232 -4.911616 -0.022727 9.189394 9.333333 5.487374 -0.060606 8.608586 8.628788 4.106061 -0.025253 
-122.364249 -53.854301 -7.808387 -10.402816 55.086012 26.020508 5.320631 -3.500000 451.611570 110.754362 10.190695 44.535507 357.619682 81.055709 -1.698653 135.567493 -629.262167 -120.526783 0.506275 -72.635598 -200.605448 -12.860882 19.529079 -42.503520 115.801347 88.872360 64.383379 -11.565810 -276.682890 11.873431 -5.570401 -24.574227 -3.476125 85.672482 18.533823 -7.817110 94.106214 55.323691 4.693144 10.674931 228.661463 -64.104071 -24.399908 83.741812 -191.587695 107.271197 -6.729109 14.953168 -142.117080 93.338384 34.370830 -33.903734 19.578665 -100.607744 19.258647 0.734007 -232.120294 134.774870 -4.306856 1.134986 -65.844965 92.208142 23.943220 -6.541781 -12.921641 -11.073768 10.135139 0.945975 104.054790 -149.855525 -23.230793 49.859198 -1.290021 31.788797 -12.030762 37.494337 -92.605755 102.894552 -6.816651 -9.555403 -22.631466 -97.462657 -15.848638 10.225895 -49.740588 62.466789 3.835476 22.746250 -57.487297 46.893633 30.982859 3.361341 -5.385828 15.387971 25.356902 1.742577 45.685338 -26.222069 8.330732 27.913070 8.650444 16.002143 -13.585093 54.141567 -94.757576 35.166820 -10.681665 9.831344 -24.397153 -5.178298 -1.872972 -3.034894 -120.119988 76.139118 0.324304 29.842363 -52.640037 11.511172 -1.364861 0.089685 -4.071319 -0.520814 -1.015305 -0.606214 10.818029 3.426997 -8.539486 5.567187 5.390113 10.553413 -28.697276 25.604989 -6.206305 -7.003214 -13.765534 15.968932 -14.569789 -13.507193 4.337159 0.576676 -113.522498 -48.450872 -22.479798 -21.879247 -24.457453 -13.751760 -10.017447 -3.757729 2.971534 -3.282063 -3.417202 -0.639272 -26.551270 -2.226201 -31.569024 -0.589226 23.544077 -5.752831 -48.603612 4.184573 50.653046 -13.421641 -7.132691 5.483777 39.030303 -21.199112 3.797980 0.744567 -67.173248 -36.196051 -14.070401 -14.033211 -4.173095 -7.662381 -2.749923 3.279920 -9.155647 -22.252984 -23.678604 -0.452403 -69.296602 -18.300888 -52.683502 -5.899296 38.477502 87.103459 -5.446740 4.731405 20.888736 62.938017 8.795837 3.834711 86.384604 53.193603 10.027548 1.201408 
-53.470462 -25.792623 -3.502908 -5.084328 27.077212 15.810989 2.962657 -1.073232 110.754362 71.812902 12.824227 10.670646 15.803642 73.829737 16.754209 14.530073 -172.768365 50.841521 11.183349 -26.267983 -46.378023 119.692837 20.720692 -10.849097 132.615320 219.034894 53.988062 -1.228727 -104.623814 -4.737756 -0.370830 -8.043541 11.643480 32.767371 15.131925 -1.045378 35.019131 54.095271 21.981328 4.586088 9.809152 23.380012 4.829660 17.822467 -59.699265 31.336471 6.636593 -1.273186 -26.051653 13.424242 18.979951 -10.827900 12.600857 -93.392256 13.886440 -4.936027 -53.382691 21.502678 3.403046 -2.482782 -27.691307 1.947046 3.256045 -2.364096 -9.803566 -77.710897 -15.627793 -0.412228 28.874043 -105.344659 -16.879400 8.238139 35.201867 -30.791781 -8.716483 8.999235 12.465029 -65.660851 -7.467784 -1.758647 -7.589838 -177.289180 -16.814585 -2.737833 -4.065886 14.181971 -0.555403 3.283823 -28.886899 -3.245332 2.880089 -2.163223 -3.291628 -31.069330 -2.609428 -1.690465 5.354148 -30.586930 2.737909 -1.151592 -3.800582 -9.775099 -6.088690 -0.359657 -0.022727 4.122666 -2.435415 3.311907 13.418962 -22.941307 -1.682124 -1.568871 -42.521197 33.707989 1.828359 8.653964 -22.504591 0.712198 0.963116 0.127257 -2.056321 -0.205311 -0.599939 -0.218626 -2.241353 1.437787 -2.733701 -0.104148 -13.293924 4.742271 -5.358968 -0.815733 11.055249 2.055326 -0.934190 -1.325451 12.435491 -4.752678 2.798975 -0.794307 -81.620294 -7.591368 -1.138889 -4.979109 -13.502372 -4.687175 -1.946051 -0.054484 -0.505280 -1.225054 -0.905341 -0.320554 -7.370906 1.719773 -4.792088 -0.254209 -4.212580 6.774870 -7.577747 -0.817264 9.390802 -1.225283 -1.328742 -0.798056 14.803030 -6.330961 2.292929 -0.290251 -51.868075 -17.622590 -4.388506 -12.315504 -10.114096 -4.701714 -1.998010 -1.653887 -6.852388 -0.837695 9.159320 -0.762473 -25.234389 1.911769 -7.127104 -0.778160 11.225666 26.702556 -21.441001 2.276630 3.326829 20.014692 -1.851163 0.338843 31.482017 21.177609 3.857668 0.049740 
-7.806448 -3.380114 -0.753393 -1.281043 2.695720 2.487399 0.562494 -0.300505 10.190695 12.824227 5.926666 -0.399398 -11.132282 17.332083 11.061728 -5.298669 -29.877487 31.457785 6.087644 -6.853892 -6.015100 55.356290 5.466228 -1.645495 37.387486 91.350474 11.231864 -0.145215 -17.251352 -2.126288 -0.569840 -1.518391 3.255357 8.917151 4.450209 -0.333665 6.635956 23.646082 12.883940 0.613483 -9.688144 16.412203 6.217937 3.237323 -8.909244 2.425798 0.522574 0.197276 1.542011 -4.760943 1.396643 -2.326574 -2.960616 -28.003928 -0.728446 -2.336139 1.050582 -2.961101 0.526196 0.351316 -3.607030 -4.220029 -0.357004 -0.890266 -3.221585 -28.469952 -5.931078 -0.745664 4.793286 -37.577186 -9.312162 0.429344 20.679114 -16.868610 -5.334634 1.474696 11.341776 -29.658198 -4.592465 -0.540812 -9.775686 -56.485945 -5.983599 -1.703398 7.297291 -2.073054 0.431997 -0.312392 -4.735894 -6.021069 -1.899577 -1.109198 -2.078028 -16.349403 -4.416386 -0.723472 -0.224875 -13.978523 -2.522523 -1.684854 2.964136 -4.589047 -1.284027 -1.832058 3.042929 0.527370 -0.722630 1.446383 -0.961968 -7.094404 -0.741098 -0.215029 0.080068 2.273799 1.661285 -0.753035 -4.089532 -0.806729 0.112693 -0.925186 -0.631364 -0.250051 -0.157841 -0.057673 -1.028211 0.454775 -0.169115 -0.208627 -2.192659 1.409754 0.535328 -0.918019 2.299306 2.017830 0.874758 -0.535838 0.683578 -0.610448 -0.107004 -0.123661 -8.692531 0.326905 2.896465 -3.260560 -3.181640 -1.675441 0.732553 -1.657841 -0.460285 -0.312647 -0.225003 -0.094098 0.174600 0.678961 0.467733 -0.056678 -0.659627 3.605193 2.434547 -0.051117 -2.363509 1.693399 0.688858 -0.115830 -2.143098 -0.873916 -0.265993 -0.073896 -8.253495 0.551423 0.021911 -3.567162 -2.512320 -1.534996 0.090705 -1.117667 -0.873661 -1.093893 1.809611 -0.349148 2.375957 1.520381 4.325196 -0.493292 1.109657 -1.126900 -1.644552 -0.257652 -6.032420 -2.477808 -1.537216 -0.141720 -1.322748 -0.384119 -0.272115 -0.030354 
-13.104581 -4.500255 -0.427711 -1.760535 -2.424191 -0.712019 -0.078308 -0.217172 44.535507 10.670646 -0.399398 13.796347 43.496123 21.116213 -1.838945 34.936639 -81.474594 -23.052699 -1.710030 -6.910519 -27.201816 -14.261708 0.556831 -5.839557 -1.778339 2.573615 3.967860 -1.393990 -28.586216 -1.121314 -1.511682 -2.785685 -7.382614 -0.402102 -1.345628 -0.834660 4.245842 -12.279308 -3.949087 1.272115 36.722171 -22.911795 -5.269666 12.045250 -14.929905 8.612284 -1.354148 2.880012 -18.109734 11.870370 8.137078 -5.180033 -3.403071 0.383277 8.687226 -0.642536 -40.403734 15.433374 -2.612386 2.107285 -11.210948 6.225946 2.996225 -0.975207 -1.850985 -3.692939 4.598918 -0.285685 15.915570 -12.722885 5.877615 4.676972 2.898276 3.823538 0.484695 2.949291 -13.971278 17.190440 3.938221 -1.996582 -17.269411 -7.625599 -0.464697 0.979339 -8.896694 10.632027 -2.817468 7.215080 -6.084991 3.738955 2.634017 1.750077 1.359606 8.001377 8.475870 0.227324 8.868177 5.151566 8.248291 3.725232 7.361596 5.057953 -1.413886 6.959647 -8.616162 3.331701 -1.405673 0.825936 -15.216560 -0.089736 -0.954290 -0.496480 -20.492858 7.923477 -3.329609 11.008060 -0.499541 2.404398 -1.569432 3.637639 -0.767881 -0.682022 -0.065708 -0.084226 6.175033 0.415060 -1.363330 0.746301 9.113203 0.295582 -4.601112 2.772370 0.752780 -2.903428 -2.324202 1.937455 -7.533364 -2.512499 -0.917917 0.081114 -24.002449 -6.813590 -4.419192 0.639578 2.632027 0.995205 -2.024334 2.469646 -0.421947 -0.528364 -0.571727 -0.139016 1.142843 -0.334660 -4.553311 -0.085297 10.108968 -2.574176 -7.842618 0.169268 12.293439 -5.494082 -3.264769 0.319508 -0.107744 -3.480512 -0.942761 0.083206 -8.776604 -8.299357 -2.094174 0.433374 3.172942 0.657994 -0.743240 2.150546 -5.651209 -2.092746 -1.877717 -0.457198 -7.177992 2.571421 -9.350730 -0.897408 15.292164 13.330783 -3.719620 -0.419498 12.779410 2.821090 1.522855 -0.102234 1.148403 -0.177890 0.002449 0.030099 
-10.428936 -117.063106 15.852872 -15.339098 -55.076268 -53.516172 -2.504795 -26.454545 357.619682 15.803642 -11.132282 43.496123 2120.452913 100.817672 -46.196409 392.795225 -396.850015 -608.356851 -47.132027 -108.536221 -1053.557596 -750.721304 -25.553158 -238.856953 -627.140853 -814.867463 -53.951331 -68.721712 353.609632 -174.453525 15.374401 -8.491634 -193.108203 4.177584 -13.533619 -53.956433 20.081981 79.616315 -65.019233 -1.918121 1084.960106 -393.952760 -118.278084 177.663657 181.814203 10.301398 -127.256504 137.826140 -671.902663 637.124579 0.780737 -139.361290 -365.585450 359.197531 -13.240945 -34.923120 374.633303 -14.263034 -30.285226 23.427150 -383.143047 145.690032 7.830681 -23.374197 -40.873992 393.217274 -3.100296 17.114427 425.450362 -190.053974 -122.185236 163.477757 314.860677 -131.008111 -61.478268 178.017192 -536.070044 1037.231966 71.976380 -51.736200 -686.916998 1082.892358 -10.908581 -4.828742 508.078053 -46.295021 -68.007142 90.904755 -447.099582 92.984185 -5.218957 14.499235 -73.510203 180.359963 37.620090 14.696460 437.540455 80.842924 -17.472809 110.884042 737.096164 66.218447 -24.977298 225.979288 -435.085859 99.324406 -25.185695 33.932558 -1086.895011 123.690287 -15.224773 -21.070554 381.676053 -99.770125 -67.708958 135.449699 -334.984389 -17.634884 -20.750128 -24.553158 -64.093919 -8.957555 -2.433833 -4.556729 389.865830 4.980716 -13.811142 21.254158 755.918478 -31.481073 -80.094939 97.584379 -120.780329 -129.243496 -104.763034 63.776962 -879.989593 -156.541679 -57.507703 -5.841445 554.049740 -278.045914 -69.510101 130.826446 -94.310172 -147.952046 -49.180900 -11.544944 -32.482553 -24.559790 -19.333231 -7.983573 296.510968 -8.542292 -46.982043 4.620651 553.076982 -90.288542 -108.392001 23.797215 83.823181 -162.725844 -94.741200 21.385726 -496.695286 -234.270636 -76.183502 -0.059331 368.013519 11.958219 -1.820886 116.065248 62.245332 -41.817315 -4.259514 23.065248 -40.306091 -39.264463 -68.844047 -2.887614 274.779920 17.664575 -56.538159 4.327620 475.957147 62.969952 -75.202785 4.811142 68.695796 -246.978574 -137.809356 6.527395 -244.403224 -233.978676 -76.307316 3.890929 
-100.641618 -24.266248 5.270942 -9.469289 2.221431 -0.031885 0.776911 -4.527778 81.055709 73.829737 17.332083 21.116213 100.817672 293.817391 34.728395 58.312902 -203.906413 203.387537 17.237782 -4.750587 -130.250638 148.117080 22.634272 -24.085348 65.902637 334.538261 56.957759 -9.888098 -148.471738 -5.723166 7.612897 -13.867335 2.786578 13.247730 11.809254 -6.683986 15.495001 58.682813 44.044179 -0.634451 46.821498 0.701000 14.462657 22.730436 -40.278390 -45.482833 -23.119299 16.950719 -29.511249 42.239057 29.302061 -9.861009 -66.759973 -25.988777 50.471738 -11.386644 -16.684037 -0.262754 -4.222656 0.170416 -48.965157 -17.262269 -7.774819 -7.182277 -28.870345 -132.044791 -14.470105 -5.746123 76.235435 -218.997296 -20.034843 9.259463 115.834303 -170.668886 -27.972375 3.513264 20.019462 -111.626059 7.593944 -5.747424 -183.291297 -214.384017 2.616952 -7.111570 58.615932 7.857617 -16.324202 12.431410 -51.813948 -8.557341 -10.420697 -0.247398 -21.028441 -30.342057 6.361392 -1.657356 92.472554 -33.154831 22.974722 3.185670 85.349811 -15.835144 2.395036 -3.831599 -33.946970 -6.876212 -2.176717 -0.039384 -146.501913 -36.790914 0.453117 -3.198500 -52.921309 38.473982 -7.699138 29.885165 -39.393480 -2.874222 0.406999 2.162050 -15.390776 -1.014514 1.089175 -1.239950 103.723855 8.023646 1.732629 0.528288 96.356469 10.216458 -6.657509 -6.486889 -30.264055 -15.618075 -8.320835 -10.664396 -111.601546 -30.298694 -9.034920 -3.368381 -99.143863 15.534894 -0.108586 3.495638 -2.074202 -13.385267 -8.304637 1.765942 -6.197199 -6.355806 -4.618024 -1.648276 104.990486 12.323589 4.876824 -0.834456 71.886746 19.185083 -12.628813 -3.967095 -17.475079 -14.000816 -18.239516 -3.684701 -107.506734 -41.688425 -14.978114 -0.415952 -66.313641 16.422865 -3.179191 -18.272855 -6.496250 -8.613050 -7.088358 -2.025380 26.891720 20.116850 21.041475 1.773441 112.784129 102.779334 48.486813 -0.660876 7.284588 34.456203 -52.212045 -2.346266 -50.482374 -60.219314 -43.735563 -1.612335 -61.628533 -48.540685 -17.719773 -0.163504 
-6.391695 -6.258137 -2.475309 -2.959035 2.637486 0.633558 0.282267 -1.313131 -1.698653 16.754209 11.061728 -1.838945 -46.196409 34.728395 39.452301 -15.323232 -60.360269 65.274972 22.323793 -15.501122 -18.313692 110.904040 10.295735 -3.323793 86.007856 202.861953 20.924242 -1.157688 -38.790685 -14.446689 -4.484287 -3.083053 2.299663 7.482043 5.785073 -1.382716 9.762065 47.673401 31.488777 0.486532 -23.516274 44.283951 22.476431 2.364198 -25.048822 -2.100449 1.158249 1.420875 9.065657 -6.897306 4.020763 -3.733446 -7.534231 -40.295174 -0.774972 -5.070146 -13.558923 -10.687991 2.088103 6.153199 -7.666105 -11.160494 1.886644 -2.601010 -5.706510 -57.360831 -1.131874 -3.684063 6.672840 -81.943883 -18.328844 -3.424804 47.822671 -45.877104 -11.533670 -2.489338 34.924804 -70.360831 -8.859147 -2.278339 -33.689675 -123.874299 -12.905163 -1.606061 1.717172 4.056117 3.571268 3.085297 -8.405163 -3.460157 2.710999 -2.806397 -6.275533 -32.712121 -2.227834 -2.554433 0.796857 -29.640292 -3.179012 -4.822671 5.950056 -11.326038 -0.767116 -4.155443 13.984848 -6.576319 -0.359147 3.453423 -13.956229 -25.999439 -0.999439 -0.932660 -16.913580 12.427609 7.046577 -0.029742 -3.196970 2.568462 2.058361 -2.184063 -3.034792 1.288440 0.907969 -0.277217 2.133558 2.530303 1.496633 -0.611672 -9.418631 5.427048 6.533109 -1.639169 7.116723 5.513468 3.852413 -0.759820 -7.183502 -4.274972 -1.476992 -0.563973 -42.563973 4.151515 9.989899 -9.358586 -1.408530 -4.544893 1.267677 -3.445567 -1.292929 -1.184624 -0.684063 -0.250281 11.541526 2.390011 3.200898 -0.270483 -7.506734 7.474186 10.124018 -0.190236 -7.933221 1.589787 2.599327 -0.172840 -11.097643 -6.505612 -2.483165 -0.310887 -39.378227 -6.545455 -0.122334 -11.900112 -8.690236 -3.145342 1.603255 -3.344557 3.708754 -6.272727 1.402357 -0.492705 23.129630 -1.979237 12.001122 -0.631874 -5.163300 -9.485410 -2.922559 -0.744108 -17.231762 -13.476431 -4.795174 -0.759259 -9.432099 -8.368126 -2.744108 -0.145903 
14.743343 1.549128 -1.297521 -3.532140 -3.550735 -12.843893 -1.362259 -4.118687 135.567493 14.530073 -5.298669 34.936639 392.795225 58.312902 -15.323232 311.540174 -406.288567 -203.217401 -17.193756 128.769054 -292.839302 -241.691001 -12.669881 -45.835629 -195.300505 -313.020661 -24.491736 -19.807851 58.332415 -25.608127 -9.146924 -3.131084 -35.684803 -30.842057 -12.992654 -11.481405 -13.639118 -83.384527 -42.476584 -1.100781 225.866391 -184.353994 -55.493572 65.303949 38.497704 -42.353765 -32.403811 70.550046 -156.521350 68.196970 -7.967860 -18.048439 -107.431129 18.383838 2.551423 -0.681818 -2.382691 14.312443 -21.337695 12.259642 -41.497704 22.440312 8.915978 -5.535813 -11.801882 104.034894 18.547291 5.661846 53.033976 56.263085 10.214876 29.797062 -17.643251 22.299128 -3.610422 38.950413 -123.316116 229.635445 15.449725 -1.618916 -113.179063 350.754591 12.651745 14.822773 39.186639 5.921028 -21.488062 28.857897 -35.880165 47.768136 11.008035 8.856979 -1.668733 122.309458 42.712121 4.777548 10.012397 105.840680 24.468549 22.839991 58.458678 52.024564 -7.844582 55.704316 -14.315657 40.767447 -4.366391 12.338843 -170.399219 91.353306 0.769054 0.809917 28.202709 -20.701102 -21.809688 44.165748 -15.065197 -6.345041 -8.493113 10.857897 -14.670799 -3.789486 -1.734619 -1.171488 -6.335629 0.952938 -8.016529 4.192149 77.510790 -14.304867 -20.658632 18.150597 65.582185 -27.636593 -17.185032 15.652663 -108.402893 -21.835170 -9.475436 0.882461 65.172635 -53.545914 -27.179293 49.445133 47.140725 -15.402663 -13.496556 20.214876 -8.843664 -5.420340 -6.114096 -1.803719 -23.549357 -4.524334 -21.174242 1.156566 53.257117 -19.807622 -20.493572 7.521120 95.601240 -21.314509 -6.864096 5.643021 -41.010101 -41.155877 -12.904040 1.373049 33.315427 36.700643 -9.861570 34.428604 42.678834 18.463269 -2.582185 17.251837 -27.842287 -4.322544 -22.123508 -2.311295 -31.249541 6.994261 -67.982323 3.013085 108.846878 76.998852 -6.057163 5.604913 91.086088 3.651056 3.298669 1.348944 -21.006198 -34.002525 -12.824151 0.420110 
81.332721 66.085093 8.782522 11.571931 -67.568029 -28.388583 -4.452097 3.179293 -629.262167 -172.768365 -29.877487 -81.474594 -396.850015 -203.906413 -60.360269 -406.288567 1868.245409 124.526247 -30.776553 -25.150750 342.101622 -336.128558 -43.794154 -10.417661 -486.155724 -674.051882 -112.061065 -37.361264 495.059535 -115.083639 48.379094 5.377793 1.157713 -122.438629 -31.496480 2.347031 -122.752372 -132.794995 -78.948271 -14.974059 -288.495103 38.532293 -16.359504 -163.086471 588.912305 -199.559611 -3.342746 -49.758953 255.345041 1.601010 -58.735231 51.103841 -134.714264 396.260943 -12.529232 -46.291246 463.326676 -288.510484 53.736073 -65.791781 5.331803 -85.958525 -31.698194 -1.420569 26.045531 136.709060 -41.960820 -2.500995 -117.435109 365.033364 38.658096 -68.211509 95.437251 -75.552112 31.572773 -44.429905 100.442225 66.051117 46.296985 1.353688 -135.010254 622.524717 83.350857 -33.849862 232.943756 -107.169575 12.618304 -79.054255 -44.770125 -40.459902 -33.211586 -19.999770 5.854071 33.746556 -38.011785 -1.972069 44.922712 101.651668 -17.055632 -32.922788 282.342363 -21.970080 42.336624 -90.262473 91.674242 -49.421564 21.464800 -42.501990 -257.399679 62.455540 1.046220 -5.428834 423.842133 -155.290174 -5.001454 -93.263698 -81.897612 -40.602464 -5.531527 -37.993649 -3.919804 -7.583946 -0.065810 -1.007729 120.464493 -9.030073 36.182736 -9.450490 324.680517 -21.911234 74.153734 -48.556627 -86.585093 -4.152204 -0.270585 -36.008341 -286.834940 -0.391032 -21.619911 -7.286961 643.017906 1.634986 13.866162 -15.386823 -90.530686 -49.362871 -2.661387 -50.661769 -10.187557 -7.032063 7.549969 -2.192302 191.915901 3.763698 105.514310 -0.084175 218.402663 13.595654 78.946893 -12.820478 -198.617156 0.391491 -30.430670 -13.503597 -320.646465 -16.529920 -30.161616 -2.661999 417.836853 81.692837 41.300811 35.989516 -11.104913 -31.909856 3.234925 -29.071090 62.569100 39.643480 66.629477 0.961739 344.963499 36.363254 202.990741 7.638583 53.278007 -217.777854 -2.494720 -13.104454 -235.265305 -248.147842 -146.348102 -8.882461 -269.926002 -185.914983 -57.341139 -2.763238 
-184.324559 23.297164 -7.165646 8.649117 3.665315 22.083155 2.895878 4.633838 -120.526783 50.841521 31.457785 -23.052699 -608.356851 203.387537 65.274972 -203.217401 124.526247 645.103586 47.876390 -21.901541 292.757219 647.854454 43.514182 62.003316 314.822952 896.748699 89.129477 19.567008 -298.260739 34.954724 8.463626 3.244898 96.879170 44.377921 36.348536 12.583129 13.512958 163.118840 124.378074 0.281374 -407.986022 282.831752 109.893633 -48.449138 -118.382767 -27.354326 27.695516 -60.623355 243.463499 -122.688552 11.955821 32.230461 43.431385 -53.512907 18.962759 -2.758137 -90.318717 -50.348051 19.483293 -18.060223 98.299714 -105.081012 -14.071676 -1.091368 -12.923656 -337.912356 -20.265279 -11.896516 -66.941894 -251.883940 -17.602745 -46.076115 125.731048 -207.172253 -37.733318 -49.156209 258.577263 -629.326956 -47.120421 8.058412 -6.580298 -787.487272 -34.503699 -21.869146 -64.363866 -21.998725 15.016427 -49.181946 82.333078 -88.943424 -25.364580 -12.967937 -13.731584 -226.190542 -52.943883 -10.324584 -42.143047 -183.650342 -14.615065 -47.069661 -99.344914 -74.240307 -0.829992 -89.620039 131.053030 -54.545123 -0.795123 -3.952964 184.774181 -138.733114 -0.529487 1.000153 -106.807953 46.002602 18.845756 -52.269156 53.066116 0.849123 9.569738 -9.149959 9.262983 4.189751 1.559433 0.848153 -20.363126 7.801423 2.628252 -8.054765 -134.757448 33.656974 22.495128 -42.912254 3.379604 42.299434 31.063565 -33.213779 149.795761 25.288287 8.526808 -2.982859 -285.606826 157.236915 29.053030 -37.847796 -18.768927 51.551321 14.675161 -9.445618 3.504821 7.420850 3.014412 2.219289 27.070733 19.747271 17.448092 -2.441639 -77.337159 74.354556 40.412713 -13.823998 -81.147357 58.221967 19.718396 -12.790200 5.168350 45.026502 6.427609 -0.649398 -198.988164 11.847107 -7.143276 -55.267243 -71.231941 -13.547954 -5.549077 -22.545021 21.024717 20.000689 22.115549 4.297572 97.782446 116.513902 101.546857 3.079303 -132.489822 12.433757 3.840144 -2.236838 -126.257907 -9.847260 -22.138481 -4.321090 -41.776120 -7.957632 -6.150750 -1.555198 
-0.336649 -4.446485 -1.997449 -0.836802 2.212529 1.324049 0.393735 -0.878788 0.506275 11.183349 6.087644 -1.710030 -47.132027 17.237782 22.323793 -17.193756 -30.776553 47.876390 17.602592 -14.834660 -6.387256 86.552801 8.404142 -1.115447 73.828844 160.068717 17.662075 -0.091317 -23.053362 -14.450311 -1.416692 -1.684471 2.327977 7.793286 6.285481 -0.975258 6.481890 39.664524 24.341649 0.080961 -22.707479 44.680390 21.261861 -1.112744 -21.530150 8.625548 4.697123 -2.530609 10.803949 -7.723906 4.828946 -2.480665 4.224926 -24.898429 -0.199163 -4.210999 -10.431895 -8.952199 5.772625 2.878482 -9.727987 -9.298490 2.616264 -2.109734 -3.903836 -38.386950 3.367105 -2.841037 2.167993 -55.394194 -9.635649 -4.139782 34.484185 -32.083410 -7.617386 -3.930925 34.027752 -59.920926 -6.458882 -0.987807 -15.776502 -107.913886 -10.828691 -2.261249 1.937557 3.813795 5.450158 0.377206 -13.245587 -6.371187 1.102439 -2.100398 -5.501939 -31.488981 -3.213244 -1.646057 -0.362667 -28.787471 -3.296500 -4.708244 1.503877 -10.258596 0.037394 -6.186461 16.707071 -6.417100 0.128354 1.294358 -2.894092 -22.955260 -1.669677 -0.557698 -8.574176 11.069636 5.807571 -3.339557 -11.051882 1.300837 0.909193 -2.807979 -2.324865 0.548873 0.353127 -0.204112 1.056831 0.881084 0.765075 -0.706356 -9.084277 4.743445 5.165850 -2.295786 5.709111 6.353382 3.906387 -1.480155 -3.595194 -2.049485 -0.509999 -0.502602 -28.868075 4.264004 5.904040 -9.125803 -8.090246 -4.462606 -0.230028 -3.717580 -1.320018 -0.843077 -0.513213 -0.228293 7.420518 1.752015 3.058361 -0.237935 -4.178757 6.952046 9.491378 -0.787267 -11.506020 1.910978 2.093970 -0.716662 -7.058923 -4.616825 -1.198653 -0.293950 -26.273441 -7.829201 0.453678 -8.709775 -7.868993 -4.422916 1.594480 -2.588562 1.749923 -4.858127 0.230793 -0.743445 22.737680 -7.862973 9.507295 -0.401490 -4.324304 -13.055760 -4.630701 0.133915 -19.971789 -9.229262 -5.281808 -0.479492 -2.272370 -2.599888 -1.111723 -0.112744 
9.556219 49.853943 -3.707581 4.039078 14.739312 -3.304204 -1.152484 3.080808 -72.635598 -26.267983 -6.853892 -6.910519 -108.536221 -4.750587 -15.501122 128.769054 -25.150750 -21.901541 -14.834660 245.986124 -35.891236 -120.626722 -15.315172 41.384706 -172.733446 -259.172329 -36.741506 -7.810019 66.218753 24.536527 -6.428783 11.588409 28.374809 -33.300071 -12.628813 2.419294 -34.228701 -96.487450 -41.317825 -4.487909 -109.289817 -88.592644 -30.565504 -6.174421 44.855525 -106.430160 -4.311142 39.021273 28.754362 -45.037037 -23.220335 41.916335 -30.407611 87.019080 -3.269258 9.381594 30.743955 -28.708550 -5.230283 -5.327212 77.302163 -18.616060 -4.067697 2.255280 1.152484 36.446077 3.304357 4.906591 -75.526528 153.914192 49.738241 -15.052852 -100.279665 45.178298 18.943679 -8.164320 -0.822722 -61.202683 1.253393 13.912713 46.605806 154.757525 30.578870 15.795684 -51.650138 -13.503163 1.623100 -10.902714 79.866289 17.454035 3.905775 1.533211 11.609479 85.112948 26.027497 3.092848 -79.261810 95.709009 23.061320 -9.592695 -105.789664 23.676972 1.933935 -9.412203 89.934343 -20.577186 0.468269 2.617896 86.659627 40.908224 8.090501 10.532752 7.008775 -26.362412 -3.348383 -11.496735 74.492195 -7.557137 0.144424 7.765636 1.764973 -0.184522 -0.789817 -0.402612 -79.171972 -3.651974 -0.887358 -2.716304 -98.056882 -18.894143 5.768850 -11.200439 66.656158 -4.087848 10.847005 -2.300939 102.237221 25.434139 6.265636 2.127793 54.371595 31.295684 -3.929293 33.132231 87.809968 24.605652 2.691460 21.599072 3.577135 2.639323 0.930925 0.409295 -77.723498 -4.924140 5.135802 -0.064534 -85.384451 -5.657076 18.217886 0.740282 41.160800 20.396592 23.686257 0.252423 57.415825 28.639527 8.074074 1.732527 51.670850 86.897153 -1.376594 28.932864 51.561677 52.963371 9.085144 13.948016 15.511631 28.440312 9.050811 2.727477 -89.607132 20.244312 -22.009540 4.762116 -49.362412 26.029334 30.780686 5.341904 49.092338 38.302418 36.742220 1.110040 9.785787 -0.088103 0.295072 -0.421896 
