203.646265 40.514259 0.028488 12.553889 292.726481 58.527469 2.916019 19.114537 -89.999599 -17.242840 -3.433148 -10.339907 100.351975 5.085000 -6.860185 -0.052531 120.421204 12.834290 -10.431142 -2.850401 -165.961204 -46.954198 -13.436389 -20.671420 -40.230710 7.999846 -13.887377 -1.600401 175.854969 37.247438 3.216512 14.486821 209.555370 24.943395 -2.940154 33.174660 -171.309352 17.658148 -16.540463 -3.800617 40.846173 9.573117 -6.961543 -3.934228 82.772932 2.177747 -10.238086 8.931173 -78.577932 29.176389 -6.473981 -6.282747 -9.202222 -4.772500 3.395833 0.864506 88.886358 74.453241 3.874938 6.581389 70.572593 -27.103426 -14.205309 35.308426 -115.658426 102.485216 -20.260432 2.711296 24.040586 4.557654 -14.755833 6.649568 29.230463 -13.862870 -6.670772 6.697994 -75.641944 54.816543 -4.942901 -6.164599 -19.341605 -21.323981 2.956327 -3.070926 58.470556 -7.823272 -46.931481 -0.249321 80.995586 -79.978272 -26.149691 8.103735 -87.478765 19.867963 -22.149228 -5.142562 36.333210 5.727099 -3.456265 5.840031 72.583086 -16.402469 -1.838858 6.095340 -89.342222 -4.982654 -11.825309 -2.610741 -14.603179 -0.939444 -3.280710 -0.192840 53.658981 -44.016420 -24.154198 -0.610401 104.433673 13.146728 -9.700586 12.175432 -131.378457 -5.694321 -11.577747 5.710957 -14.670062 8.815833 20.668117 1.604074 27.267747 1.123210 15.353796 5.426173 -26.377006 -13.968951 -3.071296 -0.545154 -10.831975 -10.346265 -4.623827 -1.102191 47.672531 -3.298333 -0.806543 4.205123 70.852840 5.943056 -2.706265 19.733210 -126.559907 -7.444012 -3.939167 26.423519 -40.663025 -2.421975 3.045370 5.882654 -8.963302 -3.525247 4.717932 1.457469 -8.736451 -18.524537 -4.205432 0.796420 -20.407407 -40.535741 -21.203457 -0.508333 21.455525 2.072685 0.000000 2.744938 40.101420 48.139969 5.932932 32.671852 -70.796543 88.403642 0.302191 -3.111574 -24.399907 19.276975 -2.011358 -12.764414 -1.452747 21.439660 -21.507099 3.049012 -18.920586 61.019938 -32.558210 -1.032191 29.008889 69.531481 -7.615525 11.069352 
40.514259 30.756667 0.210926 8.197778 16.487778 25.087037 -0.133889 6.261667 -27.846481 -3.663704 -0.718889 -5.023889 9.148519 1.402222 -0.822222 -1.391852 50.203889 6.663519 -0.506852 -3.370185 -22.057222 -6.366296 -2.143889 -5.842963 -18.812037 -9.984259 -5.320926 -1.192407 51.520926 36.661296 0.976852 7.855370 29.296667 23.062593 -0.093148 14.562407 -54.451667 3.641111 -3.150556 -0.337037 1.329259 -0.863519 -7.117037 -1.258704 32.044259 0.686481 -4.665185 2.459259 0.410185 6.169444 -1.087222 -1.337593 -0.467778 -3.110556 -3.402778 -0.374074 18.263704 -6.597222 -2.688148 0.603889 32.901111 -11.600556 -8.464074 17.812778 -30.446111 13.335741 -7.574815 5.964444 2.182407 -2.825185 -6.799444 -1.861481 23.348333 0.979444 -1.314630 1.193519 -13.338333 22.729259 1.064815 0.544630 3.293704 19.340556 2.193519 -0.226667 8.353333 5.534815 -15.055556 -4.580370 21.539074 -14.382963 -9.275926 4.785741 -13.888148 19.295556 -4.067593 3.313519 -7.204074 17.397037 1.289074 -0.333148 12.152963 4.640741 -1.047593 2.169815 -15.893333 0.836296 -2.479630 -0.182222 -4.820185 6.367778 -0.234259 -0.041481 0.989444 8.219259 -11.077407 -2.050185 20.704259 8.950370 -4.495741 5.039259 -14.764074 1.265185 -1.386481 5.410185 -16.864815 2.012778 -0.953519 -1.048889 0.406481 0.182593 -1.081667 -0.164074 0.476852 -4.361481 -1.622222 -0.327593 -2.821852 -1.542037 1.302593 -0.059815 2.618519 -2.436667 -0.710370 -0.172593 0.777037 0.608333 1.477963 3.362593 -13.911667 -1.449630 1.650556 11.906667 -8.910370 -5.097407 -0.505556 1.169259 -2.759815 -7.024815 -1.140185 -0.656296 -1.087593 -8.458333 -1.168148 -0.201481 -1.511111 -10.526667 2.069259 -0.905556 1.630926 1.236111 0.000000 0.582963 -7.105926 1.306481 0.624259 0.998889 -14.052593 -8.504815 0.665370 9.713889 -0.487222 -2.307037 -0.908148 7.692407 1.196852 9.910185 -4.348148 2.256296 -1.483519 14.060741 -6.312593 -0.555370 -4.523333 4.494444 -0.316481 -2.773889 
0.028488 0.210926 0.104043 -0.011667 -0.909074 0.377469 0.176019 -0.151019 -1.735154 0.648272 0.117963 -0.182130 0.550864 1.061667 0.545370 -0.015864 -1.748796 2.185401 0.614414 0.207377 -2.281204 2.800247 0.642500 0.001914 3.624846 2.710957 1.161512 -0.031512 1.111636 2.688549 0.633179 -0.020957 -0.684630 1.044506 0.675401 -0.193117 -2.407130 0.712593 0.419537 -0.250617 0.675062 0.138673 0.117346 0.239105 -0.040401 -0.106698 -0.109198 0.108951 -1.144599 0.154167 0.129352 -0.183858 -0.621111 -1.143611 0.268056 -0.135494 2.061914 -0.041204 -0.005062 -0.066389 0.941481 -0.482315 -0.057531 0.139537 -1.122870 -0.847006 0.064012 -0.109815 0.740586 -2.289012 -0.354722 -0.038210 1.210463 -1.487315 -0.401883 -0.179784 -0.874167 -1.087901 -0.326235 -0.140154 -0.550494 -2.098426 -0.404784 -0.068704 1.416111 -3.822160 -0.714815 -0.008210 0.725586 -1.579383 -0.199691 0.015957 -0.486543 -0.063148 0.161883 -0.052562 0.817654 -0.936235 -0.087377 0.125586 0.363086 -0.580247 0.001142 -0.089105 -1.590000 -0.385988 -0.230864 -0.080741 -0.184290 -0.315000 -0.052932 -0.001728 0.904537 -0.079753 -0.216420 0.265154 1.118117 -0.454383 -0.005031 -0.159012 -1.414012 0.010123 0.056698 -0.327932 -0.014506 0.735833 0.148117 0.072963 -0.115586 0.253210 0.246019 -0.003827 -0.804784 -0.323395 -0.060185 -0.076265 0.122469 0.182623 0.779506 -0.008858 1.278086 -0.105000 -0.019877 0.050679 1.221728 0.037500 -0.037377 0.234321 -1.794352 0.221543 -0.060278 0.064630 -0.687469 -0.035309 -0.032407 -0.164012 -0.114414 -0.134136 0.019043 -0.079198 -0.109784 -0.224537 0.287901 -0.010247 0.737037 -0.516852 1.822099 -0.030556 0.648858 0.350463 0.000000 0.262716 -0.058580 1.373302 -0.009290 0.947407 -1.188765 1.923642 -0.030031 0.143981 -0.613241 0.898086 -0.031358 -0.327747 -0.168302 0.428549 -0.090432 -0.403210 -0.067253 -0.317840 0.579568 -0.229969 -0.193333 -2.429630 0.208920 0.232685 
12.553889 8.197778 -0.011667 3.754444 3.430000 2.633333 -0.323889 4.057222 -11.317222 -3.146667 -0.656667 -0.960556 4.762222 -0.198889 -0.550000 -0.247778 13.539444 0.201667 -0.526111 -1.221667 -3.238333 -5.160000 -1.526111 -1.906667 -5.802778 -4.252778 -1.918333 -0.632778 10.535000 3.022778 -0.197222 3.005000 9.412222 0.915556 -0.712778 6.192778 -13.666111 -2.982222 -1.618333 0.172222 2.687778 -5.607222 -2.167778 -0.498333 11.555000 -1.162778 -0.340000 -0.033333 1.019444 2.052778 1.677222 -0.873889 -1.486667 -1.276111 0.419444 -0.933333 1.580000 -11.741667 -1.497778 0.350556 8.492222 -6.596111 -2.497778 6.971667 -5.860556 0.001667 -2.402222 3.498889 2.736111 -2.053333 0.551667 -0.334444 6.078333 1.260556 2.678333 0.247222 -3.642778 6.698889 2.322222 -0.143889 -0.096667 0.149444 0.419444 -0.424444 -0.667778 3.487778 -2.394444 -1.602222 2.500556 0.078889 -0.100000 1.385000 -2.525556 7.564444 0.530556 2.723889 0.221111 7.096667 3.056111 0.272778 2.825556 2.300000 0.423889 -0.490556 -7.541111 -1.174444 -0.888889 -0.341111 -0.955000 0.425556 -0.308333 -0.013333 -1.603889 13.430000 1.245556 -0.783889 0.712778 7.356667 0.501667 0.645556 -2.747778 1.262222 -0.298333 4.191667 -2.861111 0.927222 -0.005000 1.642222 -4.908333 -0.213333 -0.806111 -0.708889 -3.352778 -1.323333 -0.588889 -0.171667 -0.726667 -0.648333 -0.286667 -0.068333 -1.238889 0.634444 0.402222 -0.123333 -4.524444 -0.613889 -0.055000 0.371111 -3.551667 -1.621111 -0.109444 4.514444 -0.897778 -1.314444 -0.194444 4.185556 -1.012778 -0.774444 -0.526111 1.258889 -0.729444 -2.208333 -0.937778 0.084444 -1.133333 -3.741111 -1.097778 -0.272222 -0.351667 -0.125000 0.000000 -0.073333 -4.506667 -1.391667 0.050556 -1.425556 -4.652222 -8.025556 -0.009444 0.875000 -0.439444 -8.160000 -0.335556 3.871667 -0.253889 -0.691667 -1.761111 2.630000 -1.372778 2.804444 -2.171111 3.211667 -0.447778 7.900000 2.650556 1.772778 
292.726481 16.487778 -0.909074 3.430000 2690.934444 333.009259 37.711667 145.093889 1754.044630 155.289630 -14.586667 139.601667 -49.844815 -73.113333 -51.222222 0.777037 187.757222 -4.093148 -96.413519 46.444259 -483.659444 -241.731852 -139.350556 -27.710741 -335.839815 -201.867593 -178.419815 -22.422407 145.497593 29.181296 1.871296 -1.975741 1246.725556 -147.266296 0.180185 15.469074 735.423889 -64.107778 -93.443889 17.707407 -84.416296 25.215370 -66.834815 -15.865370 233.913148 12.198704 -71.910741 67.903704 -116.467593 80.458333 -126.257222 46.463519 157.123333 329.966111 7.391667 22.903704 98.382593 799.397222 23.614074 55.668333 148.015556 144.039444 12.288148 10.859444 -3.042778 265.312407 -157.538148 1.352222 -84.862037 321.315926 -99.728333 -14.218148 -143.892778 145.892778 -64.450185 27.610185 -119.300556 259.189259 -34.668519 24.164630 49.891481 264.787222 68.515741 10.504444 118.113333 70.083704 -154.950000 58.500741 155.314630 -134.865185 -211.487037 61.256852 52.891852 4.387778 -181.784259 -3.970926 -125.010741 84.782593 -80.685370 -2.557593 48.939630 8.668519 -45.943148 65.837593 136.143333 24.806296 -33.829630 17.976667 -23.816852 44.154444 2.254630 0.150741 34.905000 -598.778519 -195.542963 -28.720185 197.714259 -165.176296 -110.824630 -12.281852 22.965926 -24.833704 -51.487593 10.682407 -145.253704 -49.018333 -1.539074 -23.378889 155.512037 -65.214074 4.803889 54.610370 166.921296 15.659630 6.744444 22.031296 -26.781852 -92.076481 -41.422963 -9.430926 49.418519 -72.230000 -18.724815 9.392963 38.652593 10.769444 -2.040926 14.922593 -7.093889 26.412593 18.716111 -9.234444 -69.152593 -23.434074 -2.755556 -65.217407 -25.258704 -5.260370 -8.119074 -36.125185 2.819074 -7.319444 -44.522593 -2.461481 -125.633333 -126.784444 -162.311852 -16.466667 23.987593 4.030556 0.000000 1.598519 30.331852 44.156481 14.027593 11.378889 7.178519 136.258519 18.542037 -17.408333 19.753889 99.921852 -5.149259 8.550185 -19.876481 131.793519 -22.270370 -38.169259 -37.097963 181.998519 -30.028148 -30.240926 111.623333 -121.850000 -64.185370 23.823889 
58.527469 25.087037 0.377469 2.633333 333.009259 172.400617 8.660185 13.523148 162.928086 80.401235 -7.920370 6.250926 -20.050617 -13.511111 -7.318519 -3.743827 86.389815 23.378086 -9.041049 10.527469 -86.050926 -22.382716 -14.047222 -1.377160 -81.999691 -34.166358 -30.527469 -5.111420 53.375617 37.887346 6.139198 1.477469 246.048148 14.593210 5.655864 10.965123 53.867593 13.281481 -16.371296 0.629012 -38.895679 -2.392901 -9.019136 -3.501543 53.160802 -24.118827 -21.316049 9.493210 -16.105247 -6.263889 -26.239815 5.763272 12.494444 55.119444 -4.063889 2.420988 33.772840 176.421296 2.779012 15.286111 62.037037 5.276852 -6.621605 10.567593 -46.645370 58.265123 -42.452469 0.401852 -20.558951 52.996914 -22.602778 -6.441358 -2.784259 -1.739815 -24.842901 3.748457 -35.841667 53.830247 -14.603086 3.744753 13.393210 115.849074 17.348457 -0.103704 29.444444 2.359877 -53.498148 13.591975 55.841049 -64.334568 -58.333951 14.800309 -25.874691 3.451852 -39.618210 -7.418210 -27.258642 31.113580 -17.677469 0.752160 -6.111728 13.849383 -6.942284 16.634877 2.338889 28.919753 -4.543827 4.975926 -4.666975 41.805556 3.311420 -0.037654 23.545370 -128.193827 -52.916049 -6.855864 72.984877 -30.106790 -26.063272 6.285802 -51.903086 0.064198 -8.342284 -3.410802 -45.998765 -8.636111 -7.154012 -5.009259 9.597840 -4.425309 -6.650926 13.054321 32.348457 -3.715432 -1.779630 6.455864 -1.510494 -16.227469 -0.240123 -1.964506 21.304938 -12.405556 -4.735802 2.186420 34.998765 9.586111 3.944753 19.291358 -38.132407 4.352469 8.036111 -2.859259 -32.456173 -20.404938 -3.674074 -17.941975 -7.014506 -23.845062 -4.678086 -6.704938 1.315123 -22.400926 -6.380247 -0.311728 -15.118519 -50.896296 -19.536420 -6.272222 8.470062 5.971296 0.000000 1.323457 15.588272 9.886728 2.844136 16.490741 -24.063580 32.799383 6.214506 31.489815 -14.571296 48.210494 -0.761728 2.057716 -5.031173 44.081790 -0.291358 -9.852469 3.508951 25.995679 -0.274691 -6.481173 -0.583333 -54.962963 -36.586728 -3.528704 
2.916019 -0.133889 0.176019 -0.323889 37.711667 8.660185 17.191944 -2.378056 54.925093 19.761481 17.076111 0.334167 7.224815 2.401667 2.147222 0.635741 -37.943611 -1.324352 0.479352 -2.391759 -33.051944 5.867407 -0.330833 -4.060926 -11.744907 -8.297685 -6.290463 -2.213981 4.809907 18.723981 3.196759 -0.443426 15.718333 5.072407 12.578981 -4.248796 6.064722 0.215556 10.216944 -3.512963 1.214074 -0.675648 1.024259 0.097870 4.981574 -4.983981 -0.655370 -0.900926 0.546759 -14.356944 -9.270278 0.978981 -15.607778 -26.350278 -8.893056 -1.328704 7.130185 23.429167 6.584815 0.192500 2.291111 -4.244167 4.677407 0.604722 -7.754722 8.795093 -4.096852 -1.835000 -1.569907 0.666296 -3.311389 0.157593 5.911944 -0.014722 -2.763981 1.824537 9.680278 10.514074 -5.945370 0.215648 -1.768148 -2.442500 -5.011574 0.127222 8.203889 -24.466481 -4.522222 -1.374630 16.557315 -20.082593 -4.571296 1.683981 -12.926296 2.288333 -6.228241 -1.454907 -8.435926 0.874630 -4.698241 1.029537 -4.527407 5.242593 0.717315 2.635463 -6.981111 12.864259 0.446296 -1.020000 1.227685 7.855000 0.427315 0.017037 19.344167 -13.678148 -6.610370 -1.351759 18.584907 -4.913148 -2.262315 1.906296 -34.036481 -1.547407 -0.127130 -0.986574 -11.737963 -0.645278 -0.880648 -0.303333 0.572685 1.459630 -2.286944 -0.689259 -4.067130 3.235370 -1.358333 -0.631574 0.539630 1.189537 2.916296 -0.134907 14.373148 0.790556 -0.537407 1.646481 5.731852 6.643056 -1.103796 12.819630 -32.285833 2.742407 -1.555833 6.521667 -8.206852 0.210741 -0.686111 -0.458704 -0.084907 1.297593 -0.506759 -0.015370 1.712315 3.506944 1.635926 0.663704 0.111111 -0.383889 8.305185 1.347222 3.654907 3.037500 0.000000 1.177037 0.690926 7.711574 -0.352870 8.820000 -7.294074 13.465370 -0.487315 5.212500 -5.770278 4.788704 0.433704 -2.402685 -2.113241 4.193981 -2.949074 -0.915185 -0.982315 -1.403519 4.299815 -0.526019 6.708889 -18.872222 9.051759 2.611944 
19.114537 6.261667 -0.151019 4.057222 145.093889 13.523148 -2.378056 41.558611 44.488796 -9.539259 -8.220556 30.668611 -14.052593 -5.962778 -4.708333 0.964259 4.296389 7.571574 -7.032130 10.111204 -42.595278 -24.856296 -8.349722 2.977593 -36.324537 -16.193981 -9.973426 -2.527685 6.748426 -6.848981 -1.777315 2.107315 86.770556 -15.155741 -8.620648 20.179352 33.404722 -14.510000 -14.858611 15.607407 -5.697407 -17.271574 -7.102037 -0.917315 20.026759 -7.107685 -4.500185 1.845370 -18.321759 11.020833 -5.149167 3.051574 -5.792222 46.391944 12.029167 -1.743519 -11.830185 -13.543056 -3.618148 2.199167 28.508889 -13.358611 -5.427407 2.964722 7.901944 -3.153426 -14.953148 4.907222 -0.716204 5.689259 3.514167 -1.352037 -13.353611 1.289722 0.277870 -0.782870 -14.160833 16.919259 -1.982407 -0.412870 -0.342963 24.834167 8.908796 -1.455000 -9.142778 35.344259 -2.733333 5.263519 -21.543426 12.115926 -8.556481 5.907685 5.642963 4.322778 -4.063426 4.874352 -5.364074 23.036481 3.689907 0.178796 3.671852 7.862963 -9.342315 3.133981 26.881111 -5.875370 -8.729630 1.464444 -0.702685 -2.438333 -1.857870 0.005185 -18.408056 10.133704 -5.911852 -1.423241 -16.409907 7.757593 -3.496019 0.915926 24.669815 0.964074 -2.664537 10.522685 -5.517593 -2.063056 -3.383241 1.647778 -10.936574 3.301481 -9.482500 0.667037 14.025463 6.947963 -3.163889 0.817685 -2.306296 -7.470093 -3.599630 -0.817870 -12.212037 -5.307222 -0.879259 -1.390926 -18.931852 -4.118056 0.184352 -6.336296 15.627500 -0.931296 1.864167 3.545000 3.673519 0.344815 -1.519444 5.358704 -10.656759 4.596852 -2.890463 -0.734630 -6.381759 7.418056 -3.474815 -0.180370 -6.911111 2.911667 -10.644074 0.630556 -3.513241 -1.518056 0.000000 -0.899259 -6.435370 -6.253241 0.705648 -10.508889 8.932963 -8.476481 2.123426 -18.381944 1.923056 -11.416481 -0.361481 -0.466759 -2.461759 -3.418981 -0.300926 -1.095926 -5.981574 -2.496481 2.977963 3.751019 15.046667 -19.044444 3.045463 9.618611 
-89.999599 -27.846481 -1.735154 -11.317222 1754.044630 162.928086 54.925093 44.488796 3330.526265 404.221728 119.714259 189.179907 61.322469 -31.671667 10.915741 2.418086 -757.175648 -64.886512 -71.104414 -103.731821 107.734537 -54.988025 -123.304722 -25.536358 -284.513735 -316.499846 -244.065957 -12.715154 -168.473858 141.175895 -5.360957 -15.971265 108.185741 -136.745617 59.009043 -138.244660 1696.982685 -128.667037 59.876019 13.022840 64.407160 150.512438 -73.440679 22.148673 -181.907377 183.996698 -53.764136 14.635494 383.944599 -69.209722 -159.371574 79.357191 243.862222 156.453611 -124.706944 28.941049 -94.281914 842.418981 62.612840 44.980833 -438.215926 524.416759 55.381975 -94.048426 423.853981 -136.931883 -67.605123 -12.696852 -65.162809 292.674568 -154.301944 -5.546235 -218.440463 387.489537 -79.528117 6.290895 274.173056 73.264568 -19.229321 58.937932 215.492716 340.078426 53.077006 22.183148 -48.322778 -55.795617 -55.379630 29.667099 -145.366698 139.941605 -139.544753 -24.517068 529.088765 -145.772407 -156.106327 6.134784 -223.674321 -43.822654 -91.837068 -25.072253 -411.798642 100.413580 -16.341142 50.473549 404.348889 62.283765 60.258642 37.989630 68.393179 49.468333 29.925154 1.138395 -84.650093 -685.929136 -191.726914 -49.851821 -283.891451 -250.222284 -65.251636 -121.267654 478.166235 -13.142346 4.014414 -69.705401 -53.224383 -77.161389 -32.522562 -23.125185 -206.251080 -99.916543 -17.216019 9.517160 126.543673 82.805617 34.187963 22.829599 9.689753 -81.633735 -35.305062 -9.806698 -12.578086 -88.032778 -21.522346 4.975988 -239.212840 1.856944 9.835154 -106.424321 304.734352 42.135123 21.225833 -163.344630 126.284136 -41.168025 -10.634259 -49.489321 -69.501142 -107.868086 -32.553488 -21.961914 -27.400216 -116.308796 -63.342346 -5.771975 -112.459259 -211.007593 -150.653210 -23.780556 1.835586 11.988426 0.000000 3.013951 -107.314753 -1.834414 3.773735 -68.706296 119.947654 -60.471420 20.362253 -121.927315 149.187685 -63.119198 -15.148642 101.907747 -12.432809 129.027006 -21.404012 55.360988 15.830586 222.166728 9.265988 21.716636 -10.732222 102.590741 63.616636 -10.162685 
-17.242840 -3.663704 0.648272 -3.146667 155.289630 80.401235 19.761481 -9.539259 404.221728 173.331358 33.257037 16.691852 32.589877 50.052222 16.490741 0.961235 -137.019259 24.098395 8.371235 -24.721728 19.721481 57.103457 -2.430000 -6.995432 -18.304938 -9.277160 -40.291605 -4.438395 -21.967654 97.325802 12.756173 -4.035062 -33.234815 22.795309 33.219506 -36.061975 224.697407 34.187407 43.092963 -13.875309 31.895309 57.316420 -1.901605 10.178025 -43.962840 2.064568 -14.078765 -1.424691 52.472840 -56.200000 -38.891852 -0.487901 22.287778 -22.391111 -35.316667 -3.246914 -14.766543 161.437037 9.695802 10.734444 -67.441481 56.561481 7.289012 -18.215926 70.871481 -77.516420 -26.898272 -11.876296 22.870988 -23.123951 -54.785556 -1.162716 -19.784074 5.347037 -33.562469 -4.164198 25.536667 3.747160 -22.472840 4.351728 47.893086 62.558148 2.319136 -1.622963 -10.396667 -83.910247 -39.240741 5.701728 2.138765 -38.222469 -38.451235 -8.346049 74.116173 -58.867407 -46.464198 -6.316420 0.841605 -20.335062 -22.631605 -1.300123 -105.777901 26.632099 -5.836790 14.205309 14.662222 44.023951 13.923457 6.480741 29.744938 42.223333 8.783951 0.159136 8.532963 -114.788765 -44.490988 -7.751728 -23.943580 -37.433580 -11.223210 -20.520617 21.492716 4.763951 0.407654 -20.943827 1.396914 -5.873333 -6.145802 -1.311852 -59.643210 -5.555062 -11.447407 3.724198 8.319136 23.316914 1.657407 9.807284 17.959012 9.803951 17.635309 0.000988 17.165432 -14.731111 -5.017160 1.976173 -14.812469 6.194444 0.685062 -5.602840 -4.857037 12.896049 1.175556 -29.634074 15.630988 -5.299877 -4.987037 -5.862840 -11.093457 -22.383457 -5.847284 0.119012 0.821358 -19.907407 2.786173 6.284321 3.207407 -37.663704 20.464938 -3.411111 7.892346 7.820370 0.000000 1.994691 -0.975679 12.195679 0.011605 4.374815 -12.020494 6.386543 0.399012 -9.542593 5.267407 -9.499012 -6.272346 11.414321 -1.203457 12.802469 0.545062 9.905062 15.261235 1.661358 19.902840 6.149877 -15.412222 -74.748148 1.710988 0.210370 
-3.433148 -0.718889 0.117963 -0.656667 -14.586667 -7.920370 17.076111 -8.220556 119.714259 33.257037 46.843333 -1.655000 57.677037 25.484444 20.577778 2.348519 -93.221667 -5.827963 5.086852 -15.358704 -2.360556 13.397407 2.668333 -7.621481 -19.337963 -15.643519 -12.075741 -1.508704 -4.163148 27.459815 3.467593 -0.676481 -57.132222 6.117407 18.540926 -12.825741 46.028333 -0.882222 32.609444 -5.568519 33.111852 10.644630 5.702593 3.633148 -6.770926 2.200185 -3.427037 -0.942593 36.300926 -32.208333 -16.717222 3.474259 -11.770000 -70.992778 -17.647222 -0.581481 -1.340370 22.419444 16.433704 -1.099444 -38.146667 22.259444 9.054074 -3.745000 11.317222 -10.755741 8.251481 -3.934444 4.256481 -7.095926 -14.881667 1.235926 4.278333 12.249444 -6.003148 -0.304630 27.907222 5.617407 -5.931481 1.337593 15.821852 -5.211667 -1.337963 -1.535556 3.376667 -40.071481 5.188889 -5.792963 1.120926 -5.102593 0.787037 -3.611296 14.161481 -2.846667 -5.304630 0.160926 -16.421481 -3.057037 -6.773519 1.343148 -20.731852 11.109259 -0.555741 2.255741 0.108889 12.051481 7.390741 -0.441111 7.196852 4.125556 2.128704 -0.054074 7.168333 -18.562593 -7.224815 -3.215370 -9.202037 -8.102593 -1.307593 -4.008148 -24.479259 -0.161852 1.727593 3.062037 -4.274074 0.699444 -2.419815 6.431111 -5.150926 -2.561481 -6.250556 0.070741 3.495370 5.124815 -2.977778 1.909815 2.858519 0.755370 3.031852 0.168704 6.575926 -2.998889 -1.227407 1.147037 -20.783704 4.802778 -1.795741 8.550741 -51.073889 1.008519 -2.731667 10.125556 2.089259 6.798519 -1.477778 21.254074 2.585370 3.590370 -2.079815 14.449630 2.218704 -3.297222 0.110370 5.377037 -1.422222 -13.302222 7.881852 1.283333 0.811296 1.630556 0.000000 0.452593 -18.464074 -0.462037 -0.675370 2.346667 -31.381852 -18.916296 -0.524259 -11.175000 -6.106111 -52.461852 -0.531852 1.669815 -1.211296 -38.793519 -7.885185 31.417037 -3.120926 -8.108519 -3.167407 26.965370 -2.597778 6.716667 9.048704 4.789444 
-10.339907 -5.023889 -0.182130 -0.960556 139.601667 6.250926 0.334167 30.668611 189.179907 16.691852 -1.655000 52.516389 -17.768148 -1.450556 -2.397222 7.272037 -68.739167 8.670463 -3.916574 3.414537 -8.175278 -3.794074 -6.756389 6.070926 -27.052315 -7.227315 -16.100093 -0.624352 -22.597130 7.337685 -0.110648 -1.884907 2.988333 -9.534630 -3.452870 1.286019 114.108056 -9.247778 -6.313056 18.518519 6.890370 15.923981 -3.858704 6.087130 -30.976574 20.715648 -3.345741 0.573148 -6.643981 3.331944 -13.946944 6.158241 7.937778 44.368611 -1.231944 3.717593 -20.789074 47.995833 1.339630 5.652500 -35.021111 32.520278 2.091481 -11.838611 37.971944 -38.843426 -12.844259 -2.788333 4.694907 -0.575185 -8.081389 0.163519 -33.428056 12.408611 -11.407685 -0.777315 22.871389 -8.598519 -10.187963 2.862685 15.799259 3.158611 2.814352 0.370556 -21.271667 -4.401296 -3.705556 5.127963 -33.390093 14.239259 -10.628704 -2.121204 49.522963 -32.462778 -14.507870 -0.971204 -0.148519 -11.489074 -5.106759 -2.101204 -53.819259 8.912963 -8.676759 6.018426 54.617778 2.222407 -2.162963 4.278889 11.539537 -9.807222 -0.146759 0.136296 -22.675833 -26.614074 -12.216296 -3.221019 -45.377685 -10.169074 -1.519352 -10.521852 58.905370 1.665185 1.462130 -6.482870 12.204630 -5.483056 -3.357685 -2.993333 -49.308796 -2.322963 -8.424722 -0.036296 5.803241 16.102407 -0.547222 2.293241 3.378148 -8.087870 -4.275185 -0.400093 -12.312037 -7.956111 -1.632593 -1.097593 -26.006296 -2.306944 2.315463 -15.904074 39.700833 7.103148 4.568611 -20.040556 19.175741 0.541481 -1.480556 -4.294630 -15.238981 -7.260926 -4.513796 -3.553519 -8.297315 -0.004167 -5.018148 0.965185 -7.188889 -3.857222 -11.491852 1.725000 -3.939907 -1.918056 0.000000 -0.794815 -0.047593 1.102315 0.903426 -11.478889 19.008519 8.459074 4.388981 -30.687500 12.530833 -3.293148 -0.230370 0.024352 -3.323981 7.869907 2.310185 -3.438148 -4.768241 4.541296 8.117963 0.337685 18.226667 -17.244444 7.837685 8.133056 
100.351975 9.148519 0.550864 4.762222 -49.844815 -20.050617 7.224815 -14.052593 61.322469 32.589877 57.677037 -17.768148 1056.666173 145.693333 57.212963 72.763827 212.592963 140.898025 -4.616173 57.833086 -877.710741 30.081605 24.545556 -103.382840 42.808025 33.596914 30.062469 10.033086 70.972716 43.317654 5.613580 3.139753 -55.721481 46.452346 12.684691 -7.385679 -121.084815 42.672963 60.067407 -39.023457 456.246790 0.533457 49.809136 10.505432 144.911975 -0.262840 -15.110617 50.556790 -304.175309 58.105556 61.601481 -30.206049 -40.252222 -373.571111 -42.605556 -19.143210 81.747160 137.637037 69.057654 8.596667 -20.751481 104.585926 21.052716 -5.261481 -131.432963 115.094321 19.454691 -44.456296 184.150617 -139.582469 -75.187778 22.259136 138.244815 -174.037407 -48.690988 1.726543 -263.287778 25.454198 -15.941358 -16.123086 -23.618765 -228.754074 -40.884568 -8.555185 95.395556 -76.136543 12.892593 -10.806420 103.991728 -169.738765 -16.932716 -4.668642 -136.783086 -16.594074 -23.201235 -21.666790 191.254198 -64.093580 -39.667531 23.186173 183.141728 -55.060494 -36.109383 15.905679 -375.858889 -3.889753 -19.889506 -16.818148 -22.894691 5.791111 3.258025 -0.482346 84.208519 -114.236173 -68.451728 8.389753 226.591235 -35.299877 -2.282840 12.340864 -270.049136 -8.770864 16.507284 -36.991975 38.198765 17.397778 21.803457 1.205926 111.477160 -18.194691 -18.415185 7.837901 -143.817901 -50.005679 -30.459259 -0.489753 -16.368395 8.881358 6.865679 3.416173 69.339506 -29.584444 -10.544198 7.686914 230.614568 27.066667 -0.000864 71.465309 -232.971481 43.268642 -9.521111 -7.549630 -93.151605 55.197160 1.668519 -26.638025 22.938395 72.891728 6.626420 14.507160 -12.874568 72.342593 24.784691 2.749506 60.412963 173.048519 83.567531 19.072222 27.753827 7.148148 0.000000 6.372099 131.151728 84.321605 0.360864 115.362593 -68.295309 265.676173 -4.193951 17.096296 -81.739259 145.321728 15.552840 -164.151605 -19.592716 -48.517901 22.141358 -59.371975 -24.280617 -85.900123 88.484691 -21.691605 131.775556 -192.181481 155.102840 4.078148 
5.085000 1.402222 1.061667 -0.198889 -73.113333 -13.511111 2.401667 -5.962778 -31.671667 50.052222 25.484444 -1.450556 145.693333 112.165556 26.761111 13.714444 -126.311667 92.920556 23.387222 -7.889444 -121.156111 93.110000 25.159444 -15.493333 88.419444 76.830556 17.996111 0.316111 8.081667 80.993889 15.119444 -0.771667 -127.951111 43.545556 24.129444 -13.142778 -74.122778 43.465556 48.312778 -12.572222 90.967778 49.062778 20.817778 13.681667 -31.343889 9.990556 -10.854444 8.955556 -42.836111 -32.763889 -10.249444 -11.715000 -6.341111 -117.551667 -24.547222 -5.605556 22.614444 46.202778 21.086667 5.482778 -51.997778 28.062778 7.270000 -7.071667 -20.428333 -71.390556 8.413333 -17.965556 66.180556 -120.296667 -35.846111 2.540000 38.999444 -74.899444 -32.283889 -8.325000 -15.235000 -40.043333 -23.816667 -4.706111 25.635556 -78.310556 -17.658333 -3.425556 4.451111 -99.943333 -17.250000 3.141111 9.377222 -57.140000 -12.472222 -7.140556 21.670000 -46.420000 -12.686111 -8.690556 51.073333 -52.380000 -14.361667 1.566111 -13.025556 -8.216667 -13.596111 4.401667 -65.042222 10.513333 4.400000 -2.181111 11.349444 7.618889 2.591667 -0.175556 -3.473889 -40.713333 -21.573333 2.472778 17.537222 -10.912222 -2.057222 -6.162222 -17.991111 1.098889 1.315000 -9.075000 17.100000 4.906111 1.071667 4.007778 -33.597222 0.302222 -10.199444 6.186667 -36.425000 7.551111 -3.272222 4.338333 10.793333 34.098333 27.492222 2.457222 6.400000 -10.523333 -2.402222 -0.282222 20.168889 3.036111 0.377222 4.062222 -50.653889 9.287778 -2.868333 6.702222 -4.480000 17.803333 -1.500000 8.042222 -0.726111 19.518889 4.870556 7.024444 -2.209444 25.997222 23.943333 7.604444 37.300000 56.446667 72.897778 3.788889 3.951667 1.136111 0.000000 0.928889 8.217778 11.175000 -0.422778 14.336667 -31.020000 17.158889 -3.129444 -2.052778 -12.282778 -16.995556 -2.186667 -18.593889 -3.046111 -39.925000 10.194444 -13.946667 5.567222 -76.626667 33.876667 1.866111 6.281111 -131.166667 39.499444 -4.545000 
-6.860185 -0.822222 0.545370 -0.550000 -51.222222 -7.318519 2.147222 -4.708333 10.915741 16.490741 20.577778 -2.397222 57.212963 26.761111 23.238889 2.281481 -53.097222 15.593519 14.056481 -4.304630 -14.508333 38.864815 10.430556 -2.724074 34.554630 38.221296 8.143519 -0.737963 -6.154630 29.760185 6.265741 -0.510185 -60.583333 12.714815 11.199074 -6.684259 -4.602778 15.116667 24.591667 -4.059259 28.042593 16.712037 12.996296 4.621296 -16.460185 1.184259 0.481481 0.370370 4.265741 -14.975000 -1.863889 -3.578704 -8.855556 -49.097222 -10.980556 -3.024074 5.420370 15.252778 13.257407 0.036111 -22.711111 21.380556 5.175926 -1.225000 0.080556 -14.678704 12.112963 -3.477778 16.110185 -30.885185 -12.602778 0.674074 27.158333 -16.280556 -8.843519 -1.978704 4.875000 -18.835185 -5.629630 -1.145370 1.225926 -19.980556 -4.212037 -2.072222 4.027778 -48.135185 3.372222 -4.337037 11.087963 -14.685185 -2.298148 -4.056481 20.801852 -13.822222 -3.706481 -0.295370 10.881481 -20.035185 -6.056481 1.476852 13.257407 -8.414815 -2.734259 -2.276852 -15.527778 -4.420370 2.903704 -2.094444 -1.404630 -5.750000 0.843519 -0.081481 -4.436111 -13.874074 -4.418519 -0.765741 1.089815 -8.446296 -1.432407 -3.790741 -9.001852 0.062963 0.304630 2.299074 7.835185 4.758333 0.206481 6.927778 11.156481 -1.068519 -1.725000 1.287037 -4.867593 -3.781481 -1.966667 -0.167593 1.625926 5.860185 8.814815 -0.084259 -0.498148 -4.405556 -0.825926 -0.109259 -0.707407 -2.486111 -0.695370 0.470370 -35.019444 1.064815 -1.586111 4.861111 -1.403704 9.987037 -0.722222 18.181481 3.576852 7.740741 0.917593 12.614815 0.054630 1.586111 5.874074 3.140741 15.411111 7.500000 27.498148 0.372222 0.867593 -0.019444 0.000000 0.101852 -3.787037 1.462037 -0.243519 4.250000 -29.048148 -4.503704 -0.654630 -9.780556 -12.469444 -32.353704 -1.192593 -9.078704 -0.928704 -37.978704 -1.137037 17.301852 -1.354630 -32.942593 10.407407 18.887963 -1.711111 -47.088889 15.537963 1.958333 
-0.052531 -1.391852 -0.015864 -0.247778 0.777037 -3.743827 0.635741 0.964259 2.418086 0.961235 2.348519 7.272037 72.763827 13.714444 2.281481 23.229506 -10.705741 4.646975 0.272284 21.243025 -71.807593 -7.623827 0.710556 -11.297160 -3.544136 -13.027469 -4.924136 0.748580 -1.816605 8.919568 0.133642 -0.510309 -10.465185 7.656543 1.025864 -1.737099 -5.983519 1.740370 1.243148 -0.693210 30.995432 -1.378457 -2.294691 3.439568 13.723025 4.534506 -7.569383 11.559877 -28.655247 -5.775000 -5.283148 0.105494 -5.482222 -21.583889 -10.791667 1.315432 2.773951 27.704630 6.619012 0.335000 -9.686296 18.152407 0.596173 -2.053519 -8.596481 3.106235 -8.948025 -3.457037 8.935494 0.248025 -17.367222 -0.244691 -5.113148 -1.677593 -8.510679 2.031790 -16.239444 19.110247 -3.869753 3.915864 15.769877 11.305741 -2.918210 3.189630 -1.075556 -11.949012 3.429630 -0.398025 4.834383 -16.959012 -5.506173 2.685864 1.043086 -0.993704 -8.968210 1.461790 11.710247 8.175802 -7.823025 0.006605 -16.490617 8.254938 -6.495617 2.654877 -13.973333 9.140864 0.078395 2.058148 10.815247 8.498889 0.655864 -0.055432 -4.169074 -23.081605 -7.057160 1.145247 3.603765 -6.659012 -2.411049 0.378025 -0.079753 -1.210247 0.137716 0.233642 12.567901 -1.918333 -0.510679 -1.210370 0.714506 -7.281975 -4.766481 0.960988 -4.107099 3.075679 -3.318519 2.832531 3.559506 -2.586358 -0.889012 0.122160 -2.061728 -2.841111 -0.773580 -0.133580 -0.607901 1.786111 0.599198 -0.989753 -5.801296 6.294691 2.293889 1.778519 4.683827 4.429506 1.070370 3.903580 4.744383 5.159383 -0.686975 0.260617 -1.798210 5.782407 -0.588025 1.386049 4.242593 8.041481 1.520247 1.105556 -1.204383 -0.884259 0.000000 -0.202099 1.012716 -0.218827 -0.356975 2.508519 -6.786914 -1.838395 1.377840 -3.721296 7.040926 -10.852840 3.542716 2.397716 -0.617840 -0.073765 -0.008025 -2.395802 -6.906605 4.564568 5.173086 -4.604506 9.267778 20.959259 12.028827 1.609074 
120.421204 50.203889 -1.748796 13.539444 187.757222 86.389815 -37.943611 4.296389 -757.175648 -137.019259 -93.221667 -68.739167 212.592963 -126.311667 -53.097222 -10.705741 2688.794167 -31.651759 -50.299907 173.386759 -179.908611 -503.527407 -165.723056 -35.751296 -986.946759 -691.938426 -224.772315 -38.724352 110.891759 -102.290093 -20.910648 19.309537 780.993889 3.070926 -67.808426 126.741574 -138.819722 -2.770000 -123.263056 16.796296 -74.748519 -86.770463 -40.608704 -39.351759 938.317870 -145.162130 17.704259 85.295370 -297.416204 379.204167 20.003056 12.052685 -122.040000 -95.425833 28.279167 -12.921296 -36.589074 34.573611 -23.915926 -7.214167 538.823333 -85.251944 15.919259 113.283611 -52.350278 358.239907 -72.666481 52.250556 -72.416204 199.269259 -3.742500 -16.275370 247.388611 -160.124722 50.270093 64.961574 -467.045278 328.601481 37.573148 -6.770648 -158.167407 -49.830278 8.231019 -2.901667 29.672778 514.982037 -52.783333 -19.577593 312.071019 -62.721852 -35.389815 92.128796 -236.188148 144.376111 -2.441204 27.501019 -120.304074 186.410926 5.365463 16.293241 519.347407 -95.848148 0.067685 57.546204 -417.487778 -81.099815 -92.490741 3.145556 -166.560463 -12.868333 -26.574537 -0.119259 -91.264722 -82.775185 -141.466296 -4.276574 452.033426 18.014259 -38.219352 118.672593 -217.883519 6.487407 11.878796 65.556019 -270.978704 -51.277500 16.170093 -36.754444 408.857870 -115.056296 -0.335833 -5.325185 9.747685 -159.930926 -51.652778 -18.045648 -72.160741 -74.876759 -47.775185 -4.716759 -110.345370 -92.361667 -20.538148 -3.353148 332.243704 -11.384722 1.893241 102.557037 137.600833 -30.135741 20.446389 64.965000 -268.857593 -148.547407 5.308333 -145.161296 37.994352 -103.744259 -5.052685 -45.475741 43.624907 -64.126389 -37.373704 -19.645926 -45.166667 -21.518333 -89.241852 -8.619444 -49.706574 -35.501389 0.000000 -14.544815 146.946852 -83.369907 5.675648 37.971111 271.769630 149.231296 8.683426 261.895833 -132.808056 514.873519 21.864074 -100.697870 -44.757315 273.642130 40.693519 -159.249259 -42.301574 210.957963 15.145741 -108.328981 113.148889 147.144444 74.698796 -33.205833 
12.834290 6.663519 2.185401 0.201667 -4.093148 23.378086 -1.324352 7.571574 -64.886512 24.098395 -5.827963 8.670463 140.898025 92.920556 15.593519 4.646975 -31.651759 298.090710 14.017253 -10.774599 -242.402685 258.870864 42.055833 -17.323025 241.444599 302.147377 97.412377 -1.596821 38.070031 88.538673 18.830710 -0.350710 -24.916481 59.712160 14.520710 2.089228 -130.615648 74.997407 17.809907 1.417284 74.392716 66.968549 55.605988 11.303673 -40.114599 9.680586 5.615864 8.968827 -161.319290 7.754167 13.210093 -13.242253 -37.447778 -100.130278 8.195833 -13.653395 76.313642 68.893981 18.825062 13.426944 14.632963 15.578426 5.244198 -7.055648 -66.272130 -54.682438 10.127099 -24.183519 70.478858 -159.874321 -2.341389 0.978210 114.438981 -190.084352 -56.920895 -11.217438 -23.549722 -171.794321 -58.462654 -17.010401 -55.052840 -246.773241 -45.236883 -7.706852 27.857222 -142.137840 -40.696296 13.727099 17.990525 -151.293951 -32.455864 0.443488 9.473210 -96.884630 -17.259105 -24.471327 82.977901 -127.160432 -20.985401 3.923858 59.172469 -67.041975 -23.986142 -3.853673 -87.824444 -39.572901 -28.074691 -11.383704 -30.010710 -42.905000 -7.460957 -0.640494 12.527130 -55.144691 -33.806914 7.185401 81.413549 -28.207840 -11.118858 0.252346 -45.693765 -4.444568 -2.052809 -32.963735 -4.813272 16.375833 2.695772 -8.492963 -50.526080 35.743457 -8.506574 -1.642840 -80.203549 -8.336605 -6.956481 -12.346512 -0.251358 37.210154 32.562716 1.077191 29.060802 -5.035000 -2.099012 -0.749568 112.286049 5.337500 -0.535401 11.533457 -19.620648 24.116235 -5.863611 -18.062407 -48.653642 26.133086 -3.306481 -45.732654 -9.561698 27.714136 7.312623 -17.613025 -8.199660 44.749537 34.799877 -5.379753 59.762963 103.869074 106.864568 7.436111 15.375031 3.007870 0.000000 3.371728 75.509691 46.879475 -1.157932 32.911481 18.513210 148.113025 -5.527191 5.608796 -36.847315 125.250802 -3.388642 -68.843920 -11.788920 14.507562 24.373765 -78.771235 -0.009969 -95.203272 70.869321 -39.015031 26.007778 -266.875926 76.290525 -3.661019 
-10.431142 -0.506852 0.614414 -0.526111 -96.413519 -9.041049 0.479352 -7.032130 -71.104414 8.371235 5.086852 -3.916574 -4.616173 23.387222 14.056481 0.272284 -50.299907 14.017253 45.553673 -5.206698 16.362130 56.373951 37.228056 4.391173 62.876698 91.557253 26.694475 0.365525 -0.799105 38.555957 7.979475 1.167191 -81.947963 26.122654 13.975031 -4.882377 -65.630463 28.443704 25.872870 -3.815432 0.169877 44.845710 21.215864 4.143179 -24.741142 13.933673 17.418951 -4.370679 -16.609414 -11.873611 11.086019 -8.917562 -33.075556 -54.024722 -18.737500 -5.681790 20.350062 22.853241 11.664568 2.254722 -23.131852 20.676574 11.263951 0.529537 -25.107315 -23.292932 19.520309 -6.918704 12.503549 -57.123086 -6.530278 0.060309 55.176019 -48.852870 -11.927068 -0.483488 4.533611 -35.631975 -15.072531 -4.167191 -19.770123 -55.775093 -21.502932 -2.303148 12.107222 -61.455123 -5.814815 -0.468580 19.270772 -45.061235 -5.681173 -3.757747 21.871975 -31.286481 -2.125154 -6.420710 24.634691 -48.064753 -7.908858 1.431883 34.302716 -27.772840 -1.689228 -3.993179 -42.696667 -9.596358 -3.932716 -4.970741 -9.370586 -1.488333 -1.495525 0.121235 1.328981 -13.430494 -8.187160 3.619969 31.740710 -10.636235 -1.310216 1.031358 -16.420309 -2.995802 -0.955895 -4.648302 9.037346 3.309167 1.084043 3.038519 13.443673 -4.771975 3.008241 0.584321 -29.941821 -14.124877 -0.432407 -2.469969 -0.053827 18.386698 13.367654 0.746327 2.991049 -5.862778 -0.205802 0.243642 27.107654 -0.818056 0.024475 5.979136 -34.335463 2.756358 -2.330278 11.146852 -14.640062 9.497284 -0.549074 8.507469 7.146327 14.627716 5.402747 2.756728 0.156512 11.053241 14.859753 0.922716 28.087037 36.698704 45.999136 4.019444 1.905895 0.067130 0.000000 0.644568 13.778827 3.771451 -0.356698 14.520741 -17.138025 15.443272 -1.168549 7.166204 -22.484352 12.792160 -0.875062 -22.180340 -1.208673 -14.164043 7.922531 -9.166914 12.532006 -65.519321 24.273642 1.604105 -2.220000 -155.135185 20.326327 -3.818426 
-2.850401 -3.370185 0.207377 -1.221667 46.444259 10.527469 -2.391759 10.111204 -103.731821 -24.721728 -15.358704 3.414537 57.833086 -7.889444 -4.304630 21.243025 173.386759 -10.774599 -5.206698 119.004043 -178.984537 -64.411975 -16.917500 40.041914 -99.897377 -65.689043 -18.784043 0.242932 1.946080 -16.070340 -0.989043 -2.523179 90.092037 1.612284 -3.925710 12.016883 -34.149352 3.350370 -11.159352 5.121605 -11.096049 -25.417994 -0.281543 -0.987562 69.129599 -33.185586 -6.446975 26.508951 -64.022377 34.076389 -6.328426 11.642809 -13.556667 -4.498056 -6.887500 12.192284 2.604136 41.114352 2.526049 1.791389 37.765926 -5.583426 4.862469 2.242870 -27.470648 38.920772 -4.678210 8.052407 -21.181636 18.725432 -5.264722 -3.542654 9.962685 -29.511759 -11.860772 2.409105 -55.417500 27.302099 -9.476235 0.745401 -6.420494 6.438241 -2.954784 9.739074 5.100556 24.528951 -2.242593 12.310679 17.405586 -31.736049 -12.827469 14.300401 -40.172099 3.666852 1.595216 4.020772 -18.631235 38.444877 -5.418488 -0.477747 46.065309 3.675309 -8.469969 1.870895 -10.671111 -0.172654 -6.747531 3.221481 -7.259846 13.459444 -0.280710 0.256049 -8.344352 -37.926420 -24.978642 7.429599 50.647006 -12.972160 -9.742809 15.200988 -16.582901 -6.290988 6.963364 9.555401 -32.681173 -2.266389 -2.121883 -4.119259 60.262191 -10.677901 -2.117315 3.655062 18.500772 -9.516728 -2.343519 2.625957 -0.839753 -7.127377 -4.983827 -0.137747 -11.683025 -11.022778 -3.849877 -0.364877 30.185062 -0.229167 0.937068 12.307654 -12.684352 14.442654 10.068611 30.811296 -44.978580 12.206914 2.862037 0.817099 2.990031 14.901420 0.797932 -4.026975 0.450216 18.692130 1.125679 -1.411358 4.775926 34.152037 -0.791235 1.230556 -5.318920 -2.893981 0.000000 -0.669506 -1.940802 -12.576698 -0.118179 6.695185 -11.375432 -5.228580 5.732191 17.116204 -16.059907 5.091420 8.887531 7.386698 -9.711636 5.150772 8.115123 -9.983210 -8.480586 16.466605 5.134012 -12.644414 21.676667 -1.485185 5.533364 -2.070648 
