1079.677284 2373.147778 173.657654 76.070864 95.357037 1671.564074 44.216543 13.307778 -43.464938 1458.815679 -22.224198 24.387284 -61.369259 1052.272469 -71.508765 49.745062 13.463580 523.761975 -75.055185 62.093827 -49.839259 93.423457 -36.558272 35.077284 -501.072346 -171.165062 -39.069136 -5.268519 57.376296 -366.348889 -131.329753 36.922840 -98.304074 -431.214321 -193.689383 2.285062 -137.420494 -539.123210 -221.567284 3.753951 14.390741 -473.930988 -83.258395 9.005556 179.173457 -161.761605 141.854568 -14.635062 26.242099 90.221235 121.070741 -10.756049 -393.547284 -63.893210 -82.060494 -6.526667 -283.228642 -1485.223333 -239.053827 -65.226049 -38.415185 -794.993704 -229.379506 -0.449630 46.412716 -526.539630 -115.395556 -0.920741 265.904691 -212.999753 158.463951 -7.309383 -0.175679 -48.777284 42.966790 -14.638272 -177.707284 -142.564568 -151.308148 -4.110617 -207.897901 -197.559877 -110.703210 -0.443951 -40.766420 -350.658765 -68.421235 -16.736049 19.650741 -115.302099 -49.841481 -0.299753 305.314815 10.018395 42.487778 5.081728 356.444444 32.215926 15.851605 8.616914 -180.235802 -99.953210 -214.365679 1.997160 -148.484691 -144.715802 -125.400988 0.379506 -31.892963 -51.333086 -25.384568 0.000000 -7.716543 -35.108889 -13.150123 -1.837284 47.461605 -3.408519 -4.057531 4.178519 262.396914 -3.036420 -17.411975 35.661605 166.063210 -12.361111 -165.257037 92.085802 -211.701111 -65.358395 -141.992963 30.863827 -53.960370 -19.544074 -21.600247 0.274568 3.628642 30.992222 6.942099 0.000000 -0.547407 -4.522716 -1.570864 -0.110864 20.697407 13.847407 0.917531 4.855679 15.890741 9.378765 -15.081481 44.666049 -147.029012 59.262963 -44.228889 102.075432 -103.759383 122.006173 -23.943951 70.360123 10.450741 101.020864 8.374568 10.196049 50.679136 108.315679 27.060370 1.548765 1.079506 -0.104938 0.000000 -0.072099 8.319136 4.599753 -0.638148 -0.069383 4.400123 31.706790 -1.225679 0.095556 -74.422963 33.345926 -2.465556 -92.665309 48.814074 12.236420 0.466420 -149.919136 125.730864 98.977531 -1.665432 -52.603457 226.378025 332.143827 1.784568 -25.550617 
2373.147778 7859.056667 452.281667 298.066111 193.398333 5516.238333 204.382778 50.523889 -171.492222 4975.053889 -39.136667 54.831667 -242.961667 3693.356667 -163.611667 137.200000 43.825000 1750.123333 -126.023333 212.847222 -23.173889 145.744444 -42.092778 99.008889 -1916.211667 -528.956667 -69.047222 -41.294444 -135.578889 -1229.286667 -420.233889 49.730556 -348.985000 -1427.025556 -574.105000 3.930000 -438.078333 -1759.023889 -685.627778 6.423333 146.083333 -1558.420000 -165.510000 18.583333 603.258333 -629.491111 571.712222 -73.816111 -43.032778 157.165000 363.801667 -55.560556 -1470.823889 -306.466667 -305.077778 -25.939444 -849.984444 -4663.202222 -744.858889 -200.014444 -126.035000 -2530.977222 -713.055000 -1.137222 247.379444 -1621.339444 -357.618889 -1.587778 1083.729444 -641.179444 491.362778 -19.700556 -0.876667 -253.297778 38.214444 -48.511111 -621.105000 -609.029444 -588.753333 -21.342222 -681.926667 -677.286111 -385.117222 -1.253333 -131.093333 -1123.250556 -219.790000 -53.420556 68.720000 -366.648333 -156.989444 -0.476667 1057.913889 41.938333 122.586667 20.251111 1219.775000 54.030000 -64.017778 29.876111 -530.741667 -412.586667 -767.642778 4.851111 -466.147778 -475.210000 -417.043333 -0.636667 -103.804444 -162.332222 -80.150000 0.000000 -23.410556 -111.798333 -42.017222 -5.753889 160.768889 -4.735556 -13.167222 5.428333 834.016667 5.872222 -63.023333 112.557778 432.137222 -11.947222 -525.551111 310.461111 -663.121667 -174.151667 -440.801667 122.953889 -164.702222 -64.845556 -70.587222 2.349444 3.828889 73.334444 14.147778 0.000000 -0.496667 -13.460556 -4.882778 -0.015556 73.643889 37.488333 -0.748889 9.125556 67.569444 47.226667 -48.600000 120.452778 -441.500000 175.272222 -135.793889 271.228333 -332.889444 291.597222 -76.592222 233.890000 0.103333 287.910556 17.674444 75.985000 116.297778 325.012222 63.071667 20.097222 2.563333 -0.030556 0.000000 -0.055000 29.883333 13.751667 -1.802222 6.318333 16.489444 79.686111 -3.840556 -4.956111 -108.592222 99.220556 -8.897778 -258.832778 69.968889 -117.233333 1.001667 -363.747222 240.425000 -8.806667 -8.294444 -155.801667 659.928889 577.669444 15.991667 -65.072222 
173.657654 452.281667 80.796636 15.519660 40.167315 390.763796 34.589414 2.172500 25.742654 368.205586 15.108395 7.409599 8.958241 274.660062 0.198364 12.923765 9.190895 147.006049 -9.927963 20.022068 16.682130 -2.310802 -13.759290 24.299321 -183.521698 -108.505432 -18.799228 7.620370 23.317407 -42.103333 7.601451 8.772377 -21.438241 -111.241914 -26.707623 -0.218457 -34.661512 -157.294414 -48.615432 -0.077901 -16.623148 -144.380802 -19.117099 -0.283333 19.651698 -64.328457 47.465309 -3.416265 15.909969 3.655586 35.466019 4.531265 -81.668488 -30.591358 -13.159568 2.950833 -59.886605 -333.613333 -55.996235 -15.737901 -9.816019 -195.157315 -54.796821 -0.118241 9.895957 -139.053796 -33.010556 -0.089630 35.984228 -74.185772 45.774043 -1.653179 -35.740864 -23.127099 31.531420 -1.695679 -33.866265 -25.633920 -19.632037 3.372901 -36.640864 -38.692747 -17.840525 -0.124321 -10.720494 -92.543302 -18.018086 -4.453735 -3.783704 -33.218858 -14.419537 -0.078827 65.152315 -10.078179 12.581111 1.083210 57.070833 0.967037 23.175123 1.692006 -58.513117 -17.855802 -33.811142 0.910679 -29.259506 -22.918951 -22.612469 0.859321 -6.603519 -7.006605 -3.169753 0.000000 -3.119969 -9.294167 -3.468920 -0.479043 -7.874321 -5.973519 -4.176327 -0.560093 76.389506 -4.804938 3.168951 10.264568 22.857747 -2.595833 -21.129815 21.228395 -64.809167 -9.562932 -25.816019 6.837068 -11.147593 -6.344630 -4.400340 0.078920 -1.960617 -5.668333 -0.830309 0.000000 -1.823519 -1.349290 -0.427994 -0.039938 -12.875093 -2.994537 -0.855062 -1.621358 20.147685 -3.306975 -2.012037 18.110957 -38.222531 9.515741 -9.242500 42.501636 -40.961512 37.100154 -6.327099 17.309753 -6.572593 37.894660 0.421975 6.323735 10.881728 51.162531 2.454537 1.648302 -0.207346 -0.113735 0.000000 -0.033858 -9.860494 -2.480895 -0.047593 -2.198179 -7.733858 -10.051080 -0.125586 2.978611 -13.224630 -4.210463 -1.500556 -2.508549 -15.140370 15.535494 -2.408673 -20.771451 5.534105 50.651049 3.866975 -9.792253 81.804506 94.558179 33.754475 1.829012 
76.070864 298.066111 15.519660 38.079599 -0.830648 204.603981 7.963549 6.057500 -10.950802 179.384784 -2.266543 1.401142 -5.757130 127.806235 -2.310216 4.628086 8.972068 40.678765 1.346852 11.181636 -5.128796 -21.068827 -0.286636 2.662531 -89.997562 -36.621975 -4.141512 -1.131481 -30.376296 -105.901111 -20.731821 15.696142 -13.180648 -58.658827 -20.480525 0.438086 -13.941080 -59.931883 -23.236420 -0.016914 15.228704 -49.353272 6.779691 0.294444 29.079784 -25.293025 32.741728 -0.286698 -10.837006 -8.692994 7.980648 -1.174969 -67.085586 -18.588272 -19.105247 -1.221944 -32.131543 -172.443333 -24.534136 -7.770247 -4.075093 -88.610463 -23.272809 -0.040648 14.837747 -55.228426 -9.240556 -0.162593 59.008735 -26.425710 27.124475 -0.799414 -2.309506 -22.179198 -2.984383 -1.352469 -28.353364 -35.355340 -25.411296 -0.179198 -25.559506 -31.631327 -18.115772 -0.054198 -3.685432 -31.962994 -6.205617 -1.531080 3.138148 -10.230772 -4.946019 -0.027099 42.447685 1.864475 3.106667 1.755309 59.412500 -4.493704 -12.596975 2.668735 -13.149846 -23.506049 -34.973673 0.390802 -16.980123 -19.746235 -16.169383 -0.089691 -3.709815 -6.610432 -3.167284 0.000000 -0.766327 -3.292500 -1.205895 -0.176142 7.168025 -0.944259 -0.604043 0.308981 15.095679 -1.554321 -4.331543 5.618025 13.575216 -1.515278 -24.829074 19.190123 -12.403056 -4.685586 -18.708426 9.253302 -4.236852 -0.836481 -2.415957 0.514784 0.984321 6.460556 1.214383 0.000000 -0.272037 -0.555525 -0.149043 -0.027099 3.959537 1.656759 0.189877 0.351728 -15.092130 -1.444506 -2.582407 2.259414 -28.236728 1.784259 -7.058611 14.926883 -2.857747 10.329475 -2.695864 21.969506 3.699259 14.226821 1.660617 8.276636 8.324568 15.044506 5.102130 1.675772 -0.034136 -0.067747 0.000000 -0.013549 3.045679 0.209043 -0.081296 0.118920 -3.363549 2.015895 -0.230340 -3.044167 -20.424259 -13.119537 -0.126111 -16.896265 -3.386296 -33.731790 0.875710 -5.074846 18.175154 -18.728457 1.358951 8.119660 17.161790 7.623302 1.215895 9.691358 
95.357037 193.398333 40.167315 -0.830648 91.371944 183.448056 38.665648 2.903056 64.486481 219.496019 23.289259 5.961759 37.742500 165.290926 6.911019 7.484259 36.118981 96.480741 -15.748333 14.236574 19.521944 1.521296 -29.868241 19.459815 -157.467685 -102.993704 -31.493981 1.461111 69.915556 105.718889 30.840648 -2.225463 11.333056 -26.498704 2.133426 0.525370 -17.837130 -93.615093 -32.053704 0.282593 -23.791667 -99.404259 -28.610926 -1.972222 13.619907 -49.340185 7.047407 -3.440648 40.908426 13.557130 13.083611 7.111204 -10.742870 -24.842593 -26.471296 8.170278 -23.689074 -202.630000 -34.074630 -12.121852 -5.255833 -156.039722 -44.987870 -0.069167 -4.533981 -123.221389 -38.010556 -0.404444 3.862315 -72.024352 4.503981 -1.945463 -25.106296 -20.293148 10.707963 -1.618519 -10.840648 -9.674352 -11.545000 3.501296 10.277037 -7.585648 -4.850093 0.026296 -12.167407 -96.969537 -21.055741 -4.646019 -0.346667 -36.556204 -18.246389 -0.097963 27.873611 -12.570463 -4.180000 0.127037 15.479167 0.813333 7.009074 0.008981 -37.574537 -5.607037 -16.962685 0.261296 -9.507037 -0.849815 -6.491481 0.614259 4.848333 11.202037 5.809259 0.000000 -4.079537 -11.669167 -4.331574 -0.608981 -0.595926 -7.666111 -4.876019 -0.236944 41.175926 -4.985185 -1.389074 2.542963 4.956204 -9.365278 -7.153889 8.237037 -45.039722 -1.076204 1.044167 3.023796 -6.116111 5.629444 5.471574 -0.025093 1.675185 9.115000 2.343148 0.000000 -2.577222 -1.791574 -0.538796 -0.070185 -3.379722 -4.226944 0.164074 -0.705926 22.204167 -4.944630 2.697222 4.164352 -14.493519 5.813889 8.771389 4.744537 -29.603796 35.485648 5.967963 -4.252593 -5.491111 43.461019 3.126296 0.082685 16.229259 44.389074 7.186944 1.385648 -0.352407 -0.178241 0.000000 -0.048981 -3.174074 -3.008981 0.217222 -1.890463 27.051019 0.850463 1.606204 2.720278 48.877222 36.705278 3.388333 -23.580463 6.874444 27.854630 -0.808981 -66.843981 -11.643981 16.359074 -1.012037 -32.793796 59.907593 71.683796 21.072685 -3.398148 
1671.564074 5516.238333 390.763796 204.603981 183.448056 4170.591944 191.507685 32.221389 -21.596481 3881.868426 30.717407 42.108241 -110.458056 2950.301296 -80.215463 100.987963 -43.274537 1493.155926 -110.010556 165.841204 -11.668611 157.350926 -70.807315 108.339074 -1470.931204 -514.592963 -118.089352 -2.883333 26.014444 -574.912222 -189.356204 36.853241 -239.985278 -931.572407 -368.884537 2.375741 -339.683981 -1248.092685 -514.729630 4.954074 36.819444 -1160.500185 -179.674630 12.383333 385.146759 -498.022037 398.783704 -53.510463 3.340463 116.668426 298.340833 -29.778981 -1007.076019 -189.379630 -211.362037 -5.958056 -606.114259 -3426.060000 -560.335370 -156.299259 -97.690833 -1961.066944 -568.079907 -0.978611 145.797315 -1311.871944 -320.890556 -1.286667 695.489907 -572.266759 337.170463 -16.303426 -52.551481 -207.344630 93.402037 -38.409259 -444.721574 -404.161204 -388.203889 -13.716852 -463.551481 -456.769907 -259.871019 -0.764074 -114.690370 -966.312685 -194.680926 -46.957315 36.301111 -331.441574 -145.941389 -0.526481 733.559722 -8.156204 82.428889 13.215185 817.270833 34.543333 10.109815 20.027685 -409.619907 -284.086296 -521.879537 3.875370 -337.664074 -325.680185 -294.460741 0.681296 -67.883889 -96.454259 -48.714815 0.000000 -23.888241 -102.367500 -38.445093 -5.327685 89.769259 -17.040556 -18.711759 1.013611 631.024074 3.007407 -31.586481 79.497037 303.424907 -11.906944 -366.143889 211.796296 -491.472500 -122.370463 -310.435278 83.601759 -124.329444 -44.105000 -45.391574 0.781759 -0.355185 43.032778 8.789074 0.000000 -3.485000 -12.820648 -4.540093 -0.187593 37.780833 21.811389 0.117037 2.810370 62.268056 22.224630 -27.375000 97.652315 -340.045370 111.002778 -88.272500 228.432130 -251.595093 224.642130 -50.600185 161.978148 -18.021111 232.762315 12.091481 54.141759 89.097407 294.519815 43.358611 15.642130 2.192407 -0.149537 0.000000 -0.129907 13.601852 7.411204 -0.923889 1.831574 17.308981 49.832870 -1.113981 10.819722 -83.309444 70.842500 -3.881667 -166.181759 7.721111 -65.049074 -1.683241 -253.211574 142.277315 40.659815 -2.921296 -115.758426 525.934630 364.632870 63.427315 -37.562963 
44.216543 204.382778 34.589414 7.963549 38.665648 191.507685 39.072191 1.035278 33.233765 226.431698 24.116173 1.663488 18.879907 190.711173 10.914475 4.662654 21.777006 105.929383 -0.273519 14.730401 29.769352 -12.638580 -14.090957 16.980432 -145.877809 -113.367654 -22.946451 5.131481 28.682963 53.310000 21.206451 4.964043 -8.056574 -37.256358 3.781821 -0.271790 -21.589846 -87.001636 -23.137654 -0.282346 -15.617593 -89.956358 -14.682654 -1.944444 24.032253 -48.741790 26.366420 -3.410154 20.843858 -6.446080 16.351019 2.420710 -40.747932 -33.613580 -14.170679 3.378056 -30.843272 -183.815556 -28.949568 -8.630123 -6.828796 -125.840093 -34.279599 -0.077685 -1.135710 -96.498796 -25.468333 -0.044074 16.719228 -56.876327 17.970154 -1.092623 -17.211975 -25.802654 14.790309 -2.245679 -16.426821 -19.713364 -14.402037 0.441790 -12.245309 -19.123302 -7.668858 0.000123 -8.791605 -71.943858 -14.713642 -3.329846 -1.274815 -25.661636 -10.347870 -0.066605 26.827315 -7.545401 8.073333 0.750988 19.890278 -1.541852 13.240679 1.101451 -34.665895 -13.070247 -17.020586 0.300679 -11.968395 -10.378951 -9.744691 0.255988 -1.580185 1.344506 0.924691 0.000000 -1.919414 -7.481389 -2.852809 -0.366265 1.427901 -2.209074 -1.054660 -0.220648 32.467284 -1.221605 2.345617 5.127901 -1.049475 -4.787500 -8.719815 14.550617 -40.041944 -3.936821 -7.817685 5.979846 -5.010926 -1.667963 -0.143117 0.011698 -1.331728 -3.767222 -0.538086 0.000000 -0.475741 -0.743179 -0.321883 0.044506 -0.797870 -0.717315 -0.131728 0.920864 5.539352 -0.830309 1.004630 8.141512 -31.711420 1.671296 -0.347500 19.402191 -27.928735 15.286265 -1.274877 15.966420 -3.980370 21.338549 -0.153580 6.580957 1.507284 24.285864 -0.451574 1.595525 0.011543 0.044599 0.000000 0.011142 -4.382716 -0.718117 0.133519 0.242377 2.300031 -0.870525 0.500525 6.028056 4.355370 5.954537 -0.031667 -7.446883 -15.543704 -9.492284 -2.162562 -17.663117 -13.235340 2.988827 -0.021914 -0.760586 37.916728 69.049846 19.801698 12.640123 
13.307778 50.523889 2.172500 6.057500 2.903056 32.221389 1.035278 4.105278 2.411667 24.630833 -0.396667 2.000278 1.515833 12.979444 0.093611 1.847222 4.709722 -1.023333 0.737222 3.123611 0.125278 -15.363889 0.180278 1.938333 -28.486944 -20.215556 -0.384722 -0.672222 -6.632222 -21.585556 -2.478611 0.776389 -1.313611 -13.716111 -3.682500 0.372778 -1.117500 -12.008056 -3.511111 0.415556 1.425000 -10.505000 1.168333 0.255556 6.051389 -7.356111 5.082222 0.289722 -0.501944 -3.985833 0.724722 1.150833 -13.035833 -9.377778 -4.369444 0.149167 -4.468333 -24.992222 -3.460556 -1.096667 -0.369167 -13.079722 -3.296389 -0.005833 2.238611 -8.348056 -0.411667 -0.023333 8.833056 -4.252500 5.413611 -0.114722 -1.112222 -3.499444 -0.117222 0.205556 -4.649167 -5.985833 -3.660556 0.845000 -3.584444 -5.204167 -2.750833 -0.007778 -0.528889 -4.586944 -0.890556 -0.219722 1.907778 -1.289167 -0.550833 -0.003889 6.351389 1.676944 1.913333 0.354444 8.568056 0.397778 -0.657222 0.330833 -3.426389 -3.274444 -5.597500 0.062778 -3.035556 -2.809444 -2.456667 0.072778 -0.548333 -1.053889 -0.505556 0.000000 -0.176944 -0.472500 -0.173056 -0.025278 3.420000 -0.339444 0.276944 0.534167 4.650000 -0.050000 1.381667 1.042222 0.205833 -0.376389 -2.273889 2.322222 -4.701944 -1.230278 -2.880278 1.047500 -1.050556 0.703889 -0.200278 -0.036944 1.143333 5.285000 1.193889 0.000000 -0.128333 -0.079722 -0.021389 -0.003889 1.999167 -0.170278 0.037778 0.663333 2.943056 -0.757222 -0.158333 2.618056 -4.075000 0.069444 -0.607500 1.284167 -1.111944 3.143056 -0.043889 0.376667 0.213333 5.238056 1.475556 -0.072500 5.130000 8.823889 4.115833 -0.006944 -0.027222 -0.009722 0.000000 -0.001944 1.316667 -0.141944 -0.011667 0.074722 4.270278 1.165278 -0.033056 2.049167 -0.538333 6.764167 0.128333 -2.651944 -0.913333 4.130556 0.830278 -4.062500 1.243056 -3.823889 1.780556 -2.560833 3.035000 -12.829167 4.265278 -3.200000 
-43.464938 -171.492222 25.742654 -10.950802 64.486481 -21.596481 33.233765 2.411667 187.416173 33.084012 65.090247 12.666728 126.220185 113.932469 42.264012 12.461728 35.644136 141.510864 -4.637407 16.507716 39.384630 28.234568 -31.548827 38.568395 -127.694012 -177.302840 -59.177469 13.198148 76.449630 222.676667 74.720802 -1.468827 24.008704 111.466790 52.415617 0.127284 19.030062 5.945123 12.827160 0.236173 -38.309259 -65.594321 -47.670617 -2.088889 1.548457 -47.264938 -37.357654 1.531049 95.008210 24.100679 15.257963 19.904506 75.098827 -31.170988 -16.166049 13.396111 7.261358 -11.037778 9.266173 -7.972716 -2.713519 -78.410926 -17.207840 -0.090185 -34.327840 -102.466852 -44.782222 -0.266296 -82.163642 -95.153642 -50.593272 -1.919938 2.234321 -5.718395 14.796790 0.145062 48.731049 36.364877 23.950741 8.992716 47.128765 32.909568 14.330679 0.164938 -10.539753 -89.358210 -21.692346 -4.604383 -8.674815 -42.720432 -22.324259 -0.111975 -59.410185 -32.514383 -20.148889 -1.580494 -59.580556 -0.564074 15.713827 -1.948086 19.572531 31.316790 31.832654 0.584938 24.524198 29.921975 9.386790 0.949506 10.317037 19.232469 8.459877 0.000000 -5.789321 -16.777222 -6.888457 -0.644506 -20.596173 -9.489630 -7.568086 -1.699815 -28.853086 -11.769753 -1.460864 -11.373951 15.798210 -7.569444 28.777407 -18.975309 14.281667 14.626605 26.758704 -7.034506 0.241852 6.573704 8.003642 -1.208210 -1.066914 -0.858889 0.277654 0.000000 -3.306296 -2.689938 -0.888086 -0.056420 -16.035370 -5.468704 -0.244691 -2.108765 8.465741 -16.870123 4.179630 -6.592284 47.343210 -24.859259 15.592778 -11.658457 2.868951 6.020062 9.259383 -21.668765 -12.519259 22.949198 1.950123 -7.455617 10.681358 64.209012 2.983148 -0.870679 -0.328272 -0.163272 0.000000 -0.050432 -7.464198 -4.090802 0.308519 -2.204383 23.705123 -15.434877 1.748210 8.312778 68.880370 19.147593 3.154444 6.423025 -7.238148 36.403086 -2.496358 -23.616358 -31.066358 14.995309 0.845679 -26.457346 1.449136 -6.370062 31.692901 -10.700617 
1458.815679 4975.053889 368.205586 179.384784 219.496019 3881.868426 226.431698 24.630833 33.084012 3890.829969 74.468272 27.675957 -61.576019 3115.175494 -40.410586 79.159568 -41.868673 1681.162840 -93.435370 158.961265 10.781204 280.760802 -105.337377 116.946235 -1422.596080 -542.469012 -170.756327 15.040741 97.497037 -262.170000 -90.058117 24.038735 -185.365093 -763.831420 -261.246821 0.989568 -316.939599 -1167.131142 -467.423457 2.285679 -23.949074 -1112.148086 -211.258457 3.633333 351.981636 -499.053765 354.520247 -60.827068 53.513364 116.441080 277.437315 -33.096821 -807.673735 -179.130864 -214.212654 3.914722 -540.976728 -3152.602222 -501.049321 -150.990988 -94.442870 -1923.886019 -552.002068 -1.011759 99.596265 -1366.986204 -362.171667 -2.002593 602.213549 -669.678673 256.529290 -18.325710 -80.106914 -254.285123 76.297469 -44.815432 -395.749290 -360.730525 -362.813519 -21.862901 -346.718025 -364.323920 -220.332809 -0.649012 -123.455062 -1027.785586 -216.411914 -50.942932 22.329259 -373.300031 -171.076019 -0.752284 625.436574 -47.534043 51.725556 13.235679 706.895833 10.787407 0.067099 18.582438 -382.697994 -256.067531 -471.941080 1.591543 -286.552716 -258.062160 -252.196420 0.011790 -44.222037 -49.941173 -26.930247 0.000000 -30.856698 -124.446944 -47.232191 -6.317623 68.962099 -29.492037 -25.663673 -0.344352 521.838272 -1.272840 -34.854506 73.973210 234.622253 -12.820833 -328.527963 208.454938 -428.523056 -92.379290 -256.831759 86.709599 -111.506852 -28.524259 -27.357438 0.419969 -4.159383 30.531667 6.464753 0.000000 -6.825370 -15.894043 -5.648673 -0.180062 22.957315 14.148981 0.496173 2.528025 22.702315 12.099198 -18.910185 69.900154 -349.771914 78.034259 -63.117500 199.949475 -218.006265 223.333179 -34.090679 182.009136 -26.037407 244.720895 8.254691 70.518488 66.891605 262.434136 28.933241 21.707253 1.945123 -0.247377 0.000000 -0.165031 5.160494 3.073117 -0.184630 -0.204043 31.001636 45.289969 1.777809 -3.224167 -36.609815 55.357130 1.882778 -201.790340 -21.221852 -134.035494 -7.099105 -271.645216 102.771451 19.713395 -15.800309 -73.355525 520.492160 446.275154 54.562191 22.970988 
-22.224198 -39.136667 15.108395 -2.266543 23.289259 30.717407 24.116173 -0.396667 65.090247 74.468272 39.336543 0.260247 39.856296 113.217654 24.620494 0.563580 6.976543 105.453457 1.595926 8.364198 26.015185 28.654938 -15.377531 19.642469 -74.789383 -84.871358 -27.793210 14.331481 40.960741 139.404444 37.480988 4.180247 1.005926 49.198272 27.464691 -0.193086 -5.454198 -7.331728 4.575309 -0.239753 -30.375926 -40.346173 -17.478025 -2.005556 -4.606173 -25.374198 0.879383 -1.551358 33.435062 6.090494 16.060741 5.048025 20.649753 -18.533951 3.108025 4.865556 -12.992346 -57.654444 -3.881975 -4.709753 -5.344074 -67.035926 -16.245802 -0.059630 -14.638025 -68.308519 -22.765556 -0.016296 -37.875679 -56.854568 -3.627531 -1.048642 -17.702716 -15.214691 20.428272 -2.164198 8.104198 11.375062 10.606296 0.474198 11.225062 10.693827 8.248272 0.046420 -6.876790 -57.962840 -12.718272 -2.727531 -2.958148 -24.113951 -10.510370 -0.065679 -11.585185 -11.820864 1.606667 -0.411975 -30.816667 -3.186296 17.761975 -0.265679 -10.948765 3.081605 11.309506 0.260864 6.600123 7.559012 2.368272 0.384691 2.394815 7.428765 3.411728 0.000000 -2.366173 -8.407778 -3.528272 -0.271358 -1.864691 -1.822963 -1.269012 -0.313704 3.270988 -1.073457 2.640988 -1.631358 -7.574938 -5.322222 5.832963 -2.990123 -7.343333 2.088642 7.800370 -1.678025 -1.052593 0.651481 2.282346 -0.579506 -1.485432 -3.331111 -0.609383 0.000000 -0.667407 -1.046420 -0.444568 0.028765 1.295185 -0.443704 0.414568 0.861605 0.057407 -2.090494 2.285185 3.664198 -4.582716 -8.920370 3.245556 6.512840 -8.170864 1.974691 1.840864 1.429383 -7.502593 10.750123 -0.251728 0.506420 -1.483457 23.540494 -0.969630 0.606173 0.184691 0.041358 0.000000 -0.005062 -0.923457 -0.045432 0.230741 0.661358 5.144938 1.082716 0.658395 7.854444 3.752593 7.828148 0.382222 7.772099 -25.193704 -0.065432 -1.567654 6.940123 -17.865432 -0.878765 0.377160 5.525062 2.128765 -0.196914 16.410494 8.525309 
24.387284 54.831667 7.409599 1.401142 5.961759 42.108241 1.663488 2.000278 12.666728 27.675957 0.260247 5.089228 9.730463 10.339691 -0.514599 5.925617 10.087191 -5.329136 -1.416852 4.164660 -1.606759 -21.212654 -0.524105 3.662284 -36.342068 -32.379506 -4.517747 -1.929630 -4.421481 -23.175556 -0.318920 -0.170216 -1.460463 -17.404877 -4.133549 0.244506 -0.837438 -18.824043 -4.295062 0.607284 2.287963 -17.138210 -2.485617 1.061111 11.844290 -9.798827 0.774568 1.170772 8.300710 -3.818488 0.210463 2.866451 -14.042562 -11.254321 -7.174383 0.650833 -5.418086 -30.485556 -4.233272 -1.297160 -0.566019 -16.162870 -3.993117 -0.007130 0.677438 -10.553796 -1.788333 -0.011852 5.191636 -4.078364 1.659228 -0.123549 5.083210 0.998827 -0.220432 0.717284 0.248549 -4.704290 -3.976481 2.109938 -3.816790 -6.922377 -3.464599 -0.009506 -0.646420 -5.606265 -1.088457 -0.268549 0.794074 -1.898488 -0.869537 -0.004753 3.457870 -0.187438 1.125556 0.001728 7.081944 2.650370 1.551049 0.010525 -1.142747 0.725679 -4.981512 0.225494 -3.066914 -2.137469 -3.075432 0.200062 -0.670185 -1.288086 -0.617901 0.000000 -0.216265 -0.577500 -0.211512 -0.030895 0.451605 -0.584630 -0.196698 0.178796 6.730247 -0.786420 1.993025 -0.148395 4.265154 0.070833 -0.402037 -0.814198 -4.125833 -0.959228 -2.927130 -0.475895 -1.208704 0.094259 -0.379969 -0.045154 0.676420 3.215000 0.738210 0.000000 -0.156852 -0.097438 -0.026142 -0.004753 -0.452870 -0.377870 -0.123580 0.126790 6.864352 -1.305123 -0.123148 3.081327 0.973765 2.254630 -0.642500 -0.340957 -2.381883 5.863117 -0.328951 -4.408765 0.571852 5.409475 1.214568 -1.517006 5.416914 13.238457 3.176759 -0.377623 -0.033272 -0.011883 0.000000 -0.002377 0.346914 -0.316080 -0.014259 -0.118549 3.214290 -0.430710 -0.040401 2.684167 4.814259 9.056204 0.021667 -1.695586 4.781852 12.150309 0.383920 -10.123302 1.104475 2.293642 1.592901 -8.201512 7.817469 -7.515895 6.541512 -5.556173 
-61.369259 -242.961667 8.958241 -5.757130 37.742500 -110.458056 18.879907 1.515833 126.220185 -61.576019 39.856296 9.730463 257.380833 -30.870926 73.056759 23.737963 147.275463 37.383704 24.322778 17.541204 49.336944 -22.204630 -29.223981 28.450185 -167.008981 -294.226296 -83.250463 7.677778 35.064444 103.110000 52.716019 8.231019 29.098056 91.699815 58.248796 -0.235370 44.210463 56.285093 40.292593 0.115185 44.147222 -55.200185 -14.130185 0.411111 30.580093 -74.705370 -44.866296 -0.699352 97.590463 -13.237130 -14.020278 14.482130 97.079537 -68.412963 -40.034259 11.380833 11.646852 101.640000 43.592407 -0.765926 2.031389 12.005278 17.364537 -0.028611 -19.313796 -49.255278 -21.457222 -0.070000 -33.204537 -88.144537 -60.346204 -1.903426 9.604074 -33.772407 -30.514630 -0.831481 60.050648 24.416574 13.723889 7.494259 57.926296 36.257870 11.178981 0.047037 -2.690370 -37.968241 -8.108704 -4.118426 -9.104444 -35.491574 -19.863611 -0.193148 -52.173611 -33.395093 -18.860000 -1.590370 -70.551389 -6.040000 -6.645741 -2.633426 21.024537 22.891481 27.076019 -0.246852 38.724815 38.075370 19.650370 0.514630 8.805000 16.751296 7.257407 0.000000 -6.871574 -19.773056 -9.250648 -0.366574 -11.069630 -10.490556 -6.822870 -1.864167 -29.909259 -13.342593 1.919074 -15.058519 -29.336204 -21.856944 26.428333 -23.331481 40.405278 9.701759 29.831389 -8.203796 11.831667 7.256111 7.541759 -1.429352 -2.244074 1.427222 -0.172037 0.000000 -3.062778 -3.603981 -1.278981 -0.076481 -2.280278 -7.210833 0.250370 -1.050741 17.529167 -14.286481 1.508333 -6.647685 33.599074 -30.425000 8.749722 -37.373426 32.099352 -4.218981 6.105370 -29.471852 0.701111 17.717870 1.674815 -7.852685 13.108519 55.019815 2.703056 -2.080093 0.214630 0.000463 0.000000 -0.035463 4.462963 -1.355463 0.353889 0.626019 25.803426 1.649537 0.736019 8.125278 51.773889 42.098056 1.529444 -8.398426 -4.695556 71.739815 -3.127685 -33.517130 -24.161574 130.570926 -4.726852 -13.925093 16.479074 187.232870 33.160648 -15.507407 
1052.272469 3693.356667 274.660062 127.806235 165.290926 2950.301296 190.711173 12.979444 113.932469 3115.175494 113.217654 10.339691 -30.870926 2826.010988 -0.634506 38.446914 -66.348457 1761.124568 -66.986296 121.672531 51.500185 477.182716 -104.490309 116.578025 -1044.116605 -339.259136 -172.845988 30.287037 103.139630 39.063333 -1.079568 11.705247 -124.464630 -426.253951 -126.924753 -0.217531 -214.359198 -839.946728 -321.774691 -1.374198 -66.403704 -888.948395 -201.084691 -8.572222 262.791049 -356.366420 265.433827 -59.285247 134.962284 183.642160 260.736852 -27.502531 -499.893025 -116.495062 -164.358642 8.977222 -437.207901 -2366.791111 -344.256420 -129.645309 -76.875741 -1550.953148 -425.551914 -0.955741 26.604753 -1200.352407 -341.668889 -3.156296 384.267099 -667.619568 137.931914 -19.309198 -62.903827 -223.239136 87.563827 -47.203086 -275.901914 -227.656605 -259.751481 -27.655802 -222.714938 -232.947840 -158.573395 -0.533580 -104.461235 -893.940062 -197.806049 -47.056975 2.116296 -353.204506 -169.620926 -0.900123 399.028704 -82.064753 7.936667 10.498025 516.686111 -3.094074 10.968642 14.280432 -262.762654 -179.742840 -324.419938 -0.606914 -215.790988 -177.536543 -186.366173 -1.011975 -27.056296 -18.966790 -12.699383 0.000000 -36.194506 -135.931667 -55.016605 -5.728580 31.233086 -32.815185 -30.807346 -1.153148 303.726543 -11.084568 -39.769012 53.155309 228.626728 -10.063889 -222.488148 167.926543 -302.477222 -56.498580 -167.047963 72.456975 -103.167037 -25.175185 -16.502654 -1.101173 -11.558765 5.317778 1.281728 0.000000 -10.459630 -18.919198 -6.850679 -0.033457 -3.009815 9.601296 0.169012 2.447160 -66.417593 2.366173 -9.848148 37.655864 -225.432716 39.179630 -28.466111 166.834506 -151.331420 167.927469 -18.083580 171.233827 -52.233704 187.111790 0.151605 66.376975 14.257654 170.600494 7.219815 24.236728 1.410247 -0.350309 0.000000 -0.183395 -8.351235 -1.763765 0.121852 -2.445864 -10.061173 9.246605 2.693395 -26.939444 -28.321852 -24.447963 2.680000 -155.995123 -48.818148 -157.554321 -12.402654 -162.668210 66.737346 -8.860988 -28.895062 1.332284 364.155432 361.944753 16.491049 77.114198 
-71.508765 -163.611667 0.198364 -2.310216 6.911019 -80.215463 10.914475 0.093611 42.264012 -40.410586 24.620494 -0.514599 73.056759 -0.634506 41.427747 -0.529321 34.956327 51.413951 22.585741 3.325154 21.462870 29.810802 -6.902377 14.299568 -46.041080 -61.147901 -21.986883 9.574074 11.340370 75.171111 32.480216 3.091512 4.833241 49.493025 35.131512 -0.508210 7.837623 33.011636 26.976543 -0.485432 -9.832407 -16.723642 4.498210 -2.172222 -6.232253 -22.755988 1.360247 -1.209846 37.341698 0.361636 4.661204 5.292623 43.669043 -24.275309 -0.157099 4.130833 -1.916728 45.045556 24.702901 -0.466543 -1.455648 2.258981 14.737377 -0.065648 -10.140957 -21.170093 -2.268333 0.181852 -36.345895 -41.441451 -12.285710 -0.631821 -13.611358 -18.288457 6.045247 -1.359877 22.767932 12.234475 13.038704 1.161543 25.866420 17.728858 10.599969 -0.002346 1.462716 -2.930586 3.048086 -0.152377 -3.084074 -8.565031 -1.559907 -0.006728 -24.699537 -7.940154 1.634444 -0.440988 -45.551389 -2.899259 10.004877 -1.035895 -2.039660 8.840247 17.793920 -0.096235 17.571728 17.005617 12.743580 0.486235 2.984630 7.659938 3.841975 0.000000 -1.139475 -2.923056 -2.916080 0.511821 -0.219012 0.977963 0.585772 -0.443796 -14.145062 -0.228395 9.266605 -4.085679 -34.184969 -6.773611 14.409815 -6.556173 10.160833 4.857932 14.466574 -1.664290 4.624259 1.691296 3.144228 -0.391698 -1.774938 -3.028333 -0.848580 0.000000 -0.110926 -1.015710 -0.475895 0.021049 9.312315 -0.701574 1.019506 1.042469 4.005093 -0.013025 3.139815 1.241821 -14.427469 -12.282407 2.394167 -5.583302 3.070957 -6.230710 1.244877 0.565802 -3.417407 3.492562 -0.281975 2.392377 -1.449506 12.974136 -1.461759 0.315586 0.519568 0.133179 0.000000 0.002191 6.282716 1.902562 0.257593 2.186512 5.274414 9.992747 0.242809 11.458611 -14.679815 16.094352 -0.181667 9.704660 -34.386296 8.003395 -0.925216 11.207562 -22.053549 28.151173 -0.083642 18.803920 -2.362284 48.489043 15.676080 11.659877 
49.745062 137.200000 12.923765 4.628086 7.484259 100.987963 4.662654 1.847222 12.461728 79.159568 0.563580 5.925617 23.737963 38.446914 -0.529321 13.245062 27.588580 -12.135802 -1.146296 10.329938 8.321296 -53.426543 -1.091049 5.806173 -89.131790 -91.139506 -12.771914 -2.968519 -6.414815 -42.522222 -5.516975 0.781173 -5.160185 -34.543210 -8.813272 0.295062 -4.518827 -37.234877 -10.889506 0.606173 15.557407 -37.676543 -3.195062 2.333333 29.437346 -30.038272 4.840123 0.891049 6.868210 -17.273765 -0.306481 1.303395 -36.003395 -28.737654 -15.204938 0.263889 -13.969753 -75.927778 -11.482716 -4.116049 -1.782407 -41.206481 -10.903395 -0.021296 3.635494 -26.171296 -4.644444 -0.051852 23.744136 -11.355864 8.536728 -0.379938 9.420988 -7.256173 -4.398765 0.133951 -7.042284 -17.004012 -13.075926 1.799383 -13.601235 -18.229321 -8.640432 -0.028395 -1.930864 -16.745988 -3.251235 -0.802160 1.612963 -5.568210 -2.584259 -0.014198 18.323148 0.258951 3.755556 0.039506 18.491667 2.814815 2.127160 -0.028086 -9.871914 -7.298765 -15.009568 0.116049 -6.396914 -8.863580 -8.415432 0.145062 -1.979630 -3.847531 -1.845679 0.000000 -0.645988 -1.725000 -0.631790 -0.092284 2.482716 -0.907407 -0.755864 0.204630 25.985802 -0.886420 2.302469 0.504938 4.468210 -3.152778 -5.670370 0.596914 -15.091667 -4.720062 -8.610185 -0.336728 -1.264815 -0.451852 -1.216358 -0.095988 0.741975 4.233333 0.876543 0.000000 -0.468519 -0.291049 -0.078086 -0.014198 -0.184259 -0.600926 -0.308025 -0.059877 17.760185 -1.129012 -0.487037 7.107716 -7.067901 2.974074 -2.036111 3.434877 -11.635494 6.997840 -1.267284 -4.437654 1.835185 7.694753 1.467901 -1.731173 7.274691 18.601235 4.073148 -0.604012 -0.099383 -0.035494 0.000000 -0.007099 0.141358 -0.499691 -0.042593 -0.229938 8.104012 -0.018210 -0.087346 4.652778 5.492593 18.417593 -0.033333 -2.255864 1.774074 25.058642 0.383642 -17.255247 2.522531 24.219753 1.179012 -11.915123 16.502469 41.674383 10.598457 -9.395062 
13.463580 43.825000 9.190895 8.972068 36.118981 -43.274537 21.777006 4.709722 35.644136 -41.868673 6.976543 10.087191 147.275463 -66.348457 34.956327 27.588580 370.652932 -168.515432 57.800926 36.998920 171.233796 -270.797840 -12.496142 19.810802 -450.395216 -522.630247 -75.622377 -47.151852 -33.270370 -82.294444 1.089043 2.895525 10.635648 -58.758951 21.089969 -0.150309 23.909414 -61.235340 24.880864 1.424691 102.276852 -125.486728 39.966975 1.516667 187.489660 -123.344753 27.438272 -2.248302 115.329784 -116.057562 -33.113426 4.667747 -111.842747 -212.900617 -98.361420 -6.037500 -16.348457 19.150000 19.777469 1.902469 -2.903241 8.319907 14.887809 0.107870 13.257253 -15.303241 1.563889 0.575926 100.991821 -59.680401 19.264969 -0.732253 69.333951 -72.138580 -33.075617 -1.158642 24.790586 -73.695216 -58.334259 4.150309 -41.093827 -62.871451 -42.460340 -0.108025 0.820988 -5.335340 -0.652160 -2.373920 -4.070370 -18.602006 -6.657870 -0.087346 18.843981 -22.757253 1.116667 0.408025 63.279167 -29.607407 5.466975 -0.519290 6.558179 -28.933951 -33.309105 -0.260802 2.995679 -23.757099 -28.061728 0.310802 -10.960185 -24.804012 -13.777160 0.000000 -1.752006 -8.373611 -2.709105 -0.273302 -3.674691 -2.971296 -0.410957 -0.821759 23.248765 -13.273457 13.962654 -4.502469 28.346451 -23.048611 18.232407 7.004321 -33.487500 -12.431636 -15.414352 0.707253 -5.417593 -10.337963 -9.344599 -0.735340 -2.182099 -6.958333 -0.818827 0.000000 0.173148 -0.629475 -0.385957 -0.009568 4.703241 -3.166204 -0.170988 0.993827 52.350463 -7.896605 9.954630 6.093364 -3.835494 -6.778704 1.012500 1.343673 -60.773920 -5.093364 -8.977469 11.560494 -8.898148 -10.097377 -1.250617 2.029475 -6.195679 8.218827 1.899537 -1.495216 1.021914 0.064969 0.000000 -0.060340 7.859877 1.702623 0.665741 1.437191 33.356327 8.475772 -0.109105 23.929167 6.967593 79.124537 -4.425000 -5.972068 -31.564815 135.470679 -5.514043 -58.633488 -44.111265 201.654012 -7.470062 -7.820216 39.807099 542.168364 14.053549 14.080864 
523.761975 1750.123333 147.006049 40.678765 96.480741 1493.155926 105.929383 -1.023333 141.510864 1681.162840 105.453457 -5.329136 37.383704 1761.124568 51.413951 -12.135802 -168.515432 1631.949877 -25.954815 33.074691 -36.161852 919.861728 -63.942469 102.211975 -141.059506 387.701358 -64.184568 76.896296 92.897037 193.446667 64.992346 -1.858025 -41.297037 -86.374938 -4.360247 -1.983580 -90.111358 -371.431605 -129.386420 -5.973580 -181.029630 -510.319383 -166.346420 -25.683333 -45.049383 -63.360247 113.873951 -63.083086 181.297160 374.090617 247.802593 -0.938025 46.903580 133.333951 23.053086 24.035556 -250.377654 -1168.168889 -120.483580 -76.622469 -44.369259 -855.554074 -212.744198 -0.704815 -62.009753 -740.451481 -238.685556 -2.902593 -47.033210 -475.386543 -27.553580 -14.666914 -116.271728 -58.795309 118.687284 -35.091358 -78.688642 57.994938 -18.405185 -20.500864 -6.960617 23.039506 -9.786049 -0.117531 -62.625432 -534.469383 -127.279506 -31.509136 -19.631852 -245.039383 -122.588519 -0.736543 61.274074 -83.244691 -46.030000 4.887531 108.627778 23.776296 37.818025 8.235679 -117.906790 -12.169383 -47.562840 -0.068642 -70.287901 -17.300123 -44.003827 -0.555802 -0.369259 30.130123 11.799383 0.000000 -30.101605 -106.412222 -46.181728 -3.437531 -12.039753 -26.611481 -27.596543 -4.248519 -1.626543 -11.676543 -30.522099 17.815802 129.850494 -5.650000 -63.325185 81.379012 -97.618889 -7.635309 -21.380370 34.709136 -50.426296 -8.765926 3.125432 -2.152716 -15.061235 -17.365556 -4.058395 0.000000 -9.583704 -16.315802 -5.906543 -0.019877 -11.177407 4.911481 1.622099 -0.912716 -139.418519 -4.207284 -2.174074 -9.214198 -16.422840 -30.685185 5.642222 69.497160 13.510864 23.786420 0.810247 75.340617 -48.670741 42.606543 -7.069383 23.829136 -30.800988 10.318395 -17.101481 10.177160 0.921975 -0.185802 0.000000 -0.112716 -6.548765 -1.813457 0.268148 -1.498025 -46.557160 -11.304938 2.117160 -40.920000 68.031852 -109.380370 2.224444 -51.195432 37.000370 -163.079012 -12.180123 -14.134568 44.587654 -133.235679 -36.549383 21.139383 77.052346 -269.958642 -34.543827 21.413580 
-75.055185 -126.023333 -9.927963 1.346852 -15.748333 -110.010556 -0.273519 0.737222 -4.637407 -93.435370 1.595926 -1.416852 24.322778 -66.986296 22.585741 -1.146296 57.800926 -25.954815 48.045556 -0.200926 27.296111 2.357407 18.390926 4.294815 -29.345741 -18.469259 1.176852 -3.111111 -38.915556 -50.535556 1.759815 0.112037 -0.153889 -10.644815 17.736481 -0.437407 7.798704 8.009074 31.196296 -0.352963 11.761111 -1.561481 32.061852 -2.483333 4.999074 -10.555185 26.061852 -2.132037 8.997593 -10.963148 4.226111 0.880926 11.492407 -36.720370 1.609259 -1.132778 2.538148 76.652222 29.157037 4.690370 1.812778 55.782778 34.462407 0.020556 2.577963 37.750556 25.763333 0.282222 -3.025741 0.994259 8.496481 0.270926 -0.764074 -15.867037 -0.045926 -0.040741 11.890185 -5.366852 3.981111 0.188519 5.774815 2.093519 6.457963 -0.050370 8.685926 64.152407 21.077037 2.779815 -1.075556 19.772407 13.739444 0.113704 -16.013889 3.437593 8.296667 0.697037 -18.852778 -8.924444 6.491852 0.099815 3.354630 -3.100370 7.546481 -0.154815 13.516296 7.072963 8.356296 0.251481 -0.973333 -2.214074 -0.507407 0.000000 1.284630 6.998333 0.448704 0.777963 0.244074 5.157778 3.293148 0.143889 -20.990741 1.270370 10.354815 0.438519 -31.777963 -3.547222 12.573333 4.425926 6.899444 1.059074 7.840556 2.692407 4.968889 -1.821111 -0.310926 0.141296 -1.888148 -7.428889 -1.382963 0.000000 0.552222 0.125370 -0.091296 0.058148 7.556111 0.195000 0.572963 1.359630 -6.058333 4.065926 0.866667 1.810185 -19.940741 -8.738889 -3.439444 1.564259 -2.367963 -15.649074 -2.189259 16.822963 -1.497778 -11.942037 -1.461481 8.383519 -9.860741 -16.610370 -3.516111 1.267593 0.418148 0.123148 0.000000 0.006852 2.564815 2.239074 0.080000 1.724259 -12.732037 3.143519 -0.555741 5.172778 -28.385556 -6.442778 -2.263333 7.842037 -26.268889 -17.131481 -1.499815 26.165741 -22.317593 7.652963 -0.159259 35.672037 -14.547407 58.387963 5.899074 21.057407 
