1980.149722 1748.963611 -43.269444 191.148889 -140.995833 182.020556 -99.420278 84.078333 -53.470556 -830.271111 -105.895278 34.259167 -79.955278 -1171.212500 -47.198333 -51.666667 -107.618333 -1289.697778 -50.263056 -81.277500 -255.918889 -1115.824444 -46.010278 -64.259722 -435.126667 -652.175278 -45.012222 -67.342500 181.894167 258.148611 -36.441111 90.897778 98.552778 598.245000 -39.589444 114.590000 68.230000 708.435833 -27.726389 127.758333 56.282778 704.801111 -26.073889 113.706667 50.469444 362.527778 -31.609722 87.785833 74.921667 136.006944 -28.209444 35.554167 -7.688611 -43.649444 -46.740556 8.745278 -6.776667 -53.958611 -6.121944 3.630556 12.737500 80.116389 -10.612500 16.286389 5.545833 249.465278 -13.467778 43.683333 0.176944 320.093611 -22.749444 74.238889 27.615000 232.471667 -27.987222 77.242778 47.133056 184.725556 -12.097222 51.174722 69.136667 79.052500 0.341389 30.913333 -8.175278 5.137222 -2.771667 7.401389 -3.348056 27.572500 -6.979167 3.584167 3.353611 2.498889 -6.913611 3.625556 -5.174444 -24.908333 -7.423611 3.456944 -2.841111 -8.587500 -6.776111 9.339167 1.710833 29.973333 -5.249444 11.539722 -16.731389 -23.978889 -21.088333 5.026944 -28.118889 -122.934444 -6.419722 -42.569722 -3.190278 153.675833 -0.327778 -9.220556 47.133333 129.416111 -1.464167 10.658611 10.184167 61.760278 -3.980556 11.908333 -4.789167 -1.761111 -9.211667 4.396944 -11.428056 -64.507222 -29.296111 1.829167 -62.009167 -182.283056 -55.571944 -10.255278 -77.261389 -211.231944 -18.046389 -89.697500 -80.183333 -0.694722 -2.609722 -79.462222 17.585278 13.374444 -4.121389 -25.937222 -8.878889 80.338056 -12.006111 28.111389 -18.818056 53.136667 -25.067222 17.367500 -41.258333 41.208889 -41.358333 3.447222 -63.468333 87.424444 -39.776111 7.555556 -20.280000 49.428333 2.513889 -4.993889 -119.233333 51.601944 -4.446944 -54.908333 -22.846111 -52.002222 -0.821389 -32.180278 57.894444 -92.720278 -23.175556 1.085833 24.135000 119.133889 -46.250833 36.304722 -63.080833 248.889444 -23.971944 35.836111 298.882222 581.542222 -9.160278 53.996944 
1748.963611 9200.696636 231.836111 235.634074 -1256.436883 2442.561914 88.280648 -175.645741 -364.626111 742.176420 -18.234475 -176.492377 -278.759290 676.807562 -21.945864 -169.269136 37.697099 601.489259 -27.204105 -17.340154 157.165062 221.512593 -61.959352 101.567130 -177.106296 -514.108302 -72.046790 -65.875525 74.700031 1118.292130 -24.185556 69.486049 -58.299691 455.365370 -22.288210 -11.404444 -55.419383 -19.189167 -23.827932 -58.871914 -98.529568 -248.463086 -39.552901 -85.750123 -154.437346 -620.927160 -78.543981 -143.952747 -55.506111 -565.092130 -55.186605 -80.729475 -144.366698 -627.574136 -107.996111 -48.775401 -29.493333 -159.352747 -9.592623 1.861420 6.961883 -44.396265 -14.487500 7.318796 -5.843364 -22.857253 -15.246790 10.730864 -44.798673 -126.638179 -33.717346 5.285802 -65.625123 -243.348704 -51.501420 -11.750432 -39.016636 -259.078765 -30.697222 -9.574352 -14.555309 -259.083611 -27.863241 7.254074 30.080586 -103.523889 -6.461173 17.990586 80.981265 183.625278 5.790895 57.865957 36.984167 65.776667 -2.197870 37.110123 -7.352222 -28.056481 -10.721451 7.150463 -7.947284 -33.572994 -10.581667 8.546265 0.277191 16.623333 0.691914 11.126451 -37.645278 22.285926 -13.584012 4.319228 -185.031852 -1870.683827 -53.799660 -394.889784 187.008796 102.484784 7.695679 36.588086 150.776543 192.148210 3.043549 118.044105 55.548673 140.983426 1.744753 63.602778 14.512377 52.001235 -2.133889 20.073179 3.625340 -19.005370 -29.105988 4.983796 -26.093426 -95.538920 -46.678426 -34.006821 -403.416636 -1884.135340 -35.426327 -597.184228 87.376543 -356.351204 3.034414 -208.622099 95.020772 -81.931728 2.109784 4.692407 79.645802 18.061821 -13.293765 94.311080 68.453241 -78.867654 -23.848086 60.003611 16.036728 9.976790 -60.054012 14.983025 -44.975123 170.392346 -24.178580 1.491975 -35.107160 -464.611173 1.713889 -82.974753 -161.898765 -146.922438 3.018796 -72.692901 1.708210 -157.123827 -0.771080 -112.521327 124.611728 -55.041574 -39.875556 -63.716327 117.078210 217.925247 -25.905463 33.680957 -59.582377 257.845000 11.014167 73.215123 198.129753 1024.944074 125.951759 96.413302 
-43.269444 231.836111 73.050000 -14.933333 -43.725000 87.994444 39.547222 -26.844444 -26.500000 100.788889 19.213889 -24.091667 -14.330556 149.208333 5.494444 -10.822222 5.111111 176.455556 -1.630556 12.563889 50.150000 133.716667 -0.736111 25.080556 39.033333 23.836111 0.894444 5.125000 20.636111 140.536111 11.866667 0.588889 -9.800000 14.255556 13.427778 -10.711111 -10.511111 -40.886111 3.452778 -17.055556 -15.850000 -69.788889 -0.833333 -20.361111 -17.538889 -68.755556 -2.019444 -13.897222 -5.583333 -30.630556 -0.672222 6.208333 1.847222 -25.322222 0.633333 -0.880556 -1.711111 -7.086111 -0.352778 -0.161111 -0.563889 -12.025000 -0.936111 -0.663889 -0.869444 -24.819444 -1.988889 -2.855556 -4.169444 -41.447222 -2.405556 -7.933333 -7.050000 -48.994444 -2.183333 -9.516667 -1.780556 -33.622222 -0.405556 -5.708333 -6.861111 -26.102778 -1.813889 -4.461111 -5.608333 -17.966667 -1.516667 -2.447222 -0.180556 -9.825000 -1.986111 -1.491667 2.808333 -1.133333 -1.008333 1.155556 0.200000 -3.127778 -0.763889 0.341667 -0.288889 -4.336111 -0.550000 -0.702778 -0.119444 -6.500000 -0.794444 -0.886111 -2.275000 -10.022222 -2.516667 -0.336111 -19.055556 -112.900000 -2.297222 -17.741667 8.180556 -24.441667 -1.222222 -0.122222 1.555556 -21.305556 -0.213889 5.191667 -0.947222 -9.213889 -0.305556 2.011111 -0.619444 -3.005556 -0.138889 0.925000 -0.452778 0.122222 0.877778 0.241667 8.769444 22.636111 4.002778 -1.747222 -6.991667 -120.702778 -0.291667 -24.797222 19.977778 -25.325000 -0.747222 8.916667 -2.391667 -12.638889 -0.741667 10.450000 -8.016667 -2.791667 -1.122222 0.163889 -4.913889 9.450000 1.816667 -0.341667 3.122222 23.038889 9.211111 0.455556 30.400000 35.411111 16.838889 2.338889 1.638889 -57.283333 0.400000 -2.994444 11.527778 -26.602778 -0.275000 8.350000 5.494444 9.272222 -1.136111 6.569444 -14.500000 30.841667 -2.200000 -4.341667 -14.855556 15.077778 7.197222 -8.858333 -1.597222 -6.894444 12.691667 -5.227778 -11.672222 -10.844444 25.197222 3.886111 
191.148889 235.634074 -14.933333 90.640000 -36.709259 -4.377037 -19.720000 30.096667 -10.626667 -166.686296 -12.562593 12.201481 -4.785926 -241.425926 -3.974815 -0.440741 -19.293704 -265.063333 -1.550370 -15.678519 -46.695926 -239.747778 -4.702222 -20.488889 -96.967778 -182.152963 -6.280370 -18.332963 9.052593 -35.716667 -7.642222 24.400370 16.575926 73.830000 -7.126296 25.743333 10.982963 102.615556 -2.446296 29.731481 21.710741 89.345185 -0.254815 25.306296 14.640741 6.335185 -0.461111 11.952593 9.442222 -40.444444 -0.552593 -0.859259 -19.085926 -71.438519 -7.173333 -6.717037 -0.190000 -5.436296 -0.085926 0.531481 2.503704 20.369259 0.988889 3.578889 1.390741 59.574074 3.602963 9.342593 5.922593 77.876296 3.215185 18.318519 10.078519 61.108889 0.602963 18.508148 5.180370 40.822593 0.261111 11.454444 7.642963 5.787778 -0.451111 4.281111 -2.764074 9.010000 1.572593 0.159259 -1.773704 12.801111 3.496296 1.968148 -2.285556 8.851111 2.640000 -0.377407 -0.597778 3.816667 0.625926 0.394444 0.072593 7.601852 0.017778 3.008519 0.911852 19.332222 2.365185 3.732963 0.168889 23.734444 4.398519 1.281852 -19.392222 -42.885926 -1.304815 -11.225185 -14.872222 -8.944815 -0.129630 -13.078519 -1.570370 11.777407 0.352593 -5.439630 1.616296 16.852222 1.170370 -0.450000 1.850741 14.337037 2.225556 -0.080741 1.817407 13.310000 2.997037 0.000000 1.580000 5.625185 4.217778 0.121481 4.152593 16.114815 0.249630 -4.269630 -30.787037 8.760000 0.157407 -18.611852 -14.288519 0.829259 1.321852 -18.165556 -1.824815 2.220741 2.423704 -0.847037 4.172222 5.072593 2.860741 0.836667 -2.348148 10.744815 0.890741 -0.837037 -6.149259 20.912593 2.738148 0.970370 40.426296 55.122593 -0.255556 20.465185 -7.846296 46.520741 0.967778 9.840741 -27.215926 23.342963 1.418148 -9.497037 4.862963 -20.492222 2.075556 -12.582593 0.736296 -18.568148 1.007778 0.422593 -3.002963 -20.503333 6.940000 2.620370 -18.089630 0.830000 1.047778 3.222963 
-140.995833 -1256.436883 -43.725000 -36.709259 552.697377 -549.579938 -7.819907 79.784259 191.519444 -344.422840 -3.792438 80.882253 50.464969 -454.135957 -12.352160 31.438272 -64.850309 -502.946296 -17.149846 -29.767747 -120.134568 -379.107407 -8.442130 -46.746759 -107.062963 -148.965895 -6.191975 -15.457562 -12.990895 -185.905093 -5.100000 -10.704321 65.263272 -52.360185 -9.399691 33.361111 55.598765 135.634722 -8.178858 67.946605 42.116358 225.172840 -7.489198 94.852469 65.227469 279.298765 -5.330093 87.161883 37.836111 202.693981 -2.698457 32.677006 50.768673 153.313272 2.619444 18.101080 -6.044444 -36.627006 -1.673920 -0.486728 0.577623 -14.214969 -1.579167 0.028241 4.396451 40.188117 0.608025 8.793827 17.969290 133.326080 5.288580 38.550617 36.171914 210.299074 7.914506 46.105864 34.697994 190.780864 5.552778 33.232870 66.672840 205.634722 12.160648 16.401852 -1.599228 8.263889 4.026235 -9.299228 -11.493364 -20.537500 4.747377 -13.370525 -9.543056 -6.577778 1.956019 -5.919136 3.505556 14.321296 3.605401 -0.630093 3.312346 22.522377 2.819444 1.131636 1.843673 19.333333 -1.729938 1.114043 -6.262500 -3.724074 -7.761420 0.027932 46.475926 256.987654 3.889043 44.058179 -40.793981 4.916821 2.508642 -14.503395 -48.641975 -47.433642 -0.980710 -27.205710 -17.619290 -32.650463 -1.464506 -11.563889 -4.526698 -16.813580 -2.975000 -2.889969 -7.547068 -18.684259 -6.521914 -0.313426 -27.188426 -26.481327 -13.646759 0.015586 43.364660 329.674846 1.722377 58.780401 -24.275309 112.828241 -0.092438 42.380864 -46.177932 37.756790 -1.941512 2.954630 -26.832716 -29.073920 -1.060802 -12.897994 -7.738426 -54.741358 -1.891049 -5.979167 -9.859568 -78.874691 -5.283642 0.297840 -74.861420 -116.191358 -10.258951 -6.545062 46.382099 142.542901 -1.719444 4.275617 20.008642 120.719599 -2.677315 -5.178086 -8.211420 132.798765 -4.129784 7.241821 21.232099 91.857870 1.038889 29.372377 30.027469 71.008951 1.143981 32.776698 0.760031 147.119444 -13.770833 2.583642 -58.072840 118.696296 -39.214352 -17.003549 
182.020556 2442.561914 87.994444 -4.377037 -549.579938 1913.703580 34.387593 -71.487407 -257.456667 1365.098642 -9.530309 -40.365988 -65.505123 1280.181173 -12.798642 37.441975 59.172099 1079.572593 -9.422160 118.847346 116.603951 611.751481 -13.652407 114.993519 -102.178519 13.829198 -28.813457 -5.479691 -220.126358 -326.184259 -28.413333 -39.102840 -103.885802 -399.459630 -34.557654 -77.137778 -102.747160 -592.168333 -40.645988 -95.935802 -96.232346 -582.546420 -27.361235 -88.616790 -85.262346 -471.571605 -18.856481 -58.315247 -65.397778 -290.887963 -20.644938 -17.416975 -152.184753 -337.493580 -67.215556 -26.407346 -37.165556 -202.643025 -8.471790 -2.096914 -8.142284 -174.322654 -11.963889 -10.724259 -10.361420 -264.755864 -11.663457 -29.980247 -42.272284 -386.789568 -13.959012 -67.058642 -67.350123 -396.090370 -29.609753 -66.519877 -29.309691 -320.128765 -24.461111 -46.603519 -83.794198 -303.535000 -36.364630 -24.940370 65.834753 140.212222 -0.425062 29.583642 32.743765 57.640556 0.514506 27.284012 11.666111 9.187778 1.909074 8.187901 -5.468889 -24.242593 -5.236728 -0.873148 -4.502840 -26.591049 -5.195556 -7.582901 -2.076975 -35.715556 1.633580 -8.816605 -38.610556 -16.830741 -6.275679 -2.404383 33.045926 -118.750494 -2.751049 16.686605 39.637963 39.955617 -0.887654 65.207531 42.298765 68.184321 2.742160 41.078827 26.650062 44.087593 4.647531 13.666667 6.680432 17.517901 4.868889 1.177346 -1.962160 -7.885926 -6.525432 -0.773148 -50.269815 -49.912531 -28.007593 -2.208210 -21.781914 -162.342284 5.216728 -24.035617 -10.912346 40.916852 3.316358 16.766790 40.894383 99.846049 5.416728 14.528519 29.018025 148.338210 0.264568 31.726358 26.354630 111.354568 -14.945309 15.871667 18.000617 82.404568 -40.456790 5.530247 45.583210 136.953457 -10.631358 15.314198 39.259506 -28.425062 0.366667 13.878025 -81.432099 -16.104383 5.514630 -19.095679 30.660988 -27.051605 7.008086 -31.953272 7.195062 19.959815 -21.075556 -11.812160 -42.946790 119.528025 -49.790185 14.551790 -72.650432 220.864444 -18.842778 20.790123 290.657531 570.305185 74.897593 44.773025 
-99.420278 88.280648 39.547222 -19.720000 -7.819907 34.387593 56.980833 -28.765000 -8.917222 93.527407 32.420648 -26.612315 -14.020463 163.041204 7.769815 -10.264815 18.343148 188.117778 2.900648 13.505463 45.808148 161.432222 3.971944 19.706944 57.736667 83.689907 2.128148 9.304907 16.009352 126.304167 11.110000 -2.827037 -8.228704 3.507222 14.116852 -11.302222 -8.345185 -59.995278 5.869907 -18.562037 -11.475741 -86.592963 0.159815 -23.004074 -10.960185 -75.196296 1.240278 -16.726759 -8.857222 -42.015278 1.530926 2.591204 6.040648 -23.685370 2.028333 -0.057685 -0.713333 -1.910093 -0.220463 -0.250926 -0.710648 -9.307315 -0.623611 -0.904722 -0.994907 -22.381019 -1.494074 -2.842593 -3.336759 -35.734907 -1.950185 -7.335185 -5.940185 -40.162778 -0.796852 -9.603148 -5.090648 -34.010370 -0.447222 -6.978611 -10.497407 -24.956389 0.176944 -4.460000 -6.926759 -25.188333 -0.457593 -2.635648 -1.482130 -10.529722 -0.847685 -3.453981 -2.047500 -7.575556 -0.938056 -1.804815 -1.023333 -4.263889 -0.710648 -0.426389 -0.388148 -4.339352 -0.511667 -0.653796 -0.349907 -6.624444 -0.655741 -0.824352 -0.735833 -8.553333 -1.522407 -0.312685 -17.262222 -72.455185 0.358426 -8.693426 4.865278 -16.104907 -0.337037 5.134630 -7.301852 -25.275741 -0.198981 0.502685 -4.029907 -16.277500 -0.284259 -3.647222 -1.172130 -8.281481 -0.635000 -1.704537 -0.927685 -4.955000 0.446852 -0.426389 3.014167 5.685093 3.620278 -0.316759 -21.935093 -71.363426 1.161759 -7.143426 17.264815 -20.864722 -0.694907 15.837407 -5.006204 -14.891481 -0.679907 12.032778 -8.921852 -21.479352 -1.360926 -2.992685 -4.462500 -23.604815 -0.309074 -4.978056 -2.993519 -9.299259 4.567593 -2.754630 5.454259 3.447407 7.590185 0.262963 -6.980741 -36.802037 0.963889 -0.177963 16.518519 0.934537 -0.238056 10.406481 15.609815 33.841481 -1.465093 11.382315 -12.601852 61.364167 -2.076667 1.908426 -14.252407 54.627593 4.783611 -7.625648 -5.376759 34.973889 6.698056 -9.512037 -14.323704 34.898889 21.044167 -5.436019 
84.078333 -175.645741 -26.844444 30.096667 79.784259 -71.487407 -28.765000 78.898889 37.424444 -157.594815 -19.533519 56.333519 5.453148 -249.982407 -8.644074 15.246296 -26.137407 -318.510000 -5.359074 -14.009815 -59.125185 -293.740000 -5.296111 -29.963889 -113.418889 -185.380926 -8.338519 -22.318704 -18.958704 -132.252778 -8.767778 3.761852 16.340741 -19.490000 -10.880370 22.658889 14.777037 70.739444 -5.467593 39.062963 32.721481 116.595926 2.173704 49.890370 37.164815 89.303704 5.747222 36.996852 10.228889 0.847222 0.405926 1.012037 -17.124630 -46.138148 -7.046667 -8.186852 -1.818889 -13.780926 0.592037 -0.064815 0.443519 7.685741 3.313889 0.438333 1.173148 38.700926 8.722593 4.879630 10.797963 71.388704 11.230370 17.503704 16.357037 92.034444 6.911481 21.338519 12.969074 66.834074 1.194444 12.900556 13.919259 29.022778 0.645000 2.306667 -1.803148 39.486667 5.856296 -2.223148 -4.016852 24.188333 9.712037 -1.572037 -2.162778 17.674444 6.910556 -0.777037 1.748889 11.294444 3.299074 0.097222 1.472963 9.817593 0.857778 1.097593 0.637593 11.131111 -0.330741 1.290926 -1.381667 -0.597778 -2.252963 0.349815 3.565556 131.128148 2.115370 21.724630 -19.580556 29.324259 1.607407 -0.573704 -9.135185 9.743704 -0.242037 -3.820926 -2.325741 2.829444 -0.409259 -0.916667 0.287593 1.157407 0.751111 0.130185 -1.390185 6.581111 1.566296 0.136111 -1.998333 18.942037 1.077222 2.973519 -2.658704 97.949074 -0.509074 26.574630 -19.124074 46.895000 0.917593 14.626296 -11.090926 18.169630 -0.231296 2.868889 -0.605185 17.338704 2.058519 2.508704 4.063889 19.278519 4.649259 2.426111 -1.551852 9.111852 6.642593 2.181481 20.673704 21.297407 17.742963 3.296296 -4.186296 -0.838148 -0.750000 5.785926 -6.259259 -9.550185 -1.039444 -0.762963 -10.942963 -2.169630 -0.188704 -2.780185 10.153704 -26.031667 4.540000 3.065370 13.783704 -33.580741 5.129444 14.592407 7.035741 -10.756667 5.755000 9.668519 0.665185 -6.878889 -4.990556 3.437593 
-53.470556 -364.626111 -26.500000 -10.626667 191.519444 -257.456667 -8.917222 37.424444 249.090000 -284.873333 4.332778 84.750556 77.059444 -326.113889 -4.310000 30.083333 -47.845556 -364.696667 -9.382778 -33.968333 -76.675556 -305.842222 -6.816111 -31.397222 -108.417778 -200.937222 -5.948889 -16.478333 7.046111 -5.369444 3.480000 -6.642222 31.416667 33.041111 0.770000 15.248889 36.931111 123.946111 0.669444 38.822222 37.842222 211.948889 -1.090000 60.398889 52.100000 255.466667 -0.263889 60.890556 45.497778 190.763889 2.756667 28.519444 45.520556 133.280000 4.365556 26.567222 -0.223333 -2.087222 0.253889 -0.616667 0.547222 -1.542778 0.569444 -0.851667 4.052778 24.330556 1.806667 2.261111 13.616111 80.649444 5.863333 15.155556 21.387778 145.908889 10.134444 24.326667 17.751667 140.013333 6.994444 19.712778 53.274444 149.662778 11.390556 20.142222 -8.837222 -29.401111 1.457778 -6.747222 -7.778333 -11.290556 2.708333 -8.905000 -1.438333 0.562222 1.298333 -2.120000 3.507778 14.700000 3.419444 0.180556 1.885556 13.775000 3.423333 0.798333 0.862778 13.321111 1.152222 1.139444 0.505000 19.690000 2.230000 0.393889 44.624444 75.612222 3.796111 4.390556 -7.419444 -14.338333 1.211111 -19.554444 -13.177778 -32.741111 0.107222 -18.396111 -4.116111 -19.389444 0.383333 -8.188889 -1.331667 -6.577778 -0.713333 -1.676111 -3.592778 -4.901111 -1.945556 0.075000 -16.345000 -10.329444 -1.746111 -4.818333 49.401667 125.352778 0.861667 21.551667 12.616667 45.029444 1.786111 11.567778 4.593889 -8.791111 0.311667 -6.765556 6.212222 -67.822778 -0.402222 -9.240556 0.463889 -80.047778 0.731111 -6.860556 -5.883333 -58.542222 -0.644444 -3.222222 -59.390000 -49.413333 -4.821111 -9.600000 28.163333 6.880000 1.177778 1.568889 35.733333 70.477222 0.726111 0.538889 24.004444 91.085556 0.411667 2.887222 41.933333 88.766111 8.308889 19.618333 27.534444 73.668889 13.960556 7.088333 12.007222 25.824444 -8.296111 4.261111 -95.960000 -5.620000 -28.532778 -18.276111 
-830.271111 742.176420 100.788889 -166.686296 -344.422840 1365.098642 93.527407 -157.594815 -284.873333 2043.431358 36.589753 -126.682346 -48.549877 2250.027160 -0.053580 42.602469 185.713457 2097.254074 13.979383 207.025432 309.774938 1489.144074 22.720741 180.792593 239.869630 713.031358 18.966790 98.961358 -278.785309 -430.107407 -11.957778 -81.557160 -168.619753 -736.267037 -16.543457 -150.532222 -152.581728 -1035.387778 -34.401235 -206.903086 -147.302099 -1018.879136 -21.119877 -221.008765 -133.859877 -636.922840 7.314815 -163.479753 -95.842222 -255.220370 8.037160 -39.369136 -52.620247 -28.033086 5.123333 -3.090988 -37.815556 -185.351975 -9.716543 -2.958642 -14.888272 -229.639012 -17.577778 -17.852963 -12.641358 -429.963580 -25.877654 -56.036420 -44.846049 -591.645432 -14.473210 -129.646914 -93.514321 -590.955185 -7.981358 -137.705679 -72.435309 -472.725679 -6.516667 -90.969259 -124.749136 -320.721111 -21.830370 -46.666296 21.953580 -6.043333 -9.473827 17.541358 19.004568 -31.051111 -16.278395 13.656543 5.413333 -32.156667 -8.102963 1.324321 -4.091111 -23.940741 -4.577160 -3.646296 -3.534938 -40.195062 -1.090000 -13.260988 -4.101358 -82.482222 -1.782469 -15.976173 -43.574444 -73.088148 -15.989877 -5.447284 31.838519 113.014938 2.633827 65.840617 18.642593 -38.503951 -4.806790 57.651358 4.323457 -9.035432 1.512840 20.016173 11.923827 -1.872593 2.835802 2.283333 3.819012 1.632099 4.296667 -2.611235 -2.232840 6.454815 -2.805679 -2.218519 -29.481852 15.640864 -24.247407 8.836543 103.048025 145.483951 13.601605 86.135062 41.590123 61.660370 0.303086 61.003210 3.698395 107.652840 3.073827 0.613704 -7.231358 137.187901 1.517654 -3.714691 9.037037 108.224321 -9.478025 -1.670000 40.354938 99.085432 -24.326543 0.230864 153.913457 132.967654 -9.554198 6.569136 45.686049 53.131728 -2.244444 25.784198 32.682099 86.836049 3.519259 33.384568 8.941235 139.269383 -0.989753 5.370494 -93.322840 198.632963 -27.820000 -16.777284 -100.149877 175.634198 -34.122593 -31.103457 -26.433457 164.458889 -6.045556 -21.417901 303.929136 205.629259 74.998519 -3.268025 
-105.895278 -18.234475 19.213889 -12.562593 -3.792438 -9.530309 32.420648 -19.533519 4.332778 36.589753 38.361080 -24.160154 -6.533735 100.768673 14.618580 -11.991358 14.238210 139.621481 6.655895 3.302068 45.743951 128.574815 7.267315 9.761574 53.351481 48.799475 4.056543 6.120031 15.263364 104.286574 10.265556 -1.673951 -4.777469 16.999815 12.444012 -7.935556 -4.137160 -31.342500 7.366512 -13.488580 -6.730679 -59.849753 2.282654 -17.897901 -7.887346 -55.521605 2.917130 -15.767191 -9.373889 -38.769907 3.344506 -3.568364 -2.046698 -33.628580 1.461667 -3.465401 1.075556 7.360586 0.388488 -0.155247 -0.471451 -1.277377 0.268056 -0.588981 -0.660031 -11.823920 -0.437901 -1.885802 -2.358673 -21.587068 -1.121790 -4.891975 -4.650679 -26.310926 -0.253642 -6.859321 -4.814414 -26.333210 -0.147222 -5.627685 -9.493086 -24.103611 0.138981 -3.463704 -6.972747 -23.082778 -0.421173 -2.626080 -1.528735 -9.504722 -0.614660 -2.835154 -1.500278 -5.197778 -0.622315 -1.244321 -0.678889 -2.273148 -0.471451 -0.282870 -0.223951 -1.234105 -0.172778 -0.433735 -0.109475 -1.563333 0.509691 -0.546883 1.828056 2.861481 2.155988 -0.207438 -15.625185 -44.913827 0.647006 -9.537562 4.792130 -17.216327 -0.265432 -1.130802 -4.651235 -16.947346 0.090216 -1.485895 -2.102438 -8.804352 0.366975 -3.169444 -0.290957 -0.865432 0.309444 -1.202377 0.444228 2.630185 2.268457 -0.282870 0.374352 5.303302 4.952685 0.874290 -0.325525 -45.452006 0.622562 -7.732006 15.537654 -11.732315 -0.304475 3.992346 -4.778117 -5.566173 0.153117 3.817963 -3.150864 -10.759290 0.305123 -3.163364 0.542130 -9.310988 0.939691 -3.680833 -3.518827 1.472346 3.784877 -2.333642 -7.900679 13.357901 1.524753 2.675309 19.299506 -12.171173 1.291667 4.698580 7.990123 11.550895 0.455463 7.034877 4.199321 27.677284 0.161142 2.732006 -6.177160 31.848426 2.001111 -0.347438 -9.201790 19.704136 6.362315 -6.967932 -4.591265 4.535000 4.534167 -7.612654 -20.755802 6.667407 13.589537 -3.806698 
34.259167 -176.492377 -24.091667 12.201481 80.882253 -40.365988 -26.612315 56.333519 84.750556 -126.682346 -24.160154 93.953673 37.317994 -230.651080 -11.464877 52.482099 -33.845617 -333.160370 -9.699414 1.013673 -86.934691 -331.980370 -7.720093 -22.986574 -147.651481 -225.283735 -9.947284 -23.726512 -34.225401 -149.394907 -9.276667 -4.079753 7.790432 -49.322037 -11.697716 12.618889 8.918642 37.717500 -6.884105 38.201543 24.795494 112.525679 -1.101173 59.257160 33.374383 123.175309 1.735648 59.110710 15.673889 57.056019 -0.396358 18.285957 -8.919043 -0.408457 -6.850556 6.460772 -3.058889 -20.744846 0.379105 -0.370679 -0.118364 -5.056883 2.818056 -0.636019 1.483179 14.202623 7.913827 1.159877 10.968858 40.787994 10.603272 9.951235 14.771049 76.383148 8.012901 16.666728 12.096821 71.762840 3.402778 13.647130 19.646790 51.317500 1.697130 6.147037 -4.655957 25.138333 5.084136 -3.069290 -2.237006 17.935278 8.660031 -2.610216 3.214167 19.358889 6.575093 1.223951 4.017778 15.517593 4.231636 0.552315 1.986914 10.085031 2.006111 0.101327 0.615957 6.046667 -0.633765 0.214475 -2.125278 -3.122593 -3.080062 0.047253 12.847407 127.050864 3.520586 24.175525 -18.744907 12.178364 1.222840 -2.078457 -6.567284 -3.993395 -0.185586 -5.387253 -1.829969 -2.992870 -0.487346 0.397222 -1.013673 -2.393827 -0.715000 1.218117 -2.809969 -2.057963 -1.555494 0.596759 -6.910463 11.242068 -2.655463 0.302562 17.441265 131.317747 -0.121636 39.936636 -21.306173 51.201759 1.272068 24.631728 -8.522809 11.518025 -0.463302 3.737593 -0.673210 -4.623117 0.252284 2.486512 1.405093 -0.437160 2.119568 3.355833 -1.910802 7.546173 5.902160 3.481790 4.604383 26.238395 16.615988 0.320988 -8.695802 -14.971420 -1.536111 2.660679 6.111728 -6.888858 -1.008241 3.002160 -6.084506 2.476420 -0.873179 5.518920 12.108642 -3.951204 3.387778 9.170586 14.388827 -17.005988 6.073796 12.955895 6.434784 -22.196111 4.363056 10.053395 -20.770123 -41.906296 -0.603426 0.418735 
-79.955278 -278.759290 -14.330556 -4.785926 50.464969 -65.505123 -14.020463 5.453148 77.059444 -48.549877 -6.533735 37.317994 189.489228 -199.323920 2.174877 81.645679 77.641173 -312.648519 5.459969 36.554660 -23.889753 -336.066296 -0.097130 -17.282870 -147.147407 -283.340154 -11.209383 -27.322932 13.395957 -19.485648 2.252222 -2.200247 4.326235 6.825370 5.549938 -2.545556 12.411358 35.136389 3.342438 8.442901 30.273395 87.530988 4.913395 29.460617 44.653395 166.408025 13.289352 53.915401 50.806111 128.557870 5.984136 42.216821 17.604043 56.861790 -3.753889 24.683117 4.276667 23.420957 1.605895 -0.223765 -0.984414 3.244105 1.084722 -1.617870 1.075154 -10.338735 -1.448272 -3.043210 2.692809 4.618117 1.783395 -2.201235 5.191173 48.007963 4.241543 9.445494 17.418179 75.918272 3.547222 13.101204 31.367654 86.214167 5.928981 11.399630 -21.329043 -54.976111 -0.041914 -6.633488 -6.862438 -17.250278 -3.407253 -6.284784 0.313056 -3.704444 -1.723426 -0.570617 0.991111 1.015741 0.193364 -0.005093 0.288642 -0.532253 0.787222 -0.416327 0.454599 -0.790000 -0.196235 -0.353920 6.598056 6.454815 2.505617 -0.141142 3.472593 17.248025 6.861080 -1.677191 9.481019 -19.623364 -1.489506 -11.167099 -1.216049 -33.693272 -0.127191 -9.655525 -3.009475 -17.651019 -0.340432 -2.397222 -0.787994 -3.100617 0.422778 0.224660 -0.536142 2.964630 4.539938 0.267130 9.588796 11.976265 4.429352 0.087994 45.007068 101.240586 1.859969 26.806142 21.372840 39.652130 0.525154 23.117160 6.862253 14.628642 -0.553920 -1.488704 -3.089012 -4.854105 0.972160 -7.873735 2.025463 -11.292840 5.732654 -2.217500 -2.483642 -5.176173 9.081173 -1.304012 -22.369938 1.997160 11.838457 -0.854321 12.438025 14.530309 0.891667 8.181543 13.099383 6.372747 -0.228981 10.531173 3.713395 41.326914 -0.044043 6.443858 0.524691 32.651759 6.997778 5.961080 2.932284 -8.668457 9.121204 4.416883 14.063549 -39.983889 6.827500 -3.903395 -41.464321 -83.407037 -17.919352 -15.337068 
-1171.212500 676.807562 149.208333 -241.425926 -454.135957 1280.181173 163.041204 -249.982407 -326.113889 2250.027160 100.768673 -230.651080 -199.323920 2983.308488 24.520062 -88.733951 184.710802 3149.714815 30.272377 170.298920 521.765432 2448.581481 45.735648 241.164352 649.587037 1330.889660 45.685802 175.347994 -235.063117 -124.599537 14.466667 -97.459877 -200.370062 -688.860185 14.950309 -191.333333 -180.701235 -1138.731944 -6.078858 -292.086728 -219.833642 -1232.638272 -10.455864 -353.853086 -223.394753 -835.345679 2.458796 -288.993673 -146.275000 -286.700463 14.407099 -83.578549 34.140895 81.535494 31.502778 -10.310031 -22.916667 -106.138117 -6.573920 -3.014506 -15.866821 -209.542747 -15.501389 -19.143981 -15.353549 -469.706327 -29.503086 -65.928395 -57.486265 -707.868364 -23.550309 -164.527160 -122.278086 -772.895370 -11.235494 -192.955247 -109.813117 -632.808025 -6.591667 -133.456019 -167.477160 -417.887500 -24.344907 -68.587037 19.261883 -64.897222 -17.490432 18.484105 17.417747 -75.381944 -24.897068 12.529475 5.840278 -54.766667 -15.316204 0.069753 -6.177778 -36.112037 -7.855710 -4.196759 -4.854321 -51.983179 -1.736111 -16.951698 -5.550772 -101.205556 -0.696605 -20.541512 -24.990278 -64.485185 -4.094753 -6.916512 -8.501852 -87.640123 -7.649846 21.402623 28.422685 -89.599846 -4.624691 39.752160 2.663580 -17.478086 1.791512 24.016512 15.664043 -11.961574 3.479938 0.508333 5.851080 2.319753 5.519444 -4.262191 5.369599 24.187963 5.355864 -2.446759 1.656019 34.296451 -0.780093 8.660031 91.336883 -15.447377 11.722377 26.297068 77.091358 -34.977315 -0.764660 7.214198 5.216512 56.167901 3.575154 -7.367593 9.106173 112.298302 3.761420 -17.097994 1.644907 131.630864 -3.757716 -13.112500 49.923765 130.375309 -13.711420 -3.307716 176.549691 116.297531 -33.631173 10.216049 94.409877 112.804012 -2.725000 26.047840 49.519753 177.886265 4.867130 34.944136 8.233025 208.565432 -0.024228 -6.374846 -120.812346 266.902315 -18.338889 -38.916512 -113.516975 197.514506 -16.844907 -77.851080 -23.006636 157.480556 -15.776389 -35.649691 311.432716 249.607407 76.935648 -4.459105 
-47.198333 -21.945864 5.494444 -3.974815 -12.352160 -12.798642 7.769815 -8.644074 -4.310000 -0.053580 14.618580 -11.464877 2.174877 24.520062 15.148025 -8.196914 8.869877 58.684815 8.023395 -3.950432 24.058395 67.417037 5.459815 -2.334259 40.541481 36.476975 4.338765 -1.530802 14.399198 54.793519 5.268889 0.251605 -1.763580 23.922593 7.082346 -3.095556 -1.740494 7.362778 5.059568 -5.619136 -1.970123 -12.815309 4.108765 -8.135679 -3.023457 -19.416049 2.765741 -9.211914 -5.907778 -19.743519 1.229506 -6.405864 -5.915864 -17.066914 -0.767778 -4.717346 2.604444 13.326975 0.952654 0.058642 -0.214506 5.125123 1.175000 -0.138704 -0.300309 -2.116975 0.505432 -0.858025 -1.284506 -9.479568 -0.360123 -2.197531 -2.580123 -14.589259 -0.796420 -3.010988 -3.306358 -15.107654 -0.772222 -2.472407 -5.528642 -14.876111 -1.261296 -1.650370 -4.900802 -14.440000 -0.865062 -1.744136 -1.785123 -7.190556 -0.557716 -1.692654 -0.849444 -2.471111 -0.283148 -0.652099 -0.308889 -1.064815 -0.214506 -0.128704 -0.137284 -0.685494 -0.087778 -0.197346 -0.123642 -0.740000 0.376914 -0.248827 4.216111 4.299259 2.773210 -0.094383 -12.255185 -20.070494 -0.769938 -3.126728 -1.045370 -8.293272 -0.343210 -1.651358 -2.434568 -8.214568 0.028827 -1.035617 -0.865494 -5.963519 0.136420 -1.677778 -0.127346 -0.443210 0.358889 -0.574877 1.085617 2.306296 2.439012 -0.128704 4.390185 5.200802 4.377963 0.832901 -1.589691 -20.320062 -0.043272 -1.365617 6.959877 -2.268704 -0.144753 1.541235 -0.601173 -1.530617 0.040062 2.530741 -1.351975 -2.190679 0.543457 -2.093642 0.476852 0.820123 2.122469 -1.788333 -0.832716 2.547901 4.526543 -1.225309 -3.141235 -0.989877 0.693086 2.219753 6.447284 -13.653951 0.683333 3.560247 2.723457 0.850062 0.183519 4.887654 2.492099 10.086173 0.064753 1.921173 -2.521605 12.325370 2.220000 -0.292160 -3.144568 0.015802 5.347593 -3.671543 -2.324877 -5.697778 2.387222 -3.298765 -12.779136 -3.845926 1.526481 -0.179198 
-51.666667 -169.269136 -10.822222 -0.440741 31.438272 37.441975 -10.264815 15.246296 30.083333 42.602469 -11.991358 52.482099 81.645679 -88.733951 -8.196914 92.669136 22.545679 -226.759259 -3.772840 58.043210 -53.861728 -276.620370 -3.548148 -1.524074 -150.898148 -245.691975 -9.482099 -21.714198 -39.758642 -144.846296 -7.616667 -5.977160 -8.203086 -83.259259 -8.401235 -3.016667 -6.506173 -53.305556 -6.323457 11.908025 8.217901 0.836420 -1.876543 36.823457 24.779012 59.688272 6.209259 54.602469 22.466667 25.824074 3.077160 29.164198 -17.402469 -38.747531 -5.633333 5.606790 -3.466667 -19.653086 -0.098765 -0.408642 -0.866049 -12.534568 1.100000 -1.346296 -0.152469 -15.352469 3.945679 -2.919753 3.356173 -9.815432 5.867901 -3.146914 4.334568 18.492593 5.103086 3.948765 9.074691 26.648765 3.244444 6.196296 5.891975 12.233333 1.090741 1.314815 -8.586420 2.072222 2.695062 -3.258642 0.279012 9.611111 4.199383 -0.929012 3.888889 12.600000 3.864815 2.248765 2.188889 7.125926 2.178395 0.375926 0.739506 -0.311728 0.744444 -0.604321 0.103086 -5.222222 -1.169136 -0.667284 -3.661111 -12.214815 -4.365432 -0.322840 -2.625926 86.788272 6.488272 22.917284 -7.751852 -12.067284 -0.329012 3.946914 0.695679 -19.548765 -0.188272 -2.188272 -1.300617 -10.481481 -0.586420 1.583333 -1.526543 -3.462346 -0.933333 1.409877 -2.772840 -0.807407 -0.673457 0.475926 -5.412963 18.230864 -2.935185 1.787654 13.341358 110.000617 3.266049 46.056173 -12.082099 27.764815 0.619753 32.343210 -4.593827 6.150617 -0.595062 5.003704 -6.235802 5.179012 -0.606790 1.058642 -0.029630 3.715432 1.319753 1.894444 -1.000617 19.137654 7.951235 1.991975 14.051235 66.870988 20.558025 1.746914 -3.711728 -10.682716 -0.711111 9.425309 8.082099 -16.189506 -0.990741 14.217901 -8.382099 9.493827 -0.891975 9.560494 -9.545062 8.068519 0.250000 3.143827 -4.620988 -9.324691 3.974074 3.287654 6.432099 -37.377778 13.750000 -0.929012 -1.636420 -86.457407 13.062963 -3.491358 
-107.618333 37.697099 5.111111 -19.293704 -64.850309 59.172099 18.343148 -26.137407 -47.845556 185.713457 14.238210 -33.845617 77.641173 184.710802 8.869877 22.545679 255.773951 -37.138519 26.890802 90.151049 107.100247 -246.670741 12.903148 9.993519 -122.489630 -223.928210 -12.911605 -20.742654 18.116235 103.226852 8.847778 -3.410247 -17.604321 -0.387407 12.729383 -20.548889 -12.989753 -54.051667 7.418827 -32.926543 9.513951 -63.527901 10.323951 -30.159383 41.506173 4.391358 23.549074 -6.378210 22.607778 -6.060185 12.501358 13.740432 -3.338457 -43.256543 -2.904444 -1.961049 4.656667 36.416235 1.957840 0.395679 -1.855247 0.292160 1.836111 -1.552037 -1.765123 -40.948457 -0.967160 -7.565432 -3.618580 -62.154383 0.909506 -18.001235 -7.687160 -49.723704 3.069877 -17.388395 -3.128210 -25.769506 0.894444 -9.136852 -10.297901 -8.579444 1.213148 -3.829259 -14.183765 -37.410000 -2.354691 2.342901 -5.748827 -9.737222 -3.978086 2.643272 -1.278333 -3.690000 -1.763148 0.819383 -1.235556 -5.592593 -1.210802 -0.523148 -0.749136 -9.055864 -0.690000 -2.025494 -0.502901 -13.371111 -0.509012 -2.414753 4.245000 -2.447407 1.753951 -0.780309 -5.031852 -44.115309 -0.121420 -10.215247 5.754630 8.251914 -2.989506 11.244568 1.278395 -3.802716 -0.265247 8.371420 0.651914 0.304259 -0.093210 2.522222 0.598951 15.993827 1.707778 0.681049 5.511914 34.014074 10.339383 -0.000926 37.341296 69.817099 19.770185 5.662160 34.227346 1.483642 -0.586975 10.895864 40.939506 4.372407 -1.815123 18.631605 10.864753 21.316420 -0.881420 3.389630 2.530988 36.195617 2.346049 -1.777346 12.465741 55.208272 8.856543 -0.783889 17.808025 59.047160 17.739506 -0.890123 52.596173 60.173827 31.189012 8.434568 0.000247 -33.615802 -2.283333 11.674321 19.782716 -49.296975 -0.296481 6.389506 20.335062 -10.355309 -2.565988 0.843025 -9.947531 -20.006852 3.568889 -0.932531 -11.983827 -76.564568 14.809815 -8.488951 26.458827 -107.341111 14.429444 -8.922840 -3.305432 -121.989259 5.130926 -7.325123 
-1289.697778 601.489259 176.455556 -265.063333 -502.946296 1079.572593 188.117778 -318.510000 -364.696667 2097.254074 139.621481 -333.160370 -312.648519 3149.714815 58.684815 -226.759259 -37.138519 4117.637778 36.697037 -13.539259 662.910370 3748.667778 64.982222 252.916667 1199.618889 2197.504074 83.784815 261.264074 -149.234815 130.544444 35.806667 -91.885926 -191.381481 -539.143333 40.417407 -192.720000 -168.991852 -1056.575556 16.312963 -317.953704 -266.047407 -1249.210741 -3.255185 -432.349630 -344.979630 -898.140741 -16.405556 -419.212593 -195.740000 -203.972222 7.695926 -135.451852 130.040370 348.619630 52.435556 15.463704 -7.392222 -33.312593 -2.987407 -2.453704 -13.542593 -161.312593 -11.516667 -16.491111 -16.707407 -422.829630 -28.976296 -61.092593 -69.108148 -694.139630 -33.300741 -161.935185 -139.399630 -827.495556 -24.070741 -206.701481 -134.312593 -693.380370 -13.255556 -147.792222 -176.328519 -423.458889 -25.314444 -68.323333 37.892963 -38.186667 -18.735926 20.829630 21.110370 -79.713333 -27.507407 14.789630 5.110000 -58.396667 -19.074444 -0.913704 -9.543333 -48.350000 -11.514815 -3.955556 -6.624815 -57.674074 -4.218889 -15.887407 -6.227407 -97.864444 1.204815 -19.441852 -3.615556 -39.207778 9.699259 -6.350741 -62.726667 -322.126296 -13.855185 -61.523704 57.572222 -133.286296 -1.270370 -9.383704 22.792593 -11.397407 2.459630 16.627407 18.174815 1.245556 3.918519 0.850000 8.650370 -3.075926 4.660000 -2.795926 9.283704 -13.686667 2.015185 -2.150000 -23.654444 -94.959630 -13.496667 1.544074 4.548519 -256.642593 11.141481 -113.757037 64.787037 -139.292222 1.742593 -106.722593 1.747407 -3.549259 4.285926 -15.541111 7.340370 43.527037 1.150741 -19.170741 -10.450000 52.025185 -12.147407 -10.901111 20.553704 24.536296 -36.879630 -3.051852 48.467037 -113.415926 -121.283704 0.040741 156.949259 337.730741 5.783333 13.627037 -31.414815 325.760370 7.758889 7.170370 -52.260741 246.027037 8.078519 -24.048519 -117.290741 319.151111 -13.117778 -48.044074 -102.287407 283.065926 -31.421111 -81.347037 -66.201481 298.801111 -53.030000 -29.381481 302.660741 473.217778 46.626667 -4.182963 
-50.263056 -27.204105 -1.630556 -1.550370 -17.149846 -9.422160 2.900648 -5.359074 -9.382778 13.979383 6.655895 -9.699414 5.459969 30.272377 8.023395 -3.772840 26.890802 36.697037 16.768488 -3.706080 34.333210 24.265926 10.092870 -8.627315 21.661481 4.083549 -0.360864 -3.575895 10.725216 39.225463 3.806667 -1.625432 -3.170062 12.252037 4.843642 -3.320000 -0.957901 -2.743611 4.846142 -5.758951 2.915247 -13.830494 4.679691 -8.067531 1.221914 -16.856790 7.367130 -11.438673 -7.859444 -25.897685 3.265988 -10.520216 -9.525216 -24.268951 -2.356111 -6.580586 4.068889 21.550216 1.198858 0.007716 -0.230710 8.351142 1.695833 -0.204537 -0.322994 -0.253549 1.072469 -0.922840 -0.693488 -8.164475 0.500802 -2.354938 -2.086975 -14.696481 -0.026605 -3.436358 -3.663673 -17.151358 -0.708333 -2.973241 -6.053827 -16.193611 -1.356574 -1.882593 -4.644228 -13.422778 -0.622654 -1.513117 -1.695031 -5.648056 -0.599846 -1.607747 -0.796944 -2.507778 -0.304537 -0.668025 -0.332222 -0.550926 -0.230710 -0.138426 -0.147654 0.986265 0.083889 -0.212253 -0.073549 1.952222 1.376728 -0.267623 6.269167 13.662593 6.039691 -0.101512 -2.995185 -23.886790 0.516265 -5.509043 -1.491204 -12.953735 -0.369136 -3.861173 -0.903086 -8.245864 0.268735 -2.394043 0.632377 -2.896574 0.741049 -1.852778 0.889414 4.530864 1.929444 -0.618302 2.852377 11.579074 6.002531 -0.138426 10.298796 20.785895 10.587130 1.799475 7.736327 -4.455710 1.401821 -0.647932 4.435802 -5.183426 0.082562 -4.560247 -1.990710 -2.527654 0.887932 -3.975370 0.542840 -1.397809 1.849198 -4.319660 4.019907 -0.201358 4.202284 -2.155278 2.951543 -1.062469 5.571914 -1.379938 1.363025 -2.364691 2.311049 0.049383 19.077654 20.194012 0.252778 5.682284 4.608642 25.045710 1.162130 2.638580 -0.331420 20.260988 1.399660 -1.140957 -2.890123 10.828426 3.115556 -4.905957 -1.835864 -9.017716 4.081204 -5.880525 3.603920 -21.035000 1.957500 -4.577469 -18.852840 -24.419259 -1.146019 -4.276327 
-81.277500 -17.340154 12.563889 -15.678519 -29.767747 118.847346 13.505463 -14.009815 -33.968333 207.025432 3.302068 1.013673 36.554660 170.298920 -3.950432 58.043210 90.151049 -13.539259 -3.706080 134.167006 12.605309 -197.490370 -4.615648 58.263426 -151.015926 -238.503735 -10.088395 -11.447623 -38.106512 -77.717130 -2.536667 -5.856420 -19.776235 -97.570926 -1.843272 -14.173333 -20.793580 -118.452500 -4.145216 -17.337346 -16.111173 -105.449877 -2.237840 -4.790617 5.379938 -33.702469 3.824537 35.140710 20.167222 -0.893981 5.501420 41.702623 -9.954599 -60.901790 -2.126111 3.854105 -4.073333 -20.520401 -0.850895 -0.192901 -1.323920 -20.504660 -1.531944 -1.521574 -1.189043 -41.641821 -1.971728 -5.495679 -2.585586 -54.583117 -0.112284 -12.865432 -4.960062 -44.001296 2.232901 -11.264383 0.337932 -23.602716 3.180556 -5.695093 -9.385432 -25.980278 -0.161759 -5.504074 -10.020401 -17.109444 -2.286975 3.591821 0.314105 0.988611 -1.651080 5.716451 3.135278 2.445556 -0.260463 3.480617 0.613333 0.189815 0.114969 0.030093 0.054691 -5.726080 0.020556 -1.423117 -0.242932 -11.867778 -1.638210 -1.703302 -4.946389 -19.130370 -5.606728 -0.623858 -32.173704 42.281975 -0.182747 26.422191 -9.756019 1.238364 -1.932716 20.897099 0.060494 -13.772284 -0.333364 9.749414 -0.986636 -6.997315 -0.698457 5.469444 -1.155895 0.545062 -0.755000 1.848117 -1.135525 6.238704 -0.114383 0.246759 1.818426 21.189846 -1.629907 4.455895 -6.867623 52.162191 1.882809 48.183302 6.210494 12.276204 -1.205710 48.785062 0.683858 7.055802 -1.297747 12.896481 -8.130988 12.822438 0.067840 5.300957 -0.100463 21.775062 2.051790 2.121389 2.889198 44.075062 8.307716 1.109568 38.473272 87.798395 18.247099 9.776543 -35.300247 -108.253642 -1.597222 9.072901 25.561728 -89.432191 -1.949352 28.952160 2.389938 -15.428025 -4.374290 13.983364 -13.402469 -1.816759 -1.624444 1.117253 -7.946728 -23.860432 6.997130 -2.470772 -0.112994 -38.000556 14.710833 -5.879938 42.072099 -39.366296 27.273241 5.037623 
