350.755051 110.554714 2.244108 35.456229 338.533670 80.168350 1.957912 41.846801 -143.410774 -32.195286 -7.044613 -18.372896 159.143939 30.542929 -6.495791 23.298822 67.878788 9.398990 -10.792929 25.638047 -255.869529 -77.216330 -21.804714 -19.765993 -75.480640 -41.798822 -26.281987 -4.452020 260.224747 51.675084 12.312290 19.924242 233.318182 32.298822 -3.283670 46.247475 -248.066498 51.212121 -21.439394 -9.489057 70.720539 24.521044 -9.521886 7.317340 86.396465 0.198653 -22.551347 33.287879 -114.909933 23.531987 -29.811448 -2.928451 -39.452862 -52.556397 -25.300505 1.134680 145.128788 104.809764 17.239057 13.553030 46.429293 -26.015152 -12.973064 41.468013 -177.870370 179.604377 -29.101852 -5.430135 22.181818 31.849327 -34.132997 8.788721 10.302189 -11.329125 -25.210438 13.811448 -112.606902 113.614478 -17.418350 -1.725589 -4.560606 21.381313 4.218855 1.753367 108.618687 -63.462121 -68.146465 16.737374 100.860269 -126.567340 -34.665825 12.551347 -144.127946 23.601852 -32.695286 -9.426768 27.922559 4.738215 -22.776936 6.474747 82.186027 -7.280303 -9.549663 10.504209 -117.438552 39.186027 -9.191919 0.968013 -13.194444 41.476431 4.182660 -0.228956 87.330808 -97.847643 -42.679293 3.091751 147.609428 -1.778620 -19.535354 31.209596 -200.537879 -12.922559 -15.403199 5.350168 -23.027778 2.641414 14.972222 -1.439394 101.537879 -6.940236 5.501684 2.607744 -14.035354 -13.214646 -6.971380 -2.936869 -12.470539 -8.111953 -5.512626 -1.276936 62.588384 -12.234848 -4.495791 8.682660 114.191077 3.216330 -4.710438 44.050505 -169.671717 2.481481 -6.417508 25.138047 -54.372896 2.504209 1.513468 -8.959596 52.253367 8.212121 6.758418 -4.380471 7.517677 -19.817340 -2.976431 -2.511785 7.348485 -32.294613 -19.687710 -0.113636 24.590909 1.381313 0.000000 5.576599 62.992424 53.341751 5.105219 64.900673 -93.931818 137.048822 -0.657407 16.991582 -49.948653 69.712121 -4.893098 -35.919192 -5.599327 57.143939 -28.214646 -18.297980 -27.927609 80.510943 -37.881313 0.676768 56.003367 92.562290 10.261785 28.830808 
110.554714 62.720972 1.714315 16.828487 41.595602 34.304000 -0.148811 15.805428 -53.039690 -11.168758 -2.390241 -8.469059 38.407025 13.466100 -0.471406 9.565988 21.883532 6.677074 -0.261708 8.907152 -66.044715 -21.219289 -6.335374 -5.182073 -35.149551 -30.953959 -10.916565 -2.382537 94.207759 42.498572 5.302087 10.370370 41.198347 25.242756 0.089965 18.770891 -91.139450 18.330119 -5.656413 -3.964162 17.864657 4.977834 -7.755025 3.887333 32.952326 -1.443781 -10.154908 12.601622 -19.780711 5.203296 -12.161565 -1.286935 -13.861290 -25.029257 -15.559764 -1.453066 47.569712 9.615753 2.735741 3.986455 21.636211 -8.814050 -7.700133 19.891440 -58.445414 52.668911 -11.113891 0.621034 4.149219 9.405749 -15.180186 -0.962478 14.239185 -1.321727 -9.323181 4.300684 -30.018391 48.988624 -3.514055 1.576421 6.017906 30.689547 2.568615 0.127512 34.458907 -22.482170 -25.947352 2.718396 31.972350 -38.550556 -12.841266 6.269998 -41.390164 21.579762 -9.394654 0.743113 -7.020100 15.228063 -7.176436 0.789562 18.564560 7.619758 -3.970284 4.299332 -30.633583 17.331318 -0.911540 0.874911 -6.107361 17.898888 2.915238 -0.062034 22.025176 -18.171998 -18.487833 0.392741 39.701204 2.013596 -8.581573 13.224288 -51.126186 -2.211917 -3.446409 4.223192 -18.740205 -0.392256 -2.403505 -2.039639 33.565121 -2.621085 -4.231048 -1.083971 3.827058 -4.884068 -2.625242 -1.473447 -3.084048 0.118891 0.609810 -0.179038 13.711739 -5.617616 -1.963754 3.019156 23.144603 -0.387384 0.457810 14.775176 -38.914754 1.043822 0.333537 10.257780 -15.362080 -5.440185 -0.997908 -5.590144 25.293873 -5.244261 0.204341 -2.990868 6.474671 -12.782344 -0.654321 -1.396745 15.859657 -10.611774 3.222350 -0.594812 4.545148 0.895699 0.000000 2.333971 7.971763 6.883787 0.436767 18.308132 -25.903811 21.856851 0.182252 16.684624 -12.620421 23.843740 -2.042215 -4.154729 -0.648556 29.545225 -7.871518 -7.561065 -5.810325 24.398403 -7.485843 0.149832 10.929701 8.281502 11.345245 6.039256 
2.244108 1.714315 0.498521 0.363381 -1.955362 1.040455 0.323640 0.988164 -3.422610 0.064483 -0.010305 -0.334762 1.028466 0.901592 0.645444 0.001479 -2.194062 2.431436 0.814509 1.237272 -3.084889 1.762116 0.275278 1.041986 2.065095 0.964544 0.638761 -0.119682 4.451791 2.996735 0.807367 0.400673 -0.333792 0.809560 0.898276 -0.144169 -4.641975 0.568411 0.374809 -0.507550 0.650240 0.384400 0.342771 0.338435 -0.507958 -0.623304 -0.134017 0.317417 -0.721712 -0.149321 -0.637690 -0.231609 -1.283236 -3.107999 -0.597643 -0.311193 4.727885 -0.676258 0.077798 0.301653 0.115090 -0.208448 0.041832 0.256913 -3.000051 1.103255 0.400571 -0.510509 1.004132 -1.953525 -0.163657 0.029487 0.548873 -2.776502 -0.471023 -0.105652 -1.117794 -0.754719 -0.281043 -0.087950 -0.591827 -3.125191 -0.940567 -0.158759 2.932048 -5.630242 -1.257729 1.149985 -0.119478 -3.251199 -0.349301 -0.019947 -2.517345 0.567595 0.180186 -0.108815 1.153913 -1.505408 -0.341955 0.355219 -0.648250 -0.482400 0.141516 0.399194 -2.430874 -0.280941 0.144475 0.176564 -0.395470 -0.704418 -0.124477 -0.003265 3.158555 -1.462402 -0.690083 0.819049 1.223243 -1.045404 -0.156872 0.340220 -4.087848 -0.207326 -0.004489 -0.459545 -0.805173 0.592593 0.041628 0.156872 -1.415366 0.996684 0.209264 0.067085 -1.781298 -0.019284 0.180543 -0.170187 0.356953 0.802775 0.670187 -0.016733 2.818029 -0.280380 -0.078767 0.693858 2.770636 -0.039129 -0.084889 0.900979 -3.408326 -0.088868 -0.126518 -0.641669 -1.530354 -0.580451 -0.064483 -0.767371 -0.413427 -0.800735 -0.070452 -0.222273 -0.326293 -0.876237 0.391134 -0.073513 4.739822 0.486940 2.769411 -0.110652 1.129170 0.302724 0.000000 0.544026 1.931129 2.349811 -0.017549 2.397664 -1.091827 5.585501 -0.056729 0.225028 -1.278135 4.229415 -0.099378 -1.790174 -0.339557 2.399908 -0.340526 -1.099174 -0.365881 -0.333231 1.631925 -0.486532 2.019692 -6.586726 2.725640 -0.131772 
35.456229 16.828487 0.363381 9.084073 14.979135 5.934701 -0.471891 10.124222 -21.210795 -6.205183 -1.344863 -2.201918 11.805326 1.861647 -0.769768 2.111366 11.343587 -2.277931 -1.293388 5.534639 -19.720488 -11.639935 -3.345781 -0.463677 -13.094837 -13.409805 -4.397357 -1.155953 25.011019 4.179165 1.111162 4.143098 18.415978 1.363891 -0.686818 9.344353 -28.812009 1.418274 -2.558157 -0.007397 3.940567 -3.081930 -2.873329 0.874094 12.863483 -1.822722 -2.938119 5.050199 -2.940873 -1.171513 -2.943628 1.954494 -7.427099 -7.362055 -4.299663 0.665085 12.277013 -5.355015 0.888022 2.136823 3.916743 -8.943985 -2.626365 8.454954 -18.212478 12.141975 -4.322263 2.800173 0.710744 1.749566 -2.463779 0.883175 0.357259 3.493776 -0.206254 1.815988 -10.587185 16.191715 -0.406693 2.000510 6.432966 12.815580 0.335221 2.358382 6.559688 -8.553107 -7.011172 4.211509 2.996990 -8.177584 -1.738037 2.203806 -15.298184 9.124681 -0.521528 2.172635 -3.154933 8.366187 0.252780 0.097643 0.245077 4.764616 -0.797266 0.930721 -10.783798 8.796041 -0.594735 1.463218 1.696358 14.387256 0.487246 -0.022855 3.160392 3.040965 -1.961892 0.273748 8.921284 4.884195 -0.370830 4.780533 -16.963422 -0.016937 -0.354658 4.535711 -6.535200 -0.023569 -0.607591 0.906183 2.117692 -0.684828 -2.297776 -1.222324 -0.625650 0.445822 -1.246301 -0.408479 -1.061932 -0.441179 -0.505663 -0.117131 1.024181 -0.649526 -0.046322 0.599429 3.354046 -0.905214 -0.382104 5.049281 -11.040098 1.948628 -0.562392 4.715386 -4.545812 2.911591 -0.400877 1.224365 4.999949 5.122130 -0.442659 0.176411 0.816957 1.719876 -0.393378 -0.347924 3.178757 4.161106 -0.876747 -0.224059 0.282981 -0.214264 0.000000 0.338486 -1.865932 -0.283645 -0.011733 3.465463 -8.955923 0.012652 -0.195082 4.913580 -4.699469 0.555403 -0.766350 -1.334252 -1.169830 0.996327 -2.621059 -0.881084 -3.121773 1.813846 -2.399755 2.740741 5.895419 10.145444 4.003724 3.547291 
338.533670 41.595602 -1.955362 14.979135 2604.070605 327.104173 33.979849 161.564177 1676.207275 145.785838 -14.825783 145.992246 -16.613866 -57.530609 -47.431946 6.076574 68.488369 -4.235843 -88.343893 44.665391 -526.268187 -193.526579 -124.392358 -29.901949 -278.554994 -144.829558 -149.851342 -16.925314 155.268595 32.211713 5.243598 -1.430976 1197.648301 -124.867871 -2.614988 28.379706 699.591470 -32.258494 -88.544689 25.925824 -45.634629 39.645903 -59.505765 -11.274615 187.592440 20.961228 -64.490868 59.351546 -135.155239 71.509744 -115.698398 36.271554 141.989848 290.632333 19.047138 24.625242 91.154117 696.092235 33.151770 47.369146 118.393174 103.283287 8.790583 10.337670 -6.503163 234.002806 -151.169626 3.393888 -55.400367 277.689521 -91.454801 -9.449597 -149.207275 131.255841 -62.723651 22.585910 -127.929497 235.010458 -40.843842 20.506683 52.261249 228.005816 70.992909 12.015509 113.680900 33.773493 -140.256964 51.309152 131.016631 -166.246046 -190.570809 55.339047 23.040761 -32.602030 -163.581012 -4.640496 -93.028109 65.796041 -76.069891 -0.486532 30.273135 3.232629 -43.640139 56.881339 109.351444 43.581675 -25.997092 13.007550 -4.221151 59.770534 6.615753 0.146057 34.042547 -557.820426 -172.163912 -25.941179 186.633966 -143.077645 -95.180594 -7.285124 -16.239516 -23.440057 -46.889450 11.609224 -102.683349 -50.340067 -2.116009 -22.066881 177.535200 -85.912662 -5.076115 54.901694 147.736302 14.935721 -1.038670 23.261555 -20.182022 -85.005714 -36.433272 -8.527344 47.455158 -45.949189 -4.120957 14.771707 48.223855 12.932609 0.544944 16.582951 -4.765687 31.944700 11.059943 -24.985512 -48.058718 -13.477859 -2.391899 -65.819406 5.367514 13.965565 -2.782165 -20.220335 22.492042 10.279359 -36.668911 16.608866 -120.797674 -116.723855 -150.225793 -13.905877 21.816651 3.748699 0.000000 1.325579 37.149219 41.400418 12.800837 15.584430 1.746097 126.397051 17.013111 -7.952301 4.937455 92.309611 1.439598 -7.677686 -10.688909 93.203398 1.114631 -47.704316 -6.507856 82.506326 -12.684267 -18.998316 71.306754 -222.674982 -82.373941 24.395776 
80.168350 34.304000 1.040455 5.934701 327.104173 170.588817 8.311550 17.773135 145.609836 75.411744 -7.643149 4.775737 0.807622 -9.414754 -5.872309 -1.318233 73.400979 23.391950 -6.076676 14.953678 -96.014488 -20.367973 -12.251046 0.273544 -74.002245 -36.319049 -29.199316 -5.219314 67.097796 37.845985 7.084838 2.819865 244.629936 16.590858 5.190899 13.820018 41.033109 21.533517 -14.675237 0.203500 -25.816396 9.790123 -5.195031 -1.825324 45.174778 -16.439496 -18.626518 9.470768 -21.596674 -2.433374 -24.960769 3.526273 6.562188 27.301704 -11.072391 1.612438 41.237527 159.514437 8.264820 14.329201 53.584328 3.606979 -3.482808 11.102949 -64.482757 63.327160 -36.494133 -0.165085 -14.654270 54.079380 -23.451689 -4.860473 -0.119937 -9.400775 -29.450668 3.553974 -44.392664 46.615192 -19.275227 1.378686 9.280073 90.961126 12.315784 0.014182 36.907254 17.218702 -46.125038 14.951638 52.949087 -68.958423 -57.744312 14.787522 -32.107030 -7.392613 -40.013876 -8.210285 -18.184165 16.863126 -24.277829 1.728956 0.265126 8.000612 -8.271860 17.213856 -16.642230 29.654933 -4.342669 4.584124 -4.108968 41.153862 3.391440 -0.032803 27.261861 -130.314254 -60.842975 -5.732527 82.700592 -34.966738 -31.896541 8.717631 -61.852770 -2.858229 -10.962402 -2.502092 -40.856596 -9.478114 -7.939088 -4.159014 17.029997 -5.808489 -7.589940 12.496990 18.361494 -3.360882 -3.755790 4.013009 -1.023977 -13.398633 -0.270585 -1.778594 22.531527 -20.297368 -9.331140 2.693246 45.969595 7.912356 1.833997 21.277013 -46.405112 3.946638 5.757933 -3.984491 -35.720131 -19.539894 -3.371340 -17.689317 -3.741404 -22.488062 -4.288236 -8.305989 -1.874503 -22.119733 -5.970819 -3.309203 -2.746863 -43.247373 -15.192327 -6.140037 9.113101 5.441843 0.000000 1.937353 25.707530 13.420365 2.593256 22.327109 -26.992654 45.590399 5.674370 30.304153 -21.980308 55.609122 -0.900265 -5.703857 -4.926640 47.230028 -1.528313 -13.342975 0.556678 28.783696 -2.217019 -6.279461 3.788593 -51.691715 -27.155290 -3.859963 
1.957912 -0.148811 0.323640 -0.471891 33.979849 8.311550 15.896439 -2.643200 51.489797 18.894960 15.768952 -0.637537 5.708448 2.394092 2.137690 0.156158 -36.958831 0.221457 0.906795 -2.153403 -26.307826 7.495613 0.552240 -2.781349 -7.856341 -4.410978 -4.821804 -1.870676 4.635904 17.697174 3.001939 -0.355219 14.761708 5.166259 11.850423 -4.591368 5.946689 0.793388 9.805173 -3.927558 0.438527 0.906846 1.555913 -0.122794 2.367922 -4.339200 0.003010 -1.627793 1.388226 -12.901337 -7.867973 0.290991 -13.290379 -23.434854 -7.947811 -1.378278 7.167891 22.463983 6.568054 0.224518 2.189777 -2.770432 4.869860 0.495307 -8.579227 7.980920 -2.927813 -1.951995 -1.400826 0.751199 -2.886236 0.035405 5.787981 -2.044587 -2.913427 1.255025 9.388991 7.113458 -5.615958 -0.329099 -2.355372 -4.502908 -5.610091 -0.224926 7.949954 -20.639272 -3.394245 -0.871748 15.016937 -19.414856 -4.585808 1.840577 -11.386542 1.217682 -6.116060 -1.232782 -6.852107 -0.877819 -5.081216 1.013468 -4.777982 3.787726 0.663504 2.311856 -7.774207 10.714213 0.617233 -1.251250 0.764616 6.013723 0.086063 0.020406 18.296908 -14.801908 -7.450872 -1.107693 17.544128 -6.168248 -3.020814 1.801653 -32.387818 -1.896133 -0.476992 -0.733905 -10.686103 -0.653199 -0.967248 -0.014539 -1.719620 1.224008 -1.679114 -0.988726 -7.052495 2.921028 -1.096827 -0.840373 0.484951 1.573564 2.719161 -0.097439 13.752219 -0.500153 -1.194572 1.581318 5.867871 6.111978 -1.161361 11.892868 -31.816651 2.497347 -1.476941 5.831140 -8.160035 0.342465 -0.591929 0.207683 -1.537292 0.757117 -0.502857 -0.084277 0.135292 2.920926 1.687991 0.213244 1.439241 0.576574 8.799765 0.915060 3.652280 2.807469 0.000000 1.205897 1.513774 7.787165 -0.294358 8.763340 -8.703857 13.627232 -0.357566 4.508979 -5.948526 4.261861 0.206969 -2.524793 -1.842414 3.234160 -2.883073 -0.102388 -0.925365 -1.488011 4.622436 -0.205387 6.258239 -19.574125 8.343536 1.746556 
41.846801 15.805428 0.988164 10.124222 161.564177 17.773135 -2.643200 59.167942 51.376696 -14.645750 -9.789511 43.049179 -11.822773 -7.357974 -4.876849 1.875472 -24.522192 0.517141 -8.145546 13.342618 -80.264973 -30.625293 -12.893735 3.446995 -46.368126 -27.414958 -12.299000 -2.568564 23.493113 -7.182685 -0.445108 3.932660 87.809458 -17.866952 -9.248138 25.861800 30.687430 -15.397153 -17.233854 22.111315 0.227171 -21.510662 -8.581063 1.268085 12.916131 -11.057137 -7.289307 6.281757 -18.682787 4.467044 -10.581318 7.682481 -13.806295 34.237017 12.324916 1.500357 -2.232476 -45.586828 -4.453372 2.923324 16.956076 -32.864555 -10.554229 2.580553 13.454137 -5.810325 -18.376237 4.234109 7.487603 -7.476686 5.756402 1.341955 -26.260535 5.323334 3.999490 0.887103 -15.321141 21.871340 -2.081675 4.498419 8.331038 26.377257 15.000714 2.598612 -7.892103 -17.774258 -7.455770 9.886746 -34.400265 -3.019692 -2.274207 3.037394 -15.098357 6.172074 3.774819 4.225436 -4.586879 25.638557 11.511836 0.892256 -16.125395 14.302418 -6.069891 4.577390 35.234823 3.676717 -5.202785 4.548873 10.977655 7.400010 0.180951 -0.026120 -6.549740 25.038159 12.994490 2.592797 -24.698908 21.621620 8.967248 3.140955 10.721457 4.437353 2.019641 7.141822 -5.249464 -3.451178 -1.641720 0.199418 -11.322926 0.246199 -12.962249 3.344761 33.002143 9.860882 -3.570809 2.588001 4.163708 -5.668707 -3.209213 -0.901541 -4.400214 12.312519 8.859759 4.470054 -13.920773 -3.560504 1.699674 -4.271962 24.824304 -0.221049 -0.027293 -6.042445 7.560198 0.558412 -1.283542 -3.436945 -0.368024 9.508264 -1.038363 2.297572 8.591674 11.636568 -1.780022 7.189675 9.251913 3.420773 -10.470972 3.700643 -2.133303 -1.669115 0.000000 0.013825 -1.591368 -4.125752 0.475768 -6.227783 23.906795 4.678961 1.394654 -15.270483 3.431487 8.693909 5.103969 -14.078972 -0.155851 -9.270432 11.861647 -11.995409 4.396184 -42.574941 11.363483 2.526936 13.879757 -86.582696 4.143506 13.683196 
-143.410774 -53.039690 -3.422610 -21.210795 1676.207275 145.609836 51.489797 51.376696 3227.706663 394.094990 113.303081 223.576115 3.530762 -35.464034 9.429548 -4.749107 -856.835323 -45.543465 -65.120294 -121.204520 107.450515 18.608713 -98.755688 -23.307214 -189.455668 -194.664116 -194.206408 -4.351393 -218.779614 127.455362 -7.259922 -21.143098 56.789256 -119.890521 55.856239 -141.986685 1686.463524 -121.988062 63.220692 27.400877 81.617743 146.925365 -62.119784 23.256300 -256.801041 175.769462 -30.381900 -12.839455 360.951893 -64.918478 -127.850679 69.022549 248.964748 170.280788 -75.907407 24.587899 -135.328436 724.820580 55.666157 29.276860 -442.518672 467.589991 55.363279 -100.599582 464.097235 -228.616723 -53.544587 -10.777676 -9.325528 201.742169 -124.676258 -3.913937 -212.191511 342.276196 -53.330476 -9.585961 278.313539 -16.384553 -15.039588 45.936129 187.800735 228.276247 59.105091 11.873023 -86.129477 -81.057086 -30.279002 7.725130 -181.745383 112.668860 -111.767473 -29.284155 515.676053 -182.513111 -118.322824 7.351699 -166.019539 -66.142587 -61.769309 -22.420875 -422.510917 89.671105 -2.436894 27.772676 388.650648 34.169983 65.999235 21.090960 92.356443 4.347822 27.879604 1.106877 -91.231558 -601.364198 -140.177227 -40.875217 -312.894194 -207.476023 -35.861035 -130.081267 460.711356 -4.847158 19.349607 -70.223498 -9.592899 -63.870370 -18.808387 -19.447046 -247.110805 -104.699929 -16.312417 5.327926 101.547597 70.153811 28.572289 21.825375 30.353943 -72.407765 -28.385981 -8.546322 -14.728497 -45.369299 -1.328793 13.133354 -239.190134 6.690338 15.081828 -115.362871 315.576829 35.413631 18.627589 -175.599684 143.905316 -35.741251 -5.726303 -38.234925 -74.972401 -98.840220 -21.915468 -1.619937 -4.670952 -93.937506 -51.763187 18.858025 -126.611723 -198.799765 -129.098918 -27.203398 -0.037343 11.573309 0.000000 1.227630 -99.732782 -4.275584 3.817519 -74.870881 124.825987 -82.536527 19.761657 -115.246914 138.246301 -93.003061 6.514743 79.648301 7.175798 28.103306 31.649526 50.969238 69.500561 20.366136 47.141261 29.673401 -103.128660 -164.357106 14.131721 -30.599633 
-32.195286 -11.168758 0.064483 -6.205183 145.785838 75.411744 18.894960 -14.645750 394.094990 167.747067 32.327773 15.284308 22.086318 45.660545 15.361086 -1.751352 -138.394245 29.515458 8.884757 -26.636619 43.464544 68.761351 3.890215 -4.877359 4.485971 12.610856 -30.663198 -3.082032 -36.107897 89.769615 11.073972 -5.412458 -33.241047 24.319355 31.548720 -38.370523 228.879910 33.910927 43.262779 -13.720896 28.883175 62.094837 1.834201 8.442047 -53.812825 6.704367 -7.721406 -8.004438 54.556831 -48.234415 -28.791195 -3.462861 27.544434 -17.317978 -29.122896 -4.333537 -24.528773 149.571982 11.818233 7.504132 -64.490052 56.837466 11.584379 -18.978931 67.507448 -87.100449 -18.660188 -10.288899 25.260331 -24.320682 -48.535405 -1.658606 -10.872768 -3.236711 -32.063922 -7.276757 27.162585 -18.765585 -22.482910 -0.068360 36.603765 36.762779 -1.823640 -3.992858 -15.740588 -50.944291 -26.230181 1.410315 -0.844149 -31.395674 -35.815172 -6.602898 81.305122 -65.737578 -43.226303 -5.138200 9.589328 -29.922610 -23.503877 -1.286195 -94.769615 17.591980 -4.474492 9.641924 4.771299 31.052699 12.881390 2.166157 27.198194 28.708652 6.310019 0.178706 2.467095 -108.661055 -47.985308 -8.076115 -20.957045 -40.941792 -15.495715 -22.480257 26.926844 2.845322 -0.713244 -19.214519 8.398684 -3.932660 -5.198959 0.222987 -65.250536 -6.243138 -8.173809 0.963167 -10.061830 19.133609 0.666003 6.827058 17.197939 9.618049 16.667891 0.175339 12.870830 -21.236302 -9.474696 0.186665 -14.780482 5.929956 -0.267779 -7.992501 -8.333946 11.040455 1.067544 -27.755688 15.158963 -3.809713 -3.883430 0.222987 -19.599225 -22.491736 -5.077645 -0.038006 -6.734925 -18.670391 2.864198 3.192480 -5.862565 -33.335680 22.110397 -5.834711 7.024946 7.428528 0.000000 1.445924 -0.576217 12.124528 0.193501 2.764361 -18.012397 1.986481 0.954137 -11.707632 3.643047 -19.403734 -5.016121 10.814968 0.853127 0.749770 2.368381 14.201561 15.979237 -4.701765 18.860116 7.442761 -28.561881 -73.262269 -6.074788 -5.049128 
-7.044613 -2.390241 -0.010305 -1.344863 -14.825783 -7.643149 15.768952 -9.789511 113.303081 32.327773 43.620574 -3.373151 49.857897 23.373661 18.966509 1.199699 -86.992807 -3.709213 4.983471 -14.986430 5.767549 15.752194 3.923375 -6.548720 -12.670314 -8.797036 -9.422431 -1.130318 -7.373508 25.313029 3.041960 -0.996633 -53.792470 6.270406 17.395495 -13.431589 47.966049 -0.169421 31.423171 -6.574100 30.114070 11.347082 6.042751 2.662407 -8.262244 2.242832 -2.248980 -1.792164 34.975079 -29.731150 -13.939751 2.937838 -9.647740 -64.956816 -15.909933 -0.545710 -3.710208 21.548311 15.577084 -1.445592 -35.190848 21.107438 9.880726 -4.033007 11.138098 -13.364198 9.585119 -3.847235 3.596878 -6.380650 -13.324559 0.828257 4.532777 9.625829 -5.934701 -1.114886 26.659040 1.402867 -5.330910 0.596368 12.773646 -9.998546 -2.763136 -1.594608 2.641185 -29.771273 6.459749 -5.392409 0.794562 -4.186512 0.616136 -2.945541 14.170544 -4.482578 -4.479849 0.298209 -15.015866 -3.641899 -6.749796 1.134680 -18.037777 9.707147 -0.399934 1.328921 -2.049765 9.120166 6.900979 -1.387001 5.852541 1.935058 1.477171 -0.040506 5.520738 -18.604097 -8.862948 -2.693628 -6.413478 -8.943654 -1.817876 -4.196281 -23.141950 -0.698398 1.730920 2.826548 -4.465029 2.609428 -1.857285 6.065350 -6.940695 -0.137256 -4.953372 -0.917253 -2.067187 3.956152 -2.906132 1.228268 2.194393 0.829380 2.872743 0.197709 5.295608 -4.994873 -2.420391 0.497220 -16.517269 4.595526 -1.543057 8.240435 -49.975513 1.253852 -2.223651 9.104632 0.433553 7.288363 -1.292419 20.393633 -0.385394 3.017906 -1.985945 12.976482 -0.630777 -2.957938 0.161055 4.161055 -3.451944 -10.535762 7.903148 0.582874 0.729415 1.563437 0.000000 0.333920 -14.867998 0.005408 -0.567468 3.146108 -31.602617 -15.705030 -0.326268 -9.893378 -7.207555 -48.603153 -0.840858 0.810376 -0.995460 -36.690312 -7.702403 29.745638 -2.959035 -7.324176 -2.679905 24.956229 -3.841241 8.004234 6.068131 3.134298 
-18.372896 -8.469059 -0.334762 -2.201918 145.992246 4.775737 -0.637537 43.049179 223.576115 15.284308 -3.373151 79.711177 -28.944215 -6.141950 -3.486966 8.327186 -110.848638 3.171870 -6.514692 -4.066626 -38.571600 -2.411412 -9.985869 2.047852 -31.338664 -11.407535 -15.724696 -0.033440 -32.286272 3.069993 -0.822442 -2.693603 -20.931129 -13.086955 -4.938603 1.928375 139.913861 -17.620294 -8.265075 30.420697 19.328793 6.247755 -6.508826 10.308565 -49.174089 17.235180 -1.717605 -1.636058 -5.426972 1.159729 -13.931793 10.388098 5.895113 41.782089 8.004209 3.765891 -30.087619 11.621008 -4.490715 2.017218 -52.098561 17.666208 -2.905622 -15.806805 69.446485 -67.276655 -15.671845 -2.269029 26.319559 -29.502933 -2.640598 2.004872 -39.432175 17.683833 -0.154015 -2.041577 27.719340 -20.285991 -7.134553 4.922049 16.915519 -9.883762 15.824712 -0.046092 -35.213728 -50.706994 -2.948424 -1.832721 -53.801704 12.123712 -0.449674 -7.356163 49.471585 -35.075018 -0.672074 -1.008494 9.732374 -10.796322 10.928196 -1.703704 -70.067468 16.379324 -2.016707 1.519615 70.202148 0.351265 1.407867 3.503112 26.533440 -18.964697 2.557367 0.100296 -19.662917 5.937991 17.878558 0.063795 -73.217580 12.707555 15.330425 -16.419421 71.945745 9.111213 10.348765 -11.325273 22.507423 -5.001684 2.150520 -3.865779 -58.559611 -6.859785 -11.506938 1.427711 33.842822 14.723370 -1.347975 3.643327 15.391057 -7.537777 -3.143327 -0.484721 -9.708525 16.394475 10.734032 4.616901 -37.641083 -1.937379 4.446077 -23.256351 70.317876 1.862820 3.919294 -31.085757 33.752041 -5.395597 0.195490 -9.052648 -5.773518 -8.687787 -0.694546 1.749515 14.049204 1.567162 -3.710999 10.632435 -5.522192 -14.129119 -12.622411 3.085170 -4.525406 -1.965029 0.000000 -1.021146 -4.464876 -2.037904 0.694393 -17.058055 47.882691 0.074890 3.579762 -31.349607 21.511759 -0.444291 11.113993 -9.403122 3.046934 -16.195822 25.684190 -12.669421 15.342312 -65.294485 19.326523 -0.442761 -11.727069 -121.268340 2.365805 7.076446 
159.143939 38.407025 1.028466 11.805326 -16.613866 0.807622 5.708448 -11.822773 3.530762 22.086318 49.857897 -28.944215 1075.276630 145.913453 52.703627 84.312443 222.377870 126.950413 -2.143710 74.399908 -933.137511 -1.937328 16.537649 -106.039486 8.856061 -14.688476 15.011249 5.892792 118.406107 46.160698 8.084711 7.303030 -8.455464 46.367998 7.301882 16.772268 -181.946970 57.732782 48.550964 -38.778007 457.971074 10.042929 45.283747 13.269743 167.250918 9.225895 -20.892332 63.910927 -351.264692 70.434803 33.617998 -33.216024 -56.501377 -382.742654 -66.709596 -18.365932 112.461662 155.556015 71.335170 10.302801 -10.025712 97.971993 15.138659 8.743343 -192.100551 158.833333 4.139807 -39.933196 174.679982 -98.542011 -88.724059 19.681589 120.699036 -164.195822 -65.462810 6.728650 -296.366621 87.262167 -36.432736 -16.829660 -10.456382 -168.699036 -33.741965 -3.710055 125.159550 -5.426309 2.359963 -4.950872 108.443985 -152.910927 -39.525482 1.904270 -149.550964 -19.671488 -41.182277 -21.563590 170.160239 -48.201331 -59.354224 23.444444 184.569100 -39.352847 -39.119605 26.813820 -388.932736 32.561295 -18.881084 -7.094123 -26.680670 42.991276 11.643021 -0.470615 79.302801 -147.472222 -103.690771 7.019972 232.606979 -48.487833 -27.153811 25.006198 -268.479568 -11.719927 4.396465 -20.066116 29.673324 14.060606 16.117769 2.037649 155.528696 -12.366621 -18.090450 16.401286 -130.741047 -43.556244 -29.569330 3.412994 -17.083792 7.383609 5.182966 2.941001 63.109963 -54.282140 -23.485537 6.166896 213.046602 20.213269 -4.008724 69.648760 -230.239210 34.905877 -10.184573 9.992195 -91.502066 43.549816 0.514692 -21.709826 42.188017 67.262167 4.737603 8.550964 -11.131543 59.676538 18.393939 -3.075758 56.336547 162.541781 70.986915 12.952938 26.524334 6.197199 0.000000 6.717401 123.379936 78.240588 0.155418 110.415978 -80.453857 229.907254 -4.370753 23.878788 -84.317493 126.076676 10.568641 -139.908632 -19.252066 -29.879477 11.127870 -55.415519 -36.181818 -41.963039 63.613177 -17.772727 129.519743 -111.431589 156.113177 0.814738 
30.542929 13.466100 0.901592 1.861647 -57.530609 -9.414754 2.394092 -7.357974 -35.464034 45.660545 23.373661 -6.141950 145.913453 110.582415 24.348102 17.580732 -130.151056 90.418733 21.508724 -5.099786 -121.382844 84.978344 23.974441 -15.887665 82.817340 71.776477 16.983854 0.241736 21.399219 78.882614 15.460591 -0.292929 -115.484389 43.297903 22.132308 -12.517447 -83.824074 47.522498 43.769972 -15.482629 88.596113 49.324074 19.639272 13.911004 -30.149449 9.353382 -10.454928 11.155647 -49.942991 -26.708142 -12.271962 -12.869682 -5.383991 -104.984313 -25.815657 -6.730334 30.621442 62.064585 22.485614 6.685721 -46.719467 32.420569 7.523263 -4.588001 -33.610499 -46.279461 5.761325 -19.002678 60.182736 -102.231941 -36.687634 1.648684 35.592822 -71.639042 -33.150750 -6.994796 -21.053642 -24.281757 -25.276477 -5.515305 24.404959 -59.575987 -17.011172 -4.784282 14.206841 -94.379017 -19.114325 3.220386 20.615549 -60.546220 -15.487680 -3.480334 13.895011 -41.889425 -17.096572 -8.434114 46.582339 -50.028543 -18.899066 1.500000 -6.895240 -8.870294 -13.534053 4.070784 -67.362335 14.565733 4.326905 -2.603612 8.111800 10.114631 3.425543 -0.152740 1.837236 -55.191077 -27.307392 1.638583 26.482706 -17.179905 -7.051882 -1.777089 -28.847337 -1.522192 -1.095118 -7.076370 15.220156 3.338384 0.073691 3.794307 -16.679752 -2.063743 -9.021273 4.593970 -37.013315 5.511708 -3.121059 3.640725 8.890802 31.096495 25.000689 2.268978 8.100321 -14.764233 -4.926002 -0.540940 23.179140 2.472069 -0.350015 7.834711 -61.832415 9.783594 -2.794919 10.578818 -6.900903 17.134604 -1.458525 9.026630 10.534359 17.649219 5.241889 5.773339 -1.617309 19.961815 21.882155 5.574074 29.814050 46.298133 66.436257 1.916208 4.369146 1.097107 0.000000 1.176232 8.576446 11.494184 -0.347490 18.253290 -43.279385 18.867922 -2.725819 0.688552 -16.321472 -18.651974 -3.032216 -14.305785 -2.692991 -34.806474 6.836318 -9.991736 3.390572 -59.786578 26.838613 4.510101 3.910162 -102.100704 33.461509 -1.779844 
-6.495791 -0.471406 0.645444 -0.769768 -47.431946 -5.872309 2.137690 -4.876849 9.429548 15.361086 18.966509 -3.486966 52.703627 24.348102 21.615371 1.543950 -48.135751 14.893327 13.917355 -3.987705 -12.142052 36.230665 9.995664 -1.925416 32.663580 36.095628 7.801984 -0.611188 -4.322084 27.353025 5.724952 -0.286195 -53.603765 11.857081 10.432022 -6.627640 -4.811167 14.400367 22.888583 -4.764437 25.721865 16.397026 12.511733 3.827186 -16.210208 1.532344 0.810657 -0.092133 3.471355 -13.261810 -1.395725 -3.411820 -7.698296 -47.193169 -10.534512 -2.885114 6.125727 15.019335 12.365218 0.054867 -19.474441 20.178604 5.221814 -0.902408 -2.663045 -12.017957 11.945796 -3.726074 14.408632 -27.085068 -11.390470 0.525125 24.608331 -16.830451 -8.764412 -1.912815 4.355806 -18.909907 -5.482833 -1.366646 0.398531 -22.361417 -5.083359 -2.200311 5.397842 -38.709902 2.985614 -3.734772 10.563718 -14.680033 -3.000128 -3.571141 18.347669 -13.670467 -3.788134 -0.488751 9.804510 -19.441817 -6.541909 1.511785 11.977783 -8.156183 -2.853204 -1.491761 -15.617514 -4.904219 2.575605 -1.596623 -1.914065 -6.062086 0.441409 -0.071217 -3.451867 -15.187149 -6.218779 -0.533798 3.402306 -8.930390 -2.447964 -3.122819 -10.502678 -0.552597 -0.097924 2.193348 5.826370 4.602694 0.046908 6.397459 7.730869 0.147051 -1.377972 1.292521 -7.739976 -3.133379 -1.646822 -0.101087 1.365907 5.692353 8.030380 -0.061958 -0.032063 -5.540021 -1.617105 -0.094710 1.565172 -2.194087 -0.745587 1.060759 -34.357361 1.041986 -1.390981 4.351444 -3.145368 9.305454 -0.674217 16.680288 1.290200 6.084481 0.671284 11.271299 -1.714493 0.619401 5.345679 2.436588 17.487756 8.038363 25.939981 0.682048 1.041016 0.009106 0.000000 0.204954 -1.143021 2.052291 -0.206025 4.887103 -28.149449 -1.686767 -0.545480 -8.588103 -13.078181 -28.344047 -1.396210 -9.074380 -1.037904 -33.906107 -1.784741 15.990817 -1.724467 -28.969365 9.847949 17.205387 1.147332 -45.382869 15.951765 1.424013 
23.298822 9.565988 0.001479 2.111366 6.076574 -1.318233 0.156158 1.875472 -4.749107 -1.751352 1.199699 8.327186 84.312443 17.580732 1.543950 28.203066 -15.336241 4.215029 -0.940771 23.808183 -91.670161 -14.148480 -1.502551 -12.946026 -12.395903 -23.603433 -7.767549 0.076752 10.990129 11.200235 1.437583 0.124579 -11.570248 8.824278 0.447684 1.467401 -20.102974 6.098255 -0.374809 -0.065682 38.450770 0.880752 -3.458933 6.694393 15.136746 5.461688 -8.262448 15.212886 -40.669702 -2.623406 -10.251199 -0.341623 -11.287471 -29.227859 -15.985690 0.386950 12.001913 40.736864 7.179778 0.842287 -13.625191 22.279155 0.448067 -0.267014 -17.999949 15.275533 -11.488955 -4.123329 11.672635 3.243929 -20.563616 -0.350194 -4.814024 -0.433094 -10.599684 2.858178 -23.889782 30.067850 -7.014412 3.153607 15.314050 18.173171 -1.029130 2.827951 6.833104 -16.533900 -2.060453 -0.513621 8.619478 -19.420518 -8.087568 3.072977 -2.250332 -0.610524 -10.821600 0.525482 11.962249 7.502882 -10.211075 -0.011785 -8.728012 9.974824 -6.931920 2.310402 -20.041348 16.015789 0.108050 1.858790 9.195975 12.931691 2.849225 -0.062392 -0.418656 -32.030022 -10.433655 0.885496 5.877768 -8.770253 -5.035047 2.222911 -4.338919 -1.782573 -0.174804 0.737323 12.100627 -2.708754 -0.316881 -1.368993 15.175467 -7.953755 -5.234517 0.781400 -0.092440 1.552112 -3.609836 2.556550 3.418299 -2.815401 -1.036348 0.049561 -0.366009 -4.706994 -1.681334 0.293516 0.151082 0.672967 0.029334 0.528313 -9.414907 5.139374 2.298235 4.661871 4.320758 2.077926 1.059433 3.247169 16.461407 4.088613 -0.028033 -0.767626 2.722758 2.590884 -1.032548 0.745230 1.689470 5.588817 0.490690 -0.169651 -0.775635 -0.916361 0.000000 0.069610 0.445133 -0.465973 -0.389016 5.142741 -10.087466 -2.908734 1.044103 -0.002806 4.619044 -8.643557 3.329176 2.719467 -0.458423 4.168274 -0.429676 -4.532140 -7.578563 7.239797 2.708984 -3.518519 5.146975 25.728140 14.781936 3.634298 
67.878788 21.883532 -2.194062 11.343587 68.488369 73.400979 -36.958831 -24.522192 -856.835323 -138.394245 -86.992807 -110.848638 222.377870 -130.151056 -48.135751 -15.336241 2776.098255 -38.775023 -45.809917 173.652586 -133.684420 -509.843128 -160.905571 -37.923171 -956.708754 -723.413070 -231.987297 -42.753444 106.200643 -106.632384 -23.356137 20.656566 785.542700 -2.280686 -61.866238 129.579431 -197.122896 -17.089532 -112.195592 2.655035 -107.777013 -76.124579 -35.652127 -44.508111 994.063361 -121.879553 11.389501 92.278237 -262.379094 349.923936 13.241200 8.260178 -142.854301 -130.181665 -14.702020 -8.348638 -15.365014 136.585552 -24.263851 2.592746 561.685491 -31.654729 22.767830 115.342822 -114.395929 399.471380 -61.726201 46.973982 -124.111570 246.797368 -3.892715 -19.456076 285.168656 -144.308846 26.443220 74.753290 -446.442455 355.606367 30.140343 -0.722987 -155.788338 17.728650 -20.555862 7.677074 38.137741 589.117539 -59.460514 -7.973829 338.567646 -20.458372 -53.546985 89.499847 -195.641108 159.424089 -27.679829 24.195592 -135.169115 179.198194 -24.401898 14.151515 561.521273 -105.606520 -16.496021 73.250383 -441.001071 -71.497092 -107.390725 15.385981 -196.766758 18.527701 -33.642485 -0.167738 -111.528466 -116.074074 -183.221304 -19.228803 474.231711 -19.442455 -70.688705 118.339302 -181.143251 -5.413988 -8.664983 71.774717 -284.517906 -45.858586 3.679063 -31.831497 389.846189 -75.922253 -0.985155 4.591062 -31.359504 -141.433884 -53.317417 -17.445363 -99.386899 -74.565504 -47.781910 -4.591980 -121.460514 -134.995409 -45.299204 -21.752678 308.186103 -14.551270 -6.447046 101.370523 107.605601 -22.273952 20.985002 98.949648 -279.148454 -132.738598 1.091215 -129.169881 -11.340833 -101.370064 -20.000153 -60.421182 -14.634527 -64.789409 -44.331650 -47.816498 -37.818641 19.041169 -87.422253 -1.295225 -48.987603 -32.830119 0.000000 -14.697123 121.263545 -80.195745 4.840833 28.165442 233.464187 122.051729 6.863330 243.215488 -124.003826 465.426997 -8.820171 -53.902663 -65.288185 344.157025 -31.144169 -134.347567 -106.895623 412.180747 -24.971074 -115.717172 196.273033 451.451025 138.709060 -31.295684 
9.398990 6.677074 2.431436 -2.277931 -4.235843 23.391950 0.221457 0.517141 -45.543465 29.515458 -3.709213 3.171870 126.950413 90.418733 14.893327 4.215029 -38.775023 288.764922 15.062443 -13.278849 -200.714570 252.671411 44.077288 -13.900061 240.001684 294.594888 94.396388 -0.524334 34.895317 86.102081 17.871289 -0.737374 -26.471993 59.154423 15.805632 -5.342057 -118.351852 72.533976 19.842057 -4.432813 63.837619 73.730640 56.394552 9.907101 -49.300735 11.834099 12.181206 3.797521 -144.348179 11.071013 13.677992 -17.931895 -23.994184 -83.166820 6.297980 -15.929140 75.061983 98.510407 21.208295 13.770891 17.996327 34.200184 9.994796 -6.039792 -78.078818 -39.723906 13.226201 -25.807316 64.061065 -141.625650 0.599786 -0.978268 112.816192 -189.691154 -53.276553 -12.510866 -21.022192 -164.136670 -58.089838 -20.009336 -53.206612 -224.486226 -48.969391 -11.884144 29.695592 -114.354913 -35.443526 11.635445 27.881849 -145.753750 -36.877257 4.171870 15.631007 -95.979645 -22.254515 -22.352158 82.780227 -132.683043 -27.209213 3.767677 55.009030 -71.600551 -21.261555 -3.917049 -94.478727 -41.250383 -24.816345 -11.678910 -31.713039 -45.810530 -8.564585 -0.549434 12.139578 -81.203704 -46.369605 5.153046 84.253137 -41.815121 -20.114325 0.822314 -47.695133 -8.873890 -5.112795 -29.395929 -4.623508 13.904040 1.280533 -5.739210 -59.901745 34.295990 -6.206765 -2.212274 -99.918274 -7.874197 -5.753290 -11.140496 -0.810070 35.903887 30.024334 1.147536 28.253444 -15.555096 -7.872513 -1.085706 105.248240 5.182583 -1.542853 12.200184 -36.499541 22.839608 -4.914294 -13.500153 -49.260637 25.809305 -2.727579 -35.996786 -16.987450 20.809458 6.409244 -15.280839 -18.340220 35.420722 32.053872 -6.602694 50.662075 93.433578 103.558616 2.870983 15.507805 3.042241 0.000000 3.601163 70.675849 46.862412 -0.876186 34.435568 -2.282369 138.731099 -4.454239 4.552189 -39.981022 103.992195 -4.780839 -58.819559 -10.514845 7.651056 19.199725 -62.612029 -0.291246 -79.807009 65.072084 -31.803030 13.090603 -240.738904 69.351546 -10.345730 
-10.792929 -0.261708 0.814509 -1.293388 -88.343893 -6.076676 0.906795 -8.145546 -65.120294 8.884757 4.983471 -6.514692 -2.143710 21.508724 13.917355 -0.940771 -45.809917 15.062443 44.399449 -5.240588 17.937098 54.691001 35.504591 5.239210 61.787879 88.269513 25.724518 0.583563 1.514233 35.846648 7.280533 1.378788 -69.698806 24.857208 13.209826 -5.637282 -62.474747 27.879706 24.334252 -5.732782 -0.320478 44.631313 21.102847 2.943526 -26.715335 14.593205 17.200184 -5.632691 -16.615243 -9.004132 11.422865 -9.043159 -27.896694 -52.843893 -17.641414 -5.590450 21.170799 25.627181 11.609734 2.044995 -16.884757 21.600551 11.176309 1.259412 -30.549587 -17.444444 19.446281 -7.442149 10.582185 -49.498163 -5.746097 -0.197429 50.771809 -49.831038 -12.678145 -0.754821 4.054637 -38.016070 -15.128099 -4.957300 -19.513774 -59.478880 -22.549587 -3.157484 14.617080 -42.792011 -5.189164 -0.623967 19.549587 -44.033976 -7.934803 -2.959137 20.615243 -31.943985 -3.819100 -6.344353 22.987144 -48.089532 -10.203398 1.606061 30.617998 -27.700643 -2.648301 -2.276400 -42.022039 -10.978421 -3.984389 -3.617539 -9.932048 -3.017447 -2.183655 0.119376 1.676309 -19.454545 -13.028007 3.044995 34.269513 -13.460514 -4.893480 1.583104 -18.550046 -4.338843 -2.338384 -3.723140 6.018365 2.292929 0.265840 3.120753 5.850321 -3.692837 3.223140 1.060147 -35.396235 -11.804408 0.108815 -1.896235 -0.319100 17.509642 12.234619 0.725436 3.371442 -9.185491 -2.400367 0.030762 27.714417 -0.603765 -0.492195 6.181359 -36.155188 2.705693 -2.106520 10.524793 -17.084940 9.190542 -0.495868 8.792470 1.694215 11.155647 4.576217 2.182736 -4.212580 8.176309 13.585859 -0.156566 33.208448 35.623967 44.196051 4.537190 2.240588 0.146924 0.000000 0.783287 16.118457 4.834711 -0.275023 14.422865 -20.241047 16.849862 -0.903122 6.752525 -23.897612 11.537190 -1.544536 -20.802112 -1.423324 -12.930670 5.553719 -6.825987 10.419192 -56.986685 22.635445 1.878788 3.554637 -147.120753 22.488981 -4.173554 
25.638047 8.907152 1.237272 5.534639 44.665391 14.953678 -2.153403 13.342618 -121.204520 -26.636619 -14.986430 -4.066626 74.399908 -5.099786 -3.987705 23.808183 173.652586 -13.278849 -5.240588 124.557290 -188.359912 -71.647893 -18.280737 40.159984 -104.667228 -78.079074 -22.328640 -1.071472 23.046832 -12.343485 0.800020 -0.089226 93.639118 2.146567 -3.523212 15.526630 -57.071268 7.842057 -11.326293 3.153607 -7.599531 -18.772166 -0.918019 0.938527 71.236302 -28.095756 -8.736864 31.740282 -69.074329 32.806142 -12.538057 12.260586 -23.008213 -26.956943 -17.451178 10.759973 18.641108 43.178196 4.970360 3.659780 28.770738 -6.335170 5.879757 5.849658 -45.766810 51.557800 -3.981430 8.395827 -20.721763 27.800837 -9.010764 -2.092184 6.588358 -27.011580 -16.775431 3.861749 -64.113662 35.284767 -13.853586 1.474952 -2.004591 8.138353 -8.444700 10.744363 17.427916 32.204010 -8.552954 18.803796 13.839200 -33.557902 -15.112386 14.359300 -46.876849 5.608458 -1.603561 3.319559 -16.858943 36.445465 -11.449393 0.198653 47.904091 4.705846 -9.744159 4.637945 -23.897357 9.478012 -6.582339 5.250944 -8.388124 28.328640 -0.378839 0.217121 -1.357055 -47.947250 -36.541322 7.454954 57.927099 -20.788746 -15.585706 19.509183 -30.400520 -9.126977 3.662177 10.095092 -33.211050 -3.331650 -3.424855 -3.621365 63.333946 -6.585042 -0.597898 3.622181 8.872972 -7.247934 -1.675288 1.332568 -3.593460 -5.606775 -5.176002 -0.205438 -7.310530 -19.385063 -7.989236 -0.103663 36.469901 -1.759055 -0.597286 16.890419 -27.467554 14.869350 8.908377 34.615447 -49.776911 13.554535 2.055811 0.555403 5.917151 16.875115 -0.398276 -6.716304 -3.730793 16.562698 1.128507 -4.684624 12.993725 44.398786 1.409907 -0.967401 -3.382767 -2.777625 0.000000 0.297011 2.488981 -9.002347 -0.191562 12.759922 -24.600551 1.617182 4.939139 22.113917 -21.690899 12.786807 4.760127 5.094582 -10.414396 17.196511 -1.175696 -10.844353 -16.052750 33.008366 3.095654 -11.900673 33.453117 24.676360 16.391389 -1.775023 
