337.342562 536.345432 17.540185 78.519043 184.239506 435.788148 10.363611 159.757500 -323.659290 164.224105 -19.321728 -21.163333 -286.893920 133.499043 25.238272 -124.198025 -0.927716 11.888735 -3.350309 -19.820586 12.819877 -143.035802 -30.576543 4.805123 -43.115463 -104.458765 -14.699907 2.711420 21.465123 -24.740895 -21.274630 12.570031 98.691790 -118.171636 -47.347407 42.643735 6.235957 -182.608704 -87.098333 65.786327 15.571049 6.923210 7.534136 -13.354568 -58.762438 -28.150648 9.785864 -33.402840 -8.599907 -63.567809 -4.737438 -9.288364 -13.411420 -100.424012 -8.396512 3.331019 -4.993395 -0.241173 -8.784815 -2.456852 39.943426 13.845093 -10.115741 2.451728 69.176914 13.952006 -13.132870 36.918704 -13.395278 -0.256049 -14.732593 22.026265 -134.533179 101.510648 34.483549 -41.823549 0.222994 57.395895 36.576821 -15.946944 -44.909660 -200.706605 -34.287377 7.608148 35.008395 186.087500 17.556543 4.136512 1.445864 66.671574 17.439290 -0.794444 50.643735 -51.525123 -3.850679 9.108981 11.138549 -112.462469 -55.743241 34.942963 -27.550586 -46.290802 -27.734198 41.811574 -34.714846 -70.373241 -11.389691 14.477284 -40.169907 -212.498488 -52.133951 3.170123 5.230062 40.944907 10.718488 4.029259 0.536883 3.903580 23.329599 1.575926 13.860309 -119.830988 -4.324167 3.696451 3.889136 -89.504506 -27.180278 9.439907 2.206389 -16.154815 -8.446728 45.171389 -17.122500 -6.856142 4.143025 29.000556 -27.273920 -12.019475 10.727747 12.931265 13.691265 -24.809784 10.807346 -62.985432 31.989012 104.898210 12.546019 -10.208735 6.988796 93.505340 1.185062 21.352593 1.169568 78.264938 10.919938 5.678827 17.123549 57.006728 35.096728 -5.768796 18.509753 -10.703086 22.789753 -1.000679 -5.074722 3.264691 -7.035617 10.266944 -1.530988 -52.962593 2.644321 -102.397407 9.463981 -49.271142 -5.075957 -98.993364 2.297253 -70.489691 -6.926142 -12.952284 -10.536512 -2.261142 -4.833858 28.047562 6.401019 132.955278 6.633920 57.029784 17.366019 215.715617 28.026019 35.613580 16.372778 281.769691 26.410957 5.188858 
536.345432 1505.742469 60.864074 162.814691 112.054321 966.095926 43.636667 195.548889 -619.195309 405.321235 -26.867654 -104.628889 -447.176049 397.415802 18.929012 -230.242840 65.605432 235.019753 -30.504938 -20.067160 91.910247 -149.789506 -71.224691 18.406420 -68.210741 -229.582469 -33.936296 0.988272 125.297531 413.340123 -30.917407 50.051605 85.094198 -50.670617 -113.482963 44.598642 -40.008025 -272.454815 -179.231111 89.213457 53.935679 -94.774198 -24.057160 -0.440864 -59.589012 -193.490370 -48.399506 -44.377654 -7.008519 -215.867160 -57.066790 -20.631605 -67.371605 -273.774198 -45.887531 2.618519 54.936790 53.271235 -47.585926 1.602593 73.554815 81.623704 -60.074074 -1.903457 145.668395 79.009877 -34.698148 60.729259 -22.356667 27.989877 -28.562593 26.822469 -261.419753 134.025926 6.396790 -52.127901 53.729012 74.399877 20.599136 -10.958889 -81.577901 -335.214568 -109.383580 72.328148 132.727654 341.855556 21.281358 18.907531 10.113827 214.504074 3.729753 2.022222 88.159753 -35.510864 -40.354198 19.151481 -23.274321 -169.991728 -133.660741 21.941852 -95.846049 -120.718395 -86.348272 60.579630 -25.317531 -92.278519 -42.376173 68.106543 1.598148 -279.766914 -98.954321 73.043086 34.550988 78.607407 11.493580 25.880370 -0.032099 -64.857160 13.076914 11.681481 30.573827 -329.138025 -53.548889 12.776543 15.788395 -249.318765 -73.136667 2.228519 -46.398889 -99.484815 -18.978765 29.571111 -85.013333 -36.929383 11.269506 50.476667 5.478395 42.052840 40.341728 55.290247 42.998025 -231.322099 14.429753 -113.884691 99.121975 232.731358 28.127407 23.531358 41.336296 248.003210 6.352099 91.205926 11.033086 181.209012 13.832346 45.142346 -9.783210 95.619877 31.067654 -15.937407 -22.302840 -3.654938 28.031605 -19.426420 3.374444 13.153951 10.971235 -0.181111 -9.315802 -390.974815 -2.921975 -266.060741 33.402593 -278.143827 -14.406420 -271.316049 23.308272 -337.903951 -15.661605 -9.600988 -0.713086 -93.102716 -17.351728 134.379877 -4.782593 315.820000 0.662716 120.148765 17.554074 516.535432 58.256296 63.811728 109.698889 500.421728 40.858642 34.808395 
17.540185 60.864074 8.012222 1.966852 5.112963 44.403333 7.528333 -1.603889 -30.959815 24.909815 0.851481 -11.906667 -29.399815 32.762407 0.809259 -12.999630 10.891852 38.939815 2.129630 0.420185 19.137407 26.575926 1.842593 2.312593 7.610556 3.507037 -0.359444 0.031481 17.331481 37.712037 5.701111 2.753148 -1.244074 0.092037 -3.108889 0.346481 -6.499074 -15.778889 -10.364444 3.635370 -2.217407 -18.197037 -3.983704 -0.502593 -1.438704 -21.545000 -4.456296 -0.619630 5.862778 -13.546481 -2.088704 -0.455370 -1.414815 -12.463704 -1.318704 -0.252778 7.661481 9.373704 -1.993333 0.704444 2.970556 6.978333 -4.600000 -0.333704 8.830741 8.165741 -0.736111 2.264444 -5.287222 0.854074 0.235556 -1.836481 -17.328704 -1.002778 -2.542407 -4.355370 7.556481 1.500185 0.884630 -0.022778 1.227963 -11.761481 -2.024630 5.635556 12.030741 27.241667 3.714074 2.022037 1.851481 27.721667 0.972037 0.250000 2.518704 3.660741 -1.204815 -0.016111 -6.635741 -12.520741 -8.989444 -0.137778 -7.953148 -14.669630 -7.297037 1.575000 2.134630 -12.779444 -4.327407 5.581852 -2.513889 -19.080185 -5.446296 7.604815 4.926296 -0.419444 -0.665370 1.548889 0.039815 -15.467037 -5.332037 0.683333 -0.421852 -34.415185 -9.440556 0.187963 0.117407 -28.549630 -7.256111 0.929444 -4.407222 -9.031111 -2.570741 1.796111 -4.855000 -2.364259 -0.012593 -0.806667 2.271296 4.095741 0.662407 1.914630 4.450185 -6.922407 -0.264074 -4.372963 1.767037 8.102963 0.195000 3.350185 0.648333 15.381296 -0.161481 5.585556 0.155926 17.339259 0.429259 2.811481 -0.850185 16.961852 2.220741 -0.588333 -3.015185 9.585185 2.052593 -2.310370 1.632778 3.988519 2.184815 -2.933889 3.934815 -13.026667 0.288519 -14.336667 -1.076111 -13.595370 -0.882037 -21.500926 1.843148 -23.138519 -1.240926 -5.831852 1.355741 -4.843148 0.260926 3.785741 1.690556 24.300556 1.225370 4.343519 2.099444 34.277407 0.501667 3.696296 10.076667 40.422963 6.078704 4.912407 
78.519043 162.814691 1.966852 35.418858 23.259877 94.001481 0.135278 58.333611 -77.205031 13.430957 -4.639877 2.943333 -69.355216 20.864414 11.901235 -28.815062 -3.886235 -7.478858 3.108951 -5.701883 -6.256420 -67.883951 -10.808025 -1.374136 -18.592685 -43.432469 -4.434907 -1.092284 -5.033025 -11.164043 -1.692407 4.433549 29.208086 -30.202562 -6.027407 12.408364 4.890586 -43.785370 -16.289444 16.273179 8.182901 9.414691 8.123395 -1.090864 -19.757068 -13.955648 3.542160 -9.255432 -10.740463 -38.604660 -3.093179 -3.949660 -11.674383 -43.154753 -5.322253 -0.777315 0.456235 21.257346 5.986296 -0.755741 13.022870 3.694537 1.362037 0.129877 20.657284 -7.597068 -5.763426 11.670926 6.047500 -10.176790 -5.784815 11.912747 -34.032253 18.218981 10.153735 -7.307068 -3.911265 9.573488 11.292191 -6.390833 -17.937623 -64.600679 -16.562747 1.272593 4.244321 18.873611 3.014691 0.203364 -0.061173 -6.050093 5.056142 -0.277778 17.686142 -19.319198 6.570802 3.047315 7.679846 -20.491728 -5.192685 8.175185 -5.597438 -0.848951 -2.609383 14.303241 -5.743920 -8.377130 2.032160 8.145432 -22.256019 -58.368302 -15.709877 2.626420 -3.124012 3.936574 5.956080 -0.902963 -1.597377 13.965062 17.472747 -0.629630 5.126605 -14.838025 12.588611 0.269599 1.860617 -16.643765 -1.346389 1.521574 -3.797500 -3.484815 -0.309321 14.547500 -9.761944 7.069228 2.672284 23.823889 -15.900772 5.023673 -1.740216 16.705525 0.346636 -14.465154 4.043642 -17.601358 3.577531 13.206358 3.734352 -9.120031 2.057130 8.674043 1.190988 0.989259 0.424753 3.431235 0.712901 1.050679 -0.720710 -3.071790 2.698210 -1.291574 -0.736173 -9.060494 1.570494 7.143025 -0.363056 13.059506 -3.092654 9.156389 -0.154691 -5.058148 1.766914 -13.027407 2.851204 2.968673 -1.321698 -17.775772 -4.445895 -3.284506 -1.774105 -3.842654 -5.408920 17.409784 -2.905895 5.161821 -4.556204 62.993611 0.158549 9.841821 -2.405648 79.965988 16.063241 4.745062 9.023889 94.335617 14.198920 2.015340 
184.239506 112.054321 5.112963 23.259877 1208.128395 590.753704 38.850000 302.588889 72.476543 219.688272 -76.383951 277.061111 -1016.864198 -60.723457 31.293827 -228.558025 -235.477160 79.779012 100.496914 -121.819753 -53.662346 -149.158025 -20.682099 -9.365432 -98.940741 -284.115432 -31.801852 2.753086 12.401235 203.643827 40.992593 9.680864 171.351235 20.080864 41.870370 54.645679 136.684568 -351.631481 -173.144444 178.760494 -69.661728 100.037654 -1.375309 38.248765 -231.143827 239.279630 94.141975 -91.695062 -144.340741 -108.886420 -17.077160 -39.025309 -88.514198 -262.484568 -32.206790 -6.431481 -7.739506 299.082716 54.662963 12.137037 -29.901852 51.181481 24.987037 -4.138272 112.285802 -126.477160 -74.181481 108.870370 162.800000 -153.849383 -49.881481 183.154321 -287.029012 58.798148 32.182716 -8.716049 -202.289506 104.500617 90.548765 -63.361111 -62.832716 -173.349383 32.151235 8.670370 32.772840 237.883333 22.754321 7.206790 -1.024691 228.074074 26.684568 -1.827778 64.823457 55.570988 -13.317901 27.203704 87.632716 -106.041358 -59.312963 91.468519 -59.558642 20.430864 -16.225309 111.240741 -126.801235 47.659259 70.330864 -18.238272 -201.018519 -364.559877 -3.595062 -24.770988 9.572840 177.074074 44.470988 -16.635185 -6.906173 302.541358 70.415432 -8.796296 -0.502469 109.595679 20.238889 -1.904938 3.269136 68.971605 -3.166667 30.340741 -6.927778 61.229630 -22.522840 138.911111 -112.805556 90.935802 -5.703086 155.433333 -235.369753 -0.630864 -1.058642 58.298765 -34.479012 22.321605 4.262346 -142.443210 -20.443210 71.687654 0.679630 -55.417901 -12.809259 64.250617 -0.254938 2.814815 5.184568 9.349383 -9.050617 7.077160 -2.567284 -34.171605 -18.849383 18.298148 -16.858025 -58.486420 -24.135802 44.420988 -86.244444 59.235802 -42.606173 63.988889 -31.282099 445.290741 11.220988 -70.196296 -65.685185 208.663580 -7.290123 -93.758642 -64.374691 133.830864 -14.386420 -42.100617 -14.245679 235.985802 -10.058025 -5.477160 -16.542593 338.061111 17.014198 79.033951 13.535185 496.956173 49.101852 13.319136 51.583333 578.352469 87.451235 20.719136 
435.788148 966.095926 44.403333 94.001481 590.753704 1469.293333 70.204444 310.174444 -604.400741 893.822963 6.895185 31.618889 -840.670741 511.127037 86.529630 -303.241481 38.795926 482.096296 74.798148 -54.127407 132.782593 20.424074 -44.937037 29.878519 -51.171111 -236.832593 -38.586667 16.474074 95.307407 305.596296 -18.274444 34.408519 114.597407 17.597407 -67.565556 47.944074 -9.114815 -328.308889 -227.160000 131.705185 -7.317037 -68.759630 -41.375185 34.023704 -80.615185 -132.993333 -36.661481 -23.162593 -45.614444 -253.099630 -78.765185 -2.354074 -93.479630 -357.398519 -63.127407 8.583333 -37.302593 -82.760370 -50.746667 -5.775556 10.870000 -89.317778 -77.672222 -4.525185 135.295926 -48.512963 -48.838889 72.010000 -52.897778 71.471481 -2.537778 56.780370 -318.435185 208.338889 36.455185 -24.281852 31.724074 93.123704 9.260370 9.351111 -123.276296 -507.819630 -118.808148 51.990000 98.645926 473.405556 42.001481 20.770741 0.484074 359.301111 48.154074 -0.844444 51.855185 35.808148 -19.421852 16.515556 -78.602593 -169.977037 -117.504444 34.381111 -135.686296 -122.907037 -63.509630 72.388889 -36.245185 -113.018889 -53.547037 86.232593 12.950000 -495.947037 -106.242593 83.910741 60.649259 261.500000 26.110370 34.974444 -3.409259 -12.780741 -5.961852 13.955556 1.619630 -309.343704 -103.141111 19.670370 -2.032963 -203.752593 -94.104444 12.596667 -69.224444 -88.765556 -25.804815 21.657778 -124.940000 -24.330741 11.832593 -1.714444 86.848148 140.632593 92.560370 71.644815 56.973704 -161.918148 5.431852 -138.628148 99.136296 152.040370 6.554444 -6.965185 46.614444 282.739259 -3.602963 77.067778 17.997407 253.825185 15.928519 51.214074 3.226296 165.700370 41.782593 -6.967778 -24.771481 22.298148 29.698519 -46.382963 17.767778 123.424815 40.917407 -3.943333 -20.471481 -52.652222 5.535926 -227.743333 12.046667 -179.401852 -6.011852 -242.468519 33.545185 -271.602593 -15.527407 -61.138148 7.423704 -96.245185 -30.990370 96.497037 -39.992222 246.432222 -13.935926 150.931481 2.695556 622.697037 32.618889 73.642593 126.124444 778.189259 57.485185 33.171481 
10.363611 43.636667 7.528333 0.135278 38.850000 70.204444 21.169722 4.881389 -25.391944 50.536389 14.343333 -4.925556 -72.153611 59.521944 9.205556 -19.748889 -1.082778 80.156944 14.486111 -3.004722 24.623333 44.077778 6.338889 1.912778 8.146944 -16.745556 -1.163056 -1.313889 24.225000 44.306944 9.628333 2.960833 4.398333 11.085833 9.051111 0.663056 -17.356944 -24.133889 -12.751667 5.307500 1.089444 -32.830000 -6.226111 10.542222 -2.503611 -41.275278 -7.010556 3.635556 -3.629722 -44.985278 -6.373056 -1.103611 -5.852778 -28.749444 -0.293611 -0.673611 0.853889 -20.215000 -1.652222 0.399444 -2.339722 -37.463611 -12.752778 -0.995556 9.503333 -25.323611 -8.381944 4.918333 0.567500 -11.132222 3.984444 5.472500 -26.795833 -7.173611 -1.911944 0.046389 -2.368056 5.465833 7.766389 -2.347500 7.215833 8.257222 9.744167 3.751111 10.103333 43.445833 7.758889 2.509167 0.129444 48.708056 5.867500 1.150000 0.079722 18.223889 2.466111 0.511389 -15.761389 -11.123333 -3.230833 1.942222 -13.085833 -17.178333 -4.141111 5.068056 5.152500 -13.678611 0.670556 10.306667 -14.926389 -46.555833 -8.033333 8.381111 6.037222 25.523611 2.669167 2.930000 -1.676389 -17.584444 -7.869722 0.827778 -0.790556 -53.506667 -15.736944 -0.206944 0.952222 -46.868333 -8.764167 2.728611 -5.367500 -24.026667 -1.531667 2.973056 -12.016389 -6.363611 1.815000 -0.839444 -14.068056 8.638611 0.246944 -0.554722 1.524167 -15.657500 2.332778 -4.007778 0.851111 4.378333 -0.383056 5.090833 2.051944 11.028611 -1.012222 8.723333 1.581667 10.634444 -0.676111 5.842778 -3.735278 9.455000 -0.573889 -0.149722 -10.817778 -6.427778 -0.131111 -4.222778 -9.036389 -6.095556 -1.276111 -4.128056 -0.890000 -15.535556 2.432222 -18.137778 -5.738056 -21.937500 -0.730833 -19.843056 -0.516389 -31.651667 -2.860278 -3.587222 -1.098056 -5.691944 -2.224167 6.803056 -8.121389 53.744722 0.352500 11.759722 3.352500 77.273889 1.764722 8.644444 18.110556 52.666111 8.184722 6.824722 
159.757500 195.548889 -1.603889 58.333611 302.588889 310.174444 4.881389 261.971944 -170.531389 35.159167 -16.264444 153.012222 -368.521944 -23.573056 50.116667 -104.735556 -45.570556 -33.318056 45.658333 -36.403056 -20.874444 -230.805556 -25.666667 -4.450556 -78.425833 -185.886667 -18.294722 -0.375000 -18.113889 -30.362500 -4.765000 5.260278 82.783889 -49.286944 8.981111 40.116944 61.712500 -140.885000 -49.443889 95.633611 -18.909444 76.087778 36.482778 27.532222 -102.466389 55.668611 49.468333 -33.510000 -58.450278 -108.194722 -7.846944 -14.738611 -59.425000 -167.742778 -24.953056 -5.187500 -21.021667 72.493889 20.765556 5.520556 12.025278 15.264722 17.230556 0.457778 51.321111 -61.037500 -15.851389 56.327222 22.402500 -56.791111 -7.502222 99.645278 -115.754167 46.145833 46.636389 18.989167 -76.781944 11.747500 42.388056 -20.325833 -86.024722 -194.711667 -32.861944 -5.652222 -1.545556 8.893056 5.787778 0.360833 -2.217222 -54.236944 22.263611 -3.288889 31.533611 -83.322778 28.142778 10.100833 33.504722 -69.764444 3.246389 48.026667 -3.390833 18.259444 15.337778 72.793056 -51.242500 14.614167 32.361667 31.697778 -106.351389 -180.934167 -18.716667 -14.256667 -9.560556 5.415278 17.979722 -9.765556 -4.368056 84.385556 60.701944 -6.172222 5.233889 35.130000 46.366944 -0.998611 -1.126667 23.295000 14.663056 10.291389 -10.830278 18.847778 2.149444 71.952500 -45.521389 27.136944 7.561667 108.042778 -85.231944 14.926944 5.618611 56.963611 -33.399722 -3.261389 3.715000 -46.390000 -10.435556 14.585000 5.706389 -35.844167 -2.766389 2.774722 3.080000 -6.691111 -1.988333 -7.641111 0.366111 -2.510556 -1.172500 -16.085000 5.750556 6.939722 -4.014444 -30.111111 2.617778 32.965000 -13.248056 65.741111 -5.356111 44.765833 -18.092222 146.582222 6.613333 0.970000 -17.425278 77.798611 -0.381389 -20.751389 -33.976944 58.483889 -4.436389 -6.550556 -20.249722 97.751944 -8.750278 10.914722 -5.708611 125.100833 6.201944 35.823611 -6.581389 178.171667 38.716389 8.311111 2.859444 247.753889 42.504167 2.063056 
-323.659290 -619.195309 -30.959815 -77.205031 72.476543 -604.400741 -25.391944 -170.531389 1291.105525 -260.946265 -58.886543 175.581111 282.198673 -399.752809 -126.832099 116.364938 -364.701790 -275.570525 -59.563272 -98.433549 -214.698642 -102.450617 -41.341358 -38.626358 -105.254352 -83.145802 1.100093 -16.414506 -24.144136 216.166512 46.630926 -5.822562 -93.411914 325.780216 70.408148 -39.959969 184.732253 143.669074 49.701667 -15.595154 94.245123 34.743580 -41.495494 45.188025 -128.836512 464.771574 54.621049 -67.045432 -171.305463 304.313673 7.677377 -39.212438 -82.424383 97.518580 -39.148364 -14.602315 44.519568 389.305123 59.331852 12.470926 -43.267685 165.378426 17.495370 -1.255679 -50.258272 -27.038735 -74.610648 1.952037 349.310278 -142.819012 -81.604815 100.085525 126.442747 -70.889352 -61.747932 21.246821 -249.225154 91.405154 -16.341698 -72.219167 -21.105957 361.347099 2.558920 -12.025185 -56.737901 -151.384722 -18.417531 -7.878302 11.819938 -46.428426 -77.058858 -3.333333 -16.754414 172.606358 -111.852531 8.481204 200.257068 161.556049 -44.837685 52.215185 112.497562 168.833272 2.108395 28.244907 -147.205586 448.004537 111.884383 -138.913457 -102.214352 618.097809 164.412346 -124.250247 0.078210 121.133796 18.227747 -30.176296 22.138735 341.301728 -8.355586 -13.012963 -2.971173 473.659753 3.931389 -6.377623 26.670617 398.330679 27.575278 21.067685 119.117500 214.756296 -17.744877 102.832500 61.766389 201.869784 1.080062 114.278333 -269.597994 -30.460216 -26.351883 -100.742809 -52.271698 -212.757932 -12.463025 -71.755802 -30.970247 -65.764753 -7.565093 -49.360586 -20.144537 -127.318735 2.688765 -40.052963 -7.434136 -175.405432 -24.361543 -16.558210 34.847623 -114.622901 -68.277346 56.236759 76.622716 111.967284 -49.863951 113.658580 -77.441389 47.123951 -39.811543 73.905833 4.054198 197.454074 -2.046420 25.058148 -10.908241 296.482562 8.116636 69.888117 -57.745340 344.739938 8.994228 -12.222654 -38.499475 282.742562 -1.265340 -43.198735 10.767685 152.949722 -9.536451 -48.760957 18.954907 -71.236235 -28.546204 -32.232716 -45.443889 -267.265494 -44.270525 -5.918549 
164.224105 405.321235 24.909815 13.430957 219.688272 893.822963 50.536389 35.159167 -260.946265 1153.375895 42.843951 -41.031111 -525.622747 641.834290 31.800617 -116.746420 -15.383395 543.161265 69.766975 -33.223858 173.407901 392.146914 12.670988 27.228210 70.404352 -60.257901 -3.205648 3.833025 67.423765 53.957562 -7.775370 9.785525 17.535988 30.143858 1.691852 -6.988179 -62.819290 -115.396852 -91.518333 -8.691883 -29.765494 -121.478765 -102.889691 17.415679 42.951327 -209.410463 -100.819198 63.963951 40.238796 -118.648858 -52.734784 43.560586 -54.899691 -218.509321 -38.297932 7.085648 -28.273272 -228.486605 -61.187407 -20.976481 -15.898981 -133.083981 -48.645370 -4.096173 19.134198 -76.790895 -3.733796 -19.546481 -166.465833 142.317160 20.071481 -93.220710 -155.950154 123.333796 -11.566883 -12.720895 146.888117 63.770772 -52.810154 61.991389 6.915216 -232.793395 -92.179290 51.108519 62.091605 342.829167 30.337901 7.019043 -1.001420 308.783981 57.810710 3.200000 -14.215957 87.930679 10.806235 -2.442315 -146.310772 -59.376420 -32.356759 -46.409630 -156.066080 -82.125864 -31.482469 -63.761574 18.948179 -180.704537 -116.193642 71.872716 199.736574 -254.879290 -86.699383 133.874321 65.186605 241.016204 14.692623 33.892963 12.829784 -10.220247 -24.307377 19.574074 -9.038086 -244.863457 -86.259167 14.814660 -3.433580 -187.878827 -72.869722 -11.984352 -87.889722 -107.856296 -19.747716 -124.160278 -85.427500 -66.982747 -10.820802 -190.989444 263.329475 241.391698 68.616698 25.374290 85.775401 93.765340 7.703765 -31.392346 81.427654 167.029568 3.520648 40.919846 23.355648 188.761327 -7.446173 54.964074 7.897099 170.618395 9.546728 28.582284 0.720895 97.926605 20.403272 -32.364537 -21.693086 -43.774691 6.354691 -123.838210 12.485833 -35.936914 32.846728 -98.472500 11.158765 106.234815 -0.572099 -149.441481 32.591574 -22.373302 0.903735 -145.389969 36.486080 -113.226975 -4.240525 -57.936605 3.792068 -88.183302 -20.338364 30.424660 -43.323241 126.978056 -27.467253 69.436883 24.528426 359.034383 -27.020463 62.680864 84.916111 279.680309 -20.944290 11.772253 
-19.321728 -26.867654 0.851481 -4.639877 -76.383951 6.895185 14.343333 -16.264444 -58.886543 42.843951 64.888395 -30.103333 3.600864 78.291235 37.939506 -1.457531 25.752716 95.459877 11.753086 7.910864 38.246790 60.758025 11.104321 2.536543 20.052963 -5.074568 1.031852 -0.069753 10.320988 -24.004938 -1.355926 -1.063086 -2.755679 2.414691 9.880741 -3.514568 -38.623457 18.500370 20.978889 -13.351605 -8.473827 -40.445432 0.085309 6.915679 34.174938 -75.178519 -15.827531 16.808395 22.670741 -60.994691 -5.263951 10.373086 16.103086 -1.673210 2.375679 1.698148 -16.298272 -123.961605 -13.542963 -4.162593 -5.733704 -106.510370 -17.587037 -1.157284 -4.988025 -47.272840 -1.746296 -5.843704 -22.520000 7.911605 17.699259 -13.372099 6.690123 5.557407 9.481728 -1.147284 28.972840 -1.163951 7.474568 7.651111 22.952716 29.548272 5.722099 -0.913704 0.469383 2.850000 3.487901 -1.493457 -2.204198 47.393704 13.800988 1.805556 -9.509012 44.927901 25.325679 -3.038148 -31.803827 14.001358 18.519630 -8.170741 -11.253580 -13.106420 3.656420 -10.601852 36.557901 -24.572593 -7.018642 15.544938 4.001852 -61.477901 -21.766049 14.790988 0.333827 18.675926 0.313457 4.709630 -4.954938 -50.075802 -8.458765 -0.542593 -3.418642 -87.363457 -15.274444 -1.006173 -0.628025 -86.670494 -13.321111 -0.988519 -6.618889 -53.750741 -7.389383 -12.808889 -9.651111 -17.836914 0.543086 -17.320000 32.253086 23.026420 3.037531 1.570123 -1.706543 8.425062 3.934321 24.485432 -6.222346 -6.367654 -2.852963 15.687901 3.445926 -0.520617 -2.557284 12.452963 2.305432 2.601728 -2.572716 8.285062 -4.847160 3.551605 -4.399506 -3.377037 -18.931975 0.347531 1.788025 -11.646543 10.123333 5.657531 8.638395 -11.437778 -1.891235 -82.342963 2.583457 -1.324815 -1.218148 -77.152469 1.102346 18.036420 3.862469 -106.901975 -2.944691 12.488395 -0.084321 -120.712469 -5.750864 6.742716 -16.227407 -66.578889 -5.107531 12.493827 -9.867407 15.626049 -0.355185 11.253086 15.213333 -0.678025 4.832099 2.315309 
-21.163333 -104.628889 -11.906667 2.943333 277.061111 31.618889 -4.925556 153.012222 175.581111 -41.031111 -30.103333 430.862222 -391.128889 -199.341111 -1.261111 98.542222 -197.501111 -144.477778 30.033333 -61.010000 -97.713333 -337.255556 -39.605556 -14.047778 -145.968889 -309.953333 -23.376667 -10.894444 -63.905556 -128.161111 2.954444 2.425556 -17.402222 50.597778 36.075556 16.671111 73.283333 -29.204444 16.720000 90.765556 -2.167778 101.543333 18.930000 107.710000 -96.867778 178.870000 68.815556 7.962222 -107.343333 -95.837778 -4.023333 -10.395556 -148.411111 -250.151111 -50.871111 -18.933333 -40.996667 -22.103333 28.582222 10.828889 -32.978889 31.407778 27.488889 -1.064444 -24.840000 -56.722222 -10.416667 26.941111 34.640000 -63.274444 -13.091111 118.163333 -6.266667 -15.016667 14.237778 101.443333 -90.366667 -39.445556 10.920000 3.703333 -115.517778 -93.097778 -37.846667 7.475556 -28.078889 -47.205556 6.543333 5.290000 -13.831111 -74.030000 6.273333 -2.616667 -14.434444 -66.175556 11.078889 4.602222 17.442222 17.968889 31.664444 35.937778 22.241111 104.828889 32.221111 78.611111 -52.535556 118.671111 56.920000 51.031111 -97.394444 62.514444 53.366667 -17.740000 -11.618889 -24.400000 15.864444 -15.243333 -3.233333 101.446667 54.564444 -4.288889 -1.191111 146.513333 61.393333 -1.288889 -10.343333 118.270000 45.764444 6.784444 -24.617778 80.603333 6.468889 57.623333 -17.903333 77.357778 4.158889 134.817778 -83.650000 37.136667 8.058889 89.467778 -19.545556 32.390000 -3.648889 19.215556 -37.435556 -45.512222 5.352222 -23.084444 -10.395556 -49.482222 6.185556 -21.541111 -5.035556 -60.252222 -8.125556 -8.146667 -4.987778 -5.193333 -14.746667 10.663333 -1.214444 14.950000 -11.782222 39.328889 -17.441111 79.430000 -0.008889 75.842222 -38.586667 222.693333 0.435556 116.186667 -47.504444 143.511111 6.064444 70.966667 -62.631111 153.658889 2.401111 -3.653333 -16.101111 140.236667 -0.404444 11.157778 20.117778 11.935556 18.803333 6.994444 5.858889 -87.897778 18.767778 -7.722222 -34.076667 -155.804444 0.622222 -14.241111 
-286.893920 -447.176049 -29.399815 -69.355216 -1016.864198 -840.670741 -72.153611 -368.521944 282.198673 -525.622747 3.600864 -391.128889 1763.237377 -242.315216 -80.191358 220.409012 266.967469 -406.738117 -191.792901 125.557377 -197.808272 -13.659877 -53.983951 -4.255617 -15.064907 368.702716 28.898426 10.926235 -36.892284 -28.978858 -59.631296 -15.431265 -179.040062 124.915957 -62.094074 -63.150895 -89.007562 471.570185 156.832778 -202.358302 182.523642 12.235062 23.515988 -69.214938 224.696636 54.394352 -62.311543 46.301975 39.681759 422.071265 12.554969 13.248488 94.918210 474.687840 45.464784 14.900463 -44.680802 -196.296358 -54.908148 -20.811296 9.333981 -7.183241 -44.387963 3.683580 -129.166790 148.467747 24.842130 -101.956852 -0.924722 81.965802 17.070741 -148.639105 407.971451 -44.414352 -44.299969 13.813302 71.923920 -40.367253 -109.609660 26.398056 40.066080 397.308580 4.572438 -38.560741 -104.951975 -422.420833 -53.159383 -19.994784 -8.509321 -327.872315 -89.575340 -1.683333 -49.045340 0.040062 -86.986605 -20.919352 39.870586 185.482346 20.096204 -71.663704 136.806265 77.780679 22.894321 -104.952315 98.082006 211.611759 -15.349321 -75.939753 148.793981 712.389105 75.819753 -87.788395 -22.609198 -144.374537 -53.612438 20.735926 4.126698 -171.314568 -87.434660 12.592593 -3.593765 154.263827 -28.055833 -1.471142 4.103210 179.052531 1.920278 -19.206204 71.802500 43.592963 6.209198 -89.341389 197.693611 0.467377 15.353765 -133.615000 137.508488 -161.317068 -27.197623 -154.168549 -29.338549 22.192253 -24.760062 145.478272 -9.653951 -82.395494 -11.210093 72.128117 2.134907 -110.877809 0.011358 -9.516296 -11.462284 -97.411358 -8.396358 -11.558580 7.925586 -78.429198 -14.475864 17.152870 60.160123 51.487654 7.561235 12.263395 97.653611 -81.259012 -0.974136 -28.360278 -57.502840 -460.747037 -23.562716 46.394815 48.290093 -227.222068 4.837562 135.283488 66.450401 -60.865988 23.279599 121.648086 7.594784 -173.736512 11.034846 29.626636 14.438241 -310.956389 -52.756265 -63.554475 -52.972315 -505.558086 -96.092315 -15.212346 -100.615000 -507.582901 -125.015895 -20.919846 
133.499043 397.415802 32.762407 20.864414 -60.723457 511.127037 59.521944 -23.573056 -399.752809 641.834290 78.291235 -199.341111 -242.315216 831.872191 106.623457 -159.773951 141.092654 835.021142 115.431173 14.952562 259.873580 475.177160 48.291975 32.745864 130.015093 23.737531 -4.319352 -7.736728 79.716975 -27.441821 7.303148 7.085772 26.954753 -121.578117 4.141481 -10.118302 -100.142747 -153.642037 -58.153889 -23.281265 62.122901 -220.028642 -56.978827 9.276914 78.332932 -407.347870 -120.173395 54.515679 67.119537 -287.739105 -47.564290 25.595895 51.953395 -86.698086 3.315525 9.556019 -16.919321 -276.839321 -36.512593 -16.529074 0.123981 -285.046574 -52.382407 -4.872346 61.436173 -138.680401 10.108796 -2.603519 -137.236944 82.892099 36.845185 -81.283920 -133.215586 98.752315 15.227068 -45.605957 143.360957 116.113488 42.649969 24.039167 102.357932 -5.402901 20.245031 44.802593 53.562099 191.895833 31.426914 9.491142 7.286605 184.985463 69.155031 11.588889 -7.251636 66.673025 72.308580 -6.071574 -159.262377 -69.005062 -4.118241 -57.334815 -118.105216 -142.244506 -18.563827 -43.396759 72.074969 -251.770463 -87.493395 103.447654 83.299537 -414.593858 -121.026543 115.433086 38.150432 140.347685 2.836080 35.062593 9.247068 -205.053827 -32.297253 18.503704 -4.471173 -400.984691 -77.726944 12.391821 -1.851605 -323.797099 -69.321944 -14.357315 -60.024167 -164.288148 -7.461543 -98.781389 -86.475278 -82.905216 -3.253272 -112.849444 137.682562 191.614784 28.700895 31.643302 55.903302 80.355957 16.242531 42.988642 58.729753 133.790802 0.271019 75.597747 13.330463 128.128488 -8.083457 57.824815 6.032531 117.672346 13.616235 14.825123 -3.466265 82.538210 34.344877 -56.604907 -45.199506 -80.282716 19.758272 -121.308086 -7.344167 -66.931605 7.838457 -90.402500 -5.401358 -214.840370 8.636914 -127.186296 60.311204 -153.031327 2.030525 -121.081327 50.912994 -216.243395 -3.652994 4.394012 -9.363364 -97.765772 -13.262562 29.826265 -32.296204 253.391389 -15.378117 36.769599 32.413241 355.452654 -0.893426 42.911728 120.400556 230.917840 18.443364 18.589784 
25.238272 18.929012 0.809259 11.901235 31.293827 86.529630 9.205556 50.116667 -126.832099 31.800617 37.939506 -1.261111 -80.191358 106.623457 90.050617 -42.453086 67.427160 151.609877 67.925309 -2.196914 49.767901 -10.025309 9.420988 2.548765 -6.192593 -75.306790 -6.659259 -2.347531 -7.456790 -73.138272 2.374074 -1.864198 25.054321 -41.336420 16.585185 3.682099 -21.423457 -31.551852 -0.011111 10.728395 31.661728 -31.115432 22.980864 24.212346 5.954938 -100.651852 -0.203086 8.117284 -13.687037 -124.174691 -6.072840 0.686420 9.186420 -31.415432 5.190123 -0.324074 -22.321605 -54.154938 8.103704 -4.092593 -6.892593 -106.859259 -0.470370 -2.883951 12.791975 -81.022840 0.087037 11.912963 -3.972222 -13.867284 13.209259 23.751235 -18.920988 38.990741 33.606173 4.921605 7.767284 21.054938 44.123457 -4.833333 -8.367284 -38.917284 18.737654 -5.370370 -8.128395 -8.366667 8.084568 -1.317901 -2.408642 -25.201852 31.543210 1.061111 -0.362346 -8.843210 53.329012 -1.492593 -24.821605 -20.875309 26.668519 -0.885185 -2.580247 -34.747531 4.130864 25.487037 23.284568 -39.498148 -0.830864 46.304938 -60.070370 -174.334568 -33.327160 10.376543 -4.145062 17.114815 9.645679 1.524074 -6.877160 -43.308025 22.362346 -1.420370 -2.141975 -91.390123 7.905556 -0.533951 -6.396914 -94.649383 -7.655556 -0.468519 -20.655556 -58.807407 -9.677160 16.016667 -33.683333 -6.513580 -1.163580 45.355556 -9.413580 43.347531 0.208642 40.329012 -7.209877 -24.371605 1.854321 14.520988 -5.084568 -24.048765 -4.318519 4.145679 2.159259 -20.295062 -2.772840 2.151852 1.782099 -3.438272 -0.099383 0.506173 -8.438272 1.010494 2.971605 -12.231481 -22.769753 -16.641358 5.074691 -5.059877 3.233333 32.897531 5.389506 5.916667 -12.834568 -74.518519 4.740123 5.657407 1.890741 -59.563580 -0.770988 22.191975 4.452469 -67.069753 -3.685802 14.911728 -2.143210 -46.496914 -4.686420 4.232716 -14.196296 27.227778 3.330247 11.227160 -7.246296 85.432716 15.492593 5.375309 14.555556 78.836420 24.159877 -3.435802 
-124.198025 -230.242840 -12.999630 -28.815062 -228.558025 -303.241481 -19.748889 -104.735556 116.364938 -116.746420 -1.457531 98.542222 220.409012 -159.773951 -42.453086 270.992099 -83.878025 -204.177160 -48.554321 57.315679 -98.929506 -89.062346 -5.143827 -9.203827 -56.727037 -36.026049 12.366296 -3.095679 -56.743827 -256.603086 -13.118148 -6.057901 -81.111605 -39.574568 6.289630 -16.847160 -49.327160 112.362593 96.604444 -47.523086 -19.417531 -1.476173 1.535679 34.840494 60.344198 -17.908519 -9.476790 70.228025 19.316296 76.154568 29.838642 15.775679 -51.059877 52.012716 10.202716 -4.707407 -25.043086 -249.163086 -11.749630 -3.972593 -16.090370 -11.930370 9.568519 4.265309 -87.313210 38.130864 36.981481 -46.880370 -103.985556 28.124198 22.374815 -51.816173 129.904938 -86.770370 -16.450864 58.521975 64.135802 -61.333580 -35.035062 48.504444 6.755309 130.698642 0.010617 -3.293704 -33.422469 -155.688889 -13.148395 -3.596049 -12.222346 -107.336296 -17.623827 -1.277778 -45.897160 -45.282840 10.480494 -12.297037 -49.565309 79.472099 65.761852 -43.271852 1.807901 61.446543 33.375679 -34.374074 39.903827 -21.934815 -8.302346 22.601975 79.296296 230.893951 42.374691 6.008395 -11.742469 -117.257407 -11.390617 -2.878148 -1.891975 -41.675432 -6.696173 6.379630 -5.635679 92.929506 35.568889 -1.991358 -14.606543 73.518025 40.532222 -15.142963 -34.147778 28.402593 14.609136 -61.335556 61.462222 -11.530988 -2.627654 -35.041111 123.217901 39.216790 -5.455432 25.447160 39.318272 126.094691 -2.401605 100.163951 -14.750494 -48.470617 -1.167407 24.923827 -9.777407 -60.671358 3.081975 -13.382593 -8.728272 -64.326420 -7.729753 -9.393086 -8.060864 -37.354691 -16.331358 -10.208148 7.960988 -7.759877 -7.520123 -12.952840 42.598889 7.941235 1.781358 -0.173333 -0.031605 27.061481 -7.566173 154.656296 -13.633704 24.084568 2.392716 147.551235 -23.377901 55.936543 8.476790 22.892469 -2.548395 -66.399877 11.707654 -23.012469 16.623704 -250.310000 6.130988 -46.002469 2.758148 -410.406914 -17.265185 -21.137654 -58.035556 -482.028765 -54.271605 -16.577654 
-0.927716 65.605432 10.891852 -3.886235 -235.477160 38.795926 -1.082778 -45.570556 -364.701790 -15.383395 25.752716 -197.501111 266.967469 141.092654 67.427160 -83.878025 550.107284 56.104012 21.219136 42.426358 120.384321 -76.958025 -19.598765 4.276790 11.542037 61.143457 -4.627963 -4.458025 48.917901 80.424383 -9.050741 -6.153025 -11.713210 4.396975 -19.944074 -17.317099 -96.212654 74.695185 -2.831111 -57.452284 34.911605 -56.422346 16.705802 -36.839012 174.665617 -286.970926 -54.090247 43.614938 84.099815 -200.390309 -35.395494 14.317469 54.641358 13.872099 14.722654 -6.056481 9.746049 -45.230617 -26.330370 -8.491852 17.063148 -68.645741 -17.257407 -6.390494 -3.546420 -18.929938 19.704630 -28.709630 -111.437222 78.380617 31.442963 -72.045123 55.384877 63.312037 25.125494 -15.267716 146.613272 -74.112160 -19.901790 33.021667 17.904506 -140.551605 2.956235 -12.621852 -12.209383 -94.513889 -8.072346 -1.685988 17.011975 -92.276481 14.725123 0.722222 4.127346 -43.225679 27.508765 -9.412407 -65.801173 -33.943580 29.614259 -43.124815 -12.824753 -106.798025 1.692469 -50.678704 109.231543 -163.336852 -54.728025 47.575062 59.317593 -220.077099 -53.345062 39.924568 -8.774938 -144.667593 -18.635123 1.458148 -0.636728 -210.516420 -20.451790 1.920370 1.988642 -165.289877 -27.301667 2.358951 -10.176420 -140.076173 -26.389444 -14.413148 -51.179444 -120.562593 -14.069506 -75.059444 -32.188333 -81.241420 -9.467531 -88.684444 187.394136 49.268580 16.674136 26.572654 -23.975123 -188.576728 -4.638765 -29.842099 0.659012 -103.105679 -6.886481 -34.030679 19.566852 -10.831049 -4.634938 -11.905185 7.314568 75.307160 7.391605 -3.098395 -21.110062 57.732840 22.219506 -26.373519 -38.682469 33.374691 19.863086 -57.691235 80.888333 64.789136 59.869383 -46.522778 -2.223210 -143.480370 3.518765 -30.077407 3.616481 -161.372531 -0.224012 -57.744753 87.359198 -151.533580 0.604136 -32.436173 57.208210 -115.392531 13.360309 -3.748827 11.936852 -12.466111 21.835864 -6.246605 -1.526481 10.709506 4.153519 -7.953086 -28.423333 -21.009753 -7.607099 -18.359198 
11.888735 235.019753 38.939815 -7.478858 79.779012 482.096296 80.156944 -33.318056 -275.570525 543.161265 95.459877 -144.477778 -406.738117 835.021142 151.609877 -204.177160 56.104012 1504.445525 249.752160 -30.610340 400.614198 1097.528395 132.296914 40.560802 236.178241 119.313580 -4.121759 -1.446605 58.666358 162.002932 55.832407 1.196451 40.144136 -34.684105 62.029630 -18.151698 -106.985031 -106.671296 -50.058333 -11.505401 78.490432 -208.402469 -42.464506 21.730864 137.858179 -369.786574 -77.629938 26.815432 11.622685 -369.752006 -60.855710 19.272994 68.691049 -160.721914 -14.551080 11.799537 -61.348457 -147.226235 -2.657407 -19.489815 -31.538426 -383.935648 -47.428704 -11.204321 48.854938 -195.697377 -4.897685 8.610185 -7.287500 58.162346 47.575926 -25.120525 -123.606636 74.925463 0.414043 -11.730710 44.772377 186.577623 88.860031 1.670833 186.910957 272.426235 90.703858 38.185185 32.673457 106.198611 22.625309 17.051080 8.270062 198.046759 84.526080 7.438889 -19.723920 127.766975 133.116975 -10.138426 -165.372068 -4.966049 19.744907 -65.935185 -103.171451 -105.813272 -9.733951 -19.553241 98.446142 -137.271759 -35.707716 122.234568 6.100463 -413.579475 -94.056790 98.952469 34.420679 153.968981 -5.848302 48.435185 10.675154 -197.500617 -21.414969 8.585185 -11.785494 -483.375309 -66.787500 6.552623 -9.617284 -417.315123 -47.701389 -17.600463 -64.423611 -191.546296 15.929321 -77.481944 -135.040278 -63.965895 -2.942284 -29.930556 -32.538117 212.617438 7.342438 70.365586 64.432253 203.675154 19.833025 84.713580 50.541358 144.433642 2.452315 120.087809 -8.794907 109.530401 -6.798765 58.318519 1.410802 97.437654 15.262654 6.162654 -31.547068 74.509568 18.426235 -66.827315 -107.604938 -118.150617 4.050617 -113.071914 -74.895833 -64.483951 0.907099 -59.520833 -32.380864 -192.090741 12.486420 -113.859259 65.236574 -132.057562 11.401698 -90.652006 39.477006 -189.635494 2.111883 43.718210 4.182253 -29.918673 -22.772994 18.997068 -34.100463 263.193056 -42.756327 5.752623 25.174537 345.004012 -21.886574 32.499383 149.947222 198.457716 11.389969 47.197994 
-3.350309 -30.504938 2.129630 3.108951 100.496914 74.798148 14.486111 45.658333 -59.563272 69.766975 11.753086 30.033333 -191.792901 115.431173 67.925309 -48.554321 21.219136 249.752160 171.726543 -28.915123 100.517284 193.817901 89.960494 0.904938 53.595370 -15.839506 5.084259 -2.093210 -6.095062 -39.805247 29.503704 -3.907099 31.704938 -36.507099 47.770370 3.774383 -0.808951 -58.281481 5.516667 8.566975 27.625309 -35.454938 14.309877 14.217284 7.560802 -120.684259 26.334568 -3.096914 -40.315741 -182.054012 9.310802 -5.942901 13.354321 -83.516049 -0.502160 -8.912037 -1.302469 45.247531 35.118519 -1.118519 -4.765741 -68.315741 23.020370 -2.786420 23.115432 -83.566975 2.487963 12.959259 19.175000 -31.758642 3.068519 24.942284 -39.841049 16.706481 22.744753 6.916358 -10.066358 40.527469 57.320062 -8.008333 25.449691 -18.969753 43.613272 -10.174074 -9.591975 39.369444 14.889506 -1.670062 -5.587654 -22.895370 41.041049 -0.605556 0.918827 -21.538272 68.056173 0.273148 -25.483025 -28.265432 35.545370 0.290741 1.123765 -28.732099 13.026543 26.082407 1.014506 -57.054630 7.506790 44.002469 -75.193519 -231.070062 -28.980247 15.577160 -4.691975 61.665741 20.231173 -3.018519 -6.110802 -11.056790 40.542284 -5.829630 -1.926543 -77.656173 32.197222 -1.283642 -1.723457 -92.485802 9.625000 1.437963 -11.436111 -65.770370 3.491975 20.080556 -55.808333 -29.948457 -11.190123 44.544444 -57.254012 -3.409568 -12.654012 29.392284 4.208951 -19.666358 1.438272 -6.339506 0.543827 -22.293827 -2.112037 -3.629938 -4.545370 -33.789198 -2.536420 -5.318519 3.660494 -13.863580 3.919753 -6.202469 -4.666358 -7.369753 2.146914 -15.599074 -25.337654 -30.140123 -1.370988 -7.360494 -24.425000 -8.484568 1.769753 5.575000 -8.956173 10.074074 4.472840 7.209259 13.239815 11.951543 -2.007716 23.673765 -2.684877 4.840123 -3.970679 4.547531 0.225617 32.268210 -5.245988 -22.205864 -7.000926 63.291667 -3.468210 -5.833642 -7.250926 108.330247 11.765741 -7.740123 46.450000 159.287654 40.474383 3.307099 
