5216.849722 2299.908611 78.466111 249.500185 1256.904167 316.915000 13.267037 47.863981 -194.505093 -134.684352 -21.491574 -9.091389 -214.835278 -44.846944 -32.305463 -29.855833 -758.118889 139.278056 -46.953519 -37.654537 -544.295648 200.784907 -5.369907 44.357315 -317.848889 -58.819259 10.454630 -18.667593 1473.453241 -513.397315 -64.691204 74.492315 171.534444 -252.512593 -87.780833 0.296019 -225.740093 -108.303519 -25.908889 -16.236574 -83.813148 -36.647500 -1.167778 -16.744537 -362.595926 -26.597037 -0.033704 -38.266296 -251.688796 212.865926 7.323889 3.836574 316.736481 531.419537 31.976574 105.980370 -483.373056 -25.228241 -113.058241 70.208981 -151.365833 111.338519 -70.211389 22.814444 -154.657500 35.781574 12.918889 -21.377222 -46.481296 2.715833 1.804630 -12.738796 -242.205000 -42.404630 0.759444 -14.648889 -444.574630 35.357037 3.567222 -25.323889 677.382037 222.577963 61.121574 25.488056 -758.508704 -753.834352 -70.493704 -130.888981 -307.860648 -131.742963 -53.361852 -55.502870 -80.844907 -40.298519 -11.466667 -15.669352 -14.841111 -3.984815 -8.173241 -8.454352 -165.662222 -6.261296 -3.896204 -1.760093 -487.986852 163.554167 35.683611 -17.130370 535.649074 426.500926 119.623148 -32.163889 -108.200648 -547.372407 -32.252222 -72.691389 -70.925185 -245.586111 -42.674259 -11.428148 -39.212963 -50.830185 -18.321481 0.594815 -17.798611 28.182222 -7.869259 -0.497315 -77.922315 55.361296 -8.524167 0.038519 -125.364815 202.050093 63.149722 -10.204074 57.626944 352.991574 84.430741 -33.450926 68.058333 27.123333 3.457407 3.033519 33.741296 -58.107130 0.148889 5.882315 3.227963 -8.099444 18.576204 0.058056 -26.620648 110.689352 35.208148 0.000000 -56.867593 200.431944 86.286204 0.000000 -84.466944 156.962685 48.668333 0.000000 -134.090278 105.358981 -7.089444 -2.550926 -58.005463 -102.195278 -20.552130 -2.006759 191.356389 194.569074 6.051389 2.853889 160.448796 764.147500 150.935463 30.131389 -98.177685 327.342500 54.843981 19.269537 -59.380278 -163.317593 -61.423148 -11.090278 -92.592407 -167.746759 11.259907 -9.619074 -266.575463 -216.810093 -73.580185 0.000000 
2299.908611 2674.560833 32.395000 191.960926 584.109722 183.385000 -44.900370 47.461019 -233.131019 -146.023981 -21.616759 -12.928056 -3.439722 57.688611 -14.380648 -5.885833 -165.881111 343.380278 -23.396481 3.535093 -141.279352 314.067870 -6.393981 46.539907 -241.284444 -64.708519 1.895370 -16.432407 900.643981 -107.055463 -116.983796 106.327130 349.860000 -74.826296 -94.360833 51.556759 -161.846019 -83.957593 -25.141111 -12.093981 -56.931296 -5.738611 -0.065556 -6.891574 -100.476296 34.091481 -0.177407 -1.411481 -7.419537 136.634074 2.909444 17.177315 81.913519 211.977685 7.453981 56.652963 -245.296389 -326.285648 -140.988981 27.893796 222.113056 144.072593 -46.213611 50.068889 -32.117500 61.887870 23.625556 -13.300556 -40.035370 3.664722 2.100926 -11.730648 -70.378333 -24.006481 -1.753889 -7.345556 -48.353148 35.292963 0.510556 -11.270556 232.856852 99.494259 24.608981 37.925833 -679.646852 -482.762870 -81.195185 -72.697130 -28.897685 40.176296 -15.838148 -13.088796 -18.674537 -6.595926 0.483333 -8.672315 -18.892222 -10.987407 -11.501759 -7.648426 -56.598889 -13.705370 -13.434352 -0.764907 -38.252037 59.298611 2.602500 -6.475185 197.462037 87.715741 -7.900926 8.458333 -247.663241 -443.027593 -33.275556 -40.250278 -64.869259 -94.847222 -31.964630 2.683704 -18.642593 -38.097593 -19.422963 3.071852 -14.326389 -8.432222 -33.986296 -0.449907 27.719537 43.544259 -27.189722 -0.060741 -17.146296 43.341574 -2.991389 -4.018148 153.970278 6.433426 -19.836296 -16.193519 7.308333 -21.356667 -0.935185 0.977593 3.914259 -49.917870 -12.232222 6.120463 -3.244630 -20.006111 -12.206759 0.300278 -11.132130 96.357870 12.536296 0.000000 21.756481 153.820833 13.066574 0.000000 -90.624722 36.923426 -34.562778 0.000000 65.876389 56.321574 17.022778 -1.799074 -80.663981 -245.929722 -44.722870 -0.057130 105.229722 140.169815 40.890278 4.946111 95.187315 717.244167 154.422870 16.165833 -164.813981 514.543611 108.214352 11.905463 -253.072500 130.106481 0.234259 -4.562500 -109.068704 66.743981 25.559537 -3.242037 -74.766204 38.418426 16.852407 0.000000 
78.466111 32.395000 52.843333 -8.258889 90.269444 63.507778 14.682222 4.759444 -2.208333 -2.598333 -0.612778 -0.199444 1.379444 -1.160556 0.542778 -2.522778 -13.148889 1.945000 4.530000 -4.101667 -34.645000 -19.589444 6.486111 -10.942778 -47.336667 -17.158889 1.588889 -7.100000 30.825000 -11.737222 23.630556 -10.600556 15.902222 -9.590000 6.582778 -4.528333 -4.245000 -4.836667 -1.017778 -1.086111 -1.607778 -0.239444 -0.180000 -1.270556 -2.634444 1.485556 0.173333 -0.928889 -3.690556 7.385556 0.892222 0.002778 -24.451111 14.259444 2.866111 -4.652222 25.715000 -27.502778 -2.879444 -2.233889 -4.192778 -11.287778 -0.683889 -1.021111 -7.481667 -3.318333 -2.601111 -0.815556 -3.770000 -0.396111 -0.261111 -0.757222 -1.615556 -2.166667 -0.064444 -0.347778 1.765556 -0.932222 -1.115556 -0.570000 -0.765556 18.074444 1.828333 0.209444 48.756667 -25.209444 -1.741111 -3.220556 13.986111 -0.887778 0.535556 7.429444 1.047222 3.190000 -1.361111 1.376111 -1.126667 -0.101111 -0.509444 -0.443889 -2.830000 -2.930000 -1.118333 -0.151667 -3.025556 0.325000 0.017222 -0.442222 13.483333 15.005556 -0.200000 -2.033333 27.561667 37.425556 1.240000 1.728333 11.725556 20.650000 1.364444 6.184444 3.444444 3.960000 0.036667 1.748889 -3.286111 -2.141111 -2.553333 -0.026111 -4.392778 -8.358889 -5.409444 -0.032222 -0.794444 -7.568333 -0.989444 -0.182222 19.437222 -1.709444 0.196667 0.694444 -1.066667 8.774444 0.472222 0.757778 0.028889 5.783889 0.058889 0.662778 -1.664444 -3.060000 -2.360556 0.021667 -9.483889 -6.869444 -6.618889 0.000000 -2.883333 -12.508333 -2.296111 0.000000 8.021667 -8.495000 0.286667 0.000000 16.036111 2.443889 6.160000 0.238889 -5.935000 -10.079444 -0.489444 0.355000 2.140556 -14.010000 -8.336111 0.263333 2.871667 -20.993889 -12.221667 2.040556 -18.512778 1.751667 -1.152778 1.137222 -9.510556 12.527778 4.872222 -0.319444 20.202222 18.847222 6.988333 -0.078889 8.747222 13.898333 6.204444 0.000000 
249.500185 191.960926 -8.258889 66.218395 -1.478704 -11.437778 -5.826173 16.431420 -35.407716 -17.073395 -2.022284 -1.696481 3.638333 15.855370 -1.987099 3.063148 20.653333 67.364630 -1.890247 25.764136 -2.417716 40.282284 1.557716 18.734012 -61.191481 -34.624198 1.746914 -17.047531 95.927469 -28.585123 -15.887346 26.344012 16.334444 -4.187901 -9.229444 12.428580 -22.132531 -8.190247 -2.588519 -1.155247 -5.200494 -2.577593 -0.021481 -1.796235 1.560247 0.920247 0.270617 0.314568 15.201790 27.176420 2.430370 10.140432 -26.429877 57.385123 1.121173 14.603827 -7.871667 -49.238580 -9.927840 1.912531 27.108704 12.924321 -6.066481 8.575556 -5.367222 4.108580 0.981852 -1.037407 -3.727284 0.541296 0.226543 -0.951914 -4.531852 -2.808025 -0.426667 -1.471111 0.994198 14.810123 -1.081852 -1.002593 3.411975 42.685062 0.909691 7.735741 -38.192346 -79.895617 -3.646790 -4.999938 1.179321 -4.980617 -2.051358 0.579691 -0.160802 0.513827 -0.325926 -0.629691 -1.846667 -1.113827 -1.262284 -0.597099 -13.158519 4.420494 -0.065494 -0.006235 -2.323580 34.008333 6.397963 0.673951 2.313580 51.658642 7.703086 -1.029630 13.196728 -42.235062 1.618148 -2.590926 1.046420 -23.688889 0.814321 -2.418272 -4.283951 -6.033580 -2.580123 -0.633580 -4.349074 -1.143704 -0.968642 -0.035123 3.407469 10.066543 10.643889 0.187284 -0.117901 26.179568 11.022407 0.521235 -19.349444 28.646358 4.012840 -0.612346 12.246296 25.275185 2.256173 1.173951 2.190988 -3.871173 1.956296 -0.112284 -3.590864 -2.594815 4.349198 -0.072037 -6.202901 6.488580 17.722346 0.000000 5.346914 17.808333 19.155494 0.000000 -17.423889 2.235988 1.926667 0.000000 -25.613889 -4.657840 -0.795926 -0.217901 6.266605 13.441296 -2.913395 0.300802 -1.911667 18.194691 9.523148 0.677037 2.191543 37.227593 26.467099 8.060556 -14.196358 37.634630 39.694753 6.859198 -36.037222 -16.623457 19.024691 -0.375000 -29.192099 -24.928086 -0.501049 -0.913210 -25.866358 -11.045123 -7.203951 0.000000 
1256.904167 584.109722 90.269444 -1.478704 1200.376389 530.175000 80.737037 20.555093 330.039352 73.763426 12.493981 5.493056 -91.731944 -71.445833 -11.297685 -21.979167 -416.238889 -171.476389 -8.954630 -85.318981 -277.313426 -100.349537 3.907870 -91.750463 -43.577778 12.935185 -0.900926 -6.817593 -66.835648 -276.710648 28.403241 -54.697685 463.133333 -24.387037 33.440278 -20.182870 160.597685 0.584259 5.977778 -1.408796 -23.767593 -15.804167 -0.588889 -7.207870 -110.764815 -28.475926 -0.220370 -25.129630 -140.742130 70.837037 1.886111 -22.596759 136.984259 112.455093 12.042130 12.753704 -514.593056 95.216204 4.855093 -40.664352 153.937500 129.790741 13.898611 -17.066667 87.901389 51.522685 7.161111 -2.586111 -10.887963 -0.243056 -0.123148 -3.381019 -43.941667 -18.710185 2.930556 -7.500000 -172.999074 -14.335185 3.930556 -19.686111 219.300926 81.132407 43.717130 4.634722 -310.534259 -92.219907 -3.209259 -82.324537 -4.132870 72.648148 -7.101852 -22.199537 7.488426 3.759259 -2.955556 -2.944907 4.094444 5.618519 1.257870 -2.364352 13.750000 18.506481 16.928241 -1.035648 -222.365741 57.020833 30.245833 -11.220370 108.454630 192.817593 63.445370 -26.219444 -27.827315 -62.243519 -9.233333 -20.090278 6.603704 -11.836111 -13.989815 6.857407 1.959259 5.212037 5.174074 4.287037 23.068056 51.166667 35.229630 -0.149537 15.819907 92.743519 42.290278 -0.187037 -138.603704 107.757870 51.370833 -5.051852 -125.293056 129.256019 33.957407 -19.628704 13.425000 19.427778 1.040741 1.199074 23.221296 65.027315 12.577778 2.274537 42.987963 112.375000 47.077315 0.218056 47.344907 181.656019 66.198148 0.000000 -59.245370 119.976389 38.177315 0.000000 -93.129167 35.972685 -3.786111 0.000000 -188.173611 -32.442130 -6.013889 -1.162037 120.174537 469.756944 33.007870 2.192130 163.865278 429.976852 38.756944 0.480556 174.186574 452.854167 49.447685 7.923611 -41.003241 38.901389 -84.161574 3.532870 -120.245833 -178.367593 -144.550926 -5.195833 -71.204630 -154.313426 -42.441204 -3.776852 -101.931019 -149.630093 -39.393519 0.000000 
316.915000 183.385000 63.507778 -11.437778 530.175000 546.934444 62.430000 40.395000 242.813889 92.055000 6.817222 10.668333 -12.550556 -27.320556 -4.727222 -6.240556 -181.052222 -42.387222 7.601111 -43.199444 -116.179444 33.626111 23.225000 -52.300556 11.334444 139.795556 4.122222 44.727778 -215.363889 -132.550556 34.719444 -53.929444 251.856667 58.263333 45.031667 -5.218333 168.381667 34.178889 9.396667 2.741667 2.471111 -4.485000 -0.912222 -2.400556 2.080000 -14.310000 0.808889 -13.403333 -16.543889 17.951111 12.376667 -25.191667 16.524444 -15.132778 19.203889 -27.040000 -297.116111 23.091667 15.861667 -41.673889 132.527222 58.536667 18.226111 -11.224444 94.577222 39.311667 3.546667 2.881111 -1.026667 0.583889 -0.400000 -0.632778 57.047778 7.277778 5.473333 -2.793333 6.652222 33.836667 10.953333 -17.376667 -54.974444 105.234444 44.096111 -40.793889 -98.813333 24.555000 -1.351111 -42.245000 74.813889 76.064444 6.090000 3.177222 31.586111 20.042222 1.555556 4.683889 13.181111 13.280000 4.366111 -0.548333 101.893333 64.971111 31.845000 0.778333 -57.354444 123.502778 49.523889 -4.182222 -188.594444 233.211111 63.505556 -20.800000 29.468333 82.832222 -0.513333 6.101667 32.254444 73.144444 10.293333 19.258889 27.716667 45.852222 23.743333 8.424444 37.602778 73.921111 56.895556 -0.006111 83.038333 105.134444 63.455000 0.447778 -60.344444 76.506111 37.548333 1.364444 -220.866111 2.710556 -17.687778 -7.833333 7.577778 56.784444 5.066667 7.595556 20.447778 86.123889 24.304444 4.360556 42.567778 114.620000 70.673889 0.581667 45.537222 116.608333 75.482222 0.000000 6.272222 16.969444 -0.693889 0.000000 -84.068333 -108.918333 -51.495556 0.000000 -115.786111 -131.685000 -32.897778 -0.616667 99.911667 349.950556 45.715000 3.220556 125.199444 310.220000 66.658333 0.051111 105.031667 217.090556 46.240556 6.371667 -71.488333 -29.850556 -85.513889 1.589444 -97.303889 -116.866667 -130.066667 -4.119444 -48.254444 -75.447222 -41.262778 -2.181111 -16.702778 -43.310556 -13.147778 0.000000 
13.267037 -44.900370 14.682222 -5.826173 80.737037 62.430000 19.043951 4.303580 39.688272 17.105062 2.635062 1.601481 0.487778 -2.328148 -0.766790 2.054074 -31.010000 -26.326296 0.349136 -3.695802 -24.348395 -26.065062 3.233951 -12.785679 -19.338519 -3.194691 0.730864 -3.096914 -35.802469 -18.177654 13.945679 -10.104568 23.107778 8.066790 15.880000 -3.944691 15.616420 7.010247 2.695185 -0.291975 -0.019506 -0.860741 -0.109630 -0.449877 -8.298025 -0.483580 0.133827 0.153210 -10.311235 15.288025 1.410741 0.751235 -7.402346 12.622099 1.840494 -2.796049 -19.537778 15.780247 9.673951 -6.523086 2.700741 0.913457 4.717037 -3.754444 -0.328889 0.798642 -0.041852 -0.774815 -1.558272 -0.361852 -0.087654 -0.318642 -6.047037 -0.480864 0.268889 -0.297778 -10.820864 7.716543 0.341852 -0.194074 4.659136 31.262716 5.395309 1.171481 24.241235 10.682840 4.121235 -3.707284 2.167901 -0.220494 0.660247 -0.020247 -1.953086 -2.320494 -0.351852 -0.324198 -0.982222 0.281605 0.077284 -0.186790 -0.755926 3.609506 2.006049 -0.119877 -13.728642 16.866667 5.968148 -0.392840 -4.819136 36.980247 10.819136 -2.470370 19.008272 25.015062 1.552963 2.701481 4.872469 3.961111 1.510123 1.867160 0.722840 1.345802 1.793457 0.679136 -1.181481 4.457037 4.338642 -0.010988 0.979753 8.242346 6.265556 0.044938 -9.815432 10.733210 6.550370 0.183210 -15.448889 12.318642 1.690494 -0.754321 0.709259 7.328148 0.671605 0.823827 1.374568 7.087284 2.573704 0.021728 2.416420 7.099259 4.933580 -0.032963 0.331235 6.541975 5.057654 0.000000 -4.063580 -4.411111 2.962840 0.000000 -2.853333 -7.879877 0.225556 0.000000 -14.538889 -13.319383 -2.402963 -0.043210 11.846173 38.460370 3.341728 0.849753 7.765556 23.981975 -0.142593 -0.523704 6.853457 -10.094815 -5.834321 0.087778 -0.801975 -28.958519 -13.330864 -0.146420 2.592222 -17.720988 -5.702469 -0.494444 1.967654 -11.780247 -0.226173 -0.285679 -3.453086 -9.403210 -2.889383 0.000000 
47.863981 47.461019 4.759444 16.431420 20.555093 40.395000 4.303580 18.446265 0.637809 -0.317253 -0.250031 1.296204 10.216389 4.361019 0.156451 1.567685 13.398889 30.521204 1.721543 4.115401 -6.444969 27.274475 2.448302 6.444784 -25.359630 3.165679 0.892901 -0.734877 0.172068 -13.220340 0.653549 1.949784 28.531111 5.417160 1.496389 5.861512 4.947623 -1.422901 -0.285926 -0.210957 2.269198 0.050093 -0.132963 0.271327 13.735679 2.271235 0.263086 1.301728 3.795340 9.790988 2.440185 1.770216 -17.345494 8.814784 1.871698 2.499136 0.586389 -14.508179 0.205525 -3.179846 31.332130 -4.296173 -0.102685 0.743333 6.538611 -2.115154 -0.934074 -0.024259 -0.835864 0.256759 -0.081173 -0.295401 10.614630 1.423765 -0.082778 0.486667 9.135988 11.043951 -0.463148 0.154259 -21.788457 22.981420 1.082623 -0.609907 12.578827 -7.756142 -0.242840 -1.458302 21.456327 4.895802 2.407654 1.142623 4.825154 0.418025 0.048148 0.307377 0.037778 -0.379136 -0.583920 -0.251327 6.865185 4.301914 0.042253 0.374660 6.354877 22.912500 4.171204 0.889753 -20.584877 30.634877 3.595988 -0.278704 18.490031 14.518580 1.461852 2.657315 9.967654 7.469444 2.365494 2.068642 1.969136 0.958210 -0.092840 0.372099 -0.632870 -1.988519 -1.595432 -0.014784 14.300957 3.783272 1.421944 0.146420 2.810494 8.956451 4.458426 0.832840 -16.374722 3.125957 2.378642 0.024383 4.678704 20.329259 1.430864 1.603642 0.939938 6.231080 0.589259 0.582747 -1.098210 0.438704 -0.867068 0.088981 -0.590340 -0.708488 5.508395 0.000000 9.104012 5.601389 8.061080 0.000000 -10.750833 -8.440340 -1.067222 0.000000 -9.654167 0.501636 1.818704 -0.081173 3.636080 0.967870 -2.253920 0.380957 -1.358611 10.086235 0.617130 0.441296 -1.109784 28.427685 13.016883 2.794167 -12.623179 26.858981 24.775154 1.312932 -17.057500 -2.892284 8.209568 -0.531944 -9.176605 -4.700154 -0.344969 -0.384383 -8.594290 -3.514228 -2.915864 0.000000 
-194.505093 -233.131019 -2.208333 -35.407716 330.039352 242.813889 39.688272 0.637809 455.549228 170.020216 24.406327 10.744907 82.723611 66.246759 3.527623 18.352315 -123.561111 -100.513426 1.228086 -19.212809 -74.697994 -160.628549 0.253549 -67.980710 5.885185 16.996914 -1.116975 6.399691 -339.929475 -129.680401 2.377932 -33.622377 128.122222 60.232099 41.690278 -10.398920 269.159414 49.544753 20.242593 8.123920 21.925617 8.208796 1.268519 5.289043 42.846914 0.908025 0.167284 5.006790 -28.400154 11.364198 1.823148 -7.138735 -19.745988 -44.658488 3.735340 -13.133951 -303.443056 146.410031 27.456327 -22.653858 48.946759 99.287654 22.744907 -11.438889 140.612500 40.339969 5.029630 9.700926 18.696605 0.481019 -0.226235 3.051698 65.134259 9.794753 3.841667 0.527778 -25.549691 9.606790 5.889815 -4.600926 -78.471914 17.275617 20.201080 -21.768981 -199.659568 85.386883 10.115432 -34.503549 -31.430401 51.099383 -5.035802 -12.648920 23.654475 9.021605 -1.603704 0.882253 23.866667 10.633951 8.653549 1.527623 96.209259 39.052160 28.160340 0.033488 -54.355247 42.598611 20.381019 -1.721605 -173.600309 101.539198 39.011420 -9.254630 -48.917438 -59.975617 -2.329630 -16.760648 -13.513580 -21.597222 -3.776235 -7.049383 5.182716 11.072531 8.426543 -0.480247 56.643981 47.935185 51.508025 0.014043 54.498302 80.912654 63.773611 -0.010494 -73.029012 71.733179 34.911574 -0.648765 -223.837500 46.628858 -11.293827 -2.942901 3.460185 6.579630 1.372840 -0.018827 14.045988 47.534105 11.768519 -0.635340 41.610802 90.221296 46.654475 0.075463 93.158488 133.384414 74.784568 0.000000 -21.061420 57.487500 29.445216 0.000000 -86.023611 -41.947068 -24.869444 0.000000 -170.673611 -119.202006 -46.700926 -0.415123 99.953549 361.986574 39.781327 -1.162809 88.120833 291.727469 40.571759 -2.704630 138.322377 176.085648 44.861265 -4.681944 64.023920 -97.618981 -76.967747 -3.145525 -90.356944 -192.754012 -147.350309 -0.801389 -66.001543 -145.173920 -67.270216 -0.279321 -46.081636 -93.505401 -25.525617 0.000000 
-134.684352 -146.023981 -2.598333 -17.073395 73.763426 92.055000 17.105062 -0.317253 170.020216 110.964784 13.869784 8.316759 33.344722 31.992685 1.759599 9.558241 -36.115556 -60.791574 -0.081420 -12.083302 -12.513673 -72.599784 0.810340 -28.345401 -19.849630 6.621975 -0.510802 -2.933025 -197.373302 -46.667932 4.241512 -13.761512 35.730000 54.605679 31.636944 -3.873858 110.784475 56.724136 14.428519 6.539969 17.166605 7.679537 0.534815 3.762623 22.979753 -1.011358 -0.005062 1.958765 8.226265 1.821358 -0.397593 -1.652932 -25.099568 -23.870957 -0.713673 -9.046049 -149.775278 82.176080 18.180895 -9.341142 -1.011759 46.124568 17.321204 -2.204444 58.439167 22.391698 5.491481 7.133519 14.466728 1.061759 0.437346 3.768858 21.344630 5.649691 1.532778 1.346667 24.320802 -5.083457 1.716852 -0.652407 -55.315864 -10.473395 3.088364 -8.177130 -83.478210 28.370340 5.732346 -13.367006 -17.961265 4.646173 0.876914 -2.993858 11.848302 11.573951 1.753704 4.832747 9.073333 7.414938 4.687006 2.595154 36.271852 12.851173 10.110216 -0.229599 2.568580 17.204167 9.480648 0.362716 -92.471914 25.983025 15.527469 -2.734259 -13.026451 -13.271049 -1.319259 -4.211019 -3.899753 0.741667 2.135123 -1.016173 4.122840 12.326358 6.454568 0.818025 16.153241 19.534815 20.555309 0.170957 23.731142 34.267346 29.461389 -0.071728 -18.570988 23.976265 17.176759 -0.039012 -95.375278 9.578364 -9.320617 -1.051543 -0.121296 6.867037 0.538272 0.882160 3.032901 19.710895 7.523704 -0.435216 13.163642 32.718704 20.934969 -0.020463 32.252068 39.423920 30.757654 0.000000 -0.849691 10.476389 14.847562 0.000000 -27.432500 -29.481265 -11.777222 0.000000 -68.612500 -45.209660 -17.727963 -0.179321 32.794784 125.133981 22.368117 -0.148858 15.969722 89.712531 22.947685 -1.265370 41.860401 10.920463 8.755957 -1.849722 35.813302 -70.262685 -38.579475 -1.228364 -13.303611 -75.140432 -55.038580 -0.406944 -9.107346 -55.584414 -24.124784 -0.166235 -17.271142 -41.324043 -11.042160 0.000000 
-21.491574 -21.616759 -0.612778 -2.022284 12.493981 6.817222 2.635062 -0.250031 24.406327 13.869784 2.842562 0.418426 2.810833 1.066574 0.226821 -0.165648 -4.195556 -12.139907 -0.330309 -2.654969 -5.065340 -10.979228 0.079784 -4.645957 -5.326296 -2.160247 -0.027469 -1.955247 -26.848302 -7.151821 0.855401 -2.063179 5.431111 7.741235 5.390833 -0.864414 14.766142 5.975247 2.225185 0.620525 1.465494 0.150093 0.172593 0.095401 1.376420 -0.804691 -0.007284 -0.489012 -0.250957 1.439136 -0.076481 -0.489043 -4.036235 -1.537068 -0.187562 0.041728 -16.058056 13.139969 3.603673 -2.026142 0.054352 4.211235 2.475093 -1.156667 6.477500 0.770031 0.343704 0.692407 1.790062 0.067870 -0.001543 0.302747 1.559074 -0.150309 0.000556 -0.096667 0.173025 -1.457901 -0.124259 -0.279074 -4.868086 -1.561173 -0.248858 -0.359907 -5.713765 8.614228 1.597901 -2.106451 -2.414043 -1.472716 -0.077531 -0.988858 0.767747 -0.483827 -0.046296 0.094414 1.504444 0.050494 0.414228 0.146821 4.476296 0.427840 0.910772 -0.034599 -1.530309 0.995833 0.265648 -0.202840 -8.610802 2.521914 1.549691 -0.845370 -0.174784 -0.394383 0.100741 -0.448241 -0.273086 -0.875000 -0.015988 -0.390617 -0.066049 -0.165864 -0.035432 -0.051975 2.739352 -0.005185 1.506420 -0.001821 4.775031 1.879568 2.338611 -0.007284 -1.715432 2.276821 0.825093 -0.080123 -10.324722 2.272253 -0.980617 -0.345988 -0.160185 0.084815 -0.061728 0.027716 -0.008210 0.323673 -0.227407 -0.074660 1.198086 0.166481 -0.230031 -0.005463 7.128179 2.976698 1.845432 0.000000 1.694753 1.973611 1.498117 0.000000 -1.723056 -2.621821 -1.506111 0.000000 -8.065278 -5.950216 -2.159074 -0.018210 0.328673 1.184537 -0.300216 -0.078302 -0.019722 -0.639691 -1.393981 -0.142037 9.108735 -2.633426 0.079846 -0.178056 10.436080 -6.557685 -3.271142 -0.116698 -0.513056 -9.001543 -6.083025 -0.081944 -1.461790 -7.203858 -2.470895 -0.047346 -2.746142 -5.267932 -1.462160 0.000000 
-9.091389 -12.928056 -0.199444 -1.696481 5.493056 10.668333 1.601481 1.296204 10.744907 8.316759 0.418426 2.327500 1.943611 1.305278 0.076759 2.064167 -5.081111 -8.708611 -0.166852 -0.438981 2.741019 -9.333981 -0.325463 -1.702685 5.943333 1.228519 -0.123148 0.887963 -17.185648 -2.973981 0.203241 -0.804352 3.087778 2.494074 1.522500 -0.056204 9.957685 5.572037 1.286667 0.807870 2.889074 0.950278 0.023333 0.784352 1.921852 -0.193704 -0.007037 1.112593 -1.617685 -0.980741 -0.073889 0.647685 1.176481 -3.948241 -0.181204 -0.600741 -12.818611 4.382870 1.096204 -0.626574 2.479722 1.220741 0.930833 -0.197778 7.815833 1.591574 0.636667 0.766111 1.810926 0.220278 0.093519 0.548981 1.577222 0.662037 0.057222 0.482222 1.509815 -1.371852 0.021667 0.301667 -2.619074 -1.785370 -0.765093 -0.740833 -4.487593 1.477870 0.258519 -0.776759 1.711574 0.661481 0.613704 -0.323981 3.060648 1.811481 0.444444 0.835093 0.657778 0.677407 0.327870 0.403426 2.378889 -0.642407 -0.280648 -0.033426 0.555370 0.087500 -0.147500 0.245185 -2.862037 -2.165741 -0.432407 0.280556 0.257130 1.774259 -0.297778 0.138611 0.921481 2.847222 0.544630 0.059630 0.781481 1.498704 0.491852 0.107037 -0.037500 -0.243333 0.017407 0.031574 -0.087870 0.447963 1.171389 -0.007037 -1.231481 0.215648 2.080833 0.039259 -3.524167 0.720463 1.022963 -0.023148 0.030556 1.776667 -0.070370 0.231296 0.290185 1.906204 0.245556 -0.072130 -0.135370 1.771667 1.089537 -0.005278 -0.695093 1.939352 2.010370 0.000000 -0.817593 0.037500 2.690648 0.000000 -2.296944 -0.350648 1.465000 0.000000 -3.973611 2.328981 0.628333 -0.017593 2.798981 8.759167 1.562315 -0.075648 2.290833 16.290185 1.818056 -0.092778 -2.908981 4.538611 0.509907 0.032500 -2.167685 -5.178611 -2.206019 -0.042685 1.677500 -2.800926 -1.539815 -0.079167 2.105370 -1.907870 -1.003426 -0.045741 0.024537 -3.311204 -1.045741 0.000000 
-214.835278 -3.439722 1.379444 3.638333 -91.731944 -12.550556 0.487778 10.216389 82.723611 33.344722 2.810833 1.943611 570.847500 386.360278 24.841389 101.298056 362.740000 572.785278 16.171667 259.027500 -334.304722 -139.446389 -6.704167 67.436389 -794.686667 -489.386667 -3.058333 -133.369444 -80.856944 29.872500 8.481944 16.731389 1.146667 16.987778 11.123056 22.075833 46.939722 2.093889 0.065556 2.495833 79.233889 51.023056 0.525556 25.314167 242.254444 179.552222 1.078889 113.426667 -71.380833 189.802222 0.756111 105.804167 -540.715000 172.655278 -3.971389 13.414444 -43.361389 -4.790278 10.649722 12.336944 34.950278 -5.643333 15.320278 7.795556 46.686389 -13.519722 -2.401111 3.687222 12.532778 3.755278 -0.686111 0.741389 158.309444 63.152778 -0.206111 21.624444 22.646111 135.651111 -1.846111 53.566111 -362.979444 163.716111 -14.650833 62.583056 -2.962778 -51.083056 5.764444 5.830833 -0.404167 21.240000 16.485556 12.289167 14.298611 -4.693333 -0.038889 -0.433611 4.251111 -2.167778 -0.955278 -0.584167 73.703333 23.945000 -0.908611 5.983056 70.527222 23.279167 -9.464722 16.802222 -163.841667 -7.313889 -39.202778 46.175000 8.093611 -36.005000 5.623333 4.326944 -5.124444 -19.380556 3.289444 6.790000 5.466667 9.012778 1.142222 1.726667 11.843056 -13.002222 -7.314444 -0.055278 45.836389 -21.472778 -15.924722 0.890000 2.977778 -70.225278 -38.118611 3.645556 72.655278 -92.416389 -42.747778 20.952778 13.625000 -9.858889 0.955556 2.560556 3.309444 -16.742500 -4.680000 5.444722 -5.650556 -28.368333 -14.798056 1.000833 25.492500 -73.854167 -44.085556 0.000000 41.480556 -99.648611 -72.466944 0.000000 -3.540833 -97.279722 -46.238333 0.000000 193.384722 -29.635278 -2.153889 1.291667 -56.075278 -121.972500 -6.996389 -3.332500 -59.166389 -137.012778 -26.145833 -5.867222 -85.160278 -153.000833 -12.325833 -2.674722 -26.614167 -14.619167 -20.462500 1.221944 16.099167 136.869444 1.813889 3.812500 51.799444 169.631944 45.756389 2.512778 150.962500 153.355278 43.929444 0.000000 
-44.846944 57.688611 -1.160556 15.855370 -71.445833 -27.320556 -2.328148 4.361019 66.246759 31.992685 1.066574 1.305278 386.360278 416.527500 16.747130 100.703056 158.896667 490.252500 9.909074 189.490648 -207.557130 -91.037685 -2.299537 29.751019 -539.017778 -330.408519 -0.882407 -98.787963 -25.561574 52.594537 -2.978241 24.577130 -30.528889 23.095926 0.700278 13.295648 16.909537 4.459074 -1.074444 0.722685 47.540926 43.478056 0.473333 18.447315 168.173704 131.930370 1.078148 79.077407 -27.747315 160.922963 2.337222 78.855093 -373.897593 120.344352 -0.707130 -4.630370 -60.874167 -18.657870 -4.272315 10.371574 3.929722 17.861481 4.097500 5.052222 18.532500 -8.751019 -2.441111 0.321667 5.964630 1.592500 -0.349074 0.424907 88.182778 44.171296 -0.231667 14.148889 23.107963 119.742963 -0.295000 38.335000 -244.582037 170.033148 -3.946574 45.348056 -105.419074 -56.451759 -2.439630 -3.980463 -37.097685 18.748519 6.322963 9.200093 0.897685 -0.873704 -0.283333 -0.622315 0.491111 -1.459630 -0.757315 -0.237315 26.323333 14.222407 -1.089907 3.051759 53.214630 44.120833 -3.280833 12.308148 -114.304630 40.632407 -10.739815 46.369444 -47.379907 -66.533148 -0.814444 -7.822500 -22.591481 -18.563889 0.918704 -2.560741 -0.387037 -0.347593 -1.278519 -0.244815 2.529167 -8.965556 -6.186296 -0.016574 22.163981 -6.300185 -6.711944 0.339259 2.625926 -19.247315 -16.074722 3.948519 50.142500 -21.333241 -21.208519 16.750926 1.541667 -9.356667 0.614815 1.349815 -1.896852 -19.234537 -2.626667 0.642685 -6.577963 -26.200556 -6.284537 0.150278 9.273426 -33.919907 -19.013704 0.000000 23.089815 -45.412500 -38.522315 0.000000 8.191944 -53.204352 -31.151667 0.000000 127.043056 -15.789537 -14.399444 0.434259 -38.575093 -66.085278 -0.833981 -2.146019 -36.114722 -34.974630 -0.781944 -3.892778 -53.384907 -31.544722 19.206204 -3.711944 -6.719537 34.554722 -21.068981 -0.516759 0.799722 95.817593 -20.921296 4.120833 40.847963 116.493981 13.920648 2.707963 95.506019 85.318426 16.357963 0.000000 
-32.305463 -14.380648 0.542778 -1.987099 -11.297685 -4.727222 -0.766790 0.156451 3.527623 1.759599 0.226821 0.076759 24.841389 16.747130 8.561080 1.553796 21.848889 16.873981 5.767840 3.910772 -5.721821 -18.996821 -0.441512 -1.872809 -38.870741 -27.069506 -0.192284 -6.292284 -11.777006 9.497253 1.215586 0.804414 -8.557778 2.504198 -0.667500 2.190216 5.920772 0.273395 0.102963 0.677006 9.811790 4.030648 0.411481 1.333364 23.594938 7.763827 0.344568 4.631358 -3.350031 3.181728 -0.115370 2.126698 -32.988086 0.274969 -0.282932 -3.449012 -1.699722 -1.036883 -0.789846 1.969228 -3.387315 -0.486914 -0.105463 1.643333 6.546944 -0.853117 0.293704 1.220185 1.299321 0.115093 -0.027469 0.098117 15.020185 5.792284 -0.005000 2.247778 0.704506 6.401358 -0.268704 4.432037 -27.703272 6.796235 -1.260895 1.992870 -7.656358 0.098488 -0.083580 1.853735 -1.698302 6.358765 1.726173 2.699105 2.429784 1.464321 0.437037 0.217562 0.571111 -0.019877 0.198488 0.042191 7.292963 1.542654 0.304290 0.542253 6.295617 1.537500 -1.253796 1.810123 -17.936728 0.803395 -3.996605 4.382407 -7.247932 -3.629568 0.050741 0.321204 -2.358272 0.075000 0.702531 -0.088765 -0.590123 0.732284 -0.061358 -0.153827 1.025463 -0.738519 0.202716 -0.002747 1.418549 -3.196358 -1.069722 -0.010988 -0.396914 -5.005586 -3.461019 0.890247 5.483611 -7.684228 -5.528765 3.144753 -0.499074 -2.526296 -0.087654 -0.159321 -0.256358 -2.092068 -0.371852 -0.112623 -0.450062 -2.655741 -1.473549 -0.008241 1.382809 -5.163117 -3.434198 0.000000 -2.136728 -8.656944 -5.200957 0.000000 2.457500 -9.661636 -4.328333 0.000000 20.409722 -11.143735 -2.492407 0.016975 -2.281512 -5.679352 -0.282623 -0.118117 -3.478056 -13.804506 -3.002315 -0.214259 -4.286636 -20.530648 -4.137747 -0.469722 -2.429660 -18.360463 -2.953549 -0.326883 -5.743611 4.039198 -5.486728 2.009722 3.975247 22.078549 1.339290 1.528580 21.815895 19.347809 10.247099 0.000000 
-29.855833 -5.885833 -2.522778 3.063148 -21.979167 -6.240556 2.054074 1.567685 18.352315 9.558241 -0.165648 2.064167 101.298056 100.703056 1.553796 50.527500 43.347778 78.894722 0.644630 75.363981 -72.004907 -60.513241 -0.088426 4.961019 -163.432222 -108.078519 0.250926 -29.254630 -3.089352 7.426759 0.110648 10.101574 -6.982222 1.972593 5.713611 3.236759 0.378426 -0.055370 -0.520000 0.278241 8.949815 8.274722 -0.117778 9.401759 51.222593 38.121481 0.173704 37.337407 -16.173981 53.514074 1.390556 33.588426 -132.054259 36.678796 0.650648 -2.699259 6.849167 -15.202315 3.962130 4.840463 3.411944 -7.048519 2.921944 2.264444 -0.429722 -3.566574 -0.747778 0.261667 1.066852 -0.034167 -0.049074 0.331574 23.789444 14.476852 -0.062778 6.290000 5.545741 44.177407 -0.321667 17.409444 -88.653148 69.957593 -1.198796 20.182500 12.948704 -28.286204 2.208148 3.862870 -1.386574 -10.378148 2.452963 1.898981 -1.113426 -2.828148 0.000000 0.006574 -0.457778 0.000370 -0.030648 0.227130 4.187778 3.242407 -0.422130 0.375093 8.211296 14.815278 -0.527500 4.854815 -20.854630 17.237963 -6.700926 13.986111 3.540093 -9.390926 1.236667 1.641944 -0.482593 -8.069444 0.755370 0.312593 0.746296 -0.193148 0.113704 0.148519 -0.720833 -2.890000 -1.956296 0.021204 -0.214907 -6.164630 -1.957500 0.079259 -3.279630 -4.029537 -2.178056 0.788519 18.488056 2.498981 -1.695185 3.695370 -0.302778 -1.932222 0.292593 0.896481 -0.490185 -2.814537 -0.473333 0.813796 -2.192407 -4.643889 -0.753426 0.163611 -4.457685 -12.619907 -5.538148 0.000000 1.928704 -19.006944 -8.526759 0.000000 6.121944 -5.607685 -0.409444 0.000000 14.381944 12.779352 5.677222 -0.032407 -11.190648 -16.967500 1.079352 -0.521574 -9.510278 -14.567963 -0.348611 -0.946111 -22.682685 -49.574722 -5.468241 -0.151944 -11.307315 -35.668611 -5.680093 0.578796 18.686389 9.773148 21.934259 -0.245833 15.466852 13.599537 9.995093 -0.215370 4.956019 6.641759 1.284630 0.000000 
-758.118889 -165.881111 -13.148889 20.653333 -416.238889 -181.052222 -31.010000 13.398889 -123.561111 -36.115556 -4.195556 -5.081111 362.740000 158.896667 21.848889 43.347778 1293.537778 802.157778 28.992222 281.632222 -48.285556 337.508889 -4.327778 213.984444 -1188.641111 -595.052222 -12.783333 -175.916667 -96.266667 -16.137778 -18.327778 38.792222 2.925556 -19.348889 -1.618889 29.031111 -4.168889 -2.524444 -1.876667 9.272222 71.380000 25.614444 2.091111 11.801111 518.156667 164.320000 1.004444 95.634444 236.671111 146.081111 -2.414444 125.433333 -967.171111 47.554444 -16.252222 6.113333 68.476667 -124.483333 -7.301111 7.792222 90.206667 -111.284444 0.058889 17.187778 42.928889 -31.790000 -3.076667 14.237778 25.658889 3.182222 0.488889 5.243333 306.987778 64.222222 -0.074444 18.242222 384.390000 111.476667 -9.828889 58.664444 -911.240000 80.420000 -37.647778 115.976667 129.315556 -35.854444 12.585556 29.706667 92.461111 16.382222 19.153333 32.745556 45.694444 23.587778 1.405556 11.598889 14.398889 1.767778 3.762222 3.191111 186.585556 21.757778 1.787778 3.515556 304.797778 -37.650000 -28.708889 24.103333 -426.122222 -189.511111 -109.427778 64.305556 50.807778 94.096667 18.093333 24.946667 23.741111 56.172222 16.774444 11.410000 11.122222 18.273333 -2.486667 1.051111 20.844444 -33.920000 -8.724444 0.151111 138.640000 -64.441111 -23.465556 0.926667 87.861111 -163.562222 -80.913333 4.976667 43.521111 -227.360000 -95.107778 27.566667 -1.500000 21.986667 3.261111 3.936667 -10.195556 -16.358889 -2.931111 2.778889 -20.735556 -56.084444 -29.181111 0.303333 18.836667 -129.883333 -43.264444 0.000000 93.577778 -128.627778 -85.067778 0.000000 -6.746667 -127.091111 -71.553333 0.000000 196.722222 60.736667 19.267778 3.500000 -65.517778 -137.806667 -2.068889 -0.880000 -149.876667 -285.184444 -20.322222 -1.918889 -132.941111 -274.525556 -11.464444 5.262222 -74.234444 -42.198889 124.888889 5.060000 -47.847778 99.544444 135.788889 -0.127778 12.947778 190.594444 54.447778 -0.721111 108.850000 178.221111 36.762222 0.000000 
139.278056 343.380278 1.945000 67.364630 -171.476389 -42.387222 -26.326296 30.521204 -100.513426 -60.791574 -12.139907 -8.708611 572.785278 490.252500 16.873981 78.894722 802.157778 1621.616389 29.322037 389.941574 -442.467315 683.024352 1.271759 317.316759 -1233.334444 -512.821481 -9.373148 -114.045370 41.678241 5.634352 -24.382870 33.853981 -7.356667 -4.822593 -31.463611 39.513241 -50.350648 -33.300185 -16.585556 -4.044907 32.672407 37.936389 -1.043333 9.381574 370.194074 207.039630 1.492963 92.262593 154.146204 226.908148 4.231667 126.072685 -754.106852 196.971204 -4.772870 57.943704 -98.693611 -115.775463 -37.501019 12.009537 92.315833 -43.568148 -14.316389 8.952222 15.257500 -26.111204 -9.724444 -2.672778 -9.544630 0.806389 -0.923148 -2.820463 222.177222 57.078704 0.385000 10.654444 305.004259 129.622593 -3.711667 38.829444 -647.985741 113.625741 -8.462315 85.334167 -133.370926 -70.191574 -9.663704 21.848241 17.258796 86.611481 19.185926 48.323241 44.507870 25.183704 2.222222 4.798981 -3.470000 -1.455926 -3.747130 -2.132685 112.145556 37.452037 -2.705648 3.724907 283.549815 38.495833 -9.189167 14.856296 -337.012037 -72.143519 -63.232407 52.475000 -38.078981 -44.175741 9.907778 9.019167 -19.956296 55.886111 19.500185 21.054074 24.298148 30.776481 4.964074 4.423704 -2.873611 -0.632222 -9.799259 -0.082315 113.014907 -15.513148 -37.575833 0.709630 85.868519 -131.053796 -78.621944 6.928148 102.828611 -195.976759 -87.738148 21.521296 29.152778 5.410000 4.512963 4.836852 14.495741 -22.191019 0.912222 5.136204 -10.240926 -34.033889 -8.518796 0.553056 -16.670093 -104.868981 -55.145185 0.000000 69.171296 -132.187500 -124.567685 0.000000 2.428056 -193.931204 -104.768333 0.000000 354.656944 -32.557130 -2.393889 1.832407 -58.620463 -61.004722 6.087315 -3.961759 -109.973056 -60.093148 29.070833 -5.831667 -190.856204 -39.814167 36.434907 4.857500 -142.242685 90.507500 6.507870 8.304537 -44.386389 200.299074 23.176852 4.295833 52.422037 319.389352 72.349352 1.093148 252.843981 287.291574 43.459815 0.000000 
-46.953519 -23.396481 4.530000 -1.890247 -8.954630 7.601111 0.349136 1.721543 1.228086 -0.081420 -0.330309 -0.166852 16.171667 9.909074 5.767840 0.644630 28.992222 29.322037 11.810988 3.174012 -11.093025 3.840309 5.244136 -0.149938 -32.611852 -15.058765 -0.082099 -1.459877 -30.945988 7.126605 2.063272 -0.117716 -3.798889 4.812716 0.142778 3.327346 4.705123 -0.050123 -0.423704 0.384877 6.413086 2.352037 0.108148 0.765494 29.870123 6.969012 0.228642 4.358395 0.323395 0.066543 0.617407 1.091049 -31.980494 -5.159938 0.873642 -4.020864 -10.771667 -3.637346 -0.391420 -0.169568 5.417963 -1.380617 -0.509074 1.697778 9.232778 -0.131543 -0.038519 0.855185 -0.363086 -0.040185 -0.067284 -0.195123 20.066296 7.343210 0.401111 2.223333 9.217654 8.326173 0.521852 3.749259 -39.003457 8.804198 1.769568 -0.140185 3.052716 -0.292531 0.998272 1.830309 9.857716 10.400247 2.749877 4.267346 7.223765 5.611358 0.581481 0.943765 -0.068889 0.521975 0.324136 -0.114383 12.300741 7.368025 1.859198 0.427716 9.633210 9.875000 1.722037 1.737531 -34.759877 7.998765 -0.540123 3.729630 0.232531 11.868025 1.866296 1.888704 0.653210 11.088889 2.926049 2.350864 0.708025 5.489877 2.026049 0.584321 0.871296 3.997037 3.646790 -0.006728 6.106235 3.278272 2.055000 0.006420 0.577160 -3.276605 -1.847963 0.842840 -13.155000 -8.932654 -4.518025 3.366049 -0.090741 3.349259 0.403086 0.109753 1.574938 2.504136 1.613704 -0.086975 0.969012 3.084815 3.672654 -0.020185 0.669938 -1.034877 0.605062 0.000000 0.862346 -7.569444 -4.141420 0.000000 0.670556 -12.041173 -5.395556 0.000000 6.152778 -12.938086 -3.577407 0.154938 4.586358 20.015370 3.406358 -0.289321 1.355000 -10.367654 1.260185 -0.524815 -0.796728 -22.429815 -3.121173 -0.300556 -3.206235 -23.057963 -0.631790 -0.134012 -6.053889 -5.395062 -4.320988 1.663889 -3.187160 10.442901 -2.665247 1.008395 15.957099 12.266605 4.154691 0.000000 
-37.654537 3.535093 -4.101667 25.764136 -85.318981 -43.199444 -3.695802 4.115401 -19.212809 -12.083302 -2.654969 -0.438981 259.027500 189.490648 3.910772 75.363981 281.632222 389.941574 3.174012 255.635154 -200.673364 -15.148364 -4.195525 122.599105 -582.361481 -334.297901 -2.809568 -78.315123 51.541821 -29.269105 -2.389660 26.526327 -27.596667 -19.398272 4.424167 10.353488 -17.949290 -12.381543 -3.967407 -1.119599 12.701914 11.281574 -0.318148 12.339228 122.388765 83.707654 0.290247 74.861605 12.671883 132.365679 0.580926 94.532562 -384.368951 141.424660 -3.212253 31.260864 26.486389 -38.855710 2.672809 19.911512 10.228426 -28.639383 4.228796 11.015556 -8.972500 -9.584290 -1.647037 -0.600185 -1.540802 0.349352 -0.191049 -0.504043 60.610926 23.059568 -0.527222 8.608889 59.327346 69.520494 -3.839074 32.274630 -232.802654 112.719691 -15.069846 58.860463 26.196728 -78.088858 0.358395 17.335525 4.740895 -9.092469 6.510123 18.817932 4.022068 0.196420 0.257407 1.959846 -0.928889 -0.801975 -1.366636 -0.380340 11.683704 4.819198 -1.769475 1.503673 42.918457 6.656944 -2.786204 8.539136 -47.831790 -11.384877 -29.051543 23.434259 24.272747 -20.269691 3.252593 10.827685 4.847901 -4.291667 3.277840 10.612469 9.675309 10.455123 2.097284 2.846790 -1.964352 -5.940370 -1.620123 -0.007994 -6.618179 -22.843272 6.821944 0.284691 -7.966049 -33.272562 -7.643426 1.287160 49.825278 -18.343179 -14.399753 7.742284 5.326852 -2.539259 0.585802 3.153025 1.407840 -3.090525 -0.212593 4.822253 -7.822901 -11.935370 9.079846 0.692685 -18.500216 -42.716512 5.534938 0.000000 -22.370679 -71.326389 -17.832747 0.000000 3.543611 -51.300216 -11.545000 0.000000 83.245833 -0.786636 15.450185 0.475617 -32.068858 -33.995093 3.485586 -1.921512 -46.169722 -26.427346 17.468981 -2.840185 -81.858549 -182.948241 15.551451 4.205278 -63.148488 -131.081759 -13.705710 6.826512 1.314722 26.047840 48.351543 0.201389 29.627716 68.958488 44.637747 -0.585617 64.619290 73.092562 25.140309 0.000000 
