53.238858 41.415309 3.136605 1.675463 127.368025 115.298580 6.221914 31.522778 -37.023765 37.867901 -0.183920 26.571265 -123.970988 -18.126358 0.321574 -22.199475 -33.335062 33.317407 9.653364 -12.614846 15.827191 58.907593 3.347099 -0.918488 2.616975 5.085432 -5.160617 -3.084259 15.225401 14.134105 -1.890093 1.350216 33.858117 6.267747 0.406636 14.728611 9.979259 -9.892469 -9.281420 28.509938 -38.933704 12.569167 -2.484043 1.640432 -4.639537 8.230463 12.050401 -8.713611 8.665864 -8.609475 -3.408642 -0.833241 -20.943426 -65.969198 -9.224537 -2.908086 -10.789167 -20.748889 1.187068 0.648272 4.593765 -18.505154 4.177315 0.462654 6.958117 -41.679691 -6.257809 10.638889 -4.481821 -23.688210 -9.034414 9.858827 5.317963 1.989938 2.976265 7.904352 -19.411852 -24.966080 -5.943395 -0.023302 -17.822840 -61.742901 -6.615154 -5.337191 -3.533426 -1.218426 2.939599 -0.977253 -1.726049 -2.645093 1.342932 -0.236728 -1.284012 -7.922623 -3.154290 3.982160 4.508981 1.260154 -2.192006 13.002315 -4.517222 16.137469 0.276636 10.096265 -11.761451 14.502315 2.209753 -0.651358 -1.311265 -34.883117 0.481852 -14.855309 -6.693549 -14.033951 -1.696667 -5.807377 -3.411512 -8.899105 -1.117932 -4.712130 -0.867685 -1.947377 -0.357840 -1.426235 2.251852 1.717932 -0.422099 1.057932 9.743580 12.442315 1.325710 4.877593 -1.517284 12.894259 2.807222 -3.282593 -11.535679 -12.079321 1.112006 -2.877870 11.025679 54.931574 0.138457 -0.631204 -11.086759 6.211914 -1.561049 -19.025031 -4.308642 1.919815 -0.409290 -17.141759 2.218951 8.644198 0.455586 -4.718611 8.833086 18.919506 2.754877 -1.701481 2.380031 8.855154 2.314444 -0.792716 2.512099 13.508488 5.899537 -0.826605 17.603858 62.402685 3.013580 7.986481 4.492377 69.320432 0.399012 -7.272438 -7.175494 49.817500 -0.640833 -25.685309 -0.941975 16.899259 1.419568 -23.352037 5.296173 -5.091914 9.194969 -14.748302 7.835525 10.167191 5.766698 -2.940895 14.020957 25.675556 3.062654 4.662253 
41.415309 195.984691 13.682840 0.909259 59.348642 202.520864 19.064198 13.874444 -22.990123 118.332099 10.885309 13.069012 -108.217901 72.251358 3.665926 -10.743580 -41.031605 190.821481 6.331358 -15.825432 7.724198 192.211852 -4.399877 -1.302346 10.941358 51.575679 -5.044938 0.225926 40.312099 188.711728 7.597037 5.009506 9.540494 71.714198 7.580864 9.286667 -49.095926 29.303580 -16.260247 21.437284 -45.405185 12.532222 -5.720123 31.090123 18.599259 16.195926 -4.454568 14.778889 -6.435309 -36.422469 -23.535802 2.520741 -44.538519 -120.311358 -22.118519 -4.966914 -25.312222 -159.745556 -15.507901 -1.242716 -7.368765 -147.882346 -24.753704 -2.026543 -10.487284 -147.317531 -30.643580 6.544444 -10.227901 -68.853457 -16.764198 17.160617 6.534815 20.057284 -10.999877 35.691481 -0.243704 -5.185309 -17.609383 22.274691 -4.399383 -84.759877 -14.011235 -3.247531 -15.365185 -122.105185 -9.807654 -3.082469 -2.146173 -78.878519 -11.949877 -0.571605 -1.596543 -59.117654 -9.966543 -0.929383 -12.471481 -38.942099 -4.159383 -13.053704 -30.041111 16.937531 7.510864 -24.608765 25.496173 65.057407 16.229136 -13.348642 32.743210 -49.868272 -1.292963 -27.055802 10.756049 63.872840 -2.520000 10.003210 -3.373210 30.250494 -1.494568 12.838519 -0.905926 15.509877 -0.444938 3.545679 -2.540741 3.100123 -0.950123 -2.206543 -11.026914 16.734074 9.003457 -12.641481 -9.721605 19.219630 14.484444 -21.845185 -15.969877 -48.195679 -0.877284 -17.737407 8.952099 56.894815 -0.263457 -2.567407 -6.489630 79.240864 -1.052840 1.154198 5.875309 79.721852 -0.403210 5.718148 2.322716 63.133580 -0.015309 14.086667 4.700247 53.252716 -0.152099 4.362593 4.754691 16.899012 -0.992222 1.598272 -1.828765 -8.465432 -0.142593 -1.992840 -10.941358 -19.154074 0.297531 -21.155926 -5.007654 -36.406543 -0.421235 -45.876173 7.839383 -55.030000 -0.691111 -53.053580 22.364198 -55.088148 0.088765 -23.495185 24.392716 -25.305309 1.139753 2.169136 19.479753 47.484198 -3.793086 12.739506 38.744321 124.013333 -12.004321 31.511358 
3.136605 13.682840 1.275432 0.050926 5.789383 15.761605 1.732716 1.430000 -2.519753 8.752469 0.767716 1.762531 -10.586420 4.688395 0.279815 -0.827840 -2.950123 12.777037 1.182284 -1.209691 2.501049 12.650741 0.746420 0.081914 0.539506 -1.461358 -0.391235 0.448148 2.251914 12.451543 1.694259 0.188210 0.495123 3.357716 1.263272 0.806111 -3.623704 1.651728 -0.830617 2.324321 -3.560741 0.429444 -0.102531 2.408642 -0.059074 1.004259 0.368580 0.826111 -0.320494 -3.495617 -1.517284 0.173519 -3.824630 -11.042840 -1.671296 -0.431728 -1.626111 -11.040000 -0.284753 -0.072346 -0.589136 -9.786975 -0.845370 -0.174691 -0.654877 -9.641605 -1.811173 0.633333 -0.199198 -4.866420 -1.218827 1.875432 -0.392963 2.099877 -0.495247 2.394259 -0.610370 -1.139938 -1.255679 0.892284 -0.506790 -7.174691 -1.165864 -0.413272 -1.029074 -7.274630 -0.569691 -0.172284 -0.172099 -5.136852 -0.656358 0.059877 -0.128025 -4.074136 -0.639691 -0.009012 -0.940926 -2.287469 -0.275123 -0.773148 -2.402222 2.089383 0.893272 -2.043025 0.552654 3.032407 1.499506 -2.128272 1.544136 -5.517346 0.101481 -2.326173 0.977346 5.665432 -0.153333 1.987469 -0.301914 3.266235 -0.104753 2.163519 -0.097593 1.733025 -0.035679 0.608642 -0.229630 0.382531 -0.079753 -0.168580 -0.897284 1.397963 0.746975 -1.024815 -1.156790 1.058519 1.290000 -1.706296 -1.640247 -4.308642 0.110679 -1.201296 -0.216420 3.269815 -0.054198 -0.581296 -0.920185 6.392716 -0.184321 0.792160 0.260494 6.877407 -0.043025 1.943148 0.146790 5.915062 -0.019938 1.756111 0.248395 5.049012 -0.044691 0.479259 0.427840 2.231420 0.024444 0.172346 0.234198 1.783642 0.637963 -0.113210 -1.097840 -0.556852 -0.028395 -1.717037 -1.397469 -4.088025 -0.095309 -4.093765 -0.119877 -7.193889 -0.066111 -3.246173 1.482716 -7.549259 -0.174198 -0.700741 1.044568 -4.962716 -0.311173 0.231173 1.356605 1.122160 0.552284 1.068210 4.195247 10.802222 0.136420 2.528951 
1.675463 0.909259 0.050926 0.220833 3.857407 3.410185 0.354630 1.936111 -2.610185 0.209259 0.056019 0.806019 -3.262963 -0.771296 0.256944 -1.343981 -0.318519 2.150000 0.691204 -0.502315 1.439352 2.480556 0.599074 -0.031019 0.795370 -0.670370 -0.129630 -0.058333 0.843981 -0.264352 -0.106944 0.343981 0.819907 2.275463 0.286574 1.034722 0.038889 2.298148 -0.089815 1.723148 -1.483333 1.681944 0.496759 -0.073148 -0.365278 0.762500 0.674537 -0.293056 -0.054630 -0.349537 -0.237037 -0.026389 -1.268056 -3.912037 -0.440278 -0.084259 -0.598611 -3.294444 -0.131019 -0.012963 -0.034259 -1.197685 0.459722 0.026852 -0.046759 -1.765741 -0.385648 0.327778 0.318981 -1.137963 -0.386574 1.095370 0.558333 -1.187963 0.164352 0.737500 -0.966667 -2.278241 -0.310185 -0.358796 -0.979630 -3.167593 -0.375463 -0.378241 -0.240278 -2.037500 -0.030093 -0.060648 -0.075926 -1.393056 -0.157870 -0.032407 -0.056481 -1.213426 -0.266204 0.028704 0.440278 -0.532870 -0.083796 0.345833 0.741667 0.004630 0.514352 1.358796 -0.114352 -0.926389 0.398148 -0.235185 -0.967130 -2.283796 -0.100000 -1.114815 -0.516204 0.887037 0.172222 0.502315 -0.196759 -0.193981 -0.011574 -0.004167 -0.020833 -0.036574 -0.015741 -0.073148 0.155556 -0.060648 -0.012963 0.017130 0.779630 0.551389 0.461574 0.263889 0.120370 -0.330556 0.375000 0.000000 -0.820370 -0.415741 -0.077315 -0.284722 -0.501852 1.523611 0.617593 0.654167 -0.584722 0.399074 -0.034259 -0.193981 -0.203704 0.313889 -0.018981 -0.415278 0.154630 0.570370 0.057870 -0.084722 0.548148 1.107407 0.232407 -0.016667 0.213426 0.631019 0.122222 -0.042593 0.074074 0.458796 0.176389 -0.006481 0.256019 0.923611 0.251852 -0.058333 -0.427315 1.349074 0.037037 0.017130 -0.523148 1.951389 -0.029167 -1.487037 0.140741 1.661111 0.295370 -1.591667 0.690741 0.050926 0.983796 -0.417130 0.392130 -0.143981 0.174537 -0.017130 0.999537 2.655556 0.004630 0.380093 
127.368025 59.348642 5.789383 3.857407 1257.962469 568.884691 26.602469 226.386667 475.540123 487.984568 -3.135309 376.269877 -1314.743210 -253.618025 1.461852 -145.689753 -503.323951 17.089630 115.757531 -144.419012 88.031358 195.610370 44.266543 -5.419877 -115.852469 -225.970123 -43.210617 8.479630 68.776790 207.293827 5.825185 3.740494 273.231728 128.385802 29.674691 78.396667 356.851481 -96.286914 -43.745309 227.518272 -365.717037 109.028889 -35.702099 38.682099 -207.249259 174.709630 134.776790 -102.323333 -17.659136 -101.594198 7.063580 -21.081852 -126.805926 -537.588642 -77.348148 -25.799753 45.840000 99.023333 18.085679 -2.273951 40.635432 0.015679 42.448148 14.776543 75.015062 -258.471358 -52.078642 76.016667 -5.944321 -189.813210 -88.146914 191.122716 -125.173704 54.253827 24.760988 98.641852 -200.889630 -217.920247 -21.473951 -47.852469 -162.611728 -434.156790 -55.794321 -56.996914 6.248519 -4.972593 -15.470123 -14.556420 -7.609383 -36.727037 -10.200123 7.349383 -1.392346 -49.560123 -38.650123 28.746049 5.649259 56.247654 -26.290617 154.464815 -121.514444 191.245802 -17.966420 231.758765 -170.940617 114.781481 -12.045802 69.048642 -89.720988 -109.509506 -9.301481 -63.849753 -8.117160 108.210494 -6.096667 13.169012 2.884321 -6.956049 -7.844321 12.061481 -4.955185 9.340123 -2.288395 -1.567901 -0.709259 23.216543 -5.260988 10.995432 12.426914 54.615926 -16.475679 46.908148 -49.200617 102.235926 -6.428889 44.245185 -66.135679 157.784568 -0.061605 23.837407 19.881235 360.049630 3.352346 53.567407 -67.515926 95.831358 -1.852716 23.640247 -45.880864 100.328148 -2.746790 -8.057037 2.643951 110.449753 0.831975 20.257778 24.394198 88.547284 6.968765 12.815185 -10.565802 20.873210 7.231111 1.379506 -7.510123 89.015432 31.131481 7.515062 -13.997531 168.870741 12.652469 22.805926 -72.886790 198.873210 4.849012 -36.979383 -46.578272 98.791111 -5.225556 -118.485309 -9.686420 75.127037 -13.327654 -67.271481 -86.692716 306.294198 1.649136 -6.458025 -1.624198 554.576914 55.254198 35.049383 259.655679 651.931111 117.420988 33.994198 
115.298580 202.520864 15.761605 3.410185 568.884691 561.634691 36.091358 118.520000 104.462346 419.245679 13.700802 174.350432 -652.582099 4.154198 8.847963 -83.570309 -227.723951 262.578519 67.960309 -79.210679 93.811914 361.221481 40.827654 -2.367099 35.908642 65.090988 -12.749506 3.262963 78.512901 281.796605 14.633519 9.204383 130.206728 189.566358 28.933025 39.593889 86.968148 47.313086 -28.506420 106.840494 -219.761481 65.459444 -20.843765 43.026543 -45.007593 72.240185 53.429568 -26.909444 10.063086 -129.702531 -25.025309 -7.267963 -128.642037 -435.488642 -68.600926 -17.971975 -25.918333 -146.115556 -10.617099 -3.829506 16.618765 -146.725988 -8.082407 0.959877 17.456728 -270.410247 -61.098086 27.800000 -18.308210 -167.563210 -61.616358 91.167160 -15.845926 4.342716 -11.375123 100.794630 -75.850741 -141.361914 -38.662840 17.155864 -99.683951 -318.523457 -46.763765 -28.283025 -28.159815 -248.303148 -23.900679 -11.153642 -6.698272 -148.168704 -25.902901 3.271605 -4.564568 -118.140679 -32.419568 5.101605 -28.992407 -38.044012 -16.276728 19.878704 -88.720000 95.623580 2.303025 38.711543 -48.498951 133.023148 11.526420 20.970864 -13.134877 -25.917840 -5.062593 -30.894198 26.307840 183.427160 -1.691111 38.782901 7.598210 27.424506 -5.447099 23.375370 -2.885741 18.926235 -1.905062 4.759877 -9.481481 7.197099 -3.449877 -3.240679 -30.461975 12.552037 0.199321 -21.775185 -43.983951 17.124815 8.198889 -23.499259 -43.763457 29.112346 -0.508827 6.895741 48.970123 301.513519 4.580123 43.881296 -12.285370 136.064691 -1.808272 18.215247 -14.036420 112.044815 -1.332901 7.867963 1.338395 100.460864 -0.048580 23.932778 4.299753 78.158395 0.435432 8.726296 -4.618580 27.931543 0.653333 -1.070494 -0.393457 32.140432 14.456481 -3.223827 -16.078086 49.284630 3.396914 -21.088519 -8.795123 28.939877 1.671235 -68.871049 10.488395 -23.795000 -2.906111 -91.890864 20.924691 -42.700741 -4.160988 -51.088148 -9.059383 66.988642 3.396358 -13.783025 26.956358 269.713025 23.112531 9.363272 163.130679 423.558889 30.415432 33.724753 
6.221914 19.064198 1.732716 0.354630 26.602469 36.091358 6.819136 8.455556 0.634568 24.823457 5.333025 11.634877 -42.432099 3.414198 1.087963 -5.344753 -16.811728 24.212963 4.644753 -5.015123 3.866358 29.242593 3.243210 0.170679 0.886420 6.598765 -1.083951 1.040741 5.609568 29.485494 3.615741 1.174383 5.381173 21.471914 5.388580 3.013889 1.220370 9.258642 0.035802 8.627160 -14.459259 5.158333 -0.245988 6.187654 -5.628704 3.643519 3.831790 0.297222 -3.480247 -8.355864 -2.708642 0.767593 -13.984259 -32.803086 -7.095370 -1.003086 -3.280556 -21.833333 -1.162654 -0.050617 -0.051235 -21.429321 -1.282407 -0.640123 -0.407716 -29.280247 -6.139198 4.844444 -0.534877 -15.998765 -4.371914 10.016049 -2.142593 6.049383 1.073765 7.249074 -6.546296 -7.605247 -1.833951 0.616975 -6.322840 -23.795679 -3.857099 -2.360802 -3.123148 -32.295370 -3.159568 -1.016975 -0.504938 -18.106481 -3.492901 -0.133951 -0.379012 -13.598457 -3.109568 1.677160 -2.610185 -5.209568 -1.364506 5.245370 -6.166667 5.741358 2.544136 3.601543 -2.831173 0.389815 3.703086 -4.258025 -3.695988 -14.842284 0.046296 -6.708642 0.464506 18.693827 -0.500000 7.492901 -1.231790 6.636728 -0.423765 5.789815 -0.376852 2.648457 -0.178395 1.526543 -0.948148 0.273765 -0.398765 0.540432 -2.914198 3.884259 1.268210 0.442593 -2.683951 -2.535185 2.094444 -2.814815 -5.584568 -7.487654 -0.291049 -2.367593 -2.215432 21.726852 0.362346 4.315741 -3.900926 17.291358 -0.121605 6.477469 -1.064198 13.964815 -0.131790 6.854630 -0.149383 13.764198 -0.099691 4.663889 -0.396914 11.428395 0.304321 1.257407 0.028086 7.245988 1.394444 0.067284 2.276543 10.651543 4.273148 -0.177160 -3.866975 0.932407 0.141358 -5.096296 -2.770679 -11.762346 0.073457 -9.946605 2.700617 -17.830556 -0.180556 -6.475309 2.296914 -18.585185 -0.370988 -0.803704 -0.743827 -11.880247 1.288580 2.122531 0.577469 10.744136 4.500309 2.196605 11.126235 24.144444 3.882099 3.372531 
31.522778 13.874444 1.430000 1.936111 226.386667 118.520000 8.455556 77.412222 17.594444 52.950000 0.971667 96.161667 -252.605556 -65.758889 7.361667 -33.909444 -72.318889 13.714444 42.239444 -25.632778 37.638333 55.780000 24.991111 -1.050556 -23.311111 -75.843333 -9.936667 2.166667 4.937222 12.541667 0.999444 0.823889 44.353889 11.080556 10.052778 25.257222 55.784444 -15.352222 -3.351111 63.287778 -63.571111 31.016111 9.518333 8.516667 -31.155000 18.112778 47.203889 -20.649444 -0.074444 -40.746111 6.488889 -4.307222 -40.540556 -145.293333 -20.219444 -4.898889 1.482778 25.141111 4.938333 -1.546667 3.201111 -0.085000 21.075000 0.172222 11.953889 -53.593333 2.218333 14.461111 0.633889 -40.695556 -12.447222 50.885556 -16.256667 -3.618889 10.749444 33.788333 -47.708889 -65.293889 -5.513333 -10.969444 -39.188889 -116.933333 -13.293889 -13.347222 -3.376111 15.070556 -2.207222 -3.687222 -2.386667 0.828333 1.071667 0.422222 -1.437778 -17.798333 -4.028333 5.071111 0.321667 -3.255000 -3.660556 33.686111 -23.306667 33.786667 4.326111 62.983889 -36.293889 17.669444 6.057778 21.480000 -28.491667 -18.453889 0.982222 -7.215556 -7.793889 8.327778 0.412222 4.432778 -1.226111 -1.977222 -1.543889 3.835000 -0.453889 1.669444 -0.225556 -0.127778 -0.505556 12.605000 0.420000 1.135000 0.232222 19.427222 3.298333 9.570000 -11.905556 12.420000 4.247778 10.608889 -18.146667 43.577778 1.511667 9.601667 -3.601111 76.031667 3.030000 18.589444 -14.632778 12.618889 -1.228889 9.906111 -9.277778 14.821111 -0.243889 -1.315000 0.686667 25.004444 0.538333 1.879444 4.648889 24.971111 1.495556 0.376667 -0.912778 11.351667 1.667778 -0.908889 0.521111 19.830556 6.552778 0.578889 -3.313889 38.062778 2.305556 9.482222 -20.801667 35.237778 0.701111 1.853889 -17.802222 19.885000 -0.765000 -10.758889 -2.694444 9.552222 -1.291111 -14.691111 -14.081111 8.004444 2.540556 -1.580556 -11.911667 71.573889 10.410556 7.269444 44.506111 145.845556 19.738889 13.957222 
-37.023765 -22.990123 -2.519753 -2.610185 475.540123 104.462346 0.634568 17.594444 2008.311728 562.539506 12.665123 356.891049 -381.688272 -170.951235 -28.987963 71.898457 -1090.191975 -339.446296 -14.726235 -209.447840 -184.368210 -166.253704 -51.633951 -17.796605 -233.395679 -305.733951 -65.858642 -6.157407 34.420062 324.955247 22.595370 -0.033642 55.778086 212.576235 24.048457 -4.013889 687.301852 -118.990123 21.367901 129.519136 28.464815 -50.075000 -112.085494 166.988272 -447.026852 407.828704 39.686728 -100.802778 -127.479012 214.326235 45.140123 -60.706481 -38.860185 -93.076543 -78.287963 -19.026543 122.713889 555.516667 55.914506 22.374691 -5.639506 270.386728 23.249074 5.121605 126.622531 -151.529012 -47.418210 45.666667 191.092284 -297.193827 -124.926235 214.146914 -22.962963 163.102469 26.429938 67.212037 -248.125926 -36.148457 14.252469 -123.731790 -210.603086 -249.856173 -69.357716 -108.387346 17.567593 96.506481 -0.214506 3.998457 -4.446914 -17.476852 -42.492284 0.835802 21.016049 -66.703395 -78.697840 18.480247 123.232407 53.563272 -37.866975 191.899074 83.677778 238.817901 -8.145988 336.018827 -165.233642 17.526852 -24.634568 48.770988 -297.446605 -484.783642 -55.935185 -161.104321 -5.816358 6.696914 -16.588889 -25.424383 10.007716 -27.260802 -8.674383 -24.362037 2.404630 6.370062 -0.680864 -9.217284 23.103704 54.196605 11.972840 21.996605 88.856790 120.487963 5.846605 93.146296 7.713580 93.107407 -5.866667 82.281481 -124.145062 -274.899383 -36.055247 -30.910185 41.645062 47.834259 -18.749383 57.306481 -26.537963 60.273457 2.564198 6.676235 6.284568 90.479630 2.268827 -12.371296 10.491975 51.954321 -0.454012 2.680556 10.148765 3.958642 10.149383 -0.012963 1.240432 -10.775617 16.188889 -4.374691 5.816049 48.568827 33.810185 3.580864 -9.801543 58.362037 -6.337654 36.196296 -30.186728 160.238272 -4.066049 -20.483025 67.580864 157.708333 -9.986111 -149.643210 15.390123 186.929630 -16.499383 -35.646296 -86.185802 312.326543 17.092901 15.379321 11.631790 490.187346 87.262654 5.877469 193.936728 712.666667 131.566049 7.768210 
37.867901 118.332099 8.752469 0.209259 487.984568 419.245679 24.823457 52.950000 562.539506 761.995062 16.767901 187.260494 -693.838272 232.793210 -3.585185 -16.648765 -442.369753 271.020370 57.226543 -104.678395 92.379012 448.262963 53.338272 -8.993827 209.054321 446.977160 38.508025 14.037037 73.995062 338.219136 26.859259 6.874691 100.525309 263.640123 56.284568 8.350000 187.962963 93.854321 16.612346 64.680247 -249.529630 2.694444 -54.671605 65.332716 -122.012963 44.881481 20.339506 -17.950000 2.287654 -160.893210 -20.704321 -20.059259 -111.257407 -409.487654 -66.968519 -33.109877 31.694444 35.133333 0.522840 -6.064198 19.766049 -64.866049 7.085185 -6.995062 21.475309 -299.806790 -59.532099 9.638889 -12.960494 -246.916049 -90.467901 80.724691 -13.368519 -31.558642 -39.461728 114.948148 -23.859259 -171.129012 -45.219753 30.704321 -115.591975 -320.045062 -65.893827 -29.156790 -12.568519 -274.151852 -30.178395 -14.609877 -0.052469 -172.968519 -40.095062 0.880247 -1.295062 -140.178395 -48.050617 -1.136420 -48.875926 -46.795062 -23.941975 -3.720370 -110.072222 108.201235 -0.704321 -3.972840 -59.303086 184.424074 5.515432 14.293210 -1.921605 61.330247 -17.168519 -22.337654 36.553086 184.880247 -3.005556 34.422840 12.032716 44.897531 -6.310494 26.296296 -2.698148 27.128395 -2.658642 5.616049 -13.546296 10.221605 -1.627160 -6.017284 -49.209877 -18.698148 -5.456173 -53.681481 -58.369753 -38.242593 -9.350000 -59.968519 -24.045062 -85.743827 -17.791358 -25.174074 70.033951 350.670370 -2.171605 47.631481 -19.518519 202.879012 -9.113580 47.523457 -10.548765 169.062963 -3.345062 34.970370 1.325309 134.109877 -1.051235 41.333333 -4.829012 64.936420 -1.867284 16.598148 -9.051235 6.810494 -0.111111 -3.091358 4.499383 29.716049 11.407407 1.736420 -26.526543 29.109259 -1.887654 -36.959259 -4.989506 -4.756173 -1.516049 -107.658025 47.264198 -54.116667 -7.744444 -141.815432 21.701235 -56.848148 -9.882716 -23.918519 -50.813580 177.454321 -4.509877 43.754321 11.234568 480.767901 44.126543 16.241358 218.783951 552.366667 68.710494 34.804321 
-0.183920 10.885309 0.767716 0.056019 -3.135309 13.700802 5.333025 0.971667 12.665123 16.767901 14.038858 4.492932 -9.887654 12.238086 5.243241 -3.978920 -11.055062 23.297407 2.686142 -4.032068 -1.005586 32.560926 4.344877 -0.240154 14.600309 36.984321 0.737160 0.760185 6.299290 27.081327 4.221574 0.770772 -0.240216 35.642747 7.098302 0.060278 2.550370 20.015309 5.958580 0.788827 -9.979259 -1.835833 -1.502377 4.407099 -3.051204 -0.521204 0.813179 -0.136389 -4.565247 -1.330031 0.113580 -0.087130 -10.997315 -16.136975 -4.410648 -1.770309 -0.616389 -9.434444 1.304290 0.128272 -0.362901 -18.353488 -1.103241 -1.192901 -2.584660 -34.086358 -5.748364 4.005556 1.400957 -26.764877 -5.942747 7.717716 10.091296 -2.368951 2.076821 5.849352 -1.447407 -6.172191 -0.080062 0.385031 -10.511728 -25.209568 -3.665710 -3.456636 -5.129537 -36.672315 -2.247623 -0.873364 -0.589383 -25.206759 -4.767623 -0.447840 -0.490679 -18.146512 -3.959290 1.688827 -0.496019 -7.773735 -1.737006 5.105093 -0.882778 2.873025 1.844969 2.834599 -3.084228 -0.500463 1.163086 -2.281358 -6.125154 -11.457006 -0.944815 -5.717531 -0.194105 13.971605 -1.358889 6.148735 -1.590957 8.578117 -0.262932 6.691759 -0.552685 2.599846 -0.110062 3.357099 -0.848148 0.218488 -0.575432 1.356265 -3.110864 2.337315 0.149599 2.140926 -1.083951 -4.847963 -0.868333 -0.735926 -4.089012 -2.779321 -0.699660 -0.890648 -1.462099 10.311019 -0.724877 2.246019 -3.970648 16.493025 1.284506 9.946636 -1.164198 12.943148 0.301265 11.884352 -0.312160 14.084198 0.039475 6.835278 -0.038025 9.620617 0.270432 3.727407 1.181698 6.970154 1.057778 1.038395 4.068765 9.266821 2.985648 -0.033272 -5.721142 -13.915648 0.174691 -8.356852 -2.450401 -21.350679 0.320123 -10.592994 6.876728 -24.961944 -0.020278 -5.170864 4.352469 -22.330741 -0.200432 3.394630 3.216173 -15.879691 0.804414 4.293364 -2.908364 11.404414 3.300586 0.178549 12.714846 17.185556 6.412654 0.949475 
26.571265 13.069012 1.762531 0.806019 376.269877 174.350432 11.634877 96.161667 356.891049 187.260494 4.492932 293.553673 -489.722840 -171.350432 6.902130 50.849599 -325.553580 -92.782593 60.459846 -75.265772 4.492932 0.029815 21.265617 -4.289784 -152.251543 -250.801605 -41.856914 0.093519 2.665216 30.801698 2.940463 2.601142 53.546080 -8.205401 12.589043 25.053611 162.273704 -85.116543 -7.624012 117.008086 -64.144815 -21.311389 -7.238673 95.931173 -134.803426 74.416574 75.562438 -26.738611 -50.602654 -9.749290 21.287654 -16.197130 -72.457315 -217.895123 -48.993981 -9.111790 6.435833 67.028889 14.937994 5.935309 2.417840 14.401327 36.863426 3.314506 34.707191 -87.737099 11.507932 19.900000 9.202438 -98.628951 -30.305710 109.284753 -51.982037 15.810309 19.853117 102.840463 -101.400741 -54.604043 0.210309 -8.911265 -82.763580 -178.485494 -33.103117 -29.441821 -2.719537 79.845463 6.849784 -2.639290 -2.785309 41.024352 5.408673 1.994753 1.140062 -3.751327 -5.505216 7.952531 -16.021574 5.825895 -8.263302 70.943981 -61.400556 43.722654 -4.696512 169.250895 -74.066080 22.543981 -2.047654 96.535679 -83.815895 -41.154414 -0.073704 -5.192346 -11.066698 40.391975 -1.780000 22.499105 -4.917994 1.061080 -3.017006 15.879537 -1.714907 3.225772 0.168086 0.992284 -7.931481 23.972562 1.459383 2.851451 -14.621235 17.500648 1.680340 24.094259 -18.852469 16.172037 7.840556 45.722963 -34.906049 43.896605 5.599969 23.780463 -28.487284 67.101019 -3.057840 60.032685 -35.022870 41.880432 -5.131420 70.918488 -17.123457 50.080926 -0.637994 26.411019 -0.134753 50.836790 0.523179 8.567500 -0.852099 29.488025 5.940062 0.187407 -3.124599 28.226451 11.731111 1.209136 8.441728 68.724228 26.624537 2.908580 -41.619290 -15.005648 -0.067901 11.042037 -63.652994 -5.138827 -0.786173 19.365525 -27.984753 -34.424167 -2.999167 17.944321 -12.829012 10.249259 -7.532284 15.692407 -37.201975 113.350679 4.488488 11.708179 -4.148735 248.338488 39.923179 5.893364 102.455216 379.070000 75.725617 19.124290 
-123.970988 -108.217901 -10.586420 -3.262963 -1314.743210 -652.582099 -42.432099 -252.605556 -381.688272 -693.838272 -9.887654 -489.722840 2606.572840 131.470988 -37.518519 190.706790 781.808025 -477.690741 -265.245679 181.204938 -461.687654 -864.270370 -252.939506 -1.304938 -490.317901 -581.322840 -145.708642 -18.329630 -58.232716 -304.697531 -43.540741 -5.103086 -293.769136 -226.720988 -106.237654 -92.050000 -404.998148 8.498765 -33.276543 -286.814198 798.625926 -214.977778 -18.104938 -76.617284 319.120370 -69.424074 -239.721605 109.072222 -107.440123 489.340123 -11.898765 -9.970370 327.409259 1324.756790 185.787037 44.834568 29.555556 239.438889 -25.754938 -1.341975 -15.506173 280.756173 -89.809259 -9.050617 -62.758025 595.759877 40.223457 -85.427778 120.022840 446.867284 110.665432 -248.841975 219.553704 126.380247 20.493827 -201.212963 170.718519 575.020988 108.630247 -51.195679 111.730247 835.521605 125.750617 -7.479012 27.848148 340.203704 36.266049 23.240123 14.347531 248.142593 3.560494 -5.564198 4.860494 242.166049 23.977160 -27.575309 93.135185 66.621605 25.335802 -139.770370 386.738889 -124.226543 -2.132099 -194.706173 272.508025 -127.159259 -32.184568 -30.967901 -47.377160 -23.436420 -35.757407 79.295679 -10.463580 -344.530864 -14.483333 -78.082716 -5.389506 -92.374691 -3.743827 -43.942593 7.251852 -46.732716 -3.391975 -2.439506 20.853704 -33.589506 3.517284 -5.961728 90.856790 -35.120370 2.771605 7.912963 165.180247 46.107407 -13.544444 52.681481 112.888272 165.311728 -20.452469 112.664815 -58.966049 -522.635185 -16.477160 -118.335185 88.737037 -238.876543 9.586420 -69.765432 66.573457 -240.814815 6.004938 -12.457407 -1.313580 -250.079012 0.043210 -46.666667 -6.906790 -201.496914 -7.683951 -20.051852 31.093210 -115.306173 -27.222222 7.214198 -18.445062 -225.767284 -71.609259 -0.241358 -23.559877 -152.657407 -6.054321 0.496296 42.871605 -183.011728 1.800617 67.653086 91.408642 -64.283333 6.361111 196.979012 42.356790 20.418519 27.039506 127.159259 145.236420 -306.056790 2.267901 -12.362346 41.134568 -811.570988 -119.429012 -47.919753 -488.921605 -1086.961111 -232.161728 -50.979012 
-18.126358 72.251358 4.688395 -0.771296 -253.618025 4.154198 3.414198 -65.758889 -170.951235 232.793210 12.238086 -171.350432 131.470988 625.756914 8.490926 1.231420 207.112840 539.182593 22.250802 50.838457 98.476975 519.628519 57.339012 1.661543 415.058025 826.997901 94.921728 8.487037 55.303765 235.214506 36.099815 6.901173 -32.201173 275.050309 58.750309 -21.810556 -214.223704 232.764691 56.689753 -101.779383 -132.766296 -13.781667 -5.695123 -61.715432 109.196481 -200.806852 -77.740679 57.420556 53.331358 -230.791914 -47.096914 10.067963 -11.391296 -175.155802 2.134259 -19.983580 22.601667 -73.195556 -10.927346 -2.942716 -6.696543 -101.340679 -13.034259 -8.920988 -71.995617 -179.789753 -40.168580 -24.272222 -84.369568 -129.036790 -17.339198 -71.178272 51.379259 -171.870494 -73.797099 42.616481 156.639630 -160.410309 -55.659383 99.449691 35.817284 -161.537654 -24.791790 25.699691 -14.879074 -339.746852 -36.721543 -5.746358 4.398272 -226.881296 -39.658210 -0.171605 -7.518765 -165.387099 -27.441543 -13.540494 -62.313148 -121.172654 -5.034383 -125.067593 -83.857778 -39.540247 17.019198 -249.117099 76.443395 144.415741 25.518025 -74.476420 160.173765 215.423395 3.929259 44.394198 21.897716 95.061728 -2.797778 23.855988 0.396235 62.703272 -4.119568 35.113519 -0.780926 21.479321 -3.222716 13.984568 -8.396296 -8.663765 0.472099 -16.692654 -61.793580 -56.618704 4.545123 -105.213704 -29.560494 -103.535926 -2.737778 -134.284074 63.552346 -114.729012 -9.324506 -54.412407 42.579877 112.486481 -8.635679 -37.575741 7.318704 116.024198 -12.936173 -2.559691 4.603086 98.127407 -3.305988 45.009815 -3.921728 105.328025 -0.645864 37.567222 -8.927531 74.547160 -7.035432 15.729259 4.307469 49.596235 -3.381111 -1.762840 24.654568 31.431790 -2.095370 0.018272 32.578086 40.626481 -7.224691 -37.072593 47.028457 -63.078765 -7.687901 -113.273395 30.806049 -49.382778 -5.705000 -125.870247 23.230864 -130.782593 1.788765 -14.211852 0.881605 -137.710864 -10.085247 50.883025 -16.489691 19.742531 -5.356975 19.103395 66.063765 -34.914444 -25.115432 25.769691 
0.321574 3.665926 0.279815 0.256944 1.461852 8.847963 1.087963 7.361667 -28.987963 -3.585185 5.243241 6.902130 -37.518519 8.490926 21.380833 -9.877870 23.963704 57.715556 35.103981 -5.311759 42.126574 67.192778 20.566852 1.467315 12.017593 -3.128148 -0.839630 0.836111 4.194537 24.605093 4.552500 1.426759 5.614907 32.522685 12.311574 2.911944 -13.024444 21.391481 9.356852 4.242037 -17.163333 1.702500 13.807315 -0.850926 6.247500 -13.943611 15.863981 2.569722 -3.889074 -39.532315 -3.781481 1.018611 -30.367500 -72.269815 -11.109722 -2.503148 -5.833611 -5.187778 4.706204 1.347037 -3.664259 -23.024907 10.134722 -1.145370 -8.351759 -38.079074 -0.247315 3.783333 -2.468241 -40.819074 -4.922685 23.896481 2.193889 -29.561296 -2.687315 28.624722 -10.015556 -38.021019 -7.266852 4.466204 -14.329630 -56.006481 -6.657130 -1.986574 -6.329722 -17.364722 1.437130 -0.600093 -0.958148 -32.974722 -1.187315 -0.643519 -0.425370 -33.475093 -3.395648 0.675370 -3.928056 -19.336759 -2.609907 4.531944 -6.817222 -2.207593 1.326019 12.621574 -7.557130 0.648611 0.515926 -1.689630 -4.864352 -16.295463 1.335556 -10.422593 3.402130 14.370370 0.475556 11.989537 0.647130 8.429907 0.490093 10.723056 0.428611 2.288426 0.146481 2.999074 -1.500000 1.721019 -0.286296 -0.150093 -5.879259 1.688611 0.556574 -1.481667 -7.618519 -3.559444 -1.220556 -2.756667 -4.877037 0.273148 0.124352 -6.740833 -2.316296 -23.242500 1.429815 7.861389 7.272500 4.822407 2.551296 16.363241 1.140741 11.732778 0.516019 12.006389 -0.729815 15.850370 0.128426 5.620278 -0.805185 13.298519 -0.680926 2.702222 -0.874907 10.686019 0.764444 0.175185 8.087407 18.178241 2.673611 -0.253148 -3.818981 -30.554722 -0.059259 -8.117222 5.278796 -31.687593 -0.398519 -0.798981 0.153519 -19.721389 -0.290833 -3.419259 2.318519 -11.632222 -0.427963 -1.992778 1.825185 -13.713519 -0.438981 0.907870 -14.420648 9.472130 6.439537 0.530093 25.256759 51.286667 17.710185 4.662870 
-22.199475 -10.743580 -0.827840 -1.343981 -145.689753 -83.570309 -5.344753 -33.909444 71.898457 -16.648765 -3.978920 50.849599 190.706790 1.231420 -9.877870 177.985525 -50.042840 -114.257037 -30.207191 39.107932 -90.101142 -126.795741 -36.728457 -1.896821 -108.049691 -122.674568 -30.402840 -6.217593 -21.092932 -73.896451 -5.257315 -0.864784 -47.087994 -77.251698 -11.990586 -14.830833 -65.908519 -34.850247 -1.704753 -15.418951 79.456296 -88.059167 -11.404599 54.790432 -3.711204 -40.301204 -34.001265 46.420278 -38.180802 50.849969 0.885802 -1.034907 39.654907 110.654136 -1.521759 12.137469 -9.311944 -16.002222 -0.374599 3.934938 -1.266235 0.032068 -0.097685 2.512654 -11.271327 62.254753 22.932747 -18.316667 -29.520154 64.755123 16.473920 -35.333395 -21.488704 -19.190062 -2.840957 35.281574 50.784815 65.817809 12.721049 44.223920 20.743827 104.651543 4.818735 13.048920 2.234907 94.763241 15.326821 7.874414 2.092840 73.499907 8.575710 0.657716 -0.960679 52.651265 13.522932 -7.541173 -29.208241 2.910710 5.275216 -34.083796 -7.885000 -62.720309 2.958302 -15.669846 53.711327 -30.272685 8.828642 59.245309 13.991512 33.057438 2.202963 56.890247 0.234784 17.204938 1.443333 10.653179 1.501265 14.323673 -1.634043 10.856204 0.228426 -0.205710 -0.766728 4.307099 -3.820370 -8.660401 -0.135432 -3.034846 -12.979753 -39.163796 9.485154 -10.569074 16.438272 -34.507963 12.188333 5.798519 33.650988 -3.951543 -0.642994 23.984907 -27.458765 -113.375648 -6.659321 10.852685 5.941574 -2.702531 -6.962160 54.181080 9.535802 18.896481 -0.797623 38.254352 1.300062 3.409753 0.182809 9.827500 -5.506914 -11.014938 1.922654 4.130741 -0.254969 3.990154 3.132222 4.065062 2.710988 -5.438735 0.324537 0.391173 -34.982253 -106.790093 -4.430864 -6.809074 -33.987068 -111.041790 -3.077654 18.870340 4.333395 -112.314167 -0.272500 51.916914 9.435802 -98.631852 -0.571543 62.467963 13.237284 -90.348580 -3.608920 30.354475 24.340525 -105.308920 -5.478302 0.517438 -57.750710 -164.040000 -15.770679 -5.136080 
-33.335062 -41.031605 -2.950123 -0.318519 -503.323951 -227.723951 -16.811728 -72.318889 -1090.191975 -442.369753 -11.055062 -325.553580 781.808025 207.112840 23.963704 -50.042840 1175.158765 183.324815 -13.811605 186.440864 70.317160 -112.524815 -50.301358 23.303580 -127.154938 -113.754691 -56.094568 -7.218519 -35.955309 -169.017901 -10.189630 0.395432 -97.462099 -98.883951 -28.939506 -23.781111 -492.450370 64.071728 -23.103951 -148.226790 98.518148 -43.215556 53.854691 -150.135802 432.185926 -297.877407 -91.338642 85.293333 93.860617 -42.952840 -80.422840 44.271852 117.112593 381.524938 60.753704 20.752716 -49.415556 -100.954444 -37.963086 -2.407901 -0.504691 -12.055309 -50.748148 -3.502469 -101.078765 276.570617 1.346049 -43.038889 -110.570864 322.249136 88.306173 -173.694568 20.828148 -49.924568 -25.595802 -84.439630 183.836296 129.871728 -1.830123 59.578395 185.704321 361.930864 74.879136 53.195062 -4.355185 17.695926 -10.021358 6.179383 7.741235 24.558148 -2.601358 -2.034568 -9.171358 64.905309 20.576420 -17.376790 -45.497037 -26.620247 17.247654 -144.892593 13.307778 -171.412840 0.602716 -278.048025 139.880988 -38.453704 -7.814938 -79.664938 174.024691 262.189877 11.305926 92.491605 -12.510988 -56.834568 0.447778 21.620247 -3.283580 -0.122099 -5.515309 29.665185 1.392963 -11.058642 -3.966790 9.069753 -0.901852 -39.629136 -6.037531 -14.928025 -28.453951 -97.308148 -10.538025 -70.393704 1.915432 -76.482593 -16.084444 -75.969630 96.874198 189.485802 14.189012 16.078148 -75.456420 -166.759630 -4.657531 -74.802963 47.480370 -63.666173 -4.413210 -1.501728 15.904938 -87.790370 -2.725802 31.989259 -5.833210 -71.747160 -0.314938 4.380000 -7.219383 -46.429877 -9.415802 1.144815 -0.479383 -2.878025 -9.552222 1.319012 4.688642 -46.191358 -18.148148 -7.712099 -18.306173 -69.127407 0.277160 -60.718148 42.945309 -153.172469 0.700247 -37.478765 8.250123 -133.320000 3.324444 98.344938 6.804938 -85.652593 5.684691 64.785926 33.280123 -110.019383 -21.787284 5.967284 -32.816173 -244.853951 -61.437160 1.448765 -135.448642 -394.474444 -99.141358 -2.747160 
33.317407 190.821481 12.777037 2.150000 17.089630 262.578519 24.212963 13.714444 -339.446296 271.020370 23.297407 -92.782593 -477.690741 539.182593 57.715556 -114.257037 183.324815 1089.182222 179.185926 9.572963 378.925185 1259.817778 201.852963 12.671481 716.937037 1234.488519 160.354815 15.216667 129.729259 486.825926 68.606667 16.833704 62.849630 572.046296 132.885185 14.152222 -246.857778 444.374815 102.181852 -39.032963 -461.663333 162.762222 61.528148 -84.387037 111.487778 -198.464444 36.023704 28.221111 134.541481 -510.694815 -77.753704 39.714444 -230.863333 -935.994815 -104.694444 -35.217037 -19.321111 -352.748889 1.182593 0.530370 -12.544815 -383.059630 22.861111 -5.887037 -106.950370 -522.942963 -79.918148 3.838889 -129.397407 -379.955185 -60.301852 32.782593 36.713333 -300.069630 -99.097037 189.662222 69.623333 -502.480741 -147.347407 189.520370 -31.268519 -682.359259 -94.591852 61.909259 -75.386667 -734.918889 -61.122593 -6.601481 -9.008148 -588.778889 -66.885926 0.809259 -10.667037 -495.118148 -70.158148 -6.566296 -93.848889 -324.904815 -33.847407 -97.750000 -200.431111 -116.149259 19.616296 -217.415926 -14.052963 75.588889 46.977037 -113.784074 194.470370 79.433704 28.352222 -8.183704 73.945185 336.003704 2.636667 116.993704 5.670741 105.200741 -4.814074 87.741111 -1.153333 45.309259 -3.850741 22.440741 -15.916667 -1.697037 -7.402963 -13.284815 -70.418148 -48.965556 12.166296 -115.834444 -86.018519 -190.873333 13.865556 -191.056667 -18.921481 -344.107407 -0.777037 -143.175556 40.428148 80.547778 4.727037 27.037778 23.310000 144.502963 -9.640370 76.122963 -1.864815 160.818889 -2.388148 96.824444 -3.954815 167.017037 0.254815 69.580000 -3.782963 138.281852 -8.328148 28.574444 -1.615185 79.254074 0.397778 -4.391481 31.565185 57.146296 11.866667 -8.422593 17.307407 -98.592222 -4.437037 -74.458889 76.855185 -194.923704 -8.209630 -156.600370 43.350741 -161.720000 -4.453333 -162.847037 35.940741 -217.626667 -0.575185 -40.145556 1.780741 -162.688519 -9.829259 25.670370 -18.985926 92.031852 27.065926 16.203704 162.547037 240.881111 51.246296 51.278148 
9.653364 6.331358 1.182284 0.691204 115.757531 67.960309 4.644753 42.239444 -14.726235 57.226543 2.686142 60.459846 -265.245679 22.250802 35.103981 -30.207191 -13.811605 179.185926 127.616636 -25.409599 163.908364 271.883519 97.366235 2.676265 119.994136 107.904568 26.251728 6.967593 11.070154 42.743673 14.753426 1.837562 36.215216 65.404475 38.648920 16.559167 7.988519 43.640247 24.024753 37.433395 -94.759630 31.760833 28.977377 6.020679 10.553981 -57.742685 67.422932 -0.855278 1.565247 -193.639414 -3.124691 1.173241 -115.594352 -328.363025 -44.464352 -11.557469 -17.553056 -55.082222 10.531821 -1.267160 -5.320432 -83.304846 37.072685 -2.151543 -9.007006 -134.013642 10.506698 9.283333 -12.692623 -107.746235 -19.982253 68.571173 -2.257963 -83.536605 -17.685154 104.508981 -35.141481 -159.569475 -34.231049 31.373302 -55.432716 -217.690432 -32.398179 -1.473920 -13.062130 -45.252685 -0.027377 -4.090525 -1.688395 -81.746019 1.987068 -0.441049 -1.831543 -97.289599 -7.037932 0.200062 -20.912315 -67.045710 -7.976883 6.431019 -43.383889 -9.139691 3.480031 27.568179 -30.162994 -6.180093 5.464691 1.314691 -12.405401 -47.512438 5.994815 -11.271358 16.419105 71.622840 2.331111 39.754043 1.965957 19.619105 0.337932 31.588796 -0.761204 5.502932 -0.334383 6.065123 -4.124074 1.334290 -0.891235 -3.109043 -15.811358 -10.567870 1.742068 -16.096481 -26.249383 -47.318704 -1.053889 -24.808519 -22.933210 -76.298457 2.785772 -24.339907 16.828765 -43.902685 3.719321 20.556759 9.334537 6.856975 0.165494 38.650586 -4.724691 26.167963 -0.204043 29.296204 -1.098951 36.726914 0.096636 13.161944 -3.073086 32.729383 -0.364877 3.178148 -4.373364 27.488179 7.547778 -2.855062 24.286790 70.441512 19.961574 -2.172284 7.457253 -39.681574 -0.724691 -5.926481 12.847623 -45.849321 -1.814568 -6.809784 -1.010062 -40.501944 -1.004722 -16.145802 1.753086 -55.580370 -1.338457 -10.405741 -10.005062 -77.064753 1.653920 -4.068364 -17.649969 -15.107191 32.674414 -6.581327 62.749043 72.992222 61.192901 1.308858 
-12.614846 -15.825432 -1.209691 -0.502315 -144.419012 -79.210679 -5.015123 -25.632778 -209.447840 -104.678395 -4.032068 -75.265772 181.204938 50.838457 -5.311759 39.107932 186.440864 9.572963 -25.409599 75.420340 -25.520957 -44.764630 -23.034383 6.679660 -15.362654 11.765062 -6.723580 -2.150926 -15.204228 -68.806636 -4.923426 -0.634969 -28.667809 -36.241512 -9.191512 -7.815833 -114.804074 20.555679 2.014877 -38.203025 11.555185 -6.430833 6.764105 -25.107716 66.788241 -75.230648 -34.812562 30.475278 13.652901 1.647932 -16.301235 13.366759 60.978796 114.443765 16.781019 11.565988 -17.033611 -77.910000 -13.620340 0.068642 4.073395 -16.551451 -17.039352 3.364506 -25.273364 63.924012 6.577377 -13.961111 -37.961451 89.037716 24.408179 -60.104136 -18.537593 -13.000802 -6.888549 -27.806759 64.127037 20.904290 0.954753 28.669290 64.958642 101.753395 20.744105 22.455401 -3.933426 -23.457315 -3.641883 4.324599 2.286914 7.282685 -1.977438 0.772531 -2.882160 22.862562 9.042006 -5.375247 -15.979907 -5.515772 6.317253 -43.286574 -8.417222 -62.394012 4.317377 -86.224105 44.731142 -34.453241 7.469012 -20.336543 59.803549 49.153920 5.404074 35.185432 1.474969 28.314198 1.408889 5.074105 1.395895 14.419414 -1.097562 6.904537 0.298981 0.250772 -0.581914 3.303395 0.746296 -9.019105 -0.773951 -2.362438 -6.999012 -27.685463 2.349784 -15.639074 2.869753 -38.566852 1.968333 -21.665926 38.210617 -2.458951 0.052747 2.888796 -10.115062 -8.951759 -2.918951 -3.331204 8.068796 -6.647346 -3.386975 16.593488 5.437654 -14.191296 -0.846327 12.808241 -0.679198 -13.352099 0.031512 3.936944 -2.257654 -7.067531 -1.321049 3.881852 -0.810710 3.740340 -0.991111 1.703580 0.713951 -12.511883 -5.011574 -1.163642 -4.210957 -28.469537 -1.940123 -4.202407 1.660895 -54.144383 -1.652840 11.090525 2.309691 -48.210278 0.648056 26.860988 7.665432 -70.317407 2.801049 21.186852 13.864691 -122.015988 -4.558735 10.127623 -8.318179 -145.247623 -13.857377 1.151698 -52.280895 -208.074444 -32.052160 -6.789599 
