104.314968 351.977043 19.760331 12.824610 92.001377 252.155188 40.470615 21.638200 -168.521579 207.158861 18.752525 12.589991 -159.912305 206.327824 -5.565197 5.573921 47.333792 62.079431 -5.961433 13.604224 6.088154 -7.790634 -3.888889 -0.106520 -3.820937 -11.640496 -2.630854 -1.626722 61.109275 -48.620294 -3.688705 11.832415 87.976584 -94.777319 -10.840680 9.109734 -16.584481 -45.735996 -18.359504 -10.110652 -71.533058 -81.174931 -47.704316 -12.048669 -5.901745 -83.745638 -27.385216 -3.697429 -15.289256 45.472911 1.276860 -2.102388 37.024334 75.994031 5.579431 4.570248 23.874197 -258.157025 -19.809917 -7.440771 135.988981 -170.974288 -3.553260 -6.265840 4.146465 -89.369605 -38.582185 -8.314968 -24.183196 -52.947658 -19.149219 -1.451791 18.328283 45.080808 27.265381 0.652433 -6.785583 87.342057 13.161616 2.235996 45.551882 54.222222 14.177686 8.800275 68.720386 -20.663912 4.035813 -1.354913 95.584481 -4.442149 -2.204316 1.127181 -87.513315 -2.181359 -33.777778 1.810376 -27.630854 14.595041 2.973370 3.783287 -5.146924 -54.874656 1.252984 -4.084481 -1.393480 -143.111111 -15.175849 -7.338843 -8.959596 -133.895317 -8.634527 -7.809917 100.345271 12.660239 4.000918 0.609734 33.627181 5.453627 -17.175849 4.338384 -72.932048 9.531680 -27.195592 5.521579 -18.458678 1.574380 -3.776400 5.533976 7.107438 -35.599633 -4.949036 9.047291 5.981175 -45.490358 -3.073921 5.707989 -5.028926 -42.663453 -3.678145 0.963728 94.688246 9.881543 -3.061065 -0.569330 14.762626 -3.702479 -20.478880 1.247016 -49.429752 3.145087 -10.384298 3.668962 -8.289715 11.652433 -4.390725 10.390725 -2.509183 17.907713 -0.590450 8.562902 2.617539 16.660239 3.532140 19.418733 27.696051 48.314509 0.404959 14.922406 96.782828 42.969238 -8.441230 9.323691 13.508724 13.301653 -3.740129 0.755280 -45.347567 -16.803030 -8.044536 -3.351240 -10.574380 2.870064 -3.720845 -2.250689 -4.736915 -14.985767 -1.529844 -9.240588 8.282828 -62.105601 -2.226814 -18.786042 22.931589 -91.210285 -10.943985 -38.997704 
351.977043 2782.266197 130.557035 81.560504 312.052648 1660.762167 247.925671 75.772217 -631.219314 1179.962045 180.285634 74.295990 -1022.457861 1318.083461 -69.985818 31.259208 72.928885 524.392919 -26.358637 43.725538 17.910978 -47.023365 -15.310887 -8.298694 -24.567697 -78.489032 -15.284920 -11.827314 169.588052 555.126008 -4.393429 68.121467 517.855831 -22.478523 -28.113560 64.887869 93.365779 -222.995052 -117.961586 -28.292215 -442.155239 -499.258647 -327.937353 -68.490409 -145.829201 -559.366391 -224.392154 -16.533262 -104.210897 56.957861 -16.549128 -5.748495 124.470513 297.292623 27.343536 16.616009 -6.603102 -2042.172431 -142.996123 -68.204163 896.293184 -1183.559892 -50.977910 -64.924753 274.221661 -561.587287 -273.631772 -82.191970 -108.239516 -294.966279 -168.954903 -14.069789 19.086981 372.465208 73.144016 9.810070 -29.058157 640.293592 40.015152 23.433323 188.049842 467.590348 81.602439 60.389654 407.327671 -293.944649 12.312162 -7.743445 526.602234 -47.021681 -64.506377 -3.882971 -309.172227 9.910927 -252.691919 0.367769 -140.311295 101.900928 -44.486430 20.253801 -53.323385 -269.494694 -88.606469 -20.456892 1.133711 -681.579686 -105.732578 -44.505765 -50.175645 -679.552087 -44.620600 -54.491072 546.226763 64.594378 7.289868 5.159474 184.773595 -0.184369 -196.430670 16.979798 -266.705183 11.772625 -213.887869 20.076217 -45.212376 -56.256913 -70.429956 20.852515 57.880369 -206.154984 -57.695133 69.334507 62.606520 -186.382869 -5.067289 53.796602 -24.359810 -114.486022 14.084838 3.274105 411.214264 -12.299306 -70.602285 -3.452964 97.918070 -82.596674 -204.344812 -5.493980 -20.853127 -28.955005 -116.234160 10.778543 32.207581 49.789868 -30.401286 71.772778 -34.164116 181.632537 4.794766 40.153403 8.380369 402.451280 52.307571 117.777625 216.991276 688.145240 71.765177 152.567850 243.959035 -56.748750 -125.382767 28.605091 196.213346 75.087083 -108.413376 0.572187 172.244975 1.795174 -56.007550 -18.181053 0.674982 -21.114580 -16.372156 -10.081318 -128.139578 -151.429599 -10.205234 -169.703092 -97.596521 -565.016121 -16.027905 -291.971329 -108.115958 -891.428681 -93.760790 -175.136160 
19.760331 130.557035 21.468218 1.287981 34.674625 97.177227 23.847056 6.071217 -72.911999 86.199571 17.446689 5.921182 -73.739108 95.825630 4.793899 1.119580 16.298388 35.829303 5.308132 3.845169 2.624375 -8.663504 1.462402 -0.792215 -2.452505 -5.000867 -1.149424 -0.763596 16.346291 55.303285 17.039894 3.575502 28.795684 -6.425518 3.749923 1.980818 -1.653658 -14.944342 -9.487909 -2.334048 -23.370013 -50.892868 -21.163657 -4.236864 -5.423324 -51.527548 -15.102796 -0.896031 -6.526477 5.244159 0.160239 -1.135343 6.388073 25.475054 3.570605 1.570860 5.577849 -122.751811 -9.261453 -2.942302 51.898735 -82.344149 -8.951383 -4.080298 16.717733 -41.993521 -21.161157 -6.191868 1.118304 -27.841802 -9.858229 -2.076676 2.175645 3.610550 10.052954 -1.022192 -1.320631 36.777115 7.292929 -0.362616 9.172380 41.157127 8.422814 1.191154 26.919804 -21.939190 -0.226303 -0.271707 22.190695 -2.533874 -6.655239 1.605193 -17.630803 1.387052 -16.606061 0.869605 2.169881 4.619274 4.299561 -0.667942 -4.004897 -28.217427 2.990307 -3.351189 1.320835 -62.925365 -5.050250 -3.852821 -5.167789 -57.947913 -4.556168 -4.094786 25.571217 0.137945 -0.613101 0.603153 -0.960463 -2.244924 -14.852158 3.646465 -4.936231 5.525355 -10.718192 3.115702 8.187124 -1.278441 2.167330 -0.120192 5.872156 -8.562188 1.089073 5.397817 5.312672 -4.894909 0.930925 6.354913 1.082032 -1.953372 3.495970 3.761249 10.755433 -3.205744 -4.892664 -0.314713 -8.731201 -5.125548 -13.498623 1.781859 15.661208 3.247934 -4.280992 2.676002 7.954035 0.765687 -0.805785 -1.191970 0.507550 3.680594 1.270891 1.013264 2.796398 22.755790 3.540914 13.707224 14.140037 50.026477 5.563106 11.043261 12.510662 -6.503775 -9.940465 2.702989 -1.829507 1.630089 -7.616927 0.256096 32.497449 2.790685 -1.492450 3.009336 12.016937 -1.925824 -0.203602 -4.428783 -10.148301 -30.474441 -0.653352 -15.327212 -1.746914 -64.317213 -0.164014 -15.200388 -14.798184 -94.571319 -5.335170 -14.904244 
12.824610 81.560504 1.287981 7.436078 1.534282 50.810836 4.359555 3.407662 -19.549434 33.200796 4.421998 0.786348 -25.706254 30.369044 -0.821906 1.118712 3.249362 6.648658 -2.307214 2.165850 1.063871 -5.986634 -1.624018 -0.129273 -0.854199 -2.585450 -0.504846 -0.334660 2.689981 -18.344149 -2.513723 5.904755 16.703398 -11.673197 -0.822008 3.032497 1.953474 -6.245740 -2.082339 -1.421233 -12.209417 -16.274717 -8.327620 -1.001428 -3.257117 -19.059229 -5.747526 -0.232527 -2.546067 -0.536170 -1.301194 -0.124069 2.405316 9.363789 0.387154 0.962198 1.378992 -55.194929 -2.353790 -2.271656 24.899704 -28.552546 2.705285 -2.334762 0.534792 -13.349454 -5.214417 -2.377921 -5.665595 -12.204571 -2.857566 0.777319 0.925365 7.374299 5.167891 2.208601 -0.324457 21.857413 0.368687 1.855729 7.763800 17.459035 0.894909 4.971840 16.505357 -3.799561 1.945771 -0.427099 15.251913 -3.772829 -0.416845 -0.666259 -17.683247 -2.970615 -7.924242 -0.529844 -5.485767 -4.240027 -0.437761 1.094480 -0.179216 -14.564942 -0.159729 0.918682 -0.667024 -19.786756 -4.081522 0.199010 1.839506 -9.457963 -2.086165 0.964391 25.907662 4.309713 1.375268 -0.059535 4.308489 -2.002092 -5.198806 -0.196970 -15.809866 -1.508366 -6.633507 0.340680 -0.697684 -0.364810 -1.513978 1.754719 1.165034 -7.052138 -2.096878 1.651770 0.870983 -9.157892 -0.891440 1.159780 -1.292317 -3.086114 -1.305887 0.143251 25.291858 2.335680 -1.321753 -0.092542 -1.718294 -1.033313 -4.870523 -0.501326 -11.582696 -0.855831 -2.913223 0.057698 0.622641 3.107591 -0.955923 7.448628 -4.068615 0.620600 -0.551423 5.745689 0.291297 1.969646 0.276349 4.593511 5.203857 5.258188 -0.018110 5.159678 1.115600 -3.008622 -1.907101 -0.847158 -7.919804 -4.227885 -2.048362 -0.146363 -11.730232 -3.033109 -0.770636 -1.073615 -4.439343 -2.582441 -0.365269 0.629885 -1.990817 -7.782675 -0.273646 3.669728 -1.672278 -11.736047 -1.005408 -1.073258 0.905622 -10.475054 -2.137282 -1.665085 
92.001377 312.052648 34.674625 1.534282 1085.744720 273.462351 114.449342 62.742118 441.118916 338.697429 -15.356902 150.011938 -1117.400979 197.452097 -155.280380 -28.397000 -208.529538 16.928681 -74.048515 -14.078818 -17.411999 -15.083716 -28.031987 0.209672 -17.046679 -64.124732 -13.468932 -7.416590 171.318488 356.393786 46.581114 15.010254 419.617539 -246.635598 61.267218 37.888277 52.244720 -73.076829 -71.099174 11.744873 -389.748699 165.769054 -171.438170 -36.475054 -20.484389 -256.023875 -100.539333 -0.798745 -20.325528 -53.422253 -9.861800 4.741812 25.149985 83.592746 16.081879 9.748393 167.566422 -218.153964 -34.565350 -1.325528 582.596113 -448.623814 -33.058463 29.136058 -67.735690 -254.676615 -176.977043 -22.770738 -281.931589 -44.618151 -151.162841 -13.702479 20.143098 73.271044 87.550046 2.129477 3.500459 209.782216 99.459596 8.918580 78.162228 220.713805 61.110958 8.030762 208.301653 -110.532446 -0.532905 -7.162228 510.472452 -99.356443 -70.559382 14.016682 -168.828589 -65.697888 -265.479798 12.525712 -166.561524 139.636517 -25.579737 1.187634 -1.736455 61.080961 81.707836 -5.989287 -20.154117 -245.372054 3.408938 -14.275176 -23.927609 -292.655494 -1.271350 2.894245 246.939088 35.369758 -3.289715 -2.002296 213.203551 -50.587389 -149.224059 19.151515 -84.896847 4.852464 -193.009489 27.381084 -64.495103 24.373125 -47.272115 15.681206 -11.011172 -104.081879 -58.824151 12.913835 -17.639118 -219.699418 -46.022192 -16.825069 -23.785583 -221.646159 -8.328895 -17.533517 121.638659 14.667891 -56.899755 2.801959 14.579125 -49.047903 -158.299816 24.048056 63.312366 4.341139 -85.716253 44.217631 -0.524946 -1.501837 -24.157943 37.735384 -1.720692 61.699725 -27.445363 77.340526 36.498929 14.187940 -9.889195 50.415060 36.314968 -21.719927 18.466177 8.151821 -166.968013 -63.950260 -84.390266 -4.664218 -55.679063 -32.280073 -67.181359 23.513009 72.400520 -17.127946 -24.771197 76.379247 48.483777 0.524181 -5.586930 17.570401 -56.056474 -68.038567 -5.980716 22.354913 28.865320 -170.992501 7.507499 82.917202 46.123355 -339.927916 59.761708 45.305173 
252.155188 1660.762167 97.177227 50.810836 273.462351 1293.724518 170.314968 62.503673 -683.199725 1021.858127 136.055556 59.801194 -849.294307 1000.675849 24.874656 30.198347 115.147383 503.992195 23.430670 39.117539 49.883379 36.433884 -3.207071 0.261708 -12.823691 -54.609275 -12.266758 -7.445363 128.592287 202.097796 18.365014 34.644628 356.362259 -37.413223 -6.651056 47.487144 16.891644 -153.845730 -76.158402 -12.044536 -303.066116 -478.370064 -204.883379 -52.652893 -108.187328 -518.051882 -163.881543 -19.430211 -81.522957 31.577135 -12.325069 -7.972452 83.306244 269.518365 38.360882 18.191001 -15.069789 -1586.864555 -110.973370 -55.058310 586.488062 -997.433425 -43.141873 -50.935721 187.893939 -488.996786 -151.391644 -67.281451 -35.320937 -331.859963 -108.151974 -16.393480 19.580808 129.893939 63.576217 2.774564 -20.111570 411.396235 63.691919 10.951791 104.603765 356.121212 71.840220 28.252066 284.713499 -249.201561 10.627181 -7.048209 347.345730 -51.843893 -14.595500 -3.876951 -276.213499 -2.625344 -147.828283 -3.545914 -106.089991 50.154729 -5.285583 14.965565 -16.733242 -208.092746 -29.251607 -12.800275 9.869605 -553.919192 -78.119376 -30.788797 -68.606061 -606.639118 -49.592287 -48.337006 419.756198 75.436639 24.698806 3.229568 82.102847 12.185032 -106.695133 13.782828 -240.818641 21.497704 -126.497245 18.841139 -38.578972 -26.366391 -21.562902 23.032599 41.028007 -145.477043 -27.908173 55.609734 44.088613 -131.808999 -7.258953 49.693756 -13.466942 -104.018825 2.285124 14.467860 391.477502 21.576217 -27.995868 -2.017447 16.752525 -42.824151 -126.018365 -1.657484 -101.394858 4.365932 -71.202938 6.827824 -1.922865 34.592746 -18.124885 29.927916 -19.094123 105.244720 3.021120 5.620753 -1.325528 254.325528 30.129936 96.488981 150.134527 491.805785 51.612948 129.698347 414.914141 183.387971 -49.114784 41.748393 121.194215 27.623508 -57.455005 -8.337925 -16.427456 -28.510101 -37.897153 -26.237833 -21.537649 -16.118457 -12.926538 -14.819559 -87.867769 -131.148301 -8.398072 -117.885216 -79.601010 -445.423324 -9.064738 -203.774105 -109.525712 -746.092287 -18.105142 -159.475207 
40.470615 247.925671 23.847056 4.359555 114.449342 170.314968 79.125319 10.552826 -68.772574 162.746939 70.407688 21.864861 -252.875064 188.689445 1.769309 1.689037 -4.023901 76.999592 6.578767 3.448296 9.992169 -6.278033 0.794332 -0.649781 -4.465463 -14.275916 -2.326089 -1.256683 49.236736 127.462019 23.836063 7.714748 103.099403 -45.772217 30.609122 8.976865 -4.293082 -46.817213 -9.637665 -6.701229 -106.522702 -36.507499 -58.789588 -12.820911 -7.380165 -96.064738 -36.736660 -2.300173 -10.122743 0.698296 4.769743 -1.821115 12.340731 46.310989 9.486404 4.238828 29.262295 -226.109377 -13.059560 -4.151362 191.088486 -207.686078 -0.298235 -4.409295 -8.388608 -108.395521 -43.157254 -17.557596 -56.977120 -36.663784 -32.564789 -3.634986 6.514590 52.045174 38.599021 1.056856 -3.419728 103.092184 30.441919 5.383430 24.397715 79.773008 19.905622 9.432124 94.652280 -46.836445 9.084966 -2.073640 131.602005 -17.251097 8.199469 1.683680 -115.381517 -13.848255 -55.840909 1.940542 -42.413912 25.663402 5.373610 4.955056 -5.586930 -36.229696 19.657918 -2.341343 -3.396516 -132.465208 -8.002627 -5.760892 -6.518238 -120.555683 -4.430058 -0.304510 147.133634 25.068054 13.162917 0.540557 44.226610 -5.435364 -30.507117 4.982323 -100.932073 1.498444 -48.734440 7.632002 -17.866264 6.541679 -1.976023 7.234440 -0.345832 -23.823105 -0.522498 8.170671 0.412305 -30.302138 -1.365805 4.172176 0.519207 2.657611 8.676360 2.747016 133.477120 13.752500 -5.495460 -0.376135 1.568743 -19.260892 -39.274793 3.483216 -60.539231 5.330119 -22.616391 7.871518 -2.646261 26.251301 -1.238292 16.158606 -10.908071 59.649985 2.853765 -0.613891 -0.459468 79.932532 11.027574 3.976201 27.077824 130.067187 13.495970 15.469059 105.005331 39.681308 -22.313208 7.648097 11.930288 12.990894 -17.466866 0.768774 -33.819687 -2.789001 -12.185848 -0.032522 6.625548 24.697097 -2.265024 3.239695 -21.025023 -1.671335 -0.790174 -29.679216 -13.499719 -110.957963 4.800454 -46.115805 -31.284767 -200.538644 -11.651286 -19.799918 
21.638200 75.772217 6.071217 3.407662 62.742118 62.503673 10.552826 12.242858 -31.918886 53.430747 2.460999 14.537802 -73.480767 42.367947 -1.250944 0.262754 -6.927431 12.162483 -5.717886 2.003495 -4.157918 3.511274 -2.668070 -0.429191 -0.861902 -3.187353 -0.802010 -0.605117 15.932226 -18.097005 1.954112 1.208117 32.686180 -39.214468 -1.438323 5.816524 -0.030609 -14.683247 -6.651592 1.108484 -25.557188 -23.494796 -17.009310 -2.666233 -3.219927 -31.422406 -12.015407 -0.162636 -3.780839 6.854505 2.244031 0.220564 8.213448 16.591674 3.791832 1.020585 13.129808 -66.540302 -5.746225 -2.479492 43.657611 -49.694546 -2.837210 0.063565 -0.121493 -26.752321 -13.463499 -1.702734 -11.699189 -10.247602 -8.883787 -0.017447 3.465208 13.081089 11.162687 0.868763 -0.205617 17.681002 9.694444 1.576625 9.904857 11.696689 5.115958 0.472834 22.764157 -11.619018 0.069763 -0.749133 30.186333 -5.450005 -4.846852 1.171233 -19.009667 -3.370753 -15.340909 1.176538 -9.153581 5.845322 2.212708 0.957249 -0.840526 -7.301984 5.926104 -0.143965 -0.756836 -38.317621 -4.773773 -0.681716 -1.118126 -35.903454 -4.238904 -0.157841 26.788312 2.164728 -0.772651 0.096266 10.385879 -0.071064 -9.834940 2.260101 -12.602362 2.228370 -11.856928 2.508953 -3.799026 -0.061422 -4.100194 2.008443 0.542343 -9.187455 -4.696511 1.902791 0.072084 -14.488955 -3.692047 -0.569789 -0.832798 -12.791679 -1.731456 0.231405 20.396159 2.317289 -2.391593 0.006989 -3.346521 -1.636262 -9.334940 2.074176 -1.777115 0.473370 -6.002984 3.513238 -0.811040 0.280380 -3.097796 4.227987 -4.378431 6.360575 -2.072773 7.998648 -1.172304 5.224492 -0.681385 7.682201 7.188476 7.144475 0.252882 3.174651 12.585578 13.512448 -3.007729 1.198551 -9.404576 -2.647000 -3.921105 0.912126 4.538236 -1.923120 -4.105703 4.998087 0.712376 -0.672304 -1.523314 1.101444 -10.007117 -11.527013 -0.873278 0.616315 1.974467 -19.139833 -1.650775 -0.593562 -1.123406 -36.372743 0.038338 -6.204214 
-168.521579 -631.219314 -72.911999 -19.549434 441.118916 -683.199725 -68.772574 -31.918886 2975.663912 -465.717631 -92.289562 97.619376 -44.573768 -659.734925 -576.633762 -21.037343 -1168.818947 -564.615549 -426.204010 -121.562596 -166.845577 -335.653658 -117.715488 -27.628864 -63.599786 -313.178298 -67.632078 -25.573309 23.984542 1091.459749 -38.293235 18.757423 113.862259 451.635598 27.268136 12.126875 594.255280 79.586930 33.856749 94.234925 -180.493725 1133.645087 -110.612335 33.111417 -40.182277 246.634986 -134.965718 7.813897 47.906336 -579.027242 -185.744261 6.318794 -117.968167 -574.724059 -124.097031 -39.308999 77.352770 1209.426691 -23.222528 51.557851 247.262473 375.123814 -59.057698 82.894245 350.816498 92.040251 -121.639118 42.467707 -494.962351 323.411081 -314.635139 -16.004591 -40.542088 77.476431 -163.358127 8.117998 24.070248 143.293541 -72.449495 16.970309 -4.379400 58.518519 -34.287726 6.019743 -105.165289 -206.457453 -49.275176 -11.620600 530.876033 -132.002143 -95.334558 -2.294460 476.131619 -114.595041 -379.414141 -0.096419 -271.549587 28.858433 -275.127334 -6.551270 -33.713039 255.292776 -41.566422 -22.652127 -21.517600 434.230640 -8.413988 -34.320784 48.412458 213.963575 24.857208 37.757270 -40.752219 -4.854607 -36.750689 -10.558310 381.155035 -34.478268 -238.179982 -16.070707 356.684726 -97.034282 -345.303642 -13.189164 -99.398837 -71.559994 -126.389501 -14.332721 -91.610040 -222.620141 -104.887971 -54.413835 -71.482094 -373.477349 -113.321243 -102.553719 -56.800275 -391.000306 -40.681206 -74.153352 -171.163912 33.564432 -141.191154 10.753597 153.047138 -29.239976 -282.841598 3.068105 405.010866 -48.033058 -112.980716 8.464187 -0.212427 -117.382002 -12.715794 -15.189930 27.160086 -189.502755 -25.882920 40.502908 73.283900 -311.122283 -11.742118 1.983930 -71.350321 -534.552801 34.968167 -62.904346 -982.228956 -711.504285 -271.781451 -63.249923 -85.346189 -65.659320 -197.955005 19.800122 499.245944 35.784512 -22.001530 83.757117 123.809152 12.506122 11.440465 47.050811 59.106979 98.856749 13.298898 95.256198 107.109428 216.775329 37.406642 268.239363 250.679676 470.453168 121.091827 305.664524 
207.158861 1179.962045 86.199571 33.200796 338.697429 1021.858127 162.746939 53.430747 -465.717631 1058.410698 129.819024 51.006428 -859.792317 965.781833 43.149985 9.072620 70.280456 382.033211 28.706459 25.830196 53.843358 14.502449 -14.480640 -1.619682 -16.024487 -69.007270 -17.949342 -7.430288 125.463193 224.898454 33.665213 23.813667 359.732094 -69.964493 34.566575 38.121595 26.449954 -180.905265 -65.854683 -6.443450 -321.398225 -396.629017 -175.296220 -44.569253 -101.571625 -546.462351 -135.715947 -21.181971 -72.793388 12.297368 -8.945592 -12.959213 84.696664 290.284206 44.321931 20.919881 35.214800 -1217.377257 -71.400444 -43.970156 561.248010 -885.231328 -22.103612 -35.597031 133.566498 -490.234313 -143.538338 -62.929905 -93.225207 -319.006964 -110.085093 -22.615243 21.250842 32.266835 102.758494 -3.014004 -14.629706 333.159474 121.148990 3.578665 107.295072 379.420034 90.810070 21.057163 288.629017 -191.532752 16.546449 -4.666284 412.123278 -37.936945 -7.647230 -0.992118 -288.902586 -8.505739 -181.967172 -5.452938 -120.530992 50.391950 16.599709 7.606214 0.195133 -242.898454 67.699648 -16.179676 18.798975 -598.319865 -17.318717 -38.947964 -57.605219 -556.228574 -33.442149 -46.009030 424.259030 81.470921 28.496097 2.166208 142.727579 20.014845 -115.493802 13.972222 -257.090986 23.597260 -145.682201 17.154500 -26.116697 -2.891032 20.557698 23.631696 61.998776 -126.155265 20.193756 57.521656 39.955005 -165.410086 -4.527166 40.973370 -8.476814 -150.799434 -12.668809 3.733701 410.240358 59.446204 -23.823385 0.281604 25.044613 -35.750995 -138.872590 2.471227 -152.656719 24.019743 -65.504362 9.582415 -7.766605 25.003673 4.472452 4.333946 0.091215 41.676309 8.479109 0.727196 23.223523 168.483548 17.572161 118.929982 137.135216 412.258035 37.899296 117.094506 393.470539 198.156413 -56.383609 44.281298 92.178834 40.865702 -60.240817 -2.247398 -92.522421 2.375421 -25.716866 -18.463039 -22.152740 3.263927 0.034129 -19.023799 -72.435032 -150.501148 -5.639578 -128.017906 -41.186027 -452.279308 0.743419 -153.989287 -33.568258 -708.035583 -1.611800 -108.351087 
18.752525 180.285634 17.446689 4.421998 -15.356902 136.055556 70.407688 2.460999 -92.289562 129.819024 185.544052 1.900673 -143.628507 178.459877 96.801908 5.568743 -70.688272 59.896745 -5.581930 -2.798260 -1.920595 -41.286756 -5.634961 -3.333895 -6.746914 -32.831930 -6.303591 -0.602413 30.707351 113.249439 23.266274 -3.193883 90.785354 -34.249719 38.981481 5.767957 40.279461 -74.118406 28.680976 -5.496914 -100.561728 -33.139731 -43.083895 -14.604658 -28.363636 -111.227273 -50.273850 -8.822671 -14.230640 -17.517957 -4.547980 -3.923962 21.129068 75.710438 17.903760 7.605219 44.431257 -148.217733 -10.669753 -0.905724 194.230359 -196.754489 12.884961 -3.203143 -15.176487 -112.061728 -16.300505 -19.672840 -98.256734 -11.907127 -44.124018 -4.909091 1.842873 59.105780 33.941077 -0.928451 -0.463805 115.822671 52.926768 3.093715 32.859147 145.368967 44.496072 15.150673 127.466330 -41.378227 12.218575 1.843715 180.736532 -3.355780 36.895062 0.284231 -158.185466 -13.563131 -59.568182 -3.467172 -100.553030 16.138608 -8.118126 1.199776 4.531987 -61.602974 37.478395 1.059484 9.171437 -176.470258 14.592873 0.570146 -21.159652 -148.072671 3.296296 -1.803591 228.365039 47.980359 26.940236 0.659933 88.327160 1.307520 -29.936869 1.290404 -161.693322 -8.903760 -78.262907 0.820707 -52.780864 6.580247 13.894501 4.091190 14.428732 -27.826319 33.545455 12.927329 9.141414 -17.294332 2.032267 19.449495 2.324074 79.895903 12.124018 14.191919 250.903199 29.857183 0.254770 -0.879349 23.260662 -22.945006 -53.492424 -0.519080 -131.925365 1.792929 -27.840909 -2.970539 -22.029181 22.306397 23.904040 7.157688 4.035915 59.890572 19.861111 1.816779 8.885802 97.087262 17.056958 30.105219 28.709596 182.063973 21.157127 30.737654 244.661897 86.931538 -24.499158 12.907969 21.377946 28.585017 -12.657407 -4.187149 -99.906004 -10.844557 -11.984287 -22.076599 -40.923120 8.653479 5.782267 -13.907688 -31.204545 -67.256734 -0.964646 -49.508418 -4.358305 -224.203143 6.600730 -36.152076 -88.904602 -350.438552 -29.143939 -2.647026 
12.589991 74.295990 5.921182 0.786348 150.011938 59.801194 21.864861 14.537802 97.619376 51.006428 1.900673 81.864096 -191.933578 29.958984 -44.453933 34.913376 -81.152586 19.939241 -20.733088 -3.864402 -15.426232 -4.911081 -6.981481 2.933731 -6.444751 -21.562749 -4.470768 -2.440006 24.381390 19.248699 8.739976 -0.698194 55.246556 -52.743496 6.523875 6.186716 47.688705 -56.733854 -15.979339 6.445057 -58.136670 21.534435 -36.858280 -2.608662 -10.145087 -37.329201 -16.321702 2.132384 -4.814968 -21.349250 -2.812672 4.797827 -0.018059 -2.277319 0.102541 1.558310 17.170646 -78.167279 -7.598408 -0.486685 74.736149 -84.448883 -8.749464 5.982247 26.673401 -60.021426 -28.562443 -2.859351 -39.693756 -0.549740 -28.581114 -1.319559 4.264310 40.139731 21.746097 5.019743 0.622590 70.176615 28.808081 7.388736 19.237527 64.400673 14.329507 10.395317 18.319100 -29.144475 -3.181206 -1.979951 79.493113 -14.007040 -13.646159 3.048362 0.254974 -17.224977 -47.656566 3.258953 -28.002755 4.518978 -16.089379 4.544383 0.063361 -6.597184 7.423171 5.474901 -6.090297 -56.806397 1.551729 -0.869299 -4.538721 -68.417661 1.544536 0.871289 21.083257 1.021732 -2.389348 -0.951331 43.644322 -2.775635 -24.460055 3.212121 2.356596 -3.486379 -36.186716 6.001837 -12.301806 -15.414294 -16.848332 6.176615 -13.264157 -48.036884 -21.467401 4.532752 -9.028466 -69.934956 -15.691154 -6.990358 -8.821396 -53.159014 -0.126416 -6.913682 0.400826 16.237680 -8.029232 0.498470 -1.875421 -3.308693 -23.651974 3.610499 26.001071 1.967860 -17.451791 7.314509 1.184420 10.469238 -7.781910 11.581573 -22.992042 42.760790 -6.224977 17.169728 -8.082339 36.031833 0.845883 9.937098 11.404500 20.981635 5.674625 2.709672 -9.286195 28.799051 -13.514233 0.015764 -4.607897 -1.370523 -13.584481 -0.740435 34.932201 3.164983 -5.214264 12.809458 17.756045 13.877257 -0.632844 9.552954 -23.719927 9.631772 -2.159320 -1.632231 -4.442761 -26.226661 -1.347873 -9.362871 -2.885828 -96.490817 4.249770 6.008111 
-159.912305 -1022.457861 -73.739108 -25.706254 -1117.400979 -849.294307 -252.875064 -73.480767 -44.573768 -859.792317 -143.628507 -191.933578 2408.268952 -791.394960 40.482502 8.663708 -11.809866 -502.880726 -163.110703 -31.546730 -117.368636 -115.974696 -32.447250 -16.181155 15.900163 -13.547342 2.683400 -3.674421 -217.613509 -434.614121 -79.887920 -25.643455 -647.821396 270.504948 -149.667279 -65.683757 -11.289868 93.015968 80.955311 -22.020865 767.246965 18.963116 223.650342 67.812162 51.941690 722.754362 139.091776 -1.718753 85.611417 97.821957 18.458678 -3.001939 -46.127742 -243.598561 -44.248291 -22.988675 -141.402459 1173.354199 72.746761 36.461586 -976.320222 1101.479135 -4.641363 -10.738343 114.191358 572.976074 199.150138 87.369095 361.895929 242.321141 165.613968 28.366391 -43.983726 -79.080247 -157.328895 -0.728038 17.212733 -499.656821 -144.464646 -23.431232 -143.378533 -430.546016 -111.885165 -50.935415 -405.889042 296.663249 -19.820529 10.361698 -830.827977 113.026987 -7.494439 -14.860473 568.029334 90.338843 343.989899 -7.411846 285.722681 -253.838741 -31.770177 -18.565759 -13.185644 -123.931334 -153.370472 8.599582 -10.009081 529.425365 -10.720182 18.041067 42.314254 682.851036 1.303183 7.206356 -631.152484 -135.113611 -58.955311 0.613101 -326.648352 28.182022 155.354454 -26.560606 492.277829 2.010917 289.330221 -38.392562 149.007091 -76.040659 4.798235 -35.168605 -9.573258 124.381288 2.965106 -39.549791 -13.872360 299.795276 25.982757 -16.499082 23.908785 231.630599 -5.163555 7.408173 -624.118151 -120.812621 14.626365 -5.300531 18.716049 87.990562 234.728191 -20.426946 211.769462 -1.087236 160.090450 -49.814203 -1.898021 -98.581573 0.584022 -79.379196 37.550301 -311.934037 0.763085 -99.550454 -53.295480 -380.458729 -28.435313 -85.155341 -150.344353 -634.909397 -86.146669 -96.133711 -437.071268 -279.737272 52.779308 -32.886185 94.843740 32.550811 115.473676 0.558872 143.030099 49.401235 61.418988 -56.026324 -65.748342 -81.452046 2.967146 -33.218141 148.061065 71.078206 8.975207 128.362106 56.539843 620.649168 -29.443424 142.644373 103.771095 1186.252678 -67.954086 84.564024 
206.327824 1318.083461 95.825630 30.369044 197.452097 1000.675849 188.689445 42.367947 -659.734925 965.781833 178.459877 29.958984 -791.394960 1384.523544 108.601877 16.481660 246.266580 848.311652 127.118865 35.144960 127.240868 133.556525 14.676487 -0.411642 -0.326191 -73.725258 -13.161871 -6.528645 117.613534 363.061499 59.854275 22.696077 343.608127 12.487960 56.604530 44.041450 -24.280227 -171.317825 -17.705158 -17.767651 -350.272319 -441.332109 -163.055122 -56.071447 -117.951331 -535.944904 -149.746148 -24.504795 -81.049740 7.197990 -6.934114 -24.044409 92.481992 331.541475 48.416310 23.869223 -4.336114 -1338.618712 -69.591853 -49.315733 607.579915 -930.666641 -13.706101 -48.164881 244.946409 -548.287930 -160.048898 -68.982145 -62.394016 -479.820044 -136.465922 -24.664830 7.576880 19.144501 90.230793 -0.708984 -29.925237 496.081012 148.366162 -2.577237 136.055351 556.613075 124.388940 31.527625 271.330425 -269.069993 8.599352 -11.877742 407.195210 -83.850883 5.004642 -11.624248 -297.485588 -29.175620 -155.664141 -8.903352 -96.514004 78.326548 40.535838 3.715233 -12.542394 -230.238267 84.751428 -23.607948 2.461305 -619.014029 -7.216279 -44.305581 -63.673120 -622.534869 -29.572850 -58.963065 434.064917 61.230283 28.765764 0.527701 140.055045 2.412968 -90.838613 12.275253 -304.299536 17.896822 -123.561652 15.558999 -54.655673 -8.333129 30.252321 15.692965 50.305071 -168.934828 22.337006 63.263570 29.404959 -206.331675 -23.537216 59.381084 -16.887129 -186.480742 -29.486328 5.280533 422.212198 21.850602 -29.720284 -1.250485 70.769080 -63.628813 -130.742654 2.549638 -177.299408 22.357668 -57.329431 12.876110 -31.572493 53.828895 17.687328 23.401337 -18.599837 105.036119 8.203168 12.609555 13.034869 240.180619 12.943705 149.192455 153.621442 599.691154 30.289052 140.719595 480.062570 196.214060 -56.160315 36.137231 178.402280 123.422482 -46.714800 -9.747602 -86.430645 7.431538 -22.387716 -38.351163 -58.920518 17.853051 1.628303 -32.945184 -73.872590 -143.647919 -9.471074 -171.049281 -44.311167 -527.226405 -2.230614 -195.272064 -96.313846 -766.999617 -69.968549 -136.238088 
-5.565197 -69.985818 4.793899 -0.821906 -155.280380 24.874656 1.769309 -1.250944 -576.633762 43.149985 96.801908 -44.453933 40.482502 108.601877 331.209570 -24.203041 215.545710 94.457708 177.990562 2.679114 27.581522 13.132027 17.051627 -4.056372 0.354811 9.872564 3.042343 0.795480 -34.326497 -169.319916 16.048924 -20.240690 -27.353076 -33.147893 15.158096 2.371850 -41.830885 -28.508775 60.445057 -10.908275 42.836292 -262.582032 97.190644 -7.341853 -32.846648 -153.459137 35.800020 -15.668605 -25.137129 30.552852 29.936639 -13.567544 14.252015 112.392868 26.897664 8.375727 -11.664728 -114.970513 20.949597 -18.153964 -36.831599 -16.090093 35.258290 -13.963065 5.870932 -28.708703 47.960514 -3.994286 52.734925 -123.625242 37.595551 -1.466483 -7.019641 -99.214366 49.147995 -7.475360 -4.819712 -33.245995 69.005051 -8.496837 -1.950974 73.148709 42.370319 -8.131160 22.558463 28.987501 11.325732 2.634476 -59.480563 16.059637 49.522294 -1.748648 -78.397408 8.243802 70.030303 -2.185032 -1.261249 -16.868636 46.313488 -7.238802 8.567646 -82.326548 72.414396 -8.257372 16.514284 -149.757015 63.700286 2.458780 -36.878227 -144.853178 14.340526 -26.838282 35.319763 15.459953 16.216560 2.416743 -18.622385 12.058412 44.962351 2.035354 -83.272013 14.142741 26.855423 -1.233242 -10.294664 21.051984 41.771248 0.078921 31.327926 43.797623 62.279155 10.085757 20.403122 44.734874 28.329303 24.477502 7.036119 69.434445 18.245587 11.603306 109.138812 -5.351444 32.168095 -1.929650 -0.677329 -0.101826 30.714876 -1.886338 -101.828538 16.541322 -0.678145 -3.686716 -25.471278 12.570095 21.747016 -14.965310 0.042598 33.696204 17.274105 -4.681104 7.696613 101.961637 14.653097 47.325222 13.128558 199.258341 20.370881 44.289664 309.719416 202.743853 70.955770 16.886338 34.519437 -1.808846 40.389042 -10.312162 -98.108917 11.086981 9.805224 -24.732170 -61.446485 -15.879145 8.817825 -44.761045 -39.852158 -139.415213 0.476125 -102.455770 -6.300786 -247.750026 2.691052 -47.776757 -113.103663 -358.225130 -44.741047 -12.846087 
5.573921 31.259208 1.119580 1.118712 -28.397000 30.198347 1.689037 0.262754 -21.037343 9.072620 5.568743 34.913376 8.663708 16.481660 -24.203041 73.279895 -31.335757 28.444700 -15.483573 19.742858 -7.393149 1.760892 -3.402076 4.881492 -1.080298 -12.044409 -2.856800 0.336879 12.821421 10.195771 -1.469825 3.390088 -20.191230 19.144883 -2.438782 -1.578028 -11.821243 -33.674217 -3.988139 -2.798158 2.128456 -36.766146 -7.210106 2.904168 -1.517447 -9.410927 -5.852719 6.467911 -2.737680 -5.855627 -6.935950 3.866417 -6.333537 -15.022651 -4.196995 1.157867 -4.960336 -76.623559 -6.003495 5.442455 -20.417993 -46.116340 -6.759310 -1.153913 19.425645 -41.262269 -2.122360 -3.311856 13.722758 -40.613228 -5.359759 -0.063361 -0.320988 -2.203423 -0.352923 4.619452 -3.730410 45.185440 6.537879 7.171972 13.132742 47.996352 2.580451 13.983395 -8.363483 -12.984797 -0.882333 -0.340654 -2.866468 -5.124630 0.533160 0.576803 1.883966 -4.184803 -3.184343 0.621442 2.082874 -12.841394 -9.907433 5.281247 3.705846 -22.695771 -6.593332 14.487960 -8.501862 -10.199776 8.933145 6.310785 10.631033 22.759234 2.828130 6.251556 -9.232196 -3.384706 -2.441154 0.331344 16.680339 -3.532191 -4.387282 0.492424 5.303821 -2.515126 -3.169447 2.480946 3.084660 -13.809509 -6.589481 5.336114 -10.554688 -34.840042 -9.955005 6.947939 -8.299357 -27.582313 -4.673834 4.307163 -2.482017 4.900546 -1.494694 5.071625 -22.000536 -10.171386 -5.144883 -0.458729 19.404321 -5.573054 -1.508494 1.571727 13.459494 -2.246097 0.220156 1.321778 3.759973 11.364402 -2.109275 7.559331 -14.518314 24.272421 -1.038338 3.379579 -13.638022 26.902331 -1.161489 3.364937 12.028696 34.363942 -6.897102 11.336573 6.137767 -15.038823 -10.180823 -1.309101 44.325451 26.855755 0.538950 0.379681 26.398352 14.130752 3.597847 0.523799 6.458780 4.872079 1.990766 6.591037 -11.790863 -0.348408 -1.960055 4.829813 -12.675365 -13.400010 -8.875599 -16.474339 2.868636 -57.836012 -13.235308 -4.580859 
47.333792 72.928885 16.298388 3.249362 -208.529538 115.147383 -4.023901 -6.927431 -1168.818947 70.280456 -70.688272 -81.152586 -11.809866 246.266580 215.545710 -31.335757 971.510076 261.498674 286.761045 54.246735 145.273161 138.674676 63.041807 6.851597 39.497347 199.150622 48.182634 11.971967 -25.798158 -544.843766 14.755714 -12.610780 -81.704086 -191.046322 13.974594 -28.281629 -320.216406 68.173605 -9.296526 -42.879375 89.334048 -468.659474 142.474875 -15.780966 106.047291 -194.550046 121.646261 -1.233139 -16.785277 225.224008 80.050275 -7.917993 44.833384 221.833946 51.697607 15.457377 -44.117871 -358.875676 58.582313 -23.682583 -204.423911 -42.586445 73.018110 -39.414805 -183.368406 29.193093 84.447888 -16.067238 261.794689 -239.598587 169.549536 9.104224 29.964085 -208.591190 48.161463 0.033900 -8.270049 -78.383481 24.113636 -7.400316 4.070350 -4.166386 3.488726 1.354530 -26.756351 181.286603 34.482578 7.127461 -327.297903 72.651107 46.504336 -3.213014 -151.826421 36.322084 229.083333 -4.187557 133.453398 -93.571217 122.190873 -2.718039 38.444751 -172.348153 28.106035 1.462606 25.930390 -122.273288 44.843103 0.346546 -3.649551 36.610065 0.508877 -23.551525 -97.942582 -15.013672 9.266223 2.888124 -208.104428 -0.169983 165.889118 -2.785354 -116.893506 35.110473 228.170518 -4.215565 25.883507 11.434701 70.242067 -1.296781 36.897510 38.788925 58.875115 6.432838 29.579890 43.300250 50.265049 19.507805 20.171641 -10.357081 3.837057 0.936639 -40.168427 20.754336 89.808948 -3.703500 -71.724186 35.477859 187.863866 -11.858841 -177.906540 25.622130 66.182966 -9.408096 -3.206408 67.147536 10.777319 22.718753 17.220488 46.800582 10.488751 16.672151 -2.094914 54.557877 -5.972885 -14.961815 -7.111341 67.229721 -21.819916 -16.232502 292.656846 297.642281 158.470080 4.237629 -6.479721 -37.681742 82.819177 -15.355652 -300.054765 -39.743547 16.927558 -35.408096 -66.681614 10.536399 2.442965 1.208933 3.897842 -17.360499 -5.170340 12.350627 -0.252245 -32.378533 -7.650418 -32.611213 19.556831 -6.670416 -67.864784 -124.806805 
62.079431 524.392919 35.829303 6.648658 16.928681 503.992195 76.999592 12.162483 -564.615549 382.033211 59.896745 19.939241 -502.880726 848.311652 94.457708 28.444700 261.498674 1375.133048 269.740996 41.224161 294.775074 608.527599 115.749719 36.904244 59.038823 55.488930 13.921233 3.890776 2.839200 80.780737 43.640547 6.815223 110.018825 102.722579 32.461739 28.809815 -135.743036 15.583002 18.272574 2.484644 -215.190134 -181.827977 18.971278 -33.630446 -86.348944 -51.839761 19.580298 -17.032344 -16.511172 42.022141 -1.905877 -7.599276 10.164269 119.339914 15.720029 8.121977 -117.008060 -1004.252321 -57.628813 -23.049893 214.557647 -611.363840 -17.714825 -33.948628 181.398429 -330.403632 -21.366391 -43.930721 88.753137 -439.278033 -23.767575 -18.454086 -28.003928 -155.251964 -48.568564 -7.868534 -47.875880 263.978165 -15.747475 -5.185134 38.021835 318.312570 41.590501 19.991123 11.917202 -285.111774 -22.158453 -12.159882 126.094888 -139.288899 18.346699 -10.940363 -122.100143 -53.741506 9.878788 -4.419651 22.864555 136.806805 58.672891 11.692276 -41.337619 136.966738 0.872411 -6.454596 -14.811652 6.657688 -15.981890 -19.610907 -4.190797 -183.226099 -21.275788 -4.002551 70.152382 3.900163 21.343587 -1.691307 -13.935313 -11.652229 45.708907 11.823232 -132.896643 -7.103867 13.255841 10.825987 -34.325324 43.478165 8.213754 3.961330 -29.480971 -65.829456 -1.589991 4.649015 -3.335629 -123.937506 -3.914396 -2.179982 4.905112 -126.962147 -7.356851 -11.421028 155.393327 -10.501786 21.489542 -2.369860 -41.657688 -31.373533 7.981635 6.360473 -80.624936 8.921488 -8.692837 8.233548 -7.682685 74.197123 -6.160239 12.481226 -40.352821 198.221151 -0.196051 -31.805734 -45.203194 211.262116 37.450362 3.839149 68.720386 467.410162 69.323947 45.531119 448.575196 372.378431 46.721916 24.922355 137.670646 86.716100 25.662841 -15.453525 -63.413427 -3.199776 6.919906 -37.877564 0.293439 61.337210 -10.890062 10.920059 -44.857668 127.385369 -8.468779 -73.772421 -98.551066 -94.764514 11.950974 -201.990154 -147.711458 -355.043465 -17.059688 -169.166003 
-5.961433 -26.358637 5.308132 -2.307214 -74.048515 23.430670 6.578767 -5.717886 -426.204010 28.706459 -5.581930 -20.733088 -163.110703 127.118865 177.990562 -15.483573 286.761045 269.740996 272.891848 5.701612 121.264259 156.233956 71.693042 5.228293 17.719365 79.252729 14.863738 5.842771 -28.091878 -133.611468 22.611825 -20.863279 -7.486685 -0.397204 22.172329 0.291501 -78.407101 41.046322 21.933578 -7.475768 -6.445618 -169.781298 103.578614 -5.586573 -5.305326 -122.224059 94.411591 -8.166769 -17.358892 24.125855 31.374656 -7.950923 1.775890 79.593511 16.655698 4.857361 -45.525150 -174.302010 30.901388 -24.113101 -52.363279 -67.682838 34.920824 -15.930007 6.441639 -31.674727 30.450872 -11.153607 106.816192 -163.243700 51.374248 -2.194674 -7.539843 -138.032548 17.253137 -4.024487 -18.414754 -13.508162 20.434343 -5.521630 -7.416080 44.729517 21.038363 -4.670646 -14.605908 23.845169 6.672380 -1.870115 -101.798286 -1.575809 20.930466 -1.151311 -53.111825 3.019743 71.545455 0.250230 55.610652 12.508775 53.839200 -1.291144 -9.683043 -3.115805 50.670136 -7.838639 2.472044 -44.196409 51.231966 -5.241404 -19.974186 -88.716355 14.570554 -25.315784 -42.182532 -10.812315 5.834099 0.290940 -60.282624 -4.463167 47.968779 3.984848 -30.190287 22.238241 61.132742 2.973370 18.580451 41.017090 41.088971 0.730895 6.579992 31.877972 39.191460 6.649117 3.867309 -4.955209 28.281553 7.978880 -1.348179 -15.517804 22.579380 -5.504132 -1.553566 -19.448322 24.291144 -1.687685 -24.732884 0.314152 40.741506 -1.030966 -29.306499 21.950872 10.076217 2.475819 0.536068 36.051270 6.421028 4.542496 -15.243904 53.843128 4.191460 12.047087 -6.490715 93.679267 17.186154 16.498776 3.531221 188.121518 28.766197 24.892970 153.234568 134.725487 61.352005 8.495613 44.363330 1.701714 36.551576 -14.707020 -47.087338 19.309203 19.311652 -16.014080 -6.835833 10.357770 4.044638 -13.031017 -22.394399 -41.381237 -0.192378 -74.084328 -17.538159 -134.433680 11.628609 -73.854811 -67.895674 -209.520355 -25.227732 -36.198704 
