90.064789 103.523212 6.436435 9.761504 149.512091 134.924855 22.440720 31.556780 -91.192429 77.847975 -5.168299 6.402969 -123.311448 19.106928 -21.790736 -7.387154 -13.202734 -38.858688 -37.363534 2.000306 -6.661463 -50.014488 -29.922355 1.860014 -3.345832 -11.741047 -3.022702 -0.432507 54.207122 55.323845 2.910519 3.137741 88.996225 -54.868126 -19.365116 17.215794 -23.904806 17.968473 -22.970156 -0.708754 -50.740639 -0.748342 -21.161922 -7.230640 -4.468575 -41.062137 -34.587389 2.585706 -17.731303 -28.186052 -25.245281 4.445057 -3.519131 -5.961535 -2.941282 2.565401 21.106775 -18.535405 -6.183655 -3.877053 66.883685 -60.080961 -13.702377 6.966891 -43.406030 7.928018 -6.574227 7.766758 -36.722936 22.654321 11.499847 -0.633456 -16.419498 30.225334 -10.862259 2.679727 -9.180594 11.794562 -7.042037 17.039945 6.747271 -4.819151 4.056372 24.429650 27.306244 15.222936 0.067391 0.920620 36.489797 10.691664 -17.427558 6.929395 -37.618457 17.501377 -1.649475 8.140598 -25.032497 -33.563361 1.528109 -0.547291 11.823232 -40.635956 -29.372615 -5.337670 38.501377 -51.267422 -4.664677 2.791399 21.602388 -29.913070 6.631874 -7.610754 56.013672 14.729007 -48.562137 1.536425 44.750638 -18.583308 -56.516529 5.307061 -7.656770 1.647842 -9.975462 2.874911 -13.406642 -14.431436 -20.349964 -2.622181 11.031680 -12.330732 -20.210897 -1.516784 29.584277 -1.944853 8.057035 -3.272217 4.466789 6.912305 -7.982553 -5.394399 -8.342516 9.527191 -62.459035 0.136007 55.872003 2.968728 -28.460718 0.411948 -4.091368 -1.277727 -15.436231 5.255076 -2.274411 -2.034027 -1.317927 1.161310 19.130395 -2.218141 16.055607 -3.619120 13.128405 -3.660647 1.279563 -0.243700 55.581726 -5.573870 -52.107744 -0.001224 -64.963728 -78.082951 -21.062851 -46.638353 58.227069 -39.417508 -44.983981 0.023620 -6.069330 31.837823 -13.454035 2.813386 -4.463524 12.848536 34.674217 -6.634884 23.116366 -0.990256 22.840373 -5.883532 -5.636721 0.067085 -33.671258 -3.419039 54.057953 35.378635 -30.511070 2.948169 
103.523212 1202.019411 47.976252 74.762065 311.646541 852.230793 127.447862 65.645929 0.199929 531.424676 20.338256 85.106214 -511.698653 448.565172 -96.691511 3.026808 -120.838282 24.852107 -140.657662 -3.831573 -54.159474 -234.687685 -140.781655 -2.384042 -20.298720 -66.367080 -16.724390 -2.077824 80.104250 659.372207 -42.777982 71.941001 292.573411 -60.716891 -121.341419 76.319100 137.807469 -119.822697 -138.251377 16.824916 -217.480053 -21.342950 -216.218932 -20.092593 -40.731762 -251.180517 -236.736073 5.351393 -91.329150 -198.609785 -123.547572 10.162611 -23.926921 -46.294817 -13.907739 10.819661 -31.149092 -804.839098 -129.114096 -25.526222 370.828665 -566.302648 -110.002474 0.508698 19.719620 -124.527956 -52.688170 27.969467 -181.045353 100.905443 16.608968 11.765458 -105.047215 79.690032 9.107668 46.410111 -145.523263 90.303158 -46.770330 62.799128 27.686537 8.392996 6.756377 68.840858 58.903581 17.729696 47.344990 0.413937 153.526349 70.862591 50.471253 17.963550 -138.963958 114.981405 14.816447 53.766350 57.118279 -67.124426 11.896057 44.459137 84.568182 -127.923579 -84.279742 -10.686971 -68.314050 -158.728752 -78.292853 37.233624 95.148072 -109.565810 22.823513 -60.282879 302.858076 164.617718 -88.597184 10.330655 113.231150 -45.186512 -192.196051 28.440261 -46.230130 -74.730716 -58.747373 42.286629 17.476201 -68.557775 9.512116 13.675824 -66.846878 -54.372666 -139.106596 -8.149117 -13.067595 -15.051168 -22.613126 -1.924676 -104.331114 27.868228 53.436180 4.612259 117.081038 136.261989 -265.989618 45.775304 25.339353 166.499056 -144.679854 63.726865 -107.493802 95.185058 5.948322 -2.610754 -83.798822 -31.999107 13.723268 -51.208831 -92.682048 -26.761045 -53.726559 -15.447990 28.136058 -4.021783 16.764896 -1.096138 -38.689164 -3.370039 -47.334175 21.755586 -338.565427 -154.148684 -97.965769 -138.649066 -123.846291 -126.466330 -135.058565 -39.164269 -98.786272 -94.949776 -105.805989 -10.516631 -126.489338 -106.380599 -76.439751 -89.471712 -106.158759 -50.161565 9.618763 -87.379553 -3.378737 -25.389093 -1.473370 -26.396847 43.313871 9.550888 -80.970641 0.423350 
6.436435 47.976252 9.324278 0.009540 32.894934 42.121518 13.975411 1.588996 -18.454801 33.335604 5.042113 3.294919 -45.855219 33.505484 9.033925 -0.259234 -3.273084 8.701969 2.048031 -1.098332 -0.098408 -10.380982 -7.562188 -0.974033 -1.369886 -3.443756 -1.061856 -0.178375 6.893965 45.086165 8.717886 -1.893251 24.644577 -16.136083 -1.859326 2.128099 5.901133 -16.134451 -5.272957 -2.306397 -17.890521 -17.333767 -12.416820 -3.188552 1.349046 -21.478038 -14.407331 0.063055 -0.645954 -4.348077 -5.064560 0.285660 1.379324 0.271758 -0.526196 1.063004 2.230155 -34.083359 -5.821625 -1.529436 34.924166 -33.944521 -7.277956 0.912738 -2.776247 -10.452658 -5.345194 1.315197 -16.348842 5.496352 3.456994 0.006504 -2.442072 1.665697 2.525941 1.708550 -0.746863 11.513443 1.085042 1.742195 9.800403 13.156081 0.649398 13.828461 6.519284 -2.663784 3.720564 0.323947 15.103484 -1.798107 -1.284486 3.755102 -5.188017 -0.746786 -3.034333 1.580400 -1.086955 -8.814509 2.539307 0.569789 -1.724747 -17.171513 -4.810045 -2.898633 -2.380624 -21.244822 -3.872743 -5.043695 25.222911 -15.582798 2.363917 -7.275074 15.259361 -1.809739 -3.591674 0.323768 12.208652 -5.291654 -10.977961 2.125752 -0.126365 -2.852847 -3.237731 2.540991 -7.814432 -4.448041 -1.157305 -0.672202 -6.272039 -4.576982 -11.602923 0.004234 3.148199 -2.252729 -0.549765 -0.194189 -7.324686 -7.460514 10.685491 -12.480028 1.462580 4.452989 -14.398709 -1.207249 10.271860 13.832849 -6.513187 1.360014 -9.187098 7.454571 -2.720641 1.955821 -6.293771 -0.618024 -7.499872 1.871059 -0.917126 -1.003010 -3.118661 -1.337338 10.314203 3.967656 11.303923 0.155928 -26.918733 0.036297 5.499158 -1.035966 -21.113177 -18.407637 -5.233446 -15.912611 2.383736 -14.648148 -10.774819 -6.925059 -8.984160 -6.192200 -9.014896 -1.497347 -13.762065 -2.828257 -1.036629 -4.817442 3.656668 12.573054 10.660086 -5.378635 11.184165 14.884553 20.290634 -2.027701 -28.064458 -5.000077 -17.808565 -0.144603 
9.761504 74.762065 0.009540 12.216611 11.850168 62.021886 6.021324 11.084175 3.556678 31.778900 -2.095398 6.205387 -19.875421 14.637486 -13.947250 0.860831 -6.847924 -4.952301 -13.764871 0.816498 -3.321549 -18.317621 -9.597082 0.387767 -2.028058 -6.641414 -1.480359 -0.196970 6.029181 4.163300 -8.142536 13.409091 12.199214 -2.406285 -12.315937 9.797980 5.946128 2.607744 -11.656566 3.617845 -5.322110 2.842312 -10.291246 0.175084 -1.554994 -7.632997 -12.925926 2.473064 -5.158810 -17.982604 -8.007856 1.097643 -2.796296 -7.573513 -1.716049 -0.312570 -1.576319 -60.892817 -8.691919 -1.487654 8.245791 -36.234007 -7.184063 0.460718 -1.789562 -5.047699 -1.048822 3.237374 -5.075196 10.690797 0.452862 2.552189 -8.301347 9.517396 0.489899 5.035915 -11.122896 8.858025 -6.282267 8.641414 -3.005612 -3.266554 -0.280584 1.108305 2.545455 5.645903 4.320426 0.130191 -2.048260 13.061167 12.168911 0.371493 -18.520202 15.131313 3.813692 7.265432 2.270483 -2.797980 2.113917 7.136364 2.328283 -4.847363 -4.585297 -0.126824 -7.005051 -6.136925 -6.205387 6.493266 -2.297980 -5.483165 0.174523 7.886083 24.426487 13.825477 -2.112795 0.501684 2.248597 -3.596521 -6.909091 -0.512907 -9.652076 -4.338384 -1.080247 2.034792 5.956229 -4.447811 1.083053 5.748597 -6.085859 -3.946128 -9.597643 0.490460 -1.849046 -4.586981 -2.396184 -0.763749 -2.127946 -1.106061 0.368687 6.080808 8.823232 12.856341 -17.471942 5.795735 -2.214366 12.172840 -8.389450 3.209877 -8.116162 4.125140 6.273850 -3.995511 -7.988215 -5.508979 4.630752 -2.003367 -10.040404 2.157688 -4.213244 2.504489 -1.577441 1.943322 -1.352413 0.280584 4.489899 2.665544 -2.210438 1.158249 -33.989899 -18.498316 -8.642536 -6.506734 -8.258137 -14.713805 -12.271605 0.520763 -2.646465 -11.800786 -7.430415 -0.662177 -9.863075 -15.304153 -4.691358 -4.931538 -12.837823 -8.259820 0.072391 -4.496633 -7.441639 -5.127385 -0.030303 -1.831650 -1.891134 1.074074 1.965769 0.094837 
149.512091 311.646541 32.894934 11.850168 1406.761478 289.942149 113.734925 101.896924 496.888277 404.279691 -119.748929 107.245179 -1251.525253 87.424778 -286.827671 -69.223676 -256.489746 -107.416284 -119.263009 -21.410239 -33.213958 -256.991123 -119.844200 -4.414448 -21.628635 -94.483701 -19.302495 -2.908402 65.826829 932.674472 72.802724 -16.034206 502.799510 -278.394781 -5.412381 61.743802 101.044536 -119.306015 -108.027319 38.439394 -364.326140 350.974212 -57.559458 -51.858586 65.417508 -182.474059 -77.913453 -6.417355 37.051729 -245.492960 -86.244337 5.742654 -13.030533 -92.985155 -22.683578 2.524946 39.007423 396.933272 5.499311 -22.322161 417.317493 -86.970386 -75.636287 67.509259 -28.577135 -5.668197 -100.359275 83.382231 -275.737221 111.485690 25.516988 -20.931359 122.268825 -28.328589 17.733471 4.466177 37.242883 38.839838 -32.589838 34.508035 49.402280 26.416514 -13.101546 39.090833 30.032140 -27.437022 -83.774181 0.232017 209.333716 -79.391720 -114.562060 40.994567 -27.283058 -10.488751 -106.103612 56.467707 -74.331420 -31.118457 -31.684956 8.562443 100.962121 -142.203551 -89.120370 -24.793082 56.842057 -124.822926 -57.435491 -11.807392 131.344582 -33.421947 5.064815 -81.083410 54.251760 52.877334 -261.936180 -3.934573 132.576523 -3.355525 -156.468320 5.907867 -104.120447 3.177916 -67.681665 61.335246 4.452938 -44.037420 -116.947735 34.552877 75.980946 -36.086777 -141.643480 -2.115090 54.118304 -15.750995 -11.345194 -2.607974 20.411157 34.481635 -0.704316 -56.012167 -53.341827 26.336165 -290.485690 -53.621136 184.660545 82.901362 -122.768519 25.272115 -25.527319 37.746021 -77.302265 20.674778 -11.916667 -19.959519 -70.633532 21.294077 92.680211 45.060453 -39.872666 32.925237 64.161157 8.383991 7.398607 3.637358 85.736455 10.087619 -128.371212 -19.151974 -221.841827 -380.789945 -116.774411 -280.794307 136.869452 -43.818182 -242.582798 29.354607 -16.786731 192.889731 -69.393327 -16.711815 -79.946128 -45.718626 113.188858 -92.617922 97.201255 82.078359 70.950872 28.622590 27.477349 20.459290 -31.056015 11.477961 128.446817 75.681129 -174.866315 3.232247 
134.924855 852.230793 42.121518 62.021886 289.942149 1086.076217 111.160086 95.445363 -200.230181 710.279920 18.816957 77.030762 -490.621212 544.822620 -45.492042 31.741200 -68.088919 246.886287 -66.012550 22.598714 3.168044 -150.238139 -116.348332 10.147536 -17.063667 -67.760331 -20.783440 -2.574380 67.220998 26.626722 -57.317110 22.931589 256.408785 -134.988215 -159.166514 69.235078 184.538567 -95.046373 -153.504132 19.282828 -149.315580 -209.868075 -199.028007 -28.904040 -17.415825 -306.301653 -291.478421 27.549128 -70.696204 -168.777166 -138.880931 30.778237 -13.657025 -32.423171 -18.187022 14.703092 -49.744414 -1002.630089 -146.339761 -48.470921 270.382461 -744.567034 -111.466177 -18.730640 28.113407 -198.504744 -22.501377 -2.972911 -115.068717 142.048822 20.301653 17.733242 -102.149219 118.985920 11.466942 35.070401 -77.327365 137.284053 -27.177992 110.162534 57.550352 80.679829 1.308693 178.370217 90.872360 59.533364 137.897766 -1.514080 102.714570 136.713193 129.902816 17.553107 -158.035813 104.658861 3.860116 45.590297 16.007193 -127.499541 12.234466 25.564279 47.045455 -196.812825 -18.946128 -35.310070 -16.240129 -306.960667 -52.618457 1.829660 272.027548 -165.207530 0.531987 -22.018672 427.505204 212.478574 30.551882 19.206612 59.868534 -84.162228 -196.709366 16.074992 -23.606214 -117.704775 -91.205081 27.325375 -20.311295 -116.362718 -1.277625 10.669728 -98.800735 -105.961433 -98.589991 -15.268901 -1.749923 -56.065963 -12.454699 -24.668809 4.014233 -21.758953 65.081267 -91.297062 241.876951 210.680747 -230.543771 84.417661 -41.205846 119.907101 -127.154882 11.941537 -124.978880 18.463422 40.530150 -2.919804 -72.318182 -39.299510 -12.874809 5.886134 -78.518365 -28.012091 -38.329507 0.278084 32.584940 5.936333 36.214723 -1.378482 -74.527089 18.065810 -26.080808 1.554637 -156.163453 -38.781910 -72.329966 -70.462351 -90.661769 -150.373737 -61.980410 -52.718396 -70.846189 -202.516835 -49.284971 -11.955617 -96.602694 -106.117386 -43.837772 -41.333486 -35.747322 10.887358 82.608815 -51.204316 -20.940924 6.642485 43.084940 -24.129936 -15.224212 1.589532 -121.123202 -2.160086 
22.440720 127.447862 13.975411 6.021324 113.734925 111.160086 72.176819 11.229262 -30.717580 129.767269 53.930007 12.086012 -203.400673 124.291603 2.574482 -1.977400 -25.961177 34.491838 7.341496 -0.510866 0.754668 -68.416641 -28.035864 -0.577645 -8.025150 -25.273646 -5.568666 -0.580349 30.655596 91.038874 13.331446 2.473829 120.147485 -93.657127 6.730130 9.091827 14.958984 -54.688858 -15.380165 -4.765993 -86.725844 -18.705744 -27.453780 -13.991582 5.569585 -91.415366 -37.667891 8.255433 -9.984032 -62.121569 -29.021477 9.427762 -7.146618 -15.079329 -5.615651 3.812927 17.521783 -85.514182 -14.263085 -3.800633 136.326140 -101.335476 -21.346750 13.805836 -20.947046 -11.915162 -9.488675 5.381084 -89.804612 46.199214 23.598867 -4.737068 3.445210 3.617641 18.494031 12.974084 -15.063667 60.979084 -4.999286 33.438017 25.094786 43.164881 -0.591266 60.887154 22.646006 -1.841853 9.335731 1.215284 64.501939 2.297776 -6.229926 14.447556 -30.597796 16.741506 -21.417559 20.187226 -16.892664 -29.745638 15.395215 2.736915 38.232323 -76.043108 -8.597082 -11.766095 -11.723140 -83.398786 -21.229721 -13.521426 108.403122 -48.444597 -0.217733 -0.966381 55.725079 -2.088511 -20.587083 1.419039 41.207581 -27.285838 -42.468779 6.388073 -18.930466 -15.682736 -21.764208 22.932252 -20.026324 -19.312825 2.613968 13.048720 -6.465565 -14.716100 -33.169728 1.990613 -6.823487 -9.270023 -12.593766 -5.120804 37.701714 -40.480257 19.042241 -56.061983 -1.966942 13.160137 -48.081369 -0.311397 23.381441 49.053770 -16.796857 10.243700 -36.652893 39.069738 1.359096 5.092950 -36.442761 9.732374 1.262830 6.859351 -19.881543 14.230538 -14.122181 7.561269 19.555249 10.208856 15.001428 1.887869 -48.795225 -6.409601 20.138047 -10.921182 -61.896235 -41.767371 -16.280584 -58.452097 -2.046628 -52.516835 -34.082134 -28.226559 -27.869605 -33.560045 -30.999592 -7.626059 -57.187991 -30.566626 -6.461637 -17.593766 -23.645291 21.097694 24.729875 -9.020967 13.294664 28.387001 63.082185 -3.497857 -72.025355 -21.694062 -37.835119 -1.237425 
31.556780 65.645929 1.588996 11.084175 101.896924 95.445363 11.229262 39.373049 -28.753290 57.516912 -9.580732 20.672635 -94.611111 22.208372 -13.832568 -3.085782 -14.430364 -5.692072 -10.123584 0.957530 -7.689164 -27.521732 -15.327977 1.805173 -4.094506 -12.103994 -3.008800 -0.307851 3.020279 5.172635 -4.220080 4.603076 42.948883 -40.999158 -12.098179 18.712580 20.016529 -1.479109 -18.268365 9.090909 -21.989746 -3.996250 -12.159550 -4.333333 8.319865 -30.317952 -18.772498 3.401286 -4.503520 -30.059382 -14.582568 4.725666 -4.604454 -9.194827 -3.280609 1.572850 -1.218626 -41.290481 -5.424472 -4.052954 18.631084 -50.490129 -5.869223 3.935185 2.257117 0.763238 -6.424472 10.294077 -12.985920 19.393098 7.199265 1.559917 9.830349 11.658708 10.188935 4.080196 -8.220386 28.247398 -3.260024 19.469008 5.987068 8.483395 1.306780 25.384374 5.709366 8.210667 8.308157 -0.013009 1.042776 13.236991 11.828359 2.189547 -12.690312 15.961662 -1.885828 12.266452 1.612871 -19.504132 2.915901 6.618457 15.901515 -25.494337 -4.798822 -5.221151 -1.258035 -37.108203 -10.502066 0.161846 36.734389 -21.091827 0.985690 12.861647 28.187175 14.419268 -11.406336 0.577365 8.732017 -14.688093 -17.570248 -1.885369 -15.308387 -2.371671 -0.187940 2.991659 6.693067 -9.056244 -6.436563 9.402586 -1.295914 -11.367309 -24.945133 0.224824 0.929446 -12.581420 -4.538185 -5.011861 19.935032 -6.477502 5.713039 -14.323921 -5.592057 13.909474 -35.211279 11.065121 10.325681 8.033900 -8.958754 1.524487 -11.121901 -2.191843 19.555249 -5.824457 -7.376263 -1.465182 -2.368304 1.325298 0.097107 6.091980 -8.295378 7.573845 5.316345 0.897919 4.745103 0.154653 2.349862 5.396771 -2.568182 -5.365473 -57.546602 -61.480487 -15.771044 -24.151974 11.560300 -42.984848 -20.041628 4.623814 2.173783 -26.490741 0.753290 -2.077900 -12.099327 -27.308004 5.864861 -11.164448 0.328589 -1.624273 10.662075 2.268136 -3.583869 -15.023110 6.543618 -0.891185 -17.880242 -8.909320 -25.329737 -0.974212 
-91.192429 0.199929 -18.454801 3.556678 496.888277 -200.230181 -30.717580 -28.753290 2334.255790 136.387103 -116.283491 123.448271 -445.178451 -135.044944 -681.237272 -4.099990 -776.563106 -201.293286 -372.757219 -61.862565 -64.729262 -149.646669 -143.258545 -6.161667 -8.460412 -129.891644 -10.622385 -2.210744 -28.365983 838.512244 47.015100 -4.825987 94.249413 160.150954 25.017549 -5.421488 436.616009 -306.226507 -88.004132 99.319865 -197.622539 635.272217 -73.445516 -1.037037 -72.627385 186.055249 -18.788185 -29.462657 94.771248 -158.724416 -48.181716 3.103153 -10.271503 -140.895674 -12.206101 -12.488267 -8.810632 820.946791 98.766299 -21.140394 30.658555 320.244414 6.622488 8.492705 347.379400 65.689981 -106.302724 83.547291 -203.719671 67.830527 -137.402051 -15.224671 131.761555 -82.845169 -44.937098 -7.105806 155.059841 -153.332670 -38.692582 -59.706152 -71.243138 -139.808948 -42.163810 -175.602285 -24.455923 74.997449 17.697990 -4.626314 8.651158 11.410723 -34.574737 -0.151158 201.388430 -31.376492 -144.194878 30.724416 117.636262 182.510560 -102.707173 -1.349862 171.297980 97.531731 -54.162738 12.845934 68.386134 176.856953 -67.207683 51.807775 -245.467401 76.849709 -19.288440 -74.662892 67.482196 99.501020 -188.661922 2.637588 -59.135394 43.513978 -138.042700 -4.902561 -48.475462 -3.669421 -97.159065 66.127844 178.023722 56.957147 -110.851138 35.231456 233.936639 18.824763 -68.132078 0.600347 75.693960 -8.324661 -46.224620 36.774513 -92.108662 92.306703 -117.661157 161.334252 61.710285 -29.048771 -389.939955 7.935619 55.685848 80.948628 -175.377666 22.484746 18.622130 40.659269 -184.251556 23.695796 114.744108 -12.131721 -99.567289 36.842363 136.547291 34.180951 -26.158912 24.499745 -10.941996 -15.696102 -122.910417 11.018263 436.053719 -8.632282 -317.447811 52.616927 -326.506887 -457.871136 -190.346240 -169.782216 39.176053 241.861953 -431.241914 178.736711 -14.381543 550.313692 -80.200235 -15.117794 -47.546577 98.987552 141.773901 -135.744822 -63.266963 11.839659 -131.025865 94.809152 -29.347209 -109.025304 -398.399908 60.270738 722.455362 230.108050 95.100143 11.126671 
77.847975 531.424676 33.335604 31.778900 404.279691 710.279920 129.767269 57.516912 136.387103 892.334073 32.107923 54.352311 -626.552189 727.836369 -98.792827 12.523748 -93.108560 237.595602 18.346317 15.584405 42.295990 -181.545659 -85.268646 4.903989 -18.629604 -75.828512 -17.771375 -3.460744 66.368865 161.224365 3.161565 -16.868916 323.658504 -196.785915 -62.772855 35.906795 195.014998 -183.335093 -145.233930 3.471380 -197.465973 -124.442429 -157.276324 -41.784512 58.241302 -413.078589 -230.861417 27.012091 -42.041883 -235.476941 -133.184241 32.747092 -20.763927 -29.486583 -17.153071 16.557188 -8.848510 -525.800684 -63.205923 -49.968677 392.888353 -553.980334 -89.773977 -8.418911 92.359198 -185.421130 -59.870906 -14.071396 -163.891389 72.287598 22.693909 -9.459519 30.026706 6.705336 40.666437 28.576013 -53.621977 225.195108 -25.429956 97.781221 66.330094 174.991557 -4.272396 207.243674 82.145087 18.631288 70.150010 -1.969748 215.178936 5.736481 1.791424 22.179650 -39.412075 26.802801 -70.331242 25.724416 -0.755153 -107.736915 38.941817 3.508724 99.219697 -239.993521 -15.064254 -47.790430 -40.442149 -272.511733 -76.230410 -42.416973 410.656336 -84.645240 -4.962682 -51.420467 291.482196 127.488394 -97.783134 11.326982 101.834303 -76.410264 -213.340680 21.319661 -8.162330 -88.419421 -95.411591 19.655622 -11.589914 -64.409014 -7.686996 -22.675110 -12.772957 -91.574227 -139.149755 -9.667330 -22.568666 -75.208499 -42.227145 -33.642154 147.494873 -85.551882 70.626722 -210.355142 96.132002 190.297189 -219.008137 30.342184 53.120192 171.572365 -74.890292 19.989797 -60.567264 61.409269 -1.968728 5.554382 -77.132155 -2.068590 -33.130420 -10.210667 -55.238062 15.544587 -55.714468 -16.305811 44.477196 10.480665 37.263825 -1.565070 -105.486685 22.062162 -6.743266 -28.170952 -172.564968 40.540481 -55.083614 -189.883226 -43.000714 -102.375421 -125.393429 -52.111774 -48.702250 -123.007015 -134.043669 -12.269309 -139.576880 -117.328104 -34.625089 -74.984721 -100.630599 6.632589 78.767065 -74.180747 22.036629 27.540353 51.473829 -20.991889 -33.744133 3.923707 -214.740766 -11.815248 
-5.168299 20.338256 5.042113 -2.095398 -119.748929 18.816957 53.930007 -9.580732 -116.283491 32.107923 261.068080 -28.720080 -82.856902 166.211228 208.739720 -5.453806 -53.587797 28.466534 39.339022 -8.912228 -9.863942 -93.651158 -25.158657 -2.415315 -13.364733 -52.166896 -7.802240 0.912994 17.347541 -96.223447 -12.031476 4.221993 106.186001 -117.581089 15.209188 4.265381 49.774258 -130.328359 52.609504 -4.057239 -132.217376 -14.852643 19.993036 -14.952862 -33.530864 -128.706535 -3.443909 0.202326 -15.135037 -90.525202 -22.343613 10.400291 -13.272345 -35.994439 -9.641848 6.098153 17.287292 -135.698551 -21.978650 7.452760 183.371518 -102.795148 -1.493394 12.728676 35.473676 -17.691052 20.115626 -6.541093 -202.017090 97.145062 47.732629 -17.669957 -37.128176 42.475258 57.429063 17.182634 -62.426691 110.149092 10.656464 58.185262 24.733573 84.427023 -7.881262 123.387333 35.796602 9.070120 52.813871 0.796806 121.812494 23.656234 29.894679 16.227910 6.047521 33.807851 -18.199367 18.777727 -73.090731 39.010560 63.985027 -16.051882 56.638889 -75.179267 53.224186 -5.038465 -39.462351 -105.542598 -16.193373 -17.802495 186.918962 -85.547597 -5.742705 59.228242 103.585450 36.965386 91.159627 3.677150 21.830374 -12.931027 -48.992195 18.332007 23.387614 -26.227502 -36.138302 52.321727 -35.830655 -11.437634 61.158683 13.250255 3.469467 -48.565810 0.161693 1.398888 -36.927813 -52.406591 -32.451612 -14.910953 70.442684 -111.405418 57.086318 -82.329890 85.126951 47.138379 14.863356 34.860142 -48.361851 47.017932 -14.926207 8.861290 -42.026860 41.625319 35.870778 25.043720 -73.903199 23.967886 38.358917 24.871824 -46.020891 0.828538 -12.579227 14.638073 9.192684 2.413886 19.492220 -0.471355 -140.279614 -29.539970 95.556397 -12.780380 -0.474059 80.178528 -1.822110 40.842363 -56.178043 3.037037 35.744057 -73.106163 -56.338613 -116.459315 14.793592 -19.396133 -108.869248 -49.465590 -12.483114 -15.688986 -68.892664 -12.071676 22.364708 -30.131925 44.701051 47.564483 136.216253 -14.409397 -219.746378 -102.163835 37.346215 -3.538593 
6.402969 85.106214 3.294919 6.205387 107.245179 77.030762 12.086012 20.672635 123.448271 54.352311 -28.720080 74.793388 -171.186869 15.733395 -59.352311 31.875880 -67.747169 19.505816 -27.495715 -3.825528 -4.286501 -24.194368 -25.637894 1.878176 -6.019896 -17.881543 -4.317110 -0.235996 -3.841292 113.657025 0.070095 6.593205 22.210132 -8.728956 -4.390419 6.947199 51.068871 -30.925161 -28.044536 16.272727 -14.743189 22.650444 -34.669421 -0.535354 -3.296296 -6.816804 -39.786501 -0.531680 -0.270279 -21.187940 -20.700796 3.485308 -4.101469 -14.697582 -2.139884 0.741812 -12.611417 -9.310223 -3.587236 -2.093817 3.109734 -36.067034 -2.595807 -0.542088 15.365932 -2.104071 -14.082185 12.001837 3.490205 17.971380 -20.501377 3.910009 -1.664371 3.691307 -9.846189 5.361647 11.763545 -9.769819 -1.108968 8.127181 9.385369 -10.111417 1.029232 -3.010254 3.326905 -0.399296 17.507193 0.256964 -14.872972 15.256964 15.128405 -0.581573 1.903581 -0.295684 -21.464800 11.657637 44.145240 -29.317723 -27.516376 8.877410 16.550505 -20.215182 -12.947811 -1.182124 23.517447 -29.479186 -3.098255 3.460973 4.800275 -22.773186 -0.294613 -23.358739 31.069177 -19.149373 -21.352158 0.979339 -4.144934 -34.150444 -25.613407 -5.911540 -21.695439 -19.290634 -11.348179 0.938170 16.814968 -12.423324 -23.910621 18.257270 -0.290634 11.452709 -10.983930 2.244567 19.059841 5.816192 5.173248 3.445669 -27.748393 20.685491 3.646924 4.071625 -24.976584 -12.534741 -60.941077 16.146618 4.608968 13.595654 -15.430976 5.226048 -31.600092 1.057698 4.006581 -5.817110 3.500000 -6.883685 -4.125650 -0.235078 14.708907 10.580502 0.133456 10.335323 12.150597 6.212427 5.559841 3.673707 17.503214 0.119682 -20.186869 2.074839 -100.663453 -123.100092 -29.129630 -26.083563 -3.084328 -6.459596 -66.948424 23.522345 -10.942149 46.289562 -15.488675 -1.448883 -11.483165 5.355678 17.019131 -20.442914 19.978268 15.964800 10.336088 18.709826 12.651668 -21.086471 -19.243343 7.536731 59.853229 6.069330 -29.964953 3.040251 
-123.311448 -511.698653 -45.855219 -19.875421 -1251.525253 -490.621212 -203.400673 -94.611111 -445.178451 -626.552189 -82.856902 -171.186869 2009.757576 -438.663300 97.011785 5.607744 276.213805 -72.907407 -102.819865 3.883838 -56.383838 396.986532 71.410774 -6.094276 35.188552 138.065657 34.190236 2.141414 -76.503367 -858.454545 -66.038721 10.525253 -607.553872 338.887205 -32.063973 -58.707071 -192.494949 307.656566 88.969697 -38.101010 524.927609 -254.296296 85.964646 83.727273 -75.917508 529.944444 159.848485 -3.181818 -28.850168 513.294613 149.506734 -29.207071 39.010101 130.582492 37.225589 -9.720539 -4.572391 -29.436027 43.747475 34.597643 -583.883838 356.121212 89.255892 -60.072391 -61.196970 103.488215 97.843434 -77.545455 432.466330 -168.326599 -49.393939 36.419192 -110.040404 86.693603 -84.146465 -44.058923 32.616162 -137.244108 28.622896 -139.005051 -104.794613 -110.663300 -4.276094 -179.084175 -56.863636 67.316498 19.607744 2.259259 -303.856902 71.976431 88.764310 -41.122896 64.287879 -1.101010 158.370370 -68.587542 102.195286 86.792929 -18.905724 -5.045455 -159.378788 314.407407 32.925926 33.473064 19.025253 282.725589 92.262626 18.040404 -379.262626 127.257576 2.624579 63.299663 -179.579125 -46.624579 243.035354 1.484848 -186.329966 74.664983 213.727273 -14.281145 148.619529 42.909091 100.572391 -79.946128 39.404040 77.515152 79.395623 -42.607744 -17.156566 75.969697 186.469697 0.521886 -0.395623 49.996633 56.225589 18.021886 -103.984848 43.525253 -53.398990 188.030303 48.813131 -117.153199 231.776094 44.240741 -141.385522 -199.506734 92.533670 -38.052189 116.444444 -91.048822 -18.476431 -17.259259 121.106061 25.937710 16.053872 -4.333333 -30.439394 -27.319865 82.471380 -40.829966 -75.994949 -15.144781 -21.340067 -4.961279 74.565657 -29.018519 46.464646 36.762626 159.797980 90.535354 32.279461 356.656566 17.796296 95.015152 207.351852 93.112795 74.530303 -11.649832 150.163300 17.447811 135.234007 149.506734 -66.129630 107.887205 -46.856902 -72.910774 -75.308081 -7.196970 -78.031987 -46.306397 -72.732323 6.494949 57.114478 15.595960 300.771044 5.693603 
19.106928 448.565172 33.505484 14.637486 87.424778 544.822620 124.291603 22.208372 -135.044944 727.836369 166.211228 15.733395 -438.663300 1217.345092 175.775584 22.884629 28.773441 504.242526 222.972120 16.785047 69.595807 -171.985512 -46.976635 -2.885267 -29.560734 -91.968549 -18.631339 -4.165978 38.916616 -65.626875 5.347056 -28.948347 263.554280 -154.432379 -9.940440 13.193297 228.849250 -259.238675 -65.209137 -26.452862 -167.966432 -368.895597 -120.158785 -46.486532 63.640292 -628.894934 -188.844429 15.414294 -25.233344 -298.717988 -122.125931 26.830196 -30.796526 -59.487960 -20.283466 18.197225 -43.770916 -813.701969 -69.061295 -40.996684 437.108739 -616.098332 -59.254693 -23.287598 156.668656 -201.215896 -45.544460 -40.092516 -183.908377 38.949214 41.828436 -15.783211 21.053336 -28.932405 134.097107 32.148556 -38.768901 315.743317 23.643047 144.467631 100.320911 230.240868 -15.675059 300.891057 83.365473 15.683629 127.409882 -3.137792 224.426870 28.184599 58.414932 19.194342 -29.964876 24.844582 -60.476788 16.818998 -38.187200 -88.739669 98.802699 -11.068871 106.416667 -303.828691 80.415544 -53.409805 -81.016529 -387.035609 -53.327747 -51.788874 570.198118 -161.253597 -19.942480 36.494592 327.183298 144.020993 44.728803 9.259030 62.037241 -53.093460 -168.549128 24.889909 67.308285 -106.064509 -94.024538 28.779130 -37.449418 -77.581191 58.216126 -50.410647 -57.690771 -139.128864 -104.508800 -12.190287 -78.912560 -153.378380 -59.918146 -51.649500 296.591292 -209.174931 82.866391 -299.931359 207.572314 214.879375 -119.447531 48.583690 -47.675033 190.458040 -9.395342 8.062800 -72.936410 72.441868 78.916029 7.850985 -145.970539 14.379987 -28.487629 -16.663835 -118.264233 -23.549536 -63.469748 -22.464213 25.023110 -0.839353 46.172457 -6.299230 -214.041322 -7.282191 105.903199 -44.549281 -91.230716 258.176385 -17.957351 -135.331344 -138.403836 -85.264310 -4.601877 -123.205438 -130.332185 -329.850449 -124.480308 -39.576013 -221.097082 -180.310657 -129.244924 -78.382793 -196.096164 -88.519845 26.280839 -114.172023 83.540761 -20.637792 133.580349 -39.757729 -215.838256 -117.734695 -125.314687 -10.799179 
-21.790736 -96.691511 9.033925 -13.947250 -286.827671 -45.492042 2.574482 -13.832568 -681.237272 -98.792827 208.739720 -59.352311 97.011785 175.775584 582.824814 -10.368024 221.029436 98.754566 315.795939 -0.612182 29.623202 -31.397102 61.598612 -5.755841 -10.982349 -37.168962 -4.460106 1.847107 -7.142434 -295.077900 -9.791195 -13.280073 -23.161871 -105.975870 28.898276 -10.083563 -22.388736 -67.359351 119.903122 -35.638047 -11.338741 -272.300837 108.187940 -7.614478 3.452301 -258.565350 65.788185 0.013162 -0.182022 -72.056729 18.516733 5.730181 -10.920416 -32.355168 -10.492552 13.707122 -2.989032 -192.943424 -6.766299 14.111774 117.366697 -83.825222 41.310172 -4.570146 7.903428 -44.105806 67.888583 -34.067493 -112.142281 -12.621773 77.538414 -16.598561 -35.251454 10.680186 91.724977 7.107489 -58.140649 117.805734 49.805377 48.696051 60.145495 111.327467 -2.839557 162.790838 4.258953 -41.968830 21.480461 1.845169 131.062647 -52.015100 17.864300 3.300990 24.566116 -8.325528 31.267269 -7.988726 -107.385420 2.065197 123.422661 -15.882461 -9.444444 -102.068768 105.401796 -5.105193 -64.487144 -132.363687 18.581420 -35.085552 275.361341 -108.102234 -5.304153 64.937302 -46.172431 -49.322569 114.237680 -3.344659 20.770074 -18.919702 44.042700 11.828487 37.751556 -0.532599 33.923375 11.521988 -115.619682 -10.992501 124.054841 -29.369503 -69.800275 -61.405571 41.606826 -3.320886 -68.023926 -68.496888 -26.580094 -25.141516 115.083410 -140.746097 87.999541 -112.228191 15.855372 15.360218 176.539282 -7.674676 -52.596623 19.756760 99.997194 -5.531885 -17.127181 10.519182 124.138761 22.161106 -104.925926 -6.087134 69.353484 -13.150444 -91.188705 -57.430109 -6.258596 -15.319610 -8.386287 -4.898174 46.529946 -7.833078 -265.109275 -24.204418 213.427609 -30.031068 179.405877 244.542853 78.878227 75.181206 -45.859555 -55.038721 217.209928 -114.043108 -24.643710 -309.872615 46.479696 -9.085910 -64.123457 -96.713142 -70.252015 17.328997 -63.988930 -39.775686 49.217784 -65.526324 81.906132 52.718906 267.122130 -27.235384 -404.558055 -193.007040 21.377972 -5.145189 
-7.387154 3.026808 -0.259234 0.860831 -69.223676 31.741200 -1.977400 -3.085782 -4.099990 12.523748 -5.453806 31.875880 5.607744 22.884629 -10.368024 54.882895 -10.235945 50.626467 -0.836063 7.623125 6.550199 2.049179 -10.619937 3.163810 -2.831063 -9.257805 -2.527829 0.296832 -8.068284 -57.470921 -7.997806 1.989669 -27.997500 23.021605 -2.545021 -6.214417 11.966177 -18.626339 -15.375344 -0.390572 29.031782 -62.829074 -13.835246 2.259259 -6.588103 -10.347949 -24.605525 3.439700 -2.037394 7.427660 -8.097822 3.016452 -0.120830 -2.708244 1.046704 1.177278 -16.700923 -77.040302 -6.918044 -1.685287 -33.734542 -39.976967 2.230512 -7.895903 5.483777 -23.058055 1.656030 -4.293618 29.577186 -11.770763 -19.883532 5.931053 -19.441307 -9.672891 -10.278007 3.660749 4.931895 -14.985588 4.669932 8.048898 6.124145 -1.945031 4.899883 2.658377 3.665289 3.551602 23.963703 -0.416998 -20.966968 29.205056 24.589965 -4.613840 -8.033287 0.989669 -14.817213 -4.331701 28.163478 -31.186410 -24.927431 3.150138 -17.108586 -21.051321 -4.822952 -1.344863 14.936639 -29.646975 2.139960 1.232859 4.060376 -15.577900 -2.948092 -9.525967 31.442353 -19.096903 18.992960 1.146847 -10.779053 -28.787930 -9.982094 -4.932303 1.783236 -20.015381 -8.559178 -14.898811 0.982476 -10.003290 -10.065223 3.357999 -20.257805 4.469544 4.606137 1.791144 10.780941 10.622028 7.166233 1.016656 -23.759336 8.397612 7.283287 -4.430900 15.798669 -15.713473 -6.539001 8.291118 -14.582390 -8.556142 1.095679 -5.005714 -18.718779 -17.305658 7.503775 -5.414192 -9.276936 -12.651643 -3.886874 0.801117 1.216483 3.946383 4.459494 1.220564 9.217937 7.053617 10.807035 1.484874 -10.638200 -3.385088 -2.226431 -0.477349 -2.044766 5.178528 -4.465208 12.170646 -10.070299 18.314815 -14.254260 -0.799765 -1.055785 8.831930 -8.026273 1.448985 -6.739618 13.143837 2.489950 -7.364070 -8.116570 20.869401 7.485920 3.241812 7.399704 9.118355 -3.511019 2.863330 3.235104 13.952326 -24.046041 -0.520074 
-13.202734 -120.838282 -3.273084 -6.847924 -256.489746 -68.088919 -25.961177 -14.430364 -776.563106 -93.108560 -53.587797 -67.747169 276.213805 28.773441 221.029436 -10.235945 532.559127 33.657076 217.534843 37.261096 69.655800 66.774462 78.859249 -1.295021 10.653403 103.957759 9.633711 0.465565 -15.222477 -408.917202 -0.779869 -7.067493 -125.072033 -22.896745 24.123559 -15.260790 -203.400214 154.198041 40.724518 -44.728956 142.799153 -326.581522 64.137894 6.789562 105.241863 -156.815580 45.325834 16.445210 -14.025304 48.329252 35.307214 -6.154576 5.954239 96.726865 8.378125 3.465922 -9.033874 -156.191664 6.933425 0.759004 -91.307316 -29.645699 18.072493 -17.233446 -128.055709 -22.892613 33.285277 -40.879247 171.190440 -109.983726 55.323998 4.813743 21.233854 -11.601418 28.816345 -0.191562 -50.056627 57.597898 8.427354 5.790174 36.182838 61.853331 27.369656 30.331548 -25.990817 -23.705591 -43.993521 1.275686 -38.832823 -30.912866 -10.554127 -13.136874 -71.215794 3.624426 70.580706 -46.213091 -38.332466 -88.991276 44.470564 -12.859504 -93.873737 -9.108101 10.196409 -9.003571 -63.446281 -3.127538 38.151668 -13.684267 77.806244 35.393633 19.921437 15.053770 -125.760280 -67.175339 53.588460 -7.803336 -5.086522 13.305428 107.880624 -7.232272 37.561626 37.179982 84.049026 -65.233139 -62.739516 -28.514539 46.143761 -63.788083 -103.259412 -17.750383 18.837313 -11.067595 -60.173911 -3.245434 23.563310 -17.719722 79.176155 -13.253444 36.493572 -65.972452 -54.342975 26.278186 202.325477 -33.882053 -23.223651 -14.515356 136.530864 -24.398123 34.461892 -22.045710 77.039741 -21.219825 -15.274411 -23.284410 31.715896 -47.205540 -62.222681 -49.363840 -4.712376 -41.465004 -14.480410 -8.848281 17.198143 -9.306754 -135.307622 38.889552 128.240741 -27.842363 174.535813 307.717784 89.273850 -0.030456 -26.110091 -30.442761 173.520916 -88.931232 28.528466 -212.694164 -8.719722 21.417917 113.484287 -60.641669 -85.461994 79.315835 35.610091 -79.018416 -7.570554 -50.385369 36.905826 -0.678859 92.709826 -22.980563 -205.900877 -75.812366 -43.777982 -7.473166 
-38.858688 24.852107 8.701969 -4.952301 -107.416284 246.886287 34.491838 -5.692072 -201.293286 237.595602 28.466534 19.505816 -72.907407 504.242526 98.754566 50.626467 33.657076 812.982757 274.865728 15.758800 126.788491 344.495919 138.101826 5.458576 8.847311 -3.009642 -4.023467 -1.285583 -20.723702 -173.699571 8.771707 -27.004591 -20.723855 73.564534 34.295429 -23.146924 65.072697 -21.196817 20.376951 -3.622896 4.766401 -211.899092 19.185644 -16.841751 32.053311 -164.430364 -46.294001 13.888277 62.576472 -0.038823 -7.341394 15.391338 4.872972 -15.226610 -6.354352 8.083155 -78.232833 -531.821753 -19.204316 -29.984644 29.327671 -357.687481 6.121467 -30.671156 106.411234 -185.639782 23.531374 -38.559229 26.323742 -51.838945 -24.450107 -0.240894 24.943220 -66.509438 34.323691 4.914192 117.838231 40.412254 50.203908 64.013315 54.596827 95.275584 -6.033772 109.545199 0.724977 -65.389399 100.626467 -4.596980 15.068615 8.562953 131.338588 -1.634272 -21.731405 8.985308 22.592338 22.154984 -40.592950 42.711203 47.361596 9.992654 35.196970 -58.789613 100.219978 -16.682328 13.520661 -180.381135 31.644322 -9.304102 233.066116 -83.430058 -27.612233 51.898735 98.497449 -61.257372 179.736302 4.059841 2.837568 -73.604275 76.277319 3.580094 45.480665 -116.853076 -33.358076 28.531629 -71.252831 -32.276247 51.361086 32.775584 -51.140955 -33.141108 80.570554 2.365524 -20.595551 -62.609377 9.573258 -19.843077 119.756045 -107.583104 45.408173 -95.320018 112.801653 33.090246 113.983726 49.803285 -77.000204 -6.643608 25.795174 1.326242 -30.542241 -23.284308 85.585042 18.370472 -97.375421 3.340322 52.639067 41.347260 -76.842057 30.053362 18.675288 45.999949 9.346954 24.239567 29.094684 3.461228 -154.955923 -9.494133 114.483165 -4.383685 152.771350 169.557086 55.014590 74.638506 -100.372870 -50.735690 112.192021 -5.740537 -65.570248 -231.478676 58.399347 -13.411438 -120.411336 -58.238853 -36.633099 13.785379 -82.561473 64.899245 29.093817 22.475972 29.030558 -46.778798 89.809917 0.793541 -43.958423 -136.960208 -87.774921 -5.441333 
-37.363534 -140.657662 2.048031 -13.764871 -119.263009 -66.012550 7.341496 -10.123584 -372.757219 18.346317 39.339022 -27.495715 -102.819865 222.972120 315.795939 -0.836063 217.534843 274.865728 541.949929 10.511402 135.711509 60.286909 248.877972 1.096980 -0.370039 -24.295914 -3.332594 0.217401 -30.475793 -283.280227 31.990919 -35.018136 -36.463014 -108.117565 84.459621 -25.363177 -10.704010 -39.240052 97.327594 -34.902357 29.516427 -322.305454 132.766376 -16.951178 104.224467 -434.516605 99.847031 12.879400 68.751811 -173.799561 37.550990 13.419268 -14.365396 -27.738037 -13.228982 12.679471 -27.608076 -97.274207 63.908861 -10.116366 13.215259 -50.239287 68.062876 -14.341470 32.674625 -56.471329 48.860040 -30.044307 30.105550 -76.355499 64.283440 -14.286884 110.215871 -77.298643 126.941460 5.621161 53.389042 127.580170 64.856698 69.484160 66.264284 142.636032 0.071651 189.826013 -20.320937 -60.512116 1.133634 -1.190899 35.524819 -100.626084 20.148786 -3.610677 37.198577 -29.240358 40.079380 -5.998419 -25.737858 -24.776860 125.524768 -4.836088 53.310606 -133.134629 118.388608 -18.438884 -53.081267 -169.921896 4.343052 -34.011555 329.269743 -99.367922 -10.693322 58.944700 -138.876237 -141.053234 65.687940 -8.491659 29.672533 -60.451280 129.177227 -3.398276 36.539537 -14.336318 65.029793 -2.801831 -46.300199 -17.190924 97.570733 -21.762958 -50.472681 -62.899296 13.245103 -0.486736 -68.273135 -84.643149 -31.464672 -34.558438 206.155571 -147.472452 70.308999 -174.071396 -83.799128 -23.229135 259.796577 -60.987629 -10.186665 -29.823564 132.273008 -20.962606 41.610422 -35.192965 129.950311 -7.239159 -64.591751 -6.171130 58.924064 -28.481099 -74.822084 -29.538210 -23.756096 -9.613585 -3.114631 -2.880982 28.579558 -6.297087 -235.852158 -7.038695 211.489057 -41.065810 325.554408 337.071702 157.611672 9.679676 -24.874605 -87.102694 249.737272 -81.951383 24.027319 -304.710718 53.969340 -2.891593 -56.942200 -148.400036 -58.316396 -13.121238 -94.367820 -80.404295 8.062749 -52.289103 90.444189 -42.660596 152.063820 -20.010713 -244.205719 -169.613024 -79.510433 -14.833920 
