9915.379136 1144.835679 260.152407 508.127346 590.173148 270.011173 85.241605 37.671852 20.677222 1108.570062 -98.248086 61.826235 -68.781605 368.781975 -515.905309 135.488519 106.641420 -810.289321 -562.445309 152.915556 -61.033704 -1039.293580 -298.549198 -61.541543 -378.981543 -525.771049 -94.940062 -60.780556 3679.708086 -1007.204444 -73.141790 -165.374568 -33.070988 82.350309 6.712716 -40.592284 -66.101296 172.602531 -87.236173 12.699506 65.799444 -89.094198 -204.983086 62.569444 243.525185 -99.379506 -176.934753 7.977716 110.839136 -113.448086 -95.380062 -19.197160 -34.585370 -689.225802 -173.664321 -47.835000 761.912222 -94.233951 -146.883704 -14.357901 -208.353086 -20.053210 -54.936975 -13.046975 50.900000 257.938272 -138.748889 48.341481 96.637901 -92.653765 -187.195000 50.908889 266.603025 61.688086 -87.236235 55.271296 -232.776481 219.322037 -47.625432 17.125432 -148.899383 -146.694568 -151.591235 -43.509753 303.499753 7.723457 -96.456296 88.712346 -178.146235 -76.773889 -65.932469 -1.885556 35.317284 -7.442469 -172.273519 32.232407 10.440679 143.184198 -163.839321 48.568025 85.469506 226.547407 -70.044136 165.464630 -208.634198 252.677284 66.359877 33.911975 -232.013765 113.756914 73.227901 -57.358951 121.232222 -153.138025 -92.105247 74.973148 -46.335062 -87.723642 -91.895988 11.989877 105.284444 212.941111 -229.192407 26.758704 -66.160494 268.187654 -302.572963 34.081235 235.272346 86.004012 -167.057963 43.541111 309.988889 -91.464074 -23.335679 42.499877 -139.767222 -527.147099 -50.197778 -277.010494 -29.936914 -203.107716 -65.539630 -26.489691 60.230556 -35.966975 -54.019136 -5.663333 29.330309 144.513457 -128.811358 234.033889 -342.824074 413.679012 -283.701358 217.341111 -294.508889 425.859259 -178.802160 92.671667 204.219815 315.959815 -40.791852 97.542593 2.359568 117.303642 -38.506543 -67.878889 -36.755370 -261.682222 -69.393457 -290.083272 117.878889 -128.537963 -56.004877 -66.322346 -252.076235 -335.423951 -33.658951 -134.391358 -56.527407 -187.844568 -250.598395 121.542840 133.554568 744.659815 -375.084259 185.108519 534.677901 574.673333 77.788395 8.423704 767.017407 605.027901 63.839444 79.973642 
1144.835679 1171.466173 -32.816296 231.182840 146.168519 61.434198 5.921358 47.444815 -28.568889 100.108642 52.393457 -15.777160 1.824198 20.142099 25.159012 -29.410741 71.918765 -136.700494 -52.362099 0.701111 158.678148 -135.871235 -24.077654 -9.981605 -30.141605 -76.161358 -8.305309 -27.616667 481.596543 -46.801111 -108.862840 79.844938 222.450617 -4.001235 -4.655309 36.413580 -18.345926 0.952099 21.860247 7.881975 -16.174444 -23.629877 -11.146543 6.933333 -4.175185 -9.251975 -39.530988 18.976914 178.142346 -35.278765 2.556914 34.750864 59.649259 -245.400123 -77.950494 6.165556 -169.234444 -110.419753 -124.288519 18.478272 296.140123 -12.056049 -28.134321 32.975679 -24.155556 -79.603086 -24.523333 26.480741 -3.124938 -107.258272 -25.380000 11.991111 24.147901 28.460988 -6.323951 -0.340741 88.751481 -36.774815 -4.833827 26.172716 66.725309 -201.829506 -65.599506 -16.147654 -387.436790 -48.338272 -72.627037 30.578395 371.258272 -31.690000 -24.093457 25.868889 13.991975 -30.355679 -49.390370 5.859259 19.702840 40.523210 -15.139383 19.130123 -40.126914 26.208148 -19.384568 28.438148 78.593457 -61.506914 5.710494 27.000988 54.940617 -121.086543 -0.014938 -14.647531 -446.365556 -50.987901 -56.134568 13.046296 431.264691 10.002346 -14.910494 38.269383 33.698889 -14.996667 -139.410370 8.938519 6.880864 -98.695062 -72.215926 -1.051605 23.412840 38.895062 -36.850370 -15.991111 117.811111 -76.597037 -5.349506 -9.173951 7.553333 -267.681605 -13.346667 -36.452469 -484.194568 -23.874691 -22.393704 -20.527901 349.011111 24.373457 -14.417901 35.724444 -76.931235 -3.044938 -113.803457 58.085556 80.946296 140.128395 -48.585679 63.781111 -116.624444 166.885185 -63.502469 15.620000 34.494074 37.487407 -3.752593 39.818519 6.550617 22.723210 2.525062 124.467778 -519.130741 -70.651111 -40.363951 -91.021358 356.921111 147.885185 6.642840 29.642716 -184.339506 -235.413086 -27.664198 -70.879012 117.649630 -258.635062 -136.760864 134.371975 -1.080494 252.642963 -138.212963 58.524815 192.535062 183.421111 50.915309 32.292963 300.438148 202.096173 26.324444 195.680988 
260.152407 -32.816296 84.638611 -5.712130 53.834722 0.932685 4.196481 0.542778 2.369722 -29.074537 -6.470093 5.563426 -1.357037 -27.819074 -10.966481 33.381667 -24.062685 -13.253796 -16.321481 31.114444 -32.271111 -7.711852 -9.322315 4.594537 -14.807685 -16.181759 1.542870 -0.301389 123.890093 -41.400556 38.811019 -21.472593 18.475926 -9.269907 -0.777963 -4.208796 -2.158611 -14.290463 -8.736852 1.957963 2.172500 -1.238704 -2.158148 1.040278 10.855000 8.637593 -4.198981 -4.018796 5.191852 3.993796 -8.526019 1.122963 -6.228611 -11.876296 0.897593 1.434167 30.999444 -7.396296 10.717778 -11.022593 -5.734259 -8.302407 0.407685 -5.356759 1.105556 -0.293519 3.174444 -1.749444 7.288148 11.928426 4.603056 7.173333 6.071019 17.838981 -6.497315 4.484722 -15.538611 15.643611 -0.896852 1.169074 -9.984259 -19.443148 -5.428148 4.985741 15.308148 5.406481 9.652222 -0.954630 -18.828426 -5.821389 -2.220185 -3.968333 -1.225926 0.645926 0.635833 3.584722 -15.910463 15.068704 -0.795463 6.035741 -6.657593 20.832778 -6.094907 12.315833 -2.354815 4.338519 -1.878704 6.532593 -6.733241 -0.619815 1.801481 4.496759 32.553333 -8.914630 0.260648 -1.462500 -26.001296 -4.721204 -0.686574 -1.910370 1.196667 2.798889 19.678611 -3.588611 -8.953704 37.179630 11.968889 -0.550185 -12.706852 27.199537 -1.858056 12.179444 -5.088889 1.911667 -2.419815 18.506852 -5.960833 6.972315 -1.495556 21.554630 51.073704 -6.038426 -5.486667 -3.055463 -11.073611 1.114352 0.409259 1.109444 21.178981 9.211481 14.080370 5.233056 -29.491667 -17.190741 1.619815 -6.659444 2.248889 -9.255556 4.325463 -0.744167 18.653056 -8.375278 6.311667 -7.686111 5.455093 2.942315 -0.245185 35.347778 115.859167 21.105000 5.075741 9.288241 -13.245000 -12.448611 -1.621019 -0.668148 19.936574 16.773704 0.557870 2.962037 -20.120556 41.679074 0.991481 -24.238704 -29.522963 12.788611 22.056944 -10.933889 8.937593 -7.067222 12.316296 -7.251667 -13.649444 -14.445741 -3.561389 -2.823241 
508.127346 231.182840 -5.712130 200.842562 43.003241 -9.394969 -1.081420 24.308704 -25.814722 -50.067747 14.733735 -3.900772 -21.814691 -35.166235 12.845123 -20.969074 -34.590957 -1.915772 -7.034321 -9.104444 15.139259 -40.971235 4.873735 6.011451 -12.548549 -45.396080 -3.798364 0.404167 144.034043 -70.942778 -16.000340 47.022716 87.917284 10.025154 10.169691 11.728858 0.016574 32.753488 31.746358 -1.026358 -33.111944 40.739568 19.086790 -5.815278 -29.883519 39.923025 8.220401 -5.274475 7.303457 22.397623 22.997191 5.011975 -8.977130 -63.705679 0.430062 7.525278 -79.281667 -17.503086 -14.788519 0.211605 100.659568 -2.097716 1.994846 7.554846 -16.016667 -29.905864 11.871111 -0.405370 -20.297160 -57.217994 23.757500 -11.997778 38.871512 -22.757068 13.785772 -3.506019 45.052870 -27.217870 9.257840 9.108827 -32.166358 -112.154506 -15.193951 0.877346 -128.870123 15.603395 -3.088148 2.347840 123.651327 9.275278 7.020432 3.849444 5.203086 5.733210 3.138796 -1.756019 -5.856883 -1.757346 15.159228 -5.239321 44.692531 -23.744630 0.672377 1.628426 56.143457 -24.262469 -0.431173 5.662099 -21.210772 -26.855988 -7.759383 -2.126698 -109.893333 -6.451790 -5.905401 -9.610648 133.056358 3.775957 -5.406327 7.413827 16.415556 27.036667 -32.689537 3.006574 -11.335802 20.377160 -16.921481 -2.726605 29.987840 6.246451 -5.140648 -0.060556 37.833333 -1.583148 2.636605 7.589938 -38.173056 51.461451 4.597778 -2.160802 -59.527901 -19.564969 -12.399259 -21.295957 106.137500 2.041512 -9.873457 4.727222 -13.438179 32.621728 -21.086790 33.684167 -17.612037 109.845062 -17.060679 32.372778 -30.035556 66.918519 -3.973302 4.226944 44.948241 29.083241 13.755741 6.454630 -28.809105 24.144043 4.419506 14.334444 -22.046019 -17.676111 -11.788951 -16.500525 103.129444 26.614352 1.874784 0.126049 -70.632562 -63.896420 -7.037809 -29.248457 -22.269815 -97.421173 -34.249753 24.841420 -11.313827 -7.369537 -17.017130 2.744259 42.226728 -45.131667 8.359753 -5.270926 4.457593 -104.912160 -5.154722 32.446265 
590.173148 146.168519 53.834722 43.003241 407.709722 88.182870 36.637963 33.080556 49.306944 160.291204 -3.208796 5.986574 1.464815 46.460185 -41.454630 11.797222 32.083796 -87.538426 -40.868519 24.055556 3.344444 2.035185 0.474537 4.147685 -17.641204 93.771759 4.589352 29.534722 135.881019 -95.058333 18.435648 -36.435185 237.362963 -4.807870 8.015741 -0.918981 5.487500 -12.266204 2.815741 -3.437963 -28.662500 18.850926 -1.974074 -10.345833 37.008333 -28.695370 8.613426 3.814352 68.620370 -45.828241 -3.732870 8.353704 57.915278 47.029630 19.060185 0.579167 -89.658333 -14.837037 3.883333 -22.324074 167.306481 22.104630 13.824537 2.407870 10.105556 60.237963 18.055556 3.052778 -34.687037 36.217130 9.784722 -20.627778 -21.764352 -17.580093 -6.417130 -3.595833 37.937500 -28.301389 13.221296 10.112037 14.128704 31.978704 3.848148 -8.943519 -103.548148 8.899074 12.966667 -9.100926 113.971759 4.629167 3.876852 3.469444 11.198148 17.135185 -16.734722 9.598611 -50.005093 29.176852 -19.391204 -6.521296 -12.387963 -5.163889 -15.232870 -4.329167 102.320370 -23.124074 7.417593 13.568519 -14.596759 -32.476852 -8.198148 -6.891204 -94.933333 21.437963 5.494907 1.034722 61.737963 -21.136574 -17.457870 2.653704 -27.011111 -75.777778 -35.543056 -3.518056 -16.546296 -8.935185 2.483333 -23.895370 -31.989815 72.606019 2.362500 -18.097222 66.744444 -52.275000 -2.193519 30.845370 -41.529167 -63.263426 -2.844444 11.328704 -102.770370 27.393981 4.816667 6.131019 34.956944 -7.858796 -16.514815 3.597222 -6.380093 -29.125926 -10.531481 -6.693056 9.763889 14.285185 12.460185 18.241667 -66.688889 49.388889 -23.119907 11.343056 9.795833 -27.751389 8.052778 12.219444 -13.499537 -10.030093 -2.248148 42.177778 33.076389 37.586111 -15.376852 -16.356019 70.430556 17.898611 0.364352 -11.401852 -29.181019 -90.492593 -9.180093 -77.778704 38.119444 -57.143519 -59.142593 22.150926 -75.242593 127.368056 -41.190278 26.691667 44.504630 83.802778 47.875926 -7.247222 -15.013889 24.904630 2.940278 -7.746759 
270.011173 61.434198 0.932685 -9.394969 88.182870 536.492932 57.886235 14.720185 -38.944722 776.922377 64.075340 -6.276080 -16.464568 316.316605 -52.992160 3.220185 10.062994 144.363364 -47.731605 -2.353333 -85.515926 -2.712840 -38.194660 -18.812747 -120.249414 -13.353735 -26.596265 -0.768056 50.582438 -82.249444 -42.353920 -14.595309 -62.563580 123.453549 0.971790 -6.650154 -8.279352 132.146327 -8.847099 -0.262901 82.958056 30.913395 -7.972716 23.034722 -26.592037 12.828457 -25.717994 33.815401 -110.828272 18.828117 -22.388488 -10.589012 -57.755648 102.179383 -18.546358 -17.670278 -114.816111 -30.365432 -43.438148 7.349136 -81.313272 172.586975 9.964228 -5.060216 -15.955556 332.298457 28.525556 4.547593 25.901975 50.958920 -0.522500 16.637778 14.445340 32.605772 -26.984475 28.175463 -29.217870 128.968426 -15.913025 -3.675864 -69.709568 85.903025 -29.284198 -16.738827 -157.993951 -16.510802 -27.859630 20.811420 -81.314475 45.913056 8.528827 -4.431667 -14.667901 39.012716 -5.879352 -5.418981 19.425586 -66.610062 -35.478302 4.144506 6.074877 -31.014259 -7.660340 27.027685 -5.253827 -5.326790 -7.461420 14.170494 -47.451636 -80.205494 -9.800247 -9.744599 -179.458889 38.295494 1.572994 35.824537 -60.849321 131.432006 5.268364 -3.129753 11.886667 133.862222 -21.972130 2.467315 24.159877 109.080247 -5.859630 -7.454136 -43.897469 46.787809 -5.246574 9.515000 -11.422222 33.358704 1.279691 36.325247 -18.319722 7.159475 -5.604444 25.951543 -183.948395 116.497377 16.412593 15.289105 -74.279167 112.690895 -4.378395 8.035000 -38.295340 73.117531 -40.388395 32.097500 13.817593 -14.096914 -26.622284 36.020556 -10.504444 -10.218519 -20.194290 9.846944 19.197870 34.470648 -5.069074 0.823148 47.548920 71.946883 -12.942469 30.913333 -93.382315 51.261667 -28.943642 -25.340401 -54.016111 189.110648 -8.524969 12.200247 -121.607253 162.414568 -13.739043 -54.131173 5.652037 12.191914 -33.508765 20.172654 14.279753 53.034537 -13.318981 26.474630 35.196975 64.933889 12.323210 -17.239074 126.151296 -37.153025 -7.774722 -11.287562 
85.241605 5.921358 4.196481 -1.081420 36.637963 57.886235 39.588765 1.560370 -13.109444 124.259568 58.795494 -6.805864 -6.268765 51.830617 2.828272 -5.050741 13.657840 19.329691 -12.718395 0.603333 -0.228519 0.007284 -11.995617 0.014136 -5.126975 23.327346 -6.194012 4.819444 59.402284 -19.136667 -5.830802 3.634198 5.541358 18.120062 11.892099 -1.465123 0.733519 13.696728 14.527654 -0.789877 5.585000 -14.416173 -3.955062 3.069444 8.667037 -12.442346 -5.844506 10.230432 -5.049506 -11.710062 -3.996235 4.383457 -5.206852 18.915062 -1.623086 2.055000 16.974444 -9.784568 -7.528519 -1.304691 -9.861728 5.049136 2.867716 -3.274506 1.477778 24.243210 11.780000 -0.705926 -7.340864 15.234136 13.390556 -1.221111 -3.896728 12.728951 3.608086 3.378704 1.355370 23.135741 0.599136 3.528642 -1.654321 42.816420 1.539753 1.847160 3.427284 -4.286420 -6.407037 6.046914 -6.895247 13.582778 4.507284 0.712222 1.340123 40.876173 10.933519 -1.176852 -14.410309 28.873951 4.324136 -2.213951 -13.838765 10.167037 4.508951 1.332037 15.753827 8.526790 4.597531 2.946173 -5.619198 1.741605 1.350247 -2.537346 -9.980000 2.940617 -3.113272 11.682407 -10.964568 6.855494 -2.728086 -0.586914 -1.258889 -10.734444 -0.754259 -1.168704 2.229012 -0.724691 6.759630 -6.343086 -9.005309 14.699691 0.153519 0.748889 9.761111 -6.455926 0.456420 10.377531 -20.081667 -13.452531 -1.940000 7.601235 -37.318272 13.320679 1.820741 4.845617 -18.558333 3.707716 -4.093827 -0.543333 4.946728 -3.167531 -0.656049 -3.862778 11.685185 -10.241975 2.419506 1.454444 -6.278889 -2.592593 -3.112654 4.251667 7.092407 0.455741 0.799630 2.579630 0.127469 29.437840 -0.168642 11.581111 -50.757963 -19.231111 -3.303580 -2.913765 -9.720000 9.471296 -2.390309 4.160864 5.878086 8.218765 -1.642901 -18.471605 15.895185 -7.305802 -4.485679 9.646790 -5.485309 20.889074 -1.926852 12.694815 11.511358 10.674444 12.965679 -0.541481 14.695926 -1.988642 2.603889 -7.344383 
37.671852 47.444815 0.542778 24.308704 33.080556 14.720185 1.560370 19.778889 -9.237222 10.582407 -0.568704 8.984259 -13.773704 -12.327407 -4.597037 -3.037778 -22.489074 -16.874630 -3.365926 -3.852222 -6.882222 -10.278519 2.684630 2.082037 -0.264630 5.572407 5.605370 2.058333 -15.361296 -5.153333 -1.282037 2.182963 37.348148 0.945370 2.113704 4.667593 5.442778 11.494259 8.877037 1.732963 -0.287222 20.136296 7.086296 1.508333 -10.270000 5.807037 1.502407 2.324259 0.997407 -15.963148 -0.580185 0.456296 0.656111 -6.026296 6.967037 1.671667 -36.708889 -7.657407 -5.198889 -1.655926 42.568519 6.450370 -1.018704 1.366852 7.327778 16.398148 -1.058889 3.470000 -2.867407 -7.259074 2.873889 0.317778 -5.922037 -10.867963 2.706852 -1.669444 0.707222 -3.949444 2.983704 0.544074 6.368519 -13.229259 1.471852 1.088519 -46.580741 -1.635185 -3.353333 -0.301852 38.786852 -0.211667 -1.472963 1.178889 3.374074 12.418148 -4.935000 1.952778 1.529815 17.543704 1.525370 0.721852 -6.632593 -1.008889 1.962037 -0.466111 -4.093704 2.710741 3.690741 0.988148 2.709815 1.805185 0.068148 0.984259 -44.230000 7.388148 0.756481 -4.686111 36.218148 7.046852 1.750926 1.689630 -1.325556 7.298889 -6.361667 2.279444 1.490741 -5.509259 0.474444 0.585926 -3.154074 -5.615741 1.257222 0.893333 -8.716667 -11.374444 -0.767037 4.042963 -7.709444 -12.179074 1.504444 1.929630 -28.354074 9.243519 0.618889 -5.301296 28.202778 5.137963 -0.990741 4.662222 -22.355741 2.322593 -6.730741 7.187222 -2.722222 4.187037 -0.377407 11.787778 -16.812222 12.477778 0.826852 8.485000 -18.481667 4.498333 3.336667 4.788889 -5.521296 -14.003519 3.388148 9.603333 -9.489444 15.352222 0.950741 5.547963 37.618889 21.952778 2.099815 1.887407 -28.945370 -1.654074 -1.926852 -16.396296 -19.284444 -32.807037 -6.536296 -0.485926 -18.678519 -12.873889 -5.486111 9.041111 -12.437407 7.124444 3.166296 3.390000 11.753333 3.779259 3.037222 21.914259 
20.677222 -28.568889 2.369722 -25.814722 49.306944 -38.944722 -13.109444 -9.237222 212.760833 82.079167 -60.147500 30.870833 106.058889 238.806111 -109.387222 48.451667 31.369167 131.926944 -112.326667 34.274444 0.010000 56.365556 -64.506389 40.634167 -21.113611 -0.563611 -12.241944 28.287500 39.860833 -6.521667 12.449167 -14.636667 -22.016667 -21.740278 -9.696111 -7.462500 3.883611 -28.897500 -45.937222 2.188333 6.396944 -4.359444 -29.156667 5.295833 -7.421667 -24.572778 -3.479722 9.791944 19.560000 -1.255833 -21.189722 13.551111 30.820278 30.635556 -15.555000 8.240833 47.100556 -5.033333 2.582222 -7.920000 -31.558333 -1.949444 -5.008611 3.222500 45.416667 50.091667 -20.274444 21.677222 -1.223333 90.766944 -32.589167 7.526667 -66.899722 2.473056 -23.414722 2.062500 3.896944 -50.635278 -19.355000 3.777222 25.330556 28.989444 -29.520000 3.193889 33.140000 13.730556 -2.485556 5.813889 -46.755833 -25.975833 -11.398333 -0.837222 1.288889 -57.508889 -26.860833 -1.009722 11.283611 -28.576111 -39.614722 1.027222 -20.935000 -6.382778 -20.537500 0.664722 37.162222 2.185556 -15.080556 14.737778 29.550833 24.127222 -12.753333 6.604167 1.574444 27.346111 4.234722 23.465278 -24.039444 -11.274167 -6.623611 -1.004444 19.742222 -27.154444 5.229722 -4.580833 5.000000 -21.911111 -10.141111 4.309444 -22.945000 2.362500 -12.905833 10.470556 21.216667 -38.933889 -0.595000 -7.588333 31.708056 -35.388056 -3.637778 -2.013889 29.846667 -13.301389 0.220000 29.806389 20.615278 0.973611 1.900000 3.679444 40.416389 -10.507778 -9.626667 -11.846944 18.347222 -48.944444 -20.343889 -11.468333 -8.460000 -30.644444 -6.565278 3.052500 12.949722 -58.577500 -7.856111 -4.152778 7.245833 -107.496944 -8.234444 -25.592222 122.104722 -25.516111 -9.879444 33.366389 57.700556 -0.354167 -2.472500 18.125556 -0.765278 -0.825556 -4.806944 -10.641667 16.748333 8.522778 -14.548889 -26.553889 -35.484444 61.330833 -40.143056 -4.938333 17.832778 94.578333 1.680000 -0.920556 107.016111 69.232778 0.136389 25.485278 
1108.570062 100.108642 -29.074537 -50.067747 160.291204 776.922377 124.259568 10.582407 82.079167 2558.530710 204.021451 28.187809 22.898765 1656.135494 -231.585494 -35.545370 427.636883 509.035031 -235.927160 60.011111 -57.703704 -93.039506 -160.861883 31.448920 -365.851080 -245.655401 -88.366821 -2.804167 739.628549 -149.075000 -105.571142 -23.308642 -340.480247 176.700772 -5.623765 -27.158488 -98.558796 255.120216 -87.295988 -3.431790 339.954167 -119.291049 -101.582716 82.859722 340.660185 -195.568210 -103.817438 157.819290 -209.566049 -6.470216 -102.339043 -26.273457 -213.005093 8.943827 -101.838580 -51.365278 391.097222 -113.554321 -125.703704 21.224691 -348.468827 277.500309 6.038117 -7.661883 -4.927778 991.004012 67.427778 28.045370 53.630864 414.712809 -1.004167 41.805556 69.493673 -78.188117 -85.585031 88.428241 -125.310648 285.052315 -55.983025 -20.311420 -215.981790 260.349691 -75.136420 -40.335494 217.066049 -58.144136 -90.940741 87.605864 -341.073920 116.856944 -10.536728 -1.291667 -52.401235 265.310494 -52.475463 -12.977315 64.612809 8.879938 -160.684414 14.875617 133.495988 -112.034259 -66.102006 106.700463 -79.460494 3.187654 -41.539198 49.621605 -185.456636 -75.457716 -12.241358 -31.986265 79.277778 -14.303395 -55.185340 132.543981 -220.857099 86.793673 -11.834414 -8.153086 74.372222 148.550000 -25.767130 3.835648 65.382099 254.780247 -35.012963 9.411420 -152.277469 40.062809 -5.928241 81.208333 -106.688889 19.612037 -9.555864 161.466358 -132.029167 -29.706636 -17.888889 100.179321 -203.383951 25.527932 -12.524074 85.378549 -127.070833 83.054784 -23.767284 32.008333 153.600772 74.947531 -10.350617 76.023611 22.212037 -109.791358 -24.586728 72.241667 34.383333 -138.018519 -32.202623 56.015278 13.932870 24.657870 -14.521296 79.462037 74.973920 155.995216 -32.858025 234.322222 -116.860648 -235.852778 -50.039198 -36.949846 -172.786111 92.002315 -24.851080 22.230247 -51.698920 151.256790 -16.564043 90.257716 15.350926 48.894136 -27.804321 163.734877 91.975309 183.066204 -15.121759 65.637963 178.461420 135.363889 63.926543 -19.737963 347.299074 -33.088580 8.106944 -49.415895 
-98.248086 52.393457 -6.470093 14.733735 -3.208796 64.075340 58.795494 -0.568704 -60.147500 204.021451 245.663302 -38.775154 -54.023827 111.942531 157.048580 -65.240926 58.358364 69.847623 47.736914 -33.292222 53.150741 -17.142469 4.115525 -10.156265 0.651512 -23.799105 -11.012006 -2.298611 37.922253 -8.505000 -18.443735 33.678765 -15.209877 24.454475 17.336605 3.645216 13.156759 34.141698 65.006605 -2.127716 14.005278 -50.362531 36.529136 -2.034722 41.657963 -27.434506 4.375525 20.849660 -0.915309 -13.722809 21.990216 -0.426049 -15.613981 -4.739136 -0.687099 1.571389 16.900556 -12.967284 -17.010370 7.545432 -22.166975 -5.714877 8.718858 -7.016698 -17.377778 -8.608951 62.958889 -14.630185 -12.655432 4.448735 89.496944 -7.840000 17.866636 2.317809 30.936821 11.728241 22.757130 -6.806574 20.951790 6.953765 -21.063272 -27.245123 17.439877 8.218580 -8.706914 -3.390432 -7.342963 14.254012 14.990154 40.704722 18.093642 10.368333 10.422840 126.194198 55.473426 3.283796 -26.073488 92.749198 33.055957 -9.398086 5.448951 8.307963 12.885031 4.091574 27.664691 -24.924938 2.295988 11.857531 -31.400710 -23.370309 8.331235 -3.788117 -26.892222 -9.056358 -3.670525 12.077315 4.915494 17.231080 -1.780710 6.438765 -25.741111 -16.832222 -6.136019 -2.046574 -6.527160 6.165432 34.579259 -24.067099 -31.999321 36.172068 11.017315 -5.112778 -12.744444 3.975370 -0.646235 40.477099 -47.355833 56.243735 -2.415556 51.886728 -72.255802 -4.864660 6.979259 -10.298858 -12.787500 1.989969 -2.808025 -2.620556 -6.933302 -20.823210 16.354198 -20.516389 30.406481 -22.443210 34.253642 -14.973889 24.873333 -19.724074 2.832562 -11.050278 34.600648 3.034537 11.036481 -0.249074 21.772068 129.514475 -2.627654 62.174444 -110.107315 -44.016111 9.502654 -15.735772 9.628333 8.907870 0.464846 6.229877 27.458488 2.079383 0.906327 -7.471914 30.824259 -17.406235 4.250494 36.185617 29.750123 41.848426 14.144907 9.235741 59.172901 -46.227222 18.397284 -17.511296 -41.159815 -118.954877 3.083611 -58.253302 
61.826235 -15.777160 5.563426 -3.900772 5.986574 -6.276080 -6.805864 8.984259 30.870833 28.187809 -38.775154 76.749228 17.953086 17.812654 -53.523765 69.473148 -20.566512 -30.981327 -48.637654 36.844444 -39.718519 -50.840123 -31.869599 18.365895 -23.256327 -49.064969 -2.096142 6.120833 32.575154 6.752778 0.484105 -8.022840 -16.721605 -3.119290 -4.116975 0.034414 -8.696759 1.522377 -17.189198 11.411420 38.340278 -7.579321 -13.370988 19.206944 2.662037 -0.755864 -14.080710 16.384414 -40.004321 7.244290 -12.185031 5.853086 6.338426 -33.101235 -6.352160 4.898611 17.163889 5.396914 3.214815 3.560494 -14.651543 12.386728 -4.619599 5.680401 11.333333 62.221914 -13.783333 19.215741 25.861728 18.924228 -24.973611 19.005556 -18.825154 -19.747068 -18.874228 6.149537 -54.250463 13.369907 -11.079938 -3.153395 1.516975 -10.458951 -10.083951 8.204012 7.193210 0.653395 -3.775926 14.153395 -21.835340 -7.918056 -6.237346 1.869444 -1.163580 -13.767901 -20.141204 5.793981 31.552006 -6.165123 -21.250772 12.865123 1.794753 4.812037 -7.394290 10.971759 -50.487654 22.469753 -1.892284 -0.895679 -7.778549 20.381790 4.717284 -2.226698 -7.255556 -3.898457 -3.949846 14.800463 -6.805864 -2.619599 -2.761883 3.927160 14.288889 17.850000 -11.866204 0.947685 14.436420 -11.683951 -14.648148 7.186728 10.164506 -45.775772 -6.693981 11.658333 -13.094444 -36.167593 -5.781173 7.335494 -15.037500 -90.167438 -5.588889 -14.671914 -22.901235 -10.431636 -7.053704 11.114043 10.393056 0.374846 -5.456790 11.230556 8.369599 16.139506 -14.673457 13.698611 -11.228704 1.317284 -11.081790 10.180556 -17.305556 -36.698148 -0.145525 13.556944 -41.216204 -13.485648 -7.750926 10.310185 -28.925772 -24.185957 -8.888272 27.055556 -29.828241 -32.975000 -1.208951 9.862809 9.308333 -6.024537 -2.828549 1.038272 -3.138117 -3.397531 -2.132253 11.812654 -9.684259 4.324383 5.169136 3.844753 -2.216049 -30.393981 12.932870 -1.254630 -23.646605 16.791667 3.225309 16.326852 45.812037 132.386728 -4.923611 74.019599 
-68.781605 1.824198 -1.357037 -21.814691 1.464815 -16.464568 -6.268765 -13.773704 106.058889 22.898765 -54.023827 17.953086 309.347654 72.709383 -113.847160 122.387407 222.458272 12.324198 -119.112716 97.212222 -33.395926 -96.781728 -101.883827 39.615309 -114.761358 -185.143457 -35.462099 19.233333 77.752716 -22.967778 8.468025 -14.496420 -56.252469 -15.667284 -9.717654 -8.704321 -21.410741 -59.402840 -57.918765 -1.627901 162.425556 -51.874938 -34.941605 22.694444 108.522963 -59.036543 -16.337160 33.964568 -60.808272 43.309506 -20.622099 -1.275679 -27.869259 -72.310617 -43.948025 -6.228889 79.276667 -19.032099 0.498519 0.625802 -89.277160 0.701975 -10.290494 6.630617 11.905556 66.206790 -38.928889 23.410370 71.660864 71.860864 -71.930000 36.274444 41.975062 -34.555062 -34.898642 31.112963 -49.200370 97.377037 -24.314691 -13.346420 -42.840123 -61.231975 -52.735309 -12.953827 70.624938 -0.308025 -4.947407 11.147531 -103.766420 -40.012222 -13.765062 -6.075556 -22.317901 -150.949506 -50.144074 -7.298148 84.438642 -130.459506 -69.781358 15.679506 134.452099 -70.432593 -31.072840 30.836296 -82.968272 -23.200123 -27.003086 15.312716 -62.434691 -46.414938 -26.001358 -6.104321 36.923333 16.662716 -8.100617 31.159259 -36.392099 -6.948272 5.447531 -1.977531 48.160000 45.997778 32.124815 2.084815 25.948765 55.308025 -16.936296 23.495309 35.831975 -33.724691 -27.620741 42.725556 -49.477778 11.415926 -10.713086 17.223580 -63.735556 -45.218025 -9.507778 7.593210 23.761605 -5.312346 -5.519630 38.867160 20.583333 3.589506 2.716049 9.591111 72.047160 23.818642 -12.475062 47.185556 -18.996296 -22.463580 -52.040617 16.264444 47.292222 -60.962963 -12.523457 5.914444 -19.315185 -5.094074 -14.639630 18.570370 -20.619136 -105.015062 -19.544691 31.045556 38.800741 -84.201111 -19.366420 21.057654 37.893333 -9.757407 -9.260247 15.212469 5.652469 36.802346 -12.398765 37.304938 -11.342963 52.295802 1.543457 -52.021235 45.544198 -43.132963 -32.114815 -45.904815 -20.384691 -36.906667 -39.983457 1.361481 79.947407 60.398642 -16.025556 52.787160 
368.781975 20.142099 -27.819074 -35.166235 46.460185 316.316605 51.830617 -12.327407 238.806111 1656.135494 111.942531 17.812654 72.709383 2125.412469 -242.472469 -75.866296 382.364136 1326.983765 -366.599136 81.240000 46.783704 405.682469 -250.661914 100.347099 -231.096235 -48.512284 -87.604383 20.563889 502.769691 -106.617778 -0.974877 -22.453210 -274.867901 35.194136 -15.062716 -19.685494 -128.337593 -0.008086 -134.747160 -17.027284 62.350556 -143.166914 -137.933580 4.858333 384.719259 -197.153827 -96.154136 77.533395 45.810864 -5.096358 -115.586605 27.513827 -131.031296 157.486914 -118.963457 -26.359444 346.710000 -150.588272 -16.327407 -37.253210 -287.330247 128.525432 3.331420 -13.725247 42.500000 710.411728 36.798889 29.169630 -15.454568 696.520432 -8.049444 15.174444 49.513642 58.923025 -94.769321 49.462037 38.770926 117.405741 -82.924568 1.146790 -130.211728 527.989012 -64.347654 -7.479136 206.583580 4.254321 -31.799259 51.904321 -316.864877 33.146111 -14.889753 -12.275556 -41.939506 102.842469 -85.415370 -21.554630 17.392654 29.549136 -206.160679 -7.979136 181.091605 -83.225185 -102.578086 57.829815 145.267531 -67.210617 -68.937654 67.565802 -79.986235 -12.990247 -12.633457 -16.146605 165.517778 7.199136 -37.172531 91.237963 -231.270494 34.523642 1.723765 -8.978765 25.465556 18.897778 -19.568704 -17.675370 18.843827 128.229012 -57.277037 15.657654 -136.655679 16.968210 -16.130926 65.958889 37.000000 -41.202593 -8.442099 80.933457 -19.399444 -79.352901 -19.452222 45.827160 -31.174198 -6.447840 -13.849259 117.989691 -56.391667 39.128086 0.341358 21.207778 208.253025 30.847654 37.305802 -41.650556 72.362963 -81.390123 -14.881975 -27.585556 67.381111 -92.592593 8.591049 19.289444 -41.419815 -50.648704 -20.474815 29.268519 9.807099 7.679691 -39.482346 104.695556 -12.505741 -229.701111 -37.406543 55.205494 -9.151111 46.999074 -9.728457 54.000123 122.581790 140.579506 -8.135494 180.902469 62.310741 173.200123 28.370617 96.668272 104.167654 91.529074 29.123148 -15.180741 -45.472346 158.498889 28.489383 -10.079259 369.271481 99.722099 40.516111 -30.290309 
-515.905309 25.159012 -10.966481 12.845123 -41.454630 -52.992160 2.828272 -4.597037 -109.387222 -231.585494 157.048580 -53.523765 -113.847160 -242.472469 329.492469 -117.302593 -6.195247 -37.432654 249.895802 -93.063333 90.408519 95.409753 104.035247 -53.320432 85.416235 63.398951 9.428827 -26.419444 -228.523025 19.985556 -10.657346 42.602099 73.151235 -0.127469 10.126049 11.841049 32.724259 26.132531 88.233827 -4.190494 -65.981667 -25.240864 90.848025 -24.613889 -37.684815 -8.630617 45.030802 -30.168951 57.442469 -2.156975 62.076605 -10.450494 1.807963 -12.238025 42.425679 -6.461667 -137.064444 16.966049 13.286296 11.990988 95.958025 -23.835432 17.448580 3.211914 -39.044444 -116.989506 74.474444 -35.165185 -35.086543 -50.794877 118.462778 -26.298889 21.600802 35.092531 67.820432 -16.034259 74.070185 -87.429074 56.947901 1.485432 -21.104938 -119.149012 47.218765 -2.833086 -109.825802 16.940123 31.894815 -12.898765 125.489321 31.193889 28.587531 10.128889 11.950617 69.100864 68.824259 2.671296 -36.661543 32.537531 74.672901 -15.055309 42.843951 -2.834815 24.666975 -22.658704 79.718025 -72.301605 0.115432 -7.479136 -19.898210 -66.510864 5.193457 -3.247840 -67.002222 -16.729136 27.394753 -42.987963 77.974938 -0.091420 2.837346 6.358765 -51.458889 -16.117778 -12.619074 -3.027963 -31.666049 2.254321 36.328148 -26.672099 17.487901 21.154012 27.955370 -32.517778 24.066667 -0.587407 5.063210 9.706543 -34.003889 92.379568 6.304444 45.295062 -23.721358 -12.724383 19.850370 -51.229691 11.752778 -7.944753 6.214198 -11.565556 -17.056358 -16.113210 28.151975 -25.962778 27.848148 32.651235 56.649753 -30.290000 68.993333 4.631481 18.092284 -27.026111 44.227593 -11.314630 20.062593 -11.840741 -6.562654 114.468086 2.680123 47.225556 24.590185 50.174444 29.292099 -20.531049 -8.797778 -20.832407 9.102901 -19.154568 35.679321 -34.008395 7.518827 6.030864 38.769259 -12.682346 15.748272 46.979506 66.702346 -42.520185 68.793519 -6.434815 52.787901 -154.392222 18.231728 -21.406296 -163.589259 -176.373210 -10.707222 -64.014136 
135.488519 -29.410741 33.381667 -20.969074 11.797222 3.220185 -5.050741 -3.037778 48.451667 -35.545370 -65.240926 69.473148 122.387407 -75.866296 -117.302593 211.456667 21.449815 -107.074630 -103.065926 144.042222 -91.482222 -174.772963 -71.787593 35.359815 -117.547963 -234.205370 -22.711296 4.725000 107.638704 -2.958889 11.106852 -27.133704 -35.974074 -14.043519 -9.519630 -6.132407 -23.268333 -47.766852 -42.428519 7.977407 78.585000 -38.235926 -37.363704 35.558333 54.357778 4.951481 -27.953148 55.107593 -66.124815 31.464630 -27.696852 11.034074 -27.316111 -112.065185 -38.427407 0.077222 75.696667 -13.807407 -2.098889 -8.644815 -54.942593 12.150370 -12.196481 4.722407 12.405556 36.637037 -46.220000 33.847778 53.243704 27.885370 -69.209444 37.945556 22.905741 -22.084630 -30.915370 28.341667 -78.676111 82.578333 -25.444074 2.838519 -21.453704 -36.557037 -37.961481 11.516296 57.019259 -6.190741 -8.864444 8.353704 -75.752037 -23.645000 -12.345185 -2.287778 -5.153704 -61.598519 -38.357222 8.463889 49.435370 -16.406296 -45.969074 24.294074 42.106296 3.074444 -16.176852 28.750556 -75.288148 36.082963 -2.614815 5.793704 -34.067963 26.144074 2.507037 -2.437963 49.947778 -0.934074 -10.004630 17.808333 -29.704074 4.502407 5.062037 -0.599259 34.935556 73.971111 16.416111 5.268333 9.357407 37.696296 -37.220000 35.108148 46.207037 -43.654630 -18.126111 36.887778 -6.344444 -34.007778 -6.850370 8.309630 -54.015000 -115.595741 -9.717778 -25.881481 27.129259 -2.450926 2.291111 28.170926 9.991667 8.026852 -1.940741 16.545556 13.660926 40.372593 -29.469630 51.203889 -68.694444 -5.796296 -48.832963 21.887778 -12.428889 -48.505556 -4.056481 19.835000 -36.781667 11.242778 -14.718889 22.555556 -53.693519 -33.603519 -10.511852 37.231111 35.643889 -57.397778 10.934074 19.814630 -2.570000 -1.408333 -10.150185 7.565185 -38.117593 39.529259 -8.154630 10.987037 -41.667778 40.604074 4.713704 -51.574815 -55.595185 -38.051667 2.380556 -17.953333 -49.870741 34.996667 -18.489259 22.562222 82.125556 198.468148 -9.140556 110.642037 
106.641420 71.918765 -24.062685 -34.590957 32.083796 10.062994 13.657840 -22.489074 31.369167 427.636883 58.358364 -20.566512 222.458272 382.364136 -6.195247 21.449815 762.974414 -139.477068 -32.279136 89.963333 304.819259 -336.437531 -70.772747 6.285710 -181.667623 -392.205895 -67.027438 -13.448611 327.427191 -84.055000 3.486512 -20.740988 -89.895679 2.914969 -0.234383 -10.120216 -49.050648 -8.525586 -26.064383 -8.795617 148.471944 -102.095247 -18.109136 -3.006944 424.487593 -223.594383 4.176142 15.562006 97.390864 26.000031 -1.369660 -13.938395 -46.689907 57.171358 -36.378457 -20.150833 232.489444 -73.404938 -10.347407 -11.257654 -128.544136 15.315988 -2.119414 9.450586 -15.594444 236.692284 5.986667 20.529074 19.119877 224.107377 -8.097500 0.793333 120.278364 -39.299475 -11.077377 14.057870 37.342315 108.908241 14.432654 -26.882654 -98.375617 -23.114877 -57.790988 -32.791914 182.070247 -40.876235 -6.011481 5.801543 -145.229599 -32.878611 -20.662531 -3.242778 -34.461728 -131.000864 -53.206204 -15.597685 61.696265 -149.929198 -71.257623 -10.436358 301.969938 -107.167963 -40.521142 9.804537 30.026420 -110.492840 -41.240432 -1.543086 -158.080957 -198.847469 -44.732346 -23.920216 135.924444 -28.056975 -10.626698 25.431019 -78.444383 -36.168302 8.583488 -2.580988 43.514444 59.445556 70.606574 -4.059537 18.543827 206.490123 -5.083704 5.502654 8.703765 35.614043 -13.984537 39.887222 -37.444444 41.840185 -16.943765 66.418457 -135.605833 -62.836512 -14.215556 21.513272 86.604691 -31.688117 -11.822593 35.022747 39.145833 -22.376080 27.291358 1.301667 161.838302 8.513210 87.559136 23.255833 -38.417593 -56.990123 -16.496975 -7.823889 112.945556 -120.170370 -0.390895 15.149722 -41.734537 45.721574 -20.693148 69.865741 4.547377 70.786080 -24.907901 131.207778 143.150093 -101.799444 -13.600432 -22.853673 30.900556 -53.399537 -12.704290 41.082346 132.933179 116.058395 3.029784 149.738580 5.289074 130.279568 89.790617 -54.487840 128.114321 -151.870093 76.074537 -64.612407 -19.535123 -127.193889 -34.803951 -18.568704 115.847593 -5.140679 -12.971944 12.334969 
-810.289321 -136.700494 -13.253796 -1.915772 -87.538426 144.363364 19.329691 -16.874630 131.926944 509.035031 69.847623 -30.981327 12.324198 1326.983765 -37.432654 -107.074630 -139.477068 2069.753673 -211.806543 -30.210000 -186.221852 1533.167654 -220.662377 107.325340 -20.595772 590.506698 -41.867809 64.179167 -162.440957 29.929444 62.424660 9.750494 -118.971605 2.944599 -9.441420 1.842747 -69.569537 -69.821512 -84.242531 -17.726358 -80.492500 -123.271543 -65.624321 -47.312500 95.910926 -0.376975 -59.232377 12.739414 -20.068765 206.372623 -71.133364 46.184198 -111.096574 211.616543 -65.814383 -5.405278 3.485000 -83.536420 72.033704 -75.127284 -97.984877 50.202284 14.347623 -24.336821 46.122222 286.571914 9.754444 -13.249815 -20.586049 501.740340 -1.739722 -6.758889 -18.181265 158.795710 -43.394784 6.507870 89.688981 158.284907 -57.886605 12.253272 -40.633025 395.895494 -48.282840 13.377346 -0.664568 48.253395 32.895185 -14.868827 -141.773673 42.455833 17.281543 -17.150556 -34.346914 59.422099 -51.019537 -25.408796 1.201451 4.664877 -125.943549 -11.583765 129.481420 -29.977963 -42.697068 10.692315 157.510123 -106.112469 -54.008951 35.584321 39.553117 -55.500432 -14.659383 -9.079475 78.306667 36.414877 5.330710 0.781019 -129.404753 61.339846 13.063117 -9.186173 -35.940000 38.053333 -54.908981 -8.790648 14.397531 40.610494 -3.360370 9.340062 -86.406605 38.182562 13.662130 28.472778 -5.138889 18.889074 -0.696728 28.273272 34.635278 -21.424660 0.714444 51.672531 68.860988 48.832253 16.611852 65.467932 -95.909722 53.899846 0.226543 5.010556 78.742377 63.499506 0.279877 -62.835278 162.160185 27.122840 10.572654 -55.271667 97.003333 22.318519 68.146142 -29.648056 -108.321204 57.741574 26.527963 2.082407 25.388117 -17.936512 -11.374938 113.178889 -31.687685 -69.876111 -58.661173 70.013364 -24.865000 81.100463 -6.694660 32.642716 31.092438 116.042469 -5.218364 57.940432 29.591296 21.301049 60.755802 -5.208580 47.963951 -236.333426 57.430093 -41.800185 -218.556605 -49.970556 -46.684691 -4.954259 186.257593 -66.039938 33.609167 -18.750957 
-562.445309 -52.362099 -16.321481 -7.034321 -40.868519 -47.731605 -12.718395 -3.365926 -112.326667 -235.927160 47.736914 -48.637654 -119.112716 -366.599136 249.895802 -103.065926 -32.279136 -211.806543 346.086914 -107.442222 84.456296 45.851975 190.516914 -72.640988 74.005679 -46.983827 21.006049 -29.322222 -347.706914 75.436667 -16.781235 34.595432 75.651235 4.453086 5.833827 9.999383 27.663704 53.054198 79.681605 -0.113827 -51.948889 23.479136 105.001358 -17.922222 -53.478148 3.379383 78.932469 -45.796173 23.906914 14.914691 72.713827 -25.659383 -12.379259 2.688642 61.654568 -12.335556 -181.268889 64.832716 5.078519 25.306543 122.413580 -2.267654 15.298025 7.729136 -34.166667 -80.306173 66.697778 -31.016296 -24.688765 -120.494321 101.128889 -32.123333 38.695802 -29.794691 70.179877 -32.470370 42.036296 -64.705185 64.349012 -10.893457 -44.232716 -119.375679 56.962099 -8.400864 -119.090247 6.351235 26.290370 -21.265432 159.544321 40.086667 20.151975 10.737778 13.795062 70.716420 71.447037 1.229630 -0.916543 26.501975 107.837901 -15.823086 43.590617 -20.917037 42.153086 -30.045926 11.020247 -57.269383 5.248765 -20.992469 -54.368765 -48.178642 2.942346 1.166049 -81.758889 -16.592469 27.180864 -47.146296 103.262716 -4.384198 -1.215432 5.266543 -29.413333 -20.310000 6.601481 1.015926 -3.899383 -31.917901 50.279259 -17.703210 51.903457 -49.632099 32.460370 -30.587778 -33.261111 12.722593 4.434321 -8.725679 -59.537778 135.497901 13.412222 25.950617 -37.955802 -4.904938 24.357037 -58.889136 7.527778 -1.103086 9.014198 -14.612222 -46.879136 -21.723210 21.693086 -15.345556 31.898148 -8.326543 62.984198 -17.071111 95.578889 -42.674074 21.100617 -20.204444 11.021481 -9.380741 16.511481 -5.790741 -55.382099 79.413086 10.077901 6.735556 38.555185 76.781111 25.477654 -25.003827 -67.457778 -23.768519 8.102346 -34.981235 1.309877 -41.192840 17.288272 -21.474691 32.521481 -48.714568 20.206049 37.471728 67.444568 -104.464074 55.185185 7.460741 36.814568 -175.768889 -2.708272 -8.819630 -190.362593 -187.085432 -22.456667 -40.026914 
