783.621728 361.517778 61.609877 68.085926 -13.156173 -0.926914 -21.835309 -0.311481 -208.071728 -145.268272 -164.905309 -33.637160 27.257654 -242.323704 -142.201481 -122.661358 237.070370 -47.076173 -13.939383 -103.652593 138.065556 47.119383 -4.370247 15.796420 90.193333 84.422963 4.625185 28.776296 1068.049383 -29.877531 55.261235 1.094074 -55.729753 22.026296 -1.677654 3.640370 -225.346173 2.430741 -64.235432 -1.254321 -60.920370 -67.785185 -76.273580 -1.828519 39.375556 -50.172963 -45.537778 -11.375679 12.410370 -145.043333 -24.527531 -45.114074 107.973333 -93.355556 -2.791852 -79.425185 626.074568 -194.537531 25.516667 -148.102593 -30.330988 37.606420 52.810000 -1.541975 3.589383 3.416914 -43.974074 32.777160 38.933457 -95.849259 -117.370370 9.943951 14.365556 -24.631235 -24.227284 -11.060864 -136.248642 3.877531 -22.782469 -17.223457 -141.520864 7.052593 -10.142469 -74.143580 269.353333 -65.536420 -6.236296 -116.468765 18.139506 -74.971358 -77.827531 -40.430741 -28.227901 -91.724074 -81.720988 20.031728 141.861728 -29.634815 -20.318519 43.306173 102.045556 26.856667 16.947284 -20.523333 -179.232716 -8.599259 -14.583457 -18.917407 -111.291481 69.604815 31.929506 16.040864 149.815432 32.831235 -22.685062 -26.284815 -79.591975 -45.129383 -76.790000 -53.693580 -89.073333 -98.973827 -37.478395 -86.290988 160.201481 -72.608519 -5.377654 -48.553580 48.752222 58.503210 -10.413086 5.921605 -116.951605 56.205802 -23.276420 -13.790864 -23.619506 27.656049 42.614568 -1.045926 22.877654 4.786667 -5.832222 28.593333 -69.071358 -22.597778 -11.156667 -6.799877 -22.223580 -43.890864 -6.470494 -43.833580 158.031728 -111.712469 19.334198 -56.254938 17.826420 69.624938 -38.576173 -4.567284 -75.182346 106.132963 -32.511728 3.748025 1.400123 -15.473704 -8.764938 -0.664198 34.800247 27.212593 6.361481 30.361975 13.431358 -16.230864 -9.972099 12.807407 47.957407 -9.898642 53.483333 -5.248025 153.650123 -71.049877 61.110741 -8.787778 -67.967654 -71.062963 -119.164198 -0.078519 -74.398395 -16.363704 -35.047778 1.354815 -4.500000 -3.809506 -1.090741 0.284198 
361.517778 233.925278 25.622222 31.141389 -8.905556 12.213333 -17.290000 1.155000 -106.346944 -66.782500 -109.911667 -17.115000 19.274444 -124.805000 -81.916111 -72.902222 117.026389 -15.952222 -8.728056 -58.353889 84.890000 13.898056 -4.522500 9.823333 31.823333 23.158056 0.611389 5.722778 651.759722 93.935556 20.302500 20.591111 -21.956667 10.918611 -5.725278 3.149444 -147.201667 -9.869167 -43.138333 -3.259722 -28.118056 -30.540278 -44.502500 -2.699722 2.130000 -21.966389 -30.953889 -7.279722 3.253056 -97.609444 -19.046389 -14.723889 23.769722 -70.897222 -5.875278 -61.487778 415.940556 -134.489167 5.091667 -85.319167 12.751667 32.796667 20.990000 2.269444 -30.544167 5.653611 -10.556944 7.845833 14.484444 -46.675278 -52.677778 4.166389 -12.196111 3.818889 -15.915000 -8.539444 -75.454444 23.839444 -10.558889 -0.180556 -121.186389 14.783056 -11.647500 -39.143611 133.860556 -45.490278 -8.798889 -87.370278 22.870833 -24.004722 -39.283889 -20.679444 -24.028889 -42.568056 -36.695833 -5.239444 72.136111 -21.353611 -9.905556 11.540278 30.354444 11.235000 17.658889 -9.321111 -118.551389 -6.640556 -3.156667 -7.080278 -43.467778 20.778056 -22.937222 23.963611 41.427778 52.297778 -14.325278 -32.820278 -39.047222 -19.304722 -46.873889 -31.868611 -42.955833 -60.065833 -27.215278 -41.300833 84.791111 -58.287778 -6.048889 -48.285000 32.575556 3.530278 -0.208056 -10.713889 -77.768611 -15.686667 -17.721111 -13.427500 53.277222 -13.417778 -3.632778 -0.893889 -27.544167 8.448056 -5.519167 -8.878056 -35.608889 -16.861944 -9.215556 -6.819722 13.854444 -20.285833 6.841944 -15.035556 73.646667 -53.969167 16.855000 -25.854167 -14.841389 64.674444 -31.305000 -5.040278 -41.184167 78.255000 -0.534722 -0.134444 21.398333 9.161667 31.028056 -0.315278 15.427222 40.335556 8.689444 8.546667 18.757222 44.929167 23.331667 5.337500 41.006944 36.762222 78.683333 -3.955833 26.280278 -39.985000 9.321667 -5.891389 -60.803333 -6.131944 -89.372222 3.305833 -30.550833 26.639167 -10.770278 3.828056 -0.584722 10.222778 5.573611 0.393889 
61.609877 25.622222 9.102469 3.192593 7.562346 5.216049 2.345062 0.329630 -13.004321 0.959877 -12.210494 -0.684568 7.030247 -13.692593 -12.948148 -4.033951 5.403704 -5.709877 -2.040123 -7.998148 3.416667 4.751235 -0.178395 -0.011728 6.633333 7.529630 0.301852 1.779630 69.673457 -2.549383 8.280864 -3.459259 3.872840 1.857407 1.069753 0.659259 -19.965432 4.485185 -6.558025 -0.224691 -7.053704 -3.140741 -5.889506 2.292593 -3.538889 -0.735185 -5.033333 0.913580 -3.246296 -3.794444 -2.016049 -3.240741 8.627778 -3.194444 -0.135185 -2.001852 39.786420 -11.899383 0.511111 -13.064815 -0.213580 2.749383 1.977778 0.961728 -3.120988 6.639506 -1.501852 1.273457 2.325309 -0.742593 -7.348148 1.254321 -1.577778 2.585802 -1.137654 0.072840 -10.421605 5.549383 -1.867284 0.202469 -9.966049 1.859259 -0.667284 -1.283951 27.166667 -5.371605 -2.901852 -12.074691 -2.295679 -5.556173 -9.682716 -2.307407 -5.997531 -6.312963 -6.430247 0.198765 15.732099 -2.114815 -1.374074 2.187654 10.444444 1.361111 1.037654 -1.666667 -14.590123 -3.387037 -1.791975 -1.474074 -2.059259 -0.212963 -0.367901 0.666049 22.369136 2.647531 -2.126543 -1.014815 -9.871605 -2.940123 -4.666667 -3.345062 -10.127778 -5.806790 -2.504321 -4.819136 11.803704 -4.774074 -0.158025 -5.461728 0.500000 4.985802 0.267284 1.301235 -11.895679 0.283951 -0.816049 -0.321605 5.773457 -5.143210 7.536420 -0.281481 12.635802 1.200000 -0.411111 8.422222 -5.106173 -0.844444 -0.133333 1.019753 -2.383951 -2.832716 -0.017901 -2.906173 15.793210 -9.778395 1.377160 -5.973457 -3.067284 13.279012 -4.504321 0.479012 -8.486420 17.657407 -0.354321 2.045062 4.075309 -0.931481 4.520988 0.033951 5.250617 4.059259 0.681481 5.904938 3.683951 1.295062 -0.158025 2.385185 8.390741 3.272840 5.244444 -0.878395 20.741975 -4.302469 3.012963 -2.205556 -10.019136 -3.596296 -12.649383 -0.368519 -9.459877 2.807407 -2.788889 1.031481 -0.194444 1.201235 1.398148 0.104938 
68.085926 31.141389 3.192593 13.180833 -8.064815 -3.350370 -4.689630 0.161667 -16.390093 -23.680463 -18.817963 -3.736852 17.673704 -37.806111 -18.395000 -12.990370 31.018056 -17.957037 -3.790463 -9.707222 9.721111 -9.435093 -1.381204 -2.671481 2.332222 -1.902500 0.060833 -2.806111 112.608796 -1.842963 3.243796 6.708889 -13.956296 3.725833 -0.667315 0.489444 -23.124259 3.174722 -4.093148 0.756019 2.762500 1.329167 -7.262315 0.683056 5.142222 4.210833 -3.735000 0.355648 -1.369722 -7.601667 -2.977685 -3.053889 -6.008611 -12.519444 -0.985833 -14.095556 71.377963 -22.701574 2.858333 -14.380833 -7.494259 6.788519 9.871111 -0.721296 -4.915093 7.544537 -2.793056 4.028241 5.489630 -1.846944 -9.366667 2.759537 -8.709444 6.962593 -1.999815 0.115370 -18.014074 14.379074 -2.650370 0.773148 -27.876574 3.405833 -2.328426 5.001019 20.950556 -7.489352 -0.940000 -8.855648 -2.717130 -7.815648 -5.884630 -4.637222 -4.622963 -8.665278 -5.080093 2.070926 15.089815 -3.713056 -1.327778 4.052315 0.551111 2.520556 1.122593 -1.528889 -22.161574 1.790556 -0.611852 -2.036389 -12.748889 4.888611 0.002037 12.077130 -2.062963 -0.134815 -4.789537 0.081389 -11.199074 -5.897130 -10.865000 -5.740648 -9.060833 -12.280463 -2.655093 -14.858426 19.420000 -13.606667 -0.515926 -6.874259 6.696667 6.378981 -1.549352 2.926852 -10.233241 9.318148 -1.825185 -1.152130 4.146852 6.769630 3.601296 1.060556 -10.446574 -4.903611 -2.297500 2.833611 -8.494815 -1.238056 -0.545556 0.688241 -2.141481 -5.882685 1.206204 -7.434815 12.790370 -14.412315 2.663519 -5.842130 2.843241 5.521852 -0.498704 1.386574 -7.139907 17.256111 -5.285648 0.615926 1.081296 8.205000 0.564537 -0.108796 -1.223519 -1.157778 -0.756111 1.360741 -0.497963 -1.136574 1.186852 1.284722 0.848611 1.513704 12.155556 -1.003426 4.104907 -4.252037 13.056111 -1.497500 -11.017037 -10.779167 -9.212963 -0.478056 -8.908426 -4.450278 -4.457500 -0.222500 -0.420833 -0.998704 -0.840278 -0.008704 
-13.156173 -8.905556 7.562346 -8.064815 628.072840 182.963580 185.219753 10.309259 381.661728 745.632716 197.019753 123.632716 -404.393210 337.642593 -167.762963 291.769136 -251.681481 -121.332716 -43.545062 71.225926 -135.322222 -12.632716 -1.336420 -45.064198 -25.516667 19.114815 8.664815 -27.285185 -47.871605 22.058642 -1.956790 -41.379630 665.397531 56.703704 69.793210 24.568519 290.795062 108.325926 -18.040123 53.848765 -192.035185 3.129630 -67.575309 55.890741 -24.316667 -41.398148 13.488889 74.323457 -108.203704 1.155556 28.669753 39.712963 -33.772222 13.438889 13.462963 29.385185 29.915432 25.864198 10.522222 -118.557407 427.037654 55.396914 -79.850000 38.269753 135.250617 92.275309 -149.409259 42.533951 -142.523457 74.348148 40.787037 -11.033951 -17.050000 29.606790 34.383951 45.686420 -32.080247 30.769136 25.696914 25.862346 -61.496914 47.118519 28.074691 27.458025 85.638889 83.753086 10.418519 -66.706790 29.866049 64.174691 -149.413580 45.562963 -46.015432 116.985185 -81.023457 109.888272 -197.122840 91.053704 30.896296 51.949383 68.994444 23.388889 2.416049 17.316667 71.882716 -17.368519 -22.532099 5.379630 44.420370 10.296296 -44.172840 -3.480864 49.540123 107.693210 -1.671605 -1.207407 -118.435802 123.260494 -14.744444 43.724691 -73.988889 165.182716 -4.071605 174.887654 -158.798148 147.879630 -4.067901 101.758025 24.161111 43.340123 -1.469136 28.261728 38.049383 -36.485802 -33.241358 13.397531 48.833951 56.961728 16.398765 1.731481 -52.126543 124.100000 -5.566667 -6.594444 -80.675309 33.027778 -18.011111 -0.129012 -12.675309 55.314198 -6.900617 46.580247 -95.189506 93.902469 3.463580 10.360494 -40.114198 18.811728 -4.704938 31.995062 44.323457 23.959259 14.128395 14.064198 3.726543 29.781481 23.732716 1.908642 -77.924691 6.207407 -4.225926 -17.375309 -43.241358 32.103086 -11.162346 -3.846296 11.964815 122.703086 14.650000 -4.125309 -125.323457 39.343210 26.142593 -12.516667 -22.112346 7.512963 2.603086 -1.148148 40.811728 37.775926 8.061111 8.879630 -2.522222 -0.182716 11.785185 1.058025 
-0.926914 12.213333 5.216049 -3.350370 182.963580 132.505432 74.497901 10.154815 29.804691 314.998642 -12.314321 63.171975 -117.893951 75.963704 -77.825185 43.064321 -92.114815 12.723580 -0.521358 -36.905185 -25.491111 11.431358 -1.392346 -3.070123 -2.641111 -12.215185 2.533704 -6.819630 41.752469 40.541235 5.853951 -26.000741 153.792346 30.802593 29.837284 7.464074 -67.777531 33.000370 -14.072716 9.606173 -32.318519 -10.842593 -36.604568 19.831852 12.401111 14.576296 -3.436667 17.578272 -33.684815 -3.631111 -1.164321 14.194074 -16.875556 -15.833333 4.755185 5.321852 66.819506 -16.823210 17.416667 -62.832963 84.686173 35.666543 0.814444 15.401235 -53.895309 32.335679 -24.431481 1.924691 -7.512716 4.029259 -5.679630 5.889753 4.942222 24.622716 13.960247 16.141235 -64.256543 29.430988 7.466543 6.171605 -62.678765 29.860741 20.057654 16.677654 42.334444 31.645679 15.471852 -34.061605 -3.446914 24.066543 -39.936543 12.910741 -65.698395 26.579630 -18.332716 -3.279136 -25.341358 17.152593 11.940741 -12.774691 42.996667 9.980000 11.051975 4.297778 -56.696914 1.062593 2.046049 -2.384815 -16.577407 11.770741 3.249753 -4.042346 14.727160 73.510617 0.761358 2.891481 -51.615432 44.737531 -16.030000 15.105432 -27.307778 60.809753 -1.641975 28.943951 -9.830370 42.049630 3.692840 -18.514568 23.087778 6.836049 10.403457 -6.614198 -50.968025 -4.136543 -5.184321 -3.952099 22.203580 1.832469 -15.056049 -1.225185 -31.376173 49.912222 -4.175556 -3.702222 -41.933457 9.521111 -9.807778 4.809506 31.034321 41.264568 1.894198 17.480988 8.365309 37.517654 10.594321 -12.369136 -38.065679 33.831358 -3.681975 6.346914 -23.068395 10.932593 1.741358 6.420123 27.815062 5.213704 6.777531 0.873457 -23.342099 -5.247037 -0.915926 -5.444568 -3.613210 1.434568 -3.990494 -4.640741 58.320370 75.087901 44.383333 -2.247901 2.276173 34.948395 33.610370 -9.047778 -88.114938 10.618519 -37.059877 1.842963 -22.509753 33.961481 -0.095556 10.804074 0.516667 9.134691 15.374074 1.049877 
-21.835309 -17.290000 2.345062 -4.689630 185.219753 74.497901 133.380988 -0.240370 30.629753 303.204691 165.250988 20.318025 -157.097160 153.471852 -42.294815 112.204568 -71.490741 -56.765802 -8.763086 47.350741 -53.576667 -11.594691 2.146790 -14.542099 -14.654444 7.691852 1.467407 -7.355926 -61.491358 -27.254568 -0.210617 -23.679259 308.514321 21.082963 63.267160 10.905926 32.881975 28.472963 27.402716 0.710494 -83.620370 -4.924074 -5.627654 8.108148 22.752222 -32.047407 9.976667 40.819506 -31.647407 -6.645556 10.689877 15.249259 -31.484444 -10.183333 6.238148 15.932593 -38.896173 1.016543 -0.933333 -48.704815 219.492716 16.997901 -30.748889 28.143210 -2.642469 54.545432 -17.362963 15.464198 -84.799506 30.647407 41.529630 -11.879753 15.145556 6.052840 19.946420 21.917654 10.422099 19.404568 9.903457 14.495062 -48.816790 17.110370 14.657901 30.764568 20.080000 54.309877 9.738148 -11.280617 9.524691 38.436790 -62.521235 41.265926 -58.100494 50.959259 -26.006173 47.026914 -113.225309 32.894074 18.870370 -0.425309 36.021111 7.671111 10.283580 -1.271111 58.619136 -4.919259 2.405062 1.708148 -4.038148 -5.241852 7.395802 -1.947654 23.695062 57.486049 3.315309 11.788519 -66.962346 62.849136 -1.987778 30.970123 -43.137778 96.349136 8.464198 95.391605 -87.255185 71.388148 3.678272 41.424568 5.420000 13.301728 18.453210 2.991975 30.621358 -13.571235 5.677654 1.486543 0.849753 -9.653580 20.036049 2.555185 -32.556049 54.652222 -7.378889 2.662222 -51.240988 21.086667 -6.126667 -2.688395 -11.216543 27.658765 7.112469 23.449012 -38.461975 36.389012 28.253457 16.680247 -42.855432 1.083086 30.445309 7.336420 -7.951605 12.504074 8.830864 5.886543 1.511605 -5.444815 12.562469 0.504321 -38.415679 -17.966296 -5.131852 -8.596543 -22.191235 31.276543 8.067160 -1.920370 6.351852 101.994321 73.094444 -1.353210 -64.927284 38.239383 102.898519 -7.728889 -125.253951 -11.257407 15.632099 -1.680741 -26.743580 8.739630 -2.224444 3.363704 -1.327778 1.434198 4.970370 0.392346 
-0.311481 1.155000 0.329630 0.161667 10.309259 10.154815 -0.240370 7.023333 0.908704 19.600185 -12.841481 23.137407 -17.735926 -6.462222 -11.834444 -1.802963 -18.652778 5.558148 0.630185 -12.975556 -1.918889 5.102037 -0.856852 0.695926 11.836667 -2.249444 3.560556 -0.323333 12.073148 6.119630 1.532037 -2.454444 -8.368148 1.151667 0.787593 0.545556 -12.204074 1.132778 -1.841852 5.539815 5.308333 -6.080556 -5.613519 5.543889 -6.476667 2.399444 -0.270000 -4.460926 -2.439444 -5.320000 -2.049815 2.770000 8.116111 -8.594444 3.545000 2.003333 24.878148 -5.575370 1.422222 -5.995000 -7.477407 -2.584074 4.631111 -1.370370 -7.724630 -2.866481 1.108333 -0.765741 12.607037 -9.538333 -5.633333 5.091296 -4.241111 -2.180370 -2.610741 1.669630 -15.700370 -0.275185 -0.045185 -1.670370 -9.486481 -5.349444 5.098704 3.452037 1.290000 -3.562037 1.558889 0.010926 -8.945370 0.029815 3.908519 -2.013333 -16.223704 0.458333 2.795370 -7.191481 10.829630 1.107222 -0.644444 -0.078704 -1.625556 4.463333 -0.577037 1.392222 -22.162037 4.647778 -1.234815 -0.478333 -8.358889 -5.683889 -3.579259 0.515370 -2.431481 0.852593 2.609815 -1.442778 -9.742593 0.477963 0.025556 -1.053519 -8.232778 -2.116481 0.184259 -10.344630 15.451111 -9.852222 -0.031852 -11.131852 9.404444 -7.986481 -3.965370 -2.268519 -14.127593 -9.908148 -2.811481 -0.893148 -0.834074 -10.910741 -0.030741 -0.390000 9.790185 2.165000 1.849444 1.867222 -1.861852 -1.326111 -0.718889 1.215370 5.528148 7.540185 0.356852 1.158148 7.436296 0.580926 0.404815 -4.423148 -1.707963 0.954815 -3.891852 -1.204630 -4.185370 0.751111 3.539815 -0.423704 1.168148 -4.212222 4.740185 -0.078704 2.008519 0.706667 0.826667 4.227037 -0.090370 -1.928704 -0.292963 0.286111 6.313889 5.488519 -2.616667 1.487593 9.926481 10.834815 0.340000 1.255000 -8.445185 3.280556 -1.781481 -0.572778 -5.194630 5.660556 0.818333 -0.028333 -0.258333 0.058148 1.369444 -0.006296 
-208.071728 -106.346944 -13.004321 -16.390093 381.661728 29.804691 30.629753 0.908704 1315.642562 564.877994 231.674753 119.684383 170.020123 508.415370 -108.295741 373.978025 -590.888426 -158.707160 -110.562006 141.238704 -338.448889 22.232006 -13.225586 -63.435309 -202.904444 17.022870 -8.846019 -58.656852 -393.884105 -4.239136 -32.576512 -6.816296 356.507531 8.550093 -1.104290 -1.626481 834.721173 73.295648 -33.178457 85.122377 97.185648 111.522685 -59.211142 91.274352 -185.936667 105.824352 -3.448333 76.954846 -138.145093 175.512778 20.284475 104.144630 -89.374722 59.969444 -44.428981 89.391852 -271.866235 198.408364 -0.169444 69.051204 162.989321 39.699136 -50.910000 -3.738580 285.162006 12.790031 -226.016204 34.624228 -49.233457 96.178426 -35.135185 21.787994 -86.885000 30.553457 -13.525494 64.363642 104.493086 15.191914 -26.850864 65.570679 153.338920 -62.648426 -79.711698 108.047747 -73.711667 83.451698 1.108519 9.734043 9.225772 16.064414 -67.930802 31.344630 124.711235 62.361574 -69.119290 121.726605 -96.097840 49.505648 -34.309259 94.739660 -56.040000 -34.709444 -52.130617 47.078889 200.970216 -57.370185 -59.844321 22.143796 309.624815 -60.125648 -153.004506 70.616080 -16.132099 -46.059012 -49.302438 -6.027685 -39.599691 17.922438 7.859444 45.361636 -68.300278 51.400216 -11.559105 126.186821 -121.734815 104.214074 -36.672346 132.489691 32.014444 38.453735 -39.866080 49.875617 104.680772 -76.078025 -58.529136 20.431142 245.272284 97.571728 4.943765 12.482037 5.862623 -0.757500 -24.680278 -11.816944 -23.823086 1.699167 -18.543333 2.540154 -45.504198 22.461698 -45.458673 25.139136 -149.709506 74.272191 -73.653642 22.539660 96.077747 -44.458272 -18.376605 50.210340 118.061512 23.786481 47.693673 7.413086 41.469321 117.459815 85.155216 0.726698 37.691420 2.759630 -3.819815 -1.750864 30.732531 -32.534414 -55.980679 6.935648 -54.611574 -18.984691 -192.538889 15.546636 -112.426512 26.291543 -133.919074 30.169722 218.523210 85.008796 140.958642 9.941019 110.033117 62.681759 75.813056 2.935463 3.859722 30.401173 17.753241 0.074136 
-145.268272 -66.782500 0.959877 -23.680463 745.632716 314.998642 303.204691 19.600185 564.877994 1417.244784 315.917469 152.961173 -537.861235 813.897963 -272.196481 409.613086 -448.914352 -54.985062 -64.975216 91.117963 -254.041111 47.801883 -8.328302 -46.010247 -102.441111 -4.615648 -1.033426 -32.807593 -287.724228 -7.157531 -16.105154 -79.008148 808.715802 81.916019 123.761512 28.274259 274.805494 175.974907 15.297346 52.463735 -233.316204 60.296759 -81.546080 53.335093 19.484444 -28.376019 -2.861667 126.867932 -151.589907 40.599444 -0.650586 87.615370 -114.982500 19.141667 -6.097130 80.301481 -158.560432 124.659969 15.919444 -113.719537 516.456235 91.370864 -63.607778 48.316358 71.058549 144.593858 -144.558796 35.856327 -169.289877 99.534352 39.607407 -21.969660 61.461667 14.044321 29.576605 77.145247 -11.533086 48.676975 8.765309 53.812654 -76.587253 75.533426 16.152253 74.197253 12.631667 156.284414 26.890370 -33.817932 18.515895 127.452809 -166.926975 85.059815 -123.237901 170.707870 -115.566821 127.754506 -238.457716 131.293796 26.425926 32.185340 114.824444 23.071667 7.505062 17.070000 126.093673 -16.330926 -7.693457 19.237870 12.887407 48.351759 6.438951 -13.897747 -62.067901 157.744568 -19.562562 6.104907 -180.550309 181.205895 -44.555000 94.588920 -133.598056 304.167006 -7.415895 240.468179 -243.656296 348.401481 0.337901 141.925864 -13.128889 92.136821 21.086636 21.002160 33.708673 12.181358 2.794691 6.744969 -44.402284 104.834938 -5.024877 3.825741 -178.625401 104.152500 -35.065833 -24.931389 -170.168025 42.544722 -43.618889 9.139290 -18.094691 94.292191 -2.887438 40.568642 -155.370494 114.181698 41.101420 -20.231327 -72.729414 -0.121728 46.178827 26.492438 46.132377 -24.994259 -1.163117 8.738025 -26.014877 -6.996481 -24.729105 1.992747 -136.549198 14.693704 2.088704 -37.818025 -106.170309 72.837191 -8.498210 -11.121759 37.403241 284.989136 131.155556 -11.139414 -218.121821 149.657346 208.916852 -43.932500 -245.225432 -19.883796 54.930247 -12.353796 -5.867006 19.127685 -2.141389 12.873981 -12.418056 -7.660062 12.182870 1.651420 
-164.905309 -109.911667 -12.210494 -18.817963 197.019753 -12.314321 165.250988 -12.841481 231.674753 315.917469 876.055432 -120.967531 -385.092716 654.595185 432.695185 265.933457 30.612037 -71.503580 -42.230309 485.848519 -79.274444 -175.765247 -12.598210 11.037901 -136.430000 -108.647593 -10.143148 -49.577037 -411.777469 -137.050123 -35.938951 -33.769259 596.773210 -13.057593 129.405494 5.543704 684.606420 14.634630 263.998272 -6.520062 -252.089815 152.528704 179.917346 -52.374630 160.784444 -150.752407 53.957778 133.737840 104.980926 -63.570000 -4.686235 125.834815 -271.828333 -90.605556 -18.351296 28.995926 -247.592840 32.893765 -20.366667 60.884630 527.979383 -19.836543 -45.141111 23.887654 364.191420 93.863765 -0.543519 57.433642 -423.452840 246.219074 225.868519 -79.519198 102.020000 43.968395 36.488642 54.233210 399.918765 24.211235 3.796790 89.933951 -191.200679 63.504259 -60.548210 274.871790 -108.204444 88.862654 57.445926 154.434383 132.133025 88.816235 -22.555679 112.573704 209.813951 75.773148 -85.508951 234.270247 -554.186420 8.570185 -5.546296 20.766358 59.802222 -50.986667 -6.326420 -24.585556 615.377469 -95.300370 -33.436049 26.380926 244.692963 -131.319074 -94.334198 95.212901 -41.088272 -40.612840 21.531420 51.981296 45.026543 60.345247 21.531111 122.299568 47.761667 145.717469 -12.971914 441.851049 -434.967407 203.495926 -15.241728 309.343457 28.615556 7.206728 47.203765 26.764198 427.739691 -136.989012 -9.786790 20.987099 202.209753 -36.833580 208.687160 11.845185 -68.527716 -4.073889 -31.239444 -17.199444 -26.386543 13.157222 -30.385556 -6.022284 -100.518765 55.842654 -29.398086 133.016790 -326.746420 254.578457 -13.192099 222.310802 -45.232654 -9.151358 114.790864 77.755864 124.052284 63.486296 115.200309 25.834321 -5.597284 118.584074 167.496358 0.884877 -145.589012 -108.534074 -19.747407 -35.686543 -108.021235 -41.404012 -30.563951 -8.512037 -165.978704 79.702099 -94.572222 12.107346 -303.883395 122.663827 203.225185 29.216111 -90.927284 -22.076852 380.598765 14.775370 9.604753 -13.026481 54.729444 -2.324630 -13.058333 7.285309 1.106481 -0.219877 
-33.637160 -17.115000 -0.684568 -3.736852 123.632716 63.171975 20.318025 23.137407 119.684383 152.961173 -120.967531 258.516173 -88.632346 -193.505926 -182.733704 154.667531 -301.715741 -103.419506 -21.739938 -195.027037 -114.415556 16.543272 -5.509691 -41.384691 9.262222 -11.455370 12.831296 -20.411481 -14.470062 9.010247 1.005123 -34.540370 1.884691 11.719074 -3.178210 1.694815 -94.960617 12.197963 -57.589877 42.565123 100.865741 -91.387963 -85.073025 93.355370 -125.736667 126.660926 -14.062222 -16.524012 -123.505741 98.943333 2.929691 10.827037 -0.226111 -34.411111 11.496481 42.438148 99.077901 -16.610309 2.744444 -86.168704 -45.588765 -0.483580 1.434444 -9.158642 -107.315617 9.063025 -6.532407 -10.231173 141.735679 -71.738704 -51.914815 51.793395 -46.482222 21.956543 -17.607284 30.004691 -214.913086 45.006420 -3.494691 13.315432 -39.526975 -33.297963 7.162531 45.608086 131.985556 24.221914 10.038148 -39.787099 -81.202160 -22.897469 -4.828642 -29.434074 -181.669012 6.295370 9.709568 -60.508272 128.733951 12.369074 2.581481 -2.113272 21.648889 4.421111 -23.268272 24.312222 -241.013272 10.697407 -19.552346 -2.100185 -9.777037 -10.294630 -41.272716 6.423642 73.870988 36.826790 18.847716 18.380185 -102.503086 15.483395 3.056667 -13.086358 -102.823889 28.572284 3.007716 -88.570432 120.439259 -46.195185 12.124568 -99.968025 67.181111 -35.114012 -19.834753 -0.245062 -143.888827 -20.195309 -15.379753 0.098580 15.123827 -8.279506 -19.523210 -1.194815 88.467099 30.232778 6.196111 21.687222 -23.628025 5.683889 0.156667 11.482901 45.940864 62.459691 1.163395 -4.710247 93.686173 -10.078580 15.410864 -54.118827 -15.761914 18.807160 -20.591728 -8.670062 -31.578457 6.048519 21.924383 -2.215309 20.419012 -13.800370 15.413395 0.999691 83.049136 63.983704 8.673704 23.149753 27.745802 18.527469 -2.303210 0.054630 65.504630 31.525802 24.544444 4.390309 107.638457 -0.780988 -58.884815 3.257222 -37.279877 42.473148 -97.253086 -3.816852 -14.327840 51.136852 12.911667 -0.127963 7.680556 5.208272 10.078704 0.060864 
27.257654 19.274444 7.030247 17.673704 -404.393210 -117.893951 -157.097160 -17.735926 170.020123 -537.861235 -385.092716 -88.632346 1590.020247 -527.582593 -175.504815 -93.679506 23.431481 -230.549877 -87.220123 -274.034815 -289.918889 15.096790 -6.502840 -105.452840 -305.174444 25.166296 -19.034815 -99.543704 314.679012 58.101728 27.428642 55.302963 -577.941605 -48.399259 -122.110247 -24.145185 -366.873210 -61.418148 -142.548025 -35.763580 571.957407 -72.979630 -34.798395 30.633704 -116.260000 308.611481 -28.436667 -35.746420 -224.905185 443.080000 42.890617 -56.587407 -81.392222 212.761111 -46.631852 86.701481 298.194198 11.803951 3.788889 59.470741 -470.422469 16.844938 80.908889 -16.771605 -340.952099 -11.570494 124.292593 -82.082099 325.395309 -124.905926 -139.231481 40.168765 42.492222 -36.568642 -45.790988 -10.787160 -276.807160 64.731605 -62.949506 14.430247 166.476173 -92.620741 -44.563951 54.372716 180.240000 -112.749383 -7.131852 -34.809136 29.337654 -69.388395 91.846173 -39.481852 -6.923086 -116.612963 138.486420 -194.583457 409.326543 -120.727037 -65.062963 -71.279012 89.485556 -49.808889 -79.707901 62.614444 -359.640123 7.260741 -64.261975 5.467037 66.048519 2.139259 51.178765 45.074938 160.124691 -57.920247 -10.450988 24.961852 132.161728 -143.827901 0.370000 -54.160617 0.425556 -199.950123 -0.293210 -272.542469 259.782593 -247.042963 -39.371358 -265.513951 180.043333 34.822469 -66.036049 22.562346 -215.289012 159.785062 24.992840 0.230617 40.696790 3.614568 33.913086 0.222963 190.032469 -72.487778 1.335556 83.275556 138.411605 -27.228889 32.420000 13.373086 6.462716 -80.563827 -14.049012 -99.568395 257.060988 -151.287284 -97.549506 -117.756790 271.646049 17.263457 -104.822099 -23.865432 -78.948642 78.025185 -11.937654 -0.752716 12.684198 -11.493704 25.223210 -1.532716 151.101728 14.632593 -1.441852 54.683827 140.091728 -34.538272 -7.604691 23.801852 -47.137037 -240.457160 -152.805556 -9.508395 334.445309 -210.349136 -396.369259 -1.753333 535.287531 8.614815 -196.304938 18.389259 9.344568 -1.384815 -1.367778 9.511481 8.705556 30.250123 25.098148 -0.199506 
-242.323704 -124.805000 -13.692593 -37.806111 337.642593 75.963704 153.471852 -6.462222 508.415370 813.897963 654.595185 -193.505926 -527.582593 1608.345556 346.495556 67.410370 167.636111 547.549259 3.240185 604.236667 107.624444 -4.322407 -7.680185 140.089259 -152.147778 -52.750556 -15.443889 6.684444 -564.515741 -27.782593 -38.663519 -13.512222 583.499630 21.537222 110.014259 16.965556 798.544815 107.917222 208.632593 10.178704 -350.275000 331.530556 149.232037 -136.149444 284.326667 -260.738333 42.231111 109.681296 295.145000 -278.318889 -38.996481 172.402222 -164.549444 29.933333 -41.322778 -12.164444 -471.109630 219.334630 2.355556 140.222778 489.918148 19.047037 -42.170000 41.701852 469.943148 25.347963 -148.669444 62.512037 -412.544074 282.193889 150.577778 -119.332037 113.857778 23.989630 47.923704 -19.238148 698.270741 -60.728519 9.202593 37.279630 53.673519 207.149444 -75.191296 80.227593 -342.945556 124.110185 0.096667 142.107593 136.199074 115.383148 -65.077037 108.418889 340.371852 161.197222 -167.254630 272.850741 -488.170370 97.942778 -14.055556 84.921296 -9.941111 -7.563333 40.547407 -70.114444 820.393519 -74.470000 -4.500370 15.445000 300.031111 -0.532778 -67.028148 -3.763519 -229.353704 -59.000741 -68.974630 -21.929444 37.474074 137.492407 -15.108889 75.360926 105.832778 239.853519 -24.332407 413.829815 -458.734444 433.680000 -17.832963 446.278148 -197.876667 64.106852 71.730185 20.681481 402.431296 -58.082593 10.765185 18.285741 42.552593 127.668148 92.338148 7.484444 -189.858704 -24.565000 -38.938333 -72.317222 -88.736296 47.470556 -42.020000 -40.930185 -72.020741 15.180185 -27.164259 61.865926 -371.010370 186.709815 23.630370 145.004630 -123.617963 -53.119630 148.665926 51.073148 89.211296 -23.634444 42.912037 6.377407 -64.755185 73.090000 35.752407 -0.023148 -176.949259 -98.978889 -8.482222 -61.714074 -147.311481 5.043519 -19.482963 -9.686111 -71.475000 236.370741 14.988889 3.753148 -397.780185 199.244815 403.137778 -8.155000 -279.952963 -77.213889 361.040741 -6.021667 -27.075741 -37.549444 -3.735000 1.100556 -28.452778 -6.228519 -5.580556 0.458148 
-142.201481 -81.916111 -12.948148 -18.395000 -167.762963 -77.825185 -42.294815 -11.834444 -108.295741 -272.196481 432.695185 -182.733704 -175.504815 346.495556 742.834444 -169.667407 335.530556 340.410370 113.956852 349.442222 270.096667 -126.000185 -15.246852 139.172593 -129.575556 -151.572778 -13.449444 -59.015556 -310.071296 -52.699259 -19.996852 8.182222 -23.139259 -42.740556 24.136481 -9.006667 451.522593 -73.527222 256.165926 -28.810185 -66.658333 162.375000 262.370926 -106.127222 186.415556 -104.438333 83.170000 7.075741 333.533889 -163.713333 -14.179815 97.602222 -241.999444 -72.111111 -29.878333 -27.125556 -215.481852 18.634630 13.455556 139.217222 89.090370 -40.991852 21.057778 -10.648148 325.848704 -58.968704 73.869444 19.862037 -282.660741 203.227222 196.038889 -75.809815 64.835556 106.789630 46.801481 -19.571481 457.265185 -7.472963 25.097037 46.090741 -142.082037 100.288333 -76.985741 201.638704 -179.623333 -0.389815 51.596667 143.218704 112.771296 31.433148 92.872963 49.246667 370.971852 -5.513889 -19.654630 142.539630 -361.087037 -51.290556 -5.322222 -15.017593 4.914444 -50.824444 24.897407 -51.636667 560.776852 -95.542222 -4.505926 6.350556 275.981111 -130.699444 -97.105926 93.053148 -17.437037 -128.695185 20.108704 11.576111 178.818519 -24.429815 49.174444 49.355370 291.716111 8.809074 -22.843519 305.246481 -244.723333 75.857778 -9.716296 208.683704 10.762222 -25.109815 56.052407 -20.874074 363.603519 -106.843704 -1.429259 6.157963 246.630370 -41.581852 194.765926 1.751111 58.246852 -70.198333 6.711667 -19.706111 73.152593 -9.985000 -3.331111 -12.519074 -4.104074 32.207963 -24.030926 132.621481 -223.460370 264.765370 -19.908519 220.204630 -103.484630 78.708148 91.721481 42.256481 58.144630 121.982222 105.550926 17.144074 20.955926 155.290000 159.502407 0.415741 -75.782593 -89.178889 -4.132222 -22.275185 -47.605926 -68.206481 -16.716296 -7.930556 -105.225000 -39.207037 -84.405556 12.119815 -196.402407 43.578148 133.743333 42.128333 -82.569630 -25.713889 283.229630 18.850556 -19.603519 -13.138333 37.265000 -2.027222 -10.975000 11.782593 -0.147222 -0.241852 
-122.661358 -72.902222 -4.033951 -12.990370 291.769136 43.064321 112.204568 -1.802963 373.978025 409.613086 265.933457 154.667531 -93.679506 67.410370 -169.667407 633.083210 -390.153704 -485.251975 -131.461358 155.784815 -382.608889 -164.620864 -31.465679 -155.237901 -220.042222 -116.016296 -10.798519 -128.667407 -254.725309 -68.677654 -13.652716 -40.730741 366.932346 -0.595185 24.252840 7.361852 254.043580 30.112593 -29.981605 20.839506 -50.590741 -28.970370 -21.842346 95.638519 -73.340000 87.682963 1.786667 154.009383 -247.267037 303.292222 4.227901 64.776296 -314.374444 34.127778 -21.007037 87.459630 -149.796049 58.353457 -17.700000 -9.215185 213.498395 14.819877 -55.914444 19.529012 40.500247 116.177901 -14.248148 13.585802 -83.097160 81.111481 101.403704 6.321975 53.085556 28.053827 8.105802 91.661235 -42.602099 111.194321 -20.085679 106.554938 -126.585432 9.131852 -76.599012 231.558765 90.160000 37.573457 14.709630 27.751728 16.536420 18.492099 -34.722099 39.398519 -59.158395 65.040741 -17.266049 75.446420 -133.924691 31.243704 -1.559259 34.097531 104.592222 -44.341111 -50.256914 39.374444 63.936420 -38.877407 -63.713951 37.588519 99.801481 -23.544815 -42.126914 60.062099 62.143827 9.351728 11.176914 34.038148 -13.387654 38.785309 12.080000 44.308765 -125.370000 72.329753 -4.119753 88.790617 -171.793704 93.198519 -0.719383 96.834321 17.951111 46.651605 -13.239877 71.252469 57.696420 -6.805432 -13.068765 34.187901 26.218025 84.194691 101.262840 8.477037 35.241605 14.771111 -15.735556 10.707778 15.958765 20.601111 -17.142222 8.358395 -46.064568 34.871235 -15.182469 13.183210 -141.259136 44.685432 -8.196790 3.291975 28.229877 -19.754198 18.903580 44.169136 94.028272 -29.297407 50.096914 15.160123 -30.991605 10.015926 22.606420 3.517901 -24.249877 35.445185 -3.263704 -1.463457 -33.423210 47.590123 -11.813827 2.281481 -58.874074 51.253457 -29.855556 -0.837901 -119.180494 6.941728 -43.791852 -9.535556 53.721728 9.324074 110.245679 1.877407 60.003580 -11.231852 38.462222 -0.489259 -8.400000 -13.501975 -3.025926 0.325432 
237.070370 117.026389 5.403704 31.018056 -251.681481 -92.114815 -71.490741 -18.652778 -590.888426 -448.914352 30.612037 -301.715741 23.431481 167.636111 335.530556 -390.153704 1226.865278 207.162963 90.918981 257.391667 455.127778 -311.557870 -21.427315 48.679630 -199.783333 -175.320833 -10.987500 -132.263889 290.733796 22.231481 9.608796 41.555556 -158.212963 -8.884722 8.592130 3.525000 -107.189815 -19.251389 64.093519 -49.918981 -144.351389 238.854167 140.678241 -197.443056 475.522222 -192.043056 64.613889 -24.450463 274.293056 -134.475000 -12.028241 -19.786111 -382.345833 107.141667 -28.415278 -195.344444 17.760185 -22.597685 12.997222 82.937500 -20.400926 21.007407 88.800000 29.684259 91.236574 32.599537 132.265278 17.153241 -225.214815 222.523611 98.861111 -106.292130 137.508333 46.303704 66.432407 -82.221296 267.609259 101.976852 22.851852 -2.710185 -278.467130 286.926389 -75.346759 53.022685 -268.047222 -72.564352 17.816667 28.633796 94.591204 10.594907 81.984259 30.447222 286.931481 4.059722 13.817130 79.012037 -145.415741 -7.101389 11.333333 -9.711574 134.100000 -5.147222 49.642593 -91.988889 286.191204 -77.325000 -25.879630 -13.545833 76.894444 -5.331944 -17.265741 29.064352 -173.057407 -110.975926 23.842130 -91.645833 143.428704 -47.653241 -42.980556 -18.474537 286.148611 -37.669907 -23.346759 70.653241 -36.938889 32.555556 3.968519 118.221296 -13.122222 -7.317130 30.668981 -22.562037 188.771759 13.692593 -8.524074 -7.844907 45.487963 74.024074 119.193519 -1.208333 -51.494907 -65.220833 14.443056 -59.679167 55.951852 -14.770833 0.922222 -25.874537 22.335185 -55.586574 -0.403241 30.385185 -42.840741 58.194907 -6.884259 105.877315 -61.343981 39.374074 21.421296 13.517130 -18.039352 82.313889 20.794907 1.975926 -19.273148 72.491667 49.188426 -1.406019 -50.876852 -58.050000 -6.191667 -17.798148 -21.565741 -44.572685 13.421296 -0.690278 -48.720833 -16.201852 22.772222 -5.299537 -80.118981 68.649074 180.547222 -9.834722 -81.509259 -74.287500 102.964815 2.634722 -48.335648 -65.731944 -21.595833 1.534722 -2.784722 -12.428704 -3.331944 -0.234259 
-47.076173 -15.952222 -5.709877 -17.957037 -121.332716 12.723580 -56.765802 5.558148 -158.707160 -54.985062 -71.503580 -103.419506 -230.549877 547.549259 340.410370 -485.251975 207.162963 1258.223951 215.551605 -22.142963 512.480000 707.927284 55.093580 360.654691 89.418889 211.228148 -9.120741 262.971481 -102.027160 91.690864 5.239877 19.435926 -170.438025 10.971481 25.139877 4.278519 86.458395 -14.720741 196.633210 -20.856790 -28.718519 67.668519 141.550247 -104.428148 198.721111 -122.111481 20.931111 -120.094321 498.116296 -444.130000 -41.936914 79.487407 484.836667 -78.338889 -25.957037 128.042963 -38.281235 60.771975 72.127778 63.079259 -8.414568 -15.631975 83.268889 6.425309 271.503951 -227.336914 -45.542593 5.628395 111.750988 -149.410741 -67.868519 -31.776173 172.457778 -135.644321 -44.701605 -68.353580 400.527531 -399.335309 -18.543086 -122.243210 499.777531 -113.240370 -3.689753 -292.370864 -139.995556 -57.019136 7.004074 17.160988 165.266049 -62.415309 14.940864 -22.512593 300.971235 -72.048148 -134.867901 40.848272 67.243827 -24.567407 -46.420370 8.671605 -41.991111 12.247778 53.150494 -51.231111 263.499383 -26.505185 63.199012 -23.533704 100.890370 34.188519 53.808272 -123.706420 -4.554321 -87.450123 -29.230494 -26.517407 142.114198 -23.546173 0.274444 -53.170864 234.502222 21.598272 -34.082716 49.538765 -13.849259 146.265185 2.495432 103.804691 -181.215556 37.642346 76.006420 -47.543827 56.792716 45.946420 74.038642 -9.815802 -99.300494 11.259506 -48.077901 -8.128519 -39.139877 -3.451111 17.258889 -6.608889 -23.509753 17.428889 9.480000 -34.115679 77.755802 30.495309 7.324938 13.231358 -32.146173 99.489136 68.568025 48.121605 -212.494198 47.166173 92.135062 -45.677160 -78.608765 -27.364074 -18.699383 -17.954691 -23.360123 -42.484074 -59.486173 -3.002469 -48.453580 -16.354815 20.169630 -15.504198 -39.288025 -28.024691 32.084321 -9.896296 74.587037 22.505309 131.283333 -0.967531 -43.515679 1.923210 252.513704 -2.357778 -348.280123 -57.781481 -16.258025 -14.522593 -74.459383 14.684815 -46.215556 -2.705926 -4.655556 6.062840 -1.942593 -0.259753 
-13.939383 -8.728056 -2.040123 -3.790463 -43.545062 -0.521358 -8.763086 0.630185 -110.562006 -64.975216 -42.230309 -21.739938 -87.220123 3.240185 113.956852 -131.461358 90.918981 215.551605 116.353673 -26.960926 178.071111 115.459660 26.372809 74.307531 35.354444 44.829907 -0.284537 59.629074 -42.202006 -15.416420 5.107068 -9.494815 -40.935309 1.708241 12.623735 -0.640185 -30.826728 -16.287315 35.739568 -7.519599 3.944907 3.702315 46.058364 -27.793796 69.670000 -27.554907 28.998333 -37.952068 134.853426 -129.690556 4.457191 -8.372407 97.266389 -50.880556 0.376204 -31.247407 -33.111543 -7.366698 24.213889 -10.242870 -12.522654 -10.638025 16.237778 -5.728086 30.757438 -37.470586 17.907870 -5.671451 28.144568 -3.553426 -0.548148 -11.362994 26.185000 1.635432 4.436605 -20.691420 61.001358 -49.797469 10.539753 -20.737346 37.897191 -4.332130 16.375586 -69.733858 -10.782778 -7.326698 18.447037 -8.042377 8.982562 3.421698 22.147469 -4.616852 53.577654 -6.347685 -7.361265 0.495617 32.186728 4.519352 6.170370 -14.297994 -9.526667 9.031667 30.475062 -18.540000 23.082562 -3.485370 29.238765 -8.402130 -25.269259 6.217315 30.110062 -8.079969 28.043210 1.886790 20.094105 -15.102870 16.249691 -5.280772 12.379444 -12.947747 88.614167 3.374784 -4.715895 2.310401 40.051481 -0.086296 14.100123 -14.911914 -13.892222 -3.389846 35.363302 -21.920062 -5.205772 -3.955309 25.973580 -8.356142 -8.244506 -28.821728 -4.549321 -1.293148 24.790154 12.388056 12.894167 0.308611 9.584198 -5.224167 4.871111 -10.531821 39.876420 12.196636 9.783673 13.321975 34.276173 18.197253 30.831420 -0.225772 -62.330525 28.408272 23.287716 -18.029784 -38.103179 11.769074 -1.807562 -3.685309 7.714012 -13.948704 -2.069105 -0.357253 0.075247 -5.298519 5.086481 -0.421358 1.289691 -0.329475 14.986235 -2.110648 44.797685 5.868025 61.033333 1.945031 21.218179 -22.197099 59.030185 2.433056 -130.917654 -29.789352 -35.514198 -2.004907 -39.369228 12.009907 -14.104722 0.950648 1.759722 5.654383 4.110648 -0.024136 
