95.000000 100.559259 6.537037 8.974074 158.118519 138.529630 22.172222 32.724074 -98.946296 77.550000 -5.307407 5.403704 -131.381481 13.800000 -21.268519 -8.012963 -16.320370 -41.155556 -40.885185 2.664815 -7.712963 -49.635185 -30.709259 2.409259 -3.370370 -12.775926 -3.266667 -0.361111 50.977778 65.653704 3.572222 2.870370 91.127778 -55.831481 -19.816667 16.535185 -24.746296 20.370370 -22.616667 -0.862963 -55.425926 -2.894444 -20.292593 -9.357407 -8.200000 -37.877778 -33.331481 0.312963 -17.135185 -26.059259 -23.677778 4.309259 -3.372222 -6.174074 -3.003704 2.672222 22.985185 1.937037 -4.335185 -3.335185 63.501852 -57.572222 -12.566667 7.011111 -45.775926 6.622222 -6.642593 8.333333 -40.064815 18.944444 10.061111 -2.137037 -15.018519 25.785185 -10.861111 0.105556 -6.394444 6.672222 -5.412963 12.364815 6.664815 -6.148148 4.851852 21.427778 28.501852 11.512963 -7.166667 1.133333 37.946296 2.574074 -22.700000 6.416667 -36.975926 15.061111 -2.685185 6.829630 -30.600000 -32.150000 -1.912963 -1.466667 14.922222 -39.205556 -29.333333 -4.712963 45.679630 -48.203704 -3.320370 1.425926 19.166667 -29.401852 7.620370 -14.103704 44.801852 7.042593 -57.642593 1.379630 49.864815 -20.568519 -56.061111 4.927778 -7.283333 4.309259 -8.879630 1.212963 -13.272222 -12.574074 -22.925926 -2.972222 18.757407 -11.312963 -17.707407 -1.737037 35.055556 0.774074 9.822222 -2.966667 -2.268519 10.831481 -8.405556 -1.975926 -18.774074 -2.400000 -64.416667 -4.316667 68.035185 -6.362963 -29.996296 0.587037 0.427778 -4.794444 -17.737037 6.459259 2.075926 -2.253704 0.437037 1.244444 25.687037 -2.581481 20.301852 -3.466667 14.614815 -4.698148 0.501852 -0.277778 64.170370 -9.540741 -61.587037 1.579630 -60.409259 -89.911111 -22.727778 -48.207407 69.468519 -38.140741 -48.462963 3.324074 -0.701852 40.751852 -10.224074 3.007407 0.262963 19.451852 41.277778 -5.896296 27.772222 6.516667 25.324074 -3.116667 -7.612963 -0.674074 -44.792593 -3.442593 69.435185 40.098148 -32.824074 3.175926 
100.559259 1130.092469 46.006914 70.500864 288.215309 847.857531 100.759815 63.563642 12.877284 519.512407 17.323765 68.816543 -484.686914 442.826852 -66.180864 5.300062 -118.184506 37.308333 -119.124753 -1.556975 -52.179198 -221.578642 -136.618765 -0.687716 -19.234691 -67.461543 -17.313333 -2.013519 52.924259 595.051358 -41.062593 56.788951 267.191667 -52.939506 -118.238519 74.182160 170.958580 -179.066420 -130.280741 15.148210 -204.266914 -95.378333 -209.221173 -21.638272 -49.084259 -260.764444 -228.153765 -2.167654 -83.490864 -167.066173 -109.537037 9.176543 -21.629630 -41.365309 -12.796543 12.611481 -44.273025 -734.158457 -119.255494 -29.897346 344.025494 -561.680000 -101.275741 -11.254444 50.867716 -145.023704 -55.359506 26.440556 -182.111914 61.612222 9.727963 7.853827 -104.021235 63.501235 20.346852 17.865741 -123.986481 81.675000 -33.812716 37.307654 34.690062 15.474938 11.221049 69.201111 55.343457 2.765123 17.526111 -0.587778 157.677346 31.433272 30.852593 10.092222 -126.268025 89.943148 17.113025 31.760123 23.815926 -55.375185 11.358025 37.762593 64.056667 -105.698333 -73.503704 -16.508827 -44.092099 -150.108025 -74.117654 15.838025 105.419444 -105.984198 23.627099 -83.362840 254.419938 151.164877 -97.751358 2.891975 125.909877 -35.130679 -178.041852 23.387963 -23.833704 -76.171790 -49.677531 29.458457 18.055370 -80.215494 7.818086 -11.286111 -69.560432 -73.998086 -128.569938 -18.455988 6.377037 -18.828395 -15.968333 -2.248333 -131.194383 42.875247 58.950926 11.548827 172.346173 117.926667 -244.782778 11.512407 52.479568 106.070247 -126.751605 36.014877 -66.072778 39.480926 -1.449506 -1.400123 -64.047531 -57.563210 -5.814012 -45.858704 -84.624938 -55.895802 -48.123580 -16.804074 39.225988 -16.886173 10.881420 -2.905926 -12.284383 -19.388457 -82.222654 24.278086 -247.075062 -99.243704 -95.716852 -103.165494 -97.862284 -67.010864 -109.431420 -32.872469 -72.026235 -82.869321 -72.755679 -16.012099 -83.330247 -87.650247 -64.741111 -72.496049 -71.982778 -52.795556 -13.799691 -74.901111 17.678765 -49.226235 -68.862840 -24.866358 118.796049 14.421914 -102.908642 1.238210 
6.537037 46.006914 9.825802 -0.272469 32.507531 42.531975 13.542037 1.336975 -21.048272 33.869074 5.395988 2.508765 -44.901358 33.471296 11.780247 0.195617 -2.255617 8.563889 3.140802 -0.993642 0.200802 -10.455309 -8.073210 -0.961049 -1.403580 -3.758210 -1.164444 -0.156852 6.505370 46.131358 9.338519 -2.126605 24.319444 -16.445062 -1.637407 2.005494 6.446358 -19.284198 -5.211852 -2.806235 -17.615802 -22.382778 -12.163395 -3.204938 1.660185 -22.174444 -14.299321 -0.018765 -0.154198 -2.479506 -4.448148 0.215432 1.703704 0.536914 -0.434321 1.195926 2.206975 -30.655123 -5.493272 -1.427346 34.912160 -34.347778 -7.005741 0.487778 -2.046728 -11.100370 -5.436173 1.059444 -15.798580 3.493333 3.597963 -0.210617 -1.153457 -0.182099 2.467963 1.360185 -0.593148 10.008333 1.302840 0.545432 10.616728 13.246049 0.933272 13.548889 6.653457 -3.884877 2.435000 0.343333 16.047346 -4.178951 -2.878519 3.607778 -4.492469 -1.813519 -3.213642 0.370123 -2.086296 -9.017407 2.613580 0.144815 -3.378889 -17.946111 -5.087037 -2.839938 -1.855432 -21.308025 -4.285432 -5.344198 25.197222 -16.405309 2.681543 -9.571728 13.173272 -4.578457 -5.353580 0.197531 14.504321 -5.944012 -10.945185 2.387963 0.304074 -2.314012 -2.289753 1.566235 -8.259074 -4.638827 -0.906358 -1.730556 -6.814877 -5.146975 -12.639938 -0.291543 4.263704 -1.622840 -0.292778 0.081667 -11.221049 -6.359198 11.695370 -11.605617 -0.100494 3.062222 -15.095000 -2.675370 14.150679 13.468025 -6.063827 1.082654 -8.266111 6.343148 -3.562840 2.286543 -5.736420 -1.928765 -8.905123 2.173519 -0.223827 -1.998025 -3.336914 -1.749630 11.332654 3.790494 12.430309 0.092963 -28.803272 -0.964012 4.841790 -0.494136 -21.709506 -21.241481 -5.914630 -17.311049 3.994383 -16.800864 -11.791420 -6.954691 -7.715123 -5.500432 -10.041235 -0.835432 -12.569136 -1.043580 -0.397778 -5.247160 5.005000 14.401111 11.666975 -6.432222 12.396543 15.757099 21.494938 -2.083025 -28.341728 -5.200309 -17.914198 -0.207346 
8.974074 70.500864 -0.272469 10.951358 10.072469 62.032469 1.022963 10.753580 8.451605 27.904815 -5.987654 5.649012 -15.056420 13.764815 -13.980247 1.111605 -6.742716 -4.827778 -13.375802 1.227531 -3.266914 -16.084691 -8.516790 0.698272 -1.866420 -6.553457 -1.484444 -0.158148 -0.094815 3.127531 -8.056296 11.639383 6.327778 1.228395 -12.519259 9.340617 11.463086 -2.831358 -10.429259 4.396790 -3.201975 -3.360000 -9.674938 -0.178395 -3.357407 -9.187778 -12.157901 0.386543 -3.982469 -16.140494 -6.585185 0.401235 -2.553704 -7.055802 -1.572346 -0.335926 -5.056420 -53.889877 -7.732840 -1.950988 0.937284 -35.828889 -5.994815 -1.424444 3.436173 -9.750741 -1.853827 3.946667 -3.361975 4.792222 -1.926296 2.419506 -9.642099 6.982099 1.824815 2.075926 -9.069630 8.211111 -4.807284 3.889012 -3.035062 -2.578272 0.179506 -0.868889 1.192099 5.793210 2.725556 -0.135556 -3.953457 8.843951 11.809630 -1.134444 -14.905309 9.584074 2.920864 3.953210 2.849630 -2.351481 0.869753 6.100741 -0.557778 -0.758889 -2.968519 -0.270617 -4.825679 -1.619753 -5.130123 4.448642 -3.194444 -3.173580 0.222346 5.597284 18.070617 13.813457 -1.194198 0.024691 0.123457 -3.134321 -4.501481 -1.596296 -4.808519 -5.252099 0.090864 -1.015679 7.448519 -6.401728 0.128025 2.611111 -5.255679 -7.740247 -8.570617 -0.764568 0.160741 -5.943827 -1.518889 -1.131111 -4.821728 0.751975 0.640741 6.918395 11.880494 11.535556 -14.234444 4.704815 -1.507901 4.795309 -7.107284 0.413457 -2.537778 -3.685926 7.048395 -4.500988 -5.341358 -7.583457 2.382346 -1.602963 -7.510617 -2.066420 -3.516420 2.672963 -0.819877 -0.356049 -1.859753 -0.030741 7.724938 2.142346 -6.225679 1.441358 -24.989383 -12.216296 -8.345926 -1.646173 -4.948272 -6.614691 -9.434691 2.514691 1.279012 -11.282346 -2.245432 -1.157901 -6.369753 -12.868642 -3.701111 -3.723951 -10.756667 -8.464444 -4.386420 -2.347778 -3.864321 -9.776543 -11.191605 -1.480864 9.773951 3.053086 -2.835802 0.222346 
158.118519 288.215309 32.507531 10.072469 1484.875802 283.329136 107.682963 106.515802 487.359383 395.305926 -123.909877 104.646790 -1301.459753 56.059259 -279.796914 -68.820617 -256.786049 -120.711111 -122.271358 -19.348025 -36.436914 -265.905802 -127.421235 -2.697284 -22.857531 -102.911235 -21.096667 -2.301481 59.758519 1015.251975 73.461481 -14.431728 516.761111 -276.216049 -6.868148 65.113951 92.900864 -133.299136 -100.843704 40.503457 -384.384198 367.380000 -44.861605 -52.333951 63.303704 -171.403333 -72.264568 -7.903457 31.670864 -238.531605 -83.274074 4.601235 -13.498148 -96.792469 -21.854568 3.231852 32.690247 466.019012 4.207160 -18.086543 432.357284 -77.052222 -74.780370 70.406667 -29.678272 -0.238519 -92.158272 89.693333 -299.181975 97.790000 30.854815 -25.739383 133.125679 -43.745679 7.990370 4.281481 17.384815 29.250000 -40.836173 26.982346 52.608272 25.042840 -8.797160 27.901111 25.552099 -36.823457 -109.737778 1.051111 238.677654 -111.223827 -133.282593 41.303333 -20.118642 -7.122593 -103.505802 49.402099 -93.035926 -6.171481 -26.846914 3.627407 105.067778 -144.040000 -99.196296 -19.329506 65.222099 -117.103086 -61.592346 -14.355802 128.361111 -31.250247 8.093457 -100.183827 14.179506 38.664568 -279.057531 -5.603086 148.940123 -0.553210 -151.532593 10.759259 -114.215185 14.150123 -64.099136 60.558765 20.634074 -35.002840 -111.640864 31.988889 91.645432 -43.594691 -146.140617 -4.194568 63.208519 -6.893827 -9.004444 -5.912222 -9.503951 50.806420 5.007407 -40.413827 -49.793951 16.860000 -282.924444 -71.610741 218.346543 57.520864 -125.708395 23.347901 -14.864444 3.948519 -98.264938 29.746790 -10.741358 -35.926790 -69.264321 24.762593 103.718272 41.892469 -37.824198 35.555185 65.136790 4.931728 12.355802 3.284815 74.239383 0.889012 -126.200123 -12.480864 -168.190494 -387.219630 -123.904815 -275.202840 163.869506 -5.843580 -253.466914 37.371358 8.445679 235.686543 -57.747654 -14.942346 -78.397531 -28.889753 136.736667 -97.219506 104.831111 124.665556 86.758025 43.498889 34.314568 41.145679 -14.689383 16.969136 118.075062 72.136420 -156.202469 2.604568 
138.529630 847.857531 42.531975 62.032469 283.329136 1130.375802 103.509630 98.111358 -205.849506 737.101481 16.856790 69.822346 -490.140864 563.737037 -26.541358 31.247160 -65.584938 259.983333 -52.772469 24.993086 3.676420 -156.065802 -121.303457 11.973827 -18.415309 -77.107901 -23.525556 -2.744815 54.756296 16.726420 -55.154074 16.413827 253.561111 -142.571605 -164.689259 67.048395 211.971975 -125.239136 -156.319259 18.254568 -146.344198 -255.935556 -196.131605 -31.239506 -20.368519 -329.024444 -287.310123 26.450988 -68.375802 -173.378272 -133.435185 31.595679 -13.709259 -39.656914 -20.625679 15.616296 -53.468642 -956.688765 -140.663951 -49.733210 262.666173 -761.370000 -105.282593 -26.628889 42.762840 -211.026296 -21.279383 -4.932222 -109.524198 122.576667 19.197037 15.240617 -91.223210 110.909877 16.011481 26.464815 -74.655185 133.555556 -25.109506 101.825679 57.846049 76.702840 1.015062 178.560000 92.317654 58.437654 128.065556 -0.690000 106.942099 122.180617 121.558519 14.780000 -150.593086 97.476296 4.189753 36.417654 12.784074 -125.169259 13.430864 22.076296 50.598889 -188.893333 -16.624074 -35.843951 -12.207901 -300.947531 -60.087901 1.956420 270.777778 -178.504691 -0.407654 -28.731605 417.327284 199.771235 18.812469 17.863580 78.256790 -86.983210 -192.152593 16.148148 -13.982963 -120.425432 -87.950247 23.322099 -9.074815 -128.820617 -0.265309 -2.077778 -90.436790 -120.232469 -106.527284 -20.807901 4.284074 -61.616049 -14.795556 -23.632222 -28.113951 -19.311358 69.224074 -69.829383 253.926049 194.012222 -239.286667 76.612593 -12.232346 100.118642 -127.715062 4.526790 -102.135556 -11.589259 32.638395 2.016790 -54.135802 -60.264568 -23.077654 12.261481 -73.330617 -42.598642 -37.981975 -1.840370 34.065679 0.113951 36.954691 -2.460741 -79.362840 4.280123 -31.041235 9.213580 -143.813827 -72.667407 -79.902593 -65.887284 -75.873827 -156.178025 -66.749136 -39.977531 -52.187654 -206.839012 -43.233210 -4.415679 -63.286420 -85.588642 -39.297778 -30.503951 -16.231111 28.990000 88.919136 -50.860000 -23.545432 1.467901 34.162840 -27.525309 -9.568272 -3.796914 -107.691358 -3.363210 
22.172222 100.759815 13.542037 1.022963 107.682963 103.509630 58.125278 8.921019 -19.838519 118.346944 48.896759 6.726481 -189.484815 119.209722 11.737037 -0.868796 -19.092870 31.584722 15.242870 0.529537 3.937870 -67.281296 -26.458148 0.015093 -7.978148 -26.801759 -5.837222 -0.453056 21.488056 86.925370 15.837222 -3.385463 106.231944 -88.203704 9.278889 8.365463 26.528981 -81.589074 -10.150556 -4.485463 -83.283148 -46.730833 -22.216759 -13.590741 5.934722 -102.940556 -33.811759 4.859074 -6.287407 -56.764259 -24.780556 8.509259 -6.605556 -15.127407 -5.735926 4.440000 9.444352 -52.583241 -10.193796 -4.413796 121.637130 -94.615000 -17.292500 8.964444 -3.311204 -20.404444 -10.791481 6.981389 -87.872315 27.000556 21.713056 -6.195926 4.827037 -7.798148 21.669722 7.090278 -11.549722 54.790278 -2.461296 24.035926 26.892870 41.947963 -0.251204 60.258889 19.703519 -0.868981 3.929722 0.445000 63.787130 -11.283981 -14.439444 10.801667 -18.292037 0.805833 -23.713241 7.256296 -20.393889 -27.111667 16.856481 -3.434444 28.689444 -74.651944 -5.936111 -11.492685 -5.914259 -78.678704 -20.232593 -17.395185 107.556944 -48.420185 0.756759 -9.509815 38.656574 -8.460463 -24.042037 0.374074 40.600926 -27.349907 -39.533889 5.698611 -3.965000 -13.762130 -16.305741 13.602685 -15.538056 -24.890463 1.292685 -0.137500 -2.840093 -28.810463 -34.814907 -2.621204 -1.288333 -12.398148 -11.420278 -5.751944 26.347870 -33.087685 20.284722 -52.081759 3.959815 8.949444 -42.555278 -7.994722 36.168796 30.626481 -10.155741 2.953426 -20.841944 19.405278 0.010741 6.740370 -27.729630 5.452963 -10.763796 9.853056 -9.750741 0.163519 -14.908704 5.965556 22.125648 2.559074 13.157685 0.585000 -39.413796 -10.156574 7.948241 -7.888426 -39.963148 -28.847778 -15.679722 -54.826574 10.876574 -43.672407 -29.254907 -26.041481 -18.292130 -29.250093 -25.459630 -5.335370 -46.181481 -19.380370 -3.437222 -15.152963 -14.713611 19.430000 12.006019 -7.736667 22.424259 19.099537 36.787407 -3.377315 -48.422037 -14.967130 -40.212963 -1.259907 
32.724074 63.563642 1.336975 10.753580 106.515802 98.111358 8.921019 41.838858 -28.763951 56.173426 -11.886265 21.000679 -97.044198 19.999537 -13.202469 -3.300340 -15.293549 -6.573611 -10.197191 1.360586 -8.475525 -27.750802 -15.880123 2.232438 -4.300864 -13.247623 -3.329444 -0.250648 -1.341759 9.670309 -4.200185 4.238549 41.695833 -40.338272 -12.565926 19.181451 23.622253 -3.720802 -17.997593 10.140401 -22.251420 -7.619167 -10.980772 -4.883951 8.091204 -31.598333 -17.826512 2.374877 -3.655802 -30.299938 -13.821296 4.634568 -4.675926 -9.582469 -3.313457 1.667407 -2.778920 -32.078488 -4.636451 -3.964599 13.782006 -50.773889 -4.883426 3.368889 5.391451 -0.919630 -6.544938 11.740833 -12.456698 15.910556 6.518426 1.253951 13.100123 8.637654 11.189537 3.157870 -8.252130 27.465278 -2.685617 17.319012 6.176883 8.532284 2.075895 24.280000 4.674877 6.686265 5.836944 -0.039444 0.135710 9.314228 11.207963 1.426111 -10.448086 15.046019 -1.891080 11.049877 1.423519 -17.958704 2.189198 6.130741 17.710556 -24.109167 -4.910185 -4.687562 0.337099 -35.089198 -10.983457 -0.342469 36.931944 -21.306358 1.414846 10.451173 21.723673 11.348735 -13.520309 0.524691 10.431790 -15.711821 -15.803148 -2.211574 -14.525741 -1.327377 0.940309 1.314599 9.651019 -9.162006 -7.321698 8.676389 2.529599 -13.182747 -26.304228 -0.333735 2.884630 -12.810494 -4.374167 -5.320278 16.627438 -4.716636 6.467130 -12.710216 -9.617840 9.778333 -35.594722 10.265093 15.081821 3.641420 -9.591173 1.351512 -8.008056 -7.047870 19.797284 -5.618765 -4.430247 -3.202346 -3.447932 1.706204 3.670494 4.624136 -8.081420 8.119630 5.795957 -0.356605 5.074414 0.024259 3.161327 3.889290 -4.486512 -4.379475 -56.139938 -68.087407 -17.051759 -23.937006 15.592562 -43.731914 -21.382747 6.884691 6.802623 -25.977068 3.025679 -1.358457 -8.408642 -24.881975 7.676111 -10.582840 3.208056 2.247778 10.626080 5.186667 -2.663765 -18.211265 1.931728 -0.501698 -14.414383 -9.103858 -26.852469 -1.179599 
-98.946296 12.877284 -21.048272 8.451605 487.359383 -205.849506 -19.838519 -28.763951 2223.516543 109.116296 -87.919753 132.129136 -442.871728 -171.159259 -647.116049 11.113210 -750.173210 -231.172222 -390.519383 -51.959383 -80.776049 -154.951605 -151.576914 2.117654 -6.035062 -136.603580 -7.953333 0.907037 -36.247407 884.757284 18.071852 10.885432 100.255556 170.273457 15.051481 1.487901 389.291728 -299.302716 -76.245185 98.928025 -217.763951 686.292222 -69.480988 -0.117901 -103.431481 249.975556 -35.278025 -25.205802 53.555062 -131.405432 -45.131481 6.274691 -12.768519 -149.564938 -10.271358 -10.248519 -25.810617 756.456914 70.802099 -9.970864 90.533457 301.530000 10.780370 12.632222 318.596790 91.827407 -68.245432 68.362222 -276.455062 91.998889 -131.849259 -22.058765 115.505802 -76.991358 -81.979259 10.590741 100.904074 -164.450000 -77.482346 -60.078642 -82.021235 -157.818765 -48.217654 -196.778889 -18.983580 97.514198 22.554444 -2.090000 97.046420 19.492346 -34.384074 3.052222 194.487160 7.394815 -157.779383 36.883086 75.224815 197.649259 -99.704938 -0.016296 174.915556 81.062222 -64.775926 24.866543 48.263086 180.910494 -82.161358 68.220617 -282.488889 68.665062 -20.745309 -95.714321 71.372346 133.811358 -158.512840 0.382716 -50.091975 65.168025 -163.395185 3.401852 -92.912593 13.970247 -112.547160 81.176420 132.454815 102.439877 -52.818395 49.366667 180.395309 30.815062 -63.400123 8.285309 46.497037 31.045679 -54.434444 39.712222 -168.920123 113.341728 -104.657407 188.543457 108.625432 40.195556 -338.875556 20.882963 22.177531 95.343951 -171.204568 17.994691 -1.846667 20.723704 -179.688765 28.212469 23.339506 -23.443580 -39.320864 29.354074 70.252099 48.970494 -28.085062 32.672593 -19.994198 -6.590988 -104.037284 13.154074 353.636543 8.503580 -267.525802 55.349383 -202.479877 -325.030370 -186.622963 -114.204568 32.893457 382.186173 -409.846049 157.913827 46.302469 559.309753 -55.254198 -34.955802 -74.422840 40.558272 167.702222 -167.526790 -159.408889 66.667778 -80.233951 80.840000 -33.994198 -19.147531 -275.980988 65.838272 642.210123 181.667284 113.161728 12.432469 
77.550000 519.512407 33.869074 27.904815 395.305926 737.101481 118.346944 56.173426 109.116296 914.214167 34.731019 44.406852 -630.187407 749.729167 -66.253704 15.407685 -71.790463 247.004167 36.223796 20.909352 45.884352 -183.113148 -86.736296 7.751574 -18.549630 -82.798241 -19.251667 -3.008056 53.467500 179.585741 2.785000 -24.270093 314.906944 -190.001852 -67.501111 35.145648 205.982130 -214.938704 -139.482778 2.735463 -204.155741 -161.374722 -150.383241 -43.787037 54.804167 -431.242778 -234.854907 24.496481 -46.029259 -225.691296 -127.352778 33.829630 -20.183333 -30.544815 -17.297407 18.410000 -19.994352 -498.644537 -66.439537 -49.441759 400.673981 -572.740556 -86.696389 -15.920000 111.655648 -199.951111 -51.602963 -16.009167 -189.399907 51.949444 24.859167 -14.376296 32.072963 -4.890741 38.074722 24.387500 -64.483611 225.648611 -30.444259 88.930741 69.079352 181.002037 -2.093241 210.941111 82.324259 20.785648 57.920278 -1.172778 244.201759 -13.088241 -9.371667 19.092778 -26.474630 26.033056 -71.397870 10.938148 -21.500556 -84.732778 44.132407 -5.271111 107.405000 -241.486944 -19.425000 -44.357315 -36.169074 -275.726852 -81.911852 -44.815926 420.976389 -94.002037 -3.206759 -67.995741 272.498981 120.732685 -104.619074 9.892593 117.343519 -73.105648 -214.238333 23.184722 8.620556 -82.521204 -100.127593 14.380648 1.793611 -60.620648 -1.920463 -38.501389 7.995648 -109.145093 -145.440648 -14.612130 -16.567222 -75.674074 -44.340833 -35.359167 117.452130 -80.784537 77.487500 -195.440463 124.234630 186.495000 -202.055833 14.733611 79.331204 138.529074 -75.172037 11.107685 -33.180278 20.050278 -14.621852 15.259630 -73.153704 -12.858519 -38.369537 -6.353056 -44.743704 5.369815 -54.730185 -19.098889 46.091019 4.602037 35.914537 -3.001667 -112.152870 14.584352 -10.292685 -18.350463 -90.453519 84.136667 -52.248056 -169.373426 -21.804352 -56.160926 -116.950648 -49.780741 -17.824537 -114.294352 -120.623704 -8.642407 -117.012963 -102.086296 -21.951667 -67.252593 -97.491944 42.775556 82.038426 -64.307778 21.164630 47.444907 36.390370 -21.156019 -38.500185 8.061574 -206.325926 -13.828981 
-5.307407 17.323765 5.395988 -5.987654 -123.909877 16.856790 48.896759 -11.886265 -87.919753 34.731019 246.749228 -29.735494 -62.898765 168.944907 197.409877 -6.132253 -44.742747 22.090278 46.500154 -9.072068 -6.724846 -96.748457 -25.467284 -2.412809 -12.504321 -54.340895 -8.225000 1.532870 18.755093 -114.937346 -9.473148 -5.087809 102.898611 -130.191358 17.737037 -1.989969 59.802932 -150.681790 53.467593 -5.872994 -131.662654 -49.009722 22.193364 -14.341975 -31.118981 -149.869444 -0.635340 -1.670062 -5.823457 -87.483025 -19.428704 10.167284 -10.940741 -33.584568 -8.839506 7.331481 22.013735 -103.639660 -14.412809 3.785340 180.735031 -86.258333 5.063426 9.683333 33.393364 -13.753704 21.397531 -5.604167 -197.275154 89.452778 52.661574 -18.269136 -30.893827 33.310494 68.961574 10.581019 -46.868981 100.184722 20.560802 51.145062 28.581636 85.928086 -5.589969 127.927778 36.302160 21.178549 55.670833 1.152778 125.103549 23.146142 21.662037 15.580556 22.092901 23.566204 -27.935957 12.699383 -72.187963 26.084259 66.457099 -21.801852 55.113889 -79.770833 61.721296 -8.307253 -29.053395 -115.584877 -14.911728 -18.784568 190.362500 -82.181790 -4.928549 47.872531 98.521142 35.568673 82.348457 3.645679 32.203395 -19.578549 -65.749074 18.311574 33.737963 -25.128549 -34.848457 43.453549 -57.347685 -18.018364 63.399846 3.673611 -7.304784 -54.655401 -3.262809 -0.310340 -30.915741 -48.285802 -32.151389 -13.465278 67.584414 -100.280401 59.043981 -89.626080 71.771914 57.463889 4.906944 31.967130 -29.110340 53.773765 -11.705864 7.127006 -18.443056 50.207870 39.675309 23.139506 -72.379012 25.577160 32.107562 23.456019 -46.091975 -16.023765 -13.462654 9.009259 12.460340 -2.205247 19.108179 -0.984259 -132.068364 -31.295216 82.559105 -10.333488 6.061420 105.074074 1.932870 12.156636 -41.112191 -17.687346 38.161265 -80.193210 -44.156327 -118.649228 -6.266049 -10.947840 -93.054321 -41.154321 -24.236111 -13.580864 -62.056944 -39.300000 20.277623 -35.227778 50.542284 7.540895 114.341975 -13.644599 -187.388580 -91.477623 18.015432 -3.795216 
5.403704 68.816543 2.508765 5.649012 104.646790 69.822346 6.726481 21.000679 132.129136 44.406852 -29.735494 74.129506 -172.377654 8.610185 -53.329012 31.696358 -65.219691 18.252778 -21.622901 -3.194012 -3.027346 -26.665679 -25.148395 2.880802 -6.264321 -20.485617 -4.480000 0.003148 -7.653519 117.686543 0.715185 6.679691 15.775000 -4.069136 -4.882963 7.513642 54.754877 -41.509012 -26.425185 17.150062 -12.329877 15.616111 -30.178580 -0.675309 -1.056481 -12.586667 -36.844506 -0.730617 3.310988 -25.268025 -18.514815 4.017284 -4.251852 -19.674568 -3.431728 1.144815 -16.180432 8.265617 -2.703642 -1.084383 -2.748580 -30.730000 -1.909074 -1.437778 23.371420 -2.029259 -13.722469 13.390556 -0.041543 14.206667 -21.033148 3.124198 3.252840 1.416049 -9.814259 4.349074 13.596852 -14.775000 -3.166420 7.042840 8.297469 -16.443580 -1.586358 -3.543333 1.669383 -3.958951 13.226111 0.340000 -13.724506 10.881420 11.930370 -1.735556 3.780123 -1.345741 -19.724012 8.541605 36.560370 -19.875185 -26.267901 7.473704 18.984444 -16.253889 -14.103704 0.948580 25.200494 -27.759877 -4.397284 4.073210 0.491667 -27.393457 0.167840 -29.025802 23.118086 -25.866605 -23.219877 0.490123 2.228395 -31.401049 -21.325185 -5.995370 -20.367037 -14.531049 -10.764568 -0.843395 20.944259 -9.674753 -22.622654 14.002778 5.226605 9.642654 -11.156975 0.936605 21.282593 5.947531 4.431667 4.062778 -42.498086 25.443765 6.489815 8.274753 -22.713086 -15.228889 -58.527222 13.656852 13.949938 8.149877 -14.238642 3.211173 -24.117222 -8.907963 0.615309 -4.320494 5.359877 -9.903951 -5.573272 0.796852 17.432469 6.724568 1.730123 9.857037 13.583395 4.617531 6.440679 3.410741 8.506358 -1.525494 -17.424506 6.037346 -93.126914 -125.860370 -29.300185 -24.680309 4.558086 -0.836790 -68.818457 27.120123 -2.063272 51.151049 -17.098272 0.958272 -0.687654 8.042346 20.675556 -17.377531 27.789444 16.221111 11.654012 19.260000 13.275062 -25.185494 -21.286914 6.087346 49.388642 -3.187346 -24.284568 3.345617 
-131.381481 -484.686914 -44.901358 -15.056420 -1301.459753 -490.140864 -189.484815 -97.044198 -442.871728 -630.187407 -62.898765 -172.377654 2045.731358 -434.551852 91.175309 -2.041728 260.298395 -69.505556 -125.139136 1.943086 -67.356914 411.811975 77.146543 -7.065062 36.695802 146.853210 37.657778 1.944074 -71.193704 -922.545802 -64.065185 17.224938 -607.600000 345.083951 -32.950370 -54.407160 -201.572469 361.349753 76.441852 -36.250988 528.516914 -211.168889 64.435062 81.921605 -81.229630 565.692222 161.089877 -2.193457 -27.842469 517.660617 157.970370 -28.037654 39.785185 129.776420 36.190988 -11.205926 4.359136 -104.549877 42.963827 33.194568 -595.906049 347.324444 82.445185 -54.267778 -68.353827 94.207037 87.426173 -79.787778 440.592469 -145.406667 -62.152963 40.401728 -115.862099 105.832099 -81.238519 -35.057407 54.189259 -130.705556 34.834938 -130.924321 -116.315062 -112.391605 -13.934938 -179.245556 -51.387901 61.598765 39.371111 0.893333 -340.824568 105.730617 116.075185 -37.220000 48.068025 9.909630 161.623086 -49.432346 121.050741 76.475185 -36.741358 4.581852 -145.478889 318.006667 30.803704 33.894938 6.219877 288.596914 96.545432 20.384198 -388.616667 132.923086 -0.468765 82.029506 -140.817160 -31.578765 261.223580 4.291358 -220.426543 83.822346 216.480741 -23.096296 147.017037 37.602346 86.216420 -63.272346 35.236296 83.446049 59.540247 -23.583333 -6.664568 97.578642 197.806049 6.042099 -16.588148 52.628395 52.226667 21.106667 -71.386173 26.427531 -63.620370 178.037284 53.503827 -136.526667 222.946667 57.907037 -206.260123 -189.592469 81.329383 -28.623210 82.242222 -41.217037 -1.339383 -24.288765 122.947531 56.418765 24.877901 -4.227407 -31.263951 -1.398642 85.234691 -35.145926 -80.339877 -4.874938 -32.139753 -4.038519 96.614938 -20.986543 50.253210 26.796914 108.141728 64.054815 33.464074 385.246049 -16.429383 92.860864 215.478642 87.822469 42.512346 -41.977901 170.744568 -3.010123 113.230247 120.066914 -78.870000 114.762716 -64.820000 -100.693333 -95.641975 -5.637778 -92.245432 -26.487654 -85.287160 -0.341975 45.031728 28.625309 303.125309 6.764568 
13.800000 442.826852 33.471296 13.764815 56.059259 563.737037 119.209722 19.999537 -171.159259 749.729167 168.944907 8.610185 -434.551852 1251.476389 205.385185 33.689352 63.285648 518.679167 247.642130 24.903241 77.261574 -171.739815 -47.224074 0.114352 -28.729630 -100.936574 -20.002778 -2.893056 35.912500 -103.212037 2.958333 -33.466204 250.848611 -151.896296 -14.566667 10.166204 231.867130 -275.323148 -68.363889 -33.005093 -174.976852 -427.337500 -116.900463 -48.159259 61.990278 -637.575000 -186.231019 15.200926 -19.203704 -275.232407 -107.025000 29.535185 -27.777778 -61.737037 -18.868519 20.827778 -41.733796 -792.993981 -65.857870 -40.357870 430.880093 -613.097222 -51.384722 -29.961111 161.805093 -193.994444 -36.379630 -46.470833 -196.522685 22.941667 48.981944 -21.907407 25.507407 -56.951852 138.276389 32.879167 -34.498611 286.206944 27.060185 141.485185 104.969907 222.173148 -11.950463 299.483333 86.700926 19.649537 115.009722 -1.325000 234.607870 14.885648 45.025000 16.441667 -13.160185 24.673611 -68.949537 4.853704 -53.736111 -81.563889 92.899074 -20.072222 113.541667 -328.193056 79.702778 -50.352315 -72.365741 -409.854630 -59.257407 -44.448148 560.456944 -162.628704 -19.288426 17.734259 308.105093 115.975463 8.328704 8.353704 82.960185 -71.355093 -182.258333 23.254167 78.913889 -95.032870 -95.295370 19.030093 -33.295833 -67.191204 56.546759 -60.759722 -40.556019 -139.652315 -112.052315 -13.694907 -70.141667 -132.346296 -61.884722 -49.720833 267.239352 -185.943981 80.918056 -278.342130 195.426852 194.880556 -124.381944 19.493056 1.955093 160.165741 -3.273148 6.472685 -40.793056 61.898611 76.659259 10.596296 -140.281481 16.587037 -28.146759 -18.351389 -105.498148 -27.165741 -61.387963 -29.255556 25.233796 -3.154630 38.860648 -7.613889 -190.196759 -18.310648 86.335648 -34.658796 -21.699074 290.327778 -13.065278 -150.016204 -107.839352 -80.678704 -5.674537 -122.490741 -98.427315 -309.906019 -136.364815 -29.676852 -199.174074 -164.035185 -119.180556 -82.903704 -202.934722 -79.744444 35.402315 -120.394444 61.915741 -16.257870 120.348148 -40.969907 -206.671296 -88.180093 -97.064815 -13.471759 
-21.268519 -66.180864 11.780247 -13.980247 -279.796914 -26.541358 11.737037 -13.202469 -647.116049 -66.253704 197.409877 -53.329012 91.175309 205.385185 559.624691 -10.049383 215.904938 108.838889 323.702469 -3.791975 37.024691 -35.786420 62.662346 -8.910494 -11.152469 -37.782099 -5.344444 1.581481 1.142593 -353.458642 -6.464815 -18.766049 -13.527778 -127.839506 21.737037 -14.800617 -8.203086 -61.864198 109.048148 -38.229012 -11.935802 -290.116667 99.460494 -8.732716 10.068519 -289.800000 61.306790 0.723457 14.858025 -81.667284 11.879630 6.432099 -8.901852 -25.808642 -8.876543 14.720370 8.097531 -237.934568 -1.554938 8.715432 111.916049 -87.655556 35.453704 -3.161111 -0.211728 -39.753704 56.238272 -29.266667 -94.552469 4.311111 84.696296 -12.433951 -46.612346 17.906790 110.612963 4.140741 -40.387037 124.733333 68.578395 56.565432 72.289506 128.049383 3.799383 181.433333 6.640123 -40.409877 33.533333 2.116667 103.856790 -46.106173 28.325926 5.044444 30.225309 -19.951852 28.691358 -0.904321 -81.701852 -23.718519 125.046914 -12.657407 -9.905556 -117.772222 116.657407 -14.032716 -58.193210 -164.302469 24.801235 -41.825309 307.894444 -98.553086 -4.912346 70.977160 -35.656173 -53.579012 110.241975 -1.830247 18.915432 -44.390123 36.281481 8.746296 43.112963 -15.390123 34.280247 4.906790 -119.657407 -21.849383 117.041975 -25.661111 -78.609877 -59.041975 42.461728 -1.887654 -60.157407 -71.883951 -22.677778 -28.438889 160.967284 -145.258642 90.564815 -147.656173 -11.754938 22.488889 154.138889 -5.370370 -46.765432 37.735802 99.339506 -2.034568 -16.033333 36.042593 134.210494 9.465432 -94.658642 3.979012 63.048765 -20.614815 -93.021605 -62.019136 -5.946914 -22.129630 -2.856790 -5.067284 50.391975 -8.114815 -258.566049 -23.362346 209.123457 -38.591358 146.754938 247.474074 84.092593 35.078395 -45.161728 -105.880864 214.363580 -121.058025 -44.323457 -320.248765 23.126543 -0.932099 -71.469136 -101.974691 -82.055556 16.256173 -47.722222 -90.900000 52.125309 -70.950000 89.243210 0.037654 251.571605 -25.463580 -391.900617 -179.541975 -12.430864 -5.351235 
-8.012963 5.300062 0.195617 1.111605 -68.820617 31.247160 -0.868796 -3.300340 11.113210 15.407685 -6.132253 31.696358 -2.041728 33.689352 -10.049383 50.390710 -11.245710 53.329167 5.192006 6.527562 7.835895 -6.764383 -9.748025 3.062377 -3.942840 -12.612747 -2.862778 -0.007130 -8.653796 -46.126605 -4.657593 2.440710 -26.818056 14.545679 -0.869630 -7.276265 17.933673 -25.567716 -16.434630 -0.666698 28.667716 -65.255278 -12.666265 0.276543 -2.702315 -28.865000 -20.841636 3.606975 2.152840 -14.621543 -8.856481 3.746914 -1.635185 -11.990494 -2.431358 1.097037 -15.690340 -58.357809 -3.867623 -0.693920 -31.264599 -33.468333 2.621204 -7.636667 10.678179 -23.071481 -2.299877 -3.528611 26.192994 -9.345000 -19.419537 5.526790 -16.554198 -7.341358 -4.131759 3.119907 11.132130 -10.959722 3.680432 11.859136 3.134599 -7.378210 -1.631821 9.024444 4.440309 6.015586 24.228611 -0.017222 -23.284969 32.995401 21.565370 -4.329444 -7.656728 -2.977130 -15.390772 -4.018025 26.514259 -28.134630 -21.963272 4.027037 -8.689444 -17.839722 -1.650926 -0.779846 11.963642 -30.636728 0.631975 4.027284 6.151389 -26.031049 -2.953364 -6.114877 34.854846 -21.919475 14.771049 1.671605 -8.311420 -25.191142 -5.867963 -5.671759 3.055741 -17.017809 -8.395494 -13.556080 4.383426 -11.204290 -10.022006 0.868056 -13.391080 2.584228 4.370154 1.712253 7.203148 2.173457 3.223056 1.843611 -27.998179 1.167006 9.671759 -3.773488 13.331543 -21.766111 -12.064167 9.771574 -10.711080 -5.549938 3.847099 -4.155586 -16.794167 -14.215463 8.736790 -4.356420 -8.560494 -8.759136 -5.066142 2.190463 0.247654 2.982160 4.798827 0.610370 9.444414 7.371790 9.168549 1.189074 -19.508735 -4.078920 1.787253 3.064660 -19.044877 -13.167037 -4.663796 2.376265 -6.809599 5.448951 -15.787994 3.214938 -7.137809 1.146698 -13.511975 2.656975 -5.711728 9.209383 -1.501667 -4.433457 -7.866944 9.553333 6.570216 -4.313333 1.548580 0.892747 -7.178765 -2.468673 -13.680432 1.974228 -15.771605 -0.297809 
-16.320370 -118.184506 -2.255617 -6.742716 -256.786049 -65.584938 -19.092870 -15.293549 -750.173210 -71.790463 -44.742747 -65.219691 260.298395 63.285648 215.904938 -11.245710 512.146265 67.084722 214.979660 32.776327 74.412438 78.289938 80.179136 -6.335154 8.847284 112.458858 8.615000 -1.581204 -16.722315 -417.100062 6.738704 -9.034599 -119.734722 -23.723457 32.050741 -16.612068 -184.612006 169.536605 40.774630 -43.071636 145.452284 -321.099722 58.986821 5.062346 112.027315 -166.181667 41.957747 14.734136 -6.653951 41.525988 24.100926 -7.763580 5.224074 109.113827 9.456914 1.445185 -3.561327 -177.412747 11.562623 -3.659969 -99.889290 -49.818333 12.952685 -16.992222 -121.940957 -42.264074 20.158765 -39.428611 191.644228 -107.372778 49.460093 7.640988 16.801975 -4.630864 35.697870 -2.961574 -44.071574 90.134722 20.705123 11.315309 46.598179 93.008210 34.760154 40.902222 -27.949198 -42.296142 -43.249167 -0.195000 -65.313364 -38.034846 2.219074 -13.462778 -80.833272 -3.790093 80.807994 -42.685309 -16.665370 -90.253148 40.152160 -10.035926 -95.267222 -0.950833 12.884259 -16.449599 -61.381420 -1.168827 48.859136 -31.246173 125.145833 47.862160 19.263920 35.415988 -120.808735 -76.063302 55.611173 -7.232716 -21.521914 0.081698 125.563519 -9.953241 50.574259 18.210586 87.947716 -62.840031 -34.268426 -47.612932 21.045895 -57.809722 -74.025031 -16.767006 26.717068 -11.871698 -50.093148 -27.395679 30.406389 -25.217500 146.920957 -42.373117 31.919907 -92.075957 -60.182654 -8.421667 189.213611 -33.871019 -30.733920 -24.356728 133.816235 -19.782747 19.278056 -17.328426 72.856543 -19.839136 12.966049 -21.831975 19.617809 -44.318796 -36.938765 -38.872160 -0.461049 -38.780370 -11.171636 -6.375123 10.503117 -9.047963 -105.689599 35.671698 120.158858 -38.672994 122.063765 245.334815 80.906574 0.273179 -40.667623 -59.446728 162.516327 -75.961605 -16.453858 -206.253920 1.160864 19.723025 85.850617 -35.578272 -87.685000 82.080123 56.577500 -68.474444 -26.550772 -37.685556 47.171420 1.465586 70.346543 -20.800772 -178.671790 -60.032562 -48.033951 -8.113858 
-41.155556 37.308333 8.563889 -4.827778 -120.711111 259.983333 31.584722 -6.573611 -231.172222 247.004167 22.090278 18.252778 -69.505556 518.679167 108.838889 53.329167 67.084722 832.387500 301.704167 19.809722 135.912500 350.208333 145.027778 7.798611 9.844444 -8.659722 -4.652778 -0.573611 -17.868056 -211.347222 9.663889 -27.259722 -27.504167 58.316667 30.888889 -24.523611 62.590278 -26.319444 9.786111 -7.931944 10.725000 -234.951389 24.354167 -16.716667 40.354167 -185.780556 -37.565278 17.925000 65.044444 -11.769444 2.702778 16.622222 5.055556 -28.388889 -9.227778 9.105556 -79.268056 -516.948611 -11.118056 -26.829167 12.612500 -350.525000 14.490278 -36.333333 112.365278 -174.844444 20.872222 -42.890278 46.654167 -54.336111 -21.954167 0.038889 32.472222 -77.216667 30.884722 16.615278 116.820833 4.459722 41.825000 69.888889 47.243056 60.969444 -12.073611 98.622222 0.925000 -51.245833 112.406944 -2.936111 -2.859722 19.134722 132.486111 -3.802778 -14.169444 0.270833 14.684722 18.322222 -25.219444 27.691667 40.458333 9.172222 34.586111 -70.618056 90.252778 -10.356944 1.363889 -183.208333 17.905556 22.505556 179.870833 -102.530556 -29.426389 54.497222 110.004167 -88.712500 159.780556 5.872222 16.630556 -92.248611 79.063889 0.601389 46.775000 -115.470833 -31.797222 21.873611 -62.931944 -36.923611 50.023611 27.465278 -56.779167 -34.295833 66.370833 2.148611 -32.386111 -50.716667 3.329167 -10.051389 67.040278 -95.243056 40.176389 -49.804167 73.858333 27.997222 101.365278 52.856944 -56.756944 4.947222 33.013889 4.979167 -24.195833 -20.398611 98.183333 13.805556 -85.955556 3.477778 52.054167 42.101389 -81.177778 30.347222 12.730556 43.044444 2.595833 21.913889 28.004167 2.486111 -160.156944 -12.915278 115.340278 7.095833 134.469444 137.266667 59.126389 52.079167 -97.362500 -95.980556 104.570833 1.311111 -53.848611 -254.401389 42.583333 -2.402778 -84.027778 -64.211111 -31.186111 14.044444 -87.731944 43.372222 38.023611 -1.277778 7.825000 -56.723611 97.777778 -6.037500 -62.630556 -140.929167 -54.766667 -7.470833 
-40.885185 -119.124753 3.140802 -13.375802 -122.271358 -52.772469 15.242870 -10.197191 -390.519383 36.223796 46.500154 -21.622901 -125.139136 247.642130 323.702469 5.192006 214.979660 301.704167 569.138858 10.053302 146.794969 66.973025 265.602346 -0.179660 -0.404691 -25.305154 -4.226111 -0.229907 -31.294352 -311.659198 29.289074 -33.624660 -32.687500 -120.961728 84.354815 -26.567562 -5.413920 -30.195864 98.130926 -36.793179 27.962531 -330.228056 133.166883 -18.421605 108.339352 -456.696111 94.934846 14.158457 74.822469 -182.327840 32.204630 14.709877 -14.557407 -22.850864 -11.864321 13.154815 -26.846080 -153.757623 63.294784 -10.627068 10.320772 -69.720556 67.108426 -14.535556 31.005772 -58.491481 47.111605 -31.254722 35.909475 -60.621667 69.267685 -12.265062 101.238765 -74.493210 131.991019 12.644907 53.266019 139.237500 71.113395 80.725432 76.809228 161.623272 6.560216 204.431111 -20.180432 -67.072377 10.021389 -1.271667 23.072623 -106.655895 34.369815 -3.831667 37.492531 -32.571019 42.693858 -2.377654 -6.779074 -30.474630 126.977469 -1.958519 59.139444 -151.449167 122.426852 -20.670772 -52.275988 -194.066358 6.694568 -35.929753 363.476389 -100.038086 -10.773179 66.054383 -138.359784 -158.084846 65.053642 -7.052469 27.740432 -87.396512 136.269815 -5.113426 40.131296 -27.958735 65.576358 -3.345154 -31.403796 -21.846327 93.057809 -11.862500 -41.565710 -61.970031 15.573673 1.864290 -63.379074 -90.678395 -28.784167 -39.665833 241.853117 -161.080586 71.957870 -192.614784 -110.076605 -36.061667 265.303056 -63.895648 -9.345710 -35.230309 134.785617 -15.882068 30.805278 -32.499352 138.230494 -10.959012 -62.525309 0.041235 63.211821 -31.497870 -69.359383 -19.174136 -23.935247 -8.252963 -0.598735 -0.676728 30.100586 -6.207593 -233.952994 -7.958735 215.367068 -46.389969 331.695494 338.015185 166.765648 5.612006 -31.234228 -112.695864 259.446636 -82.456914 8.089043 -311.853488 59.868765 -0.969321 -85.874691 -151.456914 -52.670556 -24.728272 -103.999722 -85.970000 9.615586 -54.253333 94.719321 -43.852623 155.040494 -17.089969 -240.968951 -160.398920 -85.369753 -16.484290 
