121.283210 401.393827 3.125309 13.830000 52.279630 299.384568 8.640000 12.754321 29.111605 166.735556 -2.896914 6.947531 -76.508395 91.410123 -9.640617 -4.832469 -100.278642 55.727160 -2.833580 -13.621852 1.037037 28.618025 -4.952469 2.468025 7.809877 -1.191852 -3.943333 11.245802 25.333333 1.343704 -13.938272 -0.198272 10.761852 -43.974198 -17.625556 4.952963 43.175062 -95.009506 -11.220000 7.206049 -0.368025 -33.546049 0.202099 -3.491975 -42.722840 -23.102346 -6.633086 -8.455309 3.840123 -78.786667 -8.951975 -9.718765 4.159506 -75.628889 -9.108519 1.273457 26.897901 94.323457 11.650988 -1.248395 2.719383 94.471235 9.589630 -1.499259 26.015185 9.864321 3.259383 6.430741 -4.811975 -43.074198 -10.801728 1.612346 -18.659012 -22.026790 -11.665926 -11.481852 2.592716 -64.842840 -12.644074 -5.024815 -3.187531 -100.144691 -12.577407 -2.336543 4.308519 17.090864 -2.588765 -2.456049 -5.615926 -36.835802 -9.854198 -3.860988 22.708642 -89.248272 -17.171852 0.763827 42.345309 -61.751111 -14.935185 0.779506 -14.965062 -18.790247 -11.935062 3.186914 -5.417284 -42.142593 -13.820247 3.250000 -7.959630 -63.540494 -12.245432 -1.578395 -12.274815 -55.786049 -15.204691 -3.244074 5.246914 -66.251235 -1.556173 -5.217284 13.594815 -17.913704 13.743827 -12.074568 -7.978642 -12.816296 7.525432 -0.355679 -67.783457 -3.993333 -2.182222 8.716543 -4.415679 44.213951 1.060494 14.011852 9.254691 65.620247 -1.102469 14.427037 -29.929877 -71.592222 -29.509630 -19.742346 41.357778 -83.678272 -8.204444 -9.863457 38.679259 -63.482346 10.416173 -10.523951 11.655185 -16.805432 -1.545926 -8.568025 6.778642 -40.476543 -1.385309 -11.371852 23.327037 -33.699383 1.806667 -16.862222 12.236296 19.973086 -0.274321 -1.399506 -6.414321 -9.118519 -10.151852 -56.903704 33.251235 -53.460864 -9.959383 -62.758642 45.120864 -29.943210 -26.071852 -7.888272 -24.606914 29.933580 -26.864691 8.262222 31.434321 13.627284 -1.878272 -5.180617 30.162099 -57.216049 0.330741 -23.282963 -40.257654 -110.490494 -1.698025 -39.280741 
401.393827 3290.823302 81.398765 104.634722 9.975926 1862.792284 57.734722 25.597994 482.369136 696.051389 65.450154 -3.970679 -49.401698 145.203395 -51.605864 77.802932 -826.836265 87.194136 -70.898457 -59.091204 -147.592593 -181.590432 -55.948457 -44.298765 -66.845062 -335.270370 -32.437500 -42.480710 102.940278 1418.207407 -12.320525 40.111420 -62.336574 315.149846 -81.329167 -2.919907 211.821142 -429.321142 -108.143056 44.848302 96.500154 -319.777469 -40.647840 46.749846 -184.429475 24.460494 -47.229321 -28.583488 -91.768827 -500.327778 -85.047377 -68.347994 -100.892747 -696.523611 -99.074537 -48.075772 120.146451 520.389506 -2.053395 -12.596142 -29.394753 482.117284 -29.094907 -2.692130 149.195370 0.124383 -46.290586 23.663426 74.038735 -190.623765 -46.043364 29.708951 -213.317284 196.057716 -16.774074 -18.562037 -74.132253 -146.707253 -67.225926 -19.132407 -41.279321 -705.030401 -144.153704 -17.039660 30.321759 405.448765 -57.032716 -2.873302 -29.731019 213.387654 -74.733488 -4.482716 133.187654 -65.130247 -92.343981 0.034414 196.576543 -97.206944 -56.457870 35.978086 -176.426698 40.305710 -33.519753 35.262346 -102.372531 -173.781019 -56.140123 10.906944 -58.796759 -346.846914 -52.382716 -15.268364 -39.072685 -228.345525 -115.994290 -9.207870 25.341512 -145.427006 35.171914 -29.003086 60.540741 209.181481 71.381636 -74.179784 -93.569599 183.967130 21.817438 16.386883 -368.968673 139.393056 -17.006944 110.145216 -71.907562 246.979475 -14.666975 123.637037 -9.593210 198.429012 -14.831790 84.412963 -60.453549 -459.295833 -170.143981 -66.157562 341.150000 -180.969136 28.943056 3.131327 102.033796 -159.918673 56.014198 -76.989198 -9.126852 3.075617 -41.862963 -47.162346 71.564043 -68.204938 -14.045988 -12.474537 47.024074 107.964198 8.031944 -8.568056 162.937037 658.126543 23.622840 193.680247 -228.922994 -505.742593 -58.795370 -335.394907 331.793673 -440.825154 -61.645525 -169.541821 241.869599 -74.511883 -176.749537 81.510031 -69.602623 413.640123 -175.744290 3.152778 388.947994 201.673920 -24.838580 -41.080864 216.525772 -297.671914 3.088426 -166.042593 -132.336883 -356.062191 -16.419290 -160.327315 
3.125309 81.398765 24.617284 -2.094444 -4.229630 66.585802 22.538889 -5.813580 21.926543 23.183333 16.495062 -1.760494 -18.079012 11.163580 5.332099 12.800617 -57.883951 22.665432 2.683951 0.229630 -11.748148 -6.506173 0.900617 1.454938 -3.835802 -24.053704 -0.822222 -2.922840 9.916667 128.535185 29.706790 -0.370988 -6.274074 35.521605 16.605556 -5.296296 9.062346 -12.706790 3.105556 0.448765 5.589506 -12.082099 0.991975 4.632716 -9.795679 8.725309 -0.306173 -0.472840 -4.325309 -25.088889 2.366049 -2.797531 -8.693210 -44.538889 -4.459259 -0.553086 6.835802 35.519136 8.841975 0.059877 -0.617901 2.169136 6.798148 -3.685185 9.987037 -24.046914 3.793210 -1.885185 4.916049 -20.045062 2.804321 1.846914 -11.419136 9.130864 5.064815 0.074074 -6.095679 -9.040123 3.107407 -0.896296 -8.711728 -29.438272 -5.398148 1.546914 2.964815 43.717284 4.085802 2.912346 -0.590741 38.128395 3.399383 -1.597531 5.317284 12.001235 0.662963 0.076543 -0.477160 -10.466667 -0.687037 3.523457 -9.145679 -9.171605 0.737654 3.666049 -10.673457 -18.329630 -1.404938 2.116667 -6.525926 -8.487654 -1.103086 -0.062346 -14.435185 -31.993210 -1.860494 -1.814815 0.049383 -18.652469 4.482099 -2.056790 7.062963 -1.235185 7.015432 -1.946914 0.793827 7.868519 2.597531 4.903086 -20.124691 4.027778 -1.088889 8.258642 -11.252469 9.540123 -0.717901 5.787037 -3.056173 21.432716 0.189506 1.724074 -17.203086 -36.777778 -5.292593 -3.485802 13.444444 -20.443210 3.327778 -0.730247 19.374074 -19.002469 8.245679 -2.367901 7.814815 -9.841975 2.031481 -1.021605 -0.627160 0.735802 1.254938 3.357407 -4.142593 6.734568 0.711111 11.161111 2.248148 28.806173 0.108025 9.215432 -34.758642 -55.048148 -4.314815 -9.957407 10.252469 -47.778395 -5.848765 7.632716 23.133951 -20.730864 -8.864815 12.579012 27.628395 -5.339506 -11.110494 3.183333 17.625309 -15.232099 -3.415432 -1.745679 6.819753 -29.243210 1.442593 -0.798148 -13.347531 -22.648765 -1.516049 -0.514815 
13.830000 104.634722 -2.094444 20.603056 -3.377778 71.491667 -1.593611 12.751389 2.985556 33.614167 -2.368056 -3.602778 2.455278 -0.840556 -2.399444 -1.497500 -19.308056 -10.069444 -3.498333 -0.102500 -8.877778 -3.299444 -0.019444 -1.013333 -1.316667 -4.318889 -0.232500 0.268611 -3.945833 -21.081111 -7.287500 11.393889 -2.111944 -3.757500 -8.055278 10.342500 3.130833 -15.305278 -5.824722 3.434167 -1.399167 -10.362778 -0.040556 -0.181944 -5.712500 -10.824444 -1.173889 -1.830833 -4.669444 -20.667778 -4.660278 -3.185833 -4.030833 -29.373056 -3.503611 -2.656944 0.958611 1.555556 -2.431667 0.230833 -0.429444 12.834444 -2.642500 1.093611 3.835000 -0.360556 -0.920278 3.136944 -1.471944 -9.128333 -1.261944 0.463889 -5.698889 1.835000 -3.796667 -0.318333 -1.411944 -7.041389 -2.990000 -0.733889 -0.432778 -35.988611 -5.690000 -1.863056 -2.060278 17.381111 -4.252222 0.890833 -1.200833 0.522222 -3.511944 -1.468889 9.266667 -8.842222 -0.044167 -0.286389 9.128889 -8.950833 -1.490278 -0.222778 -4.894167 -2.576944 -2.107778 0.768889 -2.030556 -6.965278 -1.130000 0.737500 -2.161389 -17.915556 -1.910000 -0.673611 0.973056 5.780833 0.021944 0.114167 -0.295833 11.776389 0.230556 -0.172222 3.948889 11.513333 -1.301389 -2.417500 -5.908056 -5.716389 0.974167 -0.713056 -9.257500 -3.274167 -1.179722 1.800833 0.594722 -2.399722 -1.680556 3.625556 -0.456667 -6.942222 -0.497222 -1.836667 7.603056 -11.538611 -0.764167 0.135833 0.787778 1.464444 -2.613056 2.143611 -3.697500 2.000278 -0.468889 -1.510556 -2.012778 -3.927222 0.676667 1.352222 -5.719722 -9.277778 0.227222 -0.263611 3.641111 0.427778 -0.040833 3.282500 3.102222 6.501111 0.771111 7.385556 4.959167 -9.294444 0.613889 -2.062500 0.490278 3.255278 1.334167 -9.323611 -7.413056 -9.459722 1.900278 -3.295833 -21.118611 -6.087778 -0.575833 0.710556 -0.755278 -3.784167 1.883889 -0.015556 0.455833 -5.363889 1.073056 -2.484444 9.258611 5.477500 0.226944 6.188056 
52.279630 9.975926 -4.229630 -3.377778 287.977778 98.275926 9.105556 27.029630 202.887037 153.566667 -23.174074 81.164815 -260.385185 145.798148 -29.001852 -1.651852 -157.259259 86.648148 5.381481 -43.166667 -1.888889 -26.164815 -6.635185 9.640741 -2.970370 -31.544444 -8.150000 31.357407 9.644444 -103.838889 -12.031481 -8.903704 58.666667 -132.753704 -19.461111 12.666667 121.090741 -208.235185 -30.172222 37.442593 22.992593 -33.703704 -17.009259 -13.209259 -97.629630 7.012963 -21.453704 -19.192593 -20.024074 -148.877778 -9.831481 -5.818519 12.957407 -80.633333 -2.383333 15.848148 7.170370 130.831481 12.101852 -1.485185 16.620370 90.653704 14.394444 8.294444 113.577778 17.096296 6.014815 26.066667 -19.720370 -13.903704 -18.062963 26.375926 -115.020370 80.351852 -4.061111 -22.522222 -30.412963 -72.785185 -10.144444 -7.716667 -6.081481 -74.307407 -1.444444 1.670370 7.150000 123.387037 4.575926 -3.720370 2.522222 -24.390741 11.301852 -4.240741 13.537037 -137.559259 -18.427778 18.975926 44.781481 -98.233333 -22.916667 27.979630 -34.507407 26.570370 -11.185185 -1.659259 -45.240741 -61.888889 -17.085185 -5.455556 -1.538889 -89.392593 -13.540741 -1.212963 -17.733333 -62.353704 -32.351852 0.250000 -0.253704 -121.864815 -25.346296 -1.235185 4.511111 -100.266667 -5.479630 -6.264815 41.868519 -30.066667 2.885185 5.368519 -43.237037 13.416667 1.050000 12.707407 -61.170370 75.362963 15.787037 -16.450000 12.357407 148.018519 26.420370 -2.611111 -114.129630 12.138889 -33.711111 -11.442593 -18.566667 -3.281481 -15.305556 6.512963 18.300000 38.274074 11.307407 3.970370 -31.533333 25.553704 -5.827778 -4.018519 -0.524074 -11.490741 6.462963 -10.400000 11.800000 7.174074 12.561111 -49.905556 5.027778 18.837037 8.475926 -65.885185 -73.246296 51.800000 2.816667 -79.177778 -18.201852 -63.348148 -3.720370 -79.592593 25.848148 -78.568519 -40.161111 34.874074 14.303704 44.901852 -80.612963 52.744444 92.396296 91.774074 -40.948148 11.870370 77.990741 -36.831481 1.211111 -19.822222 -21.479630 -154.220370 -4.812963 -60.750000 
299.384568 1862.792284 66.585802 71.491667 98.275926 2219.004321 72.869444 86.737346 249.900617 1482.752778 63.010802 38.046914 -236.574383 493.159877 -50.427160 75.666358 -771.794136 207.017284 -73.025309 0.432407 -72.942593 13.491975 -51.908642 13.041975 -2.743210 -296.025926 -37.169444 19.416975 -16.163889 -203.675926 -53.697840 -6.772840 -42.799074 -244.549691 -110.925000 0.178704 163.635494 -575.724383 -125.119444 37.886728 145.749691 -315.845062 -59.943210 35.800309 -57.257716 -64.009877 -58.835802 -11.599691 -28.329012 -481.994444 -76.010802 -46.837346 -67.575617 -776.163889 -86.839815 -10.898457 113.212654 409.098765 -4.087654 -8.274383 -13.943827 472.082099 8.412037 -13.887963 89.942593 129.851235 4.720062 3.312037 0.305864 -94.019136 5.092284 16.582099 -111.759877 23.779012 -46.774074 -16.153704 -8.863272 -170.018827 -75.764815 -8.679630 -109.835802 -838.300309 -154.059259 -16.042901 15.250926 296.985802 -79.345679 -6.753395 -31.687963 -61.775309 -97.394136 -16.445679 71.246914 -339.028395 -116.145370 0.664506 146.169136 -288.075000 -81.167593 20.227160 13.020062 -33.172531 -48.671605 26.003086 25.761728 -234.532407 -81.269753 25.702778 -63.406481 -428.761728 -98.629012 -10.513272 -147.615741 -227.064506 -38.339198 -29.873148 -1.577469 -125.268210 53.806173 -36.404938 38.340741 161.203704 37.803395 -56.229321 -55.055247 90.487963 24.698457 2.098457 -236.218210 -44.780556 -10.719444 30.492901 42.331790 140.813272 -5.360494 58.064815 -2.846914 175.819753 -10.725309 21.874074 67.779321 -39.719444 15.399074 -70.457099 178.622222 -50.100617 25.363889 -41.751543 61.471296 -144.212654 9.454938 -72.349383 71.231481 -112.756790 -14.729630 -21.380864 39.621914 -133.906790 18.375309 -17.745370 27.812963 16.132716 8.502778 13.113889 40.625926 235.424691 -5.184568 107.056173 250.284877 133.490741 -24.914815 -57.704630 158.357099 141.028086 -52.742284 -232.838580 118.805247 75.562654 -84.134259 -152.114506 17.944136 32.164198 -50.628086 -42.327778 169.520679 -97.458951 -5.545062 -23.799383 15.948457 -283.256173 -16.549074 -77.853704 -146.687346 -179.353395 -15.061420 11.715741 
8.640000 57.734722 22.538889 -1.593611 9.105556 72.869444 45.238611 -6.337500 10.417778 48.823056 29.876389 -2.308333 -55.292500 40.995000 8.651667 7.376944 -66.938056 62.075000 9.055000 0.345278 -0.788889 39.085000 6.813889 6.037778 -3.911111 -19.301111 -0.228056 -3.174722 11.826389 108.395556 30.490278 -1.068333 -4.094167 36.519167 33.598056 -5.903056 12.273056 -19.118611 17.167500 0.010833 -0.028056 -15.077222 4.100556 3.462500 -10.884722 -8.128889 1.300556 -4.717500 0.163889 -39.508889 5.733056 -2.571389 -15.173056 -63.827500 -4.446944 -1.723611 7.478611 39.572222 18.210556 -0.799167 2.222778 2.364444 21.603056 -2.316389 10.288333 -26.159444 17.791944 -1.380833 -7.485278 -26.835000 7.528056 1.925000 -16.974444 -8.311667 7.198889 -2.560556 -3.466389 -14.865833 13.852222 -0.079444 -13.803889 -38.407500 -4.170000 1.946944 2.549722 84.560000 17.087778 3.730833 -1.283056 46.272222 16.305833 -1.045556 -1.861111 5.956667 7.986944 1.182500 0.353333 -22.194167 0.243056 5.142778 -0.129722 -32.094722 -0.895556 3.501111 -6.086111 -55.798611 -3.317778 1.520833 -11.703611 -33.868889 -4.652222 -1.329167 -21.983611 -35.676944 -2.053611 -1.626944 -1.834722 -32.606944 3.213889 -2.311111 1.380000 -12.837778 7.409722 -4.677500 -3.749167 -1.340833 6.641944 0.524722 -25.241944 -15.219722 -3.425278 6.949722 -9.740833 12.598056 -0.525000 6.576667 -0.881111 34.534444 1.658333 1.484444 -31.276944 -61.418611 -3.389722 -8.011944 15.907778 -23.528889 7.963611 -2.077500 17.610278 -1.046389 12.271111 -4.631667 6.267222 -4.909444 6.574444 -2.721111 -13.773056 -6.255556 4.753889 1.700833 -4.037778 7.900000 2.169167 13.294722 -7.260000 35.008889 2.596667 8.056667 -20.580833 -54.783333 -5.536111 -10.123611 19.490278 -55.703611 -4.600278 -3.434722 29.102500 -41.320833 3.148056 -0.229167 17.758056 -33.141111 6.008611 1.520556 -3.218611 -33.721944 4.407222 -1.368889 2.648056 -38.213889 0.333056 -1.797778 -11.660278 -34.792500 -0.444167 -2.838611 
12.754321 25.597994 -5.813580 12.751389 27.029630 86.737346 -6.337500 35.852932 12.138272 76.406944 -10.873302 30.394753 -31.221451 13.787346 -11.608951 0.662809 -25.596142 -21.386728 -10.155247 -2.950463 -19.401852 -20.983642 -4.460802 1.002469 -1.745679 -16.090741 -1.731944 3.937191 -9.037500 -117.051852 -14.989660 2.886728 7.106019 -60.048920 -18.745833 15.850463 16.457562 -44.618673 -12.204167 13.595216 1.298920 0.170062 -2.015123 2.973302 -18.065895 6.115432 -2.344753 1.567747 -12.312654 -14.950000 -4.418364 -3.497377 -1.606327 -45.762500 -6.411574 -1.897377 -1.830710 7.090123 -4.265123 -0.799228 3.918827 24.267901 -2.124537 2.044907 12.943519 21.495988 -0.027006 6.706019 -13.026698 3.677469 -1.385340 7.948457 -12.151235 1.929321 -5.637037 3.150926 -4.718673 -13.332562 -9.251852 -0.923148 -0.961420 -51.737191 -9.124074 -2.422377 -2.096759 46.530864 -6.909877 -1.331327 -1.660648 -22.335802 -6.104475 -2.237654 6.114198 -50.766049 -7.836574 3.831327 7.564198 -31.740278 -9.744907 5.236728 13.464660 7.098920 -5.750617 3.946914 -5.492284 -0.216204 -2.541358 1.145833 -3.661574 -32.549383 -6.965432 -0.493673 0.786574 13.363117 -3.051080 -0.389352 0.520525 0.583488 -3.253395 0.488272 3.081481 -4.603704 -3.338117 2.414043 -1.996142 -0.181019 -0.399846 3.697377 9.152932 -13.156944 -1.601389 2.911265 0.375154 -17.389660 -1.247840 -3.520370 -2.641975 -13.503086 -1.477469 -2.585185 -17.275154 -0.501389 0.918981 4.158488 -6.238889 -5.988272 -6.629167 5.436265 -1.853241 -3.885957 -1.488272 3.168827 -21.528704 3.592901 1.985185 6.786420 -1.103858 -17.998765 -1.961420 3.127315 8.664815 -12.366049 -0.229167 -3.668056 0.035185 -21.269136 -1.593210 -7.139506 -15.394599 -18.340741 1.184259 -5.457870 -7.011265 -21.157253 -1.220216 -20.646142 -7.137191 -24.950154 -8.819907 -0.042438 -34.198302 22.180247 -19.023302 13.230556 1.919599 36.127006 8.492284 6.443827 20.041821 18.425617 9.003241 3.553704 18.469290 29.396451 3.579475 19.252315 
29.111605 482.369136 21.926543 2.985556 202.887037 249.900617 10.417778 12.138272 1382.498025 -99.264444 32.882099 167.393210 193.833580 -178.196049 -133.615309 173.540988 -1169.729877 -136.558642 -106.693457 -121.490370 -379.709259 -524.049877 -40.856790 -86.610988 -116.117284 -513.543704 -31.771111 -46.627654 64.794444 683.552963 34.908642 12.270864 10.191481 455.519012 -13.914444 7.388148 405.594198 -223.784198 -55.808889 116.359136 255.599877 -323.471358 -59.836173 66.101235 -494.536420 491.070494 -34.445432 -46.212099 -234.327160 -277.797778 -55.025432 -35.958272 -125.576914 -732.506667 -110.699259 -43.543827 14.808395 295.589506 -1.153951 6.671358 -14.049753 393.770617 -45.208519 22.652593 362.139259 36.664938 -71.315309 78.888148 320.542346 -289.708765 -86.859753 105.628395 -434.908395 421.462716 -15.791852 -43.761481 -242.270864 -21.473086 -58.340370 -26.039630 -16.283210 -501.893457 -126.279259 0.285062 62.132593 464.286543 -15.133827 3.585309 -3.647407 398.382099 -45.516543 10.727284 164.426543 141.993086 -96.229259 60.344691 300.502099 -122.873333 -48.048148 108.009753 -383.261975 262.688765 -13.520864 -24.680988 -325.458642 111.270370 -26.346790 -21.644444 -23.194815 -168.904691 -33.823827 -1.314198 98.565926 103.844198 -18.759012 15.020741 -7.515432 45.143827 -3.264198 -2.775309 102.359630 56.104815 3.763580 3.659383 250.370123 -67.262593 4.198272 76.706049 -242.893951 123.595556 -44.248889 115.606049 -300.142840 157.827531 -4.497531 29.685926 -77.929877 6.246790 24.537654 -10.174815 92.441728 325.230000 -0.628148 64.297160 -62.547778 154.235309 -9.287778 56.831605 7.871852 -16.553951 -5.786914 -6.876420 119.607037 -254.394938 -33.955185 23.255432 -21.314568 57.850617 -34.669877 38.020741 -113.330370 259.180864 -13.082222 61.732222 73.510370 230.340988 0.080617 180.025802 -60.076049 107.312963 4.690741 -105.651852 -54.588272 -24.050988 -25.323580 -23.515432 44.244321 -100.238272 -68.768148 47.814198 176.327654 14.143457 -190.652346 20.828889 257.696049 19.807531 -182.775802 14.105802 77.612716 -161.741358 -12.945185 -25.668148 179.308395 -25.360247 -11.113457 122.517407 
166.735556 696.051389 23.183333 33.614167 153.566667 1482.752778 48.823056 76.406944 -99.264444 1971.069722 2.615278 75.686111 -437.372500 1013.298333 -27.649444 98.152500 -365.674722 364.525000 -9.081667 54.775278 96.411111 214.472778 -27.113889 79.353333 51.727778 -176.307778 -31.688056 82.246389 -91.623611 -1193.458889 -74.137500 -36.778333 -13.900833 -925.301944 -96.660833 -15.663056 -34.946944 -701.260833 -109.269167 -24.443611 113.323056 -196.773889 -58.012778 1.734722 191.293056 -207.107778 -33.007222 26.569167 66.180556 -423.601111 -31.788056 -10.785833 11.346944 -546.084167 -36.303611 29.820833 86.769722 119.622222 -4.059444 -9.908056 1.870556 351.912222 30.796389 8.843611 -89.859444 355.700556 63.257500 -22.018611 -184.416389 245.060556 52.460278 -20.302778 29.940000 -141.159444 -27.491111 7.653889 96.332500 -219.741389 -41.601111 11.999444 -70.127222 -504.549722 -109.251111 -20.779722 -32.126944 61.792222 -41.602222 -8.314722 -44.545278 -339.366667 -73.189722 -18.668889 -36.588889 -601.358889 -107.477500 -23.625278 26.962222 -421.545278 -98.651389 -50.622778 282.344722 -226.588056 -80.135556 12.002222 218.252778 -503.726389 -102.246667 38.765278 -10.405833 -492.565556 -132.210000 -6.968056 -72.176944 43.108611 86.999722 -24.519167 -3.106944 2.420833 56.136111 -22.333333 -28.045556 107.213333 -15.951389 -9.084167 -159.741389 121.855833 8.157500 -19.435278 -173.790833 -27.740833 5.959167 -31.515833 190.478056 129.933611 13.175000 40.008889 100.421111 321.157778 4.486111 57.168889 250.075278 183.272500 101.158056 -22.314167 61.826667 -85.052222 -39.301944 -32.356389 23.408056 -215.738611 -38.252222 -29.116111 27.731667 -94.816111 -24.267778 -17.425556 40.141389 -168.694444 33.027222 -38.796944 67.263333 -198.266667 24.164722 -84.339722 66.652222 15.751111 12.904444 -51.081111 351.736944 283.016667 -10.202778 100.543056 24.312500 304.177500 -50.588056 -192.612500 33.292500 137.606944 -51.149722 -186.929167 16.675833 18.917778 -4.748056 -31.428333 -0.377500 -103.045278 42.167222 -13.071111 -60.305278 -211.447222 19.289722 -58.456667 -153.974722 -195.994722 -3.523056 -125.189722 
-2.896914 65.450154 16.495062 -2.368056 -23.174074 63.010802 29.876389 -10.873302 32.882099 2.615278 68.704784 -5.335494 0.147377 2.699691 36.940432 16.763117 -112.513117 26.057099 6.531173 1.694907 -29.931481 0.963272 9.442284 -3.489506 -3.146914 -31.075926 1.543056 -7.752006 8.454167 68.085185 18.108179 -0.440432 -10.328241 50.050772 27.629167 -7.583796 27.460957 -35.677623 26.370833 1.641821 24.527006 -65.018210 9.816975 8.872994 -40.624846 7.308642 9.035494 -6.765895 -23.255864 -43.100000 15.570216 -4.454475 -15.875154 -77.654167 1.361574 -1.210031 3.951080 -6.480864 12.666975 1.175154 0.779321 12.002469 24.013426 -2.972685 24.178704 -13.716358 19.314043 0.049537 15.661883 -37.997840 14.277932 7.577469 -44.708025 24.916975 20.314815 -1.367593 -18.794290 -8.519290 16.724074 -2.099074 -10.442284 -89.975772 -10.714815 2.537191 5.613426 76.239506 25.113580 1.166512 0.682870 60.000617 25.556327 -0.464198 10.867284 19.101235 13.036574 1.622377 25.511728 -25.287500 4.050463 8.820679 -8.249846 -31.278549 -0.767901 4.810494 -23.687346 -73.556019 -8.482716 -1.840278 -8.066204 -66.737654 -12.803086 -1.830401 -9.092130 -9.961265 7.243673 1.044907 -2.379784 -7.237191 17.073765 -1.095679 7.535185 19.209259 9.086265 -1.873302 14.003549 8.219907 3.162809 8.860031 -32.834414 6.029167 -3.476389 16.901698 -29.923302 19.447068 -4.581790 17.070370 -10.489506 4.988272 -2.363272 10.246296 -15.876698 -55.070833 9.625463 7.976698 20.900000 -16.965432 24.823611 9.610031 -1.041204 -15.945525 7.112346 -1.859568 16.589815 -26.578086 3.253704 3.095062 4.707562 -1.008642 2.585494 4.678241 -14.620370 17.945679 -1.231944 22.979167 -0.512963 37.728395 -1.286420 44.259877 -23.518364 -80.787037 -2.345370 9.207870 21.481636 -53.707562 -4.516821 37.870216 3.146451 -31.073920 12.214352 4.266512 4.374228 -57.539506 34.427006 -6.713889 0.010031 -76.097377 16.242901 -2.045679 -18.289969 -56.401543 -6.614352 6.140741 -5.948920 -12.311265 -2.336883 34.503241 
6.947531 -3.970679 -1.760494 -3.602778 81.164815 38.046914 -2.308333 30.394753 167.393210 75.686111 -5.335494 133.622840 -120.592901 25.324691 -29.629012 83.714506 -183.708951 -38.179012 -24.216049 -9.639815 -74.048148 -102.639506 -14.993827 0.916049 -19.019136 -94.870370 -6.041667 3.479938 -0.869444 -86.070370 -11.001543 -6.420988 8.584259 -79.703395 -28.602778 6.189815 64.420679 -122.692901 -24.141667 36.173765 37.836728 -36.287654 -12.819136 28.202160 -88.109568 92.286420 -12.789506 10.657716 -46.719753 -23.005556 -5.225617 4.938580 -6.068210 -76.663889 -7.856481 2.321914 -1.689198 0.446914 -4.935802 -2.065123 7.926543 58.663580 -11.965741 10.645370 39.637037 60.141975 -14.487346 21.656481 8.085494 10.899383 -17.131790 35.085802 -80.508025 67.341975 -9.140741 7.357407 -43.076235 12.518210 -16.875926 0.714815 9.443827 -13.307716 -11.281481 6.655247 7.034259 80.861728 -10.841975 -0.845988 -7.032407 -9.727160 -18.825617 1.252469 6.339506 -63.370988 -32.567593 14.051543 10.250617 -45.625000 -25.650926 23.223457 -21.781790 52.175617 -9.806790 16.921605 -24.817901 29.700926 -8.988272 6.286111 5.393519 -34.165432 -14.847531 1.412654 66.567593 116.770679 12.353395 10.460185 8.002160 67.061420 -4.779012 8.582099 -2.164815 45.903704 -12.365123 19.333642 -16.025617 47.449074 -11.527469 27.644753 -28.205247 34.825000 -7.336111 25.694753 -23.638580 -3.068210 0.437654 5.281481 4.327160 -12.539506 -1.038272 1.079630 24.333025 72.219444 0.049074 47.566975 -26.672222 1.817901 -25.413889 41.739198 -14.167593 -39.788580 -19.204321 20.520988 -48.568519 1.013580 -16.801852 14.817284 -11.441049 0.808025 -7.533951 11.182407 5.296296 4.851235 4.347222 -1.813889 30.970370 14.006173 0.196914 -0.551235 -114.011420 -66.220370 -4.364815 -22.654630 -60.861420 -111.303395 -16.484877 -1.275617 -27.718827 -110.561420 -43.334259 65.392901 -62.546605 85.660494 -65.568827 52.166667 41.989198 130.070679 4.479012 17.893210 86.622531 29.379012 28.700926 1.368519 71.710802 16.770679 4.320062 36.337963 
-76.508395 -49.401698 -18.079012 2.455278 -260.385185 -236.574383 -55.292500 -31.221451 193.833580 -437.372500 0.147377 -120.592901 1470.072191 -530.958827 -15.125864 18.004599 -90.904599 -453.294753 -109.336235 -11.015093 -557.614815 -455.160432 -51.515123 -112.235432 -107.217284 -291.023704 -12.853611 -60.564599 9.620833 545.944074 45.610031 14.542531 -29.892685 484.844846 38.674722 0.441759 -3.341636 370.827191 40.155278 -5.690031 275.878488 -131.356358 9.612160 88.385957 -111.754475 336.229383 27.525123 32.679290 -288.457716 294.590000 -43.019043 -5.782994 -53.874414 -345.240833 -71.519537 -37.311883 -41.571883 -107.804938 -1.968951 11.763302 -30.695864 -1.261605 -36.112130 11.412870 -1.281296 -27.656728 -59.780031 10.197315 356.348179 -130.692654 0.817191 27.975617 17.787160 212.203272 32.305926 34.681296 -261.027253 253.707747 5.819630 -22.701296 -1.182654 -214.348735 -54.652593 -23.272438 -20.638796 -52.704568 -15.297160 3.481698 1.246204 271.459877 -31.289599 30.036173 53.626543 466.484198 -11.078981 6.974969 207.119877 234.292500 47.139352 30.903642 -122.578364 239.428488 62.599136 -0.978765 -354.828086 336.621759 66.139877 -22.001389 -60.589537 87.596420 32.310617 -4.415586 -113.594352 -97.252747 -11.553735 5.629352 -24.994599 31.953549 28.849691 -4.003086 44.308519 52.629259 19.217747 -13.247006 249.628735 -30.501204 18.066883 8.476327 90.781883 64.299167 4.749167 48.773549 -183.531451 -107.872191 -20.689198 27.917037 -149.308765 -454.639877 -17.181790 -28.667037 -24.788549 140.591389 104.902130 8.249660 -76.198889 203.866420 109.388056 1.691883 -56.203426 115.524105 15.016420 -22.914753 109.055370 -120.099938 30.449259 18.529877 66.843488 135.067284 4.290679 63.607130 -134.311481 218.369753 -43.311944 160.698056 -21.154074 -53.713457 -23.142716 193.194691 169.488673 68.229630 18.760185 100.324537 -13.136883 238.954290 27.943920 112.827623 -33.207623 155.096451 78.687685 -70.481636 189.381265 -221.394321 149.455154 -78.243889 -33.637006 -283.504414 -40.203025 -12.504198 -183.587006 35.578086 -70.422130 51.480741 131.361451 381.289475 -5.786512 218.205463 
91.410123 145.203395 11.163580 -0.840556 145.798148 493.159877 40.995000 13.787346 -178.196049 1013.298333 2.699691 25.324691 -530.958827 1066.953210 3.230617 -3.495864 -74.593025 600.061728 53.736914 10.811296 232.340741 399.944198 20.813580 94.188642 99.651235 140.154074 -4.966111 78.252531 -63.408333 -862.483704 -36.981173 -32.397284 14.786481 -686.651914 -29.829444 -14.562407 -40.163395 -467.951049 -32.923889 -40.721049 -35.252531 -6.473951 -13.972099 -58.110802 186.381173 -190.990988 -17.381358 -7.400802 152.598765 -257.143333 -1.046358 -0.191790 49.712160 -50.172778 15.356852 33.412654 51.663765 -72.334568 21.580123 -14.651049 25.638395 25.453210 50.047593 0.692037 -48.806296 103.653457 64.061173 -18.295741 -201.259691 214.723086 30.366728 -21.140123 15.150123 -62.269877 -0.682963 -18.643704 145.300062 -224.684383 -12.358148 16.762593 -4.105802 -78.621420 -16.863704 -2.267346 -17.323519 -13.689753 34.184321 -18.606728 -11.624630 -258.030864 10.835864 -20.387901 -20.080864 -435.141728 -35.388704 -16.397716 -28.704198 -292.545000 -41.345370 -51.091728 108.171173 -189.735864 -62.574938 -8.076914 210.528395 -391.571296 -75.206420 27.169444 59.709074 -225.029506 -71.107901 4.997840 62.209815 104.497716 89.631914 -11.783148 1.855864 -0.679321 21.472840 -9.093827 -3.313704 -1.170741 -11.302160 -2.521543 -123.843025 86.994630 -4.160432 -15.292654 -215.231543 75.078333 10.817222 -21.487099 108.049568 176.364383 27.495062 15.822593 171.998642 454.784198 16.652469 70.555185 261.080432 18.492778 16.175741 -11.824877 6.701111 -185.137284 -66.549444 -39.249321 49.042407 -248.628210 -34.665062 -17.402716 49.902593 -54.576790 -22.884074 -39.121975 31.570802 -83.462346 20.328642 -43.160926 80.371852 -264.772840 37.817222 -126.245000 54.023704 -146.604198 21.166543 -173.723827 223.571543 163.468519 -15.287037 48.234259 3.629321 161.610309 -21.150062 -111.583025 53.147469 71.729321 -24.527593 -137.436728 78.103025 18.901975 -47.898086 -15.752222 -49.400432 -8.090062 -14.120617 -11.322716 -20.783765 -131.617284 28.365370 -65.774815 -119.319568 -390.215617 4.151914 -247.932037 
-9.640617 -51.605864 5.332099 -2.399444 -29.001852 -50.427160 8.651667 -11.608951 -133.615309 -27.649444 36.940432 -29.629012 -15.125864 3.230617 98.125802 -25.751790 57.968457 47.980247 50.524321 3.013519 11.512963 63.069012 17.093210 1.191235 10.293827 17.908519 4.235000 -3.167099 -3.347222 -50.599259 9.261420 -0.786914 -3.936852 -13.985988 27.128333 -3.383519 -13.074136 -5.763642 29.861667 -8.484753 0.839321 -15.133580 25.173827 0.476235 -0.783642 -13.777284 21.192346 -2.415988 -11.821605 12.892222 21.041790 -4.932160 1.296975 26.259444 12.455741 -2.041049 -3.732160 -79.054938 8.791605 -1.624753 1.043580 -42.397160 25.590926 -3.231296 -1.781852 -28.216173 25.861914 -4.811296 -9.281543 6.033457 22.267469 0.961728 -6.670617 14.619383 21.632593 0.959630 -4.449198 -0.880309 11.849630 -4.814074 -13.686543 -16.867346 3.438519 -2.308827 -6.972407 -68.850123 23.196173 -5.448580 1.713148 -50.373457 30.944012 -4.937160 8.693210 -41.936914 21.841296 -0.503642 -3.754568 -23.673889 10.532407 -3.403580 21.247469 -20.960679 1.309136 4.189012 -3.491975 -55.699074 -9.427901 -0.208333 -7.565370 -17.350247 -9.041605 -0.216975 -17.011296 -10.579691 19.714877 -0.758704 -0.095988 0.685494 19.358025 0.608025 12.199630 -0.291852 3.410802 7.064383 -11.537099 -17.553148 -1.696728 4.212160 -17.071173 15.885000 4.985000 -2.598951 -9.761173 29.964753 0.863580 9.177037 1.854568 28.133457 2.015432 14.328519 -6.704383 -49.721667 28.234630 0.482160 3.786667 -24.718025 25.001667 -0.168951 4.151296 -30.866728 4.048642 7.903580 19.372593 -12.876049 8.607037 7.386543 -0.174012 1.989506 9.655679 -4.547593 -14.121481 -19.458025 1.585000 9.453889 -9.980741 -2.999012 7.131728 12.179136 3.713395 -30.192593 2.396296 56.773148 -11.274383 -6.915988 0.854753 47.776235 -2.649568 10.181173 26.713519 -20.827469 0.989321 -93.446543 70.052654 -14.028889 -44.516728 -98.754136 25.520864 -1.945309 -41.333395 -29.402469 -10.894630 7.916296 -34.559938 -13.864136 -0.086235 3.844630 
-4.832469 77.802932 12.800617 -1.497500 -1.651852 75.666358 7.376944 0.662809 173.540988 98.152500 16.763117 83.714506 18.004599 -3.495864 -25.751790 163.553673 -252.148117 -76.148457 -37.889938 39.215463 -126.153704 -143.234506 -22.252160 -12.637284 -32.352469 -132.807037 -9.328611 -4.969228 3.968056 -19.033704 -0.355710 4.562901 -10.606574 -47.415340 -24.589167 -2.205463 23.442623 -105.718179 -27.130833 20.081265 64.638673 -107.063765 -18.611914 46.420216 -52.510957 79.483086 -12.304506 25.380216 -63.472531 -17.465556 -13.462562 0.082747 -23.317932 -117.988056 -19.705648 2.464969 -1.539475 -35.414198 -7.609691 2.773488 -0.260679 63.112469 -20.920463 7.721204 5.535370 76.719198 -15.575401 9.155648 16.326883 -4.005617 -5.650401 25.894136 -61.364691 53.573642 1.150370 18.581296 -55.200401 77.951265 -7.308148 0.776481 7.959938 1.972562 -23.374815 5.737747 12.680648 72.630617 -14.489753 8.165957 -5.739907 57.239506 -28.405340 3.771358 -0.110494 11.349012 -29.603981 5.996265 -11.528272 -27.915833 -15.707870 18.301790 -26.790401 16.772006 2.656543 20.413827 -30.231790 20.618981 -2.574938 10.573611 -1.931204 -25.599877 -16.620864 1.122377 59.019537 117.287068 26.095340 8.482130 1.872994 103.193364 9.418210 9.376543 -1.258148 97.612593 -5.138735 18.048364 -22.503673 77.296019 -4.987747 26.088364 -43.350525 37.590833 -4.042500 32.118920 -7.030525 -19.637932 -3.515123 23.267037 -8.755062 -72.252840 -4.446605 -5.311481 100.377191 110.755278 15.921574 54.206142 -16.393333 15.970123 -9.231389 34.037253 -22.245093 -50.947191 -12.196543 6.370432 -32.133519 -22.820309 -5.261852 12.165062 -17.662994 -0.525309 2.261049 17.715463 -0.955926 16.473457 1.518611 23.517500 31.190370 49.060617 -1.124198 35.402099 -27.317809 -38.464815 -6.406481 15.993981 -41.026698 -10.983673 -8.538488 18.295216 -33.297438 -51.737809 -6.781759 12.347068 -72.958549 15.648272 -7.323549 6.611667 -14.997191 17.429846 24.272901 4.408765 38.963920 -17.957099 24.352870 7.458519 67.827191 41.618179 -0.026327 65.980463 
-100.278642 -826.836265 -57.883951 -19.308056 -157.259259 -771.794136 -66.938056 -25.596142 -1169.729877 -365.674722 -112.513117 -183.708951 -90.904599 -74.593025 57.968457 -252.148117 1749.698117 -155.868210 115.901049 58.206759 467.764815 126.256728 27.518827 17.603951 10.680247 455.068148 33.889722 1.974784 -60.656944 -496.260741 -30.116512 -19.140679 29.195463 -352.534660 14.050278 6.583241 -388.420401 355.223735 48.619722 -104.631265 -258.638673 423.402654 59.656358 -91.147994 589.655401 -468.677531 58.454506 55.108673 235.722531 283.826667 39.462562 40.706142 46.651265 862.743611 106.377870 13.696142 -18.593858 -217.330247 -13.401420 -5.840154 14.982901 -399.140247 27.053796 -5.860093 -324.657593 8.358580 38.658735 -67.905648 -288.387994 343.322284 60.744846 -119.933025 517.586914 -368.268086 34.005185 34.690926 197.289290 14.209846 48.119259 23.484630 6.945617 651.066327 142.297037 -9.671080 -80.547315 -686.725062 -11.076914 -12.738179 11.884352 -490.850617 42.677562 -11.610247 -145.272840 -148.960123 95.342870 -55.251821 -221.471728 190.521389 51.885648 -116.474012 408.312623 -160.472006 19.599012 2.441728 248.976235 -35.496759 43.352716 9.081944 -29.357685 175.438765 59.720864 -2.761265 -122.219537 -71.737068 20.126883 -9.809907 7.765895 15.901080 -24.462654 14.156790 -85.897407 -107.568148 -22.672377 19.707191 -171.024105 -26.384907 -9.901142 -75.982809 352.300525 -110.607500 37.381389 -127.480031 256.402747 -172.839846 9.898457 -51.422593 17.877284 -91.463827 -3.436728 -9.677407 -60.599414 -155.344167 37.122870 -71.072809 -10.423333 48.452099 -2.496389 -46.148364 -39.738241 189.047191 -20.603457 44.312901 -120.444259 243.342531 20.639630 -2.865062 -17.909228 30.975309 27.066728 -31.432130 82.761481 -172.840123 5.798056 -49.728611 -58.840370 -315.999506 -0.709136 -176.924321 158.784475 162.170370 11.239815 126.078241 -1.923302 245.717006 38.171821 33.310340 -83.824784 230.021142 80.192870 -50.385957 -86.847006 -38.087160 174.645772 -29.967222 -222.708364 -45.685401 137.771543 -12.980988 -163.602809 201.479321 -15.097315 29.258148 -105.671636 75.148488 6.370772 -134.991574 
55.727160 87.194136 22.665432 -10.069444 86.648148 207.017284 62.075000 -21.386728 -136.558642 364.525000 26.057099 -38.179012 -453.294753 600.061728 47.980247 -76.148457 -155.868210 1067.252469 113.443210 -47.200926 183.857407 892.212346 86.504321 85.745679 138.349383 213.946296 20.736111 51.754012 -15.413889 -324.587037 8.978086 -25.958025 12.834259 -332.373765 33.341667 -19.682407 13.389198 -255.389198 -8.097222 -35.850309 39.729321 10.091975 2.154938 -61.495988 61.233025 78.460494 -12.598765 -49.001543 59.128395 56.538889 36.637346 -7.468827 90.883642 50.219444 33.915741 20.492284 13.336728 -54.527160 48.604938 -22.850309 16.191358 -67.621605 71.012037 -12.926852 19.448148 -50.733951 66.549691 -16.415741 -83.373765 107.167901 -6.661420 -0.004938 -46.583951 69.354938 5.814815 -14.353704 52.071914 80.310802 48.907407 -0.090741 44.134568 117.023765 54.012963 14.620062 -3.649074 29.070988 54.850617 -17.771914 6.400926 -81.629012 54.487346 -19.999383 -25.251235 -215.719136 13.643519 -2.272531 -38.134568 -173.613889 -23.095370 -2.680247 50.138580 -105.537346 -28.780864 -1.148765 103.852469 -204.132407 -31.684568 5.497222 43.465741 -64.280247 -11.471605 1.860802 59.467593 10.733642 20.390432 -14.506481 1.498457 -36.103395 10.902469 -9.486420 -12.537037 -30.846296 -6.461420 -7.214506 -39.745988 33.015741 -9.081173 -8.736728 -111.686728 38.080556 1.302778 -6.803395 49.635494 79.811420 17.219136 2.453704 107.695679 277.773457 11.265432 35.524074 138.886728 -77.480556 -17.706481 -6.086728 1.533333 -160.641358 -42.786111 -43.042284 12.110185 -152.220062 -15.963580 -19.014198 34.153704 16.467284 -8.057407 -37.584568 1.529321 -36.699383 19.795679 -32.750926 5.624074 -167.319136 26.302778 -47.908333 -62.879630 -111.601235 8.672840 -78.691975 90.131173 54.340741 -13.642593 71.178704 26.797840 29.842901 -15.777469 -18.373765 22.373765 71.303395 -1.578704 -111.805247 92.240432 -33.787654 14.701543 -31.416667 -119.536728 -19.399691 -10.319136 -17.464198 -53.131173 -51.846914 14.300926 -36.770370 -138.779938 -255.033025 11.940432 -113.050926 
-2.833580 -70.898457 2.683951 -3.498333 5.381481 -73.025309 9.055000 -10.155247 -106.693457 -9.081667 6.531173 -24.216049 -109.336235 53.736914 50.524321 -37.889938 115.901049 113.443210 91.027284 -16.224259 77.812963 98.236049 36.650617 -0.547284 9.091975 33.499630 3.305000 -0.838951 -0.936111 -78.757037 6.042901 -5.385432 4.676481 -58.728951 29.385000 -4.524630 -22.763765 -35.499568 25.729444 -11.701790 -2.327716 17.369012 24.526420 -10.231173 45.057099 -36.432469 29.561605 -5.530062 12.358025 -23.617778 32.359938 -11.834753 2.855123 51.345000 19.107963 -4.294753 2.509691 -44.475309 9.968642 -4.099568 2.122099 -31.946420 30.870926 -1.401296 -13.275185 -14.904691 33.332654 -5.457963 -25.215617 27.140494 13.927099 -4.064198 36.659753 -9.253580 18.768148 -4.197037 8.682654 -23.044012 11.400741 -7.560741 -11.191728 17.780062 23.367407 -3.892531 -13.041296 -86.040494 15.822469 -5.837099 -1.101296 -103.293827 27.877716 -6.866420 -3.343827 -102.913210 19.381296 -3.936235 -1.687160 -40.577222 4.215741 -6.868765 54.383765 -46.061049 -3.881235 6.929383 16.304321 -82.649074 -10.996049 0.086111 -11.372037 -26.736543 -0.051975 -1.081790 -2.385741 7.047346 11.810062 -1.457593 0.674383 14.361420 8.126543 1.648765 3.150741 -1.627407 4.629321 6.136975 -27.737840 -9.907593 1.803642 -0.630802 -4.341914 21.577222 6.827222 -7.264136 2.326975 57.175123 9.070988 6.001481 20.764938 92.190494 7.472840 18.965185 7.437469 -32.420556 8.894630 -7.065247 -0.156667 -30.823210 3.005000 -6.596358 7.800185 -28.528580 2.815679 5.457654 18.971481 2.700247 9.930370 -1.363827 7.865617 6.169136 11.846049 -12.852037 0.404074 -47.993210 4.093889 -13.355000 -16.082963 -19.776049 11.651358 -30.154568 4.807469 28.818519 0.579630 35.834259 -3.733642 7.392160 0.267346 11.913272 10.694506 15.283025 20.153519 -25.401543 19.794506 -68.466173 45.201173 -10.331111 -36.111914 -67.192654 10.576790 -4.722346 -33.711914 -32.115432 -10.257963 -9.710370 -66.190309 -97.700432 3.556728 -56.075370 
