125.035405 171.518161 11.866391 28.347618 154.594123 122.727885 2.628864 65.963014 -154.406030 -10.035762 -8.563871 12.064636 -198.824457 -21.384093 -2.032497 -20.754668 -7.697174 36.541016 30.247322 -2.377461 20.352464 100.170289 24.865830 7.583563 56.873176 79.686052 0.962096 44.184930 42.221304 14.376492 -7.815733 9.041526 103.806958 -6.199878 -5.734007 33.681767 -36.208703 -18.473370 -3.888838 18.087491 -121.834405 4.529895 28.410519 -10.370983 -2.356953 2.827263 40.838588 -2.269615 5.101010 -14.330119 -8.537904 -3.619682 113.150648 4.035711 -2.888787 29.484695 -0.840526 -76.419753 -21.235180 -8.895521 51.674880 -68.144730 -16.526783 -1.872360 8.848536 -45.935262 4.397664 -6.475921 -62.258443 -22.523314 49.208397 -12.531323 -19.269972 -60.767932 -34.433425 -3.990256 -4.164269 -76.062698 -22.894909 -10.863330 132.942608 -44.875319 0.303847 -72.423171 -12.452250 13.706203 -6.342924 -8.968779 13.115958 -8.004540 -13.792317 -4.651311 30.732323 -27.514896 8.094480 -3.494949 -30.025253 -6.712631 21.632027 -8.162381 -28.405571 -15.309101 -18.018774 -2.169013 8.223855 -14.043261 0.935466 -2.598969 4.175186 -11.243036 33.011887 -44.803234 15.129017 86.324406 -4.331548 -3.624681 -0.474901 -1.743700 -33.429395 -1.615651 34.380573 -34.327467 -12.481890 -0.767320 -65.897051 2.377206 9.901592 -3.653964 -34.024538 0.679267 -2.601826 -1.043516 28.199418 3.507805 20.204265 -0.335833 -48.445822 12.894501 2.106163 -3.542802 -9.605142 39.443118 -37.866697 -3.785991 11.784869 -9.984695 -33.023110 6.199469 12.057086 -22.364606 -7.842159 0.416488 -110.360831 -3.148352 -1.568054 -5.546271 -27.442506 1.031272 5.040710 -1.597439 37.875064 0.387716 30.805275 -0.382920 -34.776604 -1.911846 -47.292929 -1.215947 -18.269870 -7.624579 -29.198857 2.868840 64.853943 34.314254 -5.167432 17.607234 42.041271 3.901082 10.923222 15.019029 -147.315784 -41.076115 -4.540812 -11.517141 -28.239976 -11.513264 -11.570044 -4.323793 49.595602 -13.010662 -6.568309 -3.165289 -29.118202 -19.942761 -25.610295 -1.088562 
171.518161 613.536170 25.874656 73.570044 193.538108 289.632078 5.860575 113.666310 -244.339608 -10.897817 -6.844149 16.510509 -321.622743 -33.100908 4.446332 -41.318335 8.528364 44.026018 59.299051 -4.734874 50.133762 177.420773 52.260739 7.440312 171.997194 187.739720 5.440414 72.289664 60.602388 54.450413 5.144475 14.010662 195.054994 -3.646312 11.087542 53.310121 -42.545812 -51.413682 -20.815172 23.788236 -212.416743 -13.766503 16.463065 -16.983930 24.838741 -52.247067 31.441333 -3.998214 10.212121 -44.870983 -12.165646 -12.202632 267.635700 52.773595 -2.529334 54.940465 30.999847 -199.118967 -27.956433 -13.800378 119.727018 -124.225946 -18.231711 -8.277319 64.730283 -97.483471 -32.239873 -17.508622 -104.940057 -46.314917 1.053005 -20.701612 -7.584940 -127.383736 -101.859963 -6.283696 -8.080757 -172.865830 -52.466279 -39.623355 344.214876 -65.401388 -3.234670 -140.042853 6.130395 -55.293592 -30.298184 -14.046832 84.493011 -27.959800 -43.938629 -6.275839 117.636364 -40.883940 -26.476176 -2.247475 11.505051 5.591113 13.168401 -11.706765 -24.120600 -29.949087 -45.259157 -3.158657 10.515509 -40.946332 -7.206510 -12.167483 77.457198 -17.667432 44.423528 -121.158504 -16.362718 46.104581 -39.727987 -4.103663 49.895011 -39.802520 -63.000969 -3.737578 42.792215 -38.456892 -11.689062 5.672584 -48.218957 14.017804 36.603000 0.486838 -44.351801 1.218192 -6.921896 -1.380573 52.402051 0.041322 27.905163 -0.627283 -79.419651 29.790685 10.172686 -15.914192 -43.769054 -20.916641 -77.731099 -8.944189 53.691103 -39.384910 -57.307928 -0.312111 -43.793541 -27.001632 5.938884 -8.735282 -178.213244 0.984593 6.010050 -9.457249 -38.400775 0.314764 6.391797 -2.314560 75.487348 -1.942965 37.147587 -1.168044 -43.627742 9.751607 -88.292929 -2.271197 25.148352 52.690236 -50.707326 -3.112182 94.958423 167.707632 -6.237068 21.180339 2.450158 17.123406 20.465055 -8.291450 -264.484797 -60.490766 -9.771554 -22.693144 -24.158555 -18.444189 -26.607336 -7.826038 80.201153 -21.432099 -40.151464 -8.176309 -38.226456 -45.062290 -70.315478 -2.033262 
11.866391 25.874656 3.701791 2.299128 10.749311 20.459826 1.317264 6.106290 -12.953398 4.028466 0.109045 1.086318 -19.904500 -1.309229 1.045684 -2.151056 2.213728 5.856290 7.706382 -0.297062 5.760331 22.438017 6.929063 0.873508 20.553030 23.387741 0.301653 8.981175 4.207989 15.992195 2.233242 1.191919 9.676768 5.923783 0.777778 4.158861 -3.825528 -2.311983 -1.560376 2.492195 -9.605831 -0.130624 4.695822 -0.818411 5.305326 -0.633379 10.303949 -0.314279 0.737374 -4.690083 0.907713 -1.856749 29.235996 -1.685262 -0.353076 3.736685 0.030762 -13.398990 -1.265381 -0.817723 9.645546 -13.166437 -2.850321 -0.746327 3.333563 -7.577365 -1.952938 -1.101240 -3.609963 -2.372590 6.074151 -1.163682 0.744720 -8.710744 -3.960514 -0.478880 -1.052342 -14.463958 -3.567493 -3.066804 29.176079 -10.401056 0.241047 -13.669421 2.012856 -3.175620 -1.081038 -1.167585 2.711203 -4.048209 -1.297750 -1.021809 4.724747 -3.993802 -1.297062 -1.010101 -0.093434 -2.126033 -0.299816 -0.955464 -3.001837 -3.817723 -4.925390 -0.215106 0.176538 -2.952250 -0.840909 -0.758494 5.197429 -2.578512 4.298439 -8.364555 1.825528 8.613866 -0.921258 -0.502984 1.938705 -1.207759 -4.455005 -0.391644 4.318641 -2.880165 -2.479109 0.218779 -4.554408 -0.921258 -1.430211 0.034435 -3.749311 -0.370064 -0.980946 0.001148 2.349403 0.262397 2.353535 -0.046602 -5.587006 1.277778 1.639348 -1.119376 -0.157484 2.238981 -3.124885 -0.643021 1.620294 -2.385675 -3.386823 0.238522 1.774564 -2.092746 -0.731635 -0.249541 -10.878788 -0.038797 -0.354224 -0.443067 -2.786731 -0.096648 0.529155 -0.148072 3.738292 -0.694674 4.005051 -0.086777 -5.108356 -0.012397 -4.901515 -0.168733 0.257805 8.785354 -3.296373 0.374426 3.211433 5.469697 -1.021120 3.096189 2.764004 0.117998 1.323691 1.598255 -14.605372 -3.319789 -0.085170 -0.594812 -4.042011 -1.978880 -2.201561 -0.583333 6.271120 -2.919192 -5.367998 -0.607438 -2.781910 -3.760101 -6.014004 -0.151056 
28.347618 73.570044 2.299128 11.522319 26.970615 31.916361 -0.074533 19.065631 -35.822238 -8.094072 -2.219748 4.987042 -47.554943 -6.245664 -0.879375 -4.377717 -2.499056 5.767371 6.727349 -0.371034 3.735384 19.549536 6.071294 1.682966 12.143378 17.915391 0.391848 10.729926 5.838843 -8.743802 -1.496174 2.349607 27.493827 -6.799051 -0.047138 9.495817 -4.588409 -7.339073 -1.553898 4.578308 -32.403505 -1.551143 2.084303 -2.498852 -2.749974 -7.601342 4.738955 -0.504923 -0.232323 -6.165748 -2.108152 -1.445210 28.959188 4.915646 -0.451229 7.737450 0.016223 -25.485410 -4.254464 -2.250893 13.461381 -15.173426 -2.357821 -0.591598 7.612769 -11.133379 -1.676946 -1.770457 -18.007984 -5.510229 3.429471 -3.156897 -5.430670 -16.318896 -13.081267 -0.973727 -1.242781 -19.280099 -6.998674 -4.224901 37.326676 -7.723115 0.425518 -18.957606 -5.503673 -0.972630 -3.329380 -2.111570 7.700439 -1.503622 -5.386670 -0.607004 14.643939 -4.415952 -0.782930 0.186869 -2.750000 2.440491 3.164626 -1.446587 -4.630548 -2.952352 -4.476303 -0.472732 3.131339 -4.224161 0.109708 -0.974084 0.718804 -1.651209 9.080757 -12.552087 -2.082185 14.096215 -3.537930 -0.822340 7.590986 -1.889935 -7.225538 -0.326854 10.737323 -7.710846 -2.618483 0.814636 -9.767804 2.216279 5.233548 0.157790 -6.603051 0.558514 -0.372488 -0.015279 9.175543 0.607208 5.673962 -0.076191 -15.423554 1.934905 1.697760 -1.014794 -8.500459 -0.924421 -11.119682 -1.064917 10.778441 -5.527854 -9.013698 0.788312 -1.839149 -5.054229 -0.296934 -0.173732 -25.724467 -0.480538 0.674600 -0.976023 -5.343562 0.304229 1.926615 -0.240001 10.452199 0.797725 7.583053 -0.141873 -9.762371 -0.700643 -12.573232 -0.275865 0.888302 -4.319024 -7.450235 -0.060683 15.743062 16.677890 -1.300122 2.982578 2.965055 1.267473 3.138557 2.474492 -38.901872 -9.698475 -0.662254 -2.675773 -4.453245 -1.936129 -1.410264 -1.174804 7.983344 -2.515713 -0.361468 -0.993113 -7.243087 -4.914983 -6.556805 -0.246965 
154.594123 193.538108 10.749311 26.970615 1524.288338 436.361800 9.653811 210.563820 455.571625 176.029844 -44.013774 185.662994 -1906.758953 -261.662534 -77.042241 -150.993572 -306.957300 118.185032 66.333792 -29.921488 89.038567 264.112029 44.996786 43.683655 117.338384 104.221304 -4.130395 44.751607 54.997704 28.299816 -22.547750 -6.621212 703.040404 -189.334711 10.075758 41.537190 439.174931 -255.468779 -60.764463 90.875574 -1019.961433 3.772268 105.004132 -28.417355 -156.649679 167.915519 191.189624 -11.849403 51.424242 83.439853 -120.261708 109.995409 188.773646 19.436639 -26.372360 70.616621 107.662994 287.666667 -89.346648 -1.150138 121.254821 -222.516988 -126.485308 20.960514 132.715335 -318.492195 -50.704775 26.946281 -402.983930 -59.832415 356.366391 -44.478421 -141.775941 -189.652433 -93.391644 -30.350781 15.873278 -271.520661 -159.313590 38.509183 243.853994 -123.114784 -22.160698 -95.250689 85.412305 330.531221 -111.467860 18.320478 -7.270432 11.441230 -194.456382 4.578512 -3.808081 -252.600092 -47.931589 -1.373737 -324.888889 -65.380624 218.110652 -40.467401 -232.172176 -76.786501 -112.854454 -19.819559 27.703857 -61.846648 -29.388889 -1.275482 45.688246 -55.003214 5.400367 -115.164371 -15.887052 209.139578 -113.210744 -0.466024 -59.262167 -98.358127 -279.642792 -23.942608 35.299357 -351.696051 -95.172176 -43.593664 -690.170799 -83.932966 58.865932 -56.053260 -349.444904 5.389807 -27.147383 -12.408173 83.805785 7.996786 39.217172 3.377870 -70.339302 83.484848 -70.458219 1.283287 -55.189624 222.396235 -232.884757 7.825987 49.244720 38.933884 -203.955923 21.844353 187.278237 -113.157025 -75.631772 19.673095 -896.398990 -33.644169 -33.443985 -50.692837 -356.453627 -4.842975 21.893021 -19.951791 150.982553 -41.387052 111.929293 -3.401745 -68.446281 34.685032 -114.000000 -0.680441 -229.491736 35.803030 -184.260331 31.878329 332.136823 334.191919 -7.280533 110.589073 482.044536 147.177227 61.395317 78.486685 -953.343893 -234.674013 -53.050964 -91.898072 -336.926538 -20.946740 75.940771 -28.924242 322.997704 63.666667 196.989440 -0.574839 -60.471993 -64.717172 29.955464 -1.059229 
122.727885 289.632078 20.459826 31.916361 436.361800 461.317952 16.122130 129.760713 -154.470845 362.500153 -10.890190 134.422100 -658.201561 -19.571243 -12.710667 -11.419651 -57.116085 76.456841 53.935032 -3.125497 55.638659 195.897000 43.458142 17.581038 131.021044 159.730104 1.641108 59.128252 47.605142 168.017906 24.721304 5.397306 212.946128 61.889348 20.237374 39.888277 32.379400 -46.324380 -31.244337 38.287267 -307.293159 17.871365 58.110575 -10.580579 -11.364249 41.212504 84.068105 -4.399526 21.909091 -16.410927 -23.798286 17.548669 229.277472 17.062366 -8.150291 50.758264 -21.217631 -21.446128 -49.519131 -5.322008 75.512703 -142.512014 -62.316345 7.352388 -12.390802 -112.907484 -25.341674 7.776324 -152.992730 -26.504515 96.917432 -14.287496 -32.280073 -110.184879 -84.478880 -8.388124 7.776247 -172.759948 -52.880318 -4.806933 271.349174 -87.006351 0.666361 -122.244720 -16.421947 -30.482629 -74.541858 5.753444 17.790481 -38.776706 -73.192149 -4.191996 -4.795455 -86.272192 -30.426844 -6.494949 -72.462121 -33.251071 21.725742 -17.433425 -64.483012 -49.951638 -60.530839 -4.626645 23.638277 -40.993878 1.303872 -7.414907 72.112335 -24.931589 29.763851 -109.760024 44.947199 72.963575 -33.986149 -8.357285 -3.484160 -54.997628 -101.380012 -7.807009 57.597184 -92.591215 -42.694291 -1.715412 -165.302495 -19.470998 10.536272 -7.595041 -96.435874 -4.076064 -7.881007 -2.746939 56.605142 -1.136134 37.001684 -0.901209 -36.473600 38.441077 -50.844735 -22.518672 66.945363 79.355295 -75.137741 -8.883915 39.984083 -15.558770 -58.714187 7.098179 36.750689 -44.491429 -26.148837 -2.928910 -265.799663 -7.878711 -5.839379 -12.706765 -86.130777 -5.374732 13.996097 -5.803107 90.733088 -22.458525 44.506734 -0.615243 -67.405112 15.295225 -117.315657 -3.558540 -34.261172 123.724747 -66.631237 -10.081497 100.860958 130.604377 9.622130 32.132767 95.939700 46.504897 26.553413 5.036425 -298.342440 -63.718932 -9.618534 -47.304178 -70.119605 -18.613713 17.098867 -16.115320 80.902280 -40.890572 -8.165672 -6.781451 -99.832568 -58.704545 -74.568488 -0.436486 
2.628864 5.860575 1.317264 -0.074533 9.653811 16.122130 6.582185 2.149066 -2.586318 22.600398 8.853688 10.240894 -32.713958 -0.699878 -0.111876 3.703857 -7.111417 -1.079890 0.456841 -0.583869 0.308999 2.715029 0.717937 -0.031221 2.097643 3.246250 -0.130089 0.946587 1.165289 25.756657 5.215794 0.400673 4.069024 16.038567 6.696970 1.522651 -3.340833 3.464187 3.103612 3.249923 -15.797062 0.413529 0.790021 0.554637 -3.462198 -2.456076 -0.327977 -0.427150 -0.313131 -6.371442 0.152740 0.921488 2.243649 -7.163606 -0.610958 -1.735078 -7.745638 13.274411 3.687634 -2.035200 2.045148 -3.643863 1.800735 -0.237833 0.714723 -1.834711 -0.567646 1.051270 -2.660392 1.093817 4.562596 -0.526783 -0.132231 3.532446 3.329660 -0.442455 -0.918121 0.014539 -1.150444 4.273186 -5.315886 -10.343281 -1.746250 1.175849 -11.352617 -2.963422 -4.014386 -2.483471 -0.919498 -8.514386 -0.019284 -2.055249 -3.671717 -6.744567 -3.252219 -0.464646 -6.833333 2.004285 6.773799 0.233701 -4.300275 1.548975 1.128405 -0.069177 -0.760178 0.925008 -1.392256 2.508111 -4.151362 -2.157484 -3.464493 5.267371 -9.561524 -2.010866 -3.823079 -1.187022 -0.260331 -7.186257 -4.939547 -1.423477 -2.131160 -6.589685 -4.182430 -1.693909 -7.926385 -2.232170 0.269054 -0.619835 -8.205999 -0.816957 -1.167891 -0.259718 -0.622590 -0.526171 -1.496633 0.175543 1.131772 -0.345118 -1.605908 2.514080 -5.766299 -1.517141 -2.721763 -1.484542 -0.522192 -2.103306 0.548669 0.122436 6.300275 -0.746403 -1.374350 0.548975 -6.523569 -0.959902 -0.975819 -1.309305 -8.951638 -0.511172 -1.181359 -0.721916 0.143404 -1.165901 0.917508 -0.215794 -0.611876 0.036272 6.161616 -0.174931 -11.859351 -6.333333 -1.980104 -3.386134 2.525865 2.638047 1.061983 1.014386 21.039180 -0.448883 2.968167 1.768442 -9.382767 -3.336394 0.272115 -0.556015 -14.082185 -1.529997 -1.324763 -0.144781 1.900979 1.956229 9.339455 -0.424702 -9.639425 -4.651515 5.339608 -0.314662 
65.963014 113.666310 6.106290 19.065631 210.563820 129.760713 2.149066 88.635573 -79.600474 39.427201 -10.731379 83.194266 -329.622436 -32.716585 -10.684854 -11.582951 -39.682864 23.727885 19.340756 -1.628303 12.387818 56.586114 17.063641 7.732553 31.035634 43.473089 -0.216355 23.829711 6.943526 -15.027548 -3.522804 4.211560 113.394501 -12.270585 -2.289562 26.572340 31.592644 -32.884986 -10.645572 26.215437 -166.523799 4.944878 17.138634 -4.711892 -24.693654 7.585680 35.644985 -2.071804 -0.060606 -9.971534 -10.282012 10.860116 66.775227 -10.655367 -3.917406 15.497322 -13.315274 -22.456790 -15.746965 -3.560504 27.262422 -42.659040 -21.112642 9.549357 4.147357 -46.680211 -5.884323 6.408759 -90.292955 -12.978701 49.217656 -9.267855 -33.663912 -44.890827 -16.221304 -4.599684 1.160647 -52.213371 -18.878074 2.386670 65.273416 -38.078181 1.226405 -30.690848 -29.078512 38.843409 -18.432992 -0.766758 -2.003571 -6.213295 -29.123125 -1.170671 6.598485 -38.864223 -7.225385 -1.070707 -63.027778 3.559254 32.416539 -8.717937 -40.471227 -14.745128 -12.730053 -3.159754 10.955336 -15.181308 2.077722 -1.504693 -3.777676 -10.096572 19.801449 -22.473268 -19.471993 58.624069 -13.044511 -4.376365 -7.613789 -18.840501 -40.117947 -4.172891 28.069126 -57.682685 -17.723472 -5.832134 -104.509004 -6.522625 10.159167 -7.669115 -52.704673 -0.170901 -3.163274 -1.372641 25.482247 1.449725 19.256453 -0.523544 -42.801882 5.461841 5.191179 -5.554586 -31.549587 44.398505 -40.684879 0.093638 22.808438 -8.237221 -32.151898 6.109402 30.804561 -26.150801 -15.290812 2.674906 -146.832211 -6.189598 -6.026808 -6.983981 -47.402944 0.527064 7.603841 -2.490537 36.770687 1.224416 38.716049 0.106979 -57.143608 3.876033 -21.088384 -1.329584 -53.351520 -23.015993 -38.709800 0.351163 64.403607 50.974186 -1.526018 20.636695 84.765177 22.832058 10.653862 18.517345 -159.119656 -39.273926 -7.257142 -15.438858 -36.358662 0.500204 14.953525 -5.262346 35.589710 -1.865881 28.183374 0.294307 -44.510458 -22.566498 -21.811473 0.222885 
-154.406030 -244.339608 -12.953398 -35.822238 455.571625 -154.470845 -2.586318 -79.600474 2535.544766 43.096725 10.362182 11.913529 -1124.871442 -337.800658 -118.528084 -210.971993 -1001.514769 -128.104683 -50.784435 -106.390113 8.733701 -44.585706 -5.795148 -1.862489 -45.718013 -75.541399 -5.309611 -29.555709 -102.484389 -313.592287 -90.747016 -44.053872 138.962963 -359.285583 -54.747475 -84.285889 1379.280839 -341.566345 -12.948959 12.451485 -699.950643 -97.269437 -42.861264 -4.539256 -669.831344 187.047368 107.689011 -25.118840 6.631313 298.758494 -20.880318 69.056474 -53.163147 18.140113 -7.084787 19.351928 1.033058 345.244108 -138.555249 11.824304 -280.249617 9.843970 -174.379706 -70.596648 429.056091 -192.042470 -170.809382 11.952326 -233.307086 65.522880 271.061907 -17.513238 -296.183196 179.333180 231.247016 -47.420416 -6.457147 -7.375497 -161.381390 49.677456 48.134757 1.841980 -4.466177 45.665289 99.991276 715.399985 -73.148684 58.302571 -293.572850 304.010407 -221.071855 16.115779 51.482323 -246.199342 -234.679676 13.075758 -301.068182 -41.669498 255.027701 -18.071166 -360.566575 -83.192531 -86.548133 -28.138277 -41.657101 -108.100704 -105.808923 -1.342210 -25.766605 -47.294307 18.081879 -6.128405 -60.602388 231.757270 -111.688323 26.996403 -80.683425 144.183578 -260.475819 -15.439088 307.324304 -248.703551 -198.466406 -10.647766 -574.335706 -155.405494 -19.682277 -45.182277 -606.775329 -5.673248 -46.293924 -14.956918 -10.615702 6.536501 -7.516835 4.736379 -67.367998 22.685185 40.341980 19.169268 -140.667126 175.220921 -160.754362 10.252143 57.566881 212.630395 -160.030533 2.495944 704.324151 19.376186 -63.900750 68.239287 -622.175084 -43.782446 -53.156489 -14.200490 -645.583180 -1.075681 2.596648 -25.975130 14.291705 -10.388583 79.447811 -9.328742 -108.101316 25.859963 21.462121 3.252755 -58.199801 54.856061 -107.479415 42.456152 192.244184 204.754209 -30.273186 38.931512 1000.829813 184.357821 50.342822 114.106367 -517.540481 -201.791628 -88.597720 -24.515840 -769.542470 0.042547 36.726661 -17.056397 -31.963346 131.627946 75.343358 -24.351699 -134.597184 -23.709596 -30.933349 -20.975360 
-10.035762 -10.897817 4.028466 -8.094072 176.029844 362.500153 22.600398 39.427201 43.096725 891.841649 2.374605 190.154627 -486.404346 260.441435 -42.931946 100.133303 -139.053923 33.192072 3.708295 16.585348 10.296449 49.824559 0.058208 6.609275 5.974186 24.319661 -1.504846 0.409448 21.729568 140.235537 29.005663 -1.822110 10.458474 78.578818 32.887205 -3.292521 31.194878 1.297062 -22.429701 11.330374 -83.329813 12.957810 7.624936 13.553719 -29.356494 39.705132 23.877155 0.096317 9.540404 -3.252984 -23.136160 -3.158708 72.784716 37.875931 -1.101826 -40.342210 17.608050 -6.167228 -49.451893 11.724773 10.161565 -140.463371 -66.225130 12.185950 -80.061014 -61.578512 -39.948985 11.564942 -27.942557 44.747118 -13.131823 14.063718 16.215335 12.699010 -77.123508 -4.987042 9.465667 -50.937812 -24.037700 0.007652 95.484389 13.669217 5.266197 -96.165136 91.607897 -90.639527 -76.615192 18.623967 4.486481 -34.261657 -58.009948 9.089277 -139.530303 -21.390929 -63.765942 2.535354 -0.984848 -27.768646 -97.414805 -0.402969 -11.775635 -12.517090 -67.632640 1.336955 9.022294 4.785481 14.107183 -1.486022 80.744975 -9.298133 -19.569840 -71.710489 185.775941 32.298694 -18.504183 1.068156 -20.953321 -2.348383 -81.953729 -0.776808 20.995817 -6.476227 -58.064075 16.295123 29.863279 -14.977247 -39.172329 20.595347 -30.318845 1.409295 5.834813 0.080451 5.409703 -0.683655 10.835578 0.823028 66.591827 36.803591 -88.515968 -12.268697 199.129017 115.641924 -19.162381 2.717223 -27.642587 4.205846 -33.936333 3.964851 -32.901133 -17.078104 -31.363738 3.875166 40.800786 -1.358637 -1.480818 11.895419 -7.656923 1.259922 4.714723 -0.957861 19.494439 -8.919906 -5.831089 3.623967 -24.580094 53.592746 -72.020202 4.899296 61.073105 259.274411 9.974696 -10.556780 -55.962861 23.324355 25.617233 -12.721508 -96.239261 45.922661 -6.148403 -7.854250 25.056576 73.427099 12.584073 -25.489134 -12.484236 -1.080757 3.499745 -10.647026 7.896796 -26.147026 7.829303 -11.339302 -118.756402 -34.351852 -64.789358 1.299408 
-8.563871 -6.844149 0.109045 -2.219748 -44.013774 -10.890190 8.853688 -10.731379 10.362182 2.374605 59.226635 -13.005408 -4.643863 -4.349837 37.284333 -10.721457 -25.105627 -7.180594 -3.992730 -4.438425 -5.022345 -6.954035 -3.319687 -2.577824 -5.572671 -5.187659 -0.488267 -3.663810 -0.476584 32.288338 7.075605 -0.162738 -8.827160 35.191154 10.264310 -3.148250 29.064075 13.737603 24.181078 -4.862055 -45.343052 0.286221 9.360601 -4.279844 -28.735792 1.315299 -7.760535 -1.509769 -4.439394 -13.493572 -5.053923 1.270738 -21.404091 -28.222350 -1.496429 -8.038185 -9.403275 48.414703 8.576778 -5.136160 -15.071115 22.467274 2.592899 -5.232094 9.014412 -0.171028 0.183374 1.234185 -15.608637 10.737042 14.660060 -2.255408 -14.307622 27.693093 11.183655 -2.547852 -1.107999 22.388914 -7.639986 11.907178 -48.768825 -18.062927 -4.481532 11.709213 -7.071166 -24.805607 -12.499821 -3.412305 -5.567748 -15.684165 -4.021503 -3.111545 -4.861111 -13.730971 -10.900265 3.282828 -24.659091 8.378609 27.423987 0.023722 -19.361647 12.201663 3.350500 -1.609912 -0.849429 10.384859 -6.958193 11.394654 -25.398786 -3.950719 -13.250638 25.790838 -11.741965 -18.150852 -7.530941 -0.623941 6.557775 -9.314840 -10.210642 -1.057902 15.537241 -9.936078 -12.707045 2.777650 -28.399321 -7.512422 -0.363483 -1.444291 -32.818437 -2.872105 -5.874528 -1.257907 -7.687022 -2.683884 -5.355780 0.960489 -9.156795 -9.485410 12.743470 13.315070 -6.932507 12.819738 -2.455617 -4.880905 -3.019488 9.868993 -1.457836 0.837491 43.417202 0.693348 -6.099301 11.205872 -18.977553 -1.846368 -5.849072 3.946179 -32.581140 -0.918095 -3.517065 -2.165417 -8.094990 -0.637027 7.528058 -0.376951 -30.958933 -2.232782 47.381313 -1.459672 -47.700515 -16.832492 -6.634247 -6.143633 -23.003393 -7.258698 -8.284359 -4.208933 39.298031 -10.820733 -1.060963 4.731660 -35.464060 -16.479670 -2.481456 4.872283 -44.538032 -2.580400 -3.360626 -0.234287 -6.626135 13.051066 43.116748 0.437098 -52.379502 -19.549663 12.510892 -1.337057 
12.064636 16.510509 1.086318 4.987042 185.662994 134.422100 10.240894 83.194266 11.913529 190.154627 -13.005408 314.424446 -580.899755 -46.106010 -38.092491 146.477196 -159.405010 9.689777 4.664677 0.059331 -9.306856 13.983114 7.385420 8.434803 -9.266554 -0.640241 -1.928783 3.771095 -19.516988 -31.241965 -19.695439 20.073513 27.421437 -24.007499 -10.249158 19.495970 73.219518 -50.497245 -7.970717 45.906744 -158.741200 -4.481737 8.511836 30.848944 -75.603357 18.505255 42.894909 2.064024 -7.580808 -7.720845 -4.019692 33.509795 8.103204 -23.436435 -4.693960 15.341445 -36.290481 7.758698 -44.963065 24.122539 -31.002653 -9.514488 -30.615856 23.199725 -30.197990 -7.001837 -4.256300 22.674982 -85.846291 -26.710489 36.402765 -0.550301 -33.034894 -57.100959 10.400826 -3.144373 13.204571 -72.306652 -14.021018 21.271656 -8.301653 -57.746148 -4.435517 13.322008 -42.944904 -7.800837 -34.070809 9.759412 -58.945414 -5.535456 -24.790021 5.379757 -41.560606 -42.388940 -21.616876 0.358586 -79.292929 0.707173 14.445312 -6.110958 -37.449189 -13.004846 -3.816447 -4.245995 20.174421 -12.200439 0.942200 -0.864044 -17.741098 -14.730181 4.822875 -15.288848 -43.257117 35.683604 -14.591266 -1.051831 -30.395929 -36.009846 -33.295939 -8.096062 12.590552 -71.708244 -31.417763 -7.926334 -91.952913 -20.402714 -1.238904 -8.850015 -66.776911 3.167177 -0.897817 -3.831701 24.471227 3.374197 22.177329 -0.081318 -53.048209 8.069585 28.876747 -2.037904 -78.427456 34.486124 -34.307469 6.330936 7.343026 -15.194980 -13.446893 1.455056 52.757270 -25.172533 -14.823487 6.003571 -91.758137 -11.785481 -9.250026 -3.241251 -63.488267 -1.433527 9.200949 -6.414856 36.660341 6.205285 53.904602 0.708907 -99.720437 20.252066 17.090909 4.627028 -80.461177 -40.397306 -39.745077 8.810070 38.623151 36.447250 14.207224 11.309866 136.841241 10.695541 19.777982 41.023467 -83.547954 -16.977706 -2.123151 3.666054 -62.660086 18.133966 58.476635 -4.887767 1.002092 14.879910 72.739924 2.129017 -101.009693 -17.690236 -36.102183 1.008622 
-198.824457 -321.622743 -19.904500 -47.554943 -1906.758953 -658.201561 -32.713958 -329.622436 -1124.871442 -486.404346 -4.643863 -580.899755 3473.372819 350.526324 105.820324 11.803949 726.565504 -127.716713 -81.652893 17.311601 -115.898531 -276.637435 -71.077900 -51.697429 -134.021886 -121.541016 9.707683 -57.801959 -18.114325 38.383379 63.769513 -13.208754 -827.771044 294.322314 -2.025253 -63.630089 -975.561830 427.290174 58.857361 -173.327058 1707.207530 24.524946 -112.923171 -0.389348 387.450719 -191.096725 -252.353382 13.632384 -50.762626 -85.491276 186.091521 -151.577135 -224.443832 53.380318 39.512703 -48.395317 -71.999082 -359.845118 238.826140 -35.133762 -0.843587 340.397766 254.243802 -12.295684 -277.092133 432.845271 111.764157 -61.951638 714.248087 69.690848 -507.092440 50.736609 263.979339 225.001071 92.912305 45.033823 -33.759565 347.797674 246.694980 -85.471993 -214.466024 214.209672 30.313743 129.777319 -50.297521 -508.049893 219.760484 -48.279614 214.393786 -91.421335 319.268136 -8.621059 47.752525 373.448424 158.782981 -7.722222 625.393939 46.401133 -351.491889 56.397153 392.758953 104.923477 136.415213 35.409856 -58.200796 81.013009 40.907407 -15.372207 92.664218 68.302571 -28.446893 79.333180 84.115702 -391.745332 176.664218 -4.118763 178.867309 126.257882 472.552954 44.507958 -171.871136 569.828895 236.181512 57.203551 1125.988828 145.275329 -66.542241 82.851699 619.816192 -8.716560 43.640802 24.923171 -124.553719 -11.328742 -69.836700 -5.652127 113.336088 -109.523569 75.679369 -33.366697 279.089073 -393.493419 359.573462 -17.535200 -46.139884 -106.362259 309.463728 -38.812519 -519.435721 154.225283 120.368381 -54.076523 1357.659933 63.429140 63.582798 72.868075 638.362565 16.294919 -37.234619 43.868840 -194.486379 63.088766 -190.144781 3.725436 159.678910 -60.933884 108.080808 -12.615243 490.204163 -32.015152 313.520049 -34.241047 -448.449189 -464.451178 21.740588 -150.553413 -1072.960208 -224.176462 -102.450260 -199.805173 1370.578818 316.478268 96.302724 90.901286 681.138200 14.399143 -125.919957 48.023569 -249.178298 -123.759259 -265.476737 -3.926997 217.099480 69.005051 -31.756964 -1.596725 
-21.384093 -33.100908 -1.309229 -6.245664 -261.662534 -19.571243 -0.699878 -32.716585 -337.800658 260.441435 -4.349837 -46.106010 350.526324 344.458346 7.801372 57.086471 179.008596 47.451485 1.776018 46.215590 -1.908785 -23.997908 -12.185211 -2.496097 -18.398709 -19.286323 -0.234721 -6.869095 29.378329 64.334711 21.108968 2.070146 -105.630752 73.661004 10.134680 -8.393684 -268.769615 83.869376 -1.543184 -27.876849 224.548286 21.777293 -13.635930 11.306933 158.724161 -49.457020 -55.415162 10.623329 3.535354 -61.713039 -10.790277 -35.421794 -7.748189 10.561346 4.075247 -67.612871 31.520814 -145.163861 16.888022 3.169524 35.054892 -46.915238 10.967248 3.551194 -110.371467 39.734389 6.781885 -16.021911 92.840195 12.336267 -131.857642 16.108637 94.511478 -12.958321 -84.221763 10.385624 6.407203 23.805913 40.974543 -21.079813 -46.468090 36.247806 6.374707 -58.434650 45.882461 -190.488088 17.040379 -4.065197 50.102030 -72.300531 24.888353 0.466151 -70.113636 71.526502 6.123559 -5.080808 90.588384 -5.646439 -142.215692 8.018978 105.684420 25.282879 9.040838 9.893047 4.590322 45.615294 43.557520 -0.222324 -14.330476 25.301041 -25.347311 3.591929 98.708448 -63.111927 21.225921 1.888557 17.579048 1.074559 26.288389 10.073207 -77.529130 84.869656 25.356418 13.313871 160.972630 36.510433 -12.639272 28.143557 174.349964 7.139016 27.587415 9.472630 -10.411234 0.645317 -2.950617 0.166539 37.913453 10.643659 -41.573742 6.244312 62.061065 -13.167610 37.075911 10.573896 -22.171819 -14.687634 31.698883 3.439521 -180.947046 14.812927 24.799179 -9.120319 210.849607 13.446306 16.605423 17.746505 201.331216 7.214851 -1.559611 12.954367 -22.466228 13.455362 -50.450617 6.515611 43.792113 21.185491 -11.623737 9.905494 38.725615 74.544613 38.774589 3.178528 -80.090424 -59.561167 17.796755 -27.735665 -343.312417 -14.626620 -22.313080 -21.883022 198.652153 116.266937 26.787394 24.876110 257.717554 19.051168 -33.452811 8.823513 -39.182558 -35.537598 -70.676130 2.866850 7.479900 19.867845 -35.279334 6.922610 
-2.032497 4.446332 1.045684 -0.879375 -77.042241 -12.710667 -0.111876 -10.684854 -118.528084 -42.931946 37.284333 -38.092491 105.820324 7.801372 76.379681 -18.039180 47.662815 15.150444 17.044460 -1.536833 1.505663 13.677584 0.438501 1.727502 6.617565 7.047725 -0.279206 5.048005 14.857668 31.442149 7.763391 0.997194 -14.815376 50.352311 -3.250842 3.421386 -22.717682 21.216024 19.136695 -6.211611 26.467784 0.383711 26.188578 -9.792700 0.697480 -10.736430 -5.498674 -2.348459 -5.303030 -24.830119 -6.789307 -9.106214 -1.452607 -10.058285 -1.383175 -1.960591 -2.650291 -40.435466 -3.417559 -3.295633 19.066014 22.513800 -1.535200 -0.768825 -18.595628 19.228880 9.731277 -1.931869 8.469110 5.141389 2.869733 -2.468753 -9.244720 3.152382 -0.963728 -2.272523 -7.143506 29.218728 6.976023 -12.697505 -9.534665 21.105882 -0.828028 2.287267 -10.421947 -80.783415 -14.090118 -6.483930 15.402714 -11.784563 6.834787 -2.167866 2.285354 7.153173 0.790889 0.232323 -1.719697 2.069916 9.721814 -0.749923 -9.530150 11.094378 15.759285 -0.149092 -4.335348 10.370319 2.651235 0.336496 18.229619 3.511172 -4.985869 -1.324559 16.073462 -26.717121 10.875242 -2.535175 7.377793 1.097771 3.549842 0.937659 13.291909 14.005306 -6.170161 6.679089 0.146439 -6.823411 1.741659 2.105295 -12.071115 -2.455974 1.057826 1.166641 -7.110346 -3.237144 -1.030864 -0.137460 -10.963499 -0.918070 30.129451 -2.518110 41.480716 21.221176 20.409397 -3.518034 2.361749 8.988369 4.051806 1.526349 13.949342 2.627538 -5.693730 7.957173 11.283389 -0.380956 -4.010535 6.944189 -4.762652 -1.943195 -1.798515 0.621697 -0.683298 -6.439445 13.706510 0.273646 -43.868636 -6.593664 46.053030 -1.408708 10.586751 47.925084 5.018034 -2.584864 -28.156438 -21.593715 -8.850934 -6.426717 -14.941333 -19.978829 -9.976329 -4.459647 18.263060 -10.189190 -2.939521 2.259795 1.806321 -4.232680 1.355321 -2.261223 21.260305 -11.283951 35.010535 -1.968320 -44.785991 -29.473906 -15.638634 -0.742322 
-20.754668 -41.318335 -2.151056 -4.377717 -150.993572 -11.419651 3.703857 -11.582951 -210.971993 100.133303 -10.721457 146.477196 11.803949 57.086471 -18.039180 214.201102 12.407560 9.873278 -4.619835 33.858433 -12.010560 -16.051117 -4.885063 4.409550 -20.511785 -19.748546 -0.074686 -2.701408 3.871901 25.768136 0.967860 23.023569 -92.483165 34.894858 8.626263 3.012244 -188.178910 53.805785 11.043312 4.502143 130.398531 11.648454 -3.787267 35.121671 62.830425 -14.295531 -9.028773 11.056168 -4.732323 -39.311754 7.859657 9.334711 -27.094888 -27.272574 2.925008 4.748852 1.837466 -36.451178 -7.789103 28.015917 -10.021732 5.942302 28.700643 15.937098 -100.385981 65.584022 36.313284 4.296755 40.677839 -17.434956 -67.358739 11.138812 48.732782 -42.438782 -27.740588 8.540251 9.848791 -21.679829 21.848791 3.744720 -50.912764 -27.953780 -4.104989 25.136823 8.656107 -118.544383 15.155341 3.875574 -22.612642 -37.561830 46.539945 2.668197 -46.848485 53.262014 29.360116 0.590909 45.782828 1.117386 -72.843128 4.885675 80.847107 5.138812 6.010713 3.078359 12.885981 12.731099 15.033670 -1.186716 -13.544689 -6.418733 -15.463881 16.776247 17.818641 -39.266452 26.409856 2.862871 -12.892562 -26.865626 52.145699 0.332109 -59.115396 40.910162 27.128252 -0.898837 139.888277 20.041169 -12.179982 9.309917 110.126569 5.980869 7.498929 0.363024 -2.698806 2.651974 0.925926 -0.086930 9.724518 -5.316498 3.000765 3.479492 -26.967860 -34.999847 40.219467 7.309611 -19.797827 -34.632691 34.990817 -4.009030 -103.488522 -5.343128 9.729262 -13.265228 175.513468 1.826752 10.080502 2.594888 111.368075 -1.651821 -0.134068 0.910621 -16.575911 8.018978 -12.952862 2.410927 0.395164 1.443985 13.080808 4.852617 -12.241200 -31.156566 26.412611 6.271350 -46.305020 -60.804714 6.441230 -11.352311 -159.006122 -41.436333 -7.335935 4.816957 147.156872 63.772574 17.426232 34.325987 114.871901 10.092440 6.780227 5.624579 -54.439547 -6.708754 -27.338078 3.164371 -5.338537 29.484848 -10.382767 3.148913 
-7.697174 8.528364 2.213728 -2.499056 -306.957300 -57.116085 -7.111417 -39.682864 -1001.514769 -139.053923 -25.105627 -159.405010 726.565504 179.008596 47.662815 12.407560 719.957887 84.315733 37.604148 55.459341 40.181053 31.313795 9.104862 6.218779 53.141134 37.677507 2.772829 18.426946 26.700643 110.761708 54.707377 6.798541 -86.682379 120.183349 27.511785 7.838588 -572.190440 133.486915 -17.432022 -35.930772 398.855295 35.191026 -9.477936 -15.432736 471.735894 -107.862080 -59.662432 12.444623 15.131313 -147.543159 -2.661514 -43.824304 55.261045 1.283925 5.050097 -18.113024 63.104530 -113.820988 105.183145 -2.422967 139.861086 -32.701383 69.728344 22.042470 -181.815861 85.041552 47.558336 -18.462478 174.531247 -31.424421 -159.386619 7.440950 210.332415 -74.367667 -132.180441 31.248903 -3.145954 28.510892 77.034180 -32.438093 -4.166896 37.296730 9.779563 -32.766912 37.576676 -249.999056 59.515636 -14.094582 166.364453 -126.082849 82.222299 -7.346776 -40.628788 135.915646 97.253393 -16.601010 172.522727 4.696485 -149.225079 11.048515 218.425314 35.236404 28.638226 16.890700 7.046500 53.491225 45.487935 -0.280890 21.496225 54.881237 -10.002092 9.122028 42.685950 -172.590552 30.677201 -9.483599 51.962733 -71.239848 103.732731 8.407050 -154.547546 119.688654 95.076548 -5.099913 307.525074 71.917942 -2.086165 21.883532 364.633507 -1.363534 15.354275 10.550326 -6.600704 -9.165060 -17.281706 -2.007678 129.705005 -14.285073 -84.467580 -10.288389 98.450872 -167.103280 64.340526 -7.292904 -2.402102 -86.338996 86.766682 -5.204443 -327.844506 19.402867 50.244898 -40.658377 338.827160 29.505025 31.845449 -0.890674 367.974569 -5.991251 -5.160315 13.755918 -27.899245 -24.010458 -98.115039 2.137741 226.762983 -29.706152 -74.128788 0.416820 133.117360 41.056397 70.181793 -15.245562 -90.766784 -91.741863 21.174778 -23.365805 -506.902459 -68.654831 -26.980767 -73.520559 313.457581 133.205974 46.913249 14.151898 415.730104 -6.866136 -34.639016 8.328002 4.372641 -87.371493 -124.345449 14.696511 265.346546 63.571549 84.706331 16.566371 
36.541016 44.026018 5.856290 5.767371 118.185032 76.456841 -1.079890 23.727885 -128.104683 33.192072 -7.180594 9.689777 -127.716713 47.451485 15.150444 9.873278 84.315733 132.451791 64.356749 16.773493 59.911387 203.477808 32.804102 35.512856 76.033670 93.596266 -0.959902 58.188858 44.387971 21.921947 -1.268595 9.811448 90.072391 -12.373278 -10.181818 12.312519 -31.403428 -29.387511 -7.453933 -5.182430 -83.386593 22.616315 77.507040 -8.552801 86.868075 74.280686 120.537802 2.724212 37.060606 33.882002 -20.267983 40.836547 171.732017 17.201255 -5.458372 97.356749 67.140955 -14.067340 -13.125191 18.410315 65.760178 -64.408479 -26.538567 12.203398 -34.964034 -23.228191 4.963881 -7.165595 -68.464953 -27.678757 60.258341 -15.855678 10.997704 -145.265687 -92.089991 -2.756811 7.326752 -196.393786 -42.617692 -20.016529 243.917355 -96.968473 -0.000306 -61.391185 70.340680 -4.081114 -9.680747 15.748393 29.699571 -45.397919 -19.588613 -0.558157 -26.752525 -15.981788 2.997398 -6.257576 -3.287879 -61.718243 -62.102541 -13.322314 -3.255739 -64.077900 -74.513162 -2.679676 12.958984 -39.670646 3.700337 -14.460361 82.117386 -29.113407 18.228497 -103.835782 62.886593 -27.738445 -7.645240 -3.172942 21.866850 -55.222375 -42.718396 -5.968626 29.263851 -58.601316 -27.585706 -2.399755 -33.108050 -20.816957 -20.201102 0.132231 7.710591 -2.611417 -3.903734 0.432354 43.589991 -3.022498 26.890572 -0.934037 -64.233701 24.946128 8.874962 -23.210591 55.066575 -33.586624 -27.617539 -0.214723 45.746710 -39.063820 -24.858127 2.681512 -9.052342 -30.147995 -9.257423 -1.391032 -78.976431 -0.926691 -0.412611 -0.065350 19.058616 0.476278 10.554178 0.305479 71.894705 -6.776706 45.228956 1.652433 -59.137435 2.027548 -48.535354 -0.258035 29.448424 27.626263 -17.270125 21.107897 60.247322 14.377104 2.743343 12.473676 -71.312825 0.242271 1.715029 6.435415 -133.001530 -3.605295 -0.282675 9.157943 72.877870 4.047903 20.199878 0.705387 106.702785 -22.380471 15.003520 3.960973 -30.635598 -15.878788 -68.596266 2.629170 
30.247322 59.299051 7.706382 6.727349 66.333792 53.935032 0.456841 19.340756 -50.784435 3.708295 -3.992730 4.664677 -81.652893 1.776018 17.044460 -4.619835 37.604148 64.356749 60.568641 1.783900 54.205234 157.837619 42.703015 27.549816 88.085017 106.318105 1.477349 60.510866 24.548209 3.486685 2.108815 4.415825 61.260943 6.241047 -5.095960 14.252678 2.252372 -15.597567 -4.007729 5.086012 -38.686180 1.145164 43.715412 -7.020891 50.545608 3.985384 95.120600 -1.168427 24.712121 -22.403581 11.234925 12.020661 174.684420 -6.079354 -2.732629 76.523186 29.051882 -51.306397 -2.880318 -0.353841 53.859198 -41.906719 -10.662075 7.074151 -3.007729 -9.984619 1.708525 -0.822238 -10.131237 -21.447735 42.251071 -8.009565 17.128099 -97.494184 -32.719927 -3.221151 -1.325375 -139.213422 -28.416284 -25.069100 203.492883 -82.260407 2.517753 -64.397153 38.124426 -8.232247 -2.079813 -2.366391 31.313743 -32.001530 -3.287190 -0.493036 16.083333 -16.356826 3.464034 -1.585859 12.118687 -32.440389 -13.608203 -6.255280 -9.025712 -36.345424 -36.607821 -1.510637 1.457224 -23.223753 -2.071549 -9.304102 58.706765 -18.089073 25.151209 -71.171105 39.602847 -5.048975 -0.780609 -3.522421 23.649449 -24.751224 -19.226967 -2.304561 21.939088 -26.659014 -11.102311 0.026706 -21.730563 -12.689700 -6.401745 0.355831 -14.517294 -2.335782 -3.303107 0.208831 21.573462 -1.152204 16.932660 -0.530380 -47.594353 8.730640 25.451714 -14.053413 35.926538 -18.336930 -10.066575 -2.023339 35.771656 -17.990358 -11.271579 0.641491 5.283287 -13.714264 -4.011402 1.460132 -49.013468 -1.789792 -2.156948 -0.972299 -6.720462 -1.358968 4.552112 -0.669804 38.516223 -4.350015 32.548822 0.042700 -48.362106 -3.385675 -20.396465 -0.829431 35.170722 35.679293 -8.148378 10.284894 29.885139 10.451178 3.088154 10.049510 -4.563208 -4.481022 -1.431283 1.190389 -59.024870 -12.647919 -1.864937 -3.547062 1.621442 -12.258188 8.750536 -4.258418 58.771273 -28.331650 3.096342 -3.837466 -17.751454 -22.765152 -45.767600 -0.921182 
