359.355556 972.388889 11.022222 18.488889 -0.733333 560.011111 -24.561111 -4.050000 11.605556 216.327778 -53.138889 2.905556 -30.705556 61.838889 -97.677778 6.411111 -54.283333 -11.944444 -131.700000 9.805556 -32.011111 -6.405556 -41.577778 11.805556 2.466667 4.677778 -5.511111 2.200000 4.072222 -110.994444 -13.938889 -7.594444 19.194444 -64.850000 13.155556 -2.333333 9.972222 -4.244444 -0.355556 3.894444 -60.961111 41.550000 -81.288889 6.622222 -15.466667 64.127778 -32.522222 10.338889 10.466667 32.594444 0.383333 5.688889 6.405556 5.655556 0.700000 0.205556 31.566667 118.388889 35.677778 0.677778 -5.355556 179.483333 30.988889 1.338889 -98.188889 147.788889 -98.855556 2.088889 -46.700000 83.961111 -109.533333 10.505556 9.983333 49.711111 -22.311111 41.494444 4.544444 -6.988889 1.666667 47.944444 -1.088889 -38.400000 2.422222 -5.300000 41.500000 59.783333 -46.488889 1.627778 -59.872222 62.683333 -122.144444 -1.800000 -63.588889 3.833333 -98.650000 -12.450000 -11.127778 -60.338889 -64.194444 -2.761111 6.144444 -64.666667 -18.944444 16.622222 29.727778 -56.916667 -0.877778 30.022222 -23.355556 -73.277778 -1.750000 -40.772222 -24.316667 -135.944444 -143.772222 0.344444 2.344444 24.822222 -82.416667 -2.138889 8.066667 94.500000 -21.633333 0.355556 6.394444 104.927778 9.722222 20.377778 3.505556 102.944444 18.772222 42.188889 20.750000 93.116667 3.527778 28.694444 -100.811111 -1.750000 -6.638889 6.088889 11.733333 -77.150000 -51.594444 5.855556 58.144444 60.788889 -11.338889 24.116667 -16.933333 34.161111 -18.116667 14.388889 6.994444 -74.455556 -25.261111 7.766667 14.516667 -124.977778 12.500000 22.827778 19.238889 -35.466667 7.000000 8.705556 -66.994444 -8.755556 -12.011111 15.705556 26.027778 -13.711111 -4.383333 9.355556 60.572222 86.772222 -4.822222 47.644444 -60.988889 161.044444 -9.994444 3.116667 -37.800000 67.561111 0.322222 -73.938889 4.727778 -107.050000 17.855556 -28.044444 -47.272222 -57.572222 -20.255556 -20.977778 0.544444 -45.588889 -47.494444 -2.827778 
972.388889 9436.158611 412.761759 324.569815 -375.990093 3563.944074 76.789259 -164.745278 24.711667 937.404352 -42.306944 -51.364444 61.186204 343.331389 -487.341296 87.700000 112.207130 -127.363056 -706.696204 108.803981 -100.637315 -152.458704 -331.830185 27.208981 -32.610833 41.807500 -15.296019 14.558981 14.528333 807.222222 53.515370 0.463519 69.820833 52.295556 69.832130 -29.432407 23.011019 -72.820556 -165.601296 -5.729537 -109.287407 22.231852 -372.184167 11.932315 30.509074 21.532778 -208.900000 2.472593 11.330278 -89.696944 -30.486389 -33.010278 16.523981 -67.335463 14.649907 -30.932870 208.677870 422.498426 57.703241 4.256574 -35.940000 822.895185 16.896204 16.473796 -256.341389 676.751389 -456.623148 -15.785185 -150.476481 515.260185 -429.693426 31.710833 16.041296 264.995741 -90.748889 149.839444 58.384444 40.444630 -29.159537 4.150833 -149.678056 -202.778426 13.267963 -88.573333 208.084444 -148.907130 -464.607222 -15.724907 -258.515926 452.296944 -639.199444 3.923611 -251.210185 30.039907 -430.601296 -61.641204 -44.261759 -204.260370 -271.359722 -23.968519 -7.436389 -28.050093 -101.971019 63.241759 130.594074 93.769537 1.522500 112.702407 -350.268426 102.821852 81.007407 -79.979722 -358.778333 -1233.508981 -1006.726944 -15.535370 -23.726574 48.520370 -579.821204 -4.927222 -43.609815 278.288148 -170.941759 -39.411574 -16.189630 455.491481 69.375185 -32.243704 -34.346481 686.411574 151.117685 23.232778 32.640741 939.701111 57.478333 46.442963 -668.468889 369.022222 37.203704 47.923333 -243.592870 -859.776204 -427.552685 -19.305833 226.606481 363.069722 -81.729537 68.928519 -89.987685 501.187963 34.538889 39.086574 -143.568333 22.865093 -7.078056 -55.691111 -92.408148 -87.906111 241.547593 -102.400185 68.520185 168.700185 233.791296 -112.585926 -552.804815 260.861389 -55.235741 50.257315 133.877407 -290.208889 -26.530000 8.917222 512.776296 395.725278 -5.463333 180.355833 -45.925833 977.474537 9.523704 81.258148 -344.371667 692.800648 153.890556 -362.751574 -170.775278 -415.606481 456.769167 -223.768519 -196.259444 -206.987315 -52.529722 -112.009074 -148.477963 -62.883981 -325.491481 -13.921019 
11.022222 412.761759 140.364784 -25.811790 -25.716080 74.938642 89.674321 -27.367685 -6.632037 -2.058673 20.923611 -15.731852 29.907006 69.557500 -36.909938 10.348148 76.670031 -10.629537 -36.245154 20.765154 14.625586 -32.932654 -20.946975 4.674969 -10.402130 -4.022315 -1.694105 -1.702809 16.651296 259.407407 40.738951 5.732160 -10.026389 51.985926 2.657994 -2.111420 -27.361636 -20.273889 -41.703642 -4.197006 26.863951 -18.623210 13.752685 1.472006 35.644012 -20.642037 17.431481 2.296543 11.099352 -24.621574 0.891944 -5.536019 -0.408549 -12.069475 0.632809 -3.252932 -10.116142 -26.871883 -21.920525 1.513179 -22.267407 -7.184691 -26.677068 -0.342932 0.889537 12.811574 4.370679 -5.021605 -1.425988 -1.501543 5.148364 4.422500 8.224753 2.125864 1.352593 15.627222 8.772963 -0.298951 -0.985525 -8.236019 -15.773796 0.587068 3.259198 -6.271111 -13.347407 -117.277438 -47.615000 -4.555957 -8.721728 -15.508056 -22.722778 -0.340278 -5.524383 -14.372006 -10.929568 -3.972377 -3.998117 -13.784691 -9.082870 -0.701235 7.360463 1.767994 -0.326512 6.505154 8.090494 21.958858 4.316389 2.395123 -31.965525 43.031235 13.745679 -2.618426 -30.042037 -74.662006 -45.769352 -3.704136 -1.582068 -10.688272 -31.009043 0.206852 -6.063025 -24.074568 -21.392191 -3.939660 0.519877 -2.889012 2.253827 -15.351358 16.079198 37.232253 21.896512 -29.305000 5.136420 66.135926 13.266111 -15.880617 -91.001481 42.777778 10.076543 -10.493704 -20.489228 -35.329969 -21.107809 -3.373796 0.731173 3.685833 -11.682191 -2.053210 4.243858 31.096605 -0.301852 -1.952006 -14.181667 15.154043 22.861389 -10.807037 16.629753 47.482037 47.091914 -41.012160 21.249568 37.873272 41.450679 -28.938765 -137.879136 48.077500 -3.146975 8.635895 12.559012 -9.681852 -1.829259 1.653148 31.684198 -3.978981 -0.553333 -11.774352 49.009167 15.255710 15.854691 -0.816790 4.377222 2.614784 54.940926 -18.477438 4.816019 -77.899691 75.578981 -12.351235 15.005741 -106.828117 9.413056 -11.216235 -91.565864 -96.205525 -45.077654 -3.476512 
18.488889 324.569815 -25.811790 90.414691 -8.022284 205.164938 -36.268642 24.960926 2.095185 67.001790 -20.075000 4.660370 -9.877346 -55.446111 -24.850123 14.325926 -50.150062 -47.222037 -38.045247 4.963025 -32.800062 12.735309 -11.242716 0.878951 8.664259 49.247963 8.031543 6.223395 -9.282593 -82.298148 -9.352346 4.433457 11.480556 -43.804074 1.040679 0.617284 7.436605 -11.442222 -0.494938 1.586235 -22.057901 6.187531 -28.907593 2.858210 -12.661358 23.086296 -14.001852 4.214691 -6.564259 12.414259 6.783889 4.085370 1.158210 8.628951 5.608827 -0.944136 15.780062 54.925988 19.879938 -0.006358 -3.027407 39.618272 19.189691 0.270309 -30.635741 20.982407 -30.046914 -0.306790 -10.301358 33.180864 -27.632284 2.472778 -0.051728 16.133827 -8.409630 18.660000 3.121852 -15.395432 -0.988951 14.824259 1.126481 -25.841914 3.506049 -5.875556 1.657037 71.398210 -5.085556 3.159691 -32.985432 46.478333 -25.245556 0.169444 -19.317901 -3.741543 -28.470864 -2.044136 -0.371543 -35.959506 -24.250926 1.969136 -0.480926 -30.711543 -12.459198 6.693025 15.739012 -40.431049 2.082778 7.507531 -13.504506 -31.998025 13.303086 -22.899815 -20.658148 -58.638210 -40.981296 0.679383 -11.936975 30.620988 -30.189691 0.650741 -8.438395 51.222469 -8.813395 4.079321 -2.599753 47.210247 -0.250988 9.407160 -4.942840 33.213272 -0.256358 9.751111 11.304938 17.018148 5.182222 3.230123 -53.110370 8.783333 4.041358 2.527407 31.029568 -33.088951 -12.664383 7.554259 11.154321 24.171667 4.834383 8.083086 -25.949938 31.195679 5.731481 5.509568 -16.796667 11.774136 -7.466111 4.350741 0.347160 -21.589630 9.740617 7.423210 -6.016914 -41.212099 8.929753 -8.465802 -24.242840 -1.317222 -22.981605 2.435988 25.946420 2.393704 -0.604815 25.347037 13.728272 63.056852 1.465556 42.314259 -41.331667 100.366358 -1.889383 3.049136 -40.017778 37.860432 12.261481 -29.724012 -11.714259 -66.283951 26.676481 -17.064198 -25.807037 -48.909321 -13.679444 -5.721975 -0.602716 5.259938 -26.088025 3.490802 
-0.733333 -375.990093 -25.716080 -8.022284 114.012932 -141.387901 -25.458395 20.430463 85.214259 9.999969 -20.876389 17.594074 24.826142 -16.659167 -14.851914 -1.348148 -42.012068 -33.799907 -19.467994 -9.128673 -31.339846 -17.522160 -12.142654 -6.837377 2.357130 -5.348241 -3.336080 -0.604043 -8.830185 -138.490741 -9.730802 -5.436975 23.262500 -96.127037 4.405525 0.287346 42.222932 -30.885000 13.017346 3.617191 -7.116914 15.203951 -30.784352 2.046698 -24.901049 34.232037 -24.648148 7.124938 0.590093 40.543241 -4.346944 11.984352 3.888364 21.329290 -0.954846 7.413117 4.977068 31.636142 27.408488 -0.831883 21.652963 17.316543 26.329105 0.245340 -5.895648 4.368981 -12.135494 0.964198 -14.171049 4.814506 -31.189290 3.522500 -1.029568 2.121543 -10.999259 6.321667 5.641481 25.181914 2.615710 13.823241 46.941019 43.480895 0.738210 22.340000 20.372963 104.252809 35.690556 6.889105 -0.290864 -8.896944 -6.778333 1.059722 -5.838580 -17.307809 -25.273395 -1.445216 -0.489475 -38.211235 -18.608796 -0.589506 3.651204 -51.334475 -7.387006 -3.605340 -1.400864 -53.336821 1.344167 -23.455494 86.713488 -21.963827 -0.793827 -21.666574 0.270926 15.263302 -5.765648 4.619321 1.935216 -13.669136 -3.442994 -0.441296 4.571543 4.353827 -0.840957 0.612809 2.770494 4.139383 -7.565309 2.633210 5.035988 -11.772068 -5.692994 11.850556 -0.051235 -51.793704 0.832778 3.472469 25.961481 -22.138889 6.471605 -23.091852 5.141636 5.099043 1.335401 0.779907 -1.521914 -5.558611 7.974599 -1.370494 -10.301821 -27.661420 -2.237037 1.039969 -3.331667 -24.412006 -6.727500 -7.188519 5.103210 -45.080926 -7.292654 3.134753 14.015617 -36.956975 -17.744383 7.499506 5.077654 -11.566944 -5.637099 -2.639414 13.558395 11.999630 -1.016296 3.256852 -5.703457 18.011759 -1.503333 -3.781759 1.136944 19.261883 7.559012 -30.899506 -6.500556 10.433920 1.055741 -13.869414 19.340093 1.623765 -29.606204 -5.172840 23.357593 -13.680586 -38.148056 1.089938 48.182901 5.245710 -28.061605 8.218549 
560.011111 3563.944074 74.938642 205.164938 -141.387901 2979.827654 -71.196173 4.241852 64.249259 1285.376914 -103.922222 -11.910370 236.631975 312.771111 -217.420247 88.890741 -35.249012 -222.602963 -436.520494 44.497160 -325.399012 -341.481605 -279.588765 -6.574321 -217.694815 -149.111852 -46.199136 0.020123 -42.400741 -596.640741 -77.373580 -36.857531 107.650000 -459.979259 0.393580 -18.837654 169.369877 -169.724444 17.419012 2.320247 -113.662469 31.621728 -232.467407 0.046420 -140.701605 50.069259 -259.659259 16.153827 -70.827407 -26.411481 -83.892222 15.500741 -6.681358 -28.952099 -5.252346 -7.432716 141.352346 404.923086 160.087654 -0.814938 79.305185 598.646543 188.387160 15.613951 -204.578148 618.464815 -259.193827 27.297531 -191.950494 516.561728 -380.822346 8.924444 -39.266790 251.419877 -162.857037 107.417778 21.255926 31.776914 -31.660123 122.250741 -18.523704 -57.118272 9.608765 32.514444 216.809630 798.817531 58.985556 1.139383 -222.383086 321.302222 -357.837778 -0.605556 -237.974691 20.514691 -358.305062 -35.121605 -48.310864 -264.014568 -272.440741 -16.406173 2.200370 -309.615309 -133.125062 31.478272 92.120247 -230.375432 -13.618889 63.435062 -16.822346 -101.187160 22.922840 -70.225185 -146.408519 -143.216420 -513.765926 1.363210 -28.319506 -73.508025 -419.370494 -7.300741 3.908765 172.479383 -99.963457 -5.069136 3.590494 340.058272 14.321358 55.885432 6.774321 339.576543 55.901728 99.215556 58.454321 399.165185 33.995556 50.662469 -332.545185 76.488889 -6.639506 -1.149630 -256.939753 -503.021235 -295.386543 17.826296 260.125309 195.047778 -54.911235 50.576173 11.499012 275.119136 34.251852 28.296914 -81.075556 -63.897284 -67.047778 19.649259 -9.760123 -217.065926 59.494568 43.478642 22.203951 -81.656420 95.707284 -33.458272 -176.575679 -74.980000 -79.805432 40.563086 10.385062 -208.749259 -25.867407 32.202963 362.914321 298.340370 -15.748889 146.021852 3.356667 714.382716 -41.592099 71.774938 -258.765556 403.688642 51.188519 -297.126914 -90.049630 -308.379012 145.142963 -147.972840 -153.876296 -51.411975 -98.384444 -30.887284 104.137901 55.102099 -122.463827 42.508272 
-24.561111 76.789259 89.674321 -36.268642 -25.458395 -71.196173 167.031358 -35.436296 -2.182593 -58.156543 105.250000 -28.267407 60.575432 29.728889 4.633210 -0.207407 77.402716 -31.463704 -12.886914 8.549136 -6.625062 -32.164691 -11.114938 -1.096049 -18.705185 -5.927037 -0.415679 -1.351605 21.356296 259.640741 41.636543 4.494568 1.555556 62.451481 27.049012 -3.816049 4.000494 -27.375556 -19.583827 -5.499877 42.458765 -54.529136 20.311852 -4.305679 24.571975 -47.119259 11.242593 -3.901975 -0.150370 -10.371852 0.686667 -5.556296 0.327654 9.009506 1.017160 2.341975 -10.111605 -44.365679 -19.322840 0.896420 3.405926 -67.420617 -29.485309 -0.715802 37.322593 -40.642593 27.697531 -1.501235 2.543086 -27.785802 33.959383 -6.552222 4.126049 -1.977284 14.879259 -15.245556 3.594074 11.337901 3.313827 -22.828519 16.051481 24.121975 0.606049 0.780000 -14.015185 -86.204568 -18.363333 -5.420864 17.592346 -39.341111 13.810000 -0.377778 17.276543 -12.816543 25.684691 -0.635802 -2.435432 3.112716 19.479630 -5.925309 3.477407 14.724568 9.843580 -12.243086 1.172346 16.993951 0.196667 -13.342469 8.664938 16.440864 10.375309 -3.024815 -24.413704 -17.290988 -14.150741 -3.809506 -1.434198 -39.534568 12.207531 0.800741 0.250494 -66.466420 3.639383 -6.634568 -0.227531 -43.339753 8.237901 -20.070617 4.123827 5.704938 14.257531 -33.587778 1.521605 36.662593 8.398889 -18.764321 -47.415926 28.233333 12.891358 -12.278148 -64.950988 -21.275062 -14.044938 -6.526296 -13.067901 -34.631111 -6.229506 -11.528025 20.780617 -8.265432 1.459259 -8.093210 -7.396667 12.482469 25.058889 -15.143704 -0.241728 56.088148 25.390617 -32.954568 14.210864 31.743457 33.374198 -24.665802 -91.426173 22.791111 10.329506 0.366543 -14.231358 -27.317407 -1.938148 -18.025185 -10.410617 -77.929259 -1.445556 -35.405185 43.882222 -113.814198 0.821728 13.299136 38.037778 -37.092346 19.339259 23.545432 0.005185 -15.800617 71.029259 -3.919753 3.654074 -107.039877 58.640000 -9.927531 -99.180494 -115.553951 -9.321358 -10.328642 
-4.050000 -164.745278 -27.367685 24.960926 20.430463 4.241852 -35.436296 54.238611 24.315000 18.713796 -29.887500 24.148889 7.131204 -53.491389 -7.866852 3.738889 -47.272315 -59.735833 -3.401204 -5.038796 -33.544537 -34.055370 -8.955741 -4.064907 -6.498056 -9.725278 -2.844352 -0.337130 -8.785000 -114.205556 -12.986852 -0.994259 11.318056 -66.875556 -5.580648 2.839815 26.043796 -26.816111 13.607593 1.959907 -10.361852 1.278519 -14.644722 0.753981 -23.430926 27.085000 -18.261111 2.185926 -4.510278 26.549167 -3.349167 6.011389 0.978981 11.707315 0.093796 3.836574 3.478426 4.344537 8.872685 0.046019 12.447778 3.394074 17.223426 -0.044537 -0.561944 5.859722 -2.989815 -0.085185 -12.707593 9.032407 -0.826204 -2.790833 -3.438704 29.464630 -5.408889 -0.612778 -1.381111 30.251296 1.177685 13.250278 19.131389 20.201019 1.909074 21.325556 6.680000 42.550093 21.843889 4.920093 0.832963 8.923056 12.520556 0.104167 -8.871296 -10.231759 1.213148 -0.377315 -3.693426 -52.150370 -3.934722 -2.251852 -2.015833 -62.633981 -5.247130 -8.357685 -0.535926 -50.146574 1.763056 -12.249815 45.071019 -29.341481 7.012963 -15.941389 19.940556 19.842685 17.733611 2.502407 -1.008241 3.842593 -1.387315 0.126111 -0.013148 -8.088519 -3.114537 7.046759 3.300370 -12.848519 -1.707037 7.599630 -2.336481 0.342130 0.818241 -1.081667 5.718519 -4.442222 12.165000 -3.943704 -24.810000 7.905556 19.737037 -14.281111 22.733241 16.788796 6.253426 9.842500 -6.465741 -11.656389 -2.840093 3.221852 -1.563796 -22.984259 -3.033333 2.950463 22.471667 -27.872130 0.364722 9.728889 8.426296 -25.937222 5.960926 -6.329074 13.352407 -31.004259 5.161296 -12.807037 -31.539259 -3.348056 -1.677963 2.312315 -8.719259 1.721111 -0.365556 9.809444 -19.421481 -1.795278 -1.237778 4.824167 -14.458611 -5.550463 -0.911852 -15.920741 14.609444 -53.823241 13.233889 -5.244352 4.817500 -62.595370 0.450833 0.770370 7.178333 -39.616759 -9.413611 -0.157963 0.748704 -5.915648 -18.951481 5.675093 
11.605556 24.711667 -6.632037 2.095185 85.214259 64.249259 -2.182593 24.315000 341.890000 -98.085741 42.913889 51.060000 281.933519 -413.648333 -34.065926 -0.766667 -92.085741 -513.131667 -184.375741 -38.925370 -226.457963 -351.717407 -133.515926 -28.943148 -91.766111 -125.518333 -26.069815 -9.470926 -8.676667 -152.472222 -7.974815 -10.072963 107.508333 -144.975556 35.664259 -4.631481 286.877593 -81.524444 58.930741 7.902037 28.186296 -18.369630 -173.479444 -2.196481 -100.937407 61.926667 -162.794444 5.367407 -25.722778 115.645000 -43.422778 29.418333 8.342407 69.717963 -5.233519 31.028704 45.550185 34.113519 49.978704 -0.936852 139.420000 35.045926 73.853519 2.353148 71.945000 23.552778 -45.751852 3.024074 -70.258519 20.748148 -84.709074 -14.900556 -27.650741 17.580370 -11.886667 -10.876667 5.374444 94.117037 7.492037 42.246111 157.810556 156.665370 3.791481 122.120000 114.857778 117.896852 72.824444 12.066852 62.184815 -55.100556 -33.543333 4.158333 -5.009259 -95.114630 -46.285926 -6.982407 -12.851296 -200.487407 -21.675000 -13.309259 -8.417222 -261.216852 -6.364259 -23.377593 -13.828519 -227.905370 -2.293889 -58.384074 297.385370 -113.722963 12.992593 -39.648333 48.460000 -20.606852 -49.448333 14.529259 29.152407 -101.709259 -56.386852 0.467778 31.763704 -112.673704 -21.183519 -7.567593 4.648519 -74.889259 10.939259 -6.509630 -9.059630 -11.199074 9.268704 10.698889 -9.401852 -12.131111 16.101111 -7.019630 17.967778 -9.077778 55.990741 -65.275556 -60.941296 -36.546852 -39.372037 -3.539444 -22.803704 -48.421667 -38.370185 -11.687407 68.319074 -110.724074 -8.411111 -3.676852 53.641111 -84.780926 29.710556 -2.793333 -1.516296 -75.717778 26.622963 10.377407 34.912593 -52.577407 24.043704 -0.382963 -60.654074 -19.432778 10.739630 -5.607593 -56.595185 -57.690000 -5.543333 -31.726667 -45.164074 -118.705000 -13.248889 -90.549444 96.481667 -179.228704 -0.135926 -55.767037 68.223333 -104.070926 13.853333 27.374630 22.477222 -72.551852 11.716111 6.840741 59.158889 -69.735741 -25.676111 3.326296 16.094074 -55.834630 -47.199630 2.002407 
216.327778 937.404352 -2.058673 67.001790 9.999969 1285.376914 -58.156543 18.713796 -98.085741 1428.087006 -166.859722 -7.450370 118.233549 1022.024167 -84.227840 97.407407 122.647191 296.666759 -92.775401 63.367623 -142.436142 -91.779568 -157.679691 2.142253 -119.715093 -65.720463 -35.956451 -4.213302 -71.119074 -739.179630 -83.217840 -42.849938 -28.259722 -672.427037 -65.479660 -25.538580 -25.534475 -236.112778 30.269198 -13.590216 -40.926173 18.635432 9.304537 -17.823673 -79.302901 -24.856852 -130.070370 0.693457 -41.954352 -65.773426 -63.302500 9.167685 -11.226451 -44.991080 -7.317809 -18.144290 53.795586 238.710216 84.695525 -1.967068 21.036296 390.409136 151.364290 2.726821 -123.312315 428.068981 -79.998457 23.077160 -114.045123 394.407099 -226.491142 -7.116389 -26.003642 236.236358 -121.649259 56.538333 10.163704 130.274506 -17.658364 79.434352 -37.403426 49.079043 3.169691 3.828889 118.967407 639.999105 99.607222 -10.009043 -142.214938 235.941944 -177.056111 1.948611 -155.708951 52.245895 -241.154877 -18.913735 -33.702438 -112.485309 -174.881019 -15.093210 0.690093 -142.036327 -84.424043 7.979846 45.252840 -83.934969 -7.239167 10.187099 41.072747 35.934321 16.393210 -39.788796 -51.729074 101.650340 -242.654537 -27.071420 -38.579599 -13.411728 -251.844846 -5.885741 -13.935864 165.961235 -64.165031 14.592438 5.889012 223.480123 -4.267160 44.275802 27.984136 227.609414 25.616265 39.445000 49.724691 241.595185 8.527222 17.887284 -77.327407 9.961111 -23.715432 -48.719630 -109.760216 -222.458364 -156.207191 10.785463 206.413272 136.635833 0.078302 18.855432 -64.238858 152.625617 34.012963 4.899228 -78.853889 -89.382377 -43.366389 -11.994074 30.168025 -92.614259 13.475864 -53.335617 25.119321 21.163395 19.720432 -41.541235 -47.935309 30.244167 -86.840802 11.129105 74.717654 -82.361481 -15.105185 35.362407 300.605802 316.517315 -3.920000 121.334907 -1.551944 606.347068 -15.078025 -30.358765 -151.145000 306.246883 42.294630 -269.595340 8.240093 -125.550309 54.743796 -118.326543 -44.247963 19.328673 -104.892500 -22.024877 136.784753 88.254969 -121.574568 25.275957 
-53.138889 -42.306944 20.923611 -20.075000 -20.876389 -103.922222 105.250000 -29.887500 42.913889 -166.859722 221.043056 -21.644444 137.801389 -210.259722 160.097222 -16.672222 42.693056 -278.043056 4.331944 -31.793056 -114.406944 -211.663889 -50.597222 -18.684722 -60.781944 -54.734722 -6.998611 -2.856944 15.886111 166.822222 37.575000 -0.469444 36.487500 58.883333 68.856944 -2.713889 88.923611 -39.086111 98.958333 -0.368056 10.872222 -108.416667 4.812500 -6.190278 -42.030556 -57.569444 -59.227778 -2.677778 -23.665278 25.631944 -20.087500 5.104167 -0.909722 34.126389 -1.076389 12.431944 11.115278 -11.326389 20.162500 -0.459722 63.611111 -79.372222 34.156944 1.026389 66.087500 -59.504167 67.586111 1.472222 -33.125000 -11.069444 34.279167 -23.045833 -15.997222 25.319444 22.788889 -30.458333 -2.122222 76.636111 8.298611 15.815278 56.887500 95.831944 -0.430556 95.894444 -4.372222 -38.270833 57.625000 -2.681944 48.977778 -51.681944 56.769444 2.590278 26.808333 -22.031944 55.197222 -1.781944 -7.334722 -68.716667 33.184722 -13.288889 -6.631944 -124.387500 12.231944 -29.409722 -16.538889 -112.409722 -4.998611 -30.580556 158.359722 -64.894444 11.972222 26.412500 -13.836111 -55.337500 35.404167 1.091667 13.309722 -97.922222 39.029167 1.102778 16.525000 -79.705556 38.554167 -9.737500 -1.577778 -4.794444 17.150000 -9.422222 -16.830556 0.948611 -4.704167 13.919444 -11.788889 -28.222222 3.547222 4.116667 32.188889 -34.250000 54.416667 -37.650000 -85.623611 -51.434722 -4.248611 -14.101389 -1.363889 -63.579167 11.154167 -10.405556 66.009722 -77.502778 39.261111 -3.843056 7.686111 -27.009722 22.915278 -1.827778 -20.550000 7.213889 3.547222 32.780556 24.552778 -16.897222 42.752778 29.638889 -55.055556 -24.981944 54.636111 -5.081944 -37.994444 -41.227778 0.694444 -33.008333 -31.061111 -143.668056 -0.144444 -29.359722 31.343056 -192.484722 -9.600000 60.605556 10.497222 -68.020833 -15.163889 69.401389 -17.976389 28.375000 64.356944 23.516667 11.786111 -71.484722 126.018056 7.341667 -99.319444 -149.690278 46.588889 -18.306944 
2.905556 -51.364444 -15.731852 4.660370 17.594074 -11.910370 -28.267407 24.148889 51.060000 -7.450370 -21.644444 52.728889 43.785926 -99.526667 -6.628519 23.250000 -42.805926 -137.898889 -36.738148 -3.227407 -70.339259 -105.021481 -36.739630 -7.448519 -38.197778 -51.123333 -10.216296 -2.681852 -7.590000 -99.444444 -10.036296 -4.015926 16.616667 -64.335556 8.860741 -0.812963 48.025185 -31.975556 39.613704 3.995185 -2.058519 -10.297037 -25.851111 1.343704 -31.451481 -0.160000 -39.377778 1.249259 -11.002222 6.507778 -15.746667 5.012222 -0.567407 5.401481 -2.835926 4.657407 14.547037 22.717037 19.790741 -0.599259 32.091111 19.726296 25.804815 0.182963 7.835556 8.811111 -12.342593 1.453704 -20.302593 11.696296 -24.493704 -0.380000 -5.604815 13.336296 -6.774444 4.415556 3.103333 10.377407 0.427407 23.651111 15.436667 1.670741 0.697407 22.652222 28.870000 41.944815 14.597778 3.030370 15.687407 2.614444 -7.462222 1.038889 -6.468519 -6.521481 -10.169630 -0.987037 -6.201481 -48.679259 -1.900000 -2.340741 -1.230000 -64.130370 1.461481 -0.986296 9.134074 -44.680741 3.007778 2.261852 26.661852 -11.838148 6.251852 2.651111 31.356667 10.254074 3.778889 4.098519 10.078148 16.614815 -6.438148 0.037778 5.086296 7.557037 -9.941481 6.920370 3.001481 -22.999630 -0.900370 13.465185 2.976296 -24.503704 5.989630 6.673333 8.879630 -19.107778 8.887778 -2.502593 -21.912222 -4.077778 6.442593 -5.891111 38.421852 24.666296 5.352593 13.197778 -3.224074 -5.931111 -5.360370 4.620741 -6.388519 -33.542593 -9.255556 3.562963 21.725556 -49.760741 -0.124444 14.054444 18.894074 -60.115556 8.921481 7.772593 3.870741 -46.972593 8.445185 -6.578148 -25.612593 -22.253333 9.532593 -1.334074 -8.782593 3.328889 -0.240000 7.454444 -27.058148 -1.881111 -1.328889 3.113333 -15.240000 -11.090741 -0.297407 -8.949630 20.965556 -36.954074 3.035556 3.622593 11.570000 -38.642593 -9.124444 5.237037 1.907778 -31.367037 -6.604444 -0.920741 3.839259 -3.557037 -6.344815 0.811481 
-30.705556 61.186204 29.907006 -9.877346 24.826142 236.631975 60.575432 7.131204 281.933519 118.233549 137.801389 43.785926 809.078117 -599.246944 81.191173 61.409259 156.990031 -1159.106204 -312.112932 -38.510401 -476.771080 -865.105988 -294.784753 -64.321698 -291.355463 -369.645648 -72.780772 -21.143920 -21.277593 -243.192593 -15.451049 -21.180062 109.962500 -272.682963 23.150216 -7.439198 444.189475 -167.888333 132.117469 6.485216 222.229506 -160.666543 -186.170648 -7.982438 -119.348210 -111.718704 -352.157407 3.969877 -84.163981 6.969537 -134.838056 29.837315 -9.018549 30.472747 -23.549414 29.374846 39.549414 2.774784 47.857253 -1.765710 210.112593 8.961975 128.085154 4.443735 232.952870 40.217130 13.498457 21.428395 -74.813765 109.270679 -122.530525 -32.874167 -49.704136 128.782531 -47.160741 -13.640556 16.498519 193.354383 3.740031 92.559537 150.090648 214.783735 3.871420 194.297778 144.444815 182.685895 185.499444 -5.912623 128.358272 -98.804722 88.942778 3.781944 1.486728 -185.495340 -0.147346 -13.144599 -24.145895 -353.982469 -26.127315 -28.040123 -10.358426 -460.397562 2.320154 -55.401512 -10.410617 -344.864475 -2.964722 -78.028210 413.866698 -90.892099 27.606790 -10.239537 125.020185 59.906883 41.059537 3.086975 61.720154 -283.432716 -29.960154 -2.199815 51.882531 -316.226790 -7.429969 -20.561883 16.873210 -152.731235 55.084938 -24.593580 3.648086 31.521142 61.934290 -0.742778 -21.469136 83.605926 25.165000 -24.546173 37.414074 -18.383333 64.226543 -91.273704 -161.885895 -72.354414 -47.586698 -19.909352 -40.346605 -155.800833 -55.877747 -27.328765 127.473858 -243.558951 12.937037 -16.552006 115.877222 -197.443735 104.470278 -34.252593 24.188642 -61.255741 86.876358 -19.948827 61.196235 -36.895617 54.466235 6.314568 -53.471358 -10.092500 5.615247 8.642562 -182.919877 -133.258519 -9.924815 -85.364630 -105.070247 -333.148981 -25.165556 -198.499907 163.624722 -522.783179 -13.601975 -57.292346 178.859444 -319.615216 -10.384630 97.702562 34.236019 -17.188580 20.126759 29.454321 95.557963 -88.013673 100.991944 3.042654 -37.063642 -188.997747 16.614568 -21.807623 
61.838889 343.331389 69.557500 -55.446111 -16.659167 312.771111 29.728889 -53.491389 -413.648333 1022.024167 -210.259722 -99.526667 -599.246944 2293.816389 -141.685000 -4.544444 231.860278 2060.521944 331.922500 123.150833 504.382500 1099.557222 198.992778 57.282500 298.328611 459.961389 65.706389 15.126944 -28.276111 -21.477778 -2.365000 -18.792778 -232.598611 -269.307778 -148.742500 -20.813889 -557.889167 -109.139444 -253.931667 -39.827500 -102.095556 152.134444 292.953056 -30.769722 165.305000 2.676111 355.111111 -26.393333 87.329722 -129.574167 127.040833 -53.008611 7.849722 -77.639722 28.488611 -55.615278 -71.633056 -24.110278 -107.145833 -2.002500 -258.225556 201.841111 -126.994722 -9.300833 -170.657500 274.043056 -9.852778 -6.083333 58.731667 182.036111 22.358611 18.643611 57.862778 62.281667 -20.807778 15.068333 -11.957778 -44.477222 -10.656389 -149.758611 -209.100833 -93.890833 -5.112778 -280.225556 -144.941111 90.367500 -168.549444 -28.396944 -153.970000 274.579722 -189.748333 1.276389 -39.236111 296.186389 -158.098333 9.776389 7.614722 388.680000 -89.768056 9.266667 9.913056 528.921944 -57.157500 30.241944 9.543333 532.419722 -14.243611 20.790556 -372.999722 368.415556 -17.305556 -46.100278 -177.951667 131.973056 -203.830833 -51.295000 -79.168611 296.577778 -146.146944 0.740556 -88.846111 350.764444 -88.353056 35.065278 -16.485556 159.596667 -82.307778 7.374444 27.605000 133.368056 -31.158056 -76.546111 3.577778 186.125556 -28.359444 -23.832222 76.610000 98.266667 -105.638889 17.847778 55.121389 -74.156389 -78.696944 16.060278 170.269444 274.570278 18.150278 19.346667 -233.368611 392.619444 -43.683333 3.087500 -180.532778 175.545278 -92.550833 -26.234444 5.303333 198.053889 -55.257222 -174.389444 -38.156111 259.911667 -43.103889 -80.418889 130.996667 178.489722 -126.479444 1.816389 255.354444 87.862222 -1.751111 95.623889 340.223333 540.664722 5.387778 186.273056 -11.444167 912.434722 1.648889 -61.436667 -112.037222 637.574167 31.805000 -314.882500 52.324167 201.580556 -12.459167 -133.822222 -3.389444 309.110278 -232.222500 -20.810556 243.510556 369.936944 -152.813333 34.398056 
-97.677778 -487.341296 -36.909938 -24.850123 -14.851914 -217.420247 4.633210 -7.866852 -34.065926 -84.227840 160.097222 -6.628519 81.191173 -141.685000 390.151728 -7.701852 81.298086 -281.288704 204.597346 -35.368457 -141.768580 -329.410988 -41.790864 -30.446975 -141.974630 -158.657593 -22.794383 -8.235864 -8.660370 7.957407 2.055062 -9.829506 9.852778 12.401481 38.983272 -1.803086 68.379198 -36.725556 222.851358 1.628827 -16.844938 -139.703210 180.903519 -9.389938 -101.490988 -159.847037 -62.562963 -9.705679 -56.475370 -79.557963 -57.566111 2.407593 -15.167716 -27.613642 -12.331914 0.631790 -0.234753 -60.577716 6.583642 -1.813765 80.583704 -95.033580 106.074877 3.662901 98.142037 -24.912037 213.545679 11.228395 -55.342099 45.273457 85.271420 -33.982778 -44.564691 35.159753 7.323704 -30.378889 -16.655926 69.624938 1.114753 43.840926 -12.690185 44.311790 -3.968025 87.924444 -8.854074 -28.355494 154.470000 -1.782901 80.096049 -39.082778 195.137778 8.325000 33.939506 60.806605 131.303210 5.720679 -10.162284 6.333086 64.310185 -15.856790 -14.442037 -98.174506 21.070432 -26.482901 -50.173951 -88.368086 -5.456111 3.089012 104.104753 -45.072099 -5.515432 127.661296 51.158519 43.482160 208.874259 -0.994691 6.331543 -116.243827 106.602901 0.384074 14.898642 -112.953457 59.868086 -0.307716 1.729877 -14.615679 15.102716 8.071975 -26.661358 -55.144136 -22.413765 45.540000 -63.074691 -141.731852 -21.651111 34.667160 180.795185 -89.494444 35.848765 23.544074 -78.888951 -8.940802 47.826358 -15.984630 -9.271605 -116.000556 16.921420 -9.679877 95.635247 -134.711728 64.620370 4.091049 50.147778 -46.207346 32.211667 24.695185 -16.204691 -16.728519 -25.763086 100.069506 -18.602099 -30.602840 6.172346 115.960123 89.355309 -25.078333 122.748025 8.765617 -86.738765 -49.461852 3.328519 -35.797407 -68.006914 -202.287593 3.898889 -27.469074 42.979444 -282.015123 -3.098642 105.817654 57.926667 -128.487716 -35.994074 136.872284 -8.603148 140.836420 -10.051296 68.932099 25.126296 84.527716 164.059444 39.835432 -60.706420 -92.686358 171.493457 -17.707346 
6.411111 87.700000 10.348148 14.325926 -1.348148 88.890741 -0.207407 3.738889 -0.766667 97.407407 -16.672222 23.250000 61.409259 -4.544444 -7.701852 68.877778 13.996296 -149.116667 -27.492593 34.187037 -70.509259 -129.859259 -40.779630 -7.062963 -59.944444 -76.405556 -15.235185 -3.418519 -10.488889 -73.661111 -7.651852 -3.775926 -4.272222 -71.505556 -2.409259 -2.268519 10.262963 -25.377778 25.764815 0.579630 30.609259 -6.559259 16.900000 2.909259 -9.042593 -35.533333 -38.083333 3.737037 -15.722222 -36.294444 -25.361111 0.944444 -4.151852 -14.168519 -5.275926 -1.870370 8.598148 40.653704 10.785185 -0.592593 7.705556 35.301852 23.931481 -0.087037 2.172222 21.888889 4.240741 4.664815 -8.870370 27.818519 -29.259259 2.655556 -3.687037 14.207407 -18.561111 16.600000 6.783333 -22.609259 -2.931481 28.550000 -9.927778 -32.959259 2.396296 -3.105556 12.833333 35.698148 1.722222 -1.646296 -2.742593 20.772222 -3.483333 0.072222 -12.074074 -14.075926 -20.729630 -1.075926 -4.764815 -41.137037 -12.711111 -1.368519 2.266667 -44.692593 -0.818519 4.403704 30.140741 -35.474074 1.777778 17.007407 -15.220370 -8.770370 5.735185 -6.388889 8.238889 -16.987037 -7.966667 0.374074 2.320370 12.981481 -16.959259 -0.194444 3.951852 18.448148 -10.987037 6.831481 6.459259 12.620370 15.990741 10.051852 8.101852 47.246296 20.829630 -0.922222 22.524074 44.116667 2.738889 1.579630 -39.888889 11.855556 -23.157407 5.616667 25.312963 -12.737037 -8.229630 12.950000 6.298148 -6.655556 -3.498148 4.640741 -13.285185 -32.253704 2.433333 0.568519 16.138889 -55.157407 13.555556 -2.044444 10.335185 -56.477778 23.714815 -20.090741 -9.592593 -38.820370 20.179630 -15.214815 -34.320370 15.316667 -12.390741 11.798148 -2.714815 -0.294444 -1.277778 13.472222 -6.303704 13.166667 -0.805556 10.972222 4.755556 20.331481 2.187037 -4.974074 9.833333 -16.879630 12.316667 -24.818519 -6.311111 -64.792593 23.600000 -14.518519 -26.200000 -57.009259 16.900000 -11.724074 -31.240741 -18.681481 -5.220370 -4.512963 
-54.283333 112.207130 76.670031 -50.150062 -42.012068 -35.249012 77.402716 -47.272315 -92.085741 122.647191 42.693056 -42.805926 156.990031 231.860278 81.298086 13.996296 606.379599 -133.669352 25.701451 24.512994 42.879599 -483.777716 -155.487099 -26.273488 -217.890093 -288.306574 -54.227747 -17.684599 -5.802407 120.859259 13.974753 -1.792531 -49.695833 -17.410370 -31.708364 -5.518210 -10.357623 -36.923889 -6.682654 -8.163364 165.177531 -49.173827 130.801759 -11.844969 68.087840 -197.040185 -69.325926 -16.525062 -23.112685 -171.515093 -88.049722 -17.796204 -18.614414 -68.073488 -19.807623 -17.984105 -35.492377 -79.849969 -35.560957 -0.167994 2.552963 -55.955679 -9.923673 2.248117 142.590463 18.266204 97.681173 8.991975 36.934506 27.553395 25.624599 -23.035833 -18.701790 44.249321 -25.649259 -39.722778 -0.836296 107.804136 -0.925957 -45.679537 -52.195093 82.067006 5.199321 -15.737778 -18.154815 -101.766636 15.062778 -8.302562 55.181358 -52.588611 83.921667 3.968056 48.150309 50.889414 62.976605 4.113117 -4.547809 83.049877 41.638426 -17.450617 -3.979352 59.362747 32.315772 -31.724784 -29.806420 93.910401 6.252500 -26.505494 71.505154 119.775062 9.811728 25.675093 -1.067963 7.099414 43.331574 -11.064012 13.660216 -121.796914 39.326451 -1.302407 -5.595123 -162.551728 26.300710 -18.562191 -8.396173 -86.010617 42.062469 -40.422346 -2.575123 42.408488 35.715340 -43.071667 -44.662346 105.722963 0.032778 -25.316420 91.494815 16.577778 5.749383 -4.552963 -124.733364 -48.381512 -9.011821 -41.978426 -6.683025 -83.639167 -23.122623 -17.576049 28.923179 -69.728086 53.940741 -21.857253 -18.981667 8.940772 85.314167 -54.205185 -5.096790 118.619074 45.579568 -79.287469 2.010062 152.359691 15.500062 -24.850494 -54.161235 137.641389 39.790679 11.374475 -94.797160 -57.072593 0.105926 -68.987593 -11.342346 -210.935463 -3.508889 -137.645648 153.934167 -301.674228 18.292346 7.378272 89.288333 -42.946636 19.677963 24.227809 29.703981 87.957099 57.485463 -19.439506 30.707593 52.783302 37.832500 -5.848951 -37.339321 -57.612623 15.832840 -11.606451 
-11.944444 -127.363056 -10.629537 -47.222037 -33.799907 -222.602963 -31.463704 -59.735833 -513.131667 296.666759 -278.043056 -137.898889 -1159.106204 2060.521944 -281.288704 -149.116667 -133.669352 3213.594167 551.920648 72.769352 996.769537 2312.577593 594.994630 126.917685 734.823056 1037.844722 188.436019 49.345463 20.840556 440.088889 31.325741 15.166481 -278.048611 229.103333 -164.883241 -7.023148 -839.168796 100.999444 -470.640926 -37.718241 -257.438148 234.227037 294.497500 -17.378981 299.730926 204.715000 725.900000 -33.402593 198.674167 -4.313056 323.607500 -81.325278 33.290463 -47.932315 68.414537 -65.900463 -130.425648 -164.552870 -187.036574 1.990093 -415.581111 -11.216296 -339.731759 -16.058241 -307.251944 21.604167 -61.865741 -37.603704 192.068704 -83.249074 213.167870 54.604722 121.910926 -187.125741 70.736667 3.523889 -25.174444 -363.401296 -7.541574 -283.469722 -323.850833 -412.314907 -18.086852 -480.158889 -288.735556 -149.836204 -363.510556 -15.756204 -196.282963 268.285278 -222.409444 -5.773611 39.143519 403.417870 -56.379815 29.046759 67.646204 783.917037 -11.640278 51.896296 28.885278 1071.120093 -36.894537 93.082685 -3.875185 942.999352 -4.215833 74.994259 -817.268241 451.880370 -62.807407 -31.772500 -273.462778 133.993426 -187.025278 -38.280185 -111.194537 506.296296 -34.743241 6.573889 -104.253519 440.266296 -85.993796 39.800463 -9.433704 23.515185 -145.370741 9.689259 29.530926 -174.667130 -94.637685 -103.212778 -0.974074 -70.452222 -44.965000 -24.100741 60.498889 133.977778 -145.459259 139.575556 207.780648 107.213981 24.710463 22.849167 41.632407 411.453611 46.953981 20.044815 -344.333426 552.106481 -128.472222 23.691204 -162.021667 384.013796 -185.023056 28.265556 -10.454074 290.659444 -146.033148 -104.887593 -103.085741 268.620926 -133.183519 -74.781852 357.494815 76.217500 -129.244259 -36.492870 402.163704 259.062222 12.660000 140.529444 282.043704 756.581389 25.748889 279.867500 -193.133056 1131.931019 8.617407 -79.112593 -108.731667 759.370463 -17.328333 -241.525093 42.340833 401.089815 -169.292500 -72.259259 -36.628333 524.691759 -322.383611 5.974630 398.134630 593.940648 -105.842963 53.188796 
-131.700000 -706.696204 -36.245154 -38.045247 -19.467994 -436.520494 -12.886914 -3.401204 -184.375741 -92.775401 4.331944 -36.738148 -312.112932 331.922500 204.597346 -27.492593 25.701451 551.920648 464.585525 2.968920 199.084784 256.945247 188.756605 7.816883 10.445463 11.731204 11.744846 -4.694228 -5.781296 118.298148 1.382901 -0.536235 -75.162500 132.831852 -27.280957 0.374383 -189.682438 62.095000 65.953272 -9.290401 -48.325432 -31.037531 322.206204 -3.201265 -3.741420 -129.616852 166.835185 -13.731358 -14.153796 -135.518426 14.542500 -24.428426 -11.815154 -65.944228 -4.104660 -18.904475 -48.239784 -114.816265 -47.603549 -1.878364 -63.355926 -126.712716 0.370031 -4.196698 19.964907 -66.967130 216.216358 -0.759877 21.120802 -41.155864 167.292006 -9.849167 -17.595494 -64.719938 9.726296 -26.040556 -28.271852 -70.101790 -8.431883 -52.061759 -114.375093 -93.145586 -7.019938 -76.913333 -93.479259 -73.044043 38.493889 -2.344414 21.857654 15.436944 169.215000 1.940278 53.037346 156.862377 137.579198 19.759414 10.700710 254.103951 84.688426 3.230864 -6.142685 259.476821 19.588364 6.600031 -40.666790 219.918549 -0.923056 39.167469 -203.832994 92.720247 -23.864198 110.803981 -14.422407 137.347932 191.127130 -4.965494 -24.456080 53.040123 136.810525 2.507593 -18.086605 1.210864 42.798117 14.969290 -3.072469 -44.460247 -22.076790 14.042840 -15.765494 -126.939660 -46.783920 -4.709444 -46.249383 -174.918148 -26.207222 18.408765 148.827037 -50.972222 -21.202469 75.744815 -2.561512 81.251451 78.085216 2.891574 -26.234877 -29.064722 17.433673 -0.383086 26.679105 -15.492901 12.179630 11.522377 11.999444 73.313364 -14.171389 42.943704 -23.824938 71.642407 -62.354506 64.835123 -67.891420 25.759321 -31.054753 72.760247 118.020617 1.893611 95.239938 -3.354043 -19.390864 1.150741 4.699259 6.027963 -47.878272 -62.861019 3.095556 28.689907 33.321944 -83.370525 2.000494 88.945309 51.770556 16.177068 -28.397593 96.189290 -11.742685 195.525617 -56.133426 41.975309 2.115370 151.416265 57.744722 27.402531 -29.694506 32.269228 126.182469 -6.778302 
