5759.599506 986.637407 27.882469 110.873457 -166.468519 -1385.686667 -99.205185 -267.689506 -2738.457407 -1211.027778 -96.675062 -349.709383 -1637.103951 -410.802963 -50.525679 -181.217531 -123.848642 -29.639383 -2.699630 -19.475062 0.000000 0.000000 0.000000 0.000000 0.000000 0.000000 0.000000 0.000000 3963.309630 163.087160 15.870864 102.089383 91.482099 -166.489383 -89.781235 -1.015926 -2243.748642 -153.146420 -87.509012 -58.592963 -1461.252222 -24.697901 -37.494444 -48.492716 -146.900123 -4.043580 -3.599506 -1.477531 0.000000 0.000000 0.000000 0.000000 5.336296 3.112840 0.889383 0.000000 3538.023333 61.021975 -27.812469 102.155556 222.628148 -36.665185 -81.469383 42.411358 -2052.361358 -131.610247 -92.942222 -33.142222 -1383.833086 -46.727654 -72.744938 -23.168395 -139.457407 -4.043580 -3.277284 0.000000 1.556420 3.045556 1.778765 0.000000 20.988148 40.915309 18.887160 0.000000 3028.216914 100.209012 -47.389259 171.492963 354.488642 72.912593 -36.452346 77.698025 -1910.310741 -127.517778 -77.912840 -53.762593 -1272.332222 -56.443827 -58.180617 -57.373210 -99.973951 -5.776543 -1.964198 -4.177160 38.396667 28.162716 24.779630 0.000000 191.448889 323.980123 129.170864 -6.017407 2349.662963 327.791605 -18.553086 236.349630 525.493951 183.433580 -7.480988 190.196667 -1652.116914 -93.601358 -44.036420 -65.524815 -1302.379630 -82.421111 -30.570988 -101.305556 -128.865432 62.139012 41.251605 -17.134074 140.208889 271.241111 162.984074 0.000000 608.704568 783.150494 397.722222 -4.324938 1535.297778 328.896173 -5.167407 248.037160 719.797284 442.628395 2.501975 332.221235 -1190.151605 313.117037 3.888519 -27.010494 -1289.975802 347.817284 50.217778 -246.826914 -93.213333 457.348889 188.703580 -77.284568 237.973704 614.017037 272.754691 -12.104444 704.772346 955.364074 371.754938 -4.522469 853.925926 453.190494 0.378025 209.236667 817.923704 1370.391728 2.506543 532.773580 -415.146420 2318.128148 49.457654 -70.032222 -1139.421235 1583.339012 117.586296 -762.786790 -210.478765 726.975432 187.809259 -301.353827 422.998765 631.953580 207.867901 -82.764444 469.654938 70.344444 74.249259 -72.594074 
986.637407 5642.095556 -37.663704 595.120370 85.355556 897.362222 -104.293333 358.992593 -1023.666667 -213.877778 -78.119630 -51.989259 -997.667407 -159.820000 -36.088148 -102.419259 -73.801481 -8.118148 -2.048889 -13.375185 0.000000 0.000000 0.000000 0.000000 0.000000 0.000000 0.000000 0.000000 96.406667 -99.077407 -98.054074 76.195926 727.101852 92.676296 -99.154815 121.974444 -10.784815 95.516296 -52.943704 64.054444 -722.940000 12.045185 -26.416667 -20.589259 -49.650370 6.769259 -2.731852 0.284074 0.000000 0.000000 0.000000 0.000000 8.408889 4.905185 1.401481 0.000000 -401.685556 -462.784074 -112.348519 -4.583333 1026.578889 7.960000 -69.335926 59.022963 334.427037 2.858148 -43.404444 25.951111 -602.927037 20.717037 -33.723704 -10.666296 -66.488889 6.769259 -1.081852 0.000000 2.452593 1.175556 2.802963 0.000000 26.764444 19.245926 23.383704 0.000000 -607.532593 -532.817407 -90.740000 -59.287778 985.338148 17.071111 -21.073704 37.160741 448.023333 22.852222 -39.349630 51.528889 -430.146667 23.024074 -35.736296 -20.075185 -72.571852 9.670370 2.457407 -1.764815 10.578889 14.843704 20.283333 0.000000 57.274444 82.840370 52.073704 18.392222 -631.816667 -576.619630 -47.120370 -115.801111 757.565185 90.245185 -8.748519 41.223333 387.143704 92.273704 -26.003704 101.125556 -250.061111 17.381111 -25.185185 -3.744444 -50.968519 -9.132963 18.710370 -6.268889 37.404444 -18.004444 29.024444 0.000000 345.369259 25.168148 101.527778 24.169630 -573.306667 -490.122593 -2.441111 -138.871852 385.980741 40.768519 1.633704 -64.147407 403.650741 116.312222 -5.245556 133.090741 -205.260741 60.885185 -13.752222 70.235926 -35.206667 -20.614444 11.627407 16.012963 83.221111 -17.537778 67.114074 -0.230000 435.428148 191.070000 232.075926 4.143704 -322.522222 -352.028519 0.978519 -97.401111 104.293333 -480.691481 1.214074 -219.895926 510.232963 -278.682222 -11.277037 -30.574444 -322.935926 219.600370 -89.841111 39.017407 -274.014074 938.276296 -31.083333 47.155185 150.224074 1231.755185 265.953704 34.212222 471.814815 1048.411111 368.531111 51.840000 
27.882469 -37.663704 25.494321 -8.383951 18.187037 3.384444 5.388148 -4.019136 -28.212963 -6.388889 0.863086 -4.299753 -24.173580 -4.194074 -0.322716 -2.827901 -1.710123 0.049136 -0.045185 -0.331358 0.000000 0.000000 0.000000 0.000000 0.000000 0.000000 0.000000 0.000000 59.014074 20.310864 7.299012 -0.538025 -5.438272 -0.823086 2.049506 -2.390370 -32.887901 -3.142346 -0.372716 -1.936296 -24.506667 -0.806049 -0.538889 -0.888642 -2.696049 -0.105432 -0.060247 -0.030123 0.000000 0.000000 0.000000 0.000000 -0.361481 -0.210864 -0.060247 0.000000 72.308889 1.796790 1.515679 0.627778 -7.656296 -3.691852 0.225802 -2.157901 -36.658765 -3.649877 -1.337778 -1.582222 -24.696790 -1.270617 -1.261975 -0.466914 -2.485185 -0.105432 -0.060247 0.000000 -0.105432 0.175556 -0.120494 0.000000 -1.265185 0.676790 -1.089136 0.000000 68.803210 9.467160 0.189630 4.347407 -6.325432 2.608148 0.147284 1.068765 -43.911852 -4.286667 -1.250247 -1.558148 -25.313333 -1.980864 -1.003580 -1.112840 -1.822469 -0.150617 -0.301235 -0.075309 0.573333 -0.045802 -0.998148 0.000000 0.013333 -1.419506 -3.289877 -0.165185 47.074074 25.674198 -0.201235 10.861852 -2.678642 13.180988 -0.080617 7.762222 -38.080988 2.782346 -0.890123 -0.200370 -26.762963 -1.224444 -0.772840 -2.255556 -3.372840 0.957160 -0.679136 -0.298519 0.487778 5.312222 -0.590370 0.000000 -6.251728 8.923086 -5.661111 0.525802 23.660000 12.300247 -0.509630 9.177531 -1.774198 9.563580 -0.190988 13.426049 -24.593086 15.999259 -0.160370 4.874691 -27.135432 20.230247 0.892222 -2.733210 -8.290000 17.124444 1.340988 -1.088272 -3.375185 10.010370 1.905432 -0.085556 0.190494 19.694074 3.019753 1.713457 -8.629630 -0.006914 -0.030123 5.160000 5.547037 10.020247 -0.092716 16.445432 -21.147901 20.215926 -0.739383 8.064444 -32.864938 14.446049 -1.328148 -10.394938 -14.440617 9.902840 -0.435185 -4.360864 2.028395 22.113210 1.204938 -0.765556 8.469753 16.344444 13.740370 -1.378519 
110.873457 595.120370 -8.383951 145.441358 -92.187037 49.919444 -13.278704 61.793210 -140.998148 -45.352778 -9.854012 -5.493210 -104.315123 -22.623148 -4.152469 -10.245062 -8.245062 -1.851543 -0.200926 -1.345679 0.000000 0.000000 0.000000 0.000000 0.000000 0.000000 0.000000 0.000000 11.473148 -10.940123 -7.635494 14.632099 77.105864 18.117901 -8.930247 17.650926 -6.789506 5.024383 -5.346914 7.704630 -79.000000 -1.252469 -2.558333 -2.090432 -6.366358 0.425617 -0.267901 -0.006173 0.000000 0.000000 0.000000 0.000000 2.392593 1.395679 0.398765 0.000000 -33.002778 -44.818827 -8.854938 -0.422222 126.496296 -1.992593 -5.882099 4.866049 20.358951 -3.054938 -3.630556 2.500000 -67.533951 -0.400309 -3.248765 -1.287346 -7.473148 0.425617 -0.140123 0.000000 0.697840 0.230556 0.797531 0.000000 7.040741 4.495062 6.243210 0.000000 -33.470062 -80.172531 -7.337963 -9.004630 121.231173 -6.106481 -1.038580 0.468827 32.049074 -5.477778 -3.737346 2.575926 -59.075000 -1.648765 -3.404012 -2.769753 -7.681790 0.608025 1.121605 -0.207099 0.577778 0.401543 4.323148 0.000000 -1.355556 6.138580 5.061728 3.482407 -33.776852 -80.456790 -2.520062 -9.751852 99.498457 -2.033951 1.038580 6.166667 12.756173 -14.018827 -2.153395 11.625926 -43.139815 -9.627778 -1.672531 -3.200000 -11.764198 -3.564198 8.629321 -1.573148 -4.050000 2.366667 17.648148 0.000000 59.646914 72.101543 57.255556 4.765123 -24.469444 -47.832099 1.354630 -5.512346 60.448457 -9.304321 1.117284 1.144136 27.690123 -13.287037 0.948148 17.579012 -41.324383 -6.757099 5.922222 -1.427160 -19.886111 12.844444 21.304938 -4.405247 8.968519 45.979630 57.338272 -1.583333 75.677469 108.759259 109.457099 -0.277160 9.390741 -35.009568 0.143827 -1.341667 29.876852 -14.740432 0.141975 3.310494 52.213272 31.054630 3.744753 5.819444 -50.783025 55.249691 12.778704 -11.583025 -27.722531 45.644753 36.518519 -14.976543 29.625309 -19.320062 72.524691 -11.991667 14.743210 -185.350000 44.346296 -5.925926 
-166.468519 85.355556 18.187037 -92.187037 1247.505556 392.975000 48.002778 25.846296 -164.677778 -57.802778 5.310185 -53.324074 -604.078704 -105.191667 -14.801852 -62.368519 -49.279630 -4.354630 -1.252778 -8.887037 0.000000 0.000000 0.000000 0.000000 0.000000 0.000000 0.000000 0.000000 -5.613889 119.924074 38.782407 -23.925926 718.728704 98.720370 55.453704 2.041667 -163.262963 17.312037 -0.240741 -7.286111 -539.661111 -8.768519 -13.275000 -18.421296 -59.149074 -0.823148 -1.670370 -0.535185 0.000000 0.000000 0.000000 0.000000 -1.622222 -0.946296 -0.270370 0.000000 177.613889 205.487963 54.490741 -11.411111 534.355556 99.288889 49.809259 4.731481 -243.506481 26.246296 -7.086111 -1.355556 -518.574074 -10.512037 -26.268519 -6.478704 -58.369444 -0.823148 -1.370370 0.000000 -0.473148 -0.275000 -0.540741 0.000000 -5.011111 -5.270370 -4.225926 0.000000 262.178704 270.476852 46.158333 6.208333 430.037963 86.819444 21.650926 22.667593 -304.836111 23.833333 -14.495370 6.816667 -481.702778 -2.557407 -22.423148 -13.564815 -43.517593 -1.175926 -3.151852 -1.299074 -0.850000 -2.445370 -1.408333 0.000000 32.950000 17.193519 -0.431481 -1.463889 284.769444 175.857407 12.078704 6.900000 322.100926 100.420370 1.004630 44.650000 -245.287037 87.804630 -14.937963 32.594444 -454.391667 17.916667 -17.073148 -7.494444 -59.925926 -8.870370 -11.178704 -0.219444 13.911111 -2.055556 2.261111 0.000000 63.290741 127.260185 58.372222 2.373148 188.808333 133.381481 -0.163889 10.985185 176.223148 112.553704 -1.114815 71.699074 -158.690741 91.233333 -4.466667 61.325926 -389.445370 28.073148 -12.200000 -15.842593 -40.669444 85.788889 4.748148 4.284259 69.000000 140.138889 67.081481 7.466667 162.049074 276.172222 132.487963 6.140741 91.427778 203.654630 0.098148 27.358333 71.580556 154.012037 0.120370 71.053704 -17.982407 384.258333 -10.682407 48.047222 -329.682407 453.893519 -29.452778 -164.837963 -97.145370 418.578704 74.422222 -53.085185 160.692593 509.828704 121.574074 31.875000 234.474074 544.977778 75.916667 17.183333 
-1385.686667 897.362222 3.384444 49.919444 392.975000 1367.194167 40.958056 230.430556 560.552778 597.509722 19.361389 101.203333 -134.472500 65.892500 -3.220556 -18.085000 -17.117222 10.025833 -0.789167 -4.909444 0.000000 0.000000 0.000000 0.000000 0.000000 0.000000 0.000000 0.000000 -1038.486389 57.046667 6.749167 -33.843889 274.520833 144.263333 37.110000 19.042500 687.946667 116.721389 18.454444 30.091944 -34.809444 19.079444 -5.726389 -5.103611 -8.464722 4.303056 -1.052222 0.351667 0.000000 0.000000 0.000000 0.000000 -2.980000 -1.738333 -0.496667 0.000000 -904.659167 42.946944 12.820000 -35.583333 280.542778 34.532222 32.381667 -10.756667 623.910833 68.407222 16.141389 5.356667 -29.006667 22.667500 -6.117222 -3.671389 -18.826389 4.303056 -0.174444 0.000000 -0.869167 -1.495278 -0.993333 0.000000 -10.918889 -19.485556 -9.770000 0.000000 -756.530278 85.991389 24.236389 -53.603056 230.638611 2.825278 15.906389 -18.217500 539.010833 60.910556 6.098056 18.948333 -15.648056 32.544444 -8.752500 -3.520556 -27.818611 6.147222 -2.438889 -0.393056 -16.121111 -8.700278 -11.059722 0.000000 -67.439444 -119.800833 -41.332778 4.401944 -544.698611 54.232222 15.879167 -71.878889 96.367500 8.129444 4.849167 -45.982222 449.362222 96.438056 -6.009722 33.867222 37.970833 68.989444 -11.284722 12.863889 -24.069444 -13.181111 -19.841944 0.663056 -44.723333 -90.898889 -64.211667 0.000000 -180.442778 -249.867500 -134.233333 7.146944 -321.596944 34.875556 1.846389 -74.978333 -34.333611 -42.319444 -0.686667 -91.155278 318.690556 13.495556 -5.365000 25.475000 22.628611 -12.443056 -22.480000 65.398889 -56.796944 -86.567222 -55.543889 38.645833 -59.178889 -125.407222 -65.457222 10.195000 -130.524167 -120.124444 -63.393056 7.062222 -182.708333 -52.108611 -0.226111 -54.644167 -118.380278 -256.203056 -1.137778 -148.464444 125.021389 -358.450278 -16.844167 36.418611 -159.458611 -72.079722 -74.903611 108.739167 -198.810833 453.036944 -47.936111 127.242222 -111.472222 875.107500 64.502778 83.399722 115.322222 1275.052778 187.683889 81.117778 
-99.205185 -104.293333 5.388148 -13.278704 48.002778 40.958056 16.205278 -1.434259 35.525000 42.990278 11.321574 2.495926 -4.506759 21.034167 2.922037 -0.931296 2.192037 4.321204 -0.025278 -0.185370 0.000000 0.000000 0.000000 0.000000 0.000000 0.000000 0.000000 0.000000 -22.405833 24.026296 7.092685 -3.369815 13.305093 11.022593 7.763704 -2.032500 8.761481 2.211204 2.580370 -1.183056 -12.120556 -0.055741 -0.062500 -0.480463 -1.508241 -0.058981 -0.033704 -0.016852 0.000000 0.000000 0.000000 0.000000 -0.202222 -0.117963 -0.033704 0.000000 5.188056 22.140463 5.682963 -0.650000 1.342778 4.871111 4.135370 -1.186296 -2.512315 1.442407 0.438611 -0.776667 -14.164074 -0.533426 -0.646852 -0.261204 -1.390278 -0.058981 -0.033704 0.000000 -0.058981 -0.075833 -0.067407 0.000000 -0.707778 -1.044815 -0.640370 0.000000 7.815093 42.023796 4.911389 3.133056 3.426574 4.900278 0.818426 0.805648 -9.347500 0.393889 -0.075093 -0.062778 -15.645278 -0.762963 -0.536759 -0.424259 -1.019537 -0.084259 -0.168519 -0.042130 -0.910000 -0.801204 -0.706944 0.000000 -3.856111 -7.007315 -3.264259 -0.328611 5.331944 38.189630 2.224537 3.748889 -3.120463 13.355370 0.487130 3.106667 -10.080370 13.709352 -0.408796 3.611667 -12.654167 5.156111 -0.430093 1.291667 -2.556481 0.009630 -1.026204 0.338056 -3.201111 -1.932222 -2.250556 0.000000 -16.596481 -1.601759 -4.061111 -0.518796 -1.338611 10.079259 -0.056389 0.640185 -5.988241 13.300926 -0.118148 4.771574 -9.800185 11.267778 -0.142778 4.339815 -5.505648 6.880093 -0.391111 3.261852 -2.394167 4.410556 -2.412407 2.352315 -2.206667 -0.096111 -2.209074 1.150556 -17.380648 -6.457778 -7.838426 0.625185 -10.491667 -5.559537 -0.016852 -1.669167 -10.244167 -8.579907 -0.050741 -0.055185 -12.299907 -10.675278 -0.471019 3.788056 -4.807685 -8.958426 -1.450833 -0.765463 0.093796 6.537870 -2.741667 4.912593 -1.585185 27.230648 -4.706481 7.869167 -5.687037 61.036111 -3.577222 3.845556 
-267.689506 358.992593 -4.019136 61.793210 25.846296 230.430556 -1.434259 94.078395 61.185185 63.825000 -2.885494 29.799383 -48.418827 -7.189815 -2.448765 -4.052469 -5.074691 -0.820062 -0.145370 -0.899383 0.000000 0.000000 0.000000 0.000000 0.000000 0.000000 0.000000 0.000000 -251.443519 -42.116049 -6.078086 -5.321605 98.298457 27.910494 4.934568 9.845370 160.897531 22.611420 4.623457 10.504630 -23.200000 3.606790 -0.713889 -0.197840 -1.340432 0.827469 -0.193827 0.069753 0.000000 0.000000 0.000000 0.000000 0.437037 0.254938 0.072840 0.000000 -240.347222 -24.133642 -0.658642 -8.044444 113.712963 8.468519 8.221605 -1.641358 151.005247 11.319136 4.919444 2.044444 -20.708025 2.373765 -1.172840 -0.718827 -3.328704 0.827469 -0.027160 0.000000 0.127469 -0.102778 0.145679 0.000000 0.996296 -1.075309 0.850617 0.000000 -206.827469 -18.398457 5.673148 -13.943519 106.505247 2.115741 6.259568 -4.088580 124.882407 6.611111 1.308951 3.625926 -16.186111 0.399383 -2.113272 -1.423457 -5.729938 1.182099 0.130864 -0.075617 -2.483333 -1.707716 0.089815 0.000000 -2.350000 -18.065123 -3.025309 3.593519 -145.754630 -36.249383 3.566975 -18.757407 75.835494 -3.169136 3.379321 -8.750000 96.446914 -2.516975 -0.560802 9.114815 -2.550926 -1.211111 -1.798457 0.683333 -7.223457 -3.895679 -0.452160 -0.734259 -9.300000 -15.444444 -3.135185 0.000000 14.559877 -17.007716 3.700000 3.024383 -87.008333 -23.739506 1.076852 -14.932716 27.079938 -22.267284 0.396914 -13.881790 91.410494 -19.675926 -0.846296 13.716049 -3.422531 -35.486728 -1.533333 8.341358 -20.519444 -29.472222 0.619753 0.759568 -4.809259 -7.859259 15.914198 -0.272222 24.695988 17.931481 43.942284 0.269136 -32.942593 -23.363272 -0.019136 -7.936111 -10.595370 -64.936728 -0.154321 -20.324691 62.772531 -59.678704 -1.784877 24.386111 -23.129321 23.773765 -6.349074 23.437346 -46.537346 91.315123 18.018519 1.460494 -10.037654 84.422531 53.709877 -2.952778 27.656173 48.155556 59.924074 8.618519 
-2738.457407 -1023.666667 -28.212963 -140.998148 -164.677778 560.552778 35.525000 61.185185 1750.505556 609.402778 36.287963 184.620370 887.449074 171.880556 18.187037 87.842593 17.598148 4.373148 0.747222 1.907407 0.000000 0.000000 0.000000 0.000000 0.000000 0.000000 0.000000 0.000000 -1885.602778 -84.209259 -13.067593 -49.909259 -303.499074 23.631481 37.003704 -16.058333 1301.670370 70.339815 40.009259 23.447222 813.411111 15.003704 14.925000 25.034259 31.228704 0.071296 0.774074 0.037037 0.000000 0.000000 0.000000 0.000000 -4.422222 -2.579630 -0.737037 0.000000 -1691.536111 -8.395370 13.151852 -45.805556 -365.027778 -8.638889 31.398148 -26.212963 1175.687963 59.796296 40.347222 19.388889 779.648148 21.904630 29.231481 16.960185 37.830556 0.071296 0.535185 0.000000 -1.289815 -1.658333 -1.474074 0.000000 -15.477778 -22.848148 -14.003704 0.000000 -1437.737963 -60.767593 21.786111 -80.336111 -412.106481 -61.213889 12.089815 -51.537963 1063.963889 65.711111 37.487963 26.577778 743.719444 31.725926 27.954630 37.696296 35.093519 0.101852 -1.990741 2.228704 -18.522222 -11.323148 -15.669444 0.000000 -104.750000 -155.973148 -64.209259 -1.163889 -1094.480556 -125.448148 14.162037 -106.205556 -448.476852 -141.679630 4.282407 -122.350000 901.157407 12.032407 26.684259 2.066667 746.830556 41.361111 11.676852 54.588889 58.768519 -25.337037 -26.139815 11.402778 -60.788889 -138.005556 -94.344444 0.000000 -399.409259 -481.595370 -257.566667 1.034259 -674.819444 -114.985185 2.230556 -109.125926 -432.821296 -251.524074 -1.587037 -177.617593 605.703704 -211.233333 -1.261111 -30.607407 665.676852 -189.137963 -25.527778 118.896296 42.419444 -251.883333 -111.012963 45.639815 -137.783333 -388.477778 -196.918519 7.511111 -491.589815 -656.138889 -328.262037 4.629630 -399.738889 -201.673148 -0.368519 -99.225000 -398.775000 -614.204630 -1.474074 -245.368519 165.312037 -1124.441667 -27.604630 46.875000 546.112037 -769.989815 -62.047222 398.845370 116.349074 -387.660185 -127.755556 167.759259 -266.651852 -344.865741 -180.848148 43.536111 -284.714815 105.144444 -74.388889 36.444444 
-1211.027778 -213.877778 -6.388889 -45.352778 -57.802778 597.509722 42.990278 63.825000 609.402778 633.465278 53.118056 100.927778 326.198611 239.068056 18.008333 33.375000 21.925000 29.373611 -0.012500 -0.347222 0.000000 0.000000 0.000000 0.000000 0.000000 0.000000 0.000000 0.000000 -790.287500 26.938889 2.879167 -25.513889 -120.612500 61.150000 23.066667 -4.420833 514.105556 68.240278 24.711111 13.793056 314.502778 19.708333 4.895833 7.281944 24.454167 4.015278 -0.072222 0.513889 0.000000 0.000000 0.000000 0.000000 -1.966667 -1.147222 -0.327778 0.000000 -672.590278 9.101389 4.927778 -21.772222 -116.980556 5.566667 20.347222 -14.011111 449.209722 43.008333 27.862500 2.977778 277.344444 22.043056 14.297222 3.887500 16.212500 4.015278 0.505556 0.000000 -0.573611 -0.737500 -0.655556 0.000000 -6.883333 -10.161111 -6.227778 0.000000 -562.418056 40.123611 7.820833 -33.476389 -111.662500 -29.834722 6.281944 -21.743056 418.354167 34.902778 17.695833 7.819444 241.676389 27.011111 10.398611 10.530556 0.551389 5.736111 -0.761111 0.979167 -8.583333 -6.851389 -7.893056 0.000000 -61.113889 -90.909722 -37.008333 -0.234722 -439.970833 49.066667 9.656944 -41.450000 -151.645833 -38.391667 1.129167 -47.516667 349.311111 52.612500 1.084722 6.647222 264.848611 53.530556 -1.918056 22.491667 16.163889 -9.488889 -13.376389 3.531944 -38.216667 -78.816667 -53.880556 0.000000 -215.975000 -288.970833 -157.700000 -2.893056 -281.779167 21.238889 2.837500 -48.008333 -162.584722 -51.636111 -0.922222 -77.443056 192.425000 -7.644444 -3.013889 -7.719444 253.159722 -15.337500 -16.916667 59.527778 3.254167 -107.841667 -62.130556 29.206944 -88.277778 -190.208333 -113.597222 6.397222 -241.648611 -304.616667 -164.743056 -0.377778 -180.891667 -86.276389 -0.163889 -49.537500 -173.134722 -238.081944 -0.655556 -120.455556 -0.281944 -464.168056 -13.093056 -1.973611 132.362500 -319.243056 -49.973611 137.751389 -11.393056 70.701389 -99.136111 124.677778 -163.566667 347.409722 -82.902778 65.115278 -52.427778 755.125000 32.152778 58.477778 
-96.675062 -78.119630 0.863086 -9.854012 5.310185 19.361389 11.321574 -2.885494 36.287963 53.118056 16.067006 4.462716 22.606451 41.620463 6.966235 1.226975 5.159198 7.801327 -0.014537 -0.106605 0.000000 0.000000 0.000000 0.000000 0.000000 0.000000 0.000000 0.000000 -40.726574 18.592840 3.258858 -2.161049 -2.125154 2.974938 3.330123 -1.427685 29.173086 0.587253 2.491235 -0.495648 8.770556 0.232901 1.143056 -0.091451 -0.867377 -0.033920 -0.019383 -0.009691 0.000000 0.000000 0.000000 0.000000 -0.116296 -0.067840 -0.019383 0.000000 -23.179722 3.388858 1.371358 -1.077778 -9.146481 0.475185 1.717716 -0.951358 25.969414 1.417469 1.114167 -0.356667 6.270864 0.003488 0.277716 -0.127994 -0.799537 -0.033920 -0.019383 0.000000 -0.033920 -0.043611 -0.038765 0.000000 -0.407037 -0.600864 -0.368272 0.000000 -19.477747 17.446265 1.306204 -0.443241 -5.663920 -2.001204 0.211512 -0.646080 22.346574 0.561667 1.241451 0.010926 2.420278 -0.133951 0.314228 -0.047346 -0.586327 -0.048457 -0.096914 -0.024228 -0.523333 -0.499105 -0.486574 0.000000 -4.460556 -6.211512 -2.648086 -0.188981 -17.164352 19.196173 0.729475 -0.006296 -8.951451 1.534753 0.149599 -0.940000 17.212469 10.181080 1.246142 1.597593 4.247685 3.427222 0.711265 1.013889 -1.570679 -0.775679 -0.901883 0.111019 -2.721111 -4.206667 -2.890185 0.000000 -15.675123 -14.637438 -8.411111 -0.514228 -16.036389 0.023827 0.083241 -2.487716 -8.483673 7.102160 -0.077531 -0.701512 7.369938 6.822963 0.157593 2.318827 11.212747 2.386883 -0.508889 4.070247 -2.625278 -6.721667 -3.653025 1.060957 -5.919259 -12.046481 -6.428580 0.555000 -19.893735 -21.782963 -11.250772 -0.159753 -13.673148 -8.435216 -0.009691 -2.583611 -15.367870 -18.064228 -0.038765 -5.721358 -3.290525 -29.814537 -0.504599 3.481389 12.326512 -22.588179 -2.237130 11.395401 0.087377 -2.241265 -6.067593 8.957160 -9.937654 13.901142 -7.715123 7.244722 -17.949383 49.480556 -3.887593 3.678519 
-349.709383 -51.989259 -4.299753 -5.493210 -53.324074 101.203333 2.495926 29.799383 184.620370 100.927778 4.462716 58.166173 99.391605 15.532593 1.556543 21.800247 -1.046420 -0.309383 -0.059630 -0.198395 0.000000 0.000000 0.000000 0.000000 0.000000 0.000000 0.000000 0.000000 -255.528148 -31.599506 -4.336914 -6.885062 -51.490123 3.585062 4.012099 -0.624815 176.481358 12.362469 8.012099 6.367037 119.663333 5.006543 2.522222 4.566173 4.530988 0.366420 -0.068395 0.043580 0.000000 0.000000 0.000000 0.000000 -0.477037 -0.278272 -0.079506 0.000000 -235.695556 -10.832469 0.485309 -5.700000 -50.592963 -3.060741 5.015062 -3.934198 167.989753 9.410864 10.753333 0.970000 106.160247 4.285679 5.440617 1.628272 4.642593 0.366420 0.003827 0.000000 -0.139136 -0.178889 -0.159012 0.000000 -1.669630 -2.464691 -1.510617 0.000000 -208.417531 -10.184321 4.009630 -10.889259 -42.499136 -9.205185 3.516543 -7.654198 155.873704 6.367778 6.783827 1.155185 96.182222 3.356173 3.240494 2.986790 3.028272 0.523457 -0.291975 -0.027160 -2.102222 -1.702840 -1.820370 0.000000 -5.287778 -18.949877 -7.514691 1.408148 -157.231481 -25.298395 2.130247 -14.495926 -36.692716 -21.600864 1.527901 -17.268889 133.606420 -9.236914 5.452469 -3.910370 94.709259 1.193333 1.962346 0.355556 4.317901 -3.364321 -3.319506 -0.425185 -9.175556 -18.057778 -11.197037 0.000000 -24.929877 -65.973951 -31.577778 -0.279383 -95.886667 -15.300494 0.569259 -12.416173 -34.168272 -34.988272 -0.279136 -23.313210 107.197284 -30.120741 0.765185 -4.238272 72.709753 -31.954938 -2.073333 7.721975 -8.036667 -39.365556 -11.476420 0.870988 -21.155185 -47.659630 -20.366420 -0.162222 -46.903210 -68.899259 -23.795062 -0.738025 -56.757407 -25.219506 -0.039753 -11.192222 -43.032963 -78.146049 -0.159012 -30.890864 48.323580 -138.437407 -3.343457 26.437778 52.813210 -63.858765 -7.721481 59.206543 -20.729877 -3.027901 -10.590741 12.260617 -41.962346 -14.876420 -9.387654 -0.691111 -27.100617 16.677778 13.424815 5.645926 
-1637.103951 -997.667407 -24.173580 -104.315123 -604.078704 -134.472500 -4.506759 -48.418827 887.449074 326.198611 22.606451 99.391605 1161.644784 219.305463 31.558457 116.873642 110.908086 9.775216 2.907130 19.980062 0.000000 0.000000 0.000000 0.000000 0.000000 0.000000 0.000000 0.000000 -1152.727130 -142.258272 -23.620586 -26.254383 -533.877932 -42.281728 -9.422099 -15.981574 591.455309 7.018920 29.733457 10.154907 979.790556 6.697346 29.056944 30.279105 123.469846 1.494414 3.837284 1.143642 0.000000 0.000000 0.000000 0.000000 -1.542963 -0.900062 -0.257160 0.000000 -1130.559167 -125.650586 -20.105309 -23.144444 -514.955370 -55.477037 -8.707840 -17.442469 583.874414 19.331914 38.219167 9.095556 926.563086 22.188488 53.504383 12.179228 118.531019 1.494414 3.081728 0.000000 -0.450031 -0.578611 -0.514321 0.000000 -5.400370 -7.971975 -4.886049 0.000000 -1040.854969 -193.876512 -17.959907 -47.243796 -508.336698 -81.795093 -7.070154 -35.069969 635.962685 26.193889 42.370895 9.357593 827.074167 24.893827 45.837006 31.750432 88.304228 2.134877 4.041975 3.134105 -6.943333 -6.621883 -6.750463 0.000000 -62.761667 -87.346512 -36.902531 -1.929537 -872.478241 -223.217160 -6.839969 -69.330741 -475.216451 -135.917469 -3.240957 -81.304444 574.492469 -24.592809 23.815586 -4.595741 788.256019 16.906111 27.175154 47.819444 110.873765 -17.237901 -8.430216 8.398241 -39.345556 -85.282222 -56.891296 0.000000 -235.266235 -357.227994 -191.605556 -6.909228 -579.196944 -188.325062 0.470463 -79.927716 -415.606451 -216.936728 -1.028642 -140.500957 368.684383 -161.697037 0.088704 -40.136728 769.669969 -132.160340 -15.930000 93.390247 113.508611 -210.156111 -76.807469 21.991512 -114.882593 -309.249815 -164.576358 -1.905000 -336.980957 -536.865185 -264.964660 -5.146420 -309.967593 -222.957994 -0.128580 -77.733056 -361.406204 -519.848117 -0.514321 -208.483580 59.091142 -1022.642870 -10.698488 -49.098056 745.659290 -936.814290 -23.649907 355.429290 253.710154 -721.217377 -133.895370 137.691605 -226.682099 -766.400525 -208.242901 -0.105833 -327.788272 -583.480556 -171.769815 -4.419259 
-410.802963 -159.820000 -4.194074 -22.623148 -105.191667 65.892500 21.034167 -7.189815 171.880556 239.068056 41.620463 15.532593 219.305463 191.914167 19.770926 16.914259 34.227593 28.490093 0.581389 2.007963 0.000000 0.000000 0.000000 0.000000 0.000000 0.000000 0.000000 0.000000 -247.076944 20.267407 0.607130 -7.383148 -80.817130 7.152593 1.001481 -3.480278 132.608148 11.108981 5.418148 3.210278 167.400556 5.265370 3.015278 4.906204 23.667315 1.901019 0.619630 0.309815 0.000000 0.000000 0.000000 0.000000 -0.415556 -0.242407 -0.069259 0.000000 -218.164167 -33.808426 -6.119259 -6.233333 -76.689444 -11.302222 -1.730185 -4.648519 124.133241 6.646852 7.006389 2.130000 154.634815 9.252130 9.827593 2.902130 18.398611 1.901019 0.697407 0.000000 -0.121204 -0.155833 -0.138519 0.000000 -1.454444 -2.147037 -1.315926 0.000000 -200.613796 -8.625093 -5.739722 -10.126944 -78.388981 -21.967500 -2.401574 -6.924352 135.653611 4.490556 6.049352 2.299444 140.885833 9.514815 7.734352 7.224630 7.938241 2.715741 0.531481 0.935648 -1.870000 -1.783426 -1.818056 0.000000 -17.765000 -23.703981 -9.938704 -0.675278 -175.601389 -0.605926 -2.114352 -11.507778 -92.646019 -22.156852 -1.148426 -15.142222 106.042963 28.757130 1.180093 2.987222 155.518056 19.098333 1.314352 13.697222 20.071296 -2.899259 -3.119537 2.319167 -10.596667 -23.686667 -15.687222 0.000000 -66.225370 -98.648426 -52.338889 -1.956574 -135.989722 -39.384074 0.196944 -21.485370 -84.598241 -4.465741 -0.277037 -25.812870 41.065370 6.135556 -0.727222 -4.415741 171.585463 0.335648 -5.410000 26.360741 29.232500 -46.731667 -21.925741 9.152315 -31.068889 -83.072778 -46.307963 0.281667 -93.189537 -152.521111 -74.743981 -1.301481 -82.075000 -64.869537 -0.034630 -22.975833 -92.706389 -128.323241 -0.138519 -54.541852 -11.396574 -231.285278 -3.299907 -32.325278 157.382315 -215.528426 -13.814167 58.200093 66.859352 -85.298796 -46.269444 54.827037 -59.546296 -2.193796 -58.567593 25.553611 -79.270370 149.741667 -36.857222 17.330000 
-50.525679 -36.088148 -0.322716 -4.152469 -14.801852 -3.220556 2.922037 -2.448765 18.187037 18.008333 6.966235 1.556543 31.558457 19.770926 4.970247 1.305062 3.798395 3.388210 0.094259 0.157901 0.000000 0.000000 0.000000 0.000000 0.000000 0.000000 0.000000 0.000000 -28.174259 3.365679 0.298827 -0.868765 -11.755864 -1.325679 0.009136 -0.614259 17.848395 -0.555494 1.975802 -0.170185 20.823333 0.114691 2.058333 -0.001790 0.690802 -0.013395 0.092346 -0.003827 0.000000 0.000000 0.000000 0.000000 -0.045926 -0.026790 -0.007654 0.000000 -24.178333 -5.087840 -0.715062 -0.688889 -12.930741 -1.978519 -0.313457 -0.520494 20.851049 0.406049 1.307222 -0.140000 18.557284 0.503642 1.424321 -0.037099 0.417593 -0.013395 0.059012 0.000000 -0.013395 -0.017222 -0.015309 0.000000 -0.160741 -0.237284 -0.145432 0.000000 -23.323272 -0.739691 -0.455370 -1.107593 -10.193395 -2.514630 -0.213642 -0.755494 21.538704 0.847778 1.990679 0.139630 12.577222 0.309877 1.249568 0.543086 0.168457 -0.019136 0.028395 0.057099 -0.206667 -0.197099 -0.200926 0.000000 -1.963333 -2.619691 -1.098395 -0.074630 -20.500926 0.096790 -0.257716 -1.319259 -9.417346 -2.881605 -0.130802 -1.728889 19.153827 2.621049 1.208951 0.815185 11.067593 0.963333 0.928086 1.283333 0.058642 -0.604691 -0.369321 0.092037 -1.171111 -2.617778 -1.733704 0.000000 -7.390247 -11.115988 -5.855556 -0.216235 -15.307222 -5.987901 0.003148 -2.462099 -8.766235 -1.506790 -0.030617 -2.970802 11.210988 0.163704 0.119630 0.659877 15.966605 -1.709568 -0.420000 2.933827 -0.373889 -6.885556 -2.419383 -0.039198 -3.467407 -9.486296 -5.006049 -0.103333 -11.413025 -16.068148 -8.118210 -0.168395 -8.957407 -6.191543 -0.003827 -1.901667 -10.903519 -14.838457 -0.015309 -5.884938 1.411173 -27.072407 -0.154753 -0.045000 17.265247 -24.868580 -0.759815 13.545247 2.573642 -15.808086 -4.612963 5.656543 -7.408642 -12.594383 -6.063580 1.746111 -13.754321 -0.183333 -4.321852 0.552593 
-181.217531 -102.419259 -2.827901 -10.245062 -62.368519 -18.085000 -0.931296 -4.052469 87.842593 33.375000 1.226975 21.800247 116.873642 16.914259 1.305062 23.155432 13.989877 0.413025 0.146481 3.001975 0.000000 0.000000 0.000000 0.000000 0.000000 0.000000 0.000000 0.000000 -128.499815 -20.966914 -3.014877 -3.043580 -60.518827 -3.717531 -1.139383 -1.582037 58.545432 0.743765 1.721728 2.194259 113.498889 1.071728 2.441667 5.647469 20.284506 0.419568 0.323086 0.236543 0.000000 0.000000 0.000000 0.000000 -0.161481 -0.094198 -0.026914 0.000000 -126.843889 -16.600432 -2.495432 -2.422222 -58.178519 -5.602963 -0.796420 -1.824568 55.560679 2.033457 5.715000 0.756667 106.308765 3.065494 7.604691 1.669198 19.595370 0.419568 0.334198 0.000000 -0.047099 -0.060556 -0.053827 0.000000 -0.565185 -0.834321 -0.511358 0.000000 -118.560679 -22.580062 -1.818704 -5.033148 -55.394877 -9.266852 -0.833272 -3.778457 64.007593 0.452222 4.358086 0.286296 99.317222 2.102469 5.165864 3.137160 14.635864 0.599383 0.593210 0.144136 -0.726667 -0.693025 -0.706481 0.000000 -6.103333 -9.044506 -3.862099 -0.117963 -99.984259 -29.548025 -0.998457 -8.065926 -49.542531 -14.902346 -0.472284 -8.782222 60.424568 -5.925988 3.829321 -2.983704 94.967593 0.181111 4.385494 1.200000 17.293827 -1.609506 -0.565247 0.037593 -4.117778 -9.148889 -6.062593 0.000000 -23.873951 -38.307469 -20.055556 -0.671420 -65.453889 -28.821975 -0.045741 -9.583580 -43.604753 -24.903086 -0.107654 -15.765617 51.995802 -20.378519 0.517407 -6.486420 85.972901 -20.272531 -1.313333 4.233457 14.062778 -23.820000 -8.292346 0.470062 -12.030741 -31.700741 -17.105679 -0.135556 -36.484506 -54.089259 -26.266358 -0.525432 -33.740741 -22.654136 -0.013457 -7.326111 -39.327963 -59.776975 -0.053827 -23.454568 21.799321 -112.892407 -1.325494 -1.310556 89.298951 -91.845617 -1.803148 37.102284 21.706605 -78.249938 -10.329630 8.050247 -24.982716 -96.628457 -20.361728 -0.357222 -39.363580 -84.822222 -19.887407 0.304815 
-123.848642 -73.801481 -1.710123 -8.245062 -49.279630 -17.117222 2.192037 -5.074691 17.598148 21.925000 5.159198 -1.046420 110.908086 34.227593 3.798395 13.989877 36.864321 5.037469 0.803148 6.684198 0.000000 0.000000 0.000000 0.000000 0.000000 0.000000 0.000000 0.000000 -82.459815 -5.609136 -1.161543 -2.045802 -39.446605 -1.781975 -0.740494 -1.179815 5.125432 -0.564012 0.392840 0.548704 83.970000 0.387284 2.241667 3.545247 34.487840 0.435123 1.137531 0.396543 0.000000 0.000000 0.000000 0.000000 -0.108148 -0.063086 -0.018025 0.000000 -80.057222 -13.577099 -2.180988 -1.622222 -38.321852 -4.531852 -1.256420 -1.225679 7.622901 1.210123 1.999444 -0.397778 79.363210 2.501049 7.590247 -0.017469 29.995370 0.435123 0.931975 0.000000 -0.031543 -0.040556 -0.036049 0.000000 -0.378519 -0.558765 -0.342469 0.000000 -76.578457 -12.628951 -2.014259 -3.026481 -37.249321 -7.029074 -1.131049 -2.197346 19.997593 -1.334444 1.671420 -0.623704 73.137222 1.702469 4.631420 1.880494 20.838086 0.621605 1.537654 0.588580 -0.486667 -0.464136 -0.473148 0.000000 -4.623333 -6.168951 -2.586543 -0.175741 -67.873148 -13.115802 -1.104012 -4.361481 -38.179198 -8.809012 -0.491173 -5.053333 15.770123 1.744012 1.401543 -0.924815 71.067593 2.312222 5.174383 3.666667 23.599383 -0.957284 0.485864 0.979815 -2.757778 -6.164444 -4.082593 0.000000 -17.402840 -26.176358 -13.788889 -0.509198 -49.877222 -21.424198 -0.175741 -6.992469 -34.292531 -10.214198 -0.072099 -9.422284 7.633580 -8.060741 -0.189259 -5.319753 80.219568 -9.700309 -1.460000 2.810123 27.522778 -17.312222 -6.011235 1.314506 -8.165185 -25.310741 -13.149012 -0.043333 -28.393395 -48.374815 -23.094136 -0.396543 -27.790741 -24.391914 -0.009012 -7.016111 -31.595741 -47.842531 -0.036049 -17.363457 0.852654 -86.091296 -0.887716 -13.285000 92.272284 -93.943395 -6.283148 14.840062 41.044383 -83.025494 -16.290741 8.286914 -18.282716 -62.058457 -20.078395 2.971667 -32.258025 -38.016667 -19.550741 2.228148 
-29.639383 -8.118148 0.049136 -1.851543 -4.354630 10.025833 4.321204 -0.820062 4.373148 29.373611 7.801327 -0.309383 9.775216 28.490093 3.388210 0.413025 5.037469 5.309228 0.062870 0.144383 0.000000 0.000000 0.000000 0.000000 0.000000 0.000000 0.000000 0.000000 -12.113981 9.409383 0.997253 -0.574506 -1.455401 1.871728 0.402099 -0.250648 7.245802 0.446636 0.040988 0.086204 3.372778 0.310432 0.031944 0.080895 2.173488 0.263364 0.061605 0.036358 0.000000 0.000000 0.000000 0.000000 -0.030370 -0.017716 -0.005062 0.000000 -7.175278 -3.812747 -0.612469 -0.455556 -1.857963 -0.909630 -0.272160 -0.344198 6.934475 0.109198 0.134167 -0.136667 2.916914 0.718179 0.491173 -0.039228 1.368981 0.263364 0.078272 0.000000 -0.008858 -0.011389 -0.010123 0.000000 -0.106296 -0.156914 -0.096173 0.000000 -7.492809 3.335401 -0.565648 -0.452870 -1.171080 -1.841574 -0.317623 -0.220031 7.757315 -0.709444 -0.025340 -0.098704 2.585833 0.345062 0.215216 0.129568 0.113549 0.376235 0.058025 0.077006 -0.136667 -0.130340 -0.132870 0.000000 -1.298333 -1.732377 -0.726358 -0.049352 -8.305093 6.374938 -0.310031 -0.033704 -3.610216 -0.174753 -0.137932 -0.320000 4.399753 5.741698 -0.082253 0.527963 5.493981 2.142778 -0.069599 0.636111 1.065123 -0.127654 -0.244228 0.078426 -0.774444 -1.731111 -1.146481 0.000000 -4.887099 -7.350895 -3.872222 -0.142994 -9.661944 -3.237160 -0.049352 -1.698951 -3.834660 5.625617 -0.020247 -0.580154 -0.515494 5.678148 -0.053148 0.642284 10.036698 2.932562 -0.410000 1.684198 1.988056 -3.370556 -1.688086 0.547377 -2.292963 -6.724630 -3.692531 0.048333 -7.973488 -13.463704 -6.485340 -0.111358 -7.010185 -6.849784 -0.002531 -1.970278 -7.652685 -10.442994 -0.010123 -4.081975 -1.231142 -15.253796 -0.249290 -3.008611 10.710710 -13.067932 -1.795648 2.084043 4.919846 1.079599 -4.593519 5.240617 -4.340123 14.210525 -5.373765 4.503611 -8.211728 34.625000 -2.975741 3.000370 
-2.699630 -2.048889 -0.045185 -0.200926 -1.252778 -0.789167 -0.025278 -0.145370 0.747222 -0.012500 -0.014537 -0.059630 2.907130 0.581389 0.094259 0.146481 0.803148 0.062870 0.049722 0.097963 0.000000 0.000000 0.000000 0.000000 0.000000 0.000000 0.000000 0.000000 -1.919722 -0.323704 -0.048981 -0.042037 -1.036574 -0.132963 -0.030741 -0.029722 0.394815 -0.052685 -0.014074 -0.013611 2.285000 -0.005741 0.062500 -0.005463 0.500093 -0.000648 0.049630 -0.000185 0.000000 0.000000 0.000000 0.000000 -0.002222 -0.001296 -0.000370 0.000000 -1.959167 -0.278981 -0.044815 -0.033333 -1.029444 -0.117778 -0.031296 -0.025185 0.462685 0.103519 0.085833 -0.010000 1.941481 0.091574 0.208704 -0.002870 0.351389 -0.000648 0.032963 0.000000 -0.000648 -0.000833 -0.000741 0.000000 -0.007778 -0.011481 -0.007037 0.000000 -1.871019 -0.390093 -0.041389 -0.069722 -1.020648 -0.146944 -0.023241 -0.052685 0.966389 0.038333 0.055463 -0.007222 1.407500 0.087037 0.160463 0.109074 0.188796 -0.000926 0.031481 0.032870 -0.010000 -0.009537 -0.009722 0.000000 -0.095000 -0.126759 -0.053148 -0.003611 -1.626389 -0.460370 -0.022685 -0.112222 -0.995463 -0.233519 -0.010093 -0.126667 0.708519 0.017685 -0.006019 0.022778 1.543056 0.061667 -0.005093 0.225000 0.299074 -0.029259 -0.017870 0.063056 -0.056667 -0.126667 -0.083889 0.000000 -0.357593 -0.537870 -0.283333 -0.010463 -1.119167 -0.492963 -0.003611 -0.148704 -0.852130 -0.404630 -0.001481 -0.236759 0.105370 -0.304444 -0.003889 -0.071296 1.769352 -0.267130 -0.030000 0.228519 0.530833 -0.411667 -0.123519 0.071759 -0.167778 -0.546111 -0.270185 -0.005000 -0.583426 -1.002222 -0.474537 -0.008148 -0.586111 -0.501204 -0.000185 -0.144167 -0.680278 -1.043796 -0.000741 -0.371852 -0.152685 -1.966944 -0.018241 -0.309167 2.161759 -2.166759 -0.131389 0.381759 1.263241 -2.148241 -0.336111 0.123704 -0.390741 -2.044352 -0.417593 -0.039167 -0.720370 -1.908333 -0.449444 -0.037778 
-19.475062 -13.375185 -0.331358 -1.345679 -8.887037 -4.909444 -0.185370 -0.899383 1.907407 -0.347222 -0.106605 -0.198395 19.980062 2.007963 0.157901 3.001975 6.684198 0.144383 0.097963 1.440617 0.000000 0.000000 0.000000 0.000000 0.000000 0.000000 0.000000 0.000000 -13.989074 -2.373827 -0.359198 -0.308272 -7.357099 -0.686173 -0.203210 -0.195741 -0.888025 -0.219691 0.096790 0.105741 15.467778 0.013457 0.436111 0.815494 6.989568 0.034136 0.180617 0.087531 0.000000 0.000000 0.000000 0.000000 -0.016296 -0.009506 -0.002716 0.000000 -14.233889 -2.045864 -0.328642 -0.244444 -7.138148 -0.763704 -0.207284 -0.184691 -0.245864 0.036914 0.290556 -0.073333 15.054198 0.238210 1.336049 -0.021049 6.360185 0.034136 0.152840 0.000000 -0.004753 -0.006111 -0.005432 0.000000 -0.057037 -0.084198 -0.051605 0.000000 -13.543025 -2.860679 -0.303519 -0.511296 -7.040309 -1.077593 -0.170432 -0.386358 1.736852 -0.252222 0.306728 -0.136296 14.455000 0.160494 0.798951 0.188765 4.734506 0.048765 0.308642 0.068827 -0.073333 -0.069938 -0.071296 0.000000 -0.696667 -0.929568 -0.389753 -0.026481 -11.771296 -3.376049 -0.166358 -0.822963 -6.872284 -1.662469 -0.074012 -0.917778 1.845802 -0.620309 0.372531 -0.349630 13.171296 0.018889 1.295988 0.361111 4.904321 -0.175679 0.202284 0.112407 -0.415556 -0.928889 -0.615185 0.000000 -2.622346 -3.944383 -2.077778 -0.076728 -8.140556 -3.615062 -0.026481 -1.090494 -6.037840 -2.778395 -0.010864 -1.714012 1.767160 -2.493704 -0.028519 -1.256173 14.264136 -2.375617 -0.220000 -0.029753 5.259444 -2.863333 -0.905802 0.059568 -1.230370 -3.899259 -1.981358 -0.020000 -4.278457 -7.316296 -3.479938 -0.059753 -4.298148 -3.675494 -0.001358 -1.057222 -4.944259 -7.632284 -0.005432 -2.726914 0.752531 -14.263148 -0.133765 -2.033889 16.519568 -16.228457 -0.963519 2.482901 6.785988 -16.381543 -2.464815 0.723827 -2.865432 -14.041914 -3.062346 -0.115000 -5.049383 -12.488889 -3.295926 -0.060370 
