185.957284 117.226543 0.605679 28.999877 171.455185 125.361605 -5.263210 67.226667 -283.148272 -32.774321 -14.536543 -5.906790 -232.798642 -12.403580 22.100247 -21.181728 31.326420 43.504444 61.033086 7.061481 66.707531 18.388519 3.476667 3.704074 -16.796049 -25.270617 -12.436790 -3.632840 118.373210 -25.109630 -4.085185 10.560864 160.970000 -63.884444 -19.488395 33.902840 -103.562346 -37.563086 -12.983951 4.192840 -122.952963 20.465802 73.673086 -8.431358 58.177778 36.577778 20.252099 8.363457 11.506790 -22.573951 -54.284815 7.011975 -81.249753 -23.984691 -21.208025 -5.533333 65.292099 -21.670123 -23.934815 1.280247 97.320247 -107.942099 -34.202840 13.798519 -47.202346 -20.525309 49.774815 -0.710370 -82.007901 14.158272 62.931358 -14.505926 71.153951 -23.080000 -77.867778 0.684444 -5.444568 -17.330000 -37.949753 -3.106543 -102.830370 -8.837284 -13.896049 -3.005185 65.442963 19.837284 -35.976049 14.268148 -19.415062 -30.920370 -15.852222 4.290123 -46.387654 -10.904444 64.745062 -10.678642 -77.388889 -19.746049 -32.456543 -11.684815 86.612469 -9.117160 -38.289259 2.621358 -44.022469 -2.346173 -4.903827 11.031975 -107.164938 11.753333 -4.037037 3.326173 72.355802 32.048025 -22.288519 2.978272 -43.517407 -19.704074 -26.438148 2.132222 -19.170123 -45.936296 -24.708395 -4.068148 -85.927160 -8.442716 -26.971852 -6.468148 83.837037 7.007901 -4.121481 13.382963 -79.812716 13.104691 -1.434568 24.812222 -95.495432 60.401728 48.883210 8.927284 77.520247 56.147160 -48.235432 1.332963 38.563210 -25.657284 -51.987160 4.333333 -37.761605 -28.313457 -30.112716 10.722346 -136.902222 2.607654 -8.290864 -6.048642 29.505926 15.645926 -0.975802 24.556296 -72.648519 43.098395 11.416543 16.515309 -95.638025 55.363827 45.065432 -29.374938 90.693457 71.245185 -29.244568 -8.150370 43.086173 20.637901 -14.489383 7.271728 -52.673580 -3.423951 -6.708025 3.419877 -168.525185 -33.191975 -7.239136 -9.051111 -30.846173 9.720494 -0.844444 4.372840 -38.679630 13.222346 8.272840 -0.226173 -65.889136 -56.843827 -7.953951 -81.860988 
117.226543 243.967747 3.015586 35.355247 86.721296 122.512346 -0.121914 43.833333 -231.310957 -39.949691 -11.114969 -13.653086 -192.714660 -19.568673 0.229784 -22.636265 11.434105 35.762500 26.010494 4.537037 55.950772 54.247685 16.576389 2.419907 74.627932 24.937346 -3.915586 -7.768210 119.024691 48.837037 1.105093 25.203549 132.026389 -22.868056 -15.108488 34.297377 -100.828086 -32.693827 -14.512654 0.332099 -130.549074 8.761728 12.275772 -6.949228 29.604167 18.312500 -39.375309 4.928086 15.821142 -10.655710 -48.874537 -3.210340 -46.834105 -12.999228 -17.617284 -7.305556 76.316358 -32.401698 -46.464815 0.404784 95.471451 -104.878858 -38.751543 9.265741 -39.105864 -28.174383 28.010648 0.617130 -73.933642 18.326235 19.360340 -11.277315 55.737654 -22.686111 -87.698611 1.770833 -2.890586 -17.829167 -46.128549 -3.073302 -59.839815 -4.962654 -14.847068 -2.764352 64.525463 -15.542901 -49.419290 9.742593 13.485957 -28.284259 -28.920833 4.228086 -23.923302 -0.286111 49.037654 -4.745216 -71.779167 -5.809568 -3.196914 -8.585648 70.306173 -9.474846 -28.095370 5.535340 -25.742284 -4.058488 -12.210957 1.882716 -50.699846 1.038889 -7.696759 -0.356790 60.324228 3.818673 -25.206019 -0.741821 -28.585185 -23.900463 -37.305093 -0.413889 -17.391975 -29.099074 3.960957 -7.855093 -92.697068 -5.265123 -13.189352 -6.595370 80.888426 1.016975 -4.889815 8.711574 -47.449846 0.546451 -5.525309 3.997222 -51.392747 13.427932 6.117747 1.891821 61.300617 36.480401 -42.817747 -1.137037 -2.135031 -25.190432 -55.135957 0.180556 -45.572068 -28.854475 -21.460957 -5.723302 -134.037500 -1.783642 -6.392438 -8.093827 41.703704 9.153704 -0.922840 20.476852 -30.860185 22.841821 0.701080 11.654938 -54.422840 36.829012 1.145525 -22.169290 144.703086 155.586574 0.903858 -0.378704 64.337654 70.662809 -9.102623 12.151543 -61.275617 -14.911265 1.817438 -6.003086 -167.244907 -28.402160 -8.693673 -9.236111 -12.352932 5.849846 -0.798611 6.269599 -12.804630 31.175309 1.909877 21.367901 -29.758951 64.386265 2.916512 -67.258025 
0.605679 3.015586 0.963302 -0.011914 2.747593 5.780988 2.008580 1.395556 -4.167932 1.508580 0.247191 0.936420 -6.645340 -0.691327 0.122438 -0.560401 2.164784 0.060833 2.681728 -0.044815 8.000340 0.882315 2.935833 0.377870 1.752068 -0.672901 0.362253 0.094877 3.406420 14.331852 4.378241 0.388673 0.942500 3.908056 2.796265 0.294846 -3.466358 -0.535062 0.212654 0.086790 -1.905370 -0.063951 2.065340 0.178117 2.551389 -0.862500 2.744198 -0.062531 3.189969 -2.593179 -2.205463 -0.631883 -0.952562 -1.451883 -0.638272 -0.272222 1.973642 -1.584969 -0.965185 -0.315895 4.588549 -4.638920 -1.751790 -0.251296 0.201420 -2.497840 1.451574 -0.216019 0.406975 -0.562901 4.327438 -0.253796 2.809012 -1.617222 -1.339167 0.194722 1.328364 -1.001944 -2.113673 0.064414 -2.127963 -0.467346 -0.667377 -0.132315 -1.877685 -7.421543 -2.542932 -0.601481 0.339599 -2.599074 -0.504722 -0.633642 -2.560031 -0.853889 1.767901 -0.123673 -2.443056 -0.949321 0.921358 -0.211019 1.617160 -0.590710 -1.085741 0.834660 0.512284 -0.307068 -0.790154 1.182840 -2.079043 -0.336667 -0.331019 0.325679 1.305772 -0.842006 0.703796 -0.320401 -2.104815 -1.547315 -1.571574 -0.462778 -1.694691 -2.172037 -0.197623 -0.719352 -3.575154 -0.424877 -0.301759 -0.329074 0.506019 -0.090309 -0.347963 0.296204 -1.497932 -0.354228 -0.541358 2.407222 -2.427253 -0.662377 -0.852191 2.992623 1.087160 1.438488 0.776636 0.111481 -1.484969 -0.480679 -1.265154 0.413889 -1.510154 -1.316636 -1.109043 -0.486698 -4.865833 0.041420 -0.330895 -0.510617 0.132963 -0.095926 -0.059383 -0.231296 -2.376481 -0.622932 -0.224414 1.121728 -0.680494 1.289877 -0.262191 3.661512 -2.145309 6.508981 0.628364 0.108704 3.104568 2.911636 0.364846 1.082901 0.363395 1.162377 -0.678549 0.343086 -5.165093 -0.686728 -0.414105 -0.435000 0.287377 -0.193179 -0.051389 -0.052932 -1.206481 0.248025 0.001235 -0.997901 -0.515494 -4.886265 0.592377 -0.396420 
28.999877 35.355247 -0.011914 7.314691 15.171852 20.202346 -1.061358 10.015556 -54.025123 -3.400247 -2.415247 -2.253086 -38.281049 0.023272 3.667840 -2.854877 5.786605 9.123889 9.746049 1.422593 11.773272 8.574630 1.835000 0.584630 6.821543 1.809012 -1.469198 -0.786543 24.432469 -4.987407 -1.887963 3.871049 22.245000 -11.409444 -4.517099 6.764877 -21.736420 -6.359383 -2.293210 -0.097901 -19.964074 2.758395 7.749938 -1.543395 10.330556 3.097222 -4.588642 0.759753 0.116975 -2.669321 -7.682037 -0.566728 -10.693272 -2.574506 -2.967284 -0.566667 12.762469 -7.219198 -7.118148 0.536728 15.176728 -20.309691 -6.606543 2.065185 -9.593086 -4.966049 7.233148 -0.796481 -13.743086 2.099012 2.137840 -2.397593 13.146543 -3.124444 -16.220556 -0.190556 -5.871420 -2.666111 -5.971049 -1.274136 -13.919259 -1.163210 -1.934012 -0.669074 12.906852 1.702099 -6.719568 2.351481 0.411790 -5.020370 -1.955000 1.019753 -6.783025 -1.843333 11.843210 -1.988827 -11.858333 -2.375679 -4.026914 -1.987593 17.466173 -1.132901 -5.144815 -0.044383 -10.092840 -0.508210 -0.758457 -0.643951 -13.830679 0.864444 -0.573148 -0.381235 13.367840 2.404506 -3.674630 0.132901 -6.878519 -2.895741 -3.802037 0.243333 -6.321975 -5.375185 0.024012 -1.276481 -14.742901 -0.805679 -3.424630 -1.207037 19.678704 1.354198 -0.582593 2.230185 -12.122901 1.650062 -0.119753 -0.371111 -12.190802 5.847099 8.900802 -1.971790 13.340617 7.862901 -8.575247 0.082963 4.014136 -6.088765 -9.480679 -0.366667 -11.488457 -5.279198 -4.134012 -0.761914 -25.271667 0.239136 -1.367716 -1.344938 10.100370 3.534815 -0.157284 5.900741 -9.070741 9.582654 2.245247 1.717160 -14.758395 7.965679 8.560802 -7.779568 26.711975 18.225741 -2.232531 -0.961481 12.223210 5.859198 -2.166235 1.230988 -18.388395 -5.030432 -0.281173 -1.776420 -34.983519 -6.571605 -1.034506 -2.501111 -3.963765 2.486235 -0.136111 1.457099 -5.662963 7.368642 1.576543 2.497901 -10.681728 4.745988 -1.160432 -16.003580 
171.455185 86.721296 2.747593 15.171852 2153.665556 446.984815 57.871481 294.485556 252.163519 -87.572963 -19.045741 87.562963 -2251.132037 -287.585741 -33.102037 -243.392407 36.498704 141.832778 165.893704 11.067778 316.447593 81.646111 -6.150556 96.026111 -105.896481 -231.334074 -125.074259 13.840370 40.947407 172.093333 -14.847222 15.424259 1094.079444 -224.389444 -1.451296 54.255741 417.229630 -347.600370 -95.790741 113.034074 -1349.625556 -12.669259 219.699815 -51.902407 326.225000 143.541667 379.339630 42.868148 417.967593 -158.630185 -330.062778 81.377593 -377.224259 -206.534630 -169.551852 -14.627778 107.365185 501.770185 -140.760000 70.854630 338.969074 -211.084630 -242.169630 12.051111 234.309630 -280.014815 -37.311667 45.227222 -546.123704 -30.880741 511.141296 -72.681667 331.717407 -186.756667 -209.256111 1.072778 364.202407 -149.653889 -287.746481 20.760926 -510.002222 -92.100741 -113.790926 -22.751667 120.070556 107.889630 -275.786481 103.993333 -56.409074 -90.605556 -420.126111 -3.646296 3.089815 -85.024444 15.657407 16.472407 -427.769444 -66.527037 217.902593 -53.451667 210.192963 -115.987593 -248.778889 7.772407 164.782593 -15.919074 -103.925370 51.984815 -484.242037 -35.884444 -73.486111 -13.971481 42.720185 34.196852 -297.746111 39.009815 -118.180000 -171.898333 -384.361667 -12.247778 -0.449259 -386.797778 -92.972407 -41.196111 -851.745370 -75.655926 19.726111 -53.132222 -5.275000 -12.370741 -64.208889 26.329444 -17.085370 22.711296 -37.537037 205.742222 -392.000185 22.841296 -86.958704 46.106852 23.449630 63.699815 -400.397963 20.015556 151.336852 -19.632963 -296.975370 32.716667 30.573519 -185.109815 -143.346481 23.080926 -1102.970556 -37.671481 -41.514259 -59.557037 -220.954444 -4.506667 -6.977407 1.185556 -163.995556 11.647963 -24.414259 172.573704 -162.175185 234.102593 -27.189815 190.039074 -122.275185 89.038333 -308.997593 0.821111 674.091852 502.455370 -65.382037 173.720741 411.079259 197.642037 -8.193519 94.065185 -1263.845000 -262.792593 -57.603519 -86.264444 -344.507963 -43.357963 -6.847222 -20.534259 -80.294444 -40.416296 4.151852 -17.689630 -106.195185 -81.556481 51.474259 -68.499630 
125.361605 122.512346 5.780988 20.202346 446.984815 455.357284 9.850988 163.715556 -273.738395 234.756543 -19.844568 129.690123 -578.820247 -34.254198 -6.632469 -20.569383 -50.724198 30.248889 25.471358 6.720741 -1.737531 21.945926 6.143333 17.478148 -29.419506 -28.608272 -19.123210 8.273951 28.659012 122.810741 20.935185 7.504691 212.781111 42.610000 -2.637160 34.312716 -25.926543 -20.218025 -23.788272 51.469383 -283.532593 33.005309 67.572469 6.429136 -2.827778 50.488889 60.982346 15.927654 -23.284568 -33.178272 -91.627407 20.972469 -118.865802 -30.768642 -39.875309 1.483333 45.594568 74.310123 -77.410741 17.836420 120.598642 -137.039012 -85.107160 17.911481 -47.227654 -38.891358 4.689630 19.330370 -126.460988 7.459506 98.515309 -10.242963 84.997160 -18.974444 -92.640000 7.484444 11.180123 -20.630000 -59.404691 8.329877 -160.572963 -13.397160 -19.563951 -7.590370 86.111481 -79.736173 -95.943951 19.805185 -35.136049 -55.285185 -82.274444 1.759877 -42.345679 -22.810000 1.654938 -10.233580 -86.577778 -44.352840 -31.114568 -14.749630 133.985309 -31.201728 -56.870741 9.855309 8.843580 -6.328272 -10.377284 14.475802 -184.077284 -9.557778 -11.229630 -6.630617 111.295309 1.709753 -34.529259 2.668395 -103.508148 3.432963 -87.769630 -1.356667 15.754568 -44.921481 -55.207160 -5.082963 -86.733951 -24.599506 -26.823704 -11.110741 86.507407 -2.383457 -12.564074 17.218148 -18.591728 7.621975 -14.448765 66.551111 -183.031235 16.972716 -35.453210 27.170494 96.298642 100.165062 -66.121235 5.223704 -45.950988 -5.667160 -92.616173 2.244444 7.698272 -37.666543 -43.558395 7.858765 -133.596667 -1.256543 -10.862469 -14.481358 -27.023704 0.388519 -2.243086 14.263704 -110.905926 28.124938 -7.669877 89.964691 -90.833086 150.431728 -23.004321 65.396049 -9.881235 204.597037 -89.136543 -2.576296 42.079383 97.463210 -53.729506 36.353827 38.175802 40.871728 -2.747531 15.316790 -175.060370 -53.185802 -3.123086 -23.245556 -94.444938 -11.650494 -2.305556 -4.672840 -83.620370 -13.980123 0.866049 -14.419383 -0.923086 -64.228395 4.791728 -51.730123 
-5.263210 -0.121914 2.008580 -1.061358 57.871481 9.850988 22.112469 2.592222 21.834012 3.006914 21.085247 0.114198 -90.322284 -14.671049 -1.768951 -8.455123 2.555617 1.139444 6.032840 0.384074 23.706728 3.657593 3.639444 3.222037 2.910679 -9.252346 -2.009691 -0.732346 3.551975 49.952963 15.832407 -0.903272 34.842778 21.900556 19.753765 -1.458210 6.664198 -8.692840 4.920988 -4.480988 -54.650370 -4.401728 2.637840 -3.559938 24.419444 -0.836111 5.354198 1.565802 23.305247 -12.222901 -21.111296 -2.778827 -23.035617 -10.383272 -6.721605 -2.788889 -13.810247 23.179198 3.563704 -7.903395 24.926605 -7.559198 0.877654 -2.386296 6.211975 -15.478395 4.385741 -2.712407 -22.949136 -7.294568 15.843272 -2.709074 32.902346 -9.110000 -17.288333 0.571667 13.769198 -5.351667 -18.307840 1.028580 -32.344074 -4.130123 -6.083765 -1.752037 -33.761296 -24.547654 -13.004877 -7.680370 15.378210 -11.062963 -7.112778 -4.669753 -2.439198 3.785556 7.129012 1.178827 -18.575000 1.013457 10.731358 -1.527963 21.086049 -5.392654 -13.917407 1.984383 3.738395 -0.806235 -5.082654 1.825062 -28.982654 -3.137778 -3.687963 -1.030988 -15.563395 -9.528951 0.642407 -1.762901 -4.973704 -9.494259 -14.629074 -1.196667 -5.523580 -10.094815 4.163765 -4.377963 -42.595988 0.009012 2.120185 -3.108519 9.832407 -0.661975 -4.137407 2.746481 7.421790 0.812160 -3.513580 7.918889 -24.160309 -8.804877 -7.430802 0.146235 -10.903951 16.969321 -0.812531 2.382593 -1.987469 -1.775679 -16.643765 3.944444 -16.570432 -13.651914 -10.078210 -2.780309 -59.946111 -1.701358 -1.940062 -3.491728 -1.654815 -0.941481 -0.190494 -0.176296 3.519630 0.549568 -0.786358 10.325062 -3.220494 -6.600123 1.961420 6.686235 -25.596420 12.659815 -13.514136 -4.984074 37.483457 21.523025 -8.487099 9.815679 -14.302716 -1.584012 -6.329938 2.939753 -77.980926 -16.239506 -5.303272 -6.307778 -11.489568 -2.039568 -0.386111 -1.079321 -0.103704 -1.616420 0.884568 3.108765 2.099506 -3.051543 5.650432 20.139136 
67.226667 43.833333 1.395556 10.015556 294.485556 163.715556 2.592222 152.517778 -189.673333 38.303333 -17.117778 129.450000 -388.776667 -25.560000 1.185556 -27.568889 -13.356667 29.395556 50.170000 2.586667 36.256667 32.730000 4.428889 13.397778 -28.731111 -28.474444 -22.270000 8.093333 4.270000 -26.597778 -10.422222 5.203333 130.268889 -51.871111 -8.828889 22.731111 21.872222 -40.712222 -15.366667 40.568889 -204.487778 22.386667 49.874444 1.217778 21.366667 24.811111 49.296667 5.421111 25.877778 -19.632222 -55.630000 8.046667 -77.003333 -14.940000 -22.561111 1.344444 -3.576667 -13.781111 -48.918889 14.861111 31.765556 -63.428889 -36.947778 7.220000 -3.454444 -27.872222 5.134444 8.834444 -101.582222 2.468889 63.760000 -11.953333 38.918889 -12.658889 -53.076667 -0.445556 18.326667 -17.392222 -29.592222 -1.242222 -104.506667 -8.018889 -6.242222 -4.407778 36.692222 40.852222 -30.701111 14.585556 -41.385556 -1.038889 -58.058889 7.983333 -27.627778 -17.662222 8.650000 -5.935556 -71.250000 -15.375556 -1.614444 -12.913333 56.834444 -16.732222 -44.581111 2.681111 -3.663333 -4.787778 0.404444 7.926667 -113.734444 -4.664444 -5.905556 -3.086667 26.607778 30.048889 -34.068889 7.754444 -56.912222 -19.475556 -57.015556 -4.521111 -14.642222 -61.904444 -20.758889 -8.796667 -131.161111 -15.273333 -14.480000 -10.718889 49.933333 -1.334444 -10.037778 8.663333 -15.492222 6.336667 1.361111 31.065556 -112.508889 12.787778 -5.634444 4.617778 27.987778 26.935556 -57.980000 4.252222 18.435556 -22.371111 -49.623333 1.738889 -13.060000 -37.526667 -20.975556 -2.182222 -209.492222 -2.497778 -6.467778 -13.471111 8.647778 1.685556 -0.898889 13.390000 -29.547778 11.841111 -3.895556 30.182222 -66.014444 36.918889 -0.111111 -10.257778 17.035556 96.917778 -37.273333 4.135556 119.714444 72.980000 3.495556 22.501111 -11.517778 8.962222 8.788889 9.595556 -281.660000 -51.405556 -7.152222 -17.693333 -53.487778 -3.615556 -1.344444 7.250000 3.711111 15.728889 -0.300000 34.242222 -29.302222 91.233333 0.886667 -66.237778 
-283.148272 -231.310957 -4.167932 -54.025123 252.163519 -273.738395 21.834012 -189.673333 2547.189228 -31.549321 52.881512 -140.251235 -92.200031 -192.107747 -101.923364 -142.066451 -627.491636 -128.635833 -254.233580 -49.132963 -500.288302 -58.229537 -48.988611 -32.447315 -107.247438 -10.701173 49.509043 -22.818951 -169.143457 209.751481 -8.069907 -18.121080 -151.511944 71.139167 25.165772 -120.995772 1083.657099 -71.257531 19.918827 -45.012716 -206.966852 -66.767531 -149.397747 -17.599414 -357.820833 41.920833 139.140988 -21.239321 168.360957 55.382994 188.502685 71.499475 133.462747 -132.363858 37.091975 5.472222 94.728210 145.084043 74.381852 17.070525 -228.478364 191.328735 26.549938 -91.687593 469.550432 -39.800309 -124.832130 28.868796 65.155988 -10.594506 66.327191 11.973241 -132.568272 -31.760556 364.564167 -30.214167 370.381821 -93.400833 28.029414 30.764290 41.766852 -88.512284 -25.766883 -12.487130 98.102685 -90.982160 71.742006 3.468148 -4.016451 114.393519 -6.081389 -12.184877 377.605401 56.287222 -86.043827 67.056080 118.551389 76.034506 337.787901 37.058241 -223.254198 -40.854660 90.213519 -29.152253 352.169198 -25.536451 -47.849660 -36.473580 10.722562 -55.091111 -28.943981 -18.057160 -25.867809 -47.070031 -54.862130 19.426883 177.038148 156.133426 55.346574 27.351667 373.179877 32.977593 59.620772 24.483241 -22.242438 14.515617 143.004537 19.656852 -321.992130 -21.133765 -23.357593 -31.954537 311.380340 -12.802253 -14.612346 -10.112778 67.094846 -97.338549 -26.470957 -22.504660 -107.751975 -180.470895 -19.714599 -17.389259 -88.799290 187.473272 63.169784 11.302778 465.442562 64.787932 24.930340 17.593179 105.501944 -28.178457 -18.042253 7.118025 -285.410741 -33.859630 -6.842469 -72.546481 225.943148 -55.811327 0.990154 4.031975 93.361975 34.224938 55.644599 107.065340 -167.356543 -244.900648 102.048488 -97.303148 27.447284 84.344846 37.034228 -30.186605 859.251420 68.549660 48.368364 -30.669012 171.440093 -92.983642 11.898364 -49.615000 -158.064228 -36.272562 -4.701389 -48.470216 108.834259 -55.560988 0.772840 -52.637284 -176.030802 -112.920216 133.241883 164.177901 
-32.774321 -39.949691 1.508580 -3.400247 -87.572963 234.756543 3.006914 38.303333 -31.549321 634.734691 0.318580 150.725309 -37.322284 213.451173 -11.407840 96.828210 -141.266605 -11.866111 -74.056049 12.734074 -173.382160 -7.214630 -49.232778 -11.366852 -52.589321 34.853210 -9.465247 9.084321 -9.186914 145.814074 30.499074 2.318951 -190.596111 178.561667 24.464877 -6.447099 -72.896914 89.284938 19.309877 14.680123 103.799630 19.609383 -42.951049 30.656728 -122.536111 15.630556 -43.618025 0.982469 -183.072531 65.238210 -8.944630 12.282284 13.903272 47.355617 -15.482716 14.872222 4.506420 29.045864 6.885926 27.235494 -44.267840 -23.609198 2.810988 7.913704 -90.949136 48.977160 -42.092037 -4.406852 -3.221358 -2.911235 -127.667840 18.924259 -52.075432 62.312222 38.600556 13.371667 -99.797469 58.726111 32.258827 25.428580 41.139259 38.842099 14.838457 10.114630 -0.261296 -190.030988 -5.132654 -12.491481 -10.360679 -46.451852 21.598333 -10.419753 -25.516975 2.768889 -91.870988 -8.704506 68.402778 -9.864321 -79.063086 9.010926 7.886049 21.401790 79.871481 -1.087840 -33.994938 7.460432 40.278457 -1.647160 -3.932654 -8.315556 33.889815 -5.414321 78.914383 -82.823395 38.759074 -2.829568 -65.684815 61.855741 24.315370 2.475556 -31.451358 82.688519 -21.252901 15.794259 227.115123 3.803457 -5.629815 15.202593 70.687963 6.788025 21.762593 0.752037 66.044012 2.795494 6.658642 -24.892222 -26.271420 -34.710432 -11.858580 -25.098210 50.934938 46.880432 46.737469 10.160370 -99.559691 34.190988 50.839568 -7.122222 -57.375988 34.331420 20.910679 6.897469 313.915000 5.481975 4.521049 3.947160 49.572963 6.925185 4.592840 5.834815 12.552963 24.916235 5.046975 18.380617 10.618395 58.733210 -1.755247 0.041790 -76.974198 124.687593 -0.530802 13.171481 -163.966543 -63.371420 -15.648210 -21.345432 -113.613827 57.882654 -2.079938 14.645309 329.996852 83.427160 34.118951 21.570000 27.438210 -3.000679 5.263889 7.504012 -54.875926 22.278025 -1.976543 9.558765 -34.511605 -24.251543 5.305988 113.339136 
-14.536543 -11.114969 0.247191 -2.415247 -19.045741 -19.844568 21.085247 -17.117778 52.881512 0.318580 60.418858 -22.346914 -6.039228 -6.790772 14.765216 -6.897623 -26.269105 -13.699722 -22.752716 -3.045926 -1.543549 -9.141574 4.925278 -6.076019 6.372623 -4.168457 7.282809 -4.430679 -7.433580 4.155185 4.031019 -4.676327 11.251944 9.047500 12.106821 -7.047932 28.144753 -2.310617 20.384877 -13.967654 -35.907593 -6.453951 -10.647438 -7.626883 -6.512500 -3.287500 -19.604691 -0.388086 17.042747 -2.853735 3.173981 -4.200216 -10.126451 -8.513549 1.450617 -3.183333 -35.984136 -29.614414 2.072593 -16.596451 -1.200895 17.793858 17.227099 -6.824630 26.743642 6.235494 16.568796 -1.471019 -16.050802 0.110432 2.426883 0.338981 10.876790 11.928333 7.961389 0.388611 7.783364 1.807500 -4.137562 2.679414 -20.747963 -3.035123 -3.257932 -0.863981 -48.309352 -22.037099 0.617623 -8.711481 -1.553179 18.239815 22.388056 -5.966975 18.059414 18.170556 17.706790 4.361327 1.093056 13.790679 27.505802 1.540648 13.276049 -0.306821 -5.384630 -1.774784 6.283395 -2.034290 2.048179 -6.026049 -23.612932 -5.707778 -1.956019 -2.400988 -21.951451 -10.442562 25.527685 0.584599 0.919630 -4.071204 6.845648 0.696111 8.750864 -3.096481 18.122932 -4.867685 -34.366821 3.055123 8.555463 -3.774630 13.247685 -0.599198 -1.472407 1.638981 12.461512 -1.563673 2.764198 -1.679444 -27.795586 -19.868488 -11.191636 -7.290154 -12.049506 21.597932 28.528302 2.573704 -3.969969 -2.027346 -14.060154 5.291667 -10.626265 -12.782747 -6.899599 -1.852809 -62.039722 -1.607469 -0.887006 -0.662840 9.281852 -1.261481 0.327284 2.099815 16.691296 -2.730154 1.525031 10.462840 -19.562716 -11.164568 -7.892747 4.540957 0.305802 18.126204 11.527809 1.032037 42.792346 0.882191 -5.190154 5.330679 -18.439938 -19.970401 -3.886883 0.101975 -88.908981 -23.392284 -1.662438 -4.176111 -7.867623 -1.687068 0.195833 3.455401 16.143519 10.773580 1.406790 19.173210 -28.883272 52.527623 12.316265 5.351358 
-5.906790 -13.653086 0.936420 -2.253086 87.562963 129.690123 0.114198 129.450000 -140.251235 150.725309 -22.346914 322.646914 -298.821605 -12.578395 -12.288272 103.951235 -105.939506 1.677778 3.577160 -2.890741 -51.506173 42.268519 -17.988889 5.568519 -34.901235 -26.098765 -22.141975 11.190123 -37.175309 -24.818519 -9.601852 7.977160 -86.611111 19.800000 -3.382099 7.259877 3.630247 21.317284 3.573457 53.354321 -49.101852 20.361728 1.932716 35.393827 -92.433333 14.650000 23.013580 -4.074691 -64.758025 13.229012 -5.842593 5.782716 -58.377160 -11.911728 -4.745062 12.405556 -17.675309 -21.003086 -32.320370 26.272840 -81.532716 19.330864 10.167901 3.735185 -79.047531 41.189506 -12.524074 5.557407 -60.664198 7.040123 -27.643827 4.985185 -25.290123 36.561111 0.872222 -0.511111 -7.830864 7.644444 2.211728 -0.152469 -84.403704 -8.387654 8.548765 -2.601852 33.324074 0.020988 7.126543 5.648148 -71.809877 4.957407 -4.766667 10.758642 -52.219136 -17.994444 -49.551235 -7.643827 -13.350000 -0.845679 -43.602469 -5.031481 46.583951 1.637654 -4.892593 -0.199383 35.382716 -6.398765 13.270988 1.432716 -100.340123 -15.994444 1.624074 -9.129012 28.050617 -9.238272 5.831481 5.184568 -86.568519 4.931481 -10.059259 2.288889 -28.391975 -2.379630 -14.887654 2.207407 36.765432 -14.123457 -27.029630 -5.514815 78.525926 -1.296914 -8.342593 1.974074 87.082099 -3.399383 8.063580 -1.261111 -122.369136 -27.334568 -16.680864 -21.006790 25.633951 17.434568 17.686420 4.401852 -37.069753 -4.687654 43.593210 -3.733333 12.054321 -7.347531 10.259877 -6.258025 2.038889 -1.603086 5.156173 -12.721605 37.853704 -1.501852 0.843827 7.590741 55.898148 4.443210 -5.519753 35.588272 -78.833951 -23.898765 -30.469753 -15.223457 -39.269136 109.840741 7.869136 12.840741 21.109877 -3.408025 15.348765 -2.079012 20.982716 16.556790 18.349383 6.424691 -67.185185 0.739506 8.416049 -2.822222 -39.459877 -5.687654 -0.277778 15.570988 14.981481 16.330864 -4.606790 75.740123 9.288272 237.048765 -19.998765 30.297531 
-232.798642 -192.714660 -6.645340 -38.281049 -2251.132037 -578.820247 -90.322284 -388.776667 -92.200031 -37.322284 -6.039228 -298.821605 3726.392932 381.475957 -4.467068 222.927253 -135.223488 -252.133611 -478.712099 -42.426296 -930.349043 -208.891759 -143.225278 -166.846204 -49.768920 354.259198 185.454228 -34.545247 -119.979383 -55.988519 23.818981 -28.216265 -1279.374167 311.396944 16.956142 -82.759475 -669.713272 495.325432 88.211420 -159.011975 2050.652037 18.468765 -339.050710 40.717623 -549.987500 -118.901389 -483.219383 -43.487840 -771.518673 273.905586 464.448241 -63.764599 616.757932 365.793179 241.590123 25.950000 -58.401049 -298.548549 173.188519 -73.216512 -375.284290 226.530216 275.974753 -18.453148 -193.189938 358.645988 -25.996574 -41.084537 967.332284 91.363642 -667.623179 117.194352 -594.478642 300.755000 448.560833 14.078056 -521.251883 237.542500 429.302377 4.944660 969.081296 147.459198 165.989414 34.530648 -132.996204 -191.442531 229.291636 -80.505185 272.888364 64.760185 434.350833 -7.825617 144.920216 158.462778 -67.280864 -13.496512 778.195833 136.607469 -236.792840 93.003796 -453.222346 176.682747 415.534630 -18.215957 -265.331543 29.119475 144.333302 -66.910988 971.011080 53.057778 84.444907 36.204691 -85.489290 -65.575957 244.283426 -35.766080 351.802593 229.304537 471.393241 8.798333 -29.658272 603.940926 198.534475 59.351019 1348.537191 133.670802 32.288981 88.996852 -199.453241 2.045494 98.027963 -74.805648 -119.474475 -44.421512 30.317284 -246.192778 849.864105 9.261080 37.006451 51.799414 44.436543 -232.440525 334.806883 -38.901481 -174.087438 47.140309 350.474969 -56.336111 -163.147809 303.297562 254.853302 -32.434228 1796.745278 79.144506 71.396265 112.122099 214.634815 -18.005185 4.541235 -58.222037 77.003148 -96.749475 17.984228 -351.149877 566.375679 -101.505802 28.340895 -189.309475 286.096049 -252.381759 274.398117 -10.904259 -1010.983086 -503.830340 84.082747 -228.988086 -650.591543 -205.294414 21.166512 -135.114938 2305.486759 440.134877 84.092068 143.281667 591.230586 51.705586 7.154167 -1.735031 90.556481 -29.560617 -5.730864 -145.243580 185.512901 -224.962809 36.913364 -283.827284 
-12.403580 -19.568673 -0.691327 0.023272 -287.585741 -34.254198 -14.671049 -25.560000 -192.107747 213.451173 -6.790772 -12.578395 381.475957 239.937377 12.132623 70.784969 28.749043 10.580278 -42.375679 22.921852 -123.665401 -16.270463 -36.861389 -19.774907 -32.376636 60.530802 2.927994 -4.956975 0.186049 -14.695926 3.942130 -3.138179 -176.615833 25.705278 -5.586142 -6.256080 -184.920062 45.639012 14.294136 -25.500247 259.616852 17.743457 -22.833735 9.979043 -8.823611 1.245833 -58.259506 1.824506 -170.981327 61.129969 31.463981 -8.714290 69.268735 76.554599 11.087654 10.133333 -14.663395 -77.574784 -6.276296 15.538735 -31.784599 -19.904660 13.307469 13.432037 -110.280062 49.659568 -2.017870 -17.241019 32.119938 7.174136 -118.279043 12.526759 -87.028025 68.438333 28.152500 13.864167 -171.000340 64.617500 42.418735 8.515340 150.633148 55.697469 25.870586 19.209352 -31.941574 -102.447469 14.222809 -3.301481 -1.737253 -4.249074 44.548056 2.453395 -73.670216 11.451667 -26.591358 -10.469043 42.209722 -1.180802 -84.080494 3.563981 -68.086543 36.758364 58.414259 0.594846 -125.022901 12.182747 35.914475 -0.457901 150.981142 13.135556 42.332870 7.616420 9.410401 -32.776265 47.639907 -0.363920 -34.738148 18.522130 47.047870 0.220556 -83.431728 61.555741 2.342191 8.338981 181.257253 13.971420 -17.904537 12.648704 33.619907 12.096728 28.318704 -2.967685 -65.326636 1.878179 21.449383 -44.876111 116.423673 5.792253 30.102438 -9.136080 34.300123 -6.677253 49.622006 -0.321852 -39.274784 -9.682531 55.250586 -10.569444 -80.683302 18.815772 27.134475 -7.024660 240.575833 6.098827 10.562623 6.630123 102.860741 13.937407 7.283210 12.318704 -11.704259 6.070586 12.002438 -52.385679 46.862099 -19.489753 7.509105 -58.444969 30.991728 61.295093 44.555216 18.136481 -147.204691 -94.659660 7.119475 -25.265247 -205.094012 5.107747 -6.999846 10.678272 261.465463 109.948457 21.881265 42.120556 123.249414 15.341080 7.762500 20.273920 -5.684259 25.923951 -1.996914 23.766914 -41.917346 1.757253 -5.523364 9.562840 
22.100247 0.229784 0.122438 3.667840 -33.102037 -6.632469 -1.768951 1.185556 -101.923364 -11.407840 14.765216 -12.288272 -4.467068 12.132623 45.390710 -3.202747 65.397623 39.273056 60.607901 4.343704 92.857623 22.082685 17.814722 6.434907 18.511080 -1.037469 -2.199105 1.753642 18.740617 -31.275185 1.430093 -1.129599 -0.038611 -20.896389 0.032809 3.366080 -40.657716 2.268765 16.128086 -4.765309 6.875370 12.283210 64.279290 -2.336821 56.095833 -8.040278 9.049506 0.572160 38.409105 -15.043302 -13.970648 -8.773488 -5.923179 1.608735 -3.243210 -0.855556 4.877840 -49.207438 -1.708148 -2.922068 9.025710 -8.709784 12.221420 6.494630 -23.433272 10.973765 34.115648 2.627685 -15.238827 0.793642 13.597932 -2.147870 16.018025 -5.898333 -41.026944 -0.328611 -20.119660 -0.938611 -8.206512 -4.619784 -9.497593 3.434753 -1.008364 0.067315 -1.781759 -35.106975 -6.615031 2.869259 -7.147191 3.610185 24.636389 1.141049 -14.340895 -8.066111 22.052469 -3.926512 -28.459722 -9.423642 -33.351728 -3.959537 16.717654 2.378302 -24.257593 0.631821 -20.794877 -0.901636 -3.278920 -5.956543 -6.101142 -2.051111 -0.438426 -3.893086 -0.420401 -6.210401 21.792315 0.599475 -15.142963 -17.548796 6.916574 -3.972778 13.538395 -25.046852 -16.652191 -4.662315 -29.490586 -4.280309 -17.652130 -3.894259 25.374537 4.116605 -3.015370 5.541019 -10.055586 0.131821 2.861728 -6.282778 -1.317006 -5.678920 16.705340 -16.227253 9.529877 10.806142 25.337994 0.500741 17.359228 -24.141914 -15.215031 -2.219444 -2.935586 -15.379105 -13.150031 -3.688673 -58.963611 -0.458827 -3.388179 -2.843457 13.043704 6.369259 0.059012 9.145741 11.199815 16.041636 5.538673 4.054568 -9.433210 -14.036914 20.652006 -23.589475 55.592716 15.936019 23.924784 1.947963 17.164691 -18.705895 -2.371698 1.463025 -48.275988 -6.993302 -2.139043 2.425062 -99.923241 -15.798457 -1.399043 -0.639444 -13.490525 3.062253 0.070833 3.103858 1.806481 17.029383 3.358025 13.743086 -12.967099 8.776080 4.272253 9.868272 
-21.181728 -22.636265 -0.560401 -2.854877 -243.392407 -20.569383 -8.455123 -27.568889 -142.066451 96.828210 -6.897623 103.951235 222.927253 70.784969 -3.202747 148.642562 -44.524475 -22.120278 -46.998642 7.445185 -97.084475 -14.585463 -22.000833 -14.098796 -20.456451 9.141173 4.575957 2.822284 -23.366543 -32.647037 1.783796 -2.180586 -183.353056 42.088056 4.240340 -8.867006 -158.995988 71.705309 16.464506 -7.666173 208.963519 11.840864 -33.806142 29.009969 -71.559722 -4.095833 -38.803210 -2.357346 -124.397068 33.494228 56.506759 -8.964475 19.688920 15.097747 19.202469 10.105556 -28.042654 -59.915710 36.802593 3.165586 -68.993302 38.671821 60.043395 3.472037 -132.125988 71.600309 0.853796 -11.197130 28.779568 8.804506 -93.176636 15.745093 -55.110617 65.737222 47.813056 6.731389 -75.536821 35.730278 43.011142 -1.523735 39.742037 9.057840 14.507438 4.702130 -16.265463 -22.252284 53.752994 0.086296 -4.329660 -11.049074 65.799722 3.951543 -62.297068 7.210556 -28.006173 -8.479969 58.201389 2.714383 -62.011235 4.762315 13.556420 25.370772 48.174259 -0.310525 -18.590309 1.547006 20.900216 -2.239753 35.589105 -2.493333 15.802315 -0.527284 -8.624969 -24.768302 39.477130 -2.981883 -31.668148 7.390463 53.347315 4.295000 -63.780988 67.613519 19.975340 8.059537 195.306327 8.982160 -14.728426 6.594259 57.389352 4.125988 11.276481 -1.471574 23.432438 -3.099414 7.234568 -20.867222 9.106821 -9.872006 1.738179 -7.634784 -2.283580 -13.916327 64.085154 -6.195185 -60.576821 -4.615494 80.286327 -7.591667 -50.415340 23.644846 35.671327 -5.949290 245.644167 5.499568 16.053920 6.411975 63.011852 3.225185 3.655802 5.376481 16.322407 3.051883 1.538179 -0.573086 -11.651975 -10.814938 -20.236265 -1.817006 -42.850123 16.516759 29.068735 6.752037 -142.596173 -81.682068 4.526327 -22.738951 -106.242531 -5.111327 4.984414 3.954568 269.637130 81.828086 19.666636 29.489444 60.069228 7.877562 3.043056 10.522994 -19.184259 -3.820123 -3.745062 22.399506 12.798580 61.961883 -15.449105 14.868765 
31.326420 11.434105 2.164784 5.786605 36.498704 -50.724198 2.555617 -13.356667 -627.491636 -141.266605 -26.269105 -105.939506 -135.223488 28.749043 65.397623 -44.524475 677.715154 146.758611 259.495432 38.987407 584.690710 44.777870 45.094722 61.198981 21.805031 -69.731420 -60.745895 3.850802 48.068272 -55.950370 11.278241 5.780154 139.621389 -62.238611 5.768858 34.734475 -286.953395 -58.486543 -13.511420 -6.460247 -17.857593 1.297901 116.542377 -15.398179 534.534722 -80.451389 5.097160 15.921173 249.954784 -140.319475 -171.923241 -34.332623 -117.755154 19.920710 -60.784568 -11.994444 -55.248951 -59.048673 -2.577407 0.447068 193.159290 -48.427438 -17.385864 42.930926 -67.487840 -69.112654 44.888241 -4.529352 -11.560062 -52.246975 53.092623 -21.780463 216.945309 -116.149444 -267.124722 15.308056 -65.873117 -21.161944 -113.655154 -15.736327 -58.397963 26.051914 -22.881080 5.272130 -79.334352 7.053642 -24.372191 27.432963 34.469969 -68.704630 -25.670278 0.392284 -115.239660 -66.673889 34.297531 -11.572932 -147.365278 -68.585247 -109.407160 -21.617685 82.955679 -12.985525 -121.523519 24.657623 -113.129568 6.744414 -38.574969 24.105432 26.080586 16.603333 -10.731019 8.300864 -95.141265 16.673179 27.074907 9.741080 -80.224815 -110.129537 -66.812685 -19.581667 -124.913951 -130.985370 -92.259475 -27.764907 -230.223302 -26.370802 -52.202870 -20.330185 43.350463 10.087840 -5.972407 21.219537 -121.694969 4.535401 -9.517284 18.292778 37.349784 5.102809 17.690772 0.631142 -62.469877 -26.301142 -16.920772 8.718148 54.312438 -100.484753 -97.916636 -6.247222 -113.366080 -71.167006 -62.950525 -22.179660 -297.203611 -6.655617 -8.121265 -24.016543 25.187407 12.266296 0.414321 16.755370 -65.092037 33.096698 -2.681451 -8.022346 63.207654 -42.405309 31.767438 -34.398858 -3.079383 -121.376574 -50.873117 7.420926 134.083086 7.060895 -11.774414 33.660309 -132.141790 3.752747 -16.641512 0.526049 -357.628426 -40.268210 -30.344846 -9.248333 10.133302 6.758302 -1.534722 5.610031 -28.456481 44.188395 3.753086 -41.278642 132.420432 -84.778858 -1.488364 -39.811605 
43.504444 35.762500 0.060833 9.123889 141.832778 30.248889 1.139444 29.395556 -128.635833 -11.866111 -13.699722 1.677778 -252.133611 10.580278 39.273056 -22.120278 146.758611 152.105278 141.797778 21.747778 206.810833 110.256389 10.980278 46.924167 11.956389 -49.488333 -31.563056 9.068333 34.531111 -23.108889 -3.634722 4.221389 105.436944 -50.308611 -5.313611 17.104722 -25.397222 -40.756667 -9.747222 12.385556 -109.646111 28.692222 126.592500 -2.678056 177.312500 23.648611 71.130000 5.557222 179.148611 -37.169722 -106.925833 3.973056 -71.396389 -41.752500 -39.744444 0.950000 24.070556 -20.415833 -33.430000 19.701389 78.516944 -71.835833 -31.789444 19.345000 -26.123889 -34.980556 29.544167 -0.614167 -84.718333 -8.117222 61.655833 -12.840833 73.607778 -74.122778 -172.966944 -5.916389 46.225278 -41.313056 -77.513056 -15.704722 -92.676111 -5.905000 -19.729722 0.660278 21.340833 -39.939444 -31.494167 33.246667 -4.814722 -4.647222 -28.454722 12.669444 -36.584722 -15.876111 25.700000 -8.828611 -96.731944 -50.206111 -95.953333 -17.498056 51.067778 -23.691944 -100.967222 3.029722 -12.488333 -3.800278 -11.669167 -0.478889 -87.102500 -3.964444 -4.218056 -2.975556 18.100833 -7.024722 2.407500 7.258611 -49.590000 -25.182500 -45.414167 1.426111 21.963333 -75.262778 -61.363056 -4.295278 -122.543056 -20.903889 -51.831389 -11.021667 64.015278 3.635000 -11.801667 14.098056 -9.804722 5.813056 0.522222 11.957222 -72.218611 7.803056 14.966944 -22.569722 35.826667 9.284167 -12.453611 4.513333 53.078611 -44.740556 -64.410833 -0.863889 5.021944 -48.230833 -40.076944 -9.150278 -206.088056 -4.950556 -7.919167 -13.704444 15.870000 10.496667 0.473333 18.048333 2.060556 41.731389 4.055833 24.571111 -46.725556 42.707778 49.334722 -40.267500 73.330000 23.583056 -13.135833 -3.261667 90.025556 23.975833 -22.886389 30.687222 -54.926111 28.952500 -3.990278 15.267778 -298.894722 -34.675000 -5.486944 -7.385000 -40.533611 5.702500 1.187500 7.001389 -27.075000 40.190000 2.988889 16.686667 -49.766111 2.556944 22.638056 -13.587778 
61.033086 26.010494 2.681728 9.746049 165.893704 25.471358 6.032840 50.170000 -254.233580 -74.056049 -22.752716 3.577160 -478.712099 -42.375679 60.607901 -46.998642 259.495432 141.797778 418.514321 18.117407 658.368765 194.065926 233.764444 81.969259 218.576420 -45.681975 -30.821728 27.976914 44.692716 -64.047037 16.229630 1.869877 182.573333 -57.757778 30.154691 22.151975 -13.667284 -61.668765 6.546914 15.093086 -166.855926 25.194568 256.749877 -5.275679 350.355556 -34.961111 289.222716 0.836173 467.250617 -164.960864 -109.336296 -22.089012 -43.680988 -102.137901 -64.117901 -15.077778 -31.786173 -94.471728 33.502593 0.901235 113.536790 -74.069383 27.959136 20.335926 -44.497284 -62.220988 85.394074 -3.831852 -94.286173 -38.351975 226.092346 -28.650741 169.104198 -173.271111 -228.402222 -16.031111 186.179383 -110.143333 -147.608765 -25.637160 -167.055185 -32.848642 -45.995802 -7.827037 -54.080741 19.631975 20.794198 12.347407 -8.815309 -60.857407 -8.576667 7.539506 -83.077160 -61.425556 60.158642 -9.399877 -142.872222 -94.784691 -100.770494 -28.047407 58.615679 -61.199136 -180.489630 6.661235 53.075432 -14.788642 -52.755802 24.473210 -159.072469 1.362222 -24.579630 5.859753 -53.703210 -33.079877 -0.288148 -2.623086 -40.507037 -121.130370 -58.187407 -13.030000 17.628272 -155.917037 -97.579753 -9.508519 -196.363580 -39.005802 -75.771481 -11.841852 43.862963 1.225062 -34.237407 16.510370 24.926420 -3.238765 -13.256173 25.541111 -113.859383 -1.955802 9.501605 -7.449136 -18.096543 -70.490864 6.010617 -10.845185 135.944938 -113.549753 -65.589136 0.827778 31.939753 -83.691728 -63.990247 -9.873827 -305.371111 -11.916173 -12.435432 -26.834321 -6.510370 9.602963 -2.220123 11.284815 43.241852 23.809753 -1.531728 34.339877 -87.239012 -41.601975 31.682716 -12.853580 180.029506 12.090370 56.868272 -3.678519 221.651975 25.129506 16.161975 26.428642 18.212099 46.328025 -5.284568 26.602716 -471.150370 -68.176543 -16.057901 -31.774444 -85.344198 1.428025 -2.016667 -1.224691 9.057407 46.920617 6.225309 22.390247 -8.919012 19.203086 12.112469 78.559506 
