98.597618 354.349276 17.320835 14.438884 87.305709 193.879170 29.763187 15.312264 -85.612386 137.590271 15.714697 9.637945 -129.351469 69.914243 -8.511300 -12.020202 -22.499388 -29.491582 -16.521962 -2.604352 -3.551398 -66.266478 -16.352183 0.429012 -2.833512 -16.811907 -2.830145 -1.077798 107.553489 -68.511682 -27.943832 6.178069 73.982017 -89.098612 -15.324482 7.783338 -12.438170 -36.909703 -19.428375 -7.970462 -43.580247 -71.088052 -37.022804 -7.836598 -7.570988 -118.543388 -14.555683 0.744031 9.061116 -61.024258 3.260229 2.806678 5.257244 -4.082645 8.115805 3.689751 88.942735 -219.350194 -12.406515 -4.788006 48.317774 -47.334124 -5.526783 4.411871 -84.312596 78.106724 -25.349021 1.220233 -32.971483 53.895138 -6.161540 5.589022 15.942021 33.761453 11.974569 6.400622 18.231609 3.226967 3.798158 3.681436 -1.336114 -10.526196 -7.051831 0.926436 66.903403 92.672125 9.642562 10.317008 -19.567187 89.051576 11.326013 2.994312 -55.404398 30.841547 25.481354 -10.702403 -16.820478 -35.722656 28.371850 -18.519921 15.863228 -35.885012 -23.962580 0.448500 14.892230 -45.840271 -36.294715 2.913606 -4.506300 -30.725411 -23.882767 -1.261096 23.590297 51.344990 7.559586 5.875497 33.171998 31.333486 28.355780 -2.296526 0.396541 -9.433578 23.119503 -10.059101 -29.824023 -47.688756 -26.302979 -9.761682 -14.293848 -53.207147 -22.827109 -11.843205 -6.157918 -29.595373 -10.885700 -9.768416 -3.022829 -14.039715 -2.118763 -4.483267 64.179012 33.371416 2.371748 4.347541 61.068666 25.962682 -5.461611 8.674319 -15.132818 2.291526 -49.256836 4.661489 -30.492552 0.044638 -44.559968 2.053387 -14.212861 15.066626 -11.430900 -2.889552 -13.836522 19.557902 8.751377 -15.628558 7.549485 45.204469 16.750740 -3.255943 27.240766 11.681436 -2.093052 7.109581 -8.965080 29.412279 -14.882410 34.217937 -47.527293 28.070171 -19.534869 4.820324 -26.643123 -3.138634 -1.734619 -20.507499 -4.772447 -24.293567 7.676921 -4.543159 6.526962 -58.284690 9.532242 -2.090654 -10.263289 -127.633303 -1.742067 3.376900 
354.349276 3255.620268 160.576013 118.842414 382.533134 1788.240664 233.884961 99.836649 -292.785379 1096.486098 158.851112 163.366799 -923.604454 975.798184 -32.247347 2.272727 -286.155341 319.925926 -73.526247 -27.201127 2.389629 -367.257703 -90.287700 0.491863 13.451663 -143.113713 -22.046653 -5.999031 259.968090 218.022090 -198.781604 103.803107 604.421105 -316.505306 -173.222197 63.440414 309.724671 -240.728497 -160.321396 -21.728803 -217.508979 -532.630650 -340.252678 -47.541883 -90.891975 -1084.397383 -277.351265 -8.807392 -28.463626 -674.551041 -86.641159 -8.358866 -46.296118 -156.155188 -8.177482 -0.385649 213.100117 -2316.308974 -214.148888 -53.563386 533.327467 -687.751581 -43.381849 1.487884 -247.784282 307.228599 -175.897536 -18.519131 -247.488420 283.454418 -157.845807 36.415417 16.442123 171.002704 54.850653 61.164881 65.160188 138.433731 27.644297 25.153275 -14.538389 33.283466 -87.209723 23.160953 334.385088 419.445261 24.151286 21.558259 -102.013162 595.916284 13.886874 33.678018 -392.308795 344.147740 100.970284 -74.084099 -79.772268 -117.725615 199.642690 -84.360550 104.362820 -46.300326 -28.422635 54.197505 39.564764 -137.680543 -224.180339 40.092363 -14.878762 -116.746276 -132.053413 5.604071 62.675543 140.268263 -9.401031 7.622207 111.563692 113.515458 90.393378 -15.838001 56.202173 -61.003520 211.499107 -83.873253 -80.231379 -272.251250 -93.307979 -24.015789 8.861800 -326.108739 -141.502704 29.770661 -25.232502 -236.137716 -79.925441 -81.175722 -52.598689 -168.576905 -36.449648 -60.143302 192.277217 112.932226 -29.807009 10.142052 383.021171 123.523850 -9.516656 43.944597 113.236889 4.908810 -253.930339 63.522472 -143.333588 -67.067289 -297.390139 67.215361 -50.963601 -43.038465 -91.687557 5.736047 -156.352336 -90.863993 -4.237144 -134.858127 -46.582849 -80.479951 24.849964 -75.693705 10.514361 -4.988139 -16.044689 -6.154576 -104.867029 -14.294128 -104.694113 142.516682 -196.741455 -54.831879 -137.920748 121.681053 -166.157458 -64.769692 -66.610652 57.823385 -33.370651 -119.422993 -23.307775 67.782369 -37.377895 -258.541603 45.271554 11.919702 -97.859912 -663.877717 114.849199 81.430568 
17.320835 160.576013 32.293133 2.453729 40.458831 107.697582 33.104938 6.007703 -30.456586 87.665646 22.644526 9.525763 -86.386593 82.021375 5.697072 0.530303 -27.230334 31.912458 0.425467 -1.984134 -4.572135 -26.515254 -6.682685 -0.948934 -6.250791 -9.566728 -1.035303 0.173503 25.679522 14.878278 16.299969 0.571778 43.966177 -57.747679 -0.710081 3.364453 30.847414 -45.193909 -11.181359 -2.784053 -11.662738 -59.921692 -25.138506 -5.143608 -8.590348 -102.462351 -14.560810 -0.510560 -4.701204 -58.254974 -4.646261 1.023008 -5.997500 -14.399908 -1.314713 0.940975 21.468983 -147.339098 -13.895878 -2.873941 49.919549 -73.914396 -12.992348 -2.378380 0.994796 -10.267626 -26.242271 -2.808234 -7.401847 15.722120 -4.800888 5.339404 11.930466 17.256708 19.072442 9.387460 19.163504 15.653046 9.316447 6.408479 1.459188 -19.393429 -8.969799 4.214621 18.337364 5.439037 -1.402204 3.100143 6.477349 6.363330 -4.110703 0.913121 -18.259157 -3.079788 8.562086 -14.000612 -4.276400 -15.756249 18.612131 -5.515713 18.737731 -8.783696 -8.255280 15.108509 11.615447 -29.307061 -25.780635 11.040557 1.471738 -38.373788 -11.783134 1.381237 3.710132 -0.867207 -0.981430 1.589685 15.034792 -1.556321 4.546016 0.626569 5.764769 -26.104836 14.246761 -8.309713 -5.025508 -31.665646 -4.976686 -7.429803 -8.434803 -31.734466 -10.034486 -1.963269 -4.918325 -24.522294 -6.858535 -6.411285 0.852362 -6.884757 1.922100 -2.817672 12.535915 1.305377 -0.712274 -0.206561 18.097745 2.155443 -3.484032 1.219314 7.774360 -5.133558 -26.235180 2.802826 -1.767881 -4.519488 -18.529283 1.814713 -9.138557 -2.062086 -0.292470 -9.540455 -17.323283 -3.240690 6.225436 -15.377410 4.033721 21.149373 11.077951 -3.592338 2.568054 -2.546067 -1.363024 3.598561 -17.463320 -10.651464 -8.827007 5.773952 -16.281043 -26.550352 -12.134578 -8.621824 -1.889603 -40.605652 -1.018825 -0.760484 -1.237935 -42.809101 5.302265 5.725895 -2.362922 -50.494898 11.845526 -0.156158 10.095909 -61.136517 18.314713 -0.589889 
14.438884 118.842414 2.453729 15.397204 23.558616 58.583410 9.539843 5.019692 -15.481737 38.923273 5.108764 11.679778 -43.175849 14.924600 -5.838792 2.560606 -14.305938 -21.569024 -7.782675 -1.341241 -1.150852 -21.039996 -4.390470 -0.239618 2.962759 -5.909856 -1.020406 -0.840475 7.357668 -36.336343 -10.341292 16.652280 25.155494 -24.595143 -5.260688 3.097745 5.130548 -7.694062 -6.365473 -0.500153 -14.591470 -18.126365 -11.844965 -0.880114 -3.234568 -44.135445 -4.403224 -0.245638 3.597745 -23.303336 1.438578 -0.304153 2.909193 -8.445822 -1.256300 -0.112386 21.942251 -69.880982 -4.057902 -1.756760 14.114733 -17.387869 3.247169 -0.218804 -23.999388 23.530099 -1.652127 -2.777166 -10.493623 19.495358 -5.675237 3.208040 2.217529 0.301449 4.068820 2.793592 2.452046 -5.430364 8.395827 -1.007652 0.011733 -9.279818 -3.095551 0.808183 21.443475 29.572135 3.204775 1.407509 -4.510407 31.183043 6.624630 -0.192888 -19.094684 11.066626 12.994082 -6.633915 -3.636823 -6.985104 7.662585 -4.952301 9.190491 -15.476329 -4.261708 2.318488 3.058412 -20.579839 -5.725946 -1.167279 -5.290991 -16.838180 -3.917968 -0.272421 5.225130 13.948628 0.814611 1.408938 7.487093 6.518212 9.260382 -1.243649 -3.195439 -1.717019 11.063463 -3.165187 -6.771707 -19.246505 -2.158912 -3.452505 2.981635 -19.365167 -4.826701 -0.434803 1.506632 -12.259310 -3.889093 0.392613 -4.449852 -10.334711 -3.067187 -1.123253 8.401796 2.015866 -1.868075 0.497959 17.311040 -0.242985 0.809866 0.966177 0.882359 -3.051627 -7.342108 1.920008 -6.282012 -5.977604 -7.256606 1.897715 -7.112438 -8.625395 -4.133150 -0.701816 -6.403836 -2.724110 -1.366391 -1.308540 -0.382359 1.149985 -0.064330 -1.741761 -0.171207 -5.729875 -0.861035 -1.904346 1.812876 -5.631517 -3.560657 8.050658 -5.880880 3.767065 -3.401082 4.987297 -6.653709 6.351903 -0.091368 -1.114631 -2.684624 -1.586828 -0.103000 -0.570248 -1.856392 -4.611315 -2.462912 0.463014 2.015356 -8.408479 -4.203296 9.101979 
87.305709 382.533134 40.458831 23.558616 856.865243 215.894169 121.607744 56.247628 517.906642 330.425543 -20.336165 147.429905 -799.913912 238.418580 -105.439777 -50.227273 -357.761249 -21.196970 -52.193985 -33.543082 -36.572926 -179.454163 -43.702556 5.317340 -43.774181 -91.941690 -13.506504 -3.139272 116.161387 126.751913 8.264004 44.131084 354.484160 -458.044689 -6.303107 48.603000 136.432048 -323.849862 -92.530762 -6.192378 -283.109428 148.508111 -167.171258 -24.182430 -65.622054 -251.206841 -41.809841 -12.916208 9.032293 -167.700413 7.564891 9.692761 35.640878 42.364555 26.128405 15.374120 149.452173 -325.588231 -37.326064 8.195210 342.199418 -239.401821 -65.470615 25.000995 -48.743113 58.622283 -193.797291 3.572544 -172.413529 235.636746 -106.634298 32.501224 35.476661 86.345424 59.811677 42.207377 88.620447 77.779614 181.097414 11.297750 62.302036 -46.688782 73.664524 21.562596 117.375038 37.795531 0.313820 16.037343 98.408173 65.655188 -19.640419 -3.332032 -94.947352 51.425467 46.144705 -69.565886 -7.738751 -13.136287 85.526477 -36.004209 78.260024 -152.710132 -19.257346 43.639807 121.669345 -296.241200 -23.337772 23.440083 -36.899066 -364.059152 -54.072084 -6.574839 17.069330 17.644705 -11.009030 14.022268 54.036195 -7.243343 49.749158 5.392792 -5.490358 -81.524793 162.755204 -38.395393 -25.492730 -223.761402 78.257270 -47.179905 135.328742 -232.320248 -41.603000 14.006198 147.874273 -233.112106 -69.652969 19.476661 -15.931206 -137.703627 -49.585399 -11.918580 20.895623 3.890190 -7.907254 -7.734236 85.153658 -6.687710 31.327747 -6.793388 24.455999 -75.978956 -8.244337 -3.688629 -5.973982 -110.747628 -34.425543 -9.146082 75.663529 -97.758341 -11.371671 -7.874809 48.854989 -82.342363 -8.571396 -12.400367 -2.226201 5.955005 -16.014539 -11.398684 3.002372 20.206841 10.861341 3.191001 -27.621136 -61.087313 -15.528773 44.778237 -52.103918 -75.873049 -25.707453 55.062902 -19.931665 -18.620217 0.003673 -13.126722 5.854377 -28.034053 10.292011 -25.498623 15.270049 -102.264080 21.806550 -12.536884 33.468626 -195.033517 23.245332 25.975972 
193.879170 1788.240664 107.697582 58.583410 215.894169 1244.272039 145.021886 54.977655 -182.268748 798.186333 98.486609 85.961126 -530.798669 648.634833 -3.083027 -0.030303 -139.337466 348.787879 -60.029155 -6.116544 3.957836 -201.770508 -72.984925 -0.379630 -1.982170 -115.407254 -18.719544 -5.035047 141.152204 -33.552036 -100.231405 44.036042 322.446511 -163.152127 -91.546908 28.310530 225.138200 -131.293848 -89.741047 -9.306703 -66.397306 -388.982247 -202.264004 -33.057086 -62.334175 -771.566345 -204.285966 -10.407943 -34.032905 -467.373508 -79.559994 -7.640572 -35.171794 -126.634068 -15.742118 -1.740205 110.156948 -1517.166284 -144.013391 -37.634451 262.294001 -489.543695 -53.426538 -5.223523 -106.129247 147.995103 -132.446511 -2.419651 -125.033823 136.800199 -105.768825 35.270738 20.142409 112.376186 61.431971 39.192684 58.157178 133.383379 32.866009 20.601699 0.193220 -20.773722 -73.949801 10.164065 199.893404 310.564585 24.331267 10.669115 -99.966942 381.529385 -13.748776 17.984313 -219.090603 193.028313 34.411004 -26.327594 -53.743343 -91.033900 118.432354 -42.590067 83.496021 -12.825834 1.135675 32.908861 35.161999 -125.183808 -164.811601 29.831267 -12.188323 -190.745103 -111.137282 -1.103765 65.004132 164.572620 22.868840 3.675620 83.864478 147.851240 93.254209 -13.966253 45.511478 17.634986 100.505433 -53.153887 -14.003290 -173.890878 -120.192684 -10.928298 18.155188 -242.660468 -114.073156 1.158173 -50.302954 -206.660315 -68.123584 -95.872743 -43.647459 -157.535583 -21.551882 -62.286348 258.824916 241.706535 52.509642 17.983854 209.697276 151.393098 9.777701 26.481175 -1.204699 20.197811 -248.667661 32.729186 -72.328895 -52.614019 -234.943909 37.002219 -31.266682 -44.059994 -50.294077 -19.985002 -126.952173 -109.116009 4.315197 -118.384757 -53.767524 -95.779155 17.344965 -69.176002 185.019819 299.662305 9.941230 82.962351 -134.331879 254.719850 -79.127487 89.564279 -221.232017 119.644399 -112.522421 -14.729109 -120.580425 -35.051806 -41.581726 3.612489 -24.701178 -77.212657 -11.517447 42.879706 -37.596342 -152.588231 34.309305 -0.988675 -11.671870 -347.778237 108.560300 16.341445 
29.763187 233.884961 33.104938 9.539843 121.607744 145.021886 92.718294 8.268238 1.243547 174.111672 68.056117 24.229517 -235.914141 200.869809 9.211560 2.686869 -78.003367 58.259259 7.498316 -7.352413 -8.168911 -55.812570 -12.452301 -5.869248 -10.731762 -7.638047 -0.588664 1.149270 49.484848 10.916947 22.718855 6.143098 110.648148 -151.099888 24.589787 10.692480 51.033670 -114.183502 -10.050505 -6.402357 -54.569585 -93.746352 -54.584175 -11.056117 -20.096521 -225.934343 -33.710999 -7.838384 -10.671156 -121.385522 -9.642536 -0.563412 -8.162738 -11.292929 1.890011 0.877666 51.387767 -227.733446 -13.529742 -3.958474 113.682379 -128.152637 -20.890572 4.285634 -23.966330 16.648709 -61.740741 4.185185 -37.539843 61.682379 -29.117845 16.418631 19.122334 26.179012 28.985410 16.618967 33.214366 38.264310 49.307520 7.594276 12.012346 -1.225028 4.091470 1.988777 52.328844 34.065095 2.717172 4.588103 7.786195 15.592593 -4.300224 0.803591 -64.837262 3.408530 17.802469 -22.208754 -7.797980 -9.062851 30.741863 -5.640853 44.046016 -34.896745 -9.272727 23.360269 48.837262 -91.237935 -15.135802 9.239057 -5.177890 -91.618406 -16.801347 -4.786195 14.392256 29.767116 0.453423 2.824916 29.268238 -20.134680 12.216611 -0.451178 -10.511785 -67.956229 30.377666 -15.501122 -9.445567 -86.404602 6.975309 -17.128507 26.313131 -79.659933 -8.381033 -10.005051 27.452301 -71.390011 -14.790685 -17.732884 -8.061728 -29.116162 -4.058923 -11.270483 3.908530 -8.300786 -7.941077 -0.118967 24.921998 -20.604938 -18.999439 2.902357 23.440516 -32.462402 -47.893378 8.783951 25.531425 -17.983726 -17.657127 6.286756 10.928732 -10.358025 5.808081 -14.360831 -8.547699 -13.873176 14.949495 -20.929293 5.882716 45.107744 29.162177 -10.527497 -22.636925 -33.370370 -3.887205 -5.420875 -36.734568 -67.709877 -16.787318 -6.870370 -11.532548 -116.023569 -17.891134 -3.880471 14.973625 -104.239618 2.530303 20.523569 3.914703 -76.878227 13.936027 16.045455 0.531425 -106.406846 29.006173 0.760382 2.957351 -166.905724 28.791807 1.373176 
15.312264 99.836649 6.007703 5.019692 56.247628 54.977655 8.268238 14.125395 -7.854811 40.905928 -0.348434 17.976329 -62.207530 36.277880 -0.968371 -5.590909 -16.287267 7.159933 -2.928528 -1.975564 -4.609479 -14.915468 -4.486022 1.512346 -3.063310 -11.044230 -1.544791 0.093919 9.066116 -16.218753 -6.948883 5.513927 35.499694 -38.396592 -4.225997 6.520712 11.647689 -21.051117 -7.817264 -0.914907 -22.085297 -13.583002 -16.598561 -2.897204 -5.214927 -41.833792 -7.295582 -1.207989 0.152025 -19.117692 1.128915 0.304153 1.785022 -2.006887 0.136007 1.434701 18.495766 -70.867871 -4.494898 -0.623865 28.615753 -24.973013 -0.390419 1.399245 -16.971687 12.621875 -10.740435 -1.941384 -16.284614 18.513825 -9.047903 0.578921 3.798082 11.448322 6.855882 1.067289 7.812417 9.282522 15.654219 0.492042 2.757321 -6.639833 -3.885165 3.189062 15.860473 22.702428 2.215794 1.246301 2.230793 24.955617 2.757831 1.648352 -11.793286 13.422355 10.882869 -6.204928 -3.179063 -5.422151 12.068820 -6.699214 4.070299 -11.895113 -2.944904 2.759106 10.824049 -25.416029 -9.027038 7.279767 -2.200745 -22.349148 -11.408020 1.339914 3.398378 14.044485 1.574737 0.948730 5.189675 13.853688 10.062851 0.448424 4.492501 1.632078 18.702836 -3.763647 -2.735639 -23.102898 -2.025202 -3.698551 -5.132231 -16.921794 -8.675594 3.437098 10.006224 -7.744363 -7.085195 9.496735 2.727171 -6.158402 -4.017753 1.072289 13.320426 8.858790 1.402051 0.148046 14.356545 7.258137 5.126773 1.300582 -0.706050 -4.327160 -10.602796 0.810479 -4.133966 -13.738190 -13.895827 0.035711 -8.149730 -13.271758 -6.054637 -1.354199 -2.975411 -1.204724 -2.362259 -1.512397 0.261606 0.148913 -3.471483 -0.023620 9.707938 14.012244 0.245332 3.311601 -8.250434 7.899653 -4.650087 9.798745 -12.608101 3.931283 -6.744465 5.810223 -4.918376 5.899245 -2.370983 -3.270125 -1.527497 0.592797 0.818335 -2.543159 -1.142230 -5.302367 1.143353 -0.878533 3.357923 2.952556 0.454903 5.381951 
-85.612386 -292.785379 -30.456586 -15.481737 517.906642 -182.268748 1.243547 -7.854811 2415.838588 -21.616060 -73.505867 155.863585 -130.714876 -203.259208 -441.788899 -54.626263 -994.726967 -384.695286 -302.971840 -158.396031 -146.349352 -392.120192 -110.021630 -45.975309 -87.901184 -195.751913 -24.444955 -20.543108 -33.734619 767.686920 4.752831 11.241812 112.100857 138.648505 -35.904244 18.628201 444.616774 -264.363942 -97.605601 57.320324 -168.483726 874.267422 -237.988675 16.345169 -101.682379 467.795225 -60.306040 -27.455005 25.264565 -100.611876 -29.638404 -15.007856 0.909346 -77.308999 -20.383175 -10.162279 -116.664575 107.416233 -61.046271 8.875778 140.627742 -140.780278 -151.046220 44.814101 308.814662 -121.490409 -259.935874 59.249005 -156.971431 181.273748 -210.965871 12.358484 1.993317 51.150087 69.957402 9.478931 44.652842 -11.106214 180.951689 -21.498929 23.938425 -117.823283 68.263647 -15.848230 -106.424140 -166.051984 -31.993113 -10.385267 11.181053 -86.895929 -115.009132 -6.363534 -61.807418 181.787777 -128.514794 42.733395 29.339761 262.395827 37.848383 23.525814 87.046934 -14.491327 136.668962 25.419957 66.441486 -296.363738 17.770993 -10.036884 -12.737578 -375.257066 -17.587848 -19.428528 -77.025559 -133.398633 -66.049332 -12.371595 -59.913580 -171.729721 -42.162177 -13.099021 -31.112335 -68.790021 207.774819 -43.448322 35.239924 -136.257678 187.888073 -37.237323 291.297521 -242.766452 -29.912713 81.476125 239.657994 -338.155851 -47.833843 -43.503316 -10.058974 -162.495868 -34.357361 -57.666718 -168.859147 -146.210336 -47.230793 -27.388940 64.219518 -15.145342 133.916080 -2.763851 91.453372 -69.396745 179.806346 -8.947454 -35.346444 -160.795021 2.797878 -21.748138 184.951229 -106.293286 27.894399 36.500510 202.803540 -148.229466 -21.946281 -19.397612 -53.670544 -207.554331 -76.223957 -67.551372 -129.271452 -133.125191 20.352464 -49.056321 104.931180 -140.465157 40.648862 52.735231 -22.714825 25.670187 18.376084 202.344506 -155.215080 137.319151 -16.907713 52.589685 5.990460 48.591011 -28.199418 -10.617539 37.598918 113.873227 -81.520916 -13.276808 76.136874 64.688399 -7.667330 -2.050607 
137.590271 1096.486098 87.665646 38.923273 330.425543 798.186333 174.111672 40.905928 -21.616060 881.174293 93.997067 57.674217 -556.115014 764.635547 -15.452530 -18.474747 -183.343281 299.255892 -43.210667 -5.364682 5.196536 -161.769692 -58.614351 -3.975028 -0.592006 -71.262320 -10.462376 -3.231150 126.508953 -64.411591 -35.676615 23.264845 303.641338 -342.711101 -22.800607 21.187838 175.626569 -182.394092 -91.254821 -17.463575 -65.251964 -282.361239 -204.565044 -28.064789 -42.040685 -741.837236 -140.461101 -23.596189 -14.776808 -401.965029 -34.602030 -8.405443 -9.535226 -57.353994 10.896796 1.469365 116.233369 -1035.488853 -109.821115 -23.198475 264.013366 -393.965896 -80.068564 -1.065172 -103.951255 136.934088 -180.877028 -11.640649 -92.036221 165.366672 -83.629400 41.898939 61.350194 91.246761 91.645368 40.754617 96.495613 118.335782 110.920289 24.106596 26.949010 -53.873763 -28.943934 4.856188 136.745001 166.799765 0.013545 11.691205 -33.750383 241.981328 -24.802546 6.477324 -184.684012 127.297929 42.550684 -58.933808 -22.779614 -47.165723 113.873686 -39.545174 114.149730 -39.980512 -1.029155 41.227655 98.546500 -191.459647 -122.495817 30.567417 -16.265254 -330.638634 -120.947964 -11.810223 59.934190 111.793108 19.533415 -0.557009 89.964927 82.236149 87.335578 -1.559611 2.979186 -10.571778 71.940440 -43.494363 11.412892 -163.363687 -88.970105 -29.404015 73.830579 -246.799893 -96.575043 -21.610422 -9.506862 -229.906209 -67.785609 -101.107719 -43.032012 -136.396924 -17.363024 -64.017702 230.436588 180.854428 47.293695 11.212096 155.203194 73.972783 -1.233879 12.559994 -12.712708 -14.213524 -238.089251 28.836879 0.748495 -53.321753 -185.800556 27.080476 25.321574 -45.098663 -14.504821 -37.530048 -99.608331 -91.190491 36.011708 -112.027089 -41.739312 21.041016 58.105193 -65.497908 177.904678 253.111647 10.209060 70.168809 -99.372794 236.724492 -53.370013 48.115090 -231.660443 94.915901 -85.274079 -71.582798 -83.382793 -122.787394 -8.077594 2.994337 -1.620932 -175.790353 27.897766 45.001837 -20.521248 -239.896720 43.585501 -4.158606 -1.449240 -419.676002 78.714315 18.964595 
15.714697 158.851112 22.644526 5.108764 -20.336165 98.486609 68.056117 -0.348434 -73.505867 93.997067 138.263366 -3.161412 -80.648072 177.435823 85.890445 13.398990 -44.597184 60.265993 7.147459 -3.216381 -25.595016 -51.466202 -19.511963 -12.045735 -16.584660 -21.032752 -2.232808 0.298694 29.496556 9.807877 28.402816 -5.702097 65.518289 -57.977859 34.513443 6.118508 37.502602 -76.625038 28.472911 -2.963116 -38.388328 -75.099990 -19.752372 -4.895827 -17.980079 -159.794536 -33.056142 -7.475436 -8.735027 -109.711586 -21.385777 -2.688272 -19.205566 -61.683196 -11.841037 -4.515024 34.792139 -173.647255 2.005790 -9.636950 76.640547 -98.113738 -2.749464 9.008749 -39.650061 18.875778 -34.147919 15.291858 -49.917304 45.331777 -28.497628 18.510509 3.983803 12.813795 7.915340 17.008520 15.959341 3.015764 11.094761 7.488139 -3.301678 -30.275048 -9.776808 -2.400010 39.658683 36.218039 3.575987 -0.019539 1.467707 7.507958 3.377436 2.108178 -82.391542 11.374145 15.248572 -0.037114 -26.646924 33.929318 26.581216 8.328563 29.574890 17.980461 -3.865243 27.145929 32.357795 -56.206663 6.774615 3.473294 -7.789588 -77.615677 -5.891032 -2.033364 9.395164 22.288976 -1.216815 -0.864631 23.621493 -30.177074 8.219416 -4.864019 -19.141567 -58.011631 27.509310 -10.971865 -19.447072 -39.242016 19.801245 -8.972426 21.158402 -35.527625 6.221559 -11.856520 31.759438 -72.707402 -1.621697 -28.666029 -13.918146 -47.483701 1.586012 -14.711917 -20.285634 -27.398556 -8.339455 -0.477069 17.889603 -19.709035 -11.166845 9.009948 13.704188 -2.370090 -23.025890 17.489312 4.532242 10.023518 1.775661 7.166794 14.945082 3.738802 6.965335 -12.941435 8.263111 -1.698296 13.358356 -20.389348 -1.136007 59.616315 42.092797 -13.754107 -36.356112 -52.178528 -3.359351 -11.244414 -19.030278 -75.616646 -8.918682 -2.021732 -3.489185 -99.137818 -6.511912 2.046220 1.408300 -85.976099 5.509642 13.530150 -2.358305 -84.851418 16.641108 13.005510 -2.559815 -118.586343 40.361443 0.940567 -17.214162 -134.364708 40.507703 -2.322824 
9.637945 163.366799 9.525763 11.679778 147.429905 85.961126 24.229517 17.976329 155.863585 57.674217 -3.161412 106.996225 -198.476584 38.353943 -46.454290 48.550505 -139.356137 -14.112795 -37.017141 -14.023467 -23.882359 -60.333588 -22.161259 -2.384961 -12.803745 -31.242577 -3.936741 0.436282 -3.427456 40.099735 0.659014 20.540557 67.054331 -47.985359 -9.343383 8.704061 69.156413 -67.361035 -15.450872 5.294919 -39.103816 32.370013 -41.071013 -1.215080 -20.597082 -59.542241 -22.268187 -4.468320 4.835374 -77.349556 -4.347975 -0.692480 -1.673044 -28.381084 -1.173146 2.713550 3.235588 -164.885624 -10.575554 1.211611 60.074125 -87.684981 -6.940465 -2.105040 14.603153 -19.088256 -16.118304 -13.634221 -22.254617 29.489644 -20.636058 2.219722 8.793337 12.040761 21.519488 7.344914 27.749668 -10.622436 43.722936 2.478268 -3.844455 -60.619937 -1.924498 7.680492 29.078257 30.011733 9.247016 3.672074 22.579737 48.615396 16.197990 0.270177 -24.728701 36.012652 29.869860 -19.117692 -12.387971 9.523518 38.835884 -13.251403 18.362004 -36.540047 16.977961 14.480869 19.594174 -100.760076 -13.199061 8.937251 -16.227222 -98.987501 -13.414907 -0.256504 8.285430 22.450668 5.172686 4.239363 9.698092 32.768289 18.615039 3.228038 -3.257270 -1.501990 42.351750 -8.539435 -4.710234 -65.330783 33.838588 -8.683094 18.703398 -68.278084 2.853178 21.460514 22.024895 -59.330987 -18.845832 17.663708 -1.121620 -18.042700 -6.424549 5.263902 -0.395062 2.647281 0.259718 1.738649 9.557494 -9.159371 2.017192 0.076064 13.958627 -38.621773 6.245383 -2.409601 0.827773 -42.619427 19.684369 -5.852107 0.411183 -36.627436 7.468320 5.113509 13.709468 -18.111825 -8.156107 8.460514 -6.074788 4.863330 -3.547546 -1.175288 -11.516733 -14.294460 -0.437863 6.003979 -29.633048 -43.002398 -8.125599 4.588919 12.532242 -57.446587 -4.240486 29.195439 -0.749260 4.197990 0.354454 14.182124 1.854658 0.472197 10.394552 -8.743343 8.734109 -33.214519 11.729977 -7.998980 -9.846087 -81.775635 24.572135 16.164167 
-129.351469 -923.604454 -86.386593 -43.175849 -799.913912 -530.798669 -235.914141 -62.207530 -130.714876 -556.115014 -80.648072 -198.476584 1813.292241 -625.477961 11.127410 -10.010101 337.490817 -384.030303 -171.892792 -23.997016 -164.690312 67.877640 -25.710514 -14.209596 10.761938 9.092746 0.070018 1.948118 -159.261938 -7.639578 -13.948577 -70.499311 -468.780762 609.300735 -29.802801 -61.541322 -126.942608 403.105142 116.971074 12.077135 404.959596 92.814050 168.584481 53.314968 75.426768 794.827594 18.550735 24.152663 16.105142 445.293159 -10.916896 0.335859 -2.261019 -53.507805 -39.329660 -13.405188 -205.876722 737.401056 44.614555 -4.469467 -430.305326 407.569100 53.083563 -28.401974 150.007117 -37.791093 215.836318 -5.409550 169.791093 -230.511249 67.751377 -30.826905 -53.596648 -91.213039 -139.697658 -54.955464 -109.805785 -67.571166 -212.181129 -34.433655 -53.784894 35.177456 -9.028926 -26.884757 -242.458448 -235.421947 -29.688935 -25.874656 -56.350781 -143.253444 -8.659550 -13.231175 173.629936 39.127640 -109.555326 101.162305 56.297062 176.767447 -149.897612 65.618687 -119.037649 199.377870 31.797291 -79.581038 -172.023186 351.824610 121.745638 -49.259642 -6.828053 309.722911 95.468779 3.785124 -78.662534 -122.171488 3.001837 -19.733471 -136.214646 -39.047750 -85.095960 -11.052112 -35.352158 146.387511 -175.826217 34.655877 69.210514 309.915519 -24.792011 24.196281 -52.769054 323.718320 75.233242 -47.114555 -128.269284 231.952479 63.671028 17.989210 -24.140725 18.009871 1.008724 35.286042 -109.348485 -24.120064 23.661157 6.030992 -133.046832 26.214646 4.274334 -16.200643 -56.266988 127.386364 115.409780 -29.232094 -20.098255 135.348944 87.190771 -10.592057 -31.389578 51.290174 20.145317 23.230487 8.834022 51.830119 -32.987833 66.519284 -12.174931 -89.673095 -83.567493 45.226354 10.300964 30.935032 2.471534 -2.694215 104.353306 77.549816 40.449954 -26.865014 78.589532 245.164601 44.884986 -13.249311 -67.871671 223.880854 -14.546373 -53.660239 -16.896465 104.693067 -40.411387 36.884757 -3.193985 258.211433 -89.636823 40.267218 57.169881 633.287420 -136.160239 -36.842057 
69.914243 975.798184 82.021375 14.924600 238.418580 648.634833 200.869809 36.277880 -203.259208 764.635547 177.435823 38.353943 -625.477961 1353.245383 119.447556 8.202020 -135.648913 863.198653 60.007040 38.996531 66.037241 -46.821294 -29.766350 7.554994 4.133711 -62.110958 -7.147434 -2.786450 67.195133 16.888481 18.467248 0.641261 327.698194 -358.728446 41.870319 35.454188 118.363789 -245.573309 -33.978421 -34.108050 -150.246352 -384.891899 -203.110805 -33.438119 -56.732884 -797.775941 -164.132486 -24.082185 -48.747832 -415.524181 -43.185695 -14.108866 -28.709111 -12.735078 31.100755 4.318437 109.357004 -916.890470 -47.518723 -24.566830 309.382104 -358.803234 -45.089838 7.275074 -123.906183 130.569738 -219.624120 14.730181 -120.011376 166.875676 -114.283134 50.768493 26.927201 72.794256 90.542802 51.309968 68.519692 132.864861 174.770330 21.223753 34.916845 50.803438 39.441333 8.573717 183.196153 204.441128 12.631772 11.274054 -50.998929 197.793695 -33.189572 6.771911 -202.687124 121.914958 39.830476 -72.902510 -10.874656 7.621263 59.202836 -25.443883 125.099276 -28.498674 2.148301 67.902969 108.266095 -196.110295 -57.349760 26.375880 -26.942812 -304.418223 -74.968932 -13.056627 44.876186 115.739567 7.268391 4.250536 73.364198 58.226661 64.903479 1.479033 4.827977 -28.821243 89.200439 -43.044740 2.009897 -132.797164 -61.852056 -18.495358 102.751148 -170.817876 -99.617488 4.948577 57.215845 -193.470360 -53.531272 -85.119937 -60.245383 -127.507805 -44.469391 -59.156158 109.893378 78.566524 19.199878 6.965055 175.324661 35.223345 -18.141771 3.257270 52.686154 25.406285 -184.637639 43.524079 3.069534 -6.175186 -145.994133 42.035609 32.597235 16.533160 1.162994 -41.059637 -88.993980 -38.962249 34.383379 -110.066575 -60.539690 72.429599 74.791654 -56.387001 90.641312 113.375268 4.538874 30.541475 -7.166616 146.943475 -39.877768 22.370676 -152.387460 47.633456 -66.316753 -33.488369 -72.627844 -74.098663 -6.834252 14.413835 -2.762065 -148.652331 41.630701 21.748393 -38.639833 -289.581777 82.323896 -5.315835 -35.024283 -540.244567 123.687124 33.288695 
-8.511300 -32.247347 5.697072 -5.838792 -105.439777 -3.083027 9.211560 -0.968371 -441.788899 -15.452530 85.890445 -46.454290 11.127410 119.447556 273.921768 -20.707071 215.084328 161.829966 145.770814 18.906923 16.769488 36.083282 9.045021 -1.666386 -5.284486 7.400979 0.626288 4.266044 -22.430441 -85.308336 36.821702 -19.964111 -29.385598 -14.252627 33.473243 0.298388 -28.836394 21.900520 65.123967 -4.990511 39.110550 -180.372462 87.180747 -0.831905 2.177048 -141.084711 9.007474 -1.858815 -17.807673 -53.801729 -18.297878 -1.831930 -22.953296 -67.212580 -16.063922 -4.484058 -8.437226 3.022370 33.541960 -11.487476 -4.244771 -8.186996 40.438170 -1.633634 -21.818258 -3.982298 58.732400 -0.199571 -15.122641 -42.482374 36.119758 -2.903530 -4.403454 -5.977706 -13.011759 10.342720 4.680237 -13.287114 -64.755918 18.507270 -22.462325 -70.850755 -51.207122 -0.218447 13.183833 -0.421896 9.957989 -3.745383 25.251301 -40.328436 26.618891 -2.649500 8.683553 -56.428783 25.601750 -2.911922 -28.365473 -14.299842 14.495460 15.484568 0.088562 36.062698 -4.751377 8.296679 16.375906 40.626773 9.109683 -0.848408 -1.178273 -26.313157 -16.383991 1.677992 15.658096 12.450235 3.377972 -0.078895 32.484568 -15.982706 -14.613356 0.290557 10.415213 -35.605448 -38.088741 10.774436 8.616034 39.131823 -13.233293 18.517422 -45.108815 65.243878 24.053464 -11.014463 -33.741991 31.605015 16.424268 4.332237 5.580221 -1.720156 24.594888 0.242679 -19.754770 -33.026604 -18.638965 -2.229543 8.023620 -38.220258 -42.507168 3.763698 17.675059 14.466049 -14.655469 18.547878 6.787777 36.167024 15.492934 6.829074 -19.682915 -8.518416 3.101240 -11.204571 -34.934369 11.642281 22.698577 14.957759 5.155749 40.443373 66.382410 5.160902 -46.811932 -59.477579 -9.514845 -21.435568 11.493087 -77.333308 -3.153403 -24.554943 32.543822 -108.449418 3.167559 5.252219 27.966815 -65.628584 2.972911 10.627334 0.484568 -50.861621 18.714264 12.708907 -7.269845 -114.439368 60.715692 7.202224 -28.861137 -163.300582 70.882104 -21.443934 
-12.020202 2.272727 0.530303 2.560606 -50.227273 -0.030303 2.686869 -5.590909 -54.626263 -18.474747 13.398990 48.550505 -10.010101 8.202020 -20.707071 134.050505 -53.313131 -7.823232 -33.696970 45.459596 -29.691919 17.232323 -11.565657 1.762626 2.974747 16.964646 1.696970 4.676768 -20.696970 -5.156566 12.636364 6.479798 -15.171717 38.626263 1.116162 -2.661616 -14.641414 -5.075758 8.151515 0.242424 11.797980 -61.287879 13.858586 5.257576 2.025253 -27.469697 0.090909 4.303030 5.242424 -29.419192 -3.030303 0.580808 -0.202020 -14.646465 -2.373737 3.131313 -19.722222 -39.828283 3.550505 2.555556 -26.691919 -11.282828 3.898990 -5.318182 -14.080808 -37.505051 17.611111 -5.651515 41.505051 -34.126263 21.984848 1.757576 5.646465 -22.303030 13.277778 -0.752525 -0.777778 -17.924242 10.267677 -1.585859 8.651515 34.353535 18.505051 7.136364 12.772727 22.464646 13.702020 2.535354 -11.075758 -5.040404 17.808081 2.338384 -12.959596 -15.464646 20.606061 -3.030303 -10.757576 4.863636 15.429293 -2.979798 -7.919192 -0.782828 3.626263 7.994949 -1.015152 -36.272727 1.434343 6.106061 -4.090909 -7.863636 21.429293 0.919192 9.626263 23.101010 12.292929 4.828283 0.166667 38.535354 22.666667 5.641414 -18.070707 13.272727 15.035354 1.217172 -39.904040 -21.151515 25.575758 -2.055556 -25.353535 -13.797980 7.141414 -0.676768 7.944444 -6.984848 -9.782828 13.631313 2.030303 8.272727 -4.297980 15.267677 -1.040404 9.065657 14.398990 5.474747 -17.631313 0.116162 12.989899 -1.171717 -27.282828 -7.303030 23.242424 -1.464646 -24.863636 7.222222 46.969697 -3.833333 -15.156566 13.500000 20.166667 -2.570707 12.474747 30.262626 -0.828283 5.313131 2.853535 66.141414 7.494949 7.934343 25.131313 8.000000 2.353535 12.323232 -4.909091 22.277778 7.045455 5.141414 7.661616 19.782828 17.525253 -6.343434 -8.782828 32.353535 18.979798 -22.075758 -1.489899 -11.858586 27.575758 -14.580808 3.156566 -52.318182 23.318182 -2.873737 -9.797980 -84.898990 -3.621212 11.510101 
-22.499388 -286.155341 -27.230334 -14.305938 -357.761249 -139.337466 -78.003367 -16.287267 -994.726967 -183.343281 -44.597184 -139.356137 337.490817 -135.648913 215.084328 -53.313131 788.035813 17.479798 169.986685 58.999388 86.839608 131.451025 57.937251 15.658249 25.953780 90.591827 7.332568 9.533823 -50.682736 -339.638812 -14.827824 -22.950413 -180.194674 110.432354 3.570401 -22.547597 -237.211203 258.191460 53.275941 -16.931129 162.739057 -329.204928 186.441230 0.911693 91.850168 -49.438476 52.684879 22.340220 -26.183961 166.344812 7.108050 1.351852 11.634221 84.978421 3.963116 -0.685338 -36.312519 261.207683 38.231099 -5.587848 -177.560912 177.362412 64.824610 -30.192991 -29.189624 34.408326 150.543159 -32.538108 126.946893 -152.387358 131.841598 -20.727426 -14.760024 -50.769819 -65.435109 -13.781604 -58.503061 19.744720 -155.367922 3.893021 -14.099939 45.724671 -63.190389 -7.345577 -42.378635 -16.949189 -2.542700 -8.820324 20.592287 -76.672176 26.761555 -5.196817 171.523722 -172.813284 23.897000 1.276860 17.393480 -126.469391 -54.676921 1.816498 -95.000306 1.437251 -7.135445 -41.117539 -98.347873 233.828130 36.138812 -26.850781 12.580502 325.864402 19.459137 9.241047 15.095500 2.770738 14.408326 -3.405877 13.579125 31.339761 -39.447811 6.268136 36.922406 70.648301 -182.655953 62.039639 24.367463 165.520049 -113.021426 56.043006 -125.917355 199.936180 63.037496 -34.621671 -132.543312 215.294001 68.453780 -8.073156 0.462045 79.165289 31.966483 7.588307 29.178451 27.389042 3.951791 0.260024 -74.173248 -28.336700 -88.638506 -15.062443 -13.968932 38.518519 -57.573309 -10.103000 75.831344 99.570095 36.691766 10.905571 -45.482247 82.476737 -13.496786 17.460361 -52.948730 65.539639 -8.230028 52.832874 3.463881 -76.523416 0.224671 18.713346 47.751913 51.488981 -10.913223 -8.190542 10.313437 73.797215 -5.791858 -96.245638 107.604530 -0.709366 14.210591 -121.763545 121.273339 -19.546526 -2.783287 -9.138200 2.089226 95.702173 -39.559229 13.606520 -12.222834 132.741659 -28.198041 17.801959 3.111876 235.148760 -52.134833 -22.439547 
-29.491582 319.925926 31.912458 -21.569024 -21.196970 348.787879 58.259259 7.159933 -384.695286 299.255892 60.265993 -14.112795 -384.030303 863.198653 161.829966 -7.823232 17.479798 1771.080808 264.616162 19.193603 300.663300 948.038721 135.265993 37.506734 119.740741 187.060606 22.377104 22.430976 -49.065657 -142.695286 27.232323 -43.030303 40.979798 -123.791246 75.452862 -1.052189 15.742424 -99.010101 43.545455 -12.691919 -34.791246 -307.624579 3.631313 -26.973064 -52.968013 -225.116162 -34.801347 -32.343434 -33.042088 -31.363636 4.220539 -5.744108 -20.077441 76.429293 35.855219 10.200337 11.594276 -291.860269 16.599327 -22.215488 1.493266 -139.340067 22.161616 -16.149832 -19.323232 -45.688552 -50.681818 -8.898990 17.680135 -61.350168 -54.803030 15.728956 -36.649832 -62.845118 29.074074 11.784512 12.230640 75.535354 127.622896 17.752525 42.715488 148.422559 64.872054 21.589226 122.528620 164.132997 30.525253 0.947811 -31.787879 110.959596 -5.811448 -11.734007 -52.922559 65.183502 5.138047 -39.429293 3.358586 76.592593 -19.932660 5.048822 28.079125 45.119529 1.575758 37.929293 20.836700 -81.685185 -8.951178 19.217172 10.700337 -187.629630 -17.217172 2.348485 46.005051 102.542088 31.427609 4.611111 55.397306 165.818182 86.062290 -5.196970 26.297980 129.838384 76.351852 -29.673401 16.700337 49.895623 -41.658249 10.951178 3.767677 15.666667 -77.574074 57.691919 22.102694 -49.057239 -50.042088 -10.013468 -39.390572 -67.262626 -28.045455 -13.557239 180.612795 168.321549 80.590909 21.538721 52.264310 129.567340 75.634680 6.005051 -58.427609 46.720539 -110.239057 0.885522 -62.781145 -30.957912 -115.988215 10.023569 -35.281145 13.654882 -9.909091 -34.558923 -95.902357 -36.638047 5.151515 -51.752525 -55.223906 22.621212 10.069024 -24.654882 200.582492 268.949495 27.055556 103.893939 -38.053872 396.185185 -8.097643 94.111111 -207.609428 290.095960 -55.326599 -91.661616 -64.835017 72.163300 -21.510101 -50.797980 -3.188552 -32.653199 34.924242 -15.772727 -47.356902 -128.739057 85.188552 -13.412458 -26.922559 -352.949495 136.003367 15.279461 
-16.521962 -73.526247 0.425467 -7.782675 -52.193985 -60.029155 7.498316 -2.928528 -302.971840 -43.210667 7.147459 -37.017141 -171.892792 60.007040 145.770814 -33.696970 169.986685 264.616162 247.519972 3.340144 121.665672 207.042317 91.573079 9.718013 27.664448 81.372360 11.305862 6.616774 -33.612259 -78.361647 32.552342 -16.066804 -26.351928 -44.440618 39.666284 -0.227426 -45.531680 11.129477 31.699725 -3.769972 2.801347 -129.944291 87.522498 -6.063667 1.712963 -109.246327 72.157867 -3.520432 -18.368840 2.189853 28.738598 2.165825 -2.886517 27.004591 6.818794 0.916054 -6.784588 125.897230 32.940389 -4.791628 -29.841292 29.809076 34.050964 -5.247551 -7.271120 -5.040098 55.417585 -0.541322 23.376798 -25.260713 47.283058 -1.130242 -6.950031 -9.580961 12.573538 8.587389 7.455770 -11.359504 -21.038185 14.059458 0.590986 -30.297444 -29.081420 -2.949648 -2.907637 0.351393 3.528696 -4.737527 2.308540 -33.905877 18.974671 -7.478344 37.217784 -65.428222 26.834634 -13.581956 -2.057392 -56.045072 11.400061 9.756734 4.441537 -12.666820 -13.832185 11.416208 10.866927 29.410162 -17.209060 6.028696 -1.717554 13.567876 -21.158402 -5.586318 3.937557 -1.655265 4.666973 -3.706841 11.761785 -12.196511 2.164983 -2.763315 20.644169 -14.790634 -5.547215 10.315963 5.526247 37.081879 -5.041934 14.529767 -31.745179 49.413912 6.025406 8.899679 -19.840756 55.555632 4.285660 10.302495 -1.595424 48.885904 10.224518 1.790940 19.771044 -16.690465 -2.384757 -0.943909 10.157178 -0.276936 8.583180 2.740129 -2.694751 12.640572 1.662152 6.122513 -12.910315 9.852770 -13.319636 -1.462733 -21.530839 12.708295 -3.211892 -16.904346 -43.891720 16.727579 20.036961 0.861800 16.454852 48.376033 49.285889 5.552036 15.112871 -10.804178 -1.415519 0.242883 25.475130 43.967478 8.356137 6.209366 -7.337772 24.942837 2.417279 -25.180441 16.139654 -17.974824 7.225436 -8.158861 -1.106902 -22.821778 14.672176 -2.907254 -2.326523 -77.295148 41.436792 0.946893 -3.626569 -230.399908 50.943832 -18.716100 
