9908.962172 1149.462886 261.600627 553.621034 526.166208 212.103433 63.863407 36.238445 13.149653 1024.142281 -91.397868 54.698679 -60.007423 328.193475 -450.012422 84.821166 147.736404 -757.110448 -512.748495 86.489236 -59.681180 -946.005153 -324.479313 -61.573258 -355.900673 -489.634144 -116.100219 -35.394858 3670.659729 -1005.977196 -84.179267 -185.378023 -77.265866 41.299255 -1.956637 -43.692302 -70.500995 157.377002 -103.806703 12.650979 86.778109 -72.587313 -226.728829 83.704188 262.944444 -74.581063 -178.141414 23.925977 61.727885 -116.405571 -99.194368 -22.007244 -72.865320 -642.000969 -172.650775 -45.342848 788.390011 -109.799051 -171.487884 6.988547 -259.490970 -6.448424 -53.490180 -25.300556 27.308616 206.725666 -129.249413 9.648505 73.994286 -99.214621 -181.366085 82.813692 205.893863 103.677303 -82.410060 70.851087 -221.963524 171.340322 -24.589761 24.480589 -189.269003 -311.527064 -154.934037 -35.556907 328.327339 7.714340 -113.422304 110.802877 -207.889884 -41.872564 -54.619580 -0.515330 23.249592 30.747424 -154.454367 17.480767 -11.217707 72.862514 -169.373661 43.940873 57.640241 195.251454 -74.880931 143.456382 -193.122641 223.890419 61.629630 42.149526 -205.318080 65.892817 60.672482 -48.207275 130.450974 -101.751071 -94.924676 84.385318 -54.767396 -74.697352 -78.925314 7.142026 104.237960 288.357846 -214.001428 25.572391 -78.618406 351.492577 -313.625778 44.251403 173.494439 100.556321 -167.600704 53.309713 222.334099 -74.224441 -23.388634 15.340552 -66.476661 -521.880038 -43.819483 -281.352490 -51.729058 -193.002347 -58.897536 -11.001097 112.397612 -34.999184 -47.923477 4.668962 103.098536 169.341368 -132.517065 250.342031 -350.702403 499.972120 -300.734951 217.813310 -349.931793 397.500357 -204.449316 134.301168 165.072697 311.992883 -47.753546 114.786731 36.625727 39.799765 -42.023390 -72.144883 61.555454 -318.488318 -62.741582 -285.735359 269.273748 -85.579507 -55.954112 -53.116009 -212.807596 -335.338588 -37.802597 -63.561779 -85.328206 -101.729109 -273.635190 204.194904 130.601852 857.135522 -376.470386 161.304790 529.435619 574.285558 84.999388 10.247806 759.470870 572.507040 49.508009 143.098918 
1149.462886 1185.266529 -43.086547 263.057928 137.245638 43.521197 -1.266070 46.647383 -24.997628 34.608968 31.936027 -16.635981 4.292700 -41.769590 14.652051 -28.142103 123.990511 -206.838537 -38.848638 5.469850 178.312596 -178.213652 -6.108892 -4.144322 -38.530303 -128.699036 -10.356826 -28.912764 445.320171 -35.440771 -112.244567 100.294307 233.971610 -8.591980 -5.268748 42.999311 -14.817952 -10.395470 13.636823 8.128329 -26.000077 -28.127870 -19.341521 5.345654 81.196970 -24.473523 -44.575758 11.000765 201.731405 -86.108815 -4.728650 27.462045 40.181818 -299.701408 -81.968702 0.225972 -228.321549 -103.576676 -128.545531 28.060530 332.564738 -28.185950 -28.024411 35.481558 -24.774793 -133.943297 -39.948271 24.571013 4.313284 -117.451638 -31.486226 12.619529 48.998852 31.477732 -1.655953 -1.476125 118.809764 -100.763851 -5.609045 28.900750 42.778084 -294.966560 -74.409550 -16.818258 -459.261631 -49.436410 -73.895164 38.179522 424.848714 -32.962198 -22.591674 31.416514 17.940848 -43.576523 -47.158938 3.701408 9.759642 23.957912 -14.210973 13.633303 -63.749923 18.862718 -11.022039 31.199265 90.215947 -57.128558 12.469697 48.778237 46.329813 -115.966330 -2.650138 -9.578818 -513.225283 -55.422635 -54.920646 7.653505 500.645623 7.903352 -12.576676 37.135445 33.781527 -11.571702 -127.834558 1.873737 4.208754 -78.858815 -66.669498 -6.890572 -5.603612 69.122590 -29.869146 -21.839149 106.193297 -62.593893 -0.061830 -8.997781 23.036961 -193.811677 -11.433655 -40.176232 -537.668197 -35.191766 -26.053949 -30.839685 424.842975 20.077900 -14.316804 38.332415 -30.431053 9.039715 -106.983242 44.377946 88.615473 156.783823 -43.574763 48.063284 -140.027395 174.166973 -67.350857 9.608433 61.797521 36.236685 -9.974901 31.048439 36.618228 7.723753 0.073385 98.968167 -524.829813 -97.390419 -41.305556 -112.015228 464.267830 139.211433 4.264080 23.345730 -152.043235 -223.417202 -25.761172 -56.820631 123.597107 -216.547750 -132.371289 147.251837 -13.164141 302.563131 -137.505280 64.581956 228.928222 233.758111 47.617080 29.232247 317.088307 170.110652 16.983777 171.418121 
261.600627 -43.086547 101.279385 -13.818105 41.622130 -4.840144 4.265611 -0.657025 -5.333257 -30.483777 3.425926 3.746021 -1.031451 -17.371518 -4.115167 29.188476 -13.995256 -1.684267 -13.260024 25.361035 -24.021197 8.152280 -5.623584 -1.460667 -10.262626 -20.257805 0.495332 -3.422406 142.582339 -42.825069 41.809152 -25.018365 10.012932 -10.941384 -1.108050 -5.412534 -4.317034 -19.074992 -9.310836 0.818411 5.208372 -8.467631 -4.123431 0.022880 16.353535 -1.268289 -1.878788 -3.972605 4.485308 8.481175 -4.739210 -0.107285 -5.176768 28.610805 11.548745 -0.240511 46.496633 -3.954086 9.915442 -10.225972 -15.009642 17.464187 2.985690 -5.570324 -2.924472 28.202709 7.782216 -1.277931 4.674166 20.006122 7.109275 3.750842 5.110422 21.429063 -0.818488 5.816345 -16.796296 27.283440 4.939624 1.409474 -11.353688 3.184037 4.174472 2.445745 30.276018 2.171488 6.248087 2.023875 -27.529155 12.917968 0.507958 -3.939317 -2.368151 25.316039 4.833257 3.096266 -19.004821 27.695286 1.187557 5.249005 -1.579584 22.030762 -5.428375 10.551882 3.854148 0.205693 -3.828283 7.249770 -7.758341 -10.259259 -0.018365 4.445975 43.981328 -13.264692 -1.162152 -1.473217 -20.945286 -3.700413 1.596419 -0.327824 13.744337 22.784588 24.773339 2.939394 -13.356902 47.352388 10.745103 11.367003 -17.036578 24.734160 -3.174013 19.593817 2.421028 -4.535124 -2.403428 17.118840 -5.032369 -3.762091 -1.981405 24.778773 58.031068 -6.674319 -3.936410 -0.861723 -10.360882 -0.001071 0.148301 5.818641 14.398607 8.299587 7.083792 26.170875 -42.053949 -18.895699 -6.163376 10.515075 1.172788 -17.439547 1.191843 8.495026 34.144169 -20.685262 5.734925 -3.621442 12.363866 -13.566422 0.277701 30.425008 134.697735 9.308846 11.310606 13.425543 -24.532905 -13.644858 -2.388353 4.769054 -1.517524 9.956076 -1.560070 5.304255 -38.918503 29.614784 -6.112335 -17.604454 -41.017677 22.588384 14.726125 -12.847796 -1.234313 -11.322238 15.004591 -7.766376 -13.799204 -29.431589 6.402051 -8.395929 
553.621034 263.057928 -13.818105 231.196332 37.160698 -18.123380 -4.063590 23.458372 -23.542725 -78.702530 6.243547 -5.060274 -17.182354 -75.754183 10.602821 -21.006657 -9.569840 -52.661412 0.306601 -3.833537 21.915697 -89.883481 15.711688 13.448322 -29.582492 -87.193373 -4.486353 1.674931 144.059637 -61.809611 -24.503877 65.040251 93.666641 7.669779 8.590654 17.181895 2.638583 35.463320 28.926997 1.604148 -22.431716 44.481099 15.946102 -0.448245 21.494949 37.700388 3.353535 -3.127283 11.129170 -2.024946 17.538874 1.434445 -16.486532 -113.888022 -9.291730 3.332543 -113.983726 -19.640190 -25.576497 10.849429 128.986073 -14.789103 -1.545735 10.318360 -10.639501 -69.733012 1.456280 5.149424 -11.020406 -73.165493 12.700490 4.702581 44.438399 -15.341521 14.066524 -1.001530 47.400112 -40.011836 10.494720 10.427788 -33.313539 -162.035328 -24.001071 -0.266733 -178.040889 10.503597 -10.557290 10.068717 163.279997 -1.041986 3.580145 6.903403 10.322135 -15.603357 -1.438756 -1.884706 -6.244337 -9.187991 12.450490 -1.487501 23.587440 -19.771503 3.512550 12.831956 38.641363 -20.868993 5.139731 20.059994 -24.818539 -26.693042 -8.126416 0.844149 -165.628915 -6.375038 -9.032573 -8.401643 179.273008 2.691996 -6.458372 9.023110 18.675977 14.872539 -31.641465 0.466330 -9.699214 23.125727 -19.111545 -7.985971 8.628048 28.232170 -5.859657 -2.167330 20.908938 16.127717 4.728905 14.031553 -25.843052 66.096546 3.861876 3.045582 -118.900316 -28.011989 -13.299281 -27.608535 158.269972 1.138557 -10.080961 4.923783 -4.207249 24.755969 -30.130931 36.483446 -8.459519 121.608943 -21.623380 38.399628 -50.968524 90.294205 -11.034716 1.315861 48.697582 32.730716 8.533874 2.944674 1.836471 25.481124 2.295250 19.572748 -75.151158 -40.124222 -19.281987 -31.440134 180.349964 31.749235 -0.699750 -2.669728 -80.990333 -86.484134 -10.442174 -38.619631 -21.721227 -116.185491 -47.627844 49.190312 -32.428451 41.145623 -42.049357 19.957224 60.912203 -0.806270 9.658708 -7.552928 18.745893 -89.817570 -6.535609 24.721967 
526.166208 137.245638 41.622130 37.160698 379.544536 84.349403 33.772268 31.101469 47.413223 150.118457 -6.494949 7.148760 -1.627640 34.857208 -41.360422 12.329201 24.528926 -87.839302 -39.016070 20.682736 -1.685032 -0.140496 -2.981635 1.831038 -14.272727 93.977502 5.151974 27.280992 114.284665 -86.755739 16.557851 -35.754362 219.839761 -4.264004 7.453168 -2.024334 6.178145 -9.554637 2.219927 -3.118916 -30.313590 14.485308 -4.493572 -7.946281 23.792929 -25.270432 6.141414 4.438935 61.292470 -42.531680 -4.210285 8.494490 53.530303 34.018825 15.349403 1.254821 -83.060606 -12.035813 4.762167 -19.692378 149.605601 9.616621 11.010101 1.338843 10.634068 43.198806 13.759871 -0.508264 -31.019284 31.643710 8.703857 -23.328283 -20.279614 -19.497245 -6.602388 -5.058770 38.944444 -41.926538 10.946740 8.273186 11.234160 12.963269 0.896235 -8.813590 -91.357668 8.447199 13.507805 -8.230946 101.764004 -1.939853 2.980257 3.524334 10.165289 11.348944 -14.514233 8.612489 -43.846189 26.095960 -16.089073 -8.503214 -11.120753 -4.308540 -12.642332 -7.299357 95.618916 -22.614784 7.247475 8.871442 -11.505969 -31.121212 -7.612948 -7.336547 -81.715335 20.701561 6.526630 0.410927 47.025253 -18.701102 -16.308540 1.469238 -27.017906 -74.167585 -31.542700 -5.424242 -10.318182 -9.688246 6.139578 -25.161616 -29.131772 63.240588 3.992195 -19.438935 58.099174 -46.730028 -1.830579 25.841598 -37.657025 -54.450872 -2.187787 8.846648 -90.175849 27.763545 4.151056 4.153811 22.401286 -6.699265 -14.638200 2.120753 -3.071166 -26.499082 -3.793388 -15.060606 15.758494 10.197888 16.415060 11.571625 -53.608815 36.673554 -18.201102 7.074839 1.360882 -19.494031 8.675849 8.204775 -11.149219 -2.854454 -2.039486 38.415060 27.682736 36.849403 -16.080808 -14.030762 58.268595 12.162534 0.655188 -7.865014 -13.890725 -73.422406 -7.168044 -72.166208 43.926079 -42.665289 -48.586318 11.854454 -56.111111 99.631313 -30.642792 20.754362 40.680441 62.250689 40.005510 -10.247934 -16.480257 24.699265 -1.198347 -10.597337 
212.103433 43.521197 -4.840144 -18.123380 84.349403 499.724952 55.457530 13.472605 -37.296781 736.432609 60.624018 -5.899883 -18.977579 301.645878 -48.917075 0.269284 0.623151 130.887562 -41.336343 -7.109785 -88.220972 16.747679 -35.099454 -21.999949 -100.552189 25.427380 -21.185925 2.259412 36.382563 -75.707224 -37.570758 -17.764157 -62.132410 117.391389 2.054688 -8.213881 -7.328818 130.311652 -4.962351 -1.940848 72.123074 35.268059 -5.140827 18.573947 -45.287879 26.980308 -20.989899 29.971278 -108.253750 39.124273 -17.075911 -9.712784 -45.936027 109.921130 -17.004005 -15.281476 -89.694164 -29.518059 -36.077263 2.358764 -86.346342 156.775635 9.760662 -6.669090 -14.160162 309.758264 29.473574 -1.842465 23.582134 43.964595 1.358433 8.402918 15.724901 28.147919 -28.280890 22.509948 -28.042649 119.066830 -17.969467 -5.882895 -61.754923 85.576854 -27.652127 -17.201842 -120.081446 -14.315044 -23.160443 13.879094 -91.808616 38.654219 7.380573 -5.492067 -13.890598 30.899092 -5.608943 -5.996888 23.336930 -65.371493 -32.416820 2.552597 13.315478 -31.760484 -8.576523 20.678145 -2.194113 -11.891950 -9.668350 6.988828 -42.222426 -78.533109 -9.395470 -11.469289 -136.770636 34.075375 2.781170 30.618253 -79.634400 119.346725 4.118304 -4.566881 6.339736 119.322187 -22.689062 1.840067 23.378227 94.663835 -4.947939 -8.523008 -37.923222 37.008571 -3.591521 7.426028 -13.976278 34.309994 0.565146 33.599199 -19.624962 10.585833 -4.641338 22.944878 -144.077237 109.332976 15.742042 16.464315 -95.865932 102.165034 -4.511631 4.293388 -32.694546 65.400597 -32.236073 23.879068 12.457836 -21.739695 -19.461917 22.870855 -1.015203 -23.379502 -13.896822 2.698169 7.076829 34.314738 -2.720182 -2.464876 33.574304 84.829762 -13.011300 27.032191 -81.237170 53.239261 -26.908249 -15.774232 -88.229313 165.398913 -8.205413 7.363330 -97.165111 157.778186 -10.952887 -48.457249 13.921564 25.140037 -22.143761 10.622819 20.409933 30.256734 -1.147612 17.094965 28.659065 40.628380 7.642639 -19.452683 90.462300 -40.529232 -16.091776 -19.505918 
63.863407 -1.266070 4.265611 -4.063590 33.772268 55.457530 37.974518 1.240129 -13.795914 119.018825 57.949495 -6.599862 -7.601699 50.070018 5.678375 -5.249541 7.749311 21.777319 -8.955005 -0.514692 -3.183425 8.101469 -8.281221 -1.230946 -1.777778 33.498852 -3.777548 5.468779 51.359504 -17.741506 -5.092287 2.180900 3.530992 18.016988 11.148301 -2.274793 1.344123 15.323691 15.597337 -1.286731 5.918962 -12.550275 -1.064968 2.062213 1.005051 -7.733701 -3.000000 8.860882 -8.735078 -4.700184 -1.605142 3.532599 -3.404040 27.011938 -0.618228 1.970845 22.535354 -9.416896 -6.540634 -2.262856 -12.376492 5.517906 2.275253 -3.605831 2.317034 26.149908 12.160239 -2.549587 -7.605601 12.806703 12.975666 -3.101010 -4.614555 9.958448 2.370523 2.541322 -0.222222 27.289256 0.935491 1.959826 -0.529385 50.534665 2.225895 0.843205 11.977732 -4.627410 -5.402663 4.053719 -11.317493 12.648760 3.947199 0.310147 1.660927 38.836088 9.876722 -1.481635 -12.190771 25.131313 3.872130 -2.079890 -7.997245 7.426538 3.736915 -0.245638 15.243802 6.452709 3.429293 0.253903 -6.500459 0.752525 1.115243 -3.307163 0.884757 1.792700 -2.494261 9.627181 -18.684343 6.083792 -2.926997 -1.129017 -3.190771 -10.457530 -1.291552 -0.292929 2.747475 -2.152204 6.168274 -5.484848 -5.709826 10.014233 0.347107 -0.118457 9.196051 -6.756428 -0.049128 8.572314 -21.656795 -11.606749 -1.780762 5.536961 -24.524793 12.763085 2.393710 4.794077 -29.496327 3.021579 -4.091827 -1.785583 1.019972 -3.845500 0.019972 -3.396465 10.063590 -10.623278 2.583792 1.184803 -4.819559 -5.650597 -2.486915 2.835399 5.503673 1.119146 1.342975 1.276630 -2.498852 35.388430 -0.512167 8.500459 -48.080349 -14.408632 -2.446970 -3.141644 -26.236915 6.351469 -2.303719 1.688705 5.188476 6.440312 -1.667355 -19.148760 15.957989 -10.239210 -4.078512 8.280762 -3.446970 13.285354 -1.652204 13.331726 11.885675 6.360193 10.649219 -1.025482 6.679063 -3.991276 0.188705 -10.144628 
36.238445 46.647383 -0.657025 23.458372 31.101469 13.472605 1.240129 18.451791 -8.309305 6.402051 -1.451178 8.558616 -12.456382 -15.217325 -4.965412 -2.429752 -19.747628 -18.915366 -2.960820 -2.291705 -6.160851 -11.259718 2.502602 3.067646 -0.474747 5.513774 5.170646 1.970615 -16.529538 -4.011019 -1.562596 3.263545 35.338537 0.445975 1.809611 4.762167 5.082645 8.775635 7.438017 1.703398 -1.581420 17.689164 5.687022 1.628864 -9.540404 5.479492 0.585859 2.339455 1.982553 -15.885675 -1.152433 0.832721 0.570707 -7.414294 6.139272 1.686563 -36.961279 -6.780073 -5.111723 -0.960208 41.396694 3.951791 -1.255892 1.453474 6.367309 9.630395 -1.914448 2.881237 -2.837159 -8.638353 2.473829 0.557239 -5.584940 -10.097337 2.545301 -1.773646 2.947811 -7.585552 2.218549 0.443373 5.754974 -16.126416 0.910468 0.736762 -46.830425 -1.885216 -2.989593 -0.068871 39.264463 -1.041016 -1.349556 1.554331 3.021732 9.089838 -4.195745 1.732476 0.935721 14.759259 1.923324 0.137129 -8.297368 -0.623508 2.626722 -0.820018 -2.474441 2.168503 3.601010 1.629936 3.375880 1.264310 -0.079890 0.980563 -45.059841 6.750230 0.862106 -4.357821 37.301347 6.337925 1.881543 1.765381 -1.560912 5.860728 -4.363330 1.803030 1.109428 -4.890725 1.871289 -0.296296 -5.647077 -3.842516 1.531680 0.312060 -8.413223 -9.251148 -0.393633 4.043006 -5.381084 -8.816651 1.535813 2.746710 -28.840526 8.203245 0.396694 -6.192225 29.617539 4.446434 -0.741506 4.058310 -20.246403 1.590450 -4.906336 6.265993 -2.061065 3.220080 0.922100 9.991123 -15.012091 10.805479 1.102234 6.746250 -15.938017 4.888430 3.099786 3.650138 -4.023875 -13.068564 2.986073 9.861494 -9.835476 13.139272 0.247475 4.049893 39.395164 19.272268 1.774258 1.392103 -25.315580 -1.100245 -1.826752 -14.802418 -16.485767 -27.730487 -5.778390 -1.313590 -17.525253 -10.883838 -4.415978 7.458678 -10.564126 6.559841 2.477043 2.317570 9.741812 1.693297 1.597490 19.117692 
13.149653 -24.997628 -5.333257 -23.542725 47.413223 -37.296781 -13.795914 -8.309305 206.809127 72.087032 -61.106622 29.118177 108.378252 224.500026 -104.262499 47.690312 31.492450 129.852056 -111.457708 36.971176 -2.592720 35.635037 -73.054306 43.779971 -27.799663 -19.693373 -14.444266 23.972911 32.854250 -9.653046 10.472554 -13.257729 -18.218881 -22.912713 -9.506989 -7.363560 3.684037 -32.351495 -45.840680 2.548592 9.655826 -7.786578 -31.873763 6.154449 -4.101010 -26.422508 -4.479798 10.320529 17.543312 -7.555249 -20.961126 13.016937 26.831650 1.896490 -19.288363 7.583384 39.701459 -0.392715 4.374681 -5.522625 -31.322008 -12.753750 -5.922840 2.850347 43.163529 32.792241 -22.712070 20.178043 2.279257 81.023059 -35.496480 11.189113 -67.283823 1.830196 -21.255025 4.119682 -0.939955 -44.414192 -15.469927 4.656744 24.871646 4.587568 -31.874809 5.502627 30.639246 13.917738 -0.767728 5.457606 -43.194751 -30.807979 -11.261606 0.396669 -2.230053 -59.626926 -25.820911 -0.199520 12.543541 -25.287318 -37.539409 1.928324 -20.045557 -0.498776 -17.931895 1.882461 20.117794 14.524946 -10.673401 11.676155 24.556882 28.813692 -10.995103 7.022600 -2.480767 27.574457 4.484262 24.024283 -24.657969 -9.070631 -5.781604 0.800888 14.199546 -27.878303 7.577390 -6.690236 7.975870 -20.818717 -6.882589 0.576319 -9.264208 -1.772880 -12.339455 7.910111 16.459443 -35.907637 -0.112846 -6.810198 28.798362 -46.147561 -3.759336 0.003495 16.628303 -9.384042 0.311830 29.223115 26.739669 3.596470 4.014998 4.570248 40.351673 -2.759183 -5.418809 -16.174804 17.934420 -41.463448 -18.246276 -13.820911 3.053362 -27.970105 -4.613840 1.955591 3.162228 -60.506657 -8.538516 0.015381 5.023339 -119.547495 -6.657611 -19.282471 106.771401 -22.716815 -9.989057 30.253469 75.109224 2.936103 -0.135777 21.385828 6.061856 11.765024 -2.267090 -7.298082 16.738369 21.506428 -7.666565 -34.107668 -25.261785 42.696128 -28.453398 -10.638736 4.950923 73.681946 3.643557 1.948755 113.878890 84.859198 3.856647 36.200082 
1024.142281 34.608968 -30.483777 -78.702530 150.118457 736.432609 119.018825 6.402051 72.087032 2477.423834 202.084736 23.688144 11.502602 1628.766350 -210.077339 -48.542700 376.271401 513.006224 -219.729466 24.958423 -94.850270 -19.723957 -177.064993 5.724314 -313.771044 -124.171870 -83.943628 6.883379 713.139629 -169.137588 -92.471789 -56.416284 -345.815172 173.077237 -2.404244 -36.524181 -92.898225 274.691868 -72.496786 -5.784359 318.982910 -76.895929 -91.776451 71.327263 256.202020 -125.468983 -85.969697 144.640598 -230.858280 71.544689 -82.036578 -25.628201 -183.119529 69.983522 -94.484900 -44.644067 446.589787 -109.432354 -100.579380 4.878533 -391.164677 277.220233 10.790685 -16.005918 -4.831803 972.889348 80.234721 10.635700 53.185695 399.346393 -3.435568 29.822671 63.233548 -63.160086 -95.006377 79.539180 -145.248597 287.997602 -60.659780 -20.398174 -199.966993 285.350525 -70.898837 -36.333588 321.925875 -42.732476 -79.199367 68.653964 -407.645699 107.828028 -10.593460 -7.793439 -59.335221 237.074890 -54.428783 -15.938068 70.205540 -15.150393 -161.688093 15.166565 144.929548 -114.013162 -75.915213 93.733242 -81.034384 -6.251760 -46.493266 27.496480 -170.038670 -60.529181 -10.244567 -32.755994 210.520100 -8.093970 -49.191715 116.489797 -314.997755 80.268748 -15.482859 -13.095654 62.047852 146.601061 -45.892970 7.063973 63.360831 245.032905 -51.054892 12.344557 -128.660188 29.250383 -8.217019 76.729772 -119.593052 36.747628 -12.677482 149.069687 -124.368381 -27.862157 -15.898378 88.085961 -76.530354 34.126773 -8.230334 99.680849 -231.538567 77.539129 -24.997092 25.559229 147.056423 67.891644 -12.090603 64.907969 15.733395 -121.178502 -29.274462 48.561116 48.831242 -160.983828 -23.479288 45.430466 -28.976278 20.593664 -9.638557 67.669881 49.968167 189.500051 -29.879961 209.208703 -27.380522 -199.104428 -44.008418 9.036782 -289.679625 73.398378 -23.808285 15.214723 -30.585195 158.612693 -11.656770 78.798235 23.246250 57.347567 -9.626518 141.482553 88.562290 127.377104 2.293848 50.224365 140.920671 82.321651 57.141108 -29.224161 257.403785 -46.370217 -0.384042 -69.414345 
-91.397868 31.936027 3.425926 6.243547 -6.494949 60.624018 57.949495 -1.451178 -61.106622 202.084736 247.570146 -38.477553 -58.329966 117.721100 162.817621 -65.686869 52.362514 72.039843 54.886644 -33.888328 51.210999 -11.027497 9.359147 -12.465208 3.670034 -3.203704 -8.977553 -0.681818 33.645342 -11.821549 -16.085297 25.148148 -21.899551 23.351291 16.307520 0.102694 12.523569 36.198092 66.484848 -3.481481 10.527497 -33.951178 44.162738 -3.770483 24.030303 -13.652076 13.373737 17.320988 -7.203704 2.829966 26.829966 -2.225028 -13.491582 38.690797 4.708193 2.598765 35.797419 -11.917508 -14.531425 4.980359 -30.533670 6.710438 9.236251 -8.496072 -15.710438 8.969697 65.346240 -20.040965 -18.807520 12.934905 84.259259 -9.477553 10.154882 5.410774 24.620090 11.638047 20.307520 10.936588 20.212121 5.946689 -20.104938 16.147026 20.552189 6.111672 10.554994 -4.880471 -5.714927 10.572391 2.210438 45.768238 17.647026 9.390011 8.182941 122.655443 50.054433 1.097082 -29.895623 74.874299 25.951178 -9.972503 10.065095 1.294613 8.781145 1.106061 40.650393 -28.547138 -0.703704 10.461279 -34.437149 -24.898429 5.971380 -5.817621 -3.634119 -8.659933 -2.767116 7.562851 -8.210999 15.986532 -1.351852 4.786195 -25.406285 -8.637486 -7.107183 2.870370 -11.286756 6.867003 26.556117 -15.595398 -31.369809 29.734007 9.031987 -6.438833 -1.861953 4.299663 -0.595398 32.482043 -45.198653 66.184624 -2.139731 43.876543 -45.130191 -4.950617 8.789562 -6.205948 -37.313131 1.911897 -2.988215 -2.848485 -20.200898 -23.737374 10.402357 -9.404602 19.218855 -22.724467 25.396745 -5.395062 10.202581 -17.153760 0.332211 -7.485410 39.003367 -2.186869 11.017957 -4.853535 22.609428 134.902918 -3.065095 40.201459 -121.552750 -40.414703 14.569024 -16.869809 -41.805836 1.468013 0.560045 -0.713805 9.248036 -10.615600 -1.742985 -16.525814 26.905724 -40.565657 -4.004489 36.747475 7.210438 36.592593 3.838384 22.735690 62.472503 -32.116723 17.208754 -16.351291 -45.933782 -128.420875 1.847924 -74.404602 
54.698679 -16.635981 3.746021 -5.060274 7.148760 -5.899883 -6.599862 8.558616 29.118177 23.688144 -38.477553 71.566090 17.540481 14.821064 -51.839124 65.257805 -22.747118 -22.692429 -47.736200 35.833843 -39.406668 -38.968064 -31.894118 19.424651 -19.725589 -38.714800 -2.035379 6.630854 29.929191 5.453321 0.438986 -7.860728 -14.602209 -3.843638 -4.168554 0.321778 -7.622972 -1.764361 -17.592746 11.238369 34.517422 -11.474212 -15.108943 18.210259 -2.141414 -3.011070 -15.065657 15.972248 -36.661310 4.418427 -12.546679 7.030048 5.910774 -32.605703 -6.206280 5.144654 15.790123 5.522192 2.520789 4.246378 -14.139425 6.982859 -5.159652 5.523544 10.726278 50.619146 -14.878074 19.280482 22.924753 15.211713 -24.031527 19.364759 -21.455846 -20.420187 -17.252168 5.473523 -49.836139 8.782114 -10.369376 -2.636389 3.253546 -5.963448 -8.565504 8.332237 7.295404 1.073079 -3.258290 14.078206 -20.340144 -9.432915 -5.824100 1.914473 -1.879834 -15.812315 -17.833665 5.802673 28.112106 -6.244669 -18.483548 11.920773 -2.991327 6.007040 -6.122283 9.718090 -47.967044 23.935109 -1.180135 -1.321702 -3.309713 25.048260 5.215029 -0.900775 -5.725691 -2.672253 -3.283466 14.531885 -7.764590 -2.354989 -2.159627 3.954852 12.710310 14.862846 -8.234721 0.129630 14.232884 -10.060530 -11.060785 4.846240 6.912203 -41.426385 -6.040251 10.110244 -12.896082 -32.204392 -5.372768 6.513289 -9.517371 -86.235053 -4.911004 -11.610167 -18.708805 -9.189726 -6.783364 9.126135 10.264463 0.194011 -4.628405 10.225895 6.779487 14.020432 -11.098179 10.524972 -8.764080 0.206178 -8.601903 7.585527 -12.439802 -33.707734 0.226941 11.128278 -38.885369 -10.817952 -6.695796 8.909780 -23.625268 -27.861902 -6.688884 28.111060 -20.518570 -28.505102 -2.223064 9.485435 12.978625 -5.962733 -2.696332 2.522804 -0.469876 -1.042190 -1.857948 12.084430 -8.912841 7.797062 5.107489 0.252755 -0.829125 -27.246633 12.988292 -4.616544 -25.934547 13.418452 4.449189 13.482068 42.178196 122.942914 -0.799867 68.301143 
-60.007423 4.292700 -1.031451 -17.182354 -1.627640 -18.977579 -7.601699 -12.456382 108.378252 11.502602 -58.329966 17.540481 308.336318 76.348102 -112.022115 118.786731 215.082951 28.678757 -121.386899 100.553566 -42.775865 -98.924549 -107.437940 48.477196 -116.934343 -193.740817 -35.942072 15.264922 83.762014 -30.522498 7.936945 -10.103765 -49.221840 -17.496174 -10.021426 -6.521350 -20.841368 -65.727579 -59.920110 -0.481405 168.930288 -64.059917 -40.641032 22.764080 117.080808 -63.455311 -17.126263 31.288032 -64.063820 36.313590 -19.557851 -2.673248 -24.207071 -92.018059 -43.795761 -8.094200 70.468013 -12.427456 0.910086 3.081803 -77.558770 -1.400826 -10.950337 7.335706 11.218779 56.747704 -40.197735 24.511172 74.902051 52.416743 -74.340680 42.845118 31.994720 -34.154959 -28.078665 33.709826 -59.234007 108.965412 -17.279385 -13.841062 -34.342363 -79.348867 -52.827365 -11.170722 60.603229 0.966253 -6.196204 14.620753 -86.629247 -39.430823 -13.793082 -2.475283 -25.276477 -140.333486 -46.575222 -6.219314 83.422635 -112.599327 -63.772498 18.655953 131.723753 -56.316345 -25.152893 33.369146 -108.499235 -2.788338 -22.136364 13.408173 -64.035047 -33.765993 -23.704775 -2.768289 20.150903 12.403352 -9.385139 34.272115 -15.625421 -7.107208 5.415978 3.441230 44.799740 46.108892 38.192684 2.055556 27.690236 60.684803 -10.160162 19.213805 49.200490 -31.992654 -26.999082 41.656413 -59.275482 14.538797 -10.559841 22.137818 -60.520891 -59.433043 -9.892792 20.240511 2.994643 -5.855525 -6.086547 37.754285 49.839302 3.426691 3.204316 13.264463 68.972375 33.872590 -11.278466 49.278620 -28.910239 -14.432124 -51.785660 15.364172 62.543006 -62.690848 -11.231788 5.701485 -15.201102 -20.839532 -16.270738 25.900597 -13.713728 -126.772421 -16.029767 43.681512 59.711815 -83.429599 -19.896465 21.314126 102.957606 -1.127410 -8.190618 23.353994 -2.473294 45.655953 -9.468396 37.127793 -29.535124 60.120753 4.518672 -55.789027 39.886364 -46.795455 -24.562672 -50.136134 -31.869911 -51.512014 -32.506887 5.036348 92.250995 59.046373 -3.910315 67.842210 
328.193475 -41.769590 -17.371518 -75.754183 34.857208 301.645878 50.070018 -15.217325 224.500026 1628.766350 117.721100 14.821064 76.348102 2111.980538 -232.905392 -75.092057 353.518416 1333.310632 -357.606877 62.850985 13.962631 458.001939 -275.953653 82.260586 -197.372054 16.063897 -88.646337 21.330579 508.081318 -142.382767 2.128303 -51.782216 -285.504107 36.258596 -13.854199 -27.225054 -124.072008 6.145036 -125.470615 -15.308004 65.281578 -134.017830 -135.889629 -5.197760 320.212121 -155.616366 -82.020202 72.825630 19.740894 44.736149 -100.211050 30.642690 -114.240741 212.538619 -101.483752 -21.597005 421.483726 -142.893786 0.421309 -52.640981 -328.201867 157.035200 7.767957 -17.769233 34.282752 739.934573 48.122692 34.324865 -14.744975 675.471738 -17.842363 17.443883 25.627717 63.823156 -100.436129 51.016223 -3.460718 163.099531 -83.860193 8.459723 -109.474798 601.983905 -48.086624 2.454979 328.856316 10.604301 -23.834813 32.007958 -381.895240 43.452454 -13.551219 -15.087517 -58.186690 106.571676 -86.786221 -18.043669 15.096036 23.031425 -207.693373 -0.533160 166.436435 -72.954392 -107.171411 51.672176 124.133201 -40.928069 -64.402357 47.845883 -69.118100 31.551627 -5.524640 -12.051678 304.785022 9.053183 -33.365498 79.699163 -322.217452 33.335552 -1.626110 -9.870217 14.291883 39.978701 -34.488011 -8.143098 15.360831 138.772345 -69.276885 24.718294 -108.550913 14.576370 -18.990664 67.479084 23.258188 -47.447735 -12.378584 74.357795 -27.175773 -116.516656 -18.490435 38.874069 105.897561 7.388022 -8.603382 127.722860 -167.958678 38.898633 -0.792317 18.188705 182.360142 35.918044 31.273722 -27.887486 56.456765 -102.500587 -27.126849 -30.644807 77.406081 -105.885573 8.264284 20.227298 -68.411540 -69.177916 -18.349301 29.082415 -36.873661 6.834762 -36.166692 102.207326 149.572646 -178.484593 -25.404882 91.456663 -119.913325 41.030839 -6.356724 37.017294 104.263519 149.640241 -2.856724 169.421284 51.902586 167.267218 40.078716 78.761478 92.302189 60.541246 42.240358 -26.068794 -95.327263 132.473396 31.572238 -10.773977 285.644373 113.967248 30.676104 -19.712784 
-450.012422 14.652051 -4.115167 10.602821 -41.360422 -48.917075 5.678375 -4.965412 -104.262499 -210.077339 162.817621 -51.839124 -112.022115 -232.905392 328.089200 -113.495638 -6.912968 -47.032701 241.117131 -88.856188 87.757601 52.716764 103.145878 -52.101112 73.533670 55.905341 9.626900 -23.347107 -214.593409 20.151821 -9.100908 35.109122 62.100679 -0.166616 9.799714 8.319177 32.084405 32.523161 88.091368 -5.226890 -54.773926 -4.725513 96.501352 -19.665570 -47.111111 1.004030 49.474747 -30.129426 48.118610 1.301959 61.025559 -14.236047 -0.966330 9.677941 38.530737 -5.277956 -119.641975 15.526018 10.202505 12.542572 82.798745 -20.743189 18.092312 1.194240 -34.257958 -106.721074 76.300326 -42.370625 -36.366289 -47.853433 112.914448 -25.023008 16.673936 33.635981 57.905214 -14.232017 70.443883 -69.169013 52.840450 -1.529665 -23.323487 -97.555224 42.056780 -5.386721 -104.763876 14.061907 28.714825 -9.349097 113.811677 32.494592 28.051984 9.648276 11.859479 65.514947 64.301219 -0.718345 -36.686486 12.323793 65.765458 -14.170850 47.636721 -14.297215 19.541934 -20.714876 81.216509 -73.832262 -3.279461 -5.911999 -26.105652 -68.236813 2.144475 -5.667483 -68.413274 -13.324992 24.808872 -39.019335 74.988496 -0.579813 3.925008 4.876186 -48.116340 -13.646898 -11.965310 -1.043771 -32.291807 -2.592822 27.650928 -19.267116 17.174727 14.083869 24.213346 -30.165187 31.427303 3.256275 4.884859 3.571804 -30.232400 101.123788 5.674089 34.739032 -30.744516 -13.706356 19.776018 -42.653377 8.691460 -7.486634 5.563667 -8.783747 -23.441715 -19.207759 20.004974 -19.861672 19.470692 33.163733 45.865753 -22.769488 44.383940 6.031731 14.159805 -18.222095 46.411999 -12.717860 18.021171 -11.461662 5.803413 106.108152 3.020074 22.460871 -42.505459 40.738649 32.182660 -25.848000 -27.117131 -18.234695 7.999209 -16.342822 15.999413 -47.657382 3.004260 -0.752168 33.068488 -39.421488 3.226916 53.398301 44.253367 -39.031145 49.439164 14.959060 69.525304 -125.910800 18.138965 -15.576956 -130.954903 -186.855678 -2.912407 -69.432609 
84.821166 -28.142103 29.188476 -21.006657 12.329201 0.269284 -5.249541 -2.429752 47.690312 -48.542700 -65.686869 65.257805 118.786731 -75.092057 -113.495638 200.622819 19.561983 -89.317264 -101.281910 140.175849 -85.933655 -157.430211 -67.030992 37.158861 -109.570707 -222.914371 -19.669651 2.653352 87.831497 -2.097796 10.603765 -22.452709 -26.887741 -14.079431 -9.438017 -4.569100 -21.044307 -52.172635 -41.659320 8.732553 74.785813 -51.407025 -37.362489 33.367998 51.646465 -9.562902 -28.217172 50.879247 -58.231864 19.380165 -27.006887 11.944904 -21.575758 -113.129936 -33.907484 -0.014922 64.979798 -10.964187 -2.279844 -7.143480 -42.848026 3.504591 -13.179293 6.143480 13.383609 28.137052 -46.492195 39.063820 49.125344 23.472452 -65.208907 37.171717 14.049816 -27.808310 -25.634986 26.614325 -73.883838 75.714417 -22.378558 2.724288 -12.047291 -24.698118 -32.113407 11.255510 46.991506 -5.086088 -7.437098 10.261249 -61.392792 -25.817723 -11.904500 -0.658173 -5.193067 -57.162075 -34.397383 10.104683 45.894169 -5.055556 -38.817493 23.493113 36.858127 8.576217 -12.130395 27.223600 -75.048209 39.978421 -0.767677 4.325528 -29.317264 33.181818 3.562443 -0.612948 38.366850 -2.123278 -8.887741 19.866850 -21.391414 3.466253 4.545914 1.359045 32.252755 62.175161 20.456841 3.767677 12.510101 32.716024 -27.056244 29.267677 45.773186 -41.068871 -15.790174 32.943985 -6.720386 -35.136134 -6.881543 7.322544 -50.658632 -114.354683 -9.294536 -18.914830 21.468779 -2.566575 1.083792 23.990129 16.063361 6.987144 -1.528466 16.480257 8.598944 37.552112 -24.365702 44.103535 -61.649908 -6.937787 -43.296373 20.946051 -5.310376 -42.148301 -3.225666 16.781221 -31.971993 7.850092 -13.185950 20.610882 -46.136134 -41.433425 -7.917585 40.044536 38.928375 -47.511019 8.068182 17.341368 20.786961 1.183425 -8.915289 12.087236 -37.975436 39.351699 -6.879936 8.120753 -43.862948 36.190542 4.864096 -54.680211 -49.280303 -40.916667 2.382691 -19.312443 -53.195592 27.393251 -15.707530 20.417126 81.353994 185.760331 -2.316804 106.142792 
147.736404 123.990511 -13.995256 -9.569840 24.528926 0.623151 7.749311 -19.747628 31.492450 376.271401 52.362514 -22.747118 215.082951 353.518416 -6.912968 19.561983 759.366901 -169.083308 -28.066473 87.573207 296.490409 -364.720284 -64.991531 1.826242 -184.296296 -422.529538 -66.805428 -22.022957 308.000510 -80.519131 1.633354 -6.721610 -68.728854 -0.554535 -0.965310 -5.096266 -46.645240 -16.046883 -30.369605 -7.719620 142.369962 -95.383991 -24.255790 -3.639680 447.515152 -214.944649 1.671717 10.704418 111.235843 3.215947 -1.362565 -17.220947 -43.574074 24.871952 -32.592338 -23.710642 183.226150 -63.888736 -13.980206 -6.805122 -84.812978 24.772574 0.290685 12.167636 -17.840986 206.219927 1.895419 24.880420 27.366136 201.542445 -15.322161 3.342873 128.200949 -26.805632 -7.491685 15.283900 51.731201 73.518723 11.718090 -19.810479 -95.611162 -77.351954 -57.632078 -33.860677 118.035609 -39.297215 -10.809560 13.386746 -85.579584 -23.699061 -18.202734 4.117029 -35.522549 -127.867718 -49.758443 -14.250740 50.760178 -138.968575 -67.503979 -9.659423 260.764718 -95.913988 -34.585552 17.116621 35.527140 -101.619988 -34.877104 17.411540 -153.158504 -183.736251 -44.206459 -18.238547 70.628456 -36.353382 -13.120549 23.961790 1.810325 -33.687175 9.091062 3.397459 52.546934 63.733752 69.572595 -2.239057 12.138608 205.082951 -3.370319 9.233446 -16.444853 63.712733 -11.197735 39.862922 -38.686257 49.216406 -11.817978 67.526987 -113.016682 -23.539384 -13.639425 30.679625 26.831905 -39.117029 -13.247322 30.543567 101.379706 -21.121569 23.722834 12.380624 167.519233 11.829660 70.013621 34.796857 -39.459902 -50.381900 -24.265738 -2.500867 82.572748 -104.092644 -5.985716 12.330834 -8.512550 14.774105 -23.945261 60.696051 36.118763 34.147893 -22.396490 111.788134 116.102949 -118.676513 -12.316498 -21.429701 122.425059 -41.340373 -13.359249 45.002143 101.735741 99.059433 0.570044 130.638455 -4.928222 114.959137 72.689828 -37.286501 75.910774 -93.360269 54.470156 -53.035966 1.834354 -82.246301 -25.321702 -21.311856 136.704979 -38.573156 -3.222885 -2.990562 
-757.110448 -206.838537 -1.684267 -52.661412 -87.839302 130.887562 21.777319 -18.915366 129.852056 513.006224 72.039843 -22.692429 28.678757 1333.310632 -47.032701 -89.317264 -169.083308 2068.892460 -224.184981 -22.725793 -197.120498 1560.205744 -242.410366 109.547648 8.644781 627.566728 -41.901337 66.331497 -89.231609 -11.092440 56.492756 -19.080961 -141.837568 -4.023824 -12.855474 -5.800429 -66.510407 -92.992909 -86.977043 -13.383226 -65.084073 -159.869911 -71.376288 -49.686461 31.434343 -13.276043 -50.227273 16.396286 -41.941537 201.742730 -65.163147 53.759361 -102.506734 261.053056 -52.139374 0.434394 112.347924 -80.412917 70.291348 -82.176666 -154.791705 60.069483 8.776655 -25.384502 44.272115 331.830119 10.096011 1.632589 -38.296500 486.512958 -9.360116 5.224467 -77.094429 131.964034 -45.401490 15.129783 37.100449 217.782777 -49.659320 16.820886 -16.572799 534.574941 -25.051576 27.813233 135.803387 49.359657 35.111060 -25.325222 -220.384144 51.601112 16.137384 -21.050301 -46.076013 87.963983 -51.424446 -18.820733 -6.352923 7.773288 -127.839914 -1.692888 122.297878 -23.978574 -46.916743 -0.061983 129.031936 -53.783134 -46.395623 8.969085 49.551831 15.177329 -2.171870 -3.133966 212.483879 42.521426 6.693858 5.382869 -242.397868 58.098561 10.683043 -10.759718 -51.575707 56.477757 -54.281196 -2.528620 16.738496 48.981788 -9.981073 13.662177 -38.350066 2.211968 6.630242 25.733344 1.812978 -28.854607 -8.612846 9.571115 18.169575 -113.549077 -0.176002 27.738343 191.921233 59.333129 20.258800 73.791297 -202.472452 51.071217 2.257423 -1.818641 42.687532 72.197888 10.280686 -57.025814 137.931895 22.493623 2.534027 -49.894143 103.553362 15.449087 55.393735 -14.279257 -125.049893 44.808999 25.274615 12.189624 -36.034741 -42.815172 -6.341955 108.606418 134.008775 -16.595602 -41.976431 71.392358 -124.971585 75.388124 -0.794868 16.592899 32.130038 123.482196 0.629375 70.282726 14.165136 31.238751 62.560708 -18.605142 71.412458 -235.877104 71.251148 -49.009948 -252.453117 -51.098357 -29.336241 9.011887 151.166769 16.056168 37.735435 34.099072 
-512.748495 -38.848638 -13.260024 0.306601 -39.016070 -41.336343 -8.955005 -2.960820 -111.457708 -219.729466 54.886644 -47.736200 -121.386899 -357.606877 241.117131 -101.281910 -28.066473 -224.184981 337.697174 -106.294817 86.169064 22.502041 197.732731 -74.373227 66.548822 -41.009030 22.736711 -26.335170 -335.719825 85.953015 -15.869197 38.454392 73.246607 7.201765 6.824661 10.320784 27.585552 55.626620 79.447199 -2.489287 -51.107642 43.195745 107.945261 -17.881747 -43.585859 15.469748 78.318182 -43.777115 23.285736 13.581114 70.493419 -27.289460 -14.102694 5.463830 55.732680 -11.632946 -188.790123 60.294154 3.146567 23.011887 127.349709 1.801806 14.066218 7.142434 -31.096572 -85.538567 62.720590 -36.894348 -23.446332 -118.369197 97.382308 -36.031425 54.289409 -21.035966 64.246659 -31.996480 54.952301 -68.341802 57.477043 -12.076421 -48.498725 -125.140547 48.776706 -11.599225 -139.996276 3.607132 22.951127 -22.299969 166.191613 38.986634 17.538057 9.806601 18.780890 55.940414 63.486328 -1.342618 -3.453933 9.062851 98.665136 -18.463932 42.200235 -26.185644 38.547903 -30.733701 28.260892 -64.348791 2.442761 -12.293541 -54.658606 -58.068462 0.035200 -1.218141 -104.100296 -17.473523 24.639986 -48.044740 117.443883 -4.765075 -3.140190 2.937251 -26.880420 -25.146822 0.412407 2.289562 -8.823793 -36.220233 43.823640 -17.684624 34.247577 -35.575911 31.160545 -32.724569 -29.247628 21.453474 6.328232 -6.755484 -51.456688 168.060351 13.217937 19.590195 -57.231966 -9.362157 23.011325 -58.412407 15.290174 -2.374911 6.318029 -16.586318 -45.172737 -26.236455 16.417049 -14.214366 33.032905 -1.846444 60.017192 -14.852056 68.151005 -26.603102 17.592389 -24.467809 22.525865 -0.812213 15.121416 -10.679063 -37.408479 99.974390 8.851648 -12.824559 -10.866646 63.175441 21.533670 -31.858484 -73.762830 -24.182583 6.107489 -38.482859 1.550913 -52.344404 13.572135 -34.688654 42.766146 -63.372360 12.249260 42.753444 49.740741 -77.952862 37.503673 21.919345 68.100755 -134.701051 -7.149373 -7.829864 -161.538619 -187.726661 -24.044026 -53.670289 
