1263.840220 2273.860882 159.447658 120.368228 100.900367 1573.902663 42.400367 17.539486 -49.431589 1377.244261 -27.200643 22.126263 -88.821855 967.523875 -84.083563 44.982094 -18.989899 434.900367 -82.918733 54.718090 -62.533976 49.636823 -45.775023 32.353535 -512.553719 -164.893939 -47.037649 -14.893021 78.647383 -403.546373 -137.153352 65.150597 -86.595041 -400.038108 -193.941230 7.546832 -135.772268 -500.898531 -219.010101 3.394399 19.784665 -416.584940 -92.791552 11.789256 169.088613 -149.478421 123.639118 -12.971993 2.762626 120.740129 101.536272 -13.888430 -353.960973 -2.526171 -99.379706 -6.534435 -286.878788 -1464.204316 -230.269972 -57.573462 -35.930670 -747.003214 -222.853076 -0.410468 39.933425 -487.983012 -120.429752 -0.843893 297.056015 -204.768595 137.899908 -5.460973 30.889348 -53.845730 34.150138 -13.046832 -175.728191 -131.198347 -158.525253 -4.647383 -201.583563 -154.636364 -116.237374 -0.502296 -37.215794 -327.072544 -62.462810 -15.279155 14.161157 -112.243802 -49.043159 -0.273646 276.496786 -2.002296 15.264922 4.646465 420.477961 14.579890 -16.343893 7.941690 -137.880165 -103.950872 -223.930670 1.848026 -141.797062 -142.696970 -123.468320 0.337006 -29.428375 -49.135904 -24.452250 0.000000 -8.161616 -32.056015 -12.005510 -1.677686 24.724977 -12.298898 -11.172635 2.192837 217.792011 -20.950872 -44.107897 30.277778 241.047291 -21.780992 -184.106061 88.512856 -151.742883 -62.686410 -142.775941 30.334711 -47.683655 -17.377870 -20.752984 0.580349 3.269054 28.082185 6.296143 0.000000 -1.629936 -4.134986 -1.434343 -0.101928 4.155647 4.462810 -2.205693 -1.599174 -25.807622 -19.399449 -19.747475 22.124426 -102.048209 27.331497 -44.628099 96.117998 -65.872360 115.805326 -22.856749 84.843893 13.306244 98.856749 7.576676 15.944444 45.834252 98.079431 24.526630 2.434803 0.973370 -0.098255 0.000000 -0.066116 5.773646 1.899908 -0.583563 -2.474747 -13.762626 12.969238 -1.123967 -18.210285 -85.768595 -22.763085 -2.272268 -107.831497 34.515152 -56.890725 -1.913682 -118.741047 149.445363 94.513315 -6.601928 -37.492654 233.135445 236.292929 -11.826446 -24.660698 
2273.860882 7601.519564 441.226380 273.517804 198.134578 5330.047801 201.354556 46.150087 -141.103178 4809.597414 -24.527880 50.206790 -268.845220 3602.222605 -174.558157 128.287802 34.833614 1670.143276 -121.730206 198.666131 20.345296 160.951893 -53.914065 103.521324 -1883.926997 -569.089226 -71.478038 -44.017932 -118.304127 -1213.802495 -403.730410 48.377079 -329.268493 -1391.023926 -563.205719 3.563029 -414.110958 -1726.160341 -681.475870 5.988930 151.318794 -1493.852388 -164.014973 15.975768 583.047215 -558.058463 547.192557 -70.772931 -45.572671 178.917866 313.340654 -54.396031 -1392.482221 -318.069330 -324.926513 -23.247730 -832.733165 -4555.088307 -703.817264 -186.426002 -115.533287 -2459.630420 -681.655571 -1.019819 259.012881 -1566.361341 -353.695159 -1.387358 1100.104811 -617.660800 434.314560 -20.299281 35.956663 -234.816422 -24.712861 -48.161795 -577.403785 -580.398327 -604.764029 -20.835604 -635.968371 -652.591470 -375.282548 -1.160978 -117.904704 -1028.783160 -197.668860 -48.036093 57.978803 -347.496531 -149.729594 -0.423987 1024.525023 17.059280 63.191001 19.297138 1274.254999 29.437404 -158.274283 29.592235 -448.940414 -395.653938 -783.005510 5.250408 -415.849301 -443.877666 -403.135904 -0.513366 -93.918325 -149.721508 -74.430211 0.000000 -24.330808 -100.499311 -37.781578 -5.170059 112.913096 -26.105525 -31.743853 0.619274 766.843689 -40.094455 -134.135573 98.676768 495.223396 -17.134068 -549.413580 309.383073 -527.044205 -151.194291 -421.486481 126.862973 -136.441970 -55.650087 -64.551219 3.245358 3.723804 67.424702 12.983114 0.000000 -3.616825 -12.045276 -4.387486 -0.004795 44.048235 13.993215 -9.990562 -6.597873 13.602847 -30.266988 -59.679574 72.896975 -437.422355 115.808591 -131.058132 258.139501 -252.006836 316.152000 -70.211509 275.671028 21.341980 293.648658 16.366748 99.154602 107.669217 308.794154 57.940695 24.500434 2.395725 -0.004413 0.000000 -0.045327 26.923987 9.206254 -1.610346 1.223906 -9.964927 46.744516 -3.411973 -30.482553 -160.429318 14.357310 -7.836547 -327.416616 54.629910 -246.315708 -2.177456 -373.468957 240.012371 28.544281 -12.805020 -78.098281 638.829380 741.817340 -7.797929 19.377972 
159.447658 441.226380 80.508851 12.755229 38.941945 380.171972 33.637792 1.840424 25.623227 358.928298 15.478140 6.786476 4.366187 274.636899 -2.015764 11.744337 5.107464 152.727859 -10.716228 18.538644 13.010688 9.517498 -12.552418 24.823793 -175.527089 -77.016835 -13.195516 7.244592 17.960081 -43.993189 8.038032 7.248112 -20.331446 -108.874911 -26.979926 -0.365294 -32.690695 -156.614376 -47.995511 -0.049842 -17.788032 -142.776171 -19.341164 -0.619784 16.385292 -57.785889 45.793822 -3.811397 15.565937 9.223396 36.093077 3.888991 -77.710463 -24.382920 -13.290047 2.838027 -58.797138 -328.049893 -52.487603 -14.450949 -8.920340 -190.534104 -52.014769 -0.105525 9.280660 -134.193756 -31.844939 -0.073615 36.807341 -70.163504 41.669677 -1.725054 -29.504107 -16.831879 27.989873 -1.855806 -32.888532 -24.174829 -22.355499 2.957428 -34.263800 -39.285634 -18.342031 -0.145572 -9.567595 -83.927737 -16.079839 -3.974773 -3.268059 -30.827467 -13.377997 -0.070350 62.116850 -10.089736 9.366391 0.970539 60.606494 1.973982 17.501862 1.463473 -51.546883 -16.937736 -36.589532 0.807137 -27.089022 -21.827722 -22.723600 0.790379 -5.888685 -6.420212 -2.936639 0.000000 -3.058081 -8.289945 -3.095220 -0.426972 -8.027727 -6.705311 -5.109071 -0.852209 74.040761 -7.387792 -2.295863 8.590909 28.689521 -2.380624 -23.072952 19.842363 -58.428553 -7.632614 -24.637639 6.599072 -9.736940 -5.663657 -4.019182 0.054612 -1.748291 -5.046832 -0.737782 0.000000 -1.895878 -1.199750 -0.381874 -0.034996 -11.653683 -3.924651 -1.517090 -2.330961 20.206612 -8.022268 -2.862514 14.523441 -37.695337 6.051219 -8.706637 41.249847 -38.992399 37.211790 -5.687022 19.380854 -3.978803 35.731354 0.425569 5.904321 10.165187 47.050199 2.315963 1.371314 -0.179318 -0.100117 0.000000 -0.030124 -8.560963 -2.169830 -0.039333 -2.067340 -7.577160 -9.287981 -0.103025 2.871901 -17.667712 -4.622998 -1.328742 -5.298413 -17.193883 11.000434 -2.184803 -21.343409 7.380956 47.916539 3.499235 -2.433553 74.489414 99.712963 30.103102 3.446332 
120.368228 273.517804 12.755229 45.128762 1.404398 182.235894 7.040200 6.609377 -12.436435 160.455770 -3.619172 1.248036 -9.964289 107.881237 -4.846954 4.041934 1.893378 24.336496 -1.673656 9.490511 -10.219059 -28.381288 -2.329813 1.376543 -86.303489 -32.407407 -6.156413 -2.737323 -23.104326 -103.445057 -21.568564 21.498827 -10.791756 -49.440669 -20.451280 1.517192 -14.114172 -51.081063 -21.886644 -0.026069 14.558463 -38.426997 3.188348 1.065453 25.934496 -23.684267 26.946842 -0.021171 -14.435466 -1.463371 5.808132 -1.695541 -57.491940 -3.941690 -20.090960 -1.242373 -32.902357 -168.375268 -23.998163 -6.288032 -3.889807 -78.770381 -22.782522 -0.037955 11.752474 -47.985308 -10.329150 -0.151821 59.545199 -25.087032 24.239108 -0.398225 2.124324 -22.363483 -1.086216 -1.016631 -28.257627 -31.038516 -24.143659 -0.282879 -25.117437 -21.842312 -18.202581 -0.063259 -3.441282 -30.528722 -5.794511 -1.429650 2.343128 -10.291603 -4.993980 -0.025304 36.039945 0.218447 0.174931 1.572391 65.864657 -6.652127 -13.327467 2.372462 -8.368483 -23.436384 -33.743343 0.335272 -17.372564 -19.643659 -15.554637 -0.086216 -3.492093 -6.418325 -3.092746 0.000000 -0.828283 -3.074380 -1.126008 -0.164473 4.227987 -1.889501 -1.340118 0.099378 9.540353 -3.469493 -6.788542 4.777778 26.107846 -3.641873 -26.364759 17.348638 -6.014896 -5.624273 -18.780482 8.134476 -4.509081 -0.902306 -2.384706 0.471636 0.877461 5.819100 1.095296 0.000000 -0.370574 -0.518723 -0.139169 -0.025304 1.732272 0.630650 -0.123100 -0.320324 -19.319559 -4.331956 -3.004489 -0.156668 -16.684216 -2.919294 -6.998980 13.614019 1.707428 6.919600 -2.623355 21.124885 2.518978 12.355117 1.488267 7.377666 7.428783 12.551270 4.595194 1.365065 -0.035711 -0.063259 0.000000 -0.012652 2.464697 -0.094786 -0.075911 -0.170034 -5.610550 -0.213550 -0.215080 -4.965106 -18.600500 -19.227018 -0.132691 -15.132333 -4.113356 -37.276757 0.569330 2.000357 21.878839 -16.001786 0.691307 6.192888 18.690185 -16.760943 -0.667687 4.566830 
100.900367 198.134578 38.941945 1.404398 88.358637 182.187379 38.129119 2.832364 60.226252 220.609122 23.501735 5.375982 29.691970 170.263698 4.660392 6.645240 28.952301 100.395113 -16.043567 12.809611 15.213295 7.661259 -29.332109 18.955668 -147.902663 -83.659933 -29.062749 0.474033 64.450464 104.700490 27.374043 0.011376 10.337108 -24.709417 1.328028 0.698704 -17.568258 -94.592389 -32.415264 0.238700 -24.358892 -96.607897 -29.515662 -1.992093 11.800888 -40.996021 7.602796 -3.759157 37.929854 21.759922 13.236660 6.656770 -10.577492 -16.493113 -24.191205 7.484134 -27.281145 -211.412917 -33.924702 -11.649373 -5.189164 -155.068207 -44.211356 -0.064585 -5.034639 -120.791552 -37.644424 -0.374503 6.119733 -69.953270 3.723192 -1.965259 -19.876900 -17.269819 10.696919 -1.883328 -10.378074 -6.622385 -12.019080 3.005765 6.618865 -8.192480 -5.214366 0.047240 -11.215998 -91.375676 -19.402102 -4.287930 -1.066422 -35.503418 -17.427711 -0.090195 25.476125 -13.967350 -6.373278 0.097643 22.627130 -2.572238 2.347158 -0.017498 -26.800837 -7.936078 -20.315427 0.225385 -8.213397 -2.231201 -8.139118 0.550454 4.156974 9.503010 4.909550 0.000000 -3.919192 -10.746556 -3.988420 -0.561014 -4.070605 -8.425773 -6.127232 -0.472095 38.253239 -7.922049 -7.616978 1.656566 13.636619 -11.432966 -12.640853 7.583716 -30.442965 -2.320784 -1.169217 3.026426 -4.191052 4.950464 4.805071 -0.011989 1.493317 8.194215 2.115345 0.000000 -2.539231 -1.652025 -0.496072 -0.064942 -6.458882 -5.253341 -0.822059 -2.177074 17.781910 -10.499082 0.840629 1.112540 -10.173503 -1.427865 6.955413 3.807775 -16.984797 30.827620 5.312825 -2.995868 -3.285889 39.053617 2.805683 0.177329 14.517243 39.307469 6.460208 1.136568 -0.328334 -0.164881 0.000000 -0.045097 -3.460310 -3.349760 0.194062 -2.442761 22.067901 -3.515356 1.450515 0.602388 43.563565 23.784308 3.049587 -22.879655 9.238496 16.192786 -0.526171 -56.792878 -10.419906 23.772472 -0.541934 -23.882257 51.367718 64.117845 17.418325 -1.693195 
1573.902663 5330.047801 380.171972 182.235894 182.187379 4021.378839 186.079074 28.874145 -7.171819 3740.677074 36.113305 38.704265 -129.928783 2867.116774 -89.678910 94.305938 -40.229517 1426.653148 -104.667993 155.045608 13.188501 169.855015 -75.952403 109.687991 -1432.859963 -518.912458 -110.117386 -4.997041 21.661208 -593.040557 -182.284818 33.058208 -227.224875 -920.321447 -362.866187 1.471891 -320.026018 -1228.216815 -510.657688 4.679931 42.805020 -1115.902204 -173.479849 9.548771 373.352311 -440.076370 380.694623 -51.081471 5.015713 130.518416 259.821141 -29.199980 -952.103204 -203.163453 -222.987807 -4.946536 -593.053872 -3338.144322 -525.211662 -145.342210 -88.866391 -1902.535609 -538.623661 -0.873125 153.284920 -1263.824610 -312.737170 -1.103612 704.192276 -550.360984 295.156158 -16.824304 -17.147791 -188.496174 42.762116 -38.035303 -407.316090 -381.622845 -402.301908 -13.462555 -429.215386 -444.268238 -254.057800 -0.795276 -102.766044 -879.675951 -174.460412 -42.066167 29.578206 -310.488726 -137.226610 -0.467605 706.559229 -21.809866 40.509642 12.597643 850.458168 19.727120 -60.250638 19.688654 -341.169983 -268.618355 -534.361341 4.051831 -298.381441 -301.781706 -284.623508 0.696460 -60.819151 -88.591113 -45.076217 0.000000 -23.772727 -91.723140 -34.459953 -4.771758 56.501020 -31.757729 -31.646057 -2.225997 582.966738 -30.321498 -84.432405 69.101010 343.108611 -15.385216 -382.317621 209.524028 -389.374094 -105.485614 -296.308336 85.749107 -100.541832 -37.227681 -41.444240 1.496276 -0.036527 40.012856 8.133252 0.000000 -5.362004 -11.429344 -4.066779 -0.159525 17.194011 4.744363 -6.841802 -8.745485 28.112029 -33.904959 -35.997755 62.574890 -335.709775 69.069840 -84.860014 215.663606 -193.615651 239.473166 -45.942455 189.702938 2.115856 236.616978 11.344710 68.631874 83.288593 280.231252 40.127334 18.486889 2.070197 -0.108407 0.000000 -0.112591 12.598918 4.158963 -0.806856 -1.811448 2.098204 26.760586 -0.919090 -8.764004 -116.828997 14.807724 -3.231405 -217.801602 1.910213 -152.001428 -3.842516 -267.337874 143.194878 66.936843 -6.126416 -61.458933 505.586267 516.026936 42.567085 22.199367 
42.400367 201.354556 33.637792 7.040200 38.129119 186.079074 37.766044 0.900265 31.988318 221.050199 23.905214 1.494388 14.876594 189.059994 9.254668 4.158708 17.551066 107.368738 -1.035711 13.318029 25.464697 -4.615958 -13.956688 16.719416 -136.044077 -95.734007 -20.796755 5.061014 25.508826 51.171870 19.360575 4.985563 -7.733037 -37.207173 3.379655 -0.276604 -20.256811 -87.345475 -23.209315 -0.264106 -16.168656 -88.400826 -15.074023 -2.042037 20.546679 -42.903428 24.963626 -3.593613 19.869809 -1.297878 15.909499 2.208397 -37.026426 -28.200184 -12.540812 3.177176 -31.239057 -183.673860 -27.727732 -7.981022 -6.391185 -123.632742 -32.941996 -0.071319 -1.404449 -94.018825 -24.719059 -0.042853 16.063616 -54.883124 16.619937 -1.145393 -15.338741 -22.700796 14.224416 -2.254260 -15.833741 -16.848536 -13.755331 0.322824 -12.166769 -18.597082 -6.918631 -0.011121 -8.055505 -66.497449 -13.482349 -3.053362 -1.623661 -24.368177 -9.972044 -0.061014 25.233701 -8.403938 5.985308 0.675084 22.200082 -3.085706 11.127742 0.989797 -30.003418 -13.193093 -17.330579 0.268034 -10.869401 -9.987654 -9.831038 0.229466 -1.532701 1.001888 0.717631 0.000000 -1.929293 -6.857668 -2.614121 -0.335986 -1.064993 -3.252372 -1.958321 -0.406999 32.454137 -3.579176 -0.919447 4.131313 3.610244 -5.705693 -9.963524 13.304255 -34.230283 -3.958831 -7.769105 5.697021 -3.825171 -1.521477 -0.183706 0.025610 -1.222732 -3.462351 -0.495205 0.000000 -0.611060 -0.685134 -0.295174 0.039996 -2.667075 -1.752780 -0.479747 0.083869 6.423324 -4.408173 0.322671 6.292113 -27.746454 -1.940210 -0.592848 17.836394 -24.017345 13.412356 -1.108050 15.034435 -2.388583 19.118712 -0.154474 6.041526 1.273697 21.687940 -0.440465 1.445771 0.007244 0.039384 0.000000 0.009897 -4.267269 -0.945159 0.119988 -0.087542 1.514590 -2.854862 0.451076 5.178145 3.201051 2.057596 -0.041322 -6.099072 -15.002806 -11.436282 -1.667585 -14.618355 -11.812723 5.167534 0.575911 2.886542 31.556831 61.003367 16.547393 12.852821 
17.539486 46.150087 1.840424 6.609377 2.832364 28.874145 0.900265 3.851750 1.943628 21.997398 -0.573360 1.820988 0.968728 10.737221 -0.214111 1.674778 3.663861 -2.375829 0.358076 2.784053 -0.512193 -15.028569 -0.038414 1.660494 -26.359504 -18.158249 -0.535047 -0.769258 -5.548720 -20.789103 -2.531068 1.354556 -1.046475 -12.187736 -3.535558 0.456943 -1.112182 -10.522396 -3.286756 0.378839 1.465412 -8.879247 0.777370 0.319457 5.495256 -6.802877 4.344863 0.277523 -0.975309 -2.948628 0.498419 0.980971 -11.421590 -7.206612 -4.261045 0.129732 -4.380471 -23.669728 -3.248852 -0.919498 -0.335170 -11.618202 -3.110499 -0.005204 1.890470 -7.248393 -0.533721 -0.020814 8.669524 -3.862616 4.920977 -0.069177 -0.692429 -3.378482 0.056525 0.212529 -4.528722 -5.366595 -3.450617 0.759157 -3.379655 -3.959035 -2.669473 -0.008673 -0.471789 -4.185389 -0.794409 -0.196000 1.686257 -1.238088 -0.535098 -0.003469 5.610193 1.404908 1.476125 0.321549 9.054229 0.190695 -0.737425 0.297113 -3.071982 -3.108458 -5.234160 0.056066 -3.031323 -2.682941 -2.286042 0.066626 -0.492603 -0.971329 -0.468320 0.000000 -0.171717 -0.421488 -0.154372 -0.022549 2.866748 -0.430517 0.159831 0.464748 3.996531 -0.268952 0.954903 0.929293 1.727477 -0.521120 -2.384400 2.131619 -4.098816 -1.213193 -2.744465 0.917100 -1.122539 0.633099 -0.190287 -0.039894 1.041118 4.809917 1.086216 0.000000 -0.128354 -0.071115 -0.019080 -0.003469 1.637945 -0.262269 -0.002092 0.526018 2.244720 -1.037649 -0.209315 2.174880 -2.657994 -0.350372 -0.587185 1.268442 -0.854505 2.654015 -0.044689 0.482094 0.032905 4.673197 1.343536 -0.131874 4.677431 7.966177 3.745944 -0.044281 -0.024283 -0.008673 0.000000 -0.001735 1.185287 -0.157586 -0.010407 0.038721 3.714927 0.882665 -0.029487 1.645546 -0.394603 5.593103 0.118457 -2.347158 -0.945567 3.311805 0.724518 -3.071676 1.745893 -3.192123 1.544230 -2.646210 3.185083 -13.840067 3.728599 -3.531323 
-49.431589 -141.103178 25.623227 -12.436435 60.226252 -7.171819 31.988318 1.943628 175.896669 44.330196 62.508239 11.578844 117.034333 124.314432 39.388124 11.582568 35.880752 143.246735 -2.530175 15.643633 42.484109 33.744516 -28.941154 36.553311 -125.810376 -168.351852 -54.313208 11.289537 63.134655 196.507882 70.329737 -3.639144 21.818437 95.077237 49.017728 -0.173579 18.592440 -4.268391 12.153760 0.241149 -33.705999 -68.925390 -42.754948 -2.708652 4.989822 -41.342210 -29.502882 0.486175 92.481201 25.513672 16.284486 18.122181 65.885700 -36.102388 -18.294587 12.453678 3.898148 -20.196204 10.509183 -7.853459 -2.254591 -80.946460 -15.083486 -0.079507 -29.385496 -101.032599 -41.356469 -0.232170 -74.018391 -91.596215 -43.377972 -2.237756 1.868814 -5.232400 14.786374 -0.325860 43.510968 30.478012 18.616442 8.159958 43.142894 24.905163 11.784792 0.103178 -9.356800 -80.978905 -19.341802 -4.092414 -8.674089 -40.143761 -20.008902 -0.100143 -50.944215 -30.582288 -17.034435 -1.364478 -51.535022 0.202326 16.503801 -1.594480 11.885420 28.183680 27.348944 0.595832 21.863891 26.770483 7.504591 0.874758 9.623151 17.712529 7.803949 0.000000 -5.022727 -15.051194 -6.188680 -0.575171 -21.009616 -8.850704 -6.586675 -1.527803 -22.867820 -10.238318 0.412790 -9.424242 10.686818 -5.653811 27.483726 -14.846036 7.255765 13.716177 24.263136 -5.432558 1.076089 6.238190 7.373329 -1.091037 -0.926946 -0.646924 0.273901 0.000000 -2.786093 -2.411514 -0.798260 -0.049638 -16.329941 -5.039231 -0.028517 -2.072161 7.624426 -14.733012 4.126824 -4.652306 34.611468 -18.912407 14.303362 -5.784282 -4.238394 11.177405 8.662687 -14.469008 -9.779691 23.447862 1.825732 -4.811728 10.054127 59.946587 2.818564 -0.420748 -0.286858 -0.144297 0.000000 -0.045021 -6.920059 -4.080553 0.285430 -2.210438 21.033389 -15.349454 1.603331 7.184573 58.190822 17.339098 2.912305 2.625931 -10.863356 29.343766 -2.297291 -24.629808 -29.402382 15.828334 0.182124 -19.453347 7.249184 28.261785 29.557749 -1.671462 
1377.244261 4809.597414 358.928298 160.455770 220.609122 3740.677074 221.050199 21.997398 44.330196 3749.564968 80.040940 25.334175 -85.118151 3027.799128 -50.017906 73.509871 -39.798822 1619.153734 -87.737756 148.336777 28.335552 295.756351 -106.984619 118.259259 -1380.801194 -512.196970 -158.126033 11.399066 81.454622 -270.730716 -87.135675 23.200260 -175.621977 -750.322620 -258.002678 0.394475 -299.873278 -1152.295837 -462.087542 2.150291 -20.280992 -1074.269284 -203.427074 0.918886 339.510331 -434.882461 342.180364 -58.327212 55.445286 142.100398 248.919268 -31.134221 -768.652051 -177.738292 -217.293006 3.987450 -538.719697 -3091.007346 -471.547750 -142.010331 -86.822084 -1874.882844 -524.168733 -0.912994 105.722146 -1324.594123 -352.152816 -1.793388 608.252143 -649.766912 223.179369 -18.943297 -42.389272 -231.626033 38.620676 -44.471916 -361.835935 -335.423936 -370.374579 -21.217248 -327.458984 -361.811448 -216.798822 -0.688323 -111.616468 -944.558234 -195.701867 -46.056091 15.896006 -352.311142 -160.821778 -0.679369 599.347796 -60.162228 15.946740 12.462121 742.201025 -5.359504 -59.774028 18.071319 -308.287573 -245.232859 -485.748852 1.853918 -252.147230 -242.685185 -247.806703 0.042394 -40.101775 -48.031527 -26.144169 0.000000 -30.078283 -112.583792 -42.736991 -5.713881 36.114708 -42.377181 -36.644016 -3.199418 480.133762 -32.451714 -80.788874 63.752525 274.257729 -19.998163 -346.486532 203.184573 -324.388506 -82.355601 -250.279308 87.141108 -86.925237 -24.224671 -25.786654 1.045837 -3.663606 28.122590 5.935874 0.000000 -8.288185 -14.356367 -5.110269 -0.159167 1.348408 -1.240894 -5.368993 -7.975436 -8.676309 -38.386823 -26.779461 40.138736 -344.965718 37.979645 -62.985843 186.660927 -153.214111 231.003137 -31.538567 201.725207 -3.469008 242.222069 7.649066 81.046296 61.751760 245.412764 26.594812 23.125880 1.799969 -0.213575 0.000000 -0.147766 3.522804 -0.137129 -0.154270 -3.686869 11.687710 20.391797 1.654653 -20.109275 -72.819942 -5.532446 1.833792 -241.514157 -21.672559 -216.945439 -8.153581 -272.959060 102.131390 53.373584 -16.460514 -15.427839 487.762550 569.931818 35.609581 76.120447 
-27.200643 -24.527880 15.478140 -3.619172 23.501735 36.113305 23.905214 -0.573360 62.508239 80.040940 39.642307 0.164703 34.845169 121.442991 23.402816 0.506351 7.203984 109.820197 2.703066 7.670722 27.618177 34.942404 -13.738675 18.714927 -74.675390 -76.912458 -25.479415 13.155010 32.025380 134.420187 35.512932 3.924676 0.446536 44.839404 26.165570 -0.342542 -4.684420 -14.929089 5.340629 -0.247832 -27.773033 -44.984160 -15.070375 -1.953372 -3.752143 -23.304102 4.532930 -2.008315 33.314534 9.241404 18.589353 4.325120 14.084966 -16.927456 1.981354 4.495919 -15.455387 -65.049281 -4.167126 -4.864019 -5.166437 -69.599352 -15.774487 -0.057009 -11.528747 -70.099633 -20.837185 -0.026018 -32.466968 -56.507142 0.613764 -1.144552 -17.488853 -14.565274 20.869478 -2.343766 4.473778 8.672227 8.687149 0.218728 8.268697 3.738496 5.537318 0.007678 -6.505561 -55.901770 -11.989644 -2.585068 -2.478038 -23.096011 -9.474008 -0.061575 -6.299128 -10.869707 4.525712 -0.359428 -26.134655 -2.698500 19.225105 -0.150495 -14.395113 0.696077 7.512856 0.261580 4.577849 4.401796 -0.028007 0.336649 1.943169 5.996276 2.712580 0.000000 -2.078283 -7.870294 -3.290608 -0.258826 -0.180874 -0.665672 -0.391542 -0.147179 7.140445 0.627615 4.823258 -0.989899 -11.319610 -4.352158 4.897868 -1.512244 -12.027982 1.252449 5.044587 -0.924753 -0.109402 0.335986 1.680492 -0.495995 -1.398939 -3.179522 -0.578257 0.000000 -0.510611 -0.989567 -0.414422 0.024283 2.223778 0.542955 0.661106 1.406260 1.872819 0.791322 2.354097 5.465233 -14.085961 -5.330221 2.572416 8.638583 -13.523518 4.853714 1.514845 4.137971 -5.631849 10.732068 -0.288593 2.006453 -1.736966 20.590297 -1.001913 0.802393 0.154831 0.032930 0.000000 -0.005535 -0.948526 0.143506 0.204163 0.814815 3.250561 1.710234 0.582670 9.400367 -4.215055 8.545250 0.297062 8.907382 -29.519921 -1.614453 -0.872130 5.620421 -17.572263 -2.680390 1.230793 11.490639 1.919064 10.307239 14.864453 14.481890 
22.126263 50.206790 6.786476 1.248036 5.375982 38.704265 1.494388 1.820988 11.578844 25.334175 0.164703 4.641695 9.022447 9.398148 -0.503367 5.418350 9.267396 -5.072110 -1.333614 3.822391 -1.612514 -19.455107 -0.544613 3.342312 -33.075758 -29.764310 -4.041246 -1.685466 -4.106341 -22.165825 -0.256734 -0.234287 -1.308642 -16.365881 -3.806678 0.215208 -0.675084 -17.246914 -4.034231 0.558361 2.239057 -15.654040 -2.292649 0.948934 10.898148 -8.910774 0.677048 1.056678 7.613075 -3.487654 0.072110 2.609989 -12.583895 -10.580808 -6.612514 0.615039 -4.908249 -27.754209 -3.676768 -1.160774 -0.462121 -14.791526 -3.539562 -0.005892 0.640011 -9.545455 -1.614759 -0.008418 4.684905 -3.696409 1.497194 -0.120370 4.605780 0.928451 -0.322952 0.646184 0.289001 -4.289001 -3.735971 1.922840 -3.239618 -6.282267 -3.151796 -0.009820 -0.534231 -4.739338 -0.899551 -0.221942 0.711279 -1.660494 -0.761223 -0.003928 3.270202 -0.139169 0.959596 0.005892 6.419473 2.543771 1.403760 0.012907 -1.358025 0.835297 -4.484848 0.207351 -2.818743 -1.809203 -2.742424 0.184624 -0.557800 -1.099888 -0.530303 0.000000 -0.194444 -0.477273 -0.174804 -0.025533 0.279742 -0.630471 -0.249719 0.147026 6.546577 -0.850449 1.648429 -0.126263 4.051627 0.126263 -0.283389 -0.685185 -4.139450 -0.768519 -2.551627 -0.433221 -1.201740 0.128507 -0.319304 -0.045174 0.625140 2.954545 0.676207 0.000000 -0.145342 -0.080527 -0.021605 -0.003928 -0.460999 -0.439955 -0.145342 0.049663 6.555556 -1.452020 -0.133558 2.782548 1.067901 1.976992 -0.524972 -0.127104 -2.593715 5.372334 -0.260943 -3.936869 0.438552 5.015713 1.116723 -1.437430 5.006173 12.271044 2.913300 -0.352132 -0.027497 -0.009820 0.000000 -0.001964 0.362514 -0.298541 -0.011785 -0.122896 3.161897 -0.382716 -0.033389 2.424242 4.597363 8.570146 0.030303 -1.596240 4.420595 11.469978 0.335859 -9.510382 1.062009 2.721100 1.422559 -7.927890 7.560887 -5.352694 5.987093 -5.263187 
-88.821855 -268.845220 4.366187 -9.964289 29.691970 -129.928783 14.876594 0.968728 117.034333 -85.118151 34.845169 9.022447 249.388940 -48.817110 71.973523 21.685644 143.952301 32.672891 27.037241 16.905571 49.804204 -18.889246 -24.226048 25.607183 -140.549128 -277.947811 -75.426385 6.256862 24.278747 81.488369 53.278084 1.006326 28.554280 81.437047 59.610856 -0.735639 45.159014 61.195490 44.574635 0.178094 42.040098 -46.309917 -8.611621 -0.987042 31.295837 -66.425314 -37.897204 -0.910672 98.485410 -17.992603 -11.046169 14.187073 95.028569 -76.164830 -34.352821 10.782114 19.223906 142.233548 49.711662 -1.507958 2.916896 27.022702 23.950260 -0.019131 -20.029589 -37.685491 -16.366646 -0.036119 -45.567136 -79.943169 -53.069738 -2.061218 1.648352 -30.370830 -20.181869 -0.762116 58.233037 22.332160 18.884961 7.111825 58.543108 34.115600 13.386644 0.011887 -1.822059 -28.916080 -6.321294 -3.484900 -10.010866 -31.028671 -16.463065 -0.171003 -54.039027 -28.628966 -11.363177 -1.422559 -82.766810 -0.365167 9.842108 -2.436690 4.678961 27.614427 37.396694 -0.224110 33.362361 38.501122 22.209366 0.499949 8.813539 16.720182 7.359045 0.000000 -5.267677 -17.418274 -8.205591 -0.303438 -12.797878 -7.844965 -3.127232 -0.961994 -26.059892 -5.139220 15.958780 -11.156566 -42.454290 -15.220845 37.864198 -20.992042 16.920671 10.169115 31.941894 -8.281655 7.056423 6.874707 7.340424 -1.496837 -1.920824 1.668962 -0.096776 0.000000 -1.862463 -3.182328 -1.137486 -0.064942 -5.266963 -4.763443 2.162790 0.338078 18.519284 -1.978880 4.497194 -0.064228 30.972962 -13.437966 9.803898 -27.904346 12.626314 -0.232986 6.151209 -27.303949 -3.119223 16.482910 1.669319 -8.524691 12.870778 52.837772 2.753137 -2.232119 0.227222 0.011887 0.000000 -0.029946 3.489185 -2.097235 0.335476 0.314815 28.315376 0.504846 0.708091 5.147842 56.154474 46.380267 1.514233 -6.551372 -3.716049 76.692786 -3.551423 -30.969646 -27.854250 125.211866 -6.087389 -19.897408 24.670748 201.840067 37.251658 -16.501275 
967.523875 3602.222605 274.636899 107.881237 170.263698 2867.116774 189.059994 10.737221 124.314432 3027.799128 121.442991 9.398148 -48.817110 2773.398760 -6.783287 36.002066 -54.312290 1716.809994 -57.240664 114.867998 77.254438 490.386440 -101.017218 118.609428 -1037.900367 -319.040404 -158.153581 25.068335 68.406719 25.253214 2.352388 8.928298 -119.456076 -429.842210 -127.679599 -1.259030 -203.635445 -852.904806 -316.417508 -1.249923 -60.511478 -879.955234 -188.301117 -11.136976 260.235308 -307.941690 269.262244 -58.013009 140.872896 203.539180 247.240052 -26.005816 -495.352081 -123.330119 -170.830961 8.641567 -443.578283 -2353.080349 -323.555096 -123.583792 -71.227502 -1531.753061 -404.824839 -0.868916 38.906413 -1179.269054 -330.040481 -2.869605 399.703780 -656.569177 124.742577 -20.136593 -30.806321 -204.582874 61.218626 -47.077671 -256.737527 -219.267065 -272.074916 -26.760254 -216.574533 -252.582492 -162.968855 -0.692302 -94.970309 -827.492730 -179.833027 -42.781374 -2.235767 -334.384910 -157.681436 -0.818335 391.627410 -89.021426 -10.333792 9.916667 553.379324 -12.845271 -28.858662 14.102234 -213.812519 -176.094506 -346.957300 -0.178528 -192.188399 -173.234007 -189.431589 -0.920263 -24.895470 -20.891338 -13.702479 0.000000 -33.876263 -123.579201 -50.016912 -5.208066 8.373355 -39.362948 -35.404193 -2.878635 282.646312 -28.875650 -64.438858 47.590909 241.172023 -12.627640 -238.558923 166.934803 -234.052265 -50.284435 -169.750536 73.974135 -79.822697 -22.146312 -16.659167 -0.456305 -10.509030 4.831038 1.164677 0.000000 -10.480410 -17.200107 -6.228114 -0.030456 -17.578436 0.563667 -3.020814 -3.933196 -86.367769 -26.761019 -14.745791 20.865856 -255.163759 21.974441 -31.014616 164.016299 -115.791858 187.635063 -17.329660 194.816575 -27.188017 189.570401 0.136517 78.620370 12.953015 158.840680 6.560836 25.324992 1.281757 -0.318564 0.000000 -0.166743 -9.095807 -3.860116 0.110652 -4.530303 -26.566498 -7.428528 2.448194 -35.642792 -76.879783 -66.246710 2.435262 -191.960132 -62.817340 -229.878252 -12.102617 -174.107515 63.639042 12.297674 -27.365473 63.141797 348.850857 517.441919 9.178757 135.210591 
-84.083563 -174.558157 -2.015764 -4.846954 4.660392 -89.678910 9.254668 -0.214111 39.388124 -50.017906 23.402816 -0.503367 71.973523 -6.783287 42.191001 -0.581726 37.351852 50.229415 24.490052 3.337006 24.274870 30.346954 -4.170799 12.776094 -38.426997 -60.752525 -20.574839 8.921182 5.774717 75.627640 33.123967 0.570401 4.944751 50.520967 36.465718 -0.738598 9.299816 35.333486 30.754209 -0.456076 -8.517906 -13.688246 7.537496 -2.134221 -4.024334 -22.055096 4.406642 -0.972146 39.309764 -2.349250 8.784818 4.924395 38.597184 -25.422865 1.290940 3.835323 0.252525 61.930211 26.455464 -1.253444 -1.298439 7.899602 16.734160 -0.061065 -9.512091 -19.805785 0.228803 0.159780 -38.818029 -39.985155 -8.114172 -0.692378 -15.393786 -17.792011 10.465871 -1.466789 20.700031 10.038261 15.180135 0.917202 23.808846 12.346801 9.533670 -0.032752 1.204163 -4.216100 2.559535 -0.190695 -2.365473 -7.832109 -0.133915 -0.007040 -23.543159 -4.515917 9.387971 -0.429293 -53.889501 1.274105 19.895470 -1.004285 -9.774870 9.470921 19.585399 -0.111264 14.576064 14.831650 11.712580 0.435568 2.727579 6.740894 3.337466 0.000000 -0.419192 -2.769513 -2.692072 0.459290 4.583410 4.632691 3.922253 0.421182 -11.658555 7.977655 20.534741 -1.873737 -49.405112 -3.209826 19.097643 -6.362718 -2.434496 4.006887 12.838996 -1.947352 3.570095 1.355525 2.617692 -0.378941 -1.637588 -2.827824 -0.783440 0.000000 0.527395 -0.942302 -0.437710 0.018212 11.220233 2.756964 2.512244 3.269972 5.592746 12.760790 5.057239 7.490970 -26.149066 1.147536 2.469085 -2.512856 -7.814356 -1.595194 0.982094 0.117998 -3.795225 4.980869 -0.285889 2.678451 -1.509795 12.332874 -1.388430 0.429446 0.465871 0.118763 0.000000 0.001530 5.557545 2.010407 0.231405 2.510101 5.213805 12.217019 0.212886 12.522498 -17.495256 23.156413 -0.190083 10.909703 -36.562290 13.363024 -0.866850 7.311907 -24.755586 25.773799 -0.140037 18.214570 3.998010 64.151515 18.919804 14.439700 
44.982094 128.287802 11.744337 4.041934 6.645240 94.305938 4.158708 1.674778 11.582568 73.509871 0.506351 5.418350 21.685644 36.002066 -0.581726 12.198577 25.743266 -11.884221 -0.982170 9.526400 8.151133 -49.511631 -1.082415 5.159933 -82.290634 -85.656566 -11.648072 -2.631849 -6.040940 -41.208219 -5.166437 0.381007 -4.737068 -32.711356 -8.400444 0.243725 -3.816345 -34.767524 -10.276094 0.564126 15.360882 -34.786731 -2.520585 2.214264 27.558999 -27.671258 4.747551 0.835935 5.822391 -16.076523 -0.808616 1.101163 -33.329584 -27.493572 -14.438858 0.274717 -12.810606 -70.468779 -10.266758 -3.761019 -1.523186 -38.274640 -9.879477 -0.018136 4.323768 -23.972452 -4.036348 -0.042241 23.133991 -10.081114 8.264616 -0.356520 7.846113 -6.905647 -4.834634 0.101393 -6.951485 -16.153658 -12.766835 1.631849 -12.059841 -17.077441 -8.145623 -0.030227 -1.644322 -14.587313 -2.768748 -0.683119 1.591598 -4.928069 -2.267753 -0.012091 18.676538 0.479033 3.408173 0.063131 18.133226 3.067034 1.387894 0.036119 -11.229415 -6.470998 -14.298439 0.128635 -6.232017 -7.996633 -7.782369 0.137588 -1.696664 -3.385369 -1.632231 0.000000 -0.598485 -1.469008 -0.538032 -0.078589 2.454622 -0.920340 -0.850474 0.168656 25.457606 -0.989516 1.552418 0.611111 4.569636 -2.502755 -5.367003 1.132231 -15.825911 -4.066345 -7.812519 -0.169575 -1.573845 -0.341445 -1.069177 -0.103688 0.695745 3.914601 0.807469 0.000000 -0.447352 -0.247857 -0.066498 -0.012091 0.071243 -0.687481 -0.391797 -0.171947 17.016988 -1.529614 -0.553872 6.569253 -7.027854 2.945516 -1.775865 3.893710 -12.526477 7.281068 -1.088613 -3.212810 1.293159 7.420263 1.360575 -1.384680 6.783134 17.428834 3.755510 -0.557928 -0.084634 -0.030227 0.000000 -0.006045 0.279767 -0.423936 -0.036272 -0.217172 7.817340 0.267524 -0.072467 4.350781 4.598179 17.994796 -0.008264 -2.446358 0.914983 23.486762 0.312443 -16.832032 2.322697 23.359657 0.996327 -11.580885 16.313667 43.633838 9.642026 -8.156260 
-18.989899 34.833614 5.107464 1.893378 28.952301 -40.229517 17.551066 3.663861 35.880752 -39.798822 7.203984 9.267396 143.952301 -54.312290 37.351852 25.743266 355.773008 -148.074355 60.904321 36.207912 175.264029 -247.832772 -8.273569 18.273850 -421.106061 -510.957912 -70.297138 -44.314534 -41.136083 -83.243266 6.600168 -4.689955 10.818743 -53.376543 22.397587 -0.816218 25.250842 -51.672278 28.574635 1.335578 100.346801 -113.315657 44.070426 0.586420 185.894781 -110.265993 36.206790 -1.415264 115.331369 -111.578002 -25.870090 4.884961 -114.810045 -215.313131 -94.129910 -5.463524 -15.091751 39.794613 25.580808 -1.430135 -2.169192 5.569304 18.963805 0.101852 17.612514 -21.565657 3.316779 0.538721 94.193883 -61.859147 22.381594 -1.374579 61.843715 -70.236532 -29.348765 -2.055275 23.832211 -75.014029 -56.183221 3.541807 -37.553311 -71.030864 -43.393659 -0.136644 1.089787 -6.674804 -0.014590 -2.015432 -3.938552 -18.672840 -4.314534 -0.076880 24.007576 -18.830527 7.035354 0.519360 56.959315 -22.604377 8.990180 -0.088664 -4.313692 -24.254489 -34.207071 -0.101291 2.273288 -23.064534 -28.090909 0.300224 -9.543210 -22.965769 -12.767677 0.000000 -0.694444 -7.305556 -2.350449 -0.232043 -0.996914 0.746633 2.487093 0.034792 21.852413 -4.099046 22.987935 -0.616162 7.675645 -16.318182 19.071268 10.533670 -41.289843 -10.726431 -16.574635 1.938272 -4.308361 -9.113356 -8.877666 -0.626543 -1.918070 -6.121212 -0.711560 0.000000 1.024130 -0.520483 -0.336981 -0.006173 4.991302 0.136925 0.751403 2.137205 42.621212 3.441919 10.997194 11.318462 -26.956790 8.305836 0.787598 7.975589 -66.209315 7.976150 -8.451178 18.477273 -7.251684 -2.187430 -1.056117 6.472783 -5.107183 11.501684 1.889731 -0.405443 0.946689 0.065376 0.000000 -0.053591 7.086981 1.298541 0.612795 1.264310 31.353255 8.978676 -0.077722 20.686869 -1.784231 76.237935 -3.954545 -15.545174 -32.460999 115.232043 -6.351010 -66.156285 -46.940797 187.425365 -9.594276 -5.491302 52.686588 567.776936 18.568462 28.530864 
434.900367 1670.143276 152.727859 24.336496 100.395113 1426.653148 107.368738 -2.375829 143.246735 1619.153734 109.820197 -5.072110 32.672891 1716.809994 50.229415 -11.884221 -148.074355 1597.039613 -16.661132 32.724594 -15.091700 905.330170 -53.338001 104.682379 -160.801653 413.382155 -49.814432 68.733573 56.807647 194.598638 71.570171 -11.074202 -38.539435 -94.695388 1.249184 -3.104046 -83.585093 -389.958270 -118.076319 -5.525048 -176.496939 -517.665978 -151.115269 -27.050454 -37.804331 -47.161004 130.316320 -61.844455 187.858866 367.533772 252.748725 0.186512 21.341419 120.112948 22.948245 22.483573 -246.458754 -1126.209213 -107.571166 -75.034053 -41.691690 -832.687455 -196.530380 -0.649602 -55.546704 -723.099633 -224.006096 -2.674166 -40.582007 -460.132282 -16.619120 -15.087313 -107.681334 -45.536654 122.243776 -34.647357 -79.806805 47.084124 -20.956510 -19.683068 -15.963065 -5.124018 -14.246072 -0.178630 -57.735639 -498.824890 -117.061473 -28.978446 -21.217095 -230.735180 -111.829788 -0.675492 62.195822 -81.587440 -37.332874 4.379630 119.325502 21.924395 43.997271 7.440975 -113.136415 -16.077773 -58.194215 -0.096444 -67.776808 -22.928732 -48.921947 -0.546628 -1.046169 24.922763 9.197429 0.000000 -26.659091 -97.456152 -42.246276 -3.163427 -18.656744 -23.249847 -22.916233 -3.438986 8.021477 -6.936920 -19.551602 18.202020 115.849301 -2.801653 -63.345679 78.006275 -93.635165 -8.481558 -27.159678 33.127997 -44.058336 -9.290838 1.733803 -2.162101 -13.845628 -16.265381 -3.766248 0.000000 -7.932609 -14.953653 -5.402076 -0.023977 -18.344684 5.971125 2.789613 -0.433808 -132.091827 2.907484 -0.559484 -4.914116 -49.076421 -14.593409 2.931563 77.278313 5.869860 43.103433 -0.133303 84.941001 -37.381007 41.556423 -6.615753 26.565937 -29.229670 5.430364 -15.927839 9.057724 0.796806 -0.183680 0.000000 -0.105423 -8.420467 -3.241455 0.226048 -2.259259 -49.647868 -18.484491 1.874477 -40.609734 37.474620 -115.546781 1.862718 -60.446715 20.452581 -178.962376 -11.109504 -15.577109 33.082058 -108.061422 -33.358433 63.574253 65.737807 -170.938552 -26.454290 47.011070 
-82.918733 -121.730206 -10.716228 -1.673656 -16.043567 -104.667993 -1.035711 0.358076 -2.530175 -87.737756 2.703066 -1.333614 27.037241 -57.240664 24.490052 -0.982170 60.904321 -16.661132 49.052163 0.665213 34.980283 7.648403 19.098332 4.263749 -31.221763 -29.856902 -0.000995 -4.023901 -41.764641 -45.503597 4.655265 -3.308872 0.346750 -7.571676 19.169855 -0.680772 8.777472 9.046271 33.438272 -0.339812 13.226048 -2.156336 33.539205 -2.651872 9.822238 -9.155800 29.901923 -2.083767 14.811167 -10.807112 8.188221 0.876237 4.902995 -40.452250 0.220870 -0.965820 1.635522 84.545301 30.341598 2.379783 1.685262 50.908147 34.253061 0.016912 4.326931 29.162075 24.406311 0.249464 -2.365345 -4.215437 9.914652 -0.055479 -2.180160 -16.627257 2.379426 -0.574559 10.930466 -7.952505 4.251122 -0.056907 4.751556 -4.990460 3.581089 -0.072824 7.735333 55.097465 18.889909 2.460234 -1.197505 16.696766 13.439828 0.102183 -13.310147 4.410060 13.011938 0.665825 -20.450235 -4.773799 12.301933 0.216202 -3.398633 -1.622258 6.808999 -0.102668 11.301296 4.778900 6.625344 0.220335 -0.878839 -2.595705 -0.801194 0.000000 1.724747 6.218320 0.355244 0.699546 2.551755 7.435797 6.186359 0.830476 -21.448322 8.033185 21.133940 2.510101 -44.288542 0.424702 15.263187 5.683349 -1.493240 1.042623 5.284410 3.003010 4.857846 -1.807571 -0.727528 0.159958 -1.747271 -6.849403 -1.272625 0.000000 1.073717 0.089710 -0.089506 0.051678 7.847133 2.868789 2.371697 3.440695 -10.382461 15.405188 3.194164 6.883660 -36.389297 5.568003 -3.278517 5.309382 -9.856698 -5.284639 -2.380012 19.731175 -0.721840 -7.051525 -1.366493 10.563692 -9.210489 -14.224671 -3.272804 1.757550 0.371850 0.108994 0.000000 0.005637 1.882665 2.084124 0.069177 2.001684 -13.520483 4.775278 -0.515279 4.566116 -35.140521 -2.798796 -2.089532 1.652255 -29.178171 -21.212861 -1.905188 18.438756 -24.135012 7.399653 -1.309152 38.187302 -3.568692 92.069865 9.437608 29.730589 
