69.839124 272.246812 16.786833 11.664932 31.445694 237.445414 30.348255 9.628252 -80.946077 168.906285 38.607208 -0.628737 -40.455617 110.164754 17.729058 -9.550531 34.889731 39.782446 -6.331777 -1.024666 -31.609581 -10.910647 -4.550964 -32.976456 -49.984083 -60.236711 -2.188042 -57.747934 27.144628 -4.384272 -17.433094 7.371136 17.082390 -67.300964 -21.037777 3.401949 40.752372 -52.286399 -26.570299 -1.596623 18.161336 -66.404168 -33.022166 -7.052877 32.699469 -62.192506 -24.114376 -0.326115 12.657892 -18.506249 -4.075579 -9.282471 -9.826803 -14.357515 2.963244 -15.625013 -19.963805 -197.656897 -31.073003 -5.824814 23.274028 -143.448908 -21.114733 -2.918631 21.040174 -58.149730 -7.579150 -8.138047 -14.056678 4.238190 -12.811703 2.104632 36.538465 -14.129630 -3.233956 6.814968 18.119376 -3.393021 2.690389 -6.249413 -0.882410 46.135114 2.170365 10.719212 4.338664 -11.886517 -2.137665 -0.898658 15.532267 -5.272064 6.206280 0.227834 -38.234925 12.071064 11.966611 -1.743470 -38.342312 16.341700 -0.427303 5.334201 34.320171 -38.045276 -8.742169 25.193424 21.088996 -26.821192 0.061779 -4.522523 0.148480 1.643761 0.900061 -21.257652 25.731303 -4.299638 -26.131874 1.146847 17.759183 -35.422865 -21.662381 1.071600 -21.949240 -19.448908 1.006504 -3.139680 -19.775125 -17.980334 -8.909474 6.761861 61.943169 -33.998316 0.865651 16.186792 14.751071 -11.059458 2.348255 5.339736 -40.436359 3.222197 10.898046 -10.464060 -14.091011 -29.945771 -23.532293 -11.891287 46.872539 -25.872921 -8.483446 -1.397204 -33.893200 -10.751326 1.400597 3.343103 -35.270151 -1.466866 -2.377717 1.884757 52.920595 -2.627921 -0.224110 4.312927 6.673656 2.489006 -13.469595 7.896924 -32.301398 6.446179 -19.725997 5.257474 4.308591 -17.694317 8.699036 -37.196434 52.544587 -76.275304 6.006657 -23.989185 -15.943603 -33.686129 -21.148633 6.063846 -28.459647 12.635956 -0.077441 -3.392409 30.409805 -26.600806 -8.477171 -2.839328 -2.794766 -25.144934 -50.777217 4.355627 24.706050 23.504744 -39.675798 1.546883 
272.246812 1544.111009 111.337057 55.409601 89.162585 1251.183910 183.285124 20.520508 -305.214315 885.637486 242.392562 -18.377615 -114.231711 650.786807 133.187532 -22.225334 182.471380 360.377564 -2.789970 -4.054688 -123.626416 -19.346393 -19.101469 -184.476176 -239.739976 -326.095858 -15.188603 -349.859045 130.972911 498.361239 -31.483879 35.192684 30.925263 -109.813590 -88.189572 9.224620 166.759106 -232.263953 -144.268391 -2.459698 208.743547 -420.035762 -207.133558 -35.344965 144.517090 -329.909958 -147.671054 1.092797 64.106265 -84.762422 -20.761045 -37.269564 -24.673044 -107.697582 8.167228 -93.968728 -122.695286 -1271.535405 -202.123508 -37.369707 74.451638 -968.393072 -173.734823 -18.567901 113.997245 -424.504387 -81.141159 -48.094276 86.332772 -53.026681 -89.613611 14.815631 227.768544 -46.607744 -26.380982 47.375574 129.664830 38.546373 18.636517 13.738241 21.608611 314.342465 3.425977 71.082288 -10.703143 -180.427762 -12.396082 -9.762575 39.658810 -12.186767 49.267167 -2.083053 -187.973982 125.679931 79.007295 -17.359912 -121.464085 70.874248 -0.343128 10.923987 216.995256 -108.215590 -26.287063 90.976533 157.342363 -32.791450 22.774462 21.317825 68.038772 157.134782 11.883226 -52.352770 136.365422 -35.980053 -76.588664 4.016376 97.797062 -124.518825 -55.643863 -0.921386 -50.554739 -68.004183 5.192531 -14.333843 3.485257 -128.610805 -56.890113 11.891491 322.576727 -211.991582 12.629681 24.657331 92.969085 -34.026630 22.532599 -9.143149 -68.427660 82.491838 111.293950 -5.155698 46.750179 -174.990103 -139.055862 -23.231915 253.005255 -186.415570 -75.076319 -0.817519 -123.571370 -90.015356 -2.238292 0.681767 -115.761453 -17.053566 10.277166 5.551423 253.802469 -18.661871 0.032344 12.247832 -61.879655 55.987042 -82.209775 32.081267 -44.058412 99.514641 -66.728242 64.270381 0.774360 -147.545046 13.353076 -110.848791 275.969952 -325.243598 2.236455 -7.180543 -54.387205 -114.642077 -59.921079 27.981073 -131.592082 54.202734 17.400673 -9.954699 143.728548 -219.586216 -104.073411 -19.630293 -44.582645 -175.187022 -325.441639 10.689521 299.345220 243.583869 -104.068615 12.421743 
16.786833 111.337057 20.616595 0.476329 22.525227 113.118100 24.476814 1.913070 -38.316396 92.757015 25.297750 -3.285252 -23.653658 86.973447 21.271248 -3.239950 25.590067 60.926002 5.475334 0.129961 -3.426232 9.054969 1.509183 -15.223115 -28.250995 -23.079482 -0.431640 -28.505969 13.506428 68.491557 15.868661 -1.055709 12.836496 -13.548898 1.457275 1.516019 16.908785 -33.098051 -14.186052 -0.450821 11.042368 -54.447225 -23.602413 -5.562825 12.373686 -42.983497 -16.642894 -1.467886 4.997602 -5.858458 -1.582976 -0.645750 5.710030 5.880931 2.100730 9.782803 -10.960438 -123.356724 -17.913682 -4.139527 23.090986 -105.450847 -17.992093 -0.953423 15.002066 -47.865116 -11.266886 -3.776094 -5.214366 -2.715539 -9.163810 2.002194 20.031476 4.619529 -3.270942 7.604683 2.072084 6.804867 0.421182 6.622385 -2.759769 24.525278 1.610933 5.408122 -2.168631 -24.356367 -0.363713 -1.123074 16.031706 -3.973421 6.147408 0.213244 -17.722375 16.909805 9.117565 -1.752092 -14.810887 8.153097 4.498929 -2.811397 18.549434 -6.370855 -2.984338 7.914626 11.119911 -3.596929 0.628609 16.321115 0.971202 -7.722579 0.941537 -10.735002 8.371697 -6.036144 0.236251 0.659856 21.293618 -18.052801 -1.718702 0.403301 -0.570197 -14.375089 -4.433961 -1.648046 6.757831 -22.180364 -6.159856 -1.617692 28.522702 -31.678451 -1.564152 -4.553183 13.514769 -14.182048 0.396006 -2.237195 7.882333 -1.775304 -1.322595 0.619860 2.469493 -13.330936 -3.448424 -1.216917 32.803158 -18.220590 -9.701740 -0.299459 -8.627308 -11.500128 -4.251837 -0.644603 -7.093332 -0.905953 3.406183 -0.422406 23.293210 -1.142205 2.556831 0.105652 3.008928 -5.150775 -2.545250 -3.228880 11.089124 -3.127844 -13.502500 2.216968 8.299000 10.096215 4.925849 -2.445898 23.770993 -14.265254 3.323921 0.577186 -5.697811 -8.783874 2.321421 -0.864733 -7.767779 6.095143 6.112795 -1.653505 19.981226 -8.474339 0.634042 -1.509463 -5.291552 -18.709060 -15.014029 -0.415009 33.604020 21.166054 -5.649577 -0.012295 
11.664932 55.409601 0.476329 7.371187 4.843638 39.827926 7.943067 2.271197 -4.236506 23.650954 9.739210 1.625446 -10.417202 16.303336 1.385573 -1.191511 1.658249 2.975819 -2.050148 0.536068 -4.777013 -5.353892 -1.790634 -3.790838 -7.926385 -16.753035 -0.647893 -8.760331 3.236455 -4.639527 -5.227069 5.526477 -1.616213 -10.957300 -3.299612 1.543567 11.800429 -8.932762 -3.577237 1.894450 5.782267 -13.472707 -5.014029 -0.674166 2.323640 -11.460310 -3.907356 0.081471 8.231303 -1.516172 -0.836190 0.615498 3.410672 -2.946434 -1.038159 -0.070503 -3.952862 -39.903785 -6.094582 -0.883787 -3.253137 -25.918478 -4.335986 -1.099888 6.751148 -9.341700 -1.213397 0.132997 2.068462 -2.518110 -1.861239 3.133966 6.531017 -3.218855 1.071574 1.263545 10.519284 4.232782 1.802265 0.233037 3.431691 19.828079 -0.943016 4.962300 0.591470 -4.755127 -0.453933 -0.197225 -1.854658 -2.793439 1.002551 -0.130191 -1.579584 0.645801 0.650393 0.244006 -3.876543 -0.810632 0.200490 1.208346 9.892409 -10.906897 1.985818 3.349658 10.454852 -8.194266 2.051933 -2.902255 3.967758 4.159423 1.215182 -3.640190 2.561779 -7.372462 -4.915264 -0.359657 0.383379 -9.496786 -2.316039 -0.347618 -4.701051 -2.686154 1.557545 -0.083308 -3.158606 0.781298 2.667738 1.805173 11.934547 -2.678451 3.609173 2.592133 4.907101 0.426079 3.554178 3.392511 -12.164728 -0.772319 13.136313 -3.282114 -3.755943 -12.655545 -6.508571 -2.027293 7.615141 -9.351444 -0.406285 -1.043720 -4.037088 -1.453525 3.140955 1.166922 -4.622028 -0.651362 2.018212 1.318641 7.002806 -0.175492 0.555454 0.786093 -2.591623 8.741557 -3.491531 5.194674 -10.995817 8.436894 1.141210 4.587491 -6.235435 -19.749515 -0.901745 -4.215641 11.463371 -16.398174 -2.929752 2.357259 2.011785 -5.138098 -2.278441 2.220896 -1.827467 -3.917712 1.769360 -0.569942 3.362310 -11.609326 -6.971329 -0.469748 -2.733242 -3.893174 -20.559484 1.724110 -5.150342 -0.318335 -14.414499 1.310479 
31.445694 89.162585 22.525227 4.843638 1003.632206 282.240231 48.988292 100.875880 436.387001 272.241863 -3.729339 122.382793 -771.142179 97.525329 32.713397 -97.455285 12.797138 -87.147459 -17.515483 -33.230461 -76.642485 -95.949163 -33.174931 -100.201076 -109.346495 -154.955515 -14.791603 -214.967860 83.583104 350.982374 32.490792 9.187175 318.035762 -93.424931 -1.686435 74.954494 154.394552 -231.755076 -47.023518 65.399959 -360.982884 128.067008 -26.809484 -65.179905 26.628048 -211.628125 -54.670442 -8.351265 64.179880 6.737960 -17.156438 87.929548 75.825732 69.015917 -12.985129 109.899883 9.994108 -194.565172 -44.475666 -15.030711 274.093281 -266.457734 -65.059586 53.728395 298.660009 -185.327007 -45.128686 88.526936 -471.295174 -4.511682 -41.872717 -9.167687 -10.207734 -123.143098 -17.623100 -0.108356 26.482094 12.299357 -6.705999 66.342771 139.708091 133.776885 4.420391 142.372309 19.730359 9.275865 1.871365 -0.980283 230.026655 14.685899 -20.189598 15.440516 200.475054 -33.353280 -63.730920 65.661591 -284.235129 196.550709 -4.533211 -3.934445 -27.654423 -51.358458 -21.492603 93.543644 -13.797903 -138.344863 -10.279104 12.927635 139.235206 -44.426895 8.182583 -18.567876 60.970411 101.244847 -27.450617 19.703015 53.137511 20.247016 -114.613101 14.121850 80.931640 -96.583997 -88.765917 11.575554 -169.791756 61.226890 -12.657560 0.093970 -24.239006 13.180135 -7.941562 70.538185 60.356826 -51.845500 -4.011708 131.529104 -89.487731 -68.000740 -6.461713 -76.957734 -29.553464 143.299918 1.018059 18.844608 37.369274 104.862055 -58.979517 45.006326 131.314381 14.211535 -78.776630 16.338868 -161.506096 -5.877487 -29.549740 -4.099633 -43.434063 -4.032930 -7.307265 3.877921 178.692582 -16.081446 -36.325324 34.702709 -43.528415 -39.798184 -91.927660 18.209162 226.974390 391.051678 66.979109 -66.696587 84.798082 74.723268 34.228421 -67.797470 154.327441 -161.705821 -38.845705 -26.880803 -93.663096 -132.042139 -50.144781 -12.066728 19.480308 23.667534 -26.151082 33.699903 153.290174 66.690848 -36.736251 15.025304 52.924957 -63.584634 -94.279971 1.061626 
237.445414 1251.183910 113.118100 39.827926 282.240231 1378.873788 203.778696 64.953321 -326.624222 1018.583053 278.540863 36.953219 -283.300429 693.468932 196.201051 -24.711458 197.432660 363.888736 19.727222 1.863534 -127.368075 -51.025202 -29.346648 -200.233344 -329.817876 -357.476839 -20.848281 -400.548669 126.502296 390.369860 3.826089 19.698959 143.110397 -57.952709 -63.189521 25.418019 234.493878 -240.179880 -159.788389 6.759667 120.466891 -447.218906 -204.999439 -67.498929 131.238037 -431.212019 -165.814101 -8.243240 68.738241 -81.999133 -32.858178 -19.332517 5.234262 -30.144016 -7.650393 -34.976941 -133.390572 -1349.062086 -205.147383 -44.898276 171.582339 -1104.010203 -188.067442 -12.039843 243.086777 -512.662585 -90.396643 -43.138047 -12.602132 -49.521222 -90.325018 5.779563 189.318080 -19.730640 -18.533313 42.926997 92.532599 137.269054 15.100398 39.727171 16.922457 333.865830 -2.490103 107.669166 -5.921437 -171.829354 -1.996480 -8.468218 135.529742 0.508009 45.858943 3.859147 -124.972758 115.652331 76.757015 -3.422304 -213.721100 109.292572 46.958372 -10.547801 171.231099 -99.661208 -1.072289 72.077033 116.367922 -0.845985 23.843230 23.166412 131.018314 100.181410 21.532752 0.562596 150.188144 59.810785 -45.328844 12.676921 133.756198 -100.505510 -74.464953 7.901031 11.993368 -122.151617 -43.527701 -14.540047 -64.973013 -169.627487 -49.293082 -4.909397 266.598816 -257.973064 6.573870 3.658555 44.492348 -100.484389 16.546373 -38.727069 85.214009 19.323896 104.049791 -38.333435 54.240027 -40.460463 -80.584634 -6.235639 228.379655 -115.920212 -86.703143 -3.283798 -38.332364 -86.662483 -32.981175 3.225793 -214.193246 -8.614019 9.936792 8.597337 194.832211 -3.482145 6.690491 14.010356 -73.419090 29.023212 -29.532956 4.437557 -11.002041 48.732680 -5.548311 19.618814 77.173605 103.047189 40.128099 -80.397766 272.068003 -146.321906 7.609734 -47.690287 32.786195 -186.206101 -56.090093 -7.569075 -185.296653 -26.484338 -13.547138 -14.140802 118.764259 -130.879043 -50.588511 -6.505765 -91.810836 -108.842822 -161.974186 16.142587 125.117437 123.992807 -49.474696 7.669932 
30.348255 183.285124 24.476814 7.943067 48.988292 203.778696 65.347337 5.371901 -65.564279 160.398990 85.773416 -2.556703 -72.458219 151.120064 59.356290 -10.445133 44.537879 75.828053 17.870294 -0.479109 -21.983930 -6.749082 2.765381 -31.278466 -85.282369 -64.381084 -1.668044 -65.578053 23.859504 75.382231 20.316575 2.258035 40.118457 -27.019972 13.985078 4.827365 59.718090 -85.475207 -18.504132 -4.118916 5.578283 -122.139807 -43.775253 -20.326676 23.744261 -107.616850 -32.891185 -4.168733 28.505510 -7.638430 -4.131543 3.449036 -10.177227 8.458219 -0.386364 15.321625 -19.073232 -249.811983 -33.496327 -8.719467 68.671488 -218.873049 -33.910927 -1.136364 79.468549 -111.482094 -17.495638 -9.439394 -44.520202 -10.735537 -15.107897 2.193756 37.816345 18.222222 4.708448 12.635445 27.980716 53.206612 6.973829 17.922406 2.286042 97.264233 2.377640 23.348026 -4.371212 -59.986455 -3.913912 -2.541552 56.638889 -23.780073 13.594812 0.444444 -0.024793 12.105601 16.502525 -0.619146 -59.297980 25.852158 16.629477 -5.128099 45.927456 -39.439624 6.567493 14.752755 39.402893 -29.035813 6.976125 8.063590 48.205923 2.391644 10.912764 -20.350551 8.472452 -8.070018 7.934343 -1.317952 37.669651 -36.816345 -2.879247 2.710973 14.850321 -43.696281 -10.147612 -3.634986 -30.893021 -39.635675 -11.000230 -4.449954 68.632231 -74.661616 4.074610 0.619146 38.869835 -48.655877 7.488751 -17.948347 14.223370 -34.258264 40.939164 -32.423554 13.785124 -25.742883 17.522039 -5.802112 50.684803 -28.033517 -5.724747 -3.663912 4.439164 -28.306015 -7.143480 -2.645317 -72.854683 -3.777089 3.968320 -0.586318 48.704545 5.263315 9.837925 4.575298 10.703857 11.698118 9.285583 0.565427 -50.819559 -3.246097 9.100092 -3.937098 43.286501 63.213039 16.454775 -4.485537 41.032140 -17.741276 14.977732 -21.748393 5.103535 -84.459826 -3.215106 -14.710514 -62.940771 -25.713039 -8.853535 -2.236455 39.963728 0.369146 -5.176538 3.171488 -15.736455 -39.640496 -30.267677 3.849403 -33.638659 -31.977961 -43.595041 0.887052 
9.628252 20.520508 1.913070 2.271197 100.875880 64.953321 5.371901 30.423324 -8.569177 30.769360 -2.854454 41.481328 -99.284665 -6.658402 -2.931283 -7.889654 -3.035354 -18.526630 -6.387665 -3.214723 -22.065197 -21.506275 -5.564279 -14.515917 -15.911387 -28.197276 -2.227120 -24.730946 10.833792 33.436486 -1.169575 2.851240 28.991889 -10.008724 -3.875727 12.533211 19.859045 -16.551576 -8.346342 13.525559 -33.710438 9.632537 -3.599327 -5.333792 3.085093 -23.563055 -7.183808 -0.162228 4.352923 2.671105 -2.605755 5.621824 3.509030 -3.407254 -1.814815 0.512244 0.515152 -26.302877 -4.371901 -1.113101 23.301653 -25.063208 -4.189470 4.754209 30.139578 -7.906030 -4.308846 10.707071 -41.558923 1.847720 -4.992501 1.118763 -1.598561 -19.409091 -1.690389 -0.162075 6.298439 5.562902 -0.066116 9.032752 17.754974 21.659474 1.858433 25.106673 3.240741 6.909550 0.935721 0.823079 21.998316 -3.828589 -5.629783 1.734007 18.477502 -1.756964 -6.880471 6.039333 -19.971380 17.857055 -1.207989 0.228038 -2.122130 -5.797674 -0.573156 8.822926 -2.698806 -8.822620 0.186716 -1.918121 14.343281 -1.116468 2.688705 3.507805 -0.278084 3.980563 -11.057239 3.026630 1.356290 -8.034435 -15.391644 1.486379 -8.063055 -8.527854 -2.405877 -0.649985 -25.536578 10.776860 7.246097 0.815427 0.385981 7.757576 3.287726 7.235078 0.330119 6.342516 0.897153 10.636517 -11.166514 4.989134 1.279767 -7.406642 -11.508111 18.429905 2.591827 -5.364861 1.580196 17.433578 1.627946 0.078818 -5.998010 1.985461 -2.300275 4.288032 -26.185338 1.564738 -1.270891 0.891185 -3.003367 -0.549740 0.130242 0.554484 10.280380 1.422712 -0.926232 0.640037 -2.117692 1.183349 -4.567799 -0.260637 50.818335 53.948271 12.243802 -9.928375 26.928528 19.331803 8.275482 -6.064432 14.545455 -20.356596 -1.913529 1.066881 -12.799510 -21.269819 -2.656566 -1.393480 7.208295 -4.569636 2.866697 2.673707 8.540863 13.308540 -2.836700 2.714264 -7.586165 -3.579890 -8.844659 -0.007652 
-80.946077 -305.214315 -38.316396 -4.236506 436.387001 -326.624222 -65.564279 -8.569177 2623.455362 -115.516274 -102.052342 167.835833 833.811142 -120.116468 -59.392307 60.890164 -197.703704 -198.970768 -30.936384 -96.297011 -463.707836 -271.780788 -52.123508 -346.995358 -773.901898 -642.937200 -25.219110 -664.658861 29.273646 446.713601 -55.249362 -18.546679 15.304765 362.305785 -33.454596 -36.243904 265.406642 95.592695 80.429089 11.336190 -77.799102 302.481124 115.891134 3.754974 -41.928018 53.696000 44.870319 -27.951842 145.039741 8.999337 -5.564483 125.431640 -23.735588 33.789868 0.246914 196.387001 50.791246 224.819610 -63.471074 -31.284563 -90.494337 343.465616 -26.717886 -7.043210 237.016529 71.749107 10.886797 35.331650 -71.125701 -95.187277 -7.995664 -18.655851 -131.418223 -222.988215 -65.635547 -1.460514 91.425161 -167.308540 -33.468932 119.894909 483.837670 452.380675 14.607999 698.211101 -4.074635 -135.810530 0.666054 -8.400418 -61.224467 127.042598 43.721355 5.532548 237.423018 64.148811 -6.219416 16.481584 -55.571268 246.455413 -70.841904 -17.578716 -88.660086 97.910264 -138.078410 134.480308 48.095654 -317.799000 -40.886950 91.267575 141.626518 -3.819355 -1.351546 20.357361 155.081318 187.769768 123.063412 -4.812060 -46.383379 301.486685 53.144322 -6.150699 247.229670 62.369656 -94.431283 11.721355 15.367360 51.299510 -82.758647 -22.128405 -99.794817 121.042088 -45.777523 78.170493 352.259565 -49.067493 -3.892562 247.013213 -332.338639 -212.170442 -59.235639 -197.630344 366.050556 182.455209 -11.107591 90.316855 -137.935007 104.817774 -110.812570 27.809713 248.862004 31.561269 -44.913682 -21.094531 9.810581 -50.782981 -41.306091 -17.374197 -110.832772 -6.346393 -6.819763 -16.378686 508.802061 -20.596776 -8.585910 46.477043 -203.874554 -134.935211 -238.765789 -23.095909 -113.485104 122.195643 -15.184114 120.740894 -181.577849 179.916692 -4.762167 131.348128 219.897306 138.634731 -68.442098 -17.959953 58.729823 38.737578 -100.466330 21.645699 -11.192276 83.302928 21.080757 55.951229 297.733242 -53.096725 -1.184624 20.228752 -58.580298 -395.570554 -256.957555 -3.884553 
168.906285 885.637486 92.757015 23.650954 272.241863 1018.583053 160.398990 30.769360 -115.516274 1029.815937 216.262626 16.992144 -186.097643 730.557239 199.937149 -19.006173 219.819865 403.250842 62.058361 -0.307520 -156.074074 -5.194725 -14.818182 -168.332772 -447.390572 -337.996072 -18.723345 -421.888889 95.843434 412.450617 50.953984 1.067340 107.710999 -15.000000 -1.177329 10.014029 167.786195 -224.990460 -104.931538 -7.271605 87.689675 -381.455107 -150.621773 -59.760943 108.640292 -403.692480 -137.022447 -11.586420 40.391695 -73.189113 -31.971942 -0.423681 -41.945006 27.971380 -5.253648 -3.182379 -96.079125 -908.883277 -137.161616 -37.468575 128.284512 -854.135802 -140.517957 -10.833895 236.409091 -456.532548 -81.406846 -40.867003 -27.539282 -89.701459 -71.421998 -3.401235 143.157127 3.377104 -17.379910 36.742424 36.318182 143.833333 7.291246 41.354097 1.810325 261.763187 -0.347363 88.670595 -12.336139 -194.799663 -16.557239 -7.919753 96.591470 -50.799102 36.950056 -0.737935 -24.917508 43.197531 51.071268 -6.106622 -175.177890 53.080247 62.531987 -16.668911 116.138047 -55.401235 28.551627 33.722783 91.643098 76.296857 16.339506 50.756453 111.558361 71.062851 10.239057 27.981481 96.621773 19.250281 -40.575196 1.375421 96.333333 -104.070707 -74.468013 3.251403 21.824355 -147.903479 -47.481481 -22.373176 -54.459035 -191.856902 -34.734007 -14.755892 191.433782 -261.072391 9.083614 -37.351852 30.941077 -104.393939 11.944444 -70.364759 170.320426 0.786756 77.190797 -5.908530 1.879349 -45.194725 -67.037037 0.581369 168.189675 -69.590348 -61.014029 -8.451740 -19.230079 -51.401796 -36.858586 0.722783 -198.730079 -15.794613 12.552189 0.843434 137.006173 0.992705 14.371493 2.617284 -106.662177 3.703143 23.489338 -24.166667 13.455668 14.207632 33.636925 -0.989338 31.153760 49.248036 35.267677 -78.819865 169.684063 -114.249719 4.459596 -43.438272 31.819865 -140.598765 -48.691358 -12.806958 -137.062851 15.881033 -12.442761 -12.038721 97.248597 -39.571829 -2.707632 -5.743547 -127.424242 -109.473064 -59.768238 4.193042 42.056117 59.708754 14.668911 1.795174 
38.607208 242.392562 25.297750 9.739210 -3.729339 278.540863 85.773416 -2.854454 -102.052342 216.262626 207.148072 -20.635675 3.993113 200.318871 151.551882 -11.233930 71.467172 44.384986 39.759642 -3.134757 -33.949036 -20.067723 10.304408 -56.784435 -135.401286 -87.756198 -3.856749 -112.720845 20.369146 68.593893 18.871671 1.174472 59.948118 -24.384986 19.306933 -0.111570 119.919651 -119.300735 -3.757117 -19.102388 7.512626 -206.215106 -48.704545 -35.366621 13.450413 -175.213728 -45.200643 -9.666437 24.123967 -29.176538 -4.645317 -0.760331 -15.492654 28.375574 0.103535 25.669651 -38.426768 -392.111800 -53.240588 -14.180441 116.167815 -331.665060 -47.415060 -6.429293 165.591598 -191.114784 -24.400597 -29.565657 -68.858586 -41.064738 -21.586777 -11.711203 39.761708 20.272727 7.366850 12.090450 37.697429 77.850781 11.272268 17.983930 -29.581726 147.411157 1.894628 20.370983 -10.285354 -96.118228 -7.051653 -4.337695 102.876263 -39.549128 13.652204 -0.166667 41.199725 1.017447 21.871212 -7.202250 -113.661616 52.617998 38.312213 -15.283747 53.761708 -27.675620 17.995868 5.806933 73.258264 -40.265381 10.892103 5.272957 59.632002 8.193297 18.522039 -23.883609 2.354913 26.016758 29.747475 -2.324380 49.419421 -35.862718 -6.785583 5.056244 53.106979 -67.877181 -10.923554 -3.971534 -104.954086 -51.493343 -9.534206 -13.022957 78.955005 -115.616162 6.041093 -3.903811 103.822544 -95.553949 9.071396 -45.546143 37.024564 -76.683425 70.157713 -73.427686 45.342057 -0.876492 40.606979 -2.974288 56.828512 -21.696051 3.987374 -8.422865 39.496097 -50.025482 -4.383609 -1.596648 -187.191230 -8.144858 -0.967860 3.118457 62.270202 7.274334 17.679063 7.487144 42.480716 19.287190 19.698347 -1.943297 -106.791093 -12.390725 15.413682 -21.940771 46.855372 135.333792 24.054408 1.533747 61.950413 -2.899679 32.570937 -47.020661 10.820707 -177.574610 -22.449725 -31.083792 -149.220386 -72.975207 -42.545455 -2.146006 65.600551 23.406795 17.549357 0.884986 -0.474288 -54.681359 -21.489899 2.530762 -90.539027 -88.029385 -66.484389 -0.132231 
-0.628737 -18.377615 -3.285252 1.625446 122.382793 36.953219 -2.556703 41.481328 167.835833 16.992144 -20.635675 179.961254 -96.860575 -55.815963 -12.570758 66.672151 -42.539562 -64.225819 -18.708270 -8.984721 -76.167432 -50.261427 -16.471993 -26.773977 -74.285736 -69.496123 -7.641669 -64.860882 19.702938 71.093230 -5.203066 -1.960820 -3.819814 21.081038 -6.842644 6.964851 16.840986 -27.474645 -0.219059 26.526426 -19.939675 1.638532 5.538440 19.914065 -7.072799 -34.419319 -8.525304 2.281323 9.538057 -0.156387 -7.841419 5.382818 40.333435 28.805020 -5.112514 5.074712 9.212963 43.748061 -9.208448 -0.200388 -17.724135 56.520330 -1.120243 2.945006 20.589761 18.030252 -7.194853 10.427609 -9.289001 -13.145189 -3.453576 5.175798 -14.759973 -4.563973 -4.002551 2.711203 18.011019 5.307622 -3.792164 14.335986 63.566626 49.192965 0.447225 58.142077 -1.615881 -7.186792 1.941307 2.095373 -10.457632 18.443271 1.664958 0.717733 11.412917 -4.945465 -10.674804 -3.527676 -1.261504 -5.303847 -9.680288 -0.868279 -15.644934 -0.573742 -9.287165 8.221891 4.593128 -5.888226 -2.631058 9.680874 17.001097 -6.100500 1.259565 18.642715 17.083002 24.361519 4.863075 0.897536 -11.294995 7.875574 -18.042547 -0.353561 -2.241710 -19.302903 -14.034818 -2.963830 -29.302673 -6.051500 1.284282 -3.769819 -27.948016 30.127946 5.713218 -0.826982 21.827747 41.182507 9.655418 7.113381 -13.036450 0.449929 11.667559 -25.383711 50.592644 26.128609 -2.269207 -9.110754 -14.615983 21.491174 5.056958 -11.085910 -5.260050 -3.591088 5.452479 2.389476 -19.119554 -6.689547 1.865626 -2.884298 -32.417789 5.255459 7.784614 -4.541986 25.527650 10.570733 35.129579 -6.298209 -24.411591 -5.529487 -4.163096 -14.614427 69.668095 54.995307 8.974977 12.081803 15.524844 67.301372 9.775712 7.129273 20.364478 5.982374 10.001505 -1.464162 4.763494 -27.467809 7.609428 -8.339149 27.008060 14.274309 13.051296 10.162509 14.455464 35.423477 16.222783 6.211917 -38.533160 -43.009948 -31.713448 -1.539435 
-40.455617 -114.231711 -23.653658 -10.417202 -771.142179 -283.300429 -72.458219 -99.284665 833.811142 -186.097643 3.993113 -96.860575 2276.471074 17.102388 7.218243 167.841904 -15.035354 99.850781 4.073156 -42.974901 -355.711203 -41.436792 21.058310 -284.183349 -631.767218 -387.571319 1.308387 -376.285124 -48.579890 22.170952 -32.283594 -9.443985 -362.117233 320.073462 -1.796908 -104.696204 -134.423324 432.831191 80.463881 -130.272115 570.740741 -102.522804 62.119529 75.206152 29.508571 382.520355 81.945516 -6.703245 13.291705 26.589685 29.884451 -44.109887 -114.476890 -74.299357 -9.129630 28.302265 -0.909091 164.257882 -32.991276 11.137435 -374.043159 327.525099 27.121059 -71.966330 -414.559229 218.132384 20.761096 -133.393939 703.392256 -71.481328 36.282675 -6.141261 20.004897 -13.651515 -29.916131 10.024334 18.889807 -139.293388 -25.384757 1.636211 179.449342 149.677533 -6.015458 237.708295 -16.776094 -191.332415 -8.386134 -9.545761 -347.988215 73.559994 79.801041 -13.269360 -311.373278 113.405265 108.996633 -97.885981 377.794613 -124.104071 -36.784665 -12.316651 32.770891 128.212733 -79.646312 -1.445057 83.067034 -49.109887 -32.540710 83.330425 -21.475054 44.756964 3.104683 45.631772 99.873125 -19.250995 135.486532 -25.088154 -86.550046 142.981635 195.671258 -25.330272 4.490052 165.126110 39.157943 -24.906030 356.941996 -131.623049 -49.805785 -28.384298 21.938629 -37.388889 -14.616468 -21.529844 165.715794 -26.809917 -27.882461 4.914448 -25.590603 7.528773 -90.339455 26.530150 290.337313 -69.044230 3.855372 33.886440 -82.864861 -110.844965 -45.936027 -27.993878 14.801959 14.748699 40.737833 -40.509795 286.806091 -10.648301 12.988522 -23.359045 11.786195 -31.240894 -13.946587 -17.880931 87.333486 -60.200031 -43.130242 -14.745179 128.279767 -61.501990 -115.862871 -33.925314 -260.009795 -344.179216 -62.749770 119.961433 -159.723753 68.178757 -19.580349 105.633762 -47.010101 323.029232 -10.054331 11.052954 125.486838 150.329048 -7.101010 12.177686 -123.320784 -88.305938 3.364708 -40.460667 98.788797 -192.423324 23.796296 -19.354301 88.272115 -128.321396 68.800582 -3.151668 
110.164754 650.786807 86.973447 16.303336 97.525329 693.468932 151.120064 -6.658402 -120.116468 730.557239 200.318871 -55.815963 17.102388 1060.115014 270.373125 -2.270049 328.643939 755.065427 198.533594 7.625268 -75.872819 43.350245 54.144169 -172.517524 -339.580349 -256.150444 3.092899 -306.810376 80.596878 419.530380 82.439470 4.667126 5.889501 150.651745 64.001913 -4.699571 -20.509183 -63.559382 -42.234772 -19.248546 99.473906 -315.466406 -67.207912 -64.170110 82.641567 -249.983854 -76.859198 -12.586241 24.249617 -53.843817 -12.372283 -4.492042 32.541628 98.215794 26.389731 45.207147 -96.588384 -988.167202 -112.996327 -36.308693 52.959366 -841.470692 -117.750995 -26.781145 186.019054 -450.187481 -83.689241 -60.111111 130.466330 -161.504897 -79.064126 12.114631 117.026783 24.858586 -16.944751 35.569789 -0.529385 161.807622 7.170799 37.405571 -11.170187 244.919115 21.495485 -3.759718 -21.822391 -286.829890 -4.843205 -8.943909 42.940236 -62.478727 73.623431 -7.230640 -97.832874 84.411999 66.132155 -32.824533 -82.622896 9.262932 70.356749 -21.126416 96.089073 -21.387435 39.892409 2.695516 36.584711 169.497857 9.346495 98.031604 101.172253 62.112182 18.695592 29.785813 75.687940 -7.088537 48.281145 -3.242195 70.164601 -119.316345 12.868228 0.840603 7.023722 -131.728268 -42.516299 -24.828589 51.100245 -239.398301 -54.535583 -21.010560 149.209672 -303.681818 -6.479262 -63.229339 -96.892792 -150.125574 7.584711 -71.404576 306.403505 -7.694291 57.785966 51.110116 47.162228 -99.128405 -0.528466 27.186103 155.903658 -153.530150 -46.627104 -15.035966 -43.335246 -89.656183 -23.077824 -13.758111 -86.391720 -13.782140 28.938017 1.474288 106.807239 4.381160 10.359810 2.880012 -215.324763 -33.557775 31.711509 -36.192149 155.141720 -10.111417 83.441843 12.530915 -53.533364 -16.748240 23.651745 11.196281 103.308234 -50.492118 8.124197 -50.807316 -90.588384 -66.860499 14.146847 -21.370447 -97.393633 79.037802 30.777778 17.359504 -2.438629 68.488675 -32.205158 8.543541 -160.302112 -58.948577 0.784512 -1.254974 127.445516 62.446281 101.378023 1.031833 
17.729058 133.187532 21.271248 1.385573 32.713397 196.201051 59.356290 -2.931283 -59.392307 199.937149 151.551882 -12.570758 7.218243 270.373125 273.478012 -3.280278 140.966330 138.406948 157.273697 -6.967758 -35.274258 7.802061 37.611570 -55.657382 -104.167432 11.999337 2.546628 -82.287420 5.860422 45.437302 49.263902 -6.967095 45.887307 -1.883379 53.570605 0.108152 93.232476 -91.804510 38.641006 -22.812468 -2.623457 -234.411489 43.277217 -46.838537 -4.017651 -223.835272 -5.198755 -14.292572 1.059280 -30.465973 -1.310785 3.105703 -3.572187 75.246403 0.615039 47.167942 -40.654882 -328.239567 -8.058310 -14.306499 94.294154 -303.695031 -11.536782 -5.712682 201.462351 -197.562392 -5.761759 -31.190236 -47.837262 -69.768493 -14.072135 -22.634935 7.658504 56.094276 14.223855 10.947658 7.148301 119.559688 7.713652 34.178706 -71.925671 119.837108 6.109938 -0.471738 -9.310887 -104.272574 -7.834558 -2.416998 91.202581 -70.717835 7.377053 0.171156 84.548056 -31.530660 21.121773 -10.168146 -103.763749 33.840118 78.174778 -28.516019 14.093970 -26.760280 53.999745 -26.413121 68.105448 28.381798 8.988726 28.252321 64.914652 12.240078 13.574686 9.340986 -21.473727 -4.091776 24.263187 -7.755433 46.465565 -55.511478 0.091674 3.794562 105.918937 -92.977859 -5.473676 -7.860320 -143.371340 -82.466636 6.982706 -21.282063 18.491174 -157.835017 8.172227 -34.951944 60.069636 -126.579431 12.432048 -86.650342 159.888379 -85.431793 57.109530 -63.730385 -1.166565 16.516478 84.547444 -11.517804 49.948169 -27.414958 25.400112 -24.527038 87.168452 -44.720896 10.723140 -9.300173 -234.989950 -7.232629 -6.147536 -3.399908 13.177890 4.241557 15.850372 2.358790 -9.512040 -14.395572 59.403938 -19.182277 -61.127895 -40.223957 54.135088 -34.479696 87.135853 237.265024 50.384298 22.274717 64.526120 43.161667 77.632231 -93.773441 5.491582 -248.346699 10.317825 -54.212835 -191.353484 -86.933935 -63.816498 4.740894 2.352821 68.196766 29.954443 9.569126 -11.988062 -48.451025 45.363075 -5.764718 -69.852515 -86.221916 -26.844404 -4.168095 
-9.550531 -22.225334 -3.239950 -1.191511 -97.455285 -24.711458 -10.445133 -7.889654 60.890164 -19.006173 -11.233930 66.672151 167.841904 -2.270049 -3.280278 103.586904 -14.574916 27.672253 -3.033491 9.496148 -50.416284 -11.037216 -6.910468 -21.985486 -86.091980 -69.006989 -2.982196 -58.753903 0.151056 13.219799 -3.849225 4.753137 -64.630497 66.910239 -1.370345 -10.515254 -80.210897 51.873686 4.478217 -6.270789 68.304433 -52.954367 7.353255 28.915442 3.948016 26.806882 5.830834 6.890904 -2.503877 2.746123 -0.694189 -11.630803 3.161565 15.294460 -2.285915 -14.955285 -4.473906 -11.653071 -11.921028 7.650699 -70.487680 32.203219 -0.896949 -8.967452 -96.773416 22.093460 -2.956867 -19.779461 120.056117 -22.366799 2.759616 5.250485 10.741098 20.587542 -4.281553 4.692378 3.166208 -1.315427 -4.649373 6.968371 23.289919 20.803770 -3.293057 22.305224 -5.107464 -47.516452 0.876569 -0.018646 -58.625982 18.563718 15.350602 -2.351291 -81.504438 12.667177 5.197250 -19.820758 50.858025 -68.575349 -17.632078 -2.878992 -3.293695 13.048235 -12.384195 -19.788976 -4.547827 40.880982 -5.851138 13.165876 0.068896 19.908836 0.304561 41.664754 16.011529 -1.760305 24.457351 -4.222758 -4.798209 1.983930 16.127334 -3.324482 -29.742781 2.546653 -8.443450 -4.141822 43.381135 -26.902280 -9.928757 -5.665595 -26.058821 26.562290 -0.658377 -20.421105 -20.132308 37.377181 2.357897 -16.772600 45.092720 14.223268 -1.476456 21.834532 46.938527 -14.632486 -9.918427 0.406387 4.847133 -40.351648 -8.557520 -14.078257 -25.060632 -12.670365 8.908861 -6.658122 58.242858 -3.070631 9.365167 -4.138659 -20.340348 5.800301 3.370319 -4.016886 -37.372411 1.233573 23.288746 -8.682966 40.372462 -15.939802 14.725487 -6.975615 -44.101724 -65.022906 -15.665519 19.523493 -23.575554 7.999566 -11.550735 19.753546 -37.004209 69.166641 7.452530 10.175263 53.451587 50.370268 18.533670 1.295837 -4.998980 18.946179 -0.789537 2.670008 -27.157025 4.699878 9.335578 4.823334 8.132742 0.153964 37.414805 0.385879 
34.889731 182.471380 25.590067 1.658249 12.797138 197.432660 44.537879 -3.035354 -197.703704 219.819865 71.467172 -42.539562 -15.035354 328.643939 140.966330 -14.574916 289.209596 260.361111 112.201178 33.748316 21.136364 67.793771 33.030303 42.258418 -135.575758 -75.042088 3.134680 -101.323232 17.287879 12.196128 39.994108 7.272727 -1.915825 1.709596 48.170875 -0.375421 -33.651515 -27.124579 8.774411 -24.079125 25.857744 -162.147306 6.281987 -38.169192 49.462963 -165.975589 -18.735690 -3.581650 -5.129630 -19.839226 0.958754 7.154882 14.097643 71.878788 19.263468 31.711279 -36.042929 -282.635522 0.196970 -3.589226 27.851010 -243.741582 -11.284512 -3.659933 89.012626 -134.902357 -11.852694 -27.984848 4.198653 -59.728956 -25.966330 -19.149832 41.276094 8.449495 -1.037037 5.535354 -14.075758 51.848485 6.161616 2.927609 -52.562290 27.561448 14.332492 -54.127946 -3.852694 -99.704545 -5.588384 -2.586700 31.243266 -93.329966 6.177609 0.471380 19.070707 -40.279461 14.566498 -7.455387 -60.481481 -5.432660 47.409091 -19.634680 20.151515 -16.925084 49.355219 -20.928451 35.750000 61.175084 12.122896 30.743266 30.716330 -31.117845 9.742424 -7.583333 -45.001684 -93.495791 -27.148148 -5.840909 43.083333 -136.444444 -5.868687 2.223064 40.653199 -86.155724 7.563131 -6.638047 -84.840067 -68.487374 16.012626 -9.106061 27.158249 -124.328283 9.867845 -29.244949 -14.214646 -84.042929 11.386364 -41.372896 119.985690 -33.236532 27.768519 8.349327 -118.395623 -97.708754 26.782828 -26.324916 94.797138 -60.597643 32.913300 -19.947811 39.480640 -37.524411 1.032828 -1.271886 -119.928451 -3.724747 -10.843434 0.813131 27.529461 -0.793771 5.471380 2.880471 -64.119529 -18.854377 36.365320 -10.628788 33.178451 -23.072391 20.250842 4.589226 36.947811 8.250842 39.739899 -40.785354 108.695286 -64.576599 37.654040 -50.134680 23.371212 -103.903199 -21.423401 -10.950337 -59.063973 -23.314815 -25.232323 0.469697 -23.927609 -21.572391 -3.783670 -0.877946 -36.883838 -92.565657 -10.215488 5.223906 67.589226 -1.010101 -6.436027 2.205387 
39.782446 360.377564 60.926002 2.975819 -87.147459 363.888736 75.828053 -18.526630 -198.970768 403.250842 44.384986 -64.225819 99.850781 755.065427 138.406948 27.672253 260.361111 1060.538338 275.255204 33.113942 -43.744261 226.355908 145.317723 -111.464111 -236.354454 -314.130089 14.666054 -260.929752 1.594123 205.094965 99.291934 1.483930 -108.174625 169.012167 78.429676 -20.395470 -213.814968 93.342669 -6.200490 -11.597184 182.202862 -102.638736 22.753367 -9.399679 75.730334 41.365856 50.967554 -5.388965 -32.861188 -12.262703 23.435644 -45.219620 -25.702785 -51.320478 24.524411 -73.551500 -56.234848 -565.190006 -13.446740 -18.825375 -108.082874 -468.365856 -47.575451 -30.178451 -156.995179 -257.032446 -36.009565 -49.964646 314.104377 -187.390878 -55.136058 38.095654 124.702326 -133.464646 -41.975819 24.668503 -15.734160 -13.463728 0.577594 17.964953 -2.388583 119.203015 24.937481 -22.547903 -12.687710 -224.297291 3.289945 -8.239287 -58.677609 -57.852311 55.294383 -9.951178 -194.081726 107.507652 44.478956 -39.230563 99.466330 -118.640343 -5.481175 -8.184879 70.599633 -46.246174 32.494643 -6.986149 -38.793159 185.169268 13.061218 69.695210 6.447582 131.177992 10.573462 71.420799 28.713346 -88.525788 35.259259 -5.452479 33.077365 -129.347107 51.223140 -7.589455 -92.065963 -16.946664 -20.217401 -19.107132 186.348332 -76.756428 -11.143480 -4.130395 116.769207 -83.161616 9.553642 -38.983242 -184.115932 -12.847337 -2.687098 -10.937481 199.956459 97.641950 -22.621595 132.134144 -49.826140 -107.128711 -38.145087 43.302877 84.631237 -144.946434 -39.620370 -4.290021 -195.591292 -46.914065 13.420799 -14.624350 85.567110 8.733471 64.825987 -0.175849 110.258418 3.191384 -2.808846 -0.904806 -241.767983 -30.521656 -31.825375 -14.991965 264.627334 4.650444 18.432813 47.047597 -216.354148 -290.818335 -26.558540 38.599862 9.730334 -147.430747 -22.412534 36.121365 -237.164141 100.545072 97.085935 16.770355 -1.514080 219.170187 106.050505 31.770891 -60.368534 59.904806 -49.474365 -6.434726 -228.229109 -55.062443 -45.329966 -5.367156 261.905265 178.011478 179.605908 4.242730 
-6.331777 -2.789970 5.475334 -2.050148 -17.515483 19.727222 17.870294 -6.387665 -30.936384 62.058361 39.759642 -18.708270 4.073156 198.533594 157.273697 -3.033491 112.201178 275.255204 224.174293 0.623839 -20.833946 64.391363 101.796143 -41.339889 -83.050811 -37.487807 9.514947 -70.269513 -11.850781 5.688221 53.853204 -6.057545 -18.438680 44.081497 59.075885 -4.923069 -24.120141 13.528364 40.045965 -7.254617 21.848765 -62.839175 77.198934 -21.730869 -14.566320 -70.962223 65.026222 -9.319891 -20.202887 -7.114504 18.183935 -2.576574 -52.820120 -3.063055 5.380191 -0.591241 -10.748316 -111.011147 34.854454 -5.687583 1.849480 -124.467070 12.835119 -6.076319 50.941001 -101.797011 3.060785 -16.225589 47.612233 -88.175747 -15.371952 -2.769462 1.686971 -26.239057 -1.577798 2.477043 -3.870983 47.781451 4.495562 23.055658 -27.947709 71.480130 7.997679 18.396490 -5.333614 -71.546908 -6.662611 -0.145419 23.568743 -70.164575 -6.265509 -2.025814 32.301041 -32.652331 -1.310045 -11.595373 -0.804153 -32.120855 30.703245 -12.563310 0.526477 -31.861519 54.097541 -29.811881 15.371977 67.654066 12.490103 0.578538 34.837746 44.616570 3.654117 42.414677 -49.910366 -41.626441 4.662177 -4.851163 5.620064 -57.413682 9.081114 0.005535 21.471278 -34.416565 10.201944 -7.177125 -56.385573 -4.380089 21.628941 -7.524946 1.189062 -52.734007 14.701383 -19.979262 -16.802954 -65.705005 9.228880 -48.745154 102.263264 -40.619350 26.240613 -11.032726 -52.128915 -14.862769 54.069483 -7.592644 15.900648 -34.514131 40.533951 -18.564687 -16.028747 -28.557214 25.296832 -7.930339 -112.172916 5.263009 12.901592 1.513774 10.316779 13.393761 6.814560 5.464391 -40.858688 -4.126747 47.426895 -7.632002 -42.932303 -22.475105 56.336190 -14.335986 47.432456 44.467962 22.369376 32.369988 31.209775 3.172916 60.019054 -39.021835 -22.101852 -128.336828 60.153224 -28.584966 -89.248801 0.191409 -8.776094 17.767065 -12.249107 79.030558 -2.020074 12.488088 -33.431589 -26.338996 25.615600 -3.046628 -48.819457 -53.457453 6.429242 -2.594174 
