416.291944 185.138333 122.227222 4.360833 260.915556 536.715556 50.986667 37.321111 -175.358056 185.753333 -137.189167 90.470000 -250.114722 -173.263333 -30.991389 -55.638889 -110.056111 -33.456667 -1.103611 -38.287500 -3.342500 -0.689722 0.000000 -0.848889 0.000000 0.000000 0.000000 0.000000 457.468889 166.153889 152.849444 7.383333 -34.160833 128.172778 -80.468889 18.286944 -81.916667 42.899167 -173.248333 119.155278 -13.759167 -17.608611 -20.951667 -0.228889 -155.028056 -6.849722 -3.371389 -87.951944 -24.473889 -2.330556 -0.053056 -11.843056 0.000000 0.000000 0.000000 0.000000 447.569722 141.685833 33.871667 -3.160000 -181.125833 -44.781944 -226.790278 1.629167 -103.715000 6.981389 -117.856389 59.782778 74.487500 51.532222 -6.645556 87.465278 -115.778056 12.173611 -1.325833 -89.156944 -72.032778 -2.057222 -0.109444 -53.990556 -1.929167 -0.689722 0.000000 -1.949444 115.656111 -21.093611 -157.062778 -4.031944 -182.343611 -40.280000 -178.702500 0.000000 -53.142778 3.103056 -35.526944 11.712222 101.703333 41.246667 0.723333 90.471667 -8.580000 47.421389 -0.686111 13.621389 -102.245833 13.783611 -1.132500 -103.634722 -20.557500 -3.622222 -0.212222 -21.929722 -161.825278 -200.433056 -138.865278 1.443056 -111.498611 -24.866111 -71.571944 0.000000 -16.750556 -0.600833 -5.783056 0.143333 41.872500 14.724167 0.187778 26.511111 82.721667 56.512222 0.840278 70.090833 -41.186667 59.940278 0.546111 -62.074167 -66.136389 0.032778 -0.486111 -61.070278 -230.929722 -130.036389 -56.670278 -4.849722 -54.483611 -9.898889 -19.666944 0.000000 -1.963056 0.000000 -0.689722 0.000000 2.846389 0.000000 0.000000 0.528611 62.208056 29.260833 0.558333 31.638333 27.735000 55.121667 0.035278 10.689722 -98.778889 56.909444 -1.016667 -63.424444 -153.886667 -134.815833 -14.535833 -3.708333 -25.678056 -6.863333 -5.848611 0.000000 0.000000 0.000000 0.000000 0.000000 0.000000 0.000000 0.000000 0.000000 22.658611 3.604167 0.000000 8.350000 73.433056 76.197222 -0.212222 32.155833 -78.530000 204.843056 -4.706111 -66.683056 
185.138333 180.055432 63.894938 6.365988 41.664568 275.283704 12.179753 11.405309 -78.962901 77.300741 -55.856235 42.676049 -86.745247 -80.241235 -11.372778 -12.890741 -44.321111 -15.096543 -0.512531 -15.181790 -1.403889 -0.289691 0.000000 -0.356543 0.000000 0.000000 0.000000 0.000000 158.959136 183.384815 74.777037 11.876543 -91.455494 95.280370 -50.084444 7.123025 -37.453086 1.931296 -72.078642 66.003025 -2.465617 -30.700679 -10.303457 9.003457 -67.629691 -8.403025 -1.481914 -37.828827 -10.704074 -1.004321 -0.022284 -5.105247 0.000000 0.000000 0.000000 0.000000 89.106852 79.518457 -18.291481 1.077407 -149.516852 -10.058951 -117.813889 0.538580 -44.722469 -0.407840 -50.415000 32.435062 34.842901 1.390494 -3.973704 56.723148 -61.075988 -7.960802 -1.711914 -39.275617 -31.661605 -3.841111 -0.028642 -25.887407 -0.970062 -0.289691 0.000000 -0.824568 -89.876420 -56.601667 -110.241728 -0.883642 -120.515864 -19.088765 -86.413519 0.000000 -22.564444 -0.147469 -15.136852 7.689753 56.121728 10.161605 -0.457778 57.700494 0.337160 5.825123 -1.575926 5.494877 -58.850309 0.061173 -0.537469 -52.965123 -11.988086 -1.127778 -0.089136 -10.428210 -180.695123 -125.440679 -77.999691 -1.566358 -67.794753 -12.017778 -35.015370 0.000000 -7.175432 -0.289691 -2.428951 0.466420 23.611790 4.393642 -0.000247 21.829630 49.217160 12.378025 -0.165123 48.268333 -31.431605 21.083025 -0.750247 -38.951049 -36.845123 -3.875432 -0.222840 -32.134136 -156.626975 -83.050062 -30.337840 -2.511667 -30.589568 -5.017037 -9.427840 0.000000 -0.824506 0.000000 -0.289691 0.000000 1.759691 0.000000 0.000000 0.616235 52.104877 7.940679 0.121605 34.828889 5.453457 21.170864 -0.106975 -3.936235 -64.966914 23.779259 -0.445679 -43.620864 -98.330370 -72.380062 -8.363519 -1.461111 -13.642654 -3.550494 -2.524383 0.000000 0.000000 0.000000 0.000000 0.000000 0.000000 0.000000 0.000000 0.000000 28.527222 1.620062 0.000000 12.513580 63.570309 60.297531 -0.089136 33.710556 -86.164691 140.781173 1.553580 -49.079568 
122.227222 63.894938 60.036914 1.105494 73.413951 188.681852 43.775432 12.717654 -56.662284 73.985926 -41.827840 44.934691 -76.160679 -68.662840 -10.633889 -6.148148 -42.637778 -13.724938 -0.424877 -12.670062 -1.209444 -0.249568 0.000000 -0.307160 0.000000 0.000000 0.000000 0.000000 160.607901 70.460741 85.741852 1.943827 -32.847469 30.339630 -9.440000 6.482901 -30.226543 -7.255741 -59.813210 52.635123 6.043025 -26.927840 -7.091728 14.236173 -58.311790 -9.329568 -1.247346 -29.826358 -10.078148 -1.038272 -0.019198 -4.670679 0.000000 0.000000 0.000000 0.000000 129.630926 54.745617 31.788148 -0.704074 -97.174259 -25.033642 -80.225000 0.281790 -48.132346 -9.332531 -43.176111 23.076420 33.247840 1.176914 -2.355185 51.960185 -49.065494 -5.165123 -0.632901 -26.800309 -31.225802 -2.991111 -0.096543 -21.411481 -0.989198 -0.249568 0.000000 -0.729506 -31.127654 -18.590556 -55.094198 0.637346 -89.694877 -17.006049 -66.976481 0.000000 -23.286667 -1.374012 -13.027593 4.479877 31.596420 4.348025 0.308889 45.970247 -3.154198 3.880062 0.148148 25.723272 -49.612654 -6.869691 -0.408457 -36.614506 -11.350432 -3.961111 -0.076790 -8.673272 -143.550062 -91.106728 -57.765123 0.657099 -52.468210 -9.390000 -28.319074 0.000000 -6.181605 -0.249568 -2.092531 -0.010123 11.877840 1.778210 0.123210 12.870370 30.620247 10.693457 0.835494 44.440556 -20.568025 7.376235 0.562099 -8.659691 -41.111173 -13.514938 -0.169753 -23.982901 -126.100432 -68.385864 -22.829198 -2.261667 -25.050062 -4.731852 -7.719198 0.000000 -0.710309 0.000000 -0.249568 0.000000 0.375123 0.000000 0.000000 0.060062 26.344383 6.195617 0.396914 19.678889 5.508395 13.488765 0.264012 24.308827 -66.871235 5.699630 -0.361728 -14.066543 -68.150741 -57.282531 -6.254259 -1.450000 -11.437716 -3.059136 -2.288580 0.000000 0.000000 0.000000 0.000000 0.000000 0.000000 0.000000 0.000000 0.000000 11.249444 1.300309 0.000000 5.323457 24.449321 20.659877 -0.076790 28.349444 -81.869012 69.478086 2.874568 11.415494 
4.360833 6.365988 1.105494 0.379599 0.296790 5.882593 -0.239136 0.431975 -1.029290 0.331852 -1.081512 1.418272 -2.718302 -2.154568 -0.216944 -0.385185 -1.055000 -0.286543 -0.007809 -0.383179 -0.021389 -0.004414 0.000000 -0.005432 0.000000 0.000000 0.000000 0.000000 0.561358 4.160926 -0.323519 0.687654 -2.024660 1.647593 -1.431111 0.246080 -0.008642 -0.516759 -1.210309 2.166636 -0.783117 -0.989846 -0.171790 0.869012 -1.871636 -0.288858 -0.022747 -0.783549 -0.205741 -0.023765 -0.000340 -0.089969 0.000000 0.000000 0.000000 0.000000 -1.481759 -1.315154 -1.697593 -0.032593 -2.201019 -0.527006 -2.323611 -0.001698 -0.937469 -0.329228 -0.846389 0.978951 0.055401 -0.327284 -0.069259 2.157870 -1.962377 -0.312191 -0.034969 -0.418673 -0.744383 -0.131667 -0.004753 -0.483519 -0.018673 -0.004414 0.000000 -0.012901 -2.986975 -2.231389 -2.065617 -0.062809 -1.101142 -0.352099 -1.318796 0.000000 -0.385000 -0.047191 -0.233241 0.163086 1.041728 0.091605 -0.012222 1.355494 -0.448395 -0.111821 -0.050926 0.769043 -1.615586 -0.307994 -0.022747 -0.791512 -0.287253 -0.088889 -0.001358 -0.205154 -3.045401 -2.204290 -1.123302 -0.059414 -0.323920 -0.122778 -0.451204 0.000000 -0.109321 -0.004414 -0.037006 -0.001358 0.348179 0.109475 -0.001358 0.507407 0.661049 0.073580 -0.022068 1.389722 -1.012716 0.126080 -0.031914 -0.083549 -1.200957 -0.270432 -0.003395 -0.351636 -1.415031 -1.044784 -0.249784 -0.064167 0.057377 -0.004815 -0.097562 0.000000 -0.012562 0.000000 -0.004414 0.000000 -0.007809 0.000000 0.000000 -0.002377 0.893488 0.065401 -0.003395 0.928333 -0.322654 0.031420 -0.007809 0.367377 -1.784691 0.538704 -0.006790 -0.206420 0.844074 0.006883 0.020093 -0.030556 0.209846 0.002840 -0.020216 0.000000 0.000000 0.000000 0.000000 0.000000 0.000000 0.000000 0.000000 0.000000 0.771944 -0.000772 0.000000 0.230247 2.039475 1.411420 -0.001358 0.496944 -1.555802 2.454784 -0.008086 -1.204290 
260.915556 41.664568 73.413951 0.296790 905.725432 520.922963 183.394691 43.968025 67.383457 386.223704 -204.314321 213.492840 -621.994198 -363.750988 -114.184444 -66.925926 -365.992222 -99.413457 -3.093580 -119.320988 -13.230000 -2.938642 0.000000 -2.972346 0.000000 0.000000 0.000000 0.000000 468.188642 63.030741 155.076296 -0.826543 342.370494 82.116296 17.186667 14.971975 -73.996914 92.645926 -314.831358 198.554198 -3.290494 -27.525432 -66.936543 125.897654 -392.846420 4.434691 -7.656420 -168.626173 -78.574815 -5.473457 -0.276049 -36.547531 0.000000 0.000000 0.000000 0.000000 688.302593 138.177654 122.683704 -6.900741 75.255185 -74.588272 -258.588889 1.197531 -172.187531 -23.497160 -267.252222 75.323827 116.387654 136.671728 -23.714074 198.490741 -219.083457 84.119136 -0.366420 -73.732716 -195.725062 -5.437778 0.340864 -103.797037 -4.354938 -3.083086 0.000000 -6.367654 509.873086 81.563333 -90.859383 -13.191358 -102.044691 -55.975679 -282.304815 0.000000 -114.167778 -7.654198 -89.345926 6.942469 81.630494 53.897284 1.184444 108.225062 -11.307160 98.529877 7.548148 143.521235 -214.713580 0.764938 2.149136 -95.465432 -61.605802 -18.955556 -0.331975 -36.710123 151.457901 -140.966543 -162.297531 -1.719753 -82.924691 -22.574444 -134.486296 0.000000 -34.026790 -2.049753 -17.033827 0.273580 21.830988 11.678025 0.340247 18.909259 49.780617 49.481975 4.579012 123.558889 -47.431728 57.780864 4.968025 65.801605 -173.358765 -48.099012 -0.760494 -64.210864 -128.428025 -93.931605 -86.418272 -3.512222 -52.642099 -0.500741 -37.881605 0.000000 -5.236049 0.000000 -2.110864 0.000000 0.706420 0.000000 0.000000 0.312099 18.824568 13.505432 1.111728 21.224444 17.586543 51.854691 1.161975 92.025679 -152.837531 46.314074 -0.109877 1.584198 -120.088519 -161.891605 -29.865926 -7.416667 -45.939012 -10.113951 -14.233951 0.000000 0.000000 0.000000 0.000000 0.000000 0.000000 0.000000 0.000000 0.000000 -2.551111 3.516049 0.000000 -2.113580 10.631358 18.813580 0.451358 12.860000 -62.810864 112.516049 1.410864 61.039012 
536.715556 275.283704 188.681852 5.882593 520.922963 919.582222 127.177407 47.317407 -229.786296 463.653333 -236.806296 167.805185 -381.117037 -301.331852 -62.601111 -70.938889 -230.375556 -69.343704 -1.998519 -76.929630 -7.030000 -1.550370 0.000000 -1.913704 0.000000 0.000000 0.000000 0.000000 730.244815 360.484444 321.035556 10.131481 -37.158519 273.458889 -81.618889 22.039259 -203.757407 99.758889 -334.469630 197.632593 29.238519 -59.245185 -43.378519 42.356296 -289.152593 -15.593704 -5.434815 -155.777407 -51.154444 -3.637037 -0.152593 -25.620370 0.000000 0.000000 0.000000 0.000000 759.715556 387.419630 122.896667 -0.937778 -346.718889 -35.703704 -412.538889 1.625926 -252.377037 -5.507037 -253.602222 90.289259 157.474074 63.178519 -16.340000 171.666667 -187.991481 18.829630 -2.439259 -144.309259 -144.242963 -6.698889 0.358148 -104.337778 -3.098148 -1.578148 0.000000 -4.454074 125.857037 1.252222 -285.502593 -1.651852 -380.055185 -67.394815 -367.945556 0.000000 -131.690000 -2.232593 -82.158889 17.158519 166.551481 49.704074 0.401111 157.248519 12.649630 62.921852 3.355556 58.440370 -203.412963 3.274815 1.604074 -177.385185 -48.377407 -9.294444 -0.265926 -42.045926 -390.222963 -388.225185 -293.564815 1.135185 -235.718519 -41.180000 -165.306667 0.000000 -39.140370 -1.394815 -14.282593 0.856296 60.611852 17.655185 0.500741 48.050000 145.504074 62.054815 5.287037 151.586667 -73.099630 89.492593 4.961852 -87.038519 -146.784074 -11.601481 -0.653704 -118.272593 -481.094074 -296.074815 -128.944815 -9.456667 -114.706296 -15.376667 -47.774815 0.000000 -4.812593 0.000000 -1.883704 0.000000 4.790370 0.000000 0.000000 1.220741 113.921481 32.614074 1.468519 68.052222 50.289630 94.709630 0.851481 32.944815 -203.021481 93.451111 -1.868519 -122.737407 -319.931111 -274.845926 -36.778889 -6.672222 -61.302593 -14.876296 -13.779630 0.000000 0.000000 0.000000 0.000000 0.000000 0.000000 0.000000 0.000000 0.000000 40.726667 5.742593 0.000000 18.020370 130.886296 126.590741 -0.432593 69.193333 -175.361481 386.759259 2.611481 -99.708519 
50.986667 12.179753 43.775432 -0.239136 183.394691 127.177407 151.601728 6.492840 -3.665802 142.604815 0.605309 87.810988 -126.659383 -110.834691 -33.346667 24.385185 -111.123333 -37.049753 -1.171728 -31.396914 -3.943333 -0.987160 0.000000 -0.778642 0.000000 0.000000 0.000000 0.000000 144.992716 35.815185 119.411852 -0.458025 68.921235 -0.919259 97.678889 2.037160 -59.367284 -32.178519 -77.475062 73.746049 45.538765 -69.600247 -21.955802 80.500247 -116.797160 -19.990494 -3.400494 -43.972099 -27.151481 -2.969753 -0.093457 -12.966049 0.000000 0.000000 0.000000 0.000000 178.207037 63.393580 147.147037 1.939259 -78.219259 -46.429012 -49.427778 -0.195062 -121.079383 -38.930123 -93.643333 19.283457 63.719136 -13.792346 -9.254074 105.324074 -72.889753 -14.477160 -1.414938 -4.284568 -78.869877 -12.814444 -0.208395 -39.729259 -3.029012 -1.037160 0.000000 -2.273580 49.956049 39.971111 17.562099 8.054938 -139.351728 -32.113086 -106.889259 0.000000 -71.641111 -6.151605 -37.365926 0.969506 29.157901 -6.135679 0.318889 61.719877 1.283210 -12.163086 1.603704 108.243086 -112.106173 -34.034321 -0.278272 -29.680247 -32.301728 -12.000000 -0.223827 -15.698642 -164.933580 -72.349136 -80.960494 4.750617 -105.983951 -17.221111 -67.848519 0.000000 -20.059753 -0.731605 -7.847901 -0.018272 7.172469 -2.148272 0.226173 13.459259 31.419877 -8.237284 2.353086 93.145556 -47.649877 -24.261728 1.770617 64.127901 -109.772469 -49.943086 -0.273457 -25.426049 -265.257284 -112.071235 -53.016790 -2.907778 -67.644691 -11.121852 -21.137901 0.000000 -2.535679 0.000000 -0.903827 0.000000 0.617160 0.000000 0.000000 0.145802 17.655309 -3.539753 0.854321 31.837778 -16.694198 -14.900494 0.889383 101.763086 -155.540494 -32.929259 0.203086 34.767160 -178.164074 -158.446790 -17.528148 -4.488889 -37.928642 -9.919877 -7.848765 0.000000 0.000000 0.000000 0.000000 0.000000 0.000000 0.000000 0.000000 0.000000 2.958889 0.862346 0.000000 4.649383 1.841728 -8.777160 -0.062716 55.903333 -172.481605 22.523457 4.676049 117.167531 
37.321111 11.405309 12.717654 0.431975 43.968025 47.317407 6.492840 9.677284 -13.003580 -0.637407 -15.990247 15.924321 -49.312716 -30.704691 -3.295556 -12.575926 -17.097778 -4.370864 -0.108395 -5.891358 -0.357778 -0.073827 0.000000 -0.090864 0.000000 0.000000 0.000000 0.000000 44.040494 12.936296 13.454074 0.575309 -0.160988 12.666296 -8.357778 4.012716 -0.789506 4.690370 -19.690617 22.361605 -9.825679 -4.512469 -1.762469 -0.376420 -27.809383 -2.156049 -0.358272 -14.752099 -3.319259 -0.308642 -0.005679 -1.427160 0.000000 0.000000 0.000000 0.000000 47.024815 10.403580 5.883704 -0.545185 -11.600370 -6.073457 -24.950000 0.199383 -9.600494 0.284321 -13.041111 11.814568 9.313580 9.730988 -0.036296 17.924074 -25.507531 1.933951 0.170617 -14.034568 -12.039877 -1.315556 -0.079506 -7.091481 -0.312346 -0.073827 0.000000 -0.215802 12.291605 -3.047778 -14.889012 -1.017284 -11.731728 -4.571975 -18.432593 0.000000 -5.623333 0.177284 -3.812593 1.751728 13.071235 5.912099 0.473333 15.939877 -6.992346 5.528025 0.481481 9.600864 -20.595062 -1.266543 -0.202716 -11.796914 -3.709506 -0.794444 -0.022716 -2.717531 -20.040247 -23.731358 -14.738272 -0.716049 -3.622840 -2.213333 -6.852963 0.000000 -1.784198 -0.073827 -0.619012 -0.022716 4.468025 2.042840 0.088395 3.892593 6.850988 7.444938 0.497531 16.081111 -12.418765 3.693827 0.377284 1.970123 -13.690247 -2.656420 -0.056790 -5.462716 -10.359506 -12.583457 -3.403457 -0.773333 1.231975 -0.256296 -1.489012 0.000000 -0.210123 0.000000 -0.073827 0.000000 0.036049 0.000000 0.000000 0.004691 4.381975 2.770247 0.209877 5.174444 -1.904198 4.836173 0.136049 11.371975 -19.833827 2.975185 -0.113580 1.041605 14.172593 -0.154568 0.367407 -0.377778 1.886914 0.054568 -0.376543 0.000000 0.000000 0.000000 0.000000 0.000000 0.000000 0.000000 0.000000 0.000000 1.493333 0.351235 0.000000 0.421605 2.568395 2.795062 -0.022716 5.415556 -16.423827 6.195679 0.957160 7.251975 
-175.358056 -78.962901 -56.662284 -1.029290 67.383457 -229.786296 -3.665802 -13.003580 595.924043 -143.789259 28.004043 82.824938 -65.389414 -204.547901 -38.602500 22.409259 -248.206111 -66.205432 -0.440031 -77.038735 -10.931389 -1.919969 0.000000 -2.575432 0.000000 0.000000 0.000000 0.000000 -206.795309 -98.559074 -100.563519 -2.051235 183.717562 -90.123519 35.325556 -7.032809 240.141358 -64.010093 16.948580 19.324414 114.834660 -3.470957 -15.719568 92.133457 -190.024969 1.436698 1.442809 -62.545772 -60.420185 -4.157099 0.012994 -22.039969 0.000000 0.000000 0.000000 0.000000 -192.639537 -128.590710 -49.482037 -14.908148 227.611204 -23.838117 69.915278 -0.390586 133.126975 -25.102562 -7.023056 -1.622160 61.933179 32.948272 -2.432593 70.341204 -63.532377 55.282253 9.727253 31.314660 -126.832160 -4.796111 1.154136 -44.859074 -6.346451 -1.658858 0.000000 -3.117346 -7.252531 -18.821389 71.125494 -21.029475 173.614414 6.871235 74.173426 0.000000 46.757222 -0.971636 3.960093 -2.156914 -5.640494 15.384938 2.934444 2.259938 39.441605 51.789290 17.737963 73.709043 -91.504475 -7.382438 6.731698 -9.191512 -40.888364 -21.038889 0.013086 -15.072932 115.334599 130.210154 99.810031 -13.376080 83.931636 10.106111 45.713241 0.000000 12.178457 -0.386636 2.166327 0.051975 -13.081821 -2.172747 0.207531 -7.353704 -20.623395 12.214691 5.127932 25.596389 13.997284 14.842747 4.460309 99.193117 -96.215401 -51.865988 0.352160 -1.094969 181.522747 86.040772 37.517994 -0.388611 41.931821 7.186296 12.954660 0.000000 -0.463673 0.000000 0.735586 0.000000 -1.306698 0.000000 0.000000 -0.159043 -48.870957 -3.515710 -0.164506 -13.022778 5.264012 26.046975 1.859969 50.488488 -42.859136 -17.509074 1.687654 58.550247 126.015185 117.705772 7.184537 0.808333 8.523179 3.053951 3.135340 0.000000 0.000000 0.000000 0.000000 0.000000 0.000000 0.000000 0.000000 0.000000 -19.280278 0.499228 0.000000 -11.330864 -61.158302 -31.349691 1.496420 -39.755278 43.289753 -61.317438 -2.481420 104.649043 
185.753333 77.300741 73.985926 0.331852 386.223704 463.653333 142.604815 -0.637407 -143.789259 701.928889 -96.262593 30.154815 -16.556296 108.752963 -54.507778 28.888889 -82.412222 -36.187407 -0.858148 -17.125926 -5.687778 -1.672963 0.000000 -1.260741 0.000000 0.000000 0.000000 0.000000 376.039630 158.824444 201.021111 0.329630 152.499630 133.890000 69.951111 -0.510370 -190.125926 61.356667 -191.328148 8.404074 129.565926 -18.934815 -43.229259 57.729259 -6.694074 0.984815 -2.380741 -10.171481 -20.636667 -2.229630 -0.216296 -16.357407 0.000000 0.000000 0.000000 0.000000 503.747778 271.233704 161.460000 1.368889 -138.843333 -18.757407 -192.005556 -0.031481 -282.592963 -65.419630 -203.126667 -19.043704 52.725926 -41.237407 -22.763333 -6.733333 85.872593 -3.412963 0.154815 -21.112963 -39.597037 0.624444 0.555185 -42.981111 -0.468519 -1.789630 0.000000 -4.769259 249.614074 66.076667 -85.527407 3.301852 -257.010370 -42.295185 -252.018889 0.000000 -148.985556 -12.787407 -79.084444 -3.488519 20.269630 -11.247407 -0.514444 -6.564074 87.554815 -7.872963 3.966667 17.208519 -18.753704 -19.711481 3.658148 -46.820370 -25.260370 -5.333333 0.162593 -24.191852 -119.129259 -148.422593 -182.762963 6.659259 -194.820370 -24.587778 -145.046667 0.000000 -47.152963 -1.139630 -18.665185 -0.087407 3.673704 -2.422963 0.290370 2.783333 63.130370 -9.429259 5.035185 16.362222 56.034074 29.801852 7.184815 -44.465926 -57.357037 -8.814074 0.125926 -69.611852 -403.277037 -166.355185 -115.784074 -3.302222 -129.318148 -11.914444 -49.949630 0.000000 -6.925185 0.000000 -2.956296 0.000000 0.930741 0.000000 0.000000 -0.364074 43.587407 6.194815 1.259259 3.837778 70.012593 30.841481 1.075185 -10.215926 -56.920741 73.252222 0.112963 -102.897037 -378.145556 -308.058519 -46.091111 -5.272222 -87.477407 -18.674815 -19.764815 0.000000 0.000000 0.000000 0.000000 0.000000 0.000000 0.000000 0.000000 0.000000 16.003333 1.296296 0.000000 5.135185 61.900370 48.109259 -0.509630 19.675556 -57.834074 242.746296 -9.982593 -74.817037 
-137.189167 -55.856235 -41.827840 -1.081512 -204.314321 -236.806296 0.605309 -15.990247 28.004043 -96.262593 127.835154 -40.803951 175.503920 104.945432 29.838611 54.403704 83.022778 13.907901 1.097747 31.861265 1.061944 0.228920 0.000000 0.733457 0.000000 0.000000 0.000000 0.000000 -186.638642 -59.833519 -47.584630 -1.779012 -17.046883 -62.874630 75.391111 -6.920586 41.858025 -77.188981 114.256358 -56.150031 42.305772 -26.928735 13.605988 6.441235 103.233920 -10.577747 2.349475 52.594228 11.838704 0.498457 0.038549 6.137809 0.000000 0.000000 0.000000 0.000000 -217.565093 -58.987377 22.180185 2.567407 18.982315 1.950772 132.665278 -0.551698 10.862531 -22.245895 55.309167 -31.071049 -26.000154 -61.616173 2.236296 -44.403241 73.676512 -32.951080 0.453920 41.103549 29.383395 -5.492778 -0.043642 23.799815 -0.418673 0.517809 0.000000 1.531543 -119.103642 17.501944 101.706605 5.137191 23.893302 9.842346 79.714537 0.000000 4.109444 -0.747191 11.327870 -5.114691 -34.063827 -24.019506 -0.056667 -35.094506 11.351605 -43.467377 0.937963 5.235710 26.823302 -19.035772 0.143920 42.975154 5.062747 1.777778 0.098642 6.944846 -32.523179 72.779043 61.060031 -1.226080 3.453858 4.455000 19.971019 0.000000 1.262901 0.040031 1.324105 -0.201358 -12.551821 -6.201636 0.154198 -8.737037 -23.438951 -30.298642 0.477932 -13.060278 5.420617 -43.579475 -0.704136 38.338673 12.532377 -10.498210 0.296605 18.853920 -12.387253 20.060772 14.705772 0.424722 -3.481512 -3.577037 4.069105 0.000000 0.631883 0.000000 0.328920 0.000000 -0.613364 0.000000 0.000000 -0.196821 -17.756512 -11.423488 -0.170062 -3.121667 -17.028210 -37.607469 0.103302 24.422932 -4.162469 -50.539074 0.698765 37.732469 -7.767037 2.479105 4.558981 0.280556 3.298735 -0.802716 0.929784 0.000000 0.000000 0.000000 0.000000 0.000000 0.000000 0.000000 0.000000 0.000000 -6.316944 -1.172994 0.000000 -0.730864 -24.993858 -33.577469 0.020864 12.352500 -42.855802 -83.039660 -0.980309 70.984599 
90.470000 42.676049 44.934691 1.418272 213.492840 167.805185 87.810988 15.924321 82.824938 30.154815 -40.803951 137.153580 -214.266790 -234.427284 -33.174444 16.946296 -167.667778 -48.784938 -1.014321 -52.378395 -5.137778 -1.061235 0.000000 -1.302716 0.000000 0.000000 0.000000 0.000000 133.283457 36.892963 82.634074 2.332716 63.539753 -1.069259 41.023333 6.939012 14.884568 -40.384074 -84.095432 114.020123 27.725802 -70.409506 -16.003951 104.270617 -193.365679 -22.597901 -1.957901 -71.198025 -38.723704 -3.938272 -0.061975 -16.301235 0.000000 0.000000 0.000000 0.000000 136.907037 26.580617 81.797037 -4.627407 -32.563704 -51.430864 -62.316667 0.195679 -62.975679 -36.487531 -82.748889 40.124198 61.278395 4.505802 -4.337407 145.968519 -138.952716 -2.556790 1.810988 5.224691 -110.362469 -13.536667 0.271235 -48.512593 -3.947531 -1.050123 0.000000 -2.649506 2.263457 10.121111 0.810247 -5.387654 -79.338765 -27.248272 -82.067037 0.000000 -42.402222 -4.320123 -28.710370 4.817654 35.031975 9.540247 1.130000 81.329136 -24.151975 12.296173 4.303704 126.289383 -144.559877 -24.926914 0.986543 -34.528395 -37.827654 -15.916667 -0.214568 -18.628272 -132.192840 -70.297284 -44.590123 -2.267901 -67.076543 -11.376667 -42.670741 0.000000 -11.972716 -0.905679 -5.060864 0.085432 11.065062 2.666543 0.063210 15.414815 19.129136 8.153457 1.443827 99.817778 -56.181358 -10.676543 0.890988 86.013086 -121.359506 -51.272716 0.046914 -24.977901 -153.794321 -76.350864 -28.974198 -3.918889 -40.348395 -7.205185 -13.484198 0.000000 -2.043086 0.000000 -0.533457 0.000000 0.385679 0.000000 0.000000 0.210617 12.240494 0.252840 0.252469 28.876667 -23.257160 1.697654 0.624568 95.659383 -151.020123 -22.890370 -0.067284 53.130123 -108.830741 -89.054198 -12.105926 -3.533333 -23.536049 -7.145802 -5.219136 0.000000 0.000000 0.000000 0.000000 0.000000 0.000000 0.000000 0.000000 0.000000 4.158889 0.919753 0.000000 3.240123 -6.087901 -3.056790 0.040988 37.986667 -119.766790 14.575309 3.327901 112.419383 
-250.114722 -86.745247 -76.160679 -2.718302 -621.994198 -381.117037 -126.659383 -49.312716 -65.389414 -16.556296 175.503920 -214.266790 782.233673 409.159753 98.357500 96.340741 295.635000 60.561358 3.332438 93.743364 2.366389 2.280895 0.000000 0.393580 0.000000 0.000000 0.000000 0.000000 -349.746173 -28.509815 -89.524259 -4.013580 -180.416265 -47.649815 18.456667 -19.944784 43.493827 -89.232685 235.183272 -229.705340 125.265154 20.673364 53.585864 -87.894198 397.868117 11.216451 9.048117 173.557068 43.367963 3.571914 0.335710 21.185340 0.000000 0.000000 0.000000 0.000000 -485.983241 12.783858 -57.827963 11.383704 -63.537315 75.550154 191.159722 -1.588117 70.534506 -7.873179 172.958056 -106.735988 -94.221142 -136.442346 15.129259 -237.160648 312.875525 -69.142438 4.539228 90.091821 149.449568 6.582778 0.299938 78.695741 3.197377 1.858673 0.000000 2.595864 -382.518951 -57.696944 67.175988 8.845216 36.280216 44.220247 180.148241 0.000000 65.489444 5.197006 56.977130 -14.991605 -101.825432 -65.596790 -0.542222 -151.938457 76.360988 -99.100586 0.173148 -123.305525 219.942438 -4.760710 1.637006 100.612809 43.194105 12.194444 0.587284 22.202747 -92.304414 81.507809 107.574228 -5.528549 38.600772 14.515000 84.258426 0.000000 21.909691 1.525340 10.120154 -0.479383 -36.970586 -16.116327 0.231728 -31.779630 -40.960679 -67.387284 1.360031 -142.039167 118.700123 -53.993673 2.295617 -61.320710 138.195586 38.159691 1.284877 37.689228 56.121883 78.935710 56.026265 0.432500 18.781698 1.344815 24.044043 0.000000 3.660154 0.000000 0.558673 0.000000 -1.878673 0.000000 0.000000 -0.938920 -30.021080 -16.580031 -0.259568 -41.115000 35.819691 -32.403272 0.176883 -94.393858 156.331728 -13.882037 -0.291358 -43.943951 -21.358519 71.524043 15.053796 4.163889 10.169969 3.796790 7.919290 0.000000 0.000000 0.000000 0.000000 0.000000 0.000000 0.000000 0.000000 0.000000 -5.459167 -2.827932 0.000000 -2.967284 -15.370772 -16.246605 -0.546049 -35.817500 132.851728 -21.839043 -18.360062 -72.403302 
-173.263333 -80.241235 -68.662840 -2.154568 -363.750988 -301.331852 -110.834691 -30.704691 -204.547901 108.752963 104.945432 -234.427284 409.159753 639.160988 63.314444 5.631481 414.826667 143.615679 3.331358 131.959877 14.817778 3.326420 0.000000 4.347901 0.000000 0.000000 0.000000 0.000000 -239.270864 -105.988519 -132.936296 -3.340123 -61.573827 -58.045185 -23.037778 -13.059753 -21.225309 5.691852 171.555802 -223.600864 -34.460617 126.256543 32.817654 -172.189877 481.210864 54.456420 6.974198 193.777284 113.639259 11.245679 0.151605 43.619753 0.000000 0.000000 0.000000 0.000000 -256.439259 -103.802099 -123.088148 5.848519 78.027037 44.238272 131.133333 -0.747531 50.689753 5.598272 145.595556 -97.828272 -203.309877 -79.391728 3.727407 -318.612963 324.870123 -23.558025 -2.823580 29.777160 300.296173 29.991111 -0.288642 125.467037 10.538272 2.981975 0.000000 6.227654 -7.896420 -42.095556 38.084938 7.608025 150.395802 42.552346 153.990370 0.000000 50.975556 -0.699136 49.558148 -12.800247 -138.842716 -47.168395 -2.670000 -187.962840 39.006049 -69.969877 -9.631481 -245.439012 356.546914 29.359506 -1.386914 110.920988 90.673580 36.611111 0.873086 42.472346 273.373210 138.924321 104.930864 8.841975 116.102469 26.040000 70.494074 0.000000 12.783457 1.576420 5.852716 -0.615802 -39.628765 -12.323580 -0.149136 -39.125926 -85.262840 -52.223086 -3.445679 -222.260000 141.127284 -21.803086 0.011975 -135.817160 281.134321 96.694568 0.810494 62.976420 231.729136 179.590494 46.522716 8.781111 61.617654 11.092963 17.940494 0.000000 1.631605 0.000000 0.226420 0.000000 -1.957531 0.000000 0.000000 -1.016543 -44.643457 -10.252099 -0.839506 -70.240000 34.676790 -41.864691 -1.568642 -187.730123 331.361975 17.755926 1.159877 -90.490864 123.339630 113.126049 12.651481 7.405556 35.436790 11.346173 4.917284 0.000000 0.000000 0.000000 0.000000 0.000000 0.000000 0.000000 0.000000 0.000000 -9.291111 -2.760494 0.000000 -7.286420 0.560864 -27.058025 -0.460247 -68.030000 217.059753 -58.560494 -5.837531 -200.036790 
-30.991389 -11.372778 -10.633889 -0.216944 -114.184444 -62.601111 -33.346667 -3.295556 -38.602500 -54.507778 29.838611 -33.174444 98.357500 63.314444 31.480833 1.783333 79.699444 22.487778 1.140833 23.801389 3.196389 0.943611 0.000000 0.678889 0.000000 0.000000 0.000000 0.000000 -57.025556 -9.018333 -19.606111 -0.272222 -52.060833 -4.210556 -5.957778 -1.485278 11.716667 -16.367500 51.490556 -30.661389 4.657500 5.552500 20.348333 -26.306667 72.244167 0.561389 2.717500 29.086944 17.115000 1.258333 0.080278 8.112500 0.000000 0.000000 0.000000 0.000000 -91.819167 -3.408611 -12.795000 1.178889 -20.509167 8.884722 37.054167 -0.098611 15.296111 -0.901944 43.521389 -12.356111 -22.445833 -22.190000 7.032222 -44.690278 44.671944 -12.615278 0.996389 5.181944 39.383889 0.976111 0.057222 20.126111 1.026389 0.838056 0.000000 1.522778 -81.099444 -5.704722 6.753889 2.106944 8.795278 7.592222 37.008611 0.000000 15.979444 1.297500 15.234167 -1.354444 -14.418889 -8.042222 0.484444 -23.167222 1.208889 -17.995278 1.341667 -29.034167 39.693056 -0.677500 0.545278 16.876389 10.725833 4.550000 0.198889 6.092500 -28.097500 3.833611 19.212500 -0.206944 13.706944 2.978333 20.266944 0.000000 6.249444 0.021389 3.361389 -0.078889 -4.338611 -1.653611 0.198889 -4.044444 -11.417222 -10.537778 0.856944 -22.792500 13.224444 -9.348611 0.657222 -12.018611 32.869167 11.371667 0.291667 7.229722 41.048056 8.280278 15.551944 -0.010833 12.605278 0.151111 6.471944 0.000000 1.181389 0.000000 0.343611 0.000000 -0.342500 0.000000 0.000000 -0.115833 -4.075278 -2.516944 -0.152778 -5.122778 -0.759444 -5.578333 -0.136944 -16.354722 32.693333 -6.135000 -0.122222 -4.202222 36.724444 36.900833 6.203056 1.547222 10.716389 2.242222 2.784722 0.000000 0.000000 0.000000 0.000000 0.000000 0.000000 0.000000 0.000000 0.000000 -0.330278 -0.273611 0.000000 -0.050000 -2.755833 -5.325000 -0.056667 -3.610833 20.908889 -11.456944 -2.328333 -12.633056 
-55.638889 -12.890741 -6.148148 -0.385185 -66.925926 -70.938889 24.385185 -12.575926 22.409259 28.888889 54.403704 16.946296 96.340741 5.631481 1.783333 100.344444 -1.977778 -19.787037 0.520370 15.259259 -3.244444 -0.387037 0.000000 -0.709259 0.000000 0.000000 0.000000 0.000000 -73.990741 -39.111111 2.205556 -0.585185 11.514815 -73.077778 55.194444 -4.879630 25.514815 -80.861111 54.809259 -16.674074 47.085185 -58.840741 1.431481 74.257407 37.846296 -16.103704 1.451852 44.742593 -9.750000 -1.837037 0.018519 -2.687037 0.000000 0.000000 0.000000 0.000000 -113.177778 -57.864815 20.572222 0.166667 12.600000 -31.198148 79.733333 -0.546296 -17.003704 -43.237037 15.122222 -20.018519 -32.798148 -64.931481 -2.033333 7.100000 34.574074 -33.964815 0.857407 79.607407 -13.612963 -8.422222 0.370370 11.972222 -1.637037 -0.125926 0.000000 -0.851852 -94.479630 -10.900000 81.101852 -0.740741 -9.924074 -4.264815 48.133333 0.000000 -10.738889 -4.870370 -0.611111 -3.764815 -43.846296 -22.814815 -1.172222 -17.325926 -9.375926 -39.025926 -3.277778 54.742593 -1.901852 -26.590741 0.318519 56.648148 -6.262963 -6.688889 0.118519 -0.014815 -51.029630 47.153704 55.635185 -1.259259 -29.657407 -0.272222 8.711111 0.000000 -3.703704 -0.503704 -1.270370 -0.125926 -13.409259 -5.759259 -0.359259 -6.905556 -39.442593 -29.507407 -2.618519 -0.883333 14.281481 -45.612963 -1.292593 72.031481 -18.024074 -29.120370 0.551852 15.507407 -85.268519 8.190741 7.557407 0.105556 -33.990741 -5.877778 -1.242593 0.000000 -0.731481 0.000000 -0.298148 0.000000 -0.818519 0.000000 0.000000 -0.237037 -17.496296 -12.348148 -0.420370 -5.950000 -13.798148 -40.470370 -0.235185 28.514815 -23.331481 -34.722222 0.120370 52.448148 -116.883333 -61.081481 -7.372222 -0.900000 -21.042593 -6.151852 -3.146296 0.000000 0.000000 0.000000 0.000000 0.000000 0.000000 0.000000 0.000000 0.000000 -0.561111 -1.790741 0.000000 -0.085185 -27.420370 -29.053704 -0.281481 7.688889 -23.875926 -60.318519 -1.835185 73.781481 
-110.056111 -44.321111 -42.637778 -1.055000 -365.992222 -230.375556 -111.123333 -17.097778 -248.206111 -82.412222 83.022778 -167.667778 295.635000 414.826667 79.699444 -1.977778 425.212222 127.857778 2.679444 123.336111 19.040556 4.140556 0.000000 4.692222 0.000000 0.000000 0.000000 0.000000 -192.871111 -66.296667 -93.782222 -1.116667 -147.883889 -28.273333 -33.078889 -6.957222 -24.611111 -17.448333 164.380000 -143.599444 -51.476111 65.261667 51.647778 -150.125556 371.211667 22.371667 4.553889 137.720556 107.114444 8.733333 0.150556 42.058333 0.000000 0.000000 0.000000 0.000000 -263.567222 -77.138333 -77.132222 8.136667 -25.587222 35.697222 126.497222 -0.458333 37.891111 23.487222 157.573889 -57.748889 -140.897222 -58.820000 15.968889 -222.019444 211.022778 -43.630556 -2.881667 0.119444 246.482222 15.247778 -0.303333 96.420000 9.369444 3.546111 0.000000 5.610000 -134.706667 -10.129444 32.708889 9.691667 67.492778 30.860000 137.566111 0.000000 49.452222 1.082778 52.598333 -6.624444 -82.256667 -35.265556 -2.207778 -112.448889 6.232222 -65.792778 -9.605556 -177.765000 243.497222 18.732778 -2.496111 72.013889 70.070556 31.027778 0.391111 33.820556 60.700556 94.788333 66.097222 5.163889 67.275000 19.015556 61.771667 0.000000 15.540000 0.935000 7.960556 -0.353333 -21.422778 -7.220556 -0.231111 -21.283333 -56.526667 -39.702222 -4.219444 -132.415000 63.240000 -25.558333 -3.014444 -96.585000 211.983889 74.012222 0.405556 43.996111 131.309444 83.461667 37.373889 2.605000 45.517222 4.370000 17.067222 0.000000 2.231667 0.000000 0.462778 0.000000 -1.665000 0.000000 0.000000 -0.562778 -15.093889 -9.521667 -0.677778 -35.915556 4.152222 -39.410000 -1.131667 -124.107222 220.452222 -0.163333 0.577778 -56.423333 114.034444 103.965000 13.682778 6.688889 37.867222 9.621111 6.502778 0.000000 0.000000 0.000000 0.000000 0.000000 0.000000 0.000000 0.000000 0.000000 -0.639444 -2.263889 0.000000 -0.966667 12.889444 -18.327778 -0.308889 -24.833889 119.704444 -52.519444 1.606667 -135.961667 
-33.456667 -15.096543 -13.724938 -0.286543 -99.413457 -69.343704 -37.049753 -4.370864 -66.205432 -36.187407 13.907901 -48.784938 60.561358 143.615679 22.487778 -19.787037 127.857778 68.669877 1.011975 33.073457 9.353333 2.555802 0.000000 2.205432 0.000000 0.000000 0.000000 0.000000 -58.644691 -29.941481 -38.101481 -0.365432 -38.857284 -19.072593 -27.352222 -1.928025 -3.602469 -5.209630 39.096420 -40.834691 -48.251605 43.819012 17.641235 -62.763457 110.748025 23.929136 1.632469 42.140494 49.625185 4.904321 0.023951 20.241358 0.000000 0.000000 0.000000 0.000000 -82.491852 -46.277901 -45.727407 -0.128519 12.349630 7.333951 20.644444 -0.130247 33.456914 9.408395 55.870000 -15.781728 -60.640123 -4.733827 6.685926 -76.742593 44.549877 -3.375309 -1.788642 -10.904938 109.124938 11.845556 -0.281358 42.002963 5.717284 1.389136 0.000000 3.832346 -33.088025 -20.708889 -3.303827 1.197531 53.099753 11.390988 47.039630 0.000000 30.615556 0.379136 25.642963 -1.796420 -32.380617 -7.952716 -0.510000 -37.608272 -13.857160 -14.836790 -3.396296 -75.106543 98.214198 12.214938 -0.961975 21.156790 35.777531 14.000000 0.212469 17.095432 72.841235 21.350123 24.891358 2.813580 53.436420 8.886667 30.602593 0.000000 11.589877 0.811358 5.032840 -0.104198 -7.307901 -2.183086 -0.081975 -7.712963 -27.524938 -11.579136 -1.337654 -55.235556 24.134938 -3.413580 -0.476420 -49.326173 96.152346 31.917654 0.211728 21.489136 111.049753 52.090617 19.048395 0.721111 40.185679 4.971481 11.029506 0.000000 1.741728 0.000000 0.611358 0.000000 -0.599136 0.000000 0.000000 -0.182346 -9.842099 -1.905679 -0.221605 -15.964444 0.464321 -14.556420 -0.371358 -54.085432 101.418025 -5.580370 0.473457 -23.682469 100.155926 78.947284 11.150741 2.505556 29.794321 7.186049 5.399383 0.000000 0.000000 0.000000 0.000000 0.000000 0.000000 0.000000 0.000000 0.000000 -2.273333 -0.822840 0.000000 -0.696914 9.598025 -5.558642 -0.104198 -14.801111 44.989136 -14.689506 3.427531 -68.338765 
-1.103611 -0.512531 -0.424877 -0.007809 -3.093580 -1.998519 -1.171728 -0.108395 -0.440031 -0.858148 1.097747 -1.014321 3.332438 3.331358 1.140833 0.520370 2.679444 1.011975 0.367006 0.748302 0.033056 0.068549 0.000000 0.010864 0.000000 0.000000 0.000000 0.000000 -1.922716 -1.202407 -1.233519 -0.014198 -0.202068 -1.136852 -0.287778 -0.054660 0.745062 -1.445648 1.812284 -1.231883 0.806512 1.094969 1.468580 -2.110247 3.844660 0.765216 0.841327 0.787932 0.703148 0.111420 0.010401 0.361883 0.000000 0.000000 0.000000 0.000000 -2.240648 -1.465525 -1.485370 -0.068148 0.681204 -0.469599 1.476389 -0.003549 0.472160 -0.787377 1.696944 -0.555123 -2.414969 -1.139877 0.377407 -2.919907 2.876142 -0.143673 0.254660 -0.027932 2.402654 0.305000 0.012284 0.869815 0.038735 0.012994 0.000000 -0.015864 -0.112160 1.586389 -0.149321 0.285340 1.220340 0.781975 1.783426 0.000000 0.245000 0.023549 0.484537 -0.053951 -1.583457 -0.349877 0.002222 -1.313765 -0.425432 -0.683302 0.010185 -1.333920 3.227006 -0.152068 0.141327 1.039969 0.406451 0.066667 0.063827 -0.029969 2.606080 1.779414 0.761883 0.209105 0.696451 0.470556 0.389907 0.000000 0.004753 -0.009228 0.000401 -0.002840 -0.364414 -0.050895 -0.002840 -0.231481 -1.597099 -0.613827 -0.001698 -1.694722 2.253210 -0.331327 0.272160 -0.250957 1.700525 0.021420 0.115123 0.060216 4.839784 1.438179 0.145401 0.354722 0.486636 0.031852 -0.014599 0.000000 -0.026265 0.000000 -0.009228 0.000000 -0.016327 0.000000 0.000000 -0.004969 -0.855031 -0.173858 -0.007099 -0.615000 0.170309 -0.048951 0.050340 -1.350031 2.458272 0.886481 0.052469 -0.126049 3.028519 1.993179 -0.027685 0.413889 0.331698 0.133210 -0.022068 0.000000 0.000000 0.000000 0.000000 0.000000 0.000000 0.000000 0.000000 0.000000 -0.070278 -0.002623 0.000000 -0.093827 -1.194228 -0.420062 -0.002840 -1.089722 2.561605 -0.324846 -0.342160 -0.965031 
-38.287500 -15.181790 -12.670062 -0.383179 -119.320988 -76.929630 -31.396914 -5.891358 -77.038735 -17.125926 31.861265 -52.378395 93.743364 131.959877 23.801389 15.259259 123.336111 33.073457 0.748302 47.108488 4.929167 1.090586 0.000000 1.373457 0.000000 0.000000 0.000000 0.000000 -64.286420 -31.110185 -29.393519 -0.512346 -41.945216 -21.354630 -4.972222 -2.398920 -8.725309 -14.560648 56.283025 -46.629475 -23.254784 12.452932 14.857099 -34.120988 120.965586 3.040586 1.360031 56.749228 31.862037 2.420679 0.031327 13.540586 0.000000 0.000000 0.000000 0.000000 -88.718981 -36.183488 -24.462037 1.329630 -0.950463 2.581327 47.629167 -0.171142 9.161420 2.447994 49.943056 -19.529938 -57.680710 -25.922840 3.624074 -70.878241 69.991512 -18.337191 -1.267747 13.550772 78.381173 3.313889 -0.033642 36.245370 2.367438 1.207253 0.000000 1.890432 -43.961420 -7.609722 19.168827 3.584414 24.864969 9.017901 50.843981 0.000000 13.263889 -0.017747 16.093981 -2.380247 -33.549383 -12.728395 -0.933333 -39.942284 -5.050617 -25.450154 -3.884259 -52.174846 79.437191 2.171451 -0.695525 35.205710 23.873302 9.383333 0.208642 11.922068 14.636265 35.952932 31.796142 2.654475 18.562191 6.719444 21.711574 0.000000 4.381790 0.296142 2.109105 -0.141358 -9.005710 -2.851080 -0.130247 -7.842593 -29.197840 -15.347531 -1.919290 -44.887500 24.261728 -14.382253 -1.133025 -22.517438 71.036265 21.820679 0.129938 16.960031 35.906636 25.636883 15.878549 1.376389 9.700154 1.051852 5.417438 0.000000 0.753549 0.000000 0.112809 0.000000 -0.635031 0.000000 0.000000 -0.225154 -9.413735 -4.625154 -0.308951 -13.963889 0.498457 -17.338580 -0.629475 -38.549846 73.725309 -3.060185 0.132099 -11.719753 33.468519 26.256327 4.560648 1.841667 9.858179 1.678395 1.504784 0.000000 0.000000 0.000000 0.000000 0.000000 0.000000 0.000000 0.000000 0.000000 -0.620833 -0.931327 0.000000 -1.136420 -1.645525 -11.527469 -0.141358 -9.851389 41.636420 -25.664660 0.621914 -38.052623 
