1862.585450 2803.267116 73.719008 151.234262 447.220029 1471.839506 -116.851546 122.454596 249.077849 278.607030 -334.167636 85.737017 -458.802928 -179.538261 -249.285736 -38.628048 23.573003 102.834252 -25.602796 4.024742 -19.993521 231.711866 -5.025355 66.097337 -216.646006 108.707887 -23.081318 47.431334 259.099123 -839.608203 -370.767677 -31.730793 592.270534 -611.508469 -315.305683 19.468115 200.681665 -338.739006 -156.428783 -38.752627 -338.607540 -39.266452 -163.215080 -16.881237 299.612438 80.375115 22.334048 -0.931027 7.653913 242.509642 3.310325 48.558872 -115.722120 594.732935 -1.774258 240.131058 207.940006 -1285.767932 -291.351648 -60.469238 536.466126 -378.169370 -141.882155 -35.928936 -307.360626 -91.255025 -238.749158 -30.621110 -219.827875 -3.236149 -99.978063 -1.297776 387.685287 9.646465 24.516427 1.920926 -57.708091 40.980563 -114.267677 -63.610040 -228.748189 485.780022 14.796551 -56.274054 587.863993 -122.170850 -15.008162 -13.914345 180.547444 -29.329864 -123.922865 -7.361953 -482.681971 -32.589634 -205.601571 -5.941945 23.166463 -1.020304 29.683655 0.000000 211.285940 -1.902714 -61.906693 -6.380828 -199.186052 -15.078002 -174.064126 -90.105244 -470.943832 -124.817162 -21.717427 -500.394858 724.631874 43.701306 -15.672942 6.453117 -88.391440 -10.610346 -132.785481 -2.199367 -359.906540 -8.772829 -73.586930 -6.952760 118.486736 12.229211 49.393939 -0.135292 -22.219978 -16.385981 -131.566983 -4.623814 -160.963524 -17.337057 -101.445618 -44.091368 -365.067136 -259.555045 -48.285685 -269.387103 618.300173 88.503316 -17.056678 38.210438 -216.462402 61.782981 -45.074023 22.381441 -237.750791 60.187532 55.816702 4.172737 26.784869 42.248495 -91.161310 -4.224671 -52.191460 6.939241 -190.117692 -1.613050 -55.852311 -11.838894 -42.419855 -18.856392 -86.062443 -97.592287 -34.201051 -25.112182 403.578461 386.073564 -4.624477 121.035507 -161.021988 452.155647 54.670034 -54.396082 -50.881441 72.170748 8.045301 -133.882206 2.084685 28.558361 -291.849709 -28.797215 38.560300 29.600143 -124.014131 -0.211101 1.264565 -13.482859 -4.404398 -8.554127 -31.602898 -45.825528 -7.397612 -24.779410 
2803.267116 9594.728395 230.510101 334.165544 689.872615 5139.275533 -120.809764 255.888328 1414.896184 1589.140853 -507.464085 277.882716 -785.480920 -333.791246 -481.518519 -37.343996 -900.752525 -23.424242 -89.722783 -86.110550 -621.798541 508.598765 7.698092 67.050505 -473.585859 510.849607 -40.974186 253.775533 -411.757015 -1627.501684 -1095.595960 -48.234007 1356.766554 -1360.255331 -650.960718 32.976992 1051.971380 -837.815376 -22.530864 -104.059484 -1020.902918 -108.235690 -345.987654 -44.452862 137.621773 52.777778 -93.048260 11.231201 -39.248597 410.707071 -8.671156 30.993827 -333.122334 1476.114478 3.198653 690.664422 -416.971380 -3867.067901 -925.086420 -159.818182 1623.387767 -1115.798541 -142.023569 -103.827160 -525.457351 -270.240180 -368.244108 -85.071829 -930.772166 -29.321549 -347.761504 -3.547699 307.497194 -56.146465 -131.993827 12.223345 281.329405 53.127946 -181.181818 -212.425926 -694.971942 1040.197531 -3.772166 -55.470258 802.778900 -619.347924 -110.086981 -39.245230 1004.205387 -57.305836 -102.025253 -16.235690 -1232.776094 -105.332211 -488.867565 -13.633558 -605.214927 -33.867565 -182.702020 0.000000 221.460718 -60.529742 -219.703143 -4.270483 255.193042 -63.338945 -156.774411 -222.776655 -1301.789562 -268.208193 -78.951740 -1229.333333 1415.923120 81.719978 5.094276 -0.994388 289.326038 61.819865 -220.132435 38.859708 -1210.336139 -45.327160 -325.816498 -5.272166 -452.182379 4.902918 -229.545455 1.538721 119.843996 -14.370370 -5.338945 -5.855219 101.785634 -5.873176 58.305836 -108.308081 -1183.342312 -542.333895 -119.039282 -729.797419 1260.996072 220.281706 -0.831089 90.427609 -306.186308 247.680135 -160.514029 269.395062 -1070.564534 65.694725 -203.397868 117.195847 -327.421437 73.468575 -176.508418 -3.569024 230.484848 60.693603 121.946128 -5.029181 -29.750842 -19.630752 37.941639 -49.635241 -453.282828 -301.984848 -98.025814 -100.372054 691.384400 520.306958 -20.428732 208.356902 -639.500561 839.808081 -68.516835 223.947811 -739.955668 763.101571 -266.119529 102.825477 38.967452 589.176207 -163.249158 -8.599327 304.634680 111.590348 121.120090 -0.622334 -18.859708 -34.168350 9.286756 -25.859147 -147.802469 -176.075758 -21.717172 -78.916386 
73.719008 230.510101 136.102847 -19.655188 138.567952 242.429293 59.549128 9.370983 139.392103 96.503214 -39.775941 27.564738 -40.126722 -18.691460 -49.474288 14.232782 -34.492654 -0.670799 0.550964 -4.608815 -54.885216 19.503673 0.606520 6.248852 -52.994490 6.238751 -4.937098 10.975666 50.081726 -31.268136 49.893939 -23.037190 96.138659 -109.269972 -18.634527 -5.540863 76.578972 -58.300735 -22.345730 -5.353076 -22.652433 -5.167126 -14.653352 -2.019284 26.797062 -5.528926 -0.210285 1.740129 -20.225436 -22.823691 0.005051 5.659320 -37.101469 9.941690 -3.791093 17.281451 -12.901745 -174.526630 -36.839302 -11.494490 84.404959 -81.949954 -40.489899 -7.362718 12.266758 -16.127640 -30.934343 -5.530762 -23.628099 1.423783 -9.770432 -0.612029 25.241965 -0.651515 -4.831497 2.598255 -9.576217 -9.849403 -15.888889 8.442149 -29.011938 -29.742424 -7.059229 16.445363 10.354454 -52.935721 -21.104683 -3.150597 43.826905 -2.737833 -29.503673 -1.015152 -8.814968 -2.887052 -25.434343 -0.382461 -10.226354 1.263085 -3.260790 0.000000 9.725895 -7.197888 -16.735537 0.372819 7.784206 -9.176768 0.028466 -0.018825 9.744720 7.111570 -3.703398 17.781910 20.020202 -14.926079 -8.994490 -2.210744 -0.205693 -2.990817 -25.397153 8.366850 12.776400 0.172176 -15.199725 6.171258 -22.662534 3.400367 -6.176768 0.507805 1.439394 -4.894399 -10.928375 0.286961 6.015152 -3.879706 13.704775 -1.530762 -6.546373 2.017906 -2.406336 -0.682277 7.078512 -3.769972 -1.272727 -3.707071 -41.848485 -1.629477 -6.916896 7.553719 33.618457 1.842975 4.428375 19.429752 -33.973829 2.121671 -15.264004 3.925161 10.990358 -0.648301 12.809917 -0.294307 -2.389348 -0.644169 5.904500 -1.062902 -8.279614 -3.561983 -4.734160 -0.154270 33.212580 31.370983 -0.788338 -1.644628 -43.807622 4.120294 9.909091 -44.404500 30.193756 -39.275941 -19.678604 5.714876 -15.643710 19.388889 -17.686410 15.170799 16.430670 3.365014 23.571166 -0.050046 -4.119835 -2.233701 1.206152 -1.910468 -13.877870 -11.689164 -1.438017 -5.846189 
151.234262 334.165544 -19.655188 92.190287 1.476329 118.189113 -27.520814 22.844455 0.511529 -19.207887 -18.549689 3.109019 -54.826242 -30.073309 -14.048056 -11.545812 -9.918733 12.346648 -7.869044 0.924140 -12.925977 20.727222 -3.436384 -6.841139 -27.581726 4.996123 -0.242526 -10.267269 -23.739771 -104.219620 -62.010101 34.202326 63.466228 -38.704724 -36.623763 15.776451 -2.235384 -39.921539 -6.772625 -1.461637 -62.302316 -4.283594 -17.119784 -2.296449 29.491174 8.507346 1.342567 3.389552 -1.992450 21.702938 0.292368 11.541067 -44.018161 4.199112 0.075451 5.045404 7.562749 -165.161667 -37.290532 -7.026171 81.731609 -42.776298 -2.138047 -2.811040 -39.853943 -13.716662 -23.993266 -2.780788 -43.456484 -1.202785 -11.071370 0.044485 33.508775 3.358586 8.459851 3.317519 3.742220 19.959749 -11.444444 13.991123 -47.438527 75.282267 2.537088 6.837108 64.815223 -20.159423 0.069075 -1.352566 47.620600 -8.587185 -6.926997 -0.643098 -68.326293 -6.019947 -23.223345 -0.480308 -9.226303 -0.087899 8.041781 0.000000 28.036986 5.435619 -2.861137 1.595551 -3.973574 13.136925 -28.999694 7.440567 -73.255433 45.581012 0.196919 -41.139578 75.086981 14.157433 0.808846 2.234058 8.135853 -1.323079 -9.936894 5.128813 -61.716662 -2.688909 -2.728497 -0.408734 10.664014 1.069075 2.979798 -0.150291 -1.106622 2.487450 -15.238649 -0.289409 -16.512907 3.698245 -17.806295 -1.150597 -56.145750 -9.666565 -7.249056 -23.676411 61.553974 11.581471 -2.522447 6.552189 -17.788440 8.614172 -3.717835 15.553056 -49.783491 4.164779 4.207785 8.338588 1.015560 3.338588 -12.402969 0.602541 -4.147383 5.103000 -15.818488 -0.200388 -11.500765 0.277676 -5.897102 -1.784410 -15.870064 -10.507346 -4.000816 -4.789103 33.074278 41.749056 -0.529946 10.422253 -46.869044 31.360422 5.102694 12.588460 -31.583359 1.369503 -6.614172 7.865983 6.658351 -6.969136 -16.277013 4.772880 2.963575 -2.845628 -9.903836 -0.025048 -2.213754 -1.273339 -1.577849 -1.026987 -4.694317 -6.212580 -0.901745 -3.108407 
447.220029 689.872615 138.567952 1.476329 636.707275 400.254770 125.859810 63.812774 410.348995 -24.299714 -121.836649 46.623712 -320.233037 -129.666514 -183.100857 -10.376390 40.817264 79.685491 -14.128915 8.680339 -60.661514 87.133099 -9.772013 45.636823 -160.902204 -2.435007 -10.097439 10.420059 219.558667 -412.757729 1.500000 -40.844047 474.454750 -429.733650 -53.961228 -5.564687 123.410162 -224.175441 -147.432864 -21.585144 -161.131058 -25.725742 -116.100500 -8.290940 204.460412 40.677227 16.777829 18.128303 -38.304663 93.977961 5.378227 82.466687 -84.061320 172.864402 -19.403428 107.087644 221.515917 -453.548720 -53.684930 -22.013315 276.701765 -200.571982 -84.961279 -16.224722 -175.369554 -67.371391 -177.508418 -15.394654 -62.977604 1.203551 -38.012142 -1.390317 259.309050 14.358586 30.874911 9.902000 -51.442353 7.474441 -69.131313 26.739976 -113.681869 78.943883 -35.944546 114.509285 363.083359 -48.733344 12.173299 -6.402612 3.415366 -30.892970 -110.529844 -1.148148 -215.665595 -19.892766 -121.859708 -0.946791 42.955974 4.621926 44.744720 0.000000 123.316600 -12.292113 -28.506683 0.246607 -92.460259 -51.610550 -98.955158 -18.808744 -157.645699 -54.795021 -34.321447 -42.094582 398.546577 53.020151 3.190389 9.297878 -190.411438 -5.495256 -87.643047 6.718804 -109.401694 -7.650801 -25.729875 2.891542 59.739312 -0.548924 31.282828 -0.143863 0.206510 -16.409244 -92.010917 -0.885828 -88.517957 -12.741608 -64.951383 -15.229109 -172.817927 -79.104581 -23.535558 -78.416539 301.722018 85.552546 -6.653760 36.961279 -228.460157 17.978727 -16.744465 -2.665034 -39.719212 -8.484440 44.308336 -5.896031 -9.943577 -6.249566 -44.734466 -1.442455 -26.033517 -14.569636 -97.418580 -0.309662 -33.266146 -5.158045 -32.045863 -4.969901 -66.638659 -47.061065 -11.683553 -13.295531 230.051780 229.798184 -2.754923 75.756504 -69.517804 200.001377 58.951178 -61.823385 47.139782 -43.382104 37.091980 -62.632640 -20.764514 -2.837823 -128.920722 -4.682124 -3.992807 4.571727 -55.451587 -0.098051 -7.801449 -4.892715 -6.967197 -2.282726 -17.042343 -14.544536 -2.661157 -7.968371 
1471.839506 5139.275533 242.429293 118.189113 400.254770 3434.072671 18.185185 103.932941 1038.566218 1484.614759 -274.122334 189.030022 -140.043210 -33.008418 -278.887205 17.965769 -666.436869 -57.896465 -55.587262 -71.862233 -430.632716 274.602974 10.583614 9.121212 -287.202020 264.285634 -29.715769 144.845398 -243.882435 -815.797138 -477.123737 -89.110269 627.946689 -779.731762 -348.651796 -28.825196 829.375421 -434.934905 62.872334 -65.358305 -424.828002 -58.932660 -144.446409 -26.225589 -28.680415 6.722222 -75.542368 -19.523008 -13.275533 168.361111 -3.205668 -14.230079 -169.911897 780.950337 -6.313973 403.368126 -423.764310 -2302.788440 -536.796857 -103.636364 762.055275 -732.612514 -105.435185 -74.848204 -116.736813 -153.148429 -110.024411 -61.386644 -498.061728 -15.750842 -187.461841 -4.293490 52.730359 -35.351010 -116.524972 -12.797699 195.005331 19.713805 -104.093434 -176.223906 -350.131874 587.094837 6.365039 -59.183221 216.028058 -459.182941 -85.469978 -29.976712 474.005892 -27.257015 -25.315657 -11.331650 -593.690236 -44.742144 -229.118406 -9.861672 -381.633277 -21.820426 -133.406566 0.000000 11.457351 -30.594557 -143.103816 -12.517116 198.732604 -21.721100 -33.569865 -164.143659 -681.165825 -155.227553 -22.386925 -665.775253 608.623457 -6.907127 -1.476431 -10.119809 154.658530 28.885522 -111.328563 25.366442 -604.868126 -13.530022 -189.586700 4.306958 -332.839787 12.456790 -146.987374 0.846801 16.380191 -1.246633 28.965769 -7.648148 100.605499 -8.945567 112.428732 -76.515152 -626.196689 -292.625140 -48.752245 -372.864759 562.146745 107.423962 -3.597924 53.581650 -150.286476 111.372054 -100.994669 144.911897 -469.673962 30.373176 -133.002245 75.168911 -223.793490 51.936588 -116.180135 0.385522 136.628788 40.062290 129.393098 -3.375982 -7.036195 -15.263749 59.634400 -30.623457 -276.363636 -182.489899 -57.150393 -61.902357 298.572110 232.214366 -12.632435 130.420034 -363.056958 462.131313 -57.501684 68.813973 -269.048260 476.746352 -217.760943 78.131874 74.229237 447.660213 -139.079966 24.519360 224.442761 88.579405 122.694164 -0.374018 -9.449776 -21.824916 14.229517 -19.021605 -115.829405 -125.280303 -13.848485 -60.088945 
-116.851546 -120.809764 59.549128 -27.520814 125.859810 18.185185 157.461892 -14.870830 225.881849 74.701714 101.909397 8.747322 67.440159 8.955464 -7.862718 15.256811 -119.121671 -7.200184 -9.212886 -11.029079 -144.827671 -15.726661 -1.591674 -20.330579 -59.781910 -21.594888 -2.695745 4.469850 47.281298 63.403122 105.929293 -18.599633 36.789103 -73.851393 78.308387 -13.044689 42.966024 -60.335476 24.806856 -8.793695 0.208601 -9.339302 -5.274717 -2.457759 -34.803183 0.492654 -7.908785 0.542547 -23.171411 -4.288797 -3.745791 -2.917049 -36.766912 -5.732782 -5.455923 -10.615549 30.282369 -14.711509 25.198500 -7.549587 15.230793 -57.669268 -17.904040 -4.499847 -12.217325 -22.773799 -17.348485 -5.494184 -16.138353 -1.021120 -4.860728 -0.867156 -29.999235 2.515152 -6.422253 -3.779920 30.770125 2.664830 3.873737 0.455005 -29.550811 -25.281145 -7.197582 -9.413988 51.444597 -35.632384 -18.647077 -2.925773 -13.184573 -6.155800 -28.376033 0.570707 -23.725895 -0.715182 -17.163300 0.526324 -16.365167 -3.581573 -3.582185 0.000000 -28.529691 -6.020355 4.449801 0.211968 65.263698 -0.158249 22.708448 6.117233 -5.217631 7.330885 -0.403428 44.250689 46.289562 -22.909397 -19.059688 0.100398 -18.650444 -7.309917 -23.378482 4.656260 -12.314203 -0.808846 -9.813590 4.288644 -33.483318 -5.899602 -9.040404 0.359045 3.092593 -4.677686 13.676921 0.947658 26.917508 -0.914294 24.604836 6.893021 -17.988369 14.271503 0.842210 20.263391 12.367463 3.204163 -6.053872 3.015152 -28.816498 -2.981175 -9.542547 4.974441 8.664524 -17.255127 -3.655035 4.053107 -34.762473 -8.325681 -1.987603 -0.467860 21.329201 -4.129936 36.549128 0.041016 -2.778696 1.970921 7.073309 2.761402 -21.301653 8.219467 3.156260 6.792470 -5.103459 5.470921 -1.170952 1.185491 -11.167432 -18.688705 2.883838 9.398072 7.055862 -3.509795 -14.342057 23.976890 -9.385063 33.195286 24.829201 2.250689 6.260331 -3.604989 31.472299 -0.073156 -9.717784 -1.861341 0.257423 -1.474135 -13.319712 -4.019743 -0.492195 -5.244567 
122.454596 255.888328 9.370983 22.844455 63.812774 103.932941 -14.870830 33.166029 18.547087 -39.209086 -36.222732 20.534767 -100.667942 -39.855066 -30.178298 -6.591317 25.925849 17.299128 -0.159499 2.700821 26.893761 20.594098 1.880063 12.353994 -15.695133 -0.136466 -1.334532 3.406311 3.569049 -92.314126 -26.648990 0.811677 88.353178 -71.485053 -24.105729 11.358152 32.943832 -42.156362 -28.978599 2.160366 -52.001709 -4.878941 -25.783721 -1.706765 47.915238 6.485308 3.831981 5.339863 1.290736 8.672406 0.737093 16.440873 -19.612386 23.004974 -2.771273 18.621875 17.467095 -114.852872 -21.536221 -4.634527 76.431002 -39.344990 -6.834175 -2.857999 -24.333078 -13.832390 -33.539562 -2.713397 -24.767728 -0.985002 -10.264106 0.007550 52.630880 2.093434 13.014361 4.430339 -10.908963 3.417202 -13.689394 11.645699 -31.460769 17.396184 -5.095781 15.448398 53.528364 -11.472962 5.185364 -1.151490 25.833716 -5.013060 -12.633379 0.249158 -41.212733 -4.616952 -26.056117 0.206127 5.888914 0.405316 11.040174 0.000000 37.433323 0.102107 2.154372 1.371467 -23.406668 -0.300224 -24.915595 4.550403 -41.298056 13.146337 -5.264488 -19.036501 68.576319 16.617514 7.232476 1.141593 -19.127206 2.200031 -14.333002 2.456739 -26.723804 -1.647715 -2.951255 1.187277 18.138022 0.314152 13.017677 0.009336 2.484568 -1.425237 -19.948067 -0.055862 -20.589787 1.059178 -19.184828 -1.658402 -43.133022 0.119886 -4.481966 -19.317774 60.805913 19.317136 1.718575 7.253367 -41.565937 10.934956 -1.105015 3.714315 -22.011580 7.595245 10.909907 1.936741 1.085604 2.153913 -4.640190 0.106367 -10.465335 -0.889501 -23.690465 -0.162636 -5.149143 -1.251199 -6.476559 -2.065299 -13.633609 -12.197429 -3.464136 -4.100245 41.355091 48.262269 0.242832 19.003137 -36.992832 38.567034 10.528620 -10.127257 -8.638557 -19.722732 8.625650 -15.348689 -8.677252 -17.221942 -25.143786 -0.272192 -5.299204 0.414881 -13.704673 -0.020330 1.180313 -1.401133 -0.392001 -0.833512 -3.039537 -5.279385 -0.731864 -2.441715 
249.077849 1414.896184 139.392103 0.511529 410.348995 1038.566218 225.881849 18.547087 1545.662892 408.621926 116.327569 74.028977 180.629528 -190.416284 -171.239516 -4.809662 -603.370983 -64.879706 -67.552087 -55.390062 -315.484593 119.643353 -32.316396 7.185491 -181.283287 53.869554 -17.688042 43.201663 -65.560402 -126.684726 -40.378788 -32.951025 361.253035 -432.604326 17.546424 -38.015254 689.782981 -342.718906 53.006224 -44.427507 -193.582696 -59.945669 -142.549230 -24.406642 -71.902000 -17.021579 -74.547852 -6.666616 160.344404 55.843893 -16.806958 18.757627 10.240639 341.342822 -19.473217 211.239312 -251.162228 -797.417253 -121.081012 -46.909550 370.037241 -324.116825 -17.799663 -30.730997 170.788236 -118.049689 -90.250842 -29.986634 -306.103102 -19.728497 -137.469748 -3.968218 -10.181920 -43.777778 -107.065248 -20.404091 311.770381 -11.879553 -30.782828 -77.526324 -80.729926 277.733446 -13.464902 72.442404 -69.523926 -169.871238 -31.402612 -10.663096 278.189930 -33.767779 -52.582185 -3.254209 -56.898837 -23.711713 -130.144220 -3.258392 -290.188348 -24.907305 -134.259412 0.000000 4.372309 -44.088868 -119.776808 -4.666310 406.662483 -72.162738 22.473217 -69.933476 -251.323845 -181.391593 -29.432405 -197.999082 -46.441639 -55.947097 -39.205846 2.282573 178.383022 -9.010866 -98.499031 30.483879 -69.216355 -15.109326 -126.630242 16.804612 -300.767881 -13.574329 -214.979798 0.812060 123.980920 -5.694827 14.280788 0.644016 244.379349 -13.750485 95.315988 -31.181359 -241.966534 -156.498827 -46.313641 -151.417610 -211.197480 11.671768 -25.268238 12.516835 -7.549383 27.368534 -82.747526 112.034384 -31.489950 -30.872717 -203.976635 97.017498 -181.732680 2.537700 -165.363942 6.467095 238.580349 8.949648 177.299510 -0.577186 67.907867 6.776604 54.504030 -6.702530 -115.008264 -49.362259 -26.857872 -38.221151 -309.186205 -166.524742 -12.907509 -46.838537 -121.946026 -163.938476 -113.306397 30.123355 48.723192 272.827569 -309.782675 252.809815 170.351342 569.685746 -9.948271 45.696204 253.480104 79.280329 207.451842 -0.275431 -3.372309 -6.714111 11.862310 -5.949240 -50.560402 -35.517906 -6.521579 -20.845169 
278.607030 1589.140853 96.503214 -19.207887 -24.299714 1484.614759 74.701714 -39.209086 408.621926 1414.885956 9.848893 53.832288 666.182838 432.607285 20.561830 56.179114 -537.787649 -99.463039 -31.813310 -76.962172 -519.129655 8.843409 -4.879808 -96.642792 -111.783287 54.937455 -12.593485 29.992628 -123.561805 24.986149 -85.401515 -56.987221 -154.168401 -162.640241 -64.943195 -60.311269 386.210591 -16.041577 228.467223 -31.786374 228.260458 5.113254 129.967886 -3.564891 -281.888251 -27.930670 -53.384272 -50.699163 -95.561881 22.795914 -5.106341 -103.295123 -8.105040 228.437940 5.770049 70.689368 -373.180747 -795.022753 -200.269003 -36.960055 -116.639246 -297.519462 -38.263468 -36.923197 136.595756 -22.446715 200.672559 -29.064636 -35.273697 1.658708 9.704214 -2.962606 -282.205209 -38.775253 -101.898862 -32.616493 113.805454 -16.704469 2.189394 -148.373125 -20.072799 134.759820 30.311473 -138.091547 -275.971176 -278.147893 -53.563948 -16.711637 -16.063437 -14.722885 76.334481 -5.245791 -21.350015 16.293057 56.772166 -4.820962 -184.206586 -13.374758 -86.135675 0.000000 -235.544638 -24.837746 -47.127538 -11.376467 166.844021 28.452301 142.078436 -89.512040 -96.849939 -55.052928 27.237348 -171.441001 -93.999439 -60.176334 -1.517294 -16.516810 94.774997 2.260178 50.839634 -3.877512 -113.100755 12.299485 -35.487986 -2.416488 -245.842235 11.898174 -131.260101 0.096572 -26.495230 5.976048 151.375625 -4.399755 109.612233 2.104173 176.362004 -28.100551 -100.284996 -71.348434 0.120421 -45.719518 7.903250 -15.620881 0.420595 -3.352694 108.868406 13.496480 -23.924574 11.481073 -83.543261 16.466228 -117.161259 -6.484746 -110.434139 53.944546 -41.587848 -4.938629 96.497016 28.528773 171.366009 -1.069891 2.933961 -4.565708 49.238318 -4.023518 -86.755739 -45.751148 -12.611519 -10.556168 -14.839124 -69.026987 -7.158912 10.771732 24.267498 129.733242 -81.723906 10.289180 -49.895215 421.737782 -180.698500 -30.160443 106.788772 262.318462 -10.302648 -2.166590 121.168656 31.534257 78.454647 -0.118585 -12.114453 -7.348791 3.097439 -6.266019 -53.832007 -43.813361 -4.471074 -20.776426 
-334.167636 -507.464085 -39.775941 -18.549689 -121.836649 -274.122334 101.909397 -36.222732 116.327569 9.848893 367.888481 -37.021681 352.539384 120.296755 234.872513 1.568360 -276.755280 -54.105142 -4.719518 -41.510050 -303.382971 -69.507550 -7.650495 -82.160239 -2.736915 -26.664728 3.439445 -32.116366 -72.708397 181.642639 80.085859 6.004897 -129.846750 97.150342 169.991174 -20.852872 -43.089379 13.415315 186.030252 -7.605040 36.913784 -4.855678 76.211407 -2.849250 -221.871850 -14.710744 -19.325324 -23.543261 -57.766401 -18.359045 -2.966891 -65.861443 17.559586 -95.884910 2.515305 -67.300480 -25.869758 229.921743 70.400316 -4.307622 -89.433986 38.597745 55.811448 -0.043975 0.212325 -3.666922 65.602694 -4.309101 -15.094990 -4.340526 10.411948 -1.072748 -218.953882 -1.030303 -15.896592 -13.739567 18.429395 7.956994 46.858586 -33.818794 55.254617 -65.891134 11.797113 -85.633201 -34.407611 24.860014 5.324049 0.598000 -46.105755 15.409754 29.122590 2.114478 20.617692 5.467044 22.813692 0.990154 -52.412101 -7.312111 -21.856749 0.000000 -159.344251 3.148352 40.258851 -2.434139 97.219110 43.113356 93.979645 14.476686 93.771656 76.070605 23.376288 60.180900 -39.177329 -28.790838 -4.942302 -0.324100 2.626518 -6.992501 12.789154 1.220947 -9.969952 -1.271707 -1.928681 6.360933 -73.670391 -5.948679 -27.176768 0.484236 -55.234568 3.925467 78.927405 -0.771962 65.498878 11.577645 74.850117 12.095500 67.469340 114.020151 13.836649 70.704367 -38.057290 -22.704877 -4.902918 -4.281145 4.750281 -15.334864 -6.598153 9.236098 3.603867 -26.622794 -26.909448 9.777676 -37.045659 -11.096062 17.855525 1.499235 14.793388 2.218702 95.045608 -0.318998 13.063514 3.848536 31.688450 1.387154 -4.032140 24.256198 4.293337 14.485461 -71.607846 -69.149781 -0.527956 -1.203551 -27.042751 -61.112029 -15.543771 46.349709 -24.872462 -13.985257 2.885369 53.761453 3.895572 43.148709 102.714264 8.058004 14.503061 3.311703 69.595858 -0.116264 -8.938578 -2.444138 8.857106 -1.605193 -9.299306 -7.471993 -1.417815 -2.614988 
85.737017 277.882716 27.564738 3.109019 46.623712 189.030022 8.747322 20.534767 74.028977 53.832288 -37.021681 59.054612 -50.920365 -29.852923 -34.832721 25.714978 -32.652663 -1.114096 -1.029971 -3.739083 -35.003801 5.608994 2.556729 6.067493 -47.982553 -2.994235 -3.799689 6.751786 -21.210616 -71.487986 -18.265152 -7.545378 28.214621 -87.316753 -23.567978 1.937379 99.044689 -39.981226 -6.872028 1.468345 2.618024 -4.408020 -9.887690 -0.310223 20.169090 1.496786 -3.530941 4.110856 -3.807877 5.848714 -0.437430 15.014896 -40.970870 24.278313 -3.676844 27.960004 -42.128252 -134.055147 -27.342414 -5.992654 26.038542 -55.453755 -6.216330 -3.670773 31.442659 -11.668223 -0.647306 -3.693093 -13.257219 -0.817110 -6.282573 -0.365983 23.270712 -3.679293 -3.746990 0.275508 21.549612 -5.763851 -10.053030 3.510407 -31.148352 7.120651 -5.733573 17.805658 -21.254107 -19.891287 -4.908657 -1.126441 21.825605 1.606571 7.969008 1.210438 -2.712886 1.848969 -1.945567 1.344990 -16.570886 -1.918019 -3.114555 0.000000 18.744516 -4.825860 -3.499796 -0.423503 22.695159 -7.671156 -8.919115 -2.054841 -25.595424 -21.928400 -7.613228 -7.098026 -7.362514 -0.559968 5.408020 -1.481048 17.380344 3.928069 -0.527574 3.095756 -5.958627 0.448143 -5.048286 2.365830 -16.546959 0.013060 -1.623737 -0.075451 11.178732 -0.043541 4.272829 0.022345 10.780022 -1.828385 -0.509234 -1.047750 -9.745613 -16.955362 -4.025227 -6.704877 5.393965 9.047725 4.671998 -0.324074 -0.346521 5.349250 -3.810351 2.656362 -6.509846 4.994898 -6.500663 2.569075 -9.796194 5.523620 -3.094429 0.033211 7.201791 3.676002 1.939317 -0.028211 3.483395 -0.438578 1.138940 -0.547954 -2.675849 -2.511938 -1.554076 3.934037 1.105270 5.002500 0.466840 8.382078 -14.545123 20.808540 -3.574074 -6.669804 -16.888685 24.978319 -17.010866 -0.538976 1.801372 17.427329 -11.862182 2.041705 9.291399 2.772600 6.579176 -0.034461 1.298413 -1.444597 1.380369 -0.392690 -3.420212 -1.902893 -0.654729 -0.978701 
-458.802928 -785.480920 -40.126722 -54.826242 -320.233037 -140.043210 67.440159 -100.667942 180.629528 666.182838 352.539384 -50.920365 1509.047954 510.577747 389.754515 45.721406 -430.739210 -75.583563 -10.010917 -55.961994 -1152.788236 -235.922916 -72.522702 -184.019284 -256.567034 -178.646669 -13.158963 -111.207581 -26.836649 513.947505 95.808081 -8.608968 -552.187583 242.858178 136.808744 -64.137231 62.220998 173.924651 355.224620 -5.058055 576.198602 17.631007 317.462861 6.308693 -438.583665 -34.105142 -57.548158 -34.779869 -342.029640 -5.746097 -44.338945 -97.118253 -35.815682 -164.873890 18.028160 -107.185542 -245.222375 346.976074 17.897255 -8.582185 -611.865269 74.042343 31.139731 -11.751352 289.747985 52.294817 367.037037 -6.229823 216.888787 -2.485155 128.491991 -1.298031 -455.889756 -39.363636 -126.895521 -26.250434 7.363891 2.662687 36.732323 -49.536884 167.078461 -81.101571 54.687226 -95.481992 -471.478625 -30.279257 -54.366646 -2.888838 -334.958831 20.317315 140.005969 -4.370370 317.044230 41.372156 246.347363 -1.607948 -98.459545 -13.275227 -61.141873 0.000000 -393.663657 -21.220029 -31.908428 -3.913631 239.939190 56.636925 235.310223 -4.808285 340.974594 57.363381 66.900316 189.926997 -482.928171 -99.487195 -30.600704 -12.171360 35.765789 -15.165595 158.950158 -27.278441 172.835221 14.800531 80.814662 -9.711305 -265.178502 7.916182 -153.303030 0.453015 -127.879349 17.447505 198.644271 0.191307 203.704265 26.759769 240.519233 3.824610 355.345067 120.310479 17.940108 159.324049 -298.256862 -83.274819 -5.224467 -32.144781 261.590348 -53.619988 18.865728 -57.788542 130.784920 -22.248903 -120.745842 -36.707326 -117.879298 42.767422 -46.502602 -3.711509 57.938017 32.604836 249.553413 -0.754566 54.156260 14.133966 91.511529 3.354250 135.611570 80.221304 -0.226252 20.905571 -211.456484 -261.384553 -7.226456 -54.428069 242.706254 -100.416437 -85.574074 38.134374 -25.246812 322.559586 -134.395164 -7.237782 52.968728 264.379349 109.626569 -3.069636 100.169268 44.077237 139.570452 -0.166922 -8.043414 0.031068 16.034180 -7.449852 -20.654831 -7.210285 -3.221304 -20.605652 
-179.538261 -333.791246 -18.691460 -30.073309 -129.666514 -33.008418 8.955464 -39.855066 -190.416284 432.607285 120.296755 -29.852923 510.577747 414.410468 174.208448 21.503061 -151.740588 -32.497245 9.245485 -35.964493 -374.638812 -98.901439 -6.118151 -94.576676 10.354913 -45.888124 2.631466 -35.263238 -17.549434 195.377410 56.323232 -15.894399 -247.681665 125.860116 50.630089 -28.402051 -73.934803 123.074227 134.363483 -0.956535 271.387818 23.837006 162.619069 7.012856 -218.610499 -12.849403 -7.571931 -29.786348 -171.218396 -8.895317 -1.799663 -88.554025 47.092899 -73.866850 7.187328 -75.179216 -80.185032 179.315733 7.847414 2.981175 -284.362565 40.717478 -1.414141 -3.581420 55.470309 38.074992 155.848485 -1.977808 144.023110 7.943067 80.074227 -0.551576 -249.609122 -10.823232 -32.290787 -13.653046 -69.979492 -9.709826 14.858586 -56.436180 97.501224 -74.284512 26.406489 -97.657178 -185.354148 -40.985614 -6.967248 -0.993878 -179.579890 4.279767 51.423324 -2.560606 127.332874 20.350627 104.698653 -1.696204 13.915213 -1.496939 -3.151056 0.000000 -224.997398 -9.403428 3.650291 -4.322620 -11.913376 48.304714 106.640955 -17.665901 153.011938 80.499694 41.644016 36.194215 -167.643098 -33.988675 7.849862 -5.487450 -35.756811 -12.103765 66.013927 -16.119988 93.746710 10.942455 40.436180 -8.230334 -63.213193 1.820631 -32.207071 -0.143251 -94.577441 -1.723600 80.519590 -1.255280 53.062290 11.566269 105.020049 1.326905 114.337313 66.065504 28.272574 59.486838 -84.358739 -35.114631 4.518519 -14.954545 74.331650 -21.913682 15.619682 -39.564432 72.619682 3.172023 -23.703092 -30.762932 -37.561218 16.752219 -8.736455 -3.684114 -2.599633 5.065197 71.187328 -0.305479 32.640037 0.969850 43.822926 0.934190 15.580349 7.874656 5.223447 11.330119 -42.687175 -77.085706 -0.720233 -9.024793 79.366697 -17.416896 -18.666667 -17.814509 28.953321 81.902816 -33.172176 -57.660086 9.075605 51.481481 14.991276 -5.977502 39.817264 25.717937 41.499694 -0.081114 7.563055 -1.736455 11.571319 -0.244873 -6.847414 -4.724059 -1.768595 1.897459 
-249.285736 -481.518519 -49.474288 -14.048056 -183.100857 -278.887205 -7.862718 -30.178298 -171.239516 20.561830 234.872513 -34.832721 389.754515 174.208448 296.814509 1.326293 -142.417355 -33.421488 20.937404 -31.833180 -397.785277 -99.391338 -20.956535 -87.425161 -47.165289 -41.004285 0.525406 -50.349097 -80.211050 190.357208 26.787879 5.332874 -209.747322 177.395470 97.731099 -20.740435 -94.076217 111.614631 177.575605 0.816192 124.488828 12.680441 138.114019 3.219927 -214.681206 -6.844353 -10.460820 -22.821702 -152.667891 9.720845 -10.966330 -60.564126 -5.553566 -102.068871 9.561065 -80.684267 -53.649679 286.346036 27.327212 -0.438017 -197.463575 97.823538 43.025253 -0.136976 30.849097 33.271962 132.762626 0.663606 58.624120 -0.526630 48.801500 0.084787 -209.801041 -2.116162 -27.447352 -8.779308 -51.666361 18.330579 34.570707 -20.602847 67.364861 -63.612795 19.805479 -66.985461 -126.854148 37.140649 -9.840986 1.738445 -106.817264 19.865626 63.165748 0.500000 74.100551 10.891032 80.648148 0.955311 -20.483777 -3.552495 -13.544995 0.000000 -166.118610 4.788491 16.741200 -3.130701 54.217937 48.360269 79.888430 10.000765 134.653352 94.131007 29.017753 70.143710 -124.678451 -21.352311 -0.579431 -3.174319 -14.170952 -1.856290 61.170493 -8.180594 24.963881 0.316192 25.249311 -1.220233 -61.849556 -1.199571 -29.207071 0.200184 -83.188552 6.064279 64.620600 -1.866391 63.471380 14.844047 73.550352 5.432966 132.685797 102.651362 17.792776 72.153505 -45.969850 -31.372207 1.973064 -10.914141 46.175084 -25.640955 8.538874 -21.781604 12.316651 -18.787573 -24.051576 -8.636670 -23.268289 -2.954852 6.829201 0.740129 -14.867309 9.454086 84.970156 -0.522651 25.119835 2.924395 40.833027 -1.479951 45.994490 27.192837 4.541628 15.461433 -37.707377 -74.636211 0.668656 0.005510 15.563667 -24.204775 -12.621212 34.720845 -49.698194 7.988675 21.923783 12.334864 -6.636517 21.395623 90.683196 12.259871 -0.920110 15.975513 58.363330 -0.071013 0.982247 -0.882920 14.510713 -2.850934 -4.372666 -6.648301 -1.202938 -5.642945 
-38.628048 -37.343996 14.232782 -11.545812 -10.376390 17.965769 15.256811 -6.591317 -4.809662 56.179114 1.568360 25.714978 45.721406 21.503061 1.326293 43.347618 -28.755739 -1.441690 0.433476 -0.930262 -77.294256 -17.139374 -0.494133 -10.354454 -34.347107 -13.233803 -1.596929 -4.854709 -4.848536 -0.119223 12.474747 -7.194062 -49.931946 -23.124171 -0.993929 -4.810581 -6.776553 2.912050 11.202989 -0.832517 65.289613 5.262932 24.513570 1.928681 -18.955056 -2.384757 0.544791 -0.198245 -45.271707 -6.142792 -2.164422 -5.683094 -24.884655 -31.913988 -4.048362 -10.255535 -12.090756 14.259616 2.646516 1.486226 -53.723957 -2.730895 -6.498316 1.411285 14.627436 9.656362 21.503367 0.100194 35.769462 3.065963 15.178043 -0.122845 -24.285328 -2.525253 -1.894041 -0.306805 -18.885777 -4.359657 0.090909 -1.407560 3.404704 -27.472503 -3.463320 -3.287369 -35.220029 15.775890 -3.439751 0.920824 -28.985614 11.305581 13.009183 0.309764 21.400214 6.797878 21.524691 0.788083 9.107693 -0.756760 2.646924 0.000000 -16.201663 -3.864147 1.096980 0.152689 5.882359 4.432099 12.735231 5.175288 30.495103 1.981737 -0.482808 28.163912 -33.524691 -1.307418 1.363330 -1.670391 -0.126059 5.473676 10.354556 -2.607081 14.954341 3.627079 6.927762 -1.180951 -6.959545 0.888532 1.676768 -0.109581 -9.341190 0.986838 17.480308 0.389501 9.849607 2.615651 10.600296 4.887511 39.127997 8.733293 2.916794 23.834201 -8.785226 -4.349760 1.776655 -4.936027 16.259820 -1.066881 2.077033 -10.819202 5.582083 3.838129 3.501735 -7.816243 -6.066830 4.239312 10.522804 -0.167279 -5.872360 2.824457 6.744567 0.116519 1.697276 0.736404 1.141669 1.639016 12.226814 9.814050 3.426589 9.963116 11.544026 -7.341037 0.207938 -1.784053 11.877921 12.386134 -0.178451 -9.417202 -17.357566 18.280482 -1.145240 -16.326191 -4.839098 -5.583053 -2.591215 -1.198041 -1.229875 -3.614274 -1.154627 -0.018263 -0.106418 -0.248240 -0.562800 0.291603 -0.530354 3.457759 0.231405 1.159525 
23.573003 -900.752525 -34.492654 -9.918733 40.817264 -666.436869 -119.121671 25.925849 -603.370983 -537.787649 -276.755280 -32.652663 -430.739210 -151.740588 -142.417355 -28.755739 1798.956152 236.965794 57.196281 247.688476 951.552571 37.244490 -18.124426 318.298439 -275.467860 -132.959137 -28.942837 -32.104913 284.884986 144.702709 100.068182 63.601240 96.761708 171.940312 -48.065886 72.132002 -247.466942 34.393021 -201.264233 50.347796 -92.617309 9.619376 -79.833104 7.978421 793.448347 -14.802571 59.767447 131.546373 126.931589 -79.216483 -37.083333 327.950413 -272.426079 -148.397383 -39.409320 18.691460 250.170799 353.731864 90.703398 33.895776 69.304178 103.606749 -62.497475 23.369835 -60.326905 1.916208 -116.542929 14.185032 77.921947 9.705234 12.579890 1.829660 710.147153 34.295455 64.828053 50.678375 -114.090220 -2.917815 -147.800505 315.308999 -222.179063 16.388889 -68.734389 314.152663 73.655188 0.837925 -31.471763 -5.488751 41.613177 -57.875574 -56.486915 7.904040 2.174472 -2.379017 -27.823232 7.523186 190.440542 12.547291 88.252296 0.000000 503.140955 -11.602158 -21.896694 7.609963 -281.098026 -65.474747 -247.060376 63.722681 -128.028696 118.852847 -37.043388 250.857438 -10.045455 -22.939164 -30.028466 -1.451561 8.513085 -26.438017 -3.762856 20.967401 74.211662 -6.556244 44.481405 17.280992 236.221074 3.409550 142.563131 -0.458678 99.396465 -32.625574 -134.410468 1.486226 -231.181818 -37.387511 -197.605142 -8.860422 -173.940542 -72.448577 23.670110 -11.739210 -26.471304 -16.385445 3.775253 3.861111 24.704545 -34.548209 48.163223 -8.699265 73.095041 -0.390725 155.380165 1.875574 135.266299 -26.316345 83.060147 1.776400 -113.046143 -31.128558 -190.596189 0.322773 -82.347796 -10.889807 -71.586547 -2.645546 -122.562902 -67.864096 25.043159 -33.601928 46.039715 50.135445 10.220386 25.232094 42.105372 -30.397612 86.388889 -18.034665 21.946740 -359.204775 221.421947 -15.342516 -107.632920 -465.785354 39.903352 34.342287 -195.105601 -79.638430 -114.382002 0.302342 -13.037420 6.039945 -13.948118 -4.341368 -26.309458 -17.703627 7.045914 -24.175161 
102.834252 -23.424242 -0.670799 12.346648 79.685491 -57.896465 -7.200184 17.299128 -64.879706 -99.463039 -54.105142 -1.114096 -75.583563 -32.497245 -33.421488 -1.441690 236.965794 136.457530 4.242654 35.425390 -3.828972 69.327594 -18.951791 56.493113 -116.153811 -43.451331 -7.685721 -19.961662 76.917126 -64.293159 7.093434 -1.806474 68.932966 -40.291552 -20.905647 10.893710 -65.500918 -32.481175 -64.612259 -0.307851 0.330349 -3.411846 -22.978191 0.535813 177.103076 21.664830 16.644858 24.627640 -55.206152 34.706841 -16.866162 64.188246 -76.437098 -4.074610 -12.764233 5.213958 143.958219 -11.937557 17.130854 -3.062902 13.649449 -22.363866 -20.527778 0.553489 -82.343893 -11.000689 -55.472222 -1.492654 43.206152 1.588154 0.776400 0.696511 188.110882 9.017677 17.846878 11.748623 -64.283058 11.120753 -53.138889 49.269054 -46.556474 29.222222 -19.201331 65.780762 162.773186 17.835170 11.061295 -1.476814 -41.692608 -13.219927 -27.847796 -0.540404 -65.192837 -1.107668 -29.717172 -0.292241 84.346419 4.022957 30.311524 0.000000 126.390725 -3.043388 -18.882920 5.401056 -75.181129 -14.101010 -81.902433 11.003214 -18.074610 39.919421 -8.500689 10.749541 151.095960 26.466253 1.522957 5.733012 -81.620523 -0.778237 -16.047062 0.100092 -24.922406 -1.317952 8.991047 -0.613866 89.840450 4.452709 38.558081 -0.140037 5.744949 -4.293159 -73.807622 1.858127 -26.575758 -0.955005 -59.175390 0.259871 -42.533287 -6.574380 8.226125 -20.598714 125.781680 35.246327 2.340909 19.280303 -86.734848 7.980716 10.026400 -6.748393 -15.213499 10.653811 51.363177 -11.052801 21.682277 2.573462 3.900826 -0.883379 -42.721993 -0.728191 -76.102617 0.264463 11.055326 1.129936 -8.085629 0.400367 -20.687787 -13.382002 8.403122 -6.698347 113.646694 76.650138 2.542700 37.574151 -35.954316 102.605601 30.020202 -23.207300 -31.211203 -74.332415 54.221304 -55.261249 -53.970845 -95.704545 -55.227043 8.269743 -51.415978 -2.373049 -21.674013 0.091139 9.157254 3.511938 8.050046 -0.748163 -2.898531 0.195822 2.392103 -5.473600 
-25.602796 -89.722783 0.550964 -7.869044 -14.128915 -55.587262 -9.212886 -0.159499 -67.552087 -31.813310 -4.719518 -1.029971 -10.010917 9.245485 20.937404 0.433476 57.196281 4.242654 30.971355 1.637920 14.617360 -4.753010 15.647281 9.191001 -5.311754 2.771248 -1.675212 1.789231 1.704494 1.731788 11.446970 -4.873355 -12.745077 18.789970 8.675263 -2.080783 -32.902816 17.730232 3.993394 1.508392 20.696179 5.621518 15.854479 1.494337 29.355550 0.211203 19.405902 2.872462 -3.458576 -6.579660 3.661336 1.963371 -6.268493 -17.891261 -2.328665 -10.508060 24.510254 53.901031 9.540455 1.243802 -22.307290 14.695873 4.216330 0.024921 -16.428120 6.148786 9.515993 0.549689 36.153301 4.863942 17.021477 0.144832 24.116187 6.275253 9.219595 3.524003 -8.302444 -12.884910 -14.345960 8.920722 -2.171054 -39.568462 -3.440593 -17.971712 9.476941 6.679931 1.694087 0.398097 -21.164907 1.250026 11.178375 -0.215488 -8.625038 1.179191 12.484287 -0.138685 43.994057 5.854352 21.720156 0.000000 -8.762269 3.835348 -0.776757 1.276426 -20.377742 -4.386083 -14.630931 9.442965 20.815810 12.140827 5.050020 8.040174 7.328844 5.260764 6.408785 -0.632512 -11.461917 1.135292 12.695465 -0.369707 -1.899194 0.058897 17.622207 -0.514284 33.901566 1.499643 29.537879 0.087389 -41.121493 -1.687404 -16.090399 0.313743 -12.387767 -1.136874 -7.142128 5.407713 17.302240 19.662585 14.631441 10.106928 26.565784 -0.428043 6.062009 -1.211279 -18.156846 0.276553 9.715922 -5.824253 -7.119937 2.307826 31.890623 -3.270789 8.387716 -3.230385 0.083410 0.120600 -37.485996 -3.044230 -25.823615 0.197327 1.139195 -0.566626 2.528033 2.593562 5.767218 7.420110 8.290225 3.139884 52.834430 17.270074 3.526120 7.455846 -24.255918 13.739669 22.473064 -7.071243 -23.342414 -54.608407 23.268901 -18.285787 -21.634553 -45.828002 -22.497781 2.365090 -27.184420 -1.535991 -10.003112 0.060019 3.870855 1.973982 3.477604 0.289078 1.409040 5.091598 1.635445 -0.454112 
