2555.587006 765.237407 157.451049 82.173920 246.001358 18.448210 -0.588457 6.794691 -125.886636 -54.683611 -7.945525 -11.746883 15.707562 -112.932469 -8.451420 12.146142 109.536481 -203.017716 -2.956389 -15.173549 16.896975 -133.829846 -8.815648 -38.657593 -82.250710 -87.505525 -38.779846 -21.006204 2431.520401 -298.371019 58.480185 -13.985370 236.618519 -21.815247 -0.688519 -0.484506 -17.138426 56.545988 -16.293827 -0.088426 -9.827068 130.118951 -11.160679 3.963981 77.760062 41.213302 4.337037 53.564167 -12.119259 -228.315802 -54.565154 4.948117 4.678735 -273.707654 -105.385988 -36.982932 746.595247 -219.316728 -36.017006 -45.514228 181.557469 193.093920 7.406358 -18.200463 -4.376420 487.125247 -37.839969 2.298673 -96.595710 248.520679 -55.651327 -1.987284 -156.024877 52.936667 -3.002500 34.647315 67.793796 103.372809 -11.838333 33.873086 163.061852 453.128981 -68.897191 -13.578395 -4.412593 93.370216 -66.984846 58.025802 79.469383 66.184846 -24.229136 12.919414 -26.527191 71.047469 -53.929228 -5.169321 -170.698210 72.375340 -39.446451 4.310123 -160.176975 45.674414 14.783858 37.145864 230.921821 37.974877 33.539352 -4.176111 7.573611 179.272346 1.993796 -1.343827 -221.943920 32.395062 -65.585679 94.433920 123.404599 -5.080957 -20.118951 52.587963 -20.913210 -12.121265 -5.226914 -1.960401 -172.308704 6.773056 -4.637932 0.897716 -94.676605 20.897716 15.527593 1.036111 248.842037 -11.170463 21.695648 10.734815 -85.954722 -0.466111 -8.854012 2.438981 -158.649815 -217.782623 -30.986235 44.764969 166.689691 -19.420772 -7.619352 85.647037 -11.483210 -4.366914 -8.658241 -1.851327 -83.392840 28.560123 1.646512 -1.535154 -103.440247 49.975185 119.469907 5.108549 56.292377 22.504660 48.579383 4.875494 -56.155370 -56.853272 -14.072068 1.405772 114.860525 -119.624475 9.249444 41.296543 109.615556 24.367531 16.127562 43.444599 -54.451574 -3.958333 48.012377 -4.805370 16.683765 -79.416698 34.839136 5.528302 58.503765 -25.656821 -21.385525 -4.317222 -40.207870 -44.336605 17.848302 -5.745617 -48.021142 -39.445401 -8.012160 -1.345988 
765.237407 696.817778 37.378148 74.281481 121.854074 71.386296 1.020741 31.728519 -54.241852 -24.996667 -3.157407 -3.233704 -90.325926 -30.958519 -7.712593 -7.007407 88.917778 20.416296 -8.462222 22.536296 103.093704 1.767407 -8.478889 4.946667 -52.572963 -58.565185 -18.921481 -11.447778 849.723704 92.191111 -1.484444 44.646667 280.311111 4.640370 -4.932222 43.221481 19.555556 -62.109259 -26.425926 4.294444 -86.321481 -38.818148 -16.818148 -5.417778 29.394074 -76.967037 2.511111 9.307778 58.325556 -159.169630 -30.988519 21.576296 22.168148 -86.117407 -45.560741 -12.919630 103.105185 -157.736296 -48.816296 -19.894074 330.958519 8.613704 -15.594815 0.750000 65.265185 33.050741 -37.001852 4.425185 -71.860741 91.464815 24.358519 -21.372963 -97.438519 13.987778 12.591111 -7.356667 8.207778 -132.777407 -19.656667 9.080370 158.391111 96.330000 -19.248519 -6.551852 -299.026667 16.375926 -51.844815 19.271852 284.774815 11.611481 6.618148 8.642963 55.661481 28.384074 -5.341852 -1.560741 -130.491852 94.405185 7.281481 -8.447407 -137.289259 29.910741 6.419630 8.373704 78.375185 -24.589259 -0.411111 3.646667 202.655556 47.111481 0.357778 0.279630 -391.347037 -1.181481 -41.451481 22.361481 280.437407 23.580741 9.845926 42.750000 26.943704 -2.848519 4.985926 2.684074 -153.934444 1.895556 -7.198519 -1.737407 -125.032593 -5.392963 -9.225556 -2.700000 100.856667 -23.676667 2.668889 6.571111 173.684444 22.332222 0.635185 1.993333 -375.374444 -80.360370 -28.822593 -28.075926 209.155185 84.564074 12.415556 71.946667 26.744815 9.354815 -0.434444 6.736296 -145.528519 11.947037 -18.950741 -0.915185 -128.715185 15.492222 0.327778 -0.250741 102.961852 19.673704 27.927037 2.007037 122.075556 22.226296 3.318519 1.649259 -107.400370 -53.552593 -7.615556 -28.404815 49.352222 55.474815 4.778519 27.657407 -23.731111 -0.427778 -8.228148 3.258889 -142.507037 -31.645926 -111.782593 4.880741 26.408519 80.567037 -37.282963 3.251111 147.783333 102.670741 54.385185 -2.422963 42.551852 28.131852 3.938519 -0.774074 
157.451049 37.378148 28.182840 4.894136 25.840864 3.009012 0.094568 1.373086 -9.296975 -4.173889 -0.828086 -0.863395 20.718827 3.683580 -2.220247 -2.111420 9.565185 -8.777284 -1.766111 -4.267840 1.315802 -19.370432 -1.190185 -3.247407 -16.085123 -29.076975 -4.853765 -0.894630 166.991543 -25.563148 19.518148 -4.386296 25.603704 -2.785309 1.048519 0.375062 -2.010185 3.329012 -3.039506 0.267593 10.118457 4.876049 -3.060988 -0.258704 6.278272 0.706975 -0.675926 4.218333 -7.022963 -1.333086 -3.788457 2.656605 -1.864012 3.512099 -6.924568 -1.489568 56.820864 -26.201605 1.568951 -7.303272 7.088642 3.786358 1.343086 -0.284259 0.918642 22.634198 -4.466975 0.965494 3.189321 7.309877 -2.384506 2.675062 -11.735679 -1.752222 1.257222 2.157963 -9.472407 18.726358 1.142222 3.005802 3.085926 44.770185 -0.715864 -0.899383 4.955926 2.114506 -5.805988 3.254198 0.031728 -4.132901 -2.696420 0.943642 -1.179198 -3.649136 -5.109938 0.736543 8.068765 -2.407840 -3.213272 2.413210 3.820864 -3.081914 1.191420 2.498025 -4.665988 0.813457 2.089815 -2.045556 -10.608333 2.736543 0.127593 -0.317284 -11.603025 4.743827 -5.077654 8.476358 -1.913765 -0.927099 -1.909383 1.803704 -1.921235 -1.130679 -0.455309 -0.081543 8.418148 -0.317222 -0.291790 0.751728 13.802716 -1.064938 -1.032593 0.044444 -0.901481 -2.704259 0.047963 -0.811481 -18.783889 -1.941111 -0.854321 -0.253148 -10.117407 -11.720432 -3.197654 5.361420 -3.990247 -1.328951 -2.080926 -0.843704 -1.319012 -0.600864 -0.153148 -0.145617 7.825062 1.257654 4.275988 -0.091790 2.309136 2.132593 7.945370 0.794506 -6.798210 0.937840 0.536173 0.651728 -14.839630 -5.029506 -1.407099 -0.049938 6.834753 -3.603025 -0.670000 1.782346 1.743333 -1.427531 0.161049 -1.684877 0.781296 10.272222 14.205123 -0.345185 -0.122099 9.832531 26.934198 -0.669691 -11.890988 -8.616235 0.270802 -1.081111 -9.587963 -10.073951 -2.227469 -0.619383 -9.027469 -4.913765 -0.982840 -0.106790 
82.173920 74.281481 4.894136 29.952932 10.401235 8.968827 0.096605 5.901235 -10.372068 -4.712500 -1.299846 -1.328858 -7.539969 -10.567901 -3.207099 -4.658179 16.565741 6.205864 -1.237500 -1.378858 18.307099 9.678549 -1.344907 1.039815 -3.147994 -0.483179 -1.910340 -1.569907 123.118673 -3.660648 7.289815 20.150926 42.337037 1.140432 -0.320370 7.616358 4.252315 0.646605 -0.902469 0.696759 -9.268673 4.050309 4.107716 -0.402315 -2.494136 -12.744599 1.868519 -3.134722 4.298148 -21.879012 -4.481327 0.957253 6.338117 -5.310494 -5.896605 1.390895 21.576235 -35.428086 -1.273920 -9.848920 47.048457 -9.058179 -1.390432 0.286574 12.001235 -6.834877 -2.555401 2.437809 -6.134105 3.881173 1.560031 -0.175309 -5.602160 -0.116667 3.354167 3.269907 -0.769907 -10.874846 -2.058333 0.020988 20.142593 0.767130 -4.191512 1.535802 -27.712963 -4.887809 -3.596451 -5.143210 30.441358 -7.064660 -0.501235 1.613735 4.280710 -12.407099 -3.690586 0.436728 -8.846605 -5.156636 -1.460031 -0.288272 -0.479321 -1.250154 0.824846 2.918210 -1.996451 -2.775617 -0.181019 2.563889 17.223611 -0.954938 -1.242130 0.164198 -24.797377 -8.019136 -4.217284 0.852932 26.984105 -1.860340 0.210802 3.595370 2.911728 -1.111883 0.332099 0.481327 -12.115741 -0.884722 0.049228 -0.250309 -5.666358 -4.566975 0.104630 -0.447222 2.287963 -7.252315 0.406019 0.257407 15.054167 0.119444 -0.003395 0.094907 -22.687963 -8.135340 -2.358951 13.313735 25.276235 14.979475 0.603241 9.735185 5.122840 0.937654 0.386574 1.043364 -10.530864 -1.366049 -1.706327 -0.225772 -7.084568 -5.151852 1.638426 -0.923920 2.811883 -2.965586 3.319136 0.016358 10.523148 2.994753 0.428549 0.412191 -9.775154 -10.566821 -0.530556 14.727160 5.244444 11.687654 2.548920 6.617438 -3.057870 -5.452778 -6.632562 0.106481 -4.197840 -16.839043 -31.859877 5.102623 22.757716 5.327006 -14.966512 4.202778 25.227315 8.555864 5.024846 -0.261420 4.738735 2.906327 -0.427469 -0.118827 
246.001358 121.854074 25.840864 10.401235 134.769877 40.036173 4.521728 8.702099 61.232346 30.067778 2.990123 -2.507531 -47.314198 0.349012 3.347654 -4.320988 -72.410741 -0.629753 2.481111 11.010247 8.542346 6.637284 8.527407 -0.227037 94.240494 14.902346 28.470617 -3.093704 140.117160 -35.319630 8.966296 -8.749259 134.746296 7.496790 8.072593 5.783086 25.129630 -14.893827 -8.841975 3.996296 -29.401605 6.651358 -3.967160 -1.170741 -38.146420 4.894321 12.470370 3.215556 10.136296 -34.639877 1.248272 11.773580 46.661605 -86.581728 -13.646173 -3.836173 -57.622346 -31.515802 -0.559136 -14.675802 93.412099 0.643457 4.094321 -0.696296 8.753210 4.524321 -8.998765 0.638025 -18.979506 22.499383 5.165802 -7.544691 -65.568395 9.286667 9.971111 -5.831852 19.822963 -54.905432 -9.041111 7.415679 104.095185 -12.425185 -5.447654 -2.241358 -130.890370 40.875309 4.823951 5.038765 70.673086 23.926049 16.285679 4.475432 10.233457 17.296543 2.906420 -0.896173 -49.669506 15.131358 0.214198 -4.008395 -85.294568 -6.577901 -1.999012 -1.053210 40.380617 -9.909383 0.296296 -0.134444 104.755556 -0.618395 5.095185 2.680247 -156.576790 58.358025 9.493951 1.000123 58.749506 12.136173 6.743086 9.957407 -0.326173 0.094938 -0.423210 0.020617 -57.044815 -0.775556 -3.771728 -0.573580 -75.116420 -2.262469 -3.447407 -3.527778 33.644815 2.589259 6.058148 -0.204074 79.318889 9.981111 8.750617 0.934815 -151.847037 -5.812716 -4.553827 -15.790123 30.927654 4.315802 -0.604074 8.013704 1.248272 0.486790 -0.820741 0.349136 -56.805802 2.624938 -5.292840 -0.349506 -68.275432 8.452963 7.690741 2.005309 15.737284 12.759753 16.710864 1.537531 66.719630 5.456914 9.272840 0.388642 -29.000123 -16.943457 -3.458889 -6.607160 18.021111 9.187901 3.622469 5.033951 -6.175185 1.166667 8.179506 -0.591481 -55.500494 -6.919012 -22.925679 0.389877 -37.224938 26.314938 -5.877654 4.013333 -4.781481 49.073580 25.643210 0.044198 68.593210 48.671728 13.398025 -0.183951 
18.448210 71.386296 3.009012 8.968827 40.036173 28.914691 2.554691 9.505062 29.062160 17.261667 2.679938 -0.667346 -54.492901 -0.518395 0.830617 -13.714506 -30.289630 22.324321 1.535000 -4.914012 37.183827 38.854136 4.831296 2.154074 62.379198 39.966605 13.287469 0.662407 -7.568580 12.164259 3.761852 1.987407 71.074074 15.963827 7.232593 10.980123 19.432407 -5.103086 -2.040123 2.982407 -34.279198 -4.137901 -0.367531 -1.627963 -20.336790 4.284506 10.764815 -6.483889 16.010741 -24.490617 1.835864 4.970432 32.086975 -44.206914 -4.583580 1.210309 -67.612716 -14.966543 2.467346 -8.282654 62.635062 -11.465617 1.542840 -0.204630 16.619506 -42.606049 -6.342284 0.235988 -9.608580 -6.602469 10.469321 -4.186543 -27.311358 8.015556 10.282778 -4.789074 7.740185 -55.178951 -7.040000 2.720494 63.848519 -62.107963 -4.161173 -0.965432 -87.352593 10.231790 4.653025 -5.473827 51.322346 2.235864 10.002716 -0.649938 14.671049 -8.194938 2.564012 -0.583580 -23.670247 1.088210 3.654012 -3.431358 -45.923827 -3.637716 -0.973272 -4.875062 9.317469 -12.044198 -2.567593 -0.592222 81.897222 -12.600247 1.612407 0.876543 -77.362160 21.859877 4.932469 -8.006728 42.274136 7.639691 6.143457 1.568519 6.065309 0.270309 0.920494 0.587469 -29.893704 -0.135000 -2.124136 -0.539877 -48.930123 -1.539877 -2.977407 -2.877778 10.288148 -1.209074 2.058704 -1.697407 69.609444 8.137778 4.413580 -0.122407 -83.239259 14.009691 -1.494198 -12.113272 14.559506 15.130432 3.110926 2.494815 5.110864 1.694938 0.110926 1.347099 -32.458765 0.368642 -4.581914 -0.163025 -43.180617 4.916296 -3.745370 -0.483765 11.115247 7.585123 6.269012 -0.295432 53.077407 11.012099 5.771914 0.055123 -38.715494 -10.617716 -2.732222 -9.820864 -4.058889 3.231605 -0.532901 -0.539198 -4.485741 -1.161111 -1.324753 0.788519 -38.884198 -10.994383 -23.539383 0.604506 -12.946420 14.330309 -10.806728 1.778889 13.799074 37.862099 15.253395 -0.108765 40.147840 32.607469 9.979877 -0.085802 
-0.588457 1.020741 0.094568 0.096605 4.521728 2.554691 0.490247 0.437284 5.877716 3.253889 0.613272 -0.075123 -2.548457 0.847160 0.321728 -1.420062 -5.049630 3.144321 0.445000 -1.235123 1.484938 5.386358 1.035741 -0.132593 8.330309 7.786605 2.691914 -0.057593 -1.326358 -0.483519 0.855185 -0.660370 5.396296 2.400494 1.339259 0.170123 1.904630 0.924691 0.354321 0.165741 -2.208086 0.292099 0.145802 0.237593 -2.411235 1.454506 1.198148 -0.559444 0.347407 -1.763951 0.393642 0.289321 2.784753 -7.328025 -0.475802 -0.085247 -4.209383 -0.517654 0.858457 -1.085988 2.247284 -0.577840 0.529506 -0.237963 -0.044938 -3.946049 -0.508951 -0.024012 -0.006358 -1.341358 0.153765 -0.140988 -1.625802 -0.191111 0.562778 -0.279074 1.103519 -5.748951 -0.868889 0.347160 5.161852 -7.377963 -0.591173 -0.043210 -4.934815 1.304012 1.000802 -0.764938 1.104568 1.082531 1.183827 -0.186605 -0.015617 -0.657160 0.357346 -0.059136 -1.626914 -0.625123 -0.090432 -0.254691 -3.987160 -0.834383 -0.411049 -0.477284 1.440802 -0.990864 -0.195370 -0.134444 6.119444 -0.725802 0.309074 0.198765 -4.894383 3.304321 1.012469 -0.743395 0.681914 0.679691 0.735679 -0.220370 -0.116914 0.051420 -0.025062 0.003025 -2.128148 0.005000 -0.276358 -0.064321 -4.159012 -0.114321 -0.297407 -0.327778 1.333704 -0.052407 0.288704 -0.276296 4.977222 0.403333 0.574691 -0.045741 -6.363704 2.347469 0.225802 -1.091049 -1.226049 0.092654 0.387593 -0.347407 -0.109136 -0.065062 -0.051296 -0.001790 -2.307654 0.050864 -0.336358 -0.015247 -3.243951 0.752963 -0.028704 -0.082654 0.369691 0.877346 0.609012 -0.075432 4.041852 0.347654 0.566358 -0.010432 -3.523272 -0.583272 -0.264444 -0.999753 -1.023333 -0.497284 -0.106235 -0.239198 -0.700185 -0.466667 -0.749198 0.108519 -1.320864 -0.475494 -2.090494 0.055617 -0.828642 1.688086 -0.893395 0.241111 -0.817593 2.992099 0.597840 0.020123 4.547840 3.454136 0.955432 -0.008025 
6.794691 31.728519 1.373086 5.901235 8.702099 9.505062 0.437284 6.605432 -3.364321 -1.081111 -0.326543 -0.145309 -25.997531 -4.414321 -1.292346 -3.643210 3.647037 3.854691 -0.876667 2.779136 21.327901 5.190617 -0.558148 2.344074 6.314938 -4.985432 -1.414938 0.694074 3.351605 2.695926 1.752963 2.516296 29.290741 2.864568 1.297037 6.657531 4.451852 -5.899383 -2.291975 1.429630 -14.120494 -3.816420 -0.940494 -1.517407 -3.923086 -5.010123 2.003704 -2.974444 8.804074 -11.253210 -1.708395 3.922469 5.929383 -6.807284 -1.736173 2.478272 -23.387901 -7.262469 0.095309 -3.426914 29.553210 -4.414321 0.434321 -0.012963 8.590988 -13.377901 -1.404321 0.379136 -5.380617 0.904938 5.106914 -1.281358 -13.336173 2.673333 4.370000 -1.756296 -0.028148 -18.023210 -2.243333 1.191235 20.099630 -7.665185 0.625679 0.969753 -33.821481 2.175309 0.463951 -1.999012 24.404198 0.347160 2.931235 -0.086790 7.321235 -2.105679 1.798642 -0.269506 -7.699506 2.665802 2.564198 -1.182840 -16.904568 -0.582346 0.397654 -1.602099 2.816173 -5.624938 -1.192593 0.114444 26.983333 -3.486173 0.999630 0.824691 -26.196790 3.513580 1.620617 -2.473210 22.898395 1.277284 1.844198 0.379630 3.187160 -0.287284 0.302346 0.146173 -9.974815 -0.334444 0.146049 -0.233580 -18.896420 -1.683580 -0.131852 -1.011111 3.674815 -0.386296 1.395926 -0.589630 23.776667 5.451111 1.400617 0.021481 -25.862593 7.768395 -0.024938 -2.573457 11.273210 7.334691 0.460370 2.073704 2.919383 0.844568 0.127037 0.656914 -10.581358 -0.588395 -0.879506 -0.053951 -16.629877 1.065185 -0.731481 -0.292469 6.346173 3.833086 3.046420 -0.144691 14.848519 4.939136 1.583951 0.068642 -12.671235 -3.530123 -1.006667 -2.626049 -1.063333 2.641235 -0.451975 0.139506 0.307037 -0.105556 -2.152716 0.859630 -11.368272 -3.270123 -10.683457 0.630988 -0.244938 0.647160 -3.156543 0.004444 8.062963 9.116914 5.404321 -0.064691 7.398765 6.726173 2.904691 -0.028395 
-125.886636 -54.241852 -9.296975 -10.372068 61.232346 29.062160 5.877716 -3.364321 473.104043 121.125833 11.547377 45.003920 361.257253 89.222099 -0.759321 126.305710 -636.452037 -108.291914 2.260833 -77.916080 -204.327346 7.054660 22.147870 -42.673519 135.225895 122.305154 70.210216 -11.180463 -312.642994 22.673241 -6.825741 -30.001296 -2.001852 96.970432 22.067407 -7.462531 104.343981 75.524383 10.436420 11.899537 228.140772 -46.657469 -24.311173 82.401574 -205.180802 117.360401 -5.525926 11.632500 -143.805185 108.633210 34.908117 -35.014414 24.626451 -96.783827 15.345617 0.317006 -264.982654 145.834136 -10.051142 -4.992809 -75.274877 99.034599 26.556235 -6.982870 -14.812099 -19.855988 6.614043 1.322809 113.094228 -169.696605 -33.571636 53.906914 5.790062 24.390000 -13.761944 39.457130 -97.480463 86.103488 -10.273889 -12.011235 -20.831852 -133.332315 -22.208735 10.708025 -51.941852 63.742747 -1.419228 21.536790 -64.157531 48.491451 33.556543 2.586512 -8.279846 5.305123 22.585525 1.395617 53.021173 -36.257191 5.820525 28.596173 16.939568 9.049290 -15.356821 50.792654 -110.250340 25.698827 -11.322685 4.683889 -15.901389 -13.812716 -1.902685 -3.141358 -127.506821 85.769753 0.069383 31.831265 -53.059784 13.407994 -1.525864 0.228704 -4.278272 -0.467994 -1.066790 -0.714784 17.052037 3.916944 -8.684660 5.601914 22.645864 10.918580 -29.280926 23.891667 -16.590926 -15.017315 -13.637870 10.841852 -21.544167 -23.996111 4.985494 -1.234537 -109.474630 -53.131451 -25.851173 -26.700154 -22.527099 -11.341080 -11.565093 -3.000370 4.181728 -2.852346 -3.503981 -0.404969 -22.359753 -1.542716 -31.026883 -0.726327 43.223210 -5.716296 -47.747685 4.311080 45.154660 -19.049475 -8.926420 4.546358 21.086481 -27.596358 4.520216 0.097191 -66.770154 -35.092932 -15.653889 -22.860617 -6.646667 -5.761235 -1.080525 0.992438 -6.051759 -12.480556 -21.660895 0.519815 -62.916728 -7.832932 -43.936543 -6.162377 47.339938 75.566451 -10.560401 5.246111 14.635648 50.903642 -0.116821 4.254136 81.269290 50.206883 11.269198 1.331173 
-54.683611 -24.996667 -4.173889 -4.712500 30.067778 17.261667 3.253889 -1.081111 121.125833 76.314167 13.706944 10.966944 14.562500 76.163333 18.659444 13.265278 -181.271667 52.157222 13.036944 -27.445278 -49.599444 125.753611 21.914722 -10.701667 137.804722 231.789167 57.548056 -2.589167 -108.627500 -5.794722 -0.561667 -7.285000 13.044444 36.023889 15.758889 -1.266111 38.081944 58.241667 21.900000 4.781944 10.106389 27.642778 6.031667 19.220278 -65.276111 37.880833 8.116667 -1.239167 -27.734444 19.552222 20.696944 -11.250278 16.030833 -89.696667 13.276111 -5.424167 -61.159444 21.482778 4.724722 -2.055833 -28.949444 2.061944 3.235000 -3.220833 -10.598889 -85.106111 -16.193056 -1.311944 29.683056 -111.519444 -16.934167 8.081111 37.003889 -30.647778 -8.628056 8.892500 11.449722 -74.550278 -8.522778 -1.942222 -3.893333 -192.978056 -18.785833 -2.661111 -9.435556 15.898611 -0.513611 4.171111 -28.542222 -3.358611 3.437778 -2.591944 -3.366944 -33.917222 -2.379722 -2.051667 2.505000 -32.849722 3.270833 -1.647778 -9.209444 -9.658056 -6.928611 0.918333 0.579722 3.173889 -3.429167 4.715000 21.412500 -25.548889 -1.916944 -1.183333 -49.861944 36.661111 2.067778 9.671944 -21.447500 0.865833 0.862778 0.430556 -2.302222 -0.246944 -0.670000 -0.254722 -6.328333 1.551944 -3.246944 -0.203889 -23.139444 5.407222 -6.196111 -0.241667 13.261667 3.676944 -1.061389 -0.225556 22.351944 -4.006111 3.163889 -0.565833 -87.365000 -8.549167 -2.242778 -8.048611 -11.642778 -3.814722 -2.024167 0.728889 -0.421111 -1.157778 -0.990833 -0.267500 -11.980000 1.880000 -6.959167 -0.299722 -10.617778 7.398889 -10.637500 -0.878611 11.998056 -0.291389 -0.907778 -0.509444 25.773889 -4.296111 3.168056 -0.109167 -53.271944 -17.853611 -4.110556 -15.847778 -10.921111 -4.353333 -1.351944 -2.387500 -8.025278 -3.791667 8.139167 -0.592778 -33.840556 -0.250278 -10.925556 -0.806389 7.828333 33.855278 -21.336389 2.717222 6.929167 29.115000 0.806944 0.395000 40.081944 27.308056 5.579444 0.052778 
-7.945525 -3.157407 -0.828086 -1.299846 2.990123 2.679938 0.613272 -0.326543 11.547377 13.706944 6.419599 -0.359414 -11.776080 18.615432 12.126235 -5.488735 -32.389815 33.328086 6.776389 -7.298302 -7.081790 58.914660 5.791204 -1.693519 39.049228 97.514043 11.875772 -0.444907 -16.911883 -2.596759 -0.571296 -1.399074 3.542593 9.679321 4.674074 -0.422531 7.105093 25.429938 13.580864 0.643981 -9.921451 17.778086 6.796605 3.711574 -9.588580 3.135957 0.601852 0.456944 1.375926 -4.651235 1.471451 -2.456636 -2.931327 -28.921605 -1.213272 -2.417438 1.176235 -3.566975 0.689969 0.903858 -3.840432 -4.855401 -0.457099 -1.116204 -3.476543 -31.173765 -6.469290 -0.898302 5.079784 -40.252160 -10.031636 0.419136 22.236728 -17.733333 -5.787500 1.483796 11.777315 -31.699846 -5.113889 -0.579012 -9.901852 -60.285648 -6.455401 -1.708642 7.192593 -2.079475 0.528549 0.045679 -4.764198 -6.750772 -2.056790 -1.144599 -2.249846 -17.979321 -4.771142 -0.779938 -0.807716 -15.137191 -2.768364 -1.799383 2.537346 -4.736265 -1.539043 -1.626235 3.578549 0.524383 -0.989352 1.769444 -0.268056 -7.649383 -0.839352 -0.152469 -0.144599 2.008642 1.699383 -0.733179 -3.974228 -0.957562 0.055247 -0.887963 -0.738272 -0.297994 -0.184568 -0.060340 -1.943519 0.468056 -0.314660 -0.205864 -3.705247 1.466358 0.326852 -0.730556 2.954630 2.506019 0.881019 -0.270370 2.101389 -0.336111 -0.103395 -0.057870 -8.282407 -0.121451 2.841049 -3.883488 -2.907099 -1.723302 0.772685 -1.475926 -0.516049 -0.312346 -0.271759 -0.081636 -0.830864 0.683951 -0.025772 -0.056327 -1.473457 3.809259 1.980093 -0.021142 -1.607562 2.042747 0.824691 -0.016975 -0.687963 -0.399691 -0.174228 -0.023920 -6.216821 1.047068 0.163889 -3.456173 -1.900000 -1.334568 0.301698 -0.985340 -1.382870 -2.002778 1.342438 -0.354630 1.091049 1.141512 3.512346 -0.577932 1.257716 -0.031327 -1.130401 -0.275000 -5.475463 -1.377469 -0.977932 -0.161420 -0.525154 0.259105 -0.066358 -0.035494 
-11.746883 -3.233704 -0.863395 -1.328858 -2.507531 -0.667346 -0.075123 -0.145309 45.003920 10.966944 -0.359414 13.664784 42.077006 20.260864 -1.326975 33.204475 -80.884630 -21.953272 -1.321389 -6.475216 -26.279691 -11.105957 0.791574 -5.488704 0.008735 8.661698 4.527377 -1.290093 -32.351265 0.317315 -1.976481 -2.983148 -7.803704 0.393642 -1.070741 -0.666728 5.131019 -10.137346 -3.216049 1.369907 34.930154 -19.934383 -4.902901 11.793426 -17.481049 9.997191 -0.929630 2.508056 -17.388148 15.016420 8.256512 -5.141327 -3.242932 4.482346 8.566235 -1.509043 -47.079198 16.409938 -2.823117 0.446327 -11.569198 7.845586 3.554136 -0.986574 -2.051975 -3.886975 5.696142 -0.569660 16.148179 -14.657099 6.058117 4.758272 3.388457 3.924444 0.813611 3.204537 -14.862315 11.922253 3.593889 -2.083580 -17.269259 -14.660463 -2.052191 0.816049 -10.478148 10.250772 -4.106512 6.784691 -5.281728 4.550957 2.935309 1.385525 1.438920 7.657469 9.016883 -0.033765 8.545123 4.287006 8.878549 3.497901 6.109691 4.852747 -1.395586 7.504753 -11.340957 2.405988 -1.430093 1.048333 -12.534722 -0.686543 -1.056759 -0.288272 -24.640031 9.850617 -3.150123 11.783364 0.876265 3.045154 -1.643395 3.893519 -0.756543 -0.704043 -0.050247 -0.114290 5.840185 0.521389 -1.215154 0.667716 7.527840 0.789938 -4.159074 2.697222 -0.090185 -3.638796 -2.193796 1.805926 -6.195278 -3.967222 -0.987346 -0.109352 -32.157593 -5.997623 -4.410679 -0.376698 3.209691 2.272006 -2.034352 2.388148 -0.286543 -0.471358 -0.551019 -0.125216 1.158272 -0.140988 -4.038488 -0.129043 8.807531 -1.932593 -6.827315 0.084660 10.527377 -5.578117 -2.969506 0.273272 0.214630 -4.001049 -0.797068 0.026327 -20.583364 -9.992809 -2.460556 -4.882346 -1.121111 0.077531 -0.792994 0.408488 -4.935463 -0.019444 -0.981512 -0.329815 -7.241790 5.716080 -5.100864 -0.828920 10.832654 12.659290 -3.247191 -0.260556 10.422685 2.876728 0.978858 -0.072284 1.370525 -0.023735 0.391173 0.037346 
15.707562 -90.325926 20.718827 -7.539969 -47.314198 -54.492901 -2.548457 -25.997531 361.257253 14.562500 -11.776080 42.077006 2148.915895 126.319753 -51.016975 400.532253 -357.432407 -601.718827 -49.840278 -78.634105 -1084.755247 -790.363735 -28.427315 -238.112037 -677.833488 -883.648302 -61.985957 -74.435648 400.372068 -175.872685 25.882407 -21.895370 -185.087037 7.178086 -17.924074 -54.336728 20.686574 53.618210 -81.988272 -4.280093 1101.094599 -446.963272 -133.642901 174.880093 209.458951 -34.018364 -126.429630 153.923611 -685.231481 628.864198 -1.850154 -137.081327 -387.747377 374.890123 -15.090432 -40.344599 410.277469 -35.347840 -28.029784 2.734105 -409.766975 152.932253 3.899691 -25.603241 -55.497531 404.733025 -19.470525 15.927006 446.085957 -175.207099 -122.017438 165.799383 305.054012 -148.577778 -55.387500 175.813426 -562.791204 1046.771142 83.180556 -56.452469 -702.825926 1157.177315 3.032253 -3.045062 568.324074 -48.177006 -75.466512 85.052469 -484.078395 107.572068 -3.408025 10.606636 -82.706636 216.677469 44.581327 16.420679 469.404012 112.849228 -15.188117 112.267901 751.827469 68.659414 -23.876698 197.794753 -446.460957 81.368210 -24.002315 14.369444 -1089.734722 130.723457 -14.435648 -17.977160 429.334414 -81.716049 -75.490123 154.471142 -374.874846 -14.047068 -23.047840 -26.089815 -68.848765 -8.986265 -2.263580 -5.244290 433.871296 6.695833 -11.941821 21.368827 806.147840 -37.553395 -78.987963 81.958333 -147.560185 -161.464352 -109.006019 42.142593 -898.020833 -177.169444 -60.020679 -7.861574 625.826852 -255.822068 -76.698457 153.706636 -87.689198 -138.031327 -52.636574 0.470370 -32.293210 -22.913580 -19.842130 -6.934105 343.666049 -7.565432 -46.425154 4.683179 608.136420 -100.598148 -120.016204 22.159105 57.636265 -189.215895 -109.756173 15.135494 -536.528704 -240.774383 -76.041512 0.178549 388.101080 39.720525 -2.313889 121.582099 79.527778 -24.385802 1.738117 29.814043 -28.442130 -36.591667 -68.619290 0.149074 326.423765 -13.596142 -91.314198 7.484414 559.845988 24.563735 -160.448302 8.947222 91.717130 -270.707716 -175.871142 7.918827 -253.251698 -235.685957 -69.368827 4.359568 
-112.932469 -30.958519 3.683580 -10.567901 0.349012 -0.518395 0.847160 -4.414321 89.222099 76.163333 18.615432 20.260864 126.319753 298.960988 39.254568 52.976543 -217.671481 209.949753 20.273333 -10.753580 -142.624568 159.272716 24.338148 -24.892963 67.127284 365.673210 62.044938 -11.965185 -158.980494 -5.433704 6.832593 -11.170741 0.187037 18.089877 13.106296 -7.415309 17.364815 68.738272 48.186420 -1.035185 56.894938 8.450864 19.563827 25.980741 -48.022469 -33.324321 -23.831481 13.831111 -35.244074 58.605432 31.837284 -13.065802 -66.613827 -10.683827 52.670617 -13.859383 -23.057654 -7.918642 -3.760864 -2.549753 -51.872099 -16.294568 -8.002099 -9.442593 -32.017654 -140.364321 -10.273457 -7.948025 79.870617 -236.921605 -19.398025 9.356914 129.209506 -177.037778 -29.191111 5.930741 15.084815 -123.153457 5.873333 -6.116790 -196.026296 -241.061481 -3.349012 -8.164198 55.297037 2.330247 -18.687284 13.281235 -53.924198 -10.668272 -11.499012 -1.484321 -23.536790 -38.775432 4.970247 -2.673827 93.857284 -38.405802 24.658025 3.273951 89.481235 -14.429877 2.422346 5.773210 -42.123951 -5.259506 -3.557407 6.381111 -158.094444 -43.084938 0.151481 -3.424691 -74.049877 46.553086 -6.925062 36.813210 -38.202840 -2.096173 0.349136 3.292593 -16.989383 -1.147160 1.183210 -1.388395 104.138148 8.782222 1.675062 0.499136 87.487531 14.371358 -6.811481 -3.433333 -27.132593 -10.860370 -8.950370 -5.591481 -115.251111 -32.821111 -10.611728 -2.674815 -138.732963 14.367160 0.757160 4.112346 -0.663210 -8.853580 -7.797037 4.460741 -6.134938 -6.002346 -4.997037 -1.331358 106.718025 13.373951 4.155062 -0.952716 60.739877 23.250370 -13.418519 -4.165309 -17.832840 -12.650864 -17.859753 -2.450864 -98.732963 -46.299136 -16.561728 -0.181975 -101.829877 4.305679 0.315556 -35.677284 -22.741111 -10.766790 -4.606914 -7.450617 28.205185 12.372222 20.946049 1.883704 114.197160 103.704568 61.263457 -1.283210 -15.990617 37.331728 -42.970123 -4.034444 -58.090741 -58.376914 -41.259877 -1.976420 -61.193210 -44.230617 -15.239136 -0.182716 
-8.451420 -7.712593 -2.220247 -3.207099 3.347654 0.830617 0.321728 -1.292346 -0.759321 18.659444 12.126235 -1.326975 -51.016975 39.254568 40.708765 -16.323765 -66.244074 73.420247 23.161667 -19.059198 -17.857654 122.673395 11.102407 -3.310370 93.609938 221.294012 22.795617 -1.463148 -36.080062 -13.916852 -4.128148 -3.449259 3.468519 8.530123 6.183704 -1.450247 10.660185 49.922840 34.008025 0.743519 -23.071049 46.873580 24.571728 2.637593 -24.129753 -1.025123 1.764815 0.023889 11.102963 -11.045432 4.767716 -5.095864 -9.030062 -48.587284 -0.912840 -6.044506 -7.277901 -11.443580 1.115864 7.043642 -8.715679 -11.270432 2.033210 -2.926852 -7.996790 -61.859012 -3.645988 -3.525864 8.995494 -89.417284 -21.142531 -3.578025 55.876049 -48.741111 -12.037222 -3.434630 36.342407 -73.335988 -9.380000 -2.356543 -36.938148 -134.522407 -12.750432 -1.869136 4.698519 4.239198 3.510062 3.816543 -11.671358 -3.010062 2.880123 -2.777346 -7.313765 -34.986790 -3.701914 -2.546173 3.069383 -31.604753 -3.927469 -4.963951 9.472099 -11.097346 -0.840679 -5.492099 12.283395 -4.081605 -0.478704 3.726667 -15.241667 -24.340617 -0.835370 -0.947531 -14.207346 11.519136 7.693951 -2.197099 -6.069938 2.127840 2.187531 -2.442593 -3.248395 1.464383 1.021235 -0.265494 3.821852 2.849444 1.414383 -0.434691 -6.888642 5.998642 5.435926 -1.477778 4.828148 6.330926 3.710926 -0.742963 -5.889444 -3.702222 -1.532716 -0.362407 -38.208148 1.934506 10.857284 -10.176235 -2.344568 -6.459198 0.876481 -2.336296 -1.373951 -1.107654 -0.712407 -0.136975 12.194198 2.808272 2.993272 -0.241173 -7.125432 8.097407 8.432407 -0.280802 -8.171049 1.523642 1.905309 -0.262469 -9.608148 -4.976420 -2.368827 -0.119691 -34.164012 -4.524012 -0.347778 -9.857160 -6.684444 -2.778765 1.203025 -2.391049 3.699815 -6.583333 1.837840 -0.347037 22.860617 -0.994012 9.413210 -0.640679 -2.724938 -8.593395 -7.197099 -0.992222 -16.467593 -12.543086 -4.926235 -0.844691 -9.781790 -7.686605 -2.274198 -0.156173 
12.146142 -7.007407 -2.111420 -4.658179 -4.320988 -13.714506 -1.420062 -3.643210 126.305710 13.265278 -5.488735 33.204475 400.532253 52.976543 -16.323765 307.097377 -377.717593 -199.044136 -17.965278 134.260031 -296.131790 -240.993673 -13.228241 -45.465741 -205.975772 -315.999846 -26.543673 -20.247685 34.807562 -23.666204 -9.721296 -8.865741 -39.112963 -28.976235 -12.781481 -11.922531 -13.358796 -77.625617 -40.235802 -1.364352 224.642438 -173.538580 -53.792284 61.642130 48.989198 -39.411265 -32.514815 68.531944 -154.696296 85.054321 -9.720216 -18.842747 -113.439660 43.717284 -2.374383 -2.192438 -22.623765 11.227469 -26.357253 1.323302 -49.073765 25.064043 10.354012 -6.891204 -15.970988 109.015123 20.711265 3.637809 56.610340 52.836728 7.382253 29.891358 -1.968827 8.605556 -4.173611 42.797685 -129.103241 216.602932 16.069444 -3.706790 -126.951852 348.028241 7.936265 12.708025 47.564815 0.589969 -27.146451 25.384568 -43.847531 50.918673 12.476543 6.441512 -4.702623 122.931790 41.720525 3.892284 11.075617 107.254475 24.217747 22.311728 73.392901 46.555401 -8.436265 55.690432 -19.724228 28.724383 -4.186574 10.152778 -180.737500 83.322840 0.741204 0.019753 40.980401 -14.708025 -22.595062 46.141821 -18.843673 -5.027006 -8.955864 8.934259 -15.510494 -3.839660 -1.751235 -1.563117 -4.354630 1.509722 -7.334105 3.510802 98.389198 -14.716975 -18.717593 15.480556 62.910185 -33.407870 -16.332870 12.607407 -123.134722 -32.330556 -10.570062 -0.321759 91.206481 -58.218673 -29.197840 53.985957 51.737346 -10.981636 -14.568981 19.385185 -8.943827 -5.040123 -6.207870 -1.717747 -17.897531 -3.504938 -18.000772 0.840895 70.609877 -19.951852 -14.061574 7.403858 88.178549 -25.465586 -7.830864 4.888580 -62.804630 -48.216358 -14.521451 1.067747 46.297068 44.294290 -9.519444 28.804938 41.222222 23.320988 -1.845525 15.389660 -24.902315 2.630556 -17.615895 -1.637963 -18.281173 15.922068 -53.832099 3.485957 115.552160 59.582562 -8.472068 4.402778 89.299537 -16.638580 -5.647377 1.344136 -42.294599 -45.765895 -13.310802 0.492284 
109.536481 88.917778 9.565185 16.565741 -72.410741 -30.289630 -5.049630 3.647037 -636.452037 -181.271667 -32.389815 -80.884630 -357.432407 -217.671481 -66.244074 -377.717593 1848.923333 91.729259 -38.098333 -15.781296 330.147407 -385.800185 -46.065000 -14.914444 -518.210926 -747.680926 -115.172407 -38.389444 620.457963 -131.711667 55.565556 19.691111 7.961111 -138.255926 -33.498889 4.175185 -136.708333 -175.407407 -93.201852 -15.352778 -274.672407 -26.771852 -27.427407 -154.492778 597.840370 -226.367963 -4.711111 -41.667222 237.497778 -37.815926 -60.804259 51.303148 -140.964259 362.736296 9.442963 -49.968704 561.073704 -299.865926 73.951296 -57.259815 26.104815 -94.968704 -35.398519 0.963889 33.233704 160.552593 -43.850926 1.174259 -136.593148 419.035185 56.852037 -71.058148 53.842963 -34.262222 39.732778 -44.787222 100.771667 131.467963 50.643333 9.889630 -127.392222 711.232778 99.169074 -32.653704 248.545556 -116.606481 25.143148 -84.626296 -34.627037 -43.348704 -38.539259 -17.591296 12.984630 59.419259 -32.924259 -1.018148 34.306296 128.732037 -12.395370 -31.493704 255.240370 -0.229074 47.085370 -77.422593 106.946481 -11.198519 23.613889 -28.742222 -273.169444 97.887407 0.238333 -1.807407 420.096481 -174.329630 -6.616296 -93.487593 -84.169074 -44.592407 -5.778148 -36.555556 -5.530370 -8.980926 -0.377037 -0.777963 108.665556 -10.829444 37.524630 -8.567037 275.974815 -25.605926 73.018889 -40.883333 -61.426667 1.876111 -7.878333 -23.467778 -266.018333 18.321111 -24.101852 -2.842778 562.353333 21.599815 20.890370 0.812037 -105.737407 -51.486852 -1.770556 -44.681111 -13.951481 -7.241481 7.173889 -1.525741 176.964074 0.250741 106.433519 0.441296 150.171852 8.764444 70.736111 -12.272037 -174.555741 4.169074 -32.202593 -9.850370 -256.330000 -9.899630 -30.276852 -1.583148 320.387593 62.779815 39.623333 43.097037 -27.392222 -41.493704 -2.027963 -26.632407 55.305000 29.694444 64.565370 -0.813333 310.689259 18.853148 180.308148 7.452037 5.821481 -183.593148 -0.920926 -12.015556 -221.113889 -199.910741 -120.765741 -9.635926 -225.015741 -153.596852 -50.004074 -3.098148 
-203.017716 20.416296 -8.777284 6.205864 -0.629753 22.324321 3.144321 3.854691 -108.291914 52.157222 33.328086 -21.953272 -601.718827 209.949753 73.420247 -199.044136 91.729259 649.871728 54.027222 -30.759938 287.850864 655.398210 45.279074 59.330741 314.474012 922.338086 93.937099 16.794630 -291.435988 29.502037 7.020741 12.230741 94.985185 45.513086 36.212593 10.669383 13.571296 165.876543 125.911728 -0.606481 -399.029568 283.051728 115.205432 -41.724630 -122.167160 -19.940309 23.470370 -61.823889 244.172963 -127.911358 13.921790 31.237840 42.341790 -70.967654 19.141235 0.428457 -86.776420 -64.165062 24.403272 -5.713395 108.772469 -107.425247 -14.809753 -2.571296 -8.324198 -347.178642 -13.416358 -12.865494 -67.794877 -266.087654 -14.759938 -46.836173 132.452346 -206.670000 -42.240556 -49.635741 262.777963 -626.737469 -50.508889 8.877531 -10.097037 -795.375741 -37.339691 -21.528395 -89.450370 -20.964506 20.967099 -42.959753 98.207160 -92.667099 -25.764691 -10.365864 -11.331914 -233.228642 -51.784506 -10.042099 -47.052099 -188.636605 -12.942284 -47.152099 -99.926420 -66.484753 -0.402531 -75.859136 140.177099 -43.902346 -2.323148 5.045556 168.052778 -139.147654 -0.399815 -0.932716 -142.296975 45.245062 22.616543 -53.837469 68.085988 0.004877 10.670494 -7.159259 9.860123 4.436235 1.633086 1.181543 -28.301481 8.339444 1.469568 -7.623951 -151.630494 41.009383 22.910370 -35.150000 17.723704 60.487593 33.613148 -22.866296 138.095000 32.480000 8.498765 -2.407963 -347.882593 158.942654 30.847654 -47.989198 -21.509753 51.156728 17.486481 -12.811852 4.541235 6.878642 3.180926 1.740062 22.669383 20.497901 13.312901 -2.302654 -87.298025 85.539630 40.393519 -12.950062 -70.568457 71.017716 25.880494 -10.101728 5.184074 39.835062 3.634877 -1.016728 -229.906975 -4.791420 -3.557778 -62.876790 -84.076667 -20.900247 -2.361049 -26.742901 18.513148 -5.100000 14.133765 2.984074 104.644321 103.145247 103.838025 2.708580 -142.286790 28.999568 36.806975 -3.291111 -142.756481 -8.581605 -13.505864 -4.913951 -47.733642 -15.647346 -12.728272 -1.726543 
-2.956389 -8.462222 -1.766111 -1.237500 2.481111 1.535000 0.445000 -0.876667 2.260833 13.036944 6.776389 -1.321389 -49.840278 20.273333 23.161667 -17.965278 -38.098333 54.027222 18.005278 -18.724722 -5.420556 97.255278 9.338611 -1.471667 82.575278 176.734167 19.833056 0.138056 -25.549167 -14.956389 -0.723889 -2.110556 2.894444 8.727222 7.082222 -1.065000 7.456944 42.608333 27.238889 0.345833 -21.797500 47.878333 23.561667 -0.705833 -23.689444 9.998056 5.055556 -3.761944 11.818889 -10.882222 5.601944 -3.745278 2.792500 -33.317778 -0.288333 -4.561389 -7.400556 -7.929444 6.168611 3.282500 -10.398333 -10.164167 2.527222 -2.206944 -4.424444 -42.296111 1.943056 -2.630278 4.204722 -62.802778 -11.863611 -3.973333 40.578333 -35.898889 -8.606389 -4.455833 36.343611 -63.134167 -6.701667 -1.193333 -18.785556 -118.056389 -11.663056 -2.683333 3.887778 4.301389 5.942500 0.285556 -15.437778 -7.081389 0.763333 -1.920278 -6.195278 -34.862778 -4.622500 -1.721667 2.242778 -32.099167 -4.048611 -4.726667 5.099444 -11.229722 0.253056 -6.689444 15.728056 -5.200556 0.290278 1.278333 -5.962500 -22.596667 -1.678611 -0.894444 -9.580278 11.527778 6.481111 -4.223056 -12.909167 1.364167 1.093889 -2.769444 -2.462222 0.653611 0.412222 -0.191944 3.326111 1.039167 0.881389 -0.583889 -5.112778 4.993889 4.717222 -2.108333 3.640556 6.108611 3.610278 -1.537778 -5.066389 -2.412778 -0.641667 -0.436389 -35.072778 3.380278 6.860556 -8.662500 -9.850556 -5.466389 -0.605833 -2.924444 -1.746667 -0.906667 -0.572500 -0.174722 9.026667 2.090000 3.566944 -0.215833 -2.586667 7.402222 9.254167 -0.841389 -12.678056 1.809167 1.448889 -0.711667 -8.339444 -3.999444 -1.329167 -0.144167 -33.193611 -8.577500 -1.081667 -8.132222 -8.907778 -5.471111 -0.305833 -2.245833 2.135278 -4.036111 1.045278 -0.711667 24.211667 -5.661944 10.317778 -0.446944 -4.476111 -13.573056 -6.814722 -0.242778 -20.768056 -10.810556 -5.873611 -0.565000 -4.554167 -3.448056 -1.189444 -0.119444 
-15.173549 22.536296 -4.267840 -1.378858 11.010247 -4.914012 -1.235123 2.779136 -77.916080 -27.445278 -7.298302 -6.475216 -78.634105 -10.753580 -19.059198 134.260031 -15.781296 -30.759938 -18.724722 244.644784 -44.187469 -132.864846 -16.095093 37.584630 -186.732377 -280.628302 -38.187068 -8.077870 30.053179 19.757315 -8.768704 12.073519 21.707407 -34.896358 -12.895185 0.781049 -35.774537 -91.637346 -39.010494 -4.318981 -95.428735 -82.294383 -29.012901 -5.593241 57.695617 -99.470586 -8.496296 34.303611 26.371852 -28.570247 -22.653488 38.804228 -44.238488 96.630123 -6.460432 11.732068 18.908580 -29.776728 -10.694228 -4.208117 76.873025 -16.468858 -3.313642 1.946759 2.176914 47.587469 6.985031 4.955895 -71.245154 149.304012 47.861451 -12.921728 -79.971543 34.748889 15.553611 -2.193241 -3.583426 -45.621080 2.857222 12.490864 20.420741 176.646204 26.224475 14.571605 -55.363704 -17.182562 1.192377 -8.810864 78.381605 18.174290 4.267531 1.986636 11.040031 82.237469 23.846883 2.639568 -73.141543 91.135895 21.900772 -8.110988 -75.541420 19.207191 1.979969 -0.574136 88.895710 -22.756235 0.219907 5.610556 46.959722 38.431235 8.561019 7.495062 12.096636 -30.293827 -1.793457 -14.443302 78.994043 -9.034846 0.727716 6.604630 2.202346 -0.066265 -0.803580 -0.484290 -75.218704 -3.825278 -0.544043 -2.755617 -69.725494 -18.150062 6.153148 -8.286111 66.846481 0.175648 11.535093 2.119259 69.946944 24.401667 5.473765 1.920648 73.569074 15.893488 -3.156235 35.484414 89.025247 19.092006 1.862315 17.267037 2.497901 1.520864 0.945648 -0.205216 -74.271728 -4.766543 8.920401 -0.141265 -67.271358 -3.922593 24.156019 1.387994 41.657377 23.354105 24.783827 1.555494 31.163519 24.650062 4.852932 1.796327 76.326636 85.132747 -1.585000 32.319877 50.463333 49.674198 3.053673 13.002932 16.032315 29.402778 13.128488 2.041296 -81.418457 32.589414 -4.848642 4.479969 -49.469568 23.171512 49.731698 2.403889 42.978241 17.244506 35.956636 0.797716 -19.523920 -21.305957 -7.432160 -0.451543 
