107.554867 34.509948 4.805173 5.553030 178.557622 80.317417 3.787649 25.461739 -65.375957 35.989899 -11.945057 6.659856 -100.295837 33.635904 -12.888277 -2.637588 23.725513 24.005127 2.125880 7.508953 34.812902 -6.568871 3.540174 4.273952 -15.375421 -20.961433 -1.658096 -26.925008 61.810070 56.061830 5.507270 3.784435 86.852081 11.348255 0.119758 22.867845 -60.238981 48.323615 -4.427074 4.797138 -14.374656 52.695439 -1.138736 -3.837542 67.841751 -2.517447 -3.228421 2.831420 46.986838 -3.856061 -2.010254 8.506504 -11.923783 -15.774258 -1.264233 -6.704392 31.500383 -64.377334 -14.679752 -0.661081 70.379094 -63.449725 -12.212198 3.079278 -11.416131 -4.343587 -23.455081 -5.897077 59.955158 -49.151133 -9.131543 -14.382767 73.008953 -43.720386 -3.706229 -20.558004 6.089302 -7.889042 -1.709290 2.016376 -14.474288 -17.062290 -1.734389 53.647306 52.409474 -50.851928 -13.414448 -5.024487 38.501071 -30.102158 -19.213116 -3.417815 -34.898148 -17.173171 -34.558770 -3.200490 40.779002 -12.251071 -9.246021 -7.134068 7.702250 -7.268595 -5.742042 -13.763851 -35.754821 -4.102541 -5.591980 -4.919651 9.444980 11.999541 0.671028 37.413835 55.146924 23.445057 8.193450 -1.027089 -0.125268 3.970003 -36.247245 1.250995 -11.368687 2.796296 -21.292088 2.952173 27.772651 1.695286 -0.477502 -1.227655 2.710285 -0.754974 -19.011708 7.888506 -19.362412 -1.757882 -7.408173 2.093511 -14.529155 4.678604 1.459137 -4.599709 50.348791 14.352081 -0.622590 1.348102 12.777089 2.633685 -24.927609 -0.674778 64.674013 14.137741 -0.981405 2.736073 17.576676 13.946664 -11.771503 7.647919 18.014463 4.481405 -32.395393 7.122360 11.249158 -1.550505 -5.950796 2.941613 -10.455387 -3.595424 -1.037573 -2.271579 54.289333 22.451791 -11.767371 6.614096 31.369605 31.125727 -1.332492 12.892715 48.042700 -16.172176 3.404346 1.281604 -5.372590 -17.925314 -46.468320 31.688170 28.409550 19.679752 -24.929676 14.659014 27.500612 2.358433 -3.616468 -0.529079 -6.483395 -0.905877 -0.191307 -0.868916 
34.509948 88.228548 5.182481 8.119529 -3.440618 76.388532 3.001071 3.598306 -26.007601 53.624579 -1.222171 -2.174727 36.099990 57.593052 -3.532038 5.979900 54.060963 19.239261 -0.602030 5.158555 -21.744720 -13.921028 0.341139 -20.096062 -12.640853 -16.829813 -1.404755 -21.715845 35.929548 141.575656 3.834201 22.009336 -7.520712 76.539792 -4.611621 15.565095 -58.945363 23.179471 -13.041220 4.238496 11.820784 -19.004081 -1.915417 3.673962 56.386083 -19.413529 1.606367 6.116111 21.237629 9.902357 -1.596368 -5.188042 -15.077900 -8.308795 -1.012703 -16.018110 -5.025916 -89.699827 -19.504591 1.716917 29.310581 -50.503979 -18.161820 3.314101 0.402102 -38.015560 -21.304459 -0.986481 48.838333 -66.305377 -7.138659 -4.109938 28.337006 -31.599480 -1.334456 -4.563769 12.095041 7.492858 -1.324100 8.358484 -28.205846 20.653760 -1.539180 15.980359 3.238394 -105.441843 -13.078257 -3.802673 4.829456 -34.765687 -7.288848 -3.706765 -14.470819 -8.599837 -12.316651 -2.457198 43.186767 -3.746965 2.481992 -1.860882 -5.975819 1.630548 -3.569687 3.426028 -7.869758 0.628915 -3.965820 9.178910 -25.996888 13.005510 -2.414294 13.046322 30.193144 1.205336 7.682532 -0.701867 -29.674115 11.246607 -20.625650 -0.263340 2.989899 21.975309 -4.336139 1.133405 13.812927 7.074635 4.738445 0.596623 -24.479645 6.651719 -11.149066 6.714468 13.939292 2.032854 -3.640649 8.441282 -7.092899 -0.666820 -0.627487 4.740843 38.807214 15.674574 -1.160239 4.229619 -2.717325 22.864912 -13.694164 5.193858 46.541475 27.545761 0.982247 10.013366 -9.162534 12.642281 -2.917610 4.237884 -37.985002 8.960514 -17.732833 2.162994 32.100449 4.515152 -2.572493 3.421743 14.485971 1.769105 0.406540 2.004744 33.303540 27.809152 0.755025 6.140955 6.421641 25.941333 -1.113917 11.501786 5.571778 20.626722 6.771860 23.483267 -49.123202 16.271554 -27.230334 16.207173 -47.709213 41.794154 -11.868024 3.518314 36.784461 18.669626 7.946995 1.070605 14.392766 0.389042 0.469646 -0.170646 
4.805173 5.182481 0.963779 0.134680 3.532293 8.521835 1.010254 0.576574 0.150189 6.215488 -0.209468 0.318233 -0.694470 3.060912 -1.085144 1.227528 2.271095 0.512295 0.310581 1.042853 2.143251 -1.004591 0.527089 0.136109 -1.248597 -1.791705 -0.143200 -1.663351 5.775890 15.580553 1.469340 0.157178 1.342159 5.710591 0.635088 0.652637 -5.573003 2.120396 -0.719212 0.492705 0.837313 0.914039 -0.344098 2.212682 5.424804 -2.119682 -0.287114 1.325630 5.063769 -1.228956 -0.152535 1.161208 -0.672023 -2.426028 -0.099939 -1.057902 1.925110 -3.941486 -1.531680 -0.018314 4.715845 -6.060453 -0.707581 -0.025355 0.202224 -3.299000 -1.468218 -0.443475 8.800378 -7.889705 -1.144628 -0.181410 5.054637 -5.203245 -0.411897 -1.078614 1.310836 -1.033007 -0.146108 1.105806 -2.057545 -0.994388 -0.168656 0.998878 2.886389 -11.097031 -0.407765 -0.405673 2.217580 -4.022804 0.434445 -0.337619 -4.093715 -1.853127 -1.546679 -0.238955 8.181563 -2.402765 -0.062698 -0.609275 -0.525406 -1.272115 -0.209570 -0.942506 -2.348638 -0.417610 -0.465055 0.727579 -1.353331 0.008724 -0.260484 3.070350 6.179829 1.455260 2.708856 -0.072850 -3.634782 0.288236 -1.478268 0.003265 -2.898990 0.620090 -1.161055 0.189572 5.746965 0.214366 1.671870 0.125395 -3.689011 0.000510 -0.812060 0.021018 -2.505306 -0.150189 -0.551117 0.481992 0.886440 1.643557 0.148454 2.751097 4.182175 2.466738 0.869605 0.182634 -2.805938 0.722885 -1.515713 0.065453 2.444597 1.450260 0.591980 0.205132 3.942149 0.918835 1.774156 0.369962 -6.048362 0.365932 -1.789154 0.132231 -1.104938 0.000000 -0.451434 0.162943 0.124018 0.998521 0.180492 0.468932 2.501275 0.575911 -0.551831 0.673095 0.026324 3.343230 -0.135802 2.173656 2.687022 1.917815 3.944802 -0.698398 -1.578206 -4.550913 -0.563208 -0.969442 -6.530609 -1.123202 -3.041271 0.119018 -0.440363 0.466993 -0.332007 0.166412 0.151107 -0.032446 0.027650 -0.085706 
5.553030 8.119529 0.134680 2.078283 8.037879 3.870370 -0.194444 2.765993 -6.302189 0.691919 -0.865320 -0.251684 0.346801 3.575758 -0.377104 -0.599327 7.349327 1.975589 -0.064815 -0.068182 1.537879 -0.792929 0.159091 -0.668350 -4.104377 -2.691919 -0.102694 -4.079125 0.991582 11.185185 -0.601852 3.780303 3.281987 6.042929 -1.430135 4.768519 -4.876263 3.317340 -1.617003 1.106902 2.111111 -3.648148 -0.015993 -0.960438 4.335017 -2.661616 0.265152 -1.233165 1.319865 2.512626 -0.163300 -0.620370 -3.848485 0.361953 -0.098485 -3.980640 0.110269 -8.276936 -2.280303 0.111953 1.634680 -4.330808 -2.475589 1.023569 -0.153199 -0.496633 -2.753367 0.576599 2.941077 -2.127104 -0.724747 -0.255892 -0.734848 -0.898990 -0.182660 -0.582492 -0.684343 1.614478 -0.140572 0.912458 -1.060606 2.350168 -0.184343 4.398148 0.837542 -1.325758 -1.968013 -0.501684 -1.124579 -1.255051 -2.182660 -0.121212 0.180976 0.433502 -2.292929 -0.154882 1.468013 3.142256 -0.438552 0.151515 -3.785354 2.439394 -0.935185 1.627946 -3.621212 0.296296 -0.531987 1.303030 2.384680 2.656566 0.285354 4.577441 -0.631313 1.688552 -1.629630 -0.095960 -0.625421 0.973064 -3.876263 0.326599 3.792929 1.420875 -0.637205 0.610269 -2.071549 0.461279 -0.621212 -0.095118 -1.308081 0.750842 -2.856061 2.637205 2.412458 0.420875 -0.979798 1.543771 -0.462121 -0.878788 0.434343 -0.874579 -1.799663 0.226431 -2.813131 0.682660 2.098485 1.374579 -2.708754 0.895623 6.621212 1.161616 0.002525 1.223064 -5.050505 0.882997 -2.769360 0.920034 0.613636 1.421717 -3.864478 1.401515 7.902357 0.702020 -0.615320 0.948653 0.712963 -0.423401 -0.095118 -0.224747 -2.302189 -2.080808 -2.910774 1.436869 4.434343 6.079966 0.327441 1.860269 0.525253 -0.782828 -0.663300 3.001684 -6.931818 2.124579 -7.227273 6.529461 3.287879 10.719697 -2.287037 2.981481 11.006734 3.346801 1.395623 -0.042088 1.313973 -0.095960 -0.023569 -0.088384 
178.557622 -3.440618 3.532293 8.037879 1878.862489 232.837313 107.207759 115.042394 1281.489822 174.833333 -13.717019 96.175314 -1234.437404 -137.614784 -206.540557 -47.418886 -384.925696 -42.400903 -51.571243 -48.632920 8.515840 -29.162075 -20.691230 -93.641720 -207.255892 -140.449036 -15.830425 -264.819253 107.253290 320.595654 67.803107 -1.580579 942.324227 -20.635675 149.814126 64.960438 269.661387 285.061142 -50.555479 63.414983 -539.320478 489.583716 -98.521503 39.827441 122.951178 -89.568871 -40.713728 47.482170 197.970462 -36.078283 -12.728497 54.958601 -102.662994 -125.719314 -9.939624 -110.021503 257.753061 449.948500 11.529155 25.830043 528.037802 -301.494261 33.340297 34.285736 -112.743189 213.695745 -120.698730 -36.719544 68.999847 41.823768 -155.236685 52.564126 442.493343 -326.485308 -44.015993 -23.661004 -162.919421 -47.071931 -15.666743 45.045148 153.650138 -72.452862 -22.766529 364.989057 373.051041 -225.424013 -50.451944 -4.039333 636.296449 -238.804637 -80.899373 -18.428375 -330.869529 -196.120217 -382.177227 -35.119069 204.590603 -176.006045 -129.147459 -31.173554 342.408402 -80.249770 -65.241889 -52.029997 -385.573921 -20.699112 -56.988369 -22.291552 382.870447 87.036731 -20.129247 292.330885 575.331956 107.641261 60.613254 2.242883 140.889272 -39.537955 -269.152204 -6.855678 -339.560606 -65.968013 -245.379630 -8.092210 233.683731 -26.962963 -45.784665 -9.692455 273.278237 -23.736762 -157.288108 13.671182 -247.783134 -1.840833 -87.588613 -2.883226 20.754132 43.226814 -10.735996 35.765458 224.719620 202.955540 -111.475666 14.918656 -216.997934 -30.089608 -254.446128 -7.514386 -175.542241 -49.084940 -88.727502 -33.846266 190.007346 -46.419115 -132.055862 -11.657560 370.294995 -12.868457 -228.817187 7.829890 -73.097643 -12.121212 -56.573538 1.313208 -69.812290 -12.619452 -13.596036 -5.922635 -176.485843 -210.208907 -197.032905 0.092057 -263.861341 -73.446204 -113.637205 1.868993 -173.481635 -196.331956 -80.608662 -1.348179 178.370294 -11.084328 -139.943526 114.093740 355.367309 61.809229 -29.616697 16.004438 18.020049 -25.920416 -30.123661 -7.358892 -99.076752 -14.544995 -3.000153 -13.070018 
80.317417 76.388532 8.521835 3.870370 232.837313 166.848383 14.909397 19.555505 50.611825 132.410774 -18.607489 13.958014 -174.400724 43.030915 -40.739312 1.880982 11.803132 15.952199 -6.087593 11.302877 23.523875 -17.751607 0.735996 -15.769870 -42.470258 -39.886440 -3.384042 -58.067442 84.528211 210.689726 20.450464 10.869911 129.680951 77.032293 16.862769 14.475309 -67.403581 75.712172 -28.280175 13.599888 -63.719314 85.705183 -24.812774 22.174523 82.608866 -32.411081 -8.872207 18.132742 57.240333 -8.432660 -3.801704 9.744975 -25.970309 -30.247679 -2.371595 -22.669677 51.346852 -14.521018 -18.219927 3.012193 116.147179 -111.348179 -20.312468 5.179931 -8.829558 -39.781502 -44.172125 -10.509846 99.501428 -102.141363 -34.390266 11.835833 120.301194 -112.967095 -9.433221 -5.754872 -13.302571 -16.077798 -4.243394 12.603867 -16.766605 -7.628507 -4.569636 67.847924 65.713856 -167.704163 -25.071421 -7.080706 105.709570 -79.995103 -31.725385 -8.867156 -47.458474 -43.578308 -70.467095 -7.819661 115.548311 -55.175900 -13.329099 -7.162994 58.671411 -29.862412 -10.099276 -8.292419 -77.338690 -8.942965 -14.679267 1.636976 19.786603 25.936639 -7.026018 56.950464 118.733395 2.543516 8.510305 -1.433578 0.506530 3.993980 -68.835323 -2.692123 -30.828283 11.923681 -40.002245 -0.583818 90.263289 2.228395 11.990205 -1.200388 2.823998 -0.884502 -28.603918 1.207020 -50.214315 -2.086573 -19.612335 4.760280 -2.424089 21.266912 -4.996021 10.584685 97.327314 17.854352 -17.649679 1.903989 -18.566422 22.701663 -47.603816 2.162892 44.581114 31.935874 -3.422100 1.413631 57.510560 10.511070 -0.599837 1.652382 -20.010866 -0.374197 -47.510968 0.910927 -9.085297 -0.989899 -14.444955 1.615447 13.418070 1.783236 -0.681104 3.215641 79.637231 33.813437 -13.499286 8.108815 -17.482706 20.314407 -10.138608 14.434854 8.555862 -9.694674 8.832364 3.998827 7.757729 -33.381288 -43.419345 6.143608 -25.692531 6.794001 -35.417559 1.739720 11.105806 5.588868 -1.914856 0.518008 3.659116 0.046220 0.728701 0.666973 
3.787649 3.001071 1.010254 -0.194444 107.207759 14.909397 23.845041 2.116315 112.045837 18.560606 23.605295 2.163835 -82.419039 -7.153352 -15.595194 0.205540 -35.593740 -10.061142 -4.931665 -4.507117 18.451102 -9.644169 -1.528696 -4.614631 2.587542 -19.663912 -1.161004 -12.979492 11.021426 51.562137 11.595577 -0.071855 62.040481 6.966253 23.126339 1.904882 2.496097 23.739746 5.135981 2.829125 -44.468320 52.429905 -8.569253 13.428451 3.845118 -8.443526 -4.072773 14.099250 15.051729 -9.936869 -1.003979 4.489822 7.400826 -20.075145 -0.892792 -4.948041 24.037726 16.459519 7.960285 2.572008 48.093817 -46.821625 11.990435 2.232935 -22.465871 10.718243 -5.319483 -5.169957 6.061371 -11.760254 -12.851928 8.947046 47.609045 -33.967401 -3.798822 4.562596 -11.251377 -9.433272 -1.393557 0.344965 25.350321 -9.548822 -1.940083 29.201178 47.366009 -33.475895 6.880931 0.934037 49.224824 -27.926309 6.330196 -2.398531 -56.051347 -24.565580 -35.068411 -2.975360 20.587389 -27.666743 -11.277854 -3.364555 45.963039 -14.837006 -4.770355 -9.647995 -29.574839 -5.368075 -4.750077 -4.814968 36.031604 3.972911 -0.793159 21.840526 81.208907 26.738139 22.974135 1.033058 -10.618075 -5.365779 -25.183425 -0.277166 -54.247475 -6.649832 -25.819024 -0.917738 24.722758 -2.220539 0.680900 -0.775099 25.356290 -2.705081 -7.089761 -2.315504 -29.458066 -1.573615 -7.375115 -1.861647 2.774793 2.295225 0.730487 3.581803 23.624120 34.585935 -9.939853 3.593587 -36.560836 -6.223676 -32.244108 5.147689 -23.450413 0.040863 -8.034206 2.458601 27.084481 -3.742807 1.107591 -0.399066 16.368457 -2.001148 -11.580732 -0.437328 -21.582492 -2.045455 -6.632308 -0.596342 -6.236532 -0.155265 -0.585476 -0.997934 -24.575834 -32.455464 -19.946587 3.357897 -28.082185 2.943144 -14.874579 15.200490 -10.965565 6.740588 -1.214264 17.917661 17.693985 -9.462198 8.126722 7.773722 3.072544 -10.111800 -7.174089 -1.971687 -13.731558 -3.377717 -5.553413 -0.422712 -6.525329 -0.790174 -0.064891 -0.887282 
25.461739 3.598306 0.576574 2.765993 115.042394 19.555505 2.116315 23.320682 19.035711 3.336700 -9.152229 17.850219 -77.172584 -6.348179 -12.061575 -2.764055 -1.257525 0.907918 -2.066524 2.754974 0.820018 -3.686410 -0.528466 -1.443016 -32.214927 -15.493725 -0.979900 -25.690287 8.516631 14.824661 1.583818 2.061218 50.764718 -3.082339 0.370778 13.664422 7.038108 16.618712 -6.513825 8.221661 -23.016223 15.461177 -3.850832 1.301908 17.281706 -8.225742 -2.170952 3.687583 8.723702 1.129630 -1.140751 4.824508 -24.975054 -2.909193 -0.700949 -13.822212 11.448679 20.302622 -3.703398 2.018723 24.687226 -16.267524 -5.840577 1.946026 7.335221 8.066320 -10.990103 0.048107 14.733037 -2.800480 -3.674931 -0.571982 18.524334 -13.915366 -1.322671 -2.511274 -5.987144 1.504030 -0.664626 11.203449 -1.552495 -1.299102 -1.411081 22.916386 19.354403 6.428222 -7.202377 -0.550454 22.493674 -5.457147 -9.920773 0.627028 -1.342873 -5.602285 -16.642639 -1.053770 15.289307 0.199929 -4.348893 -2.205234 -2.798133 2.384451 -4.201153 -2.065401 -18.091062 1.169932 -3.195694 5.151821 16.804918 11.200643 -0.452403 28.407050 6.083869 11.170748 -1.994847 0.765534 17.478012 1.774768 -14.695439 1.823130 2.646465 -2.346240 -9.187991 1.708091 11.427099 -1.186308 -2.994796 -0.160800 0.260484 -0.381645 -15.418121 4.739873 -2.336955 1.040047 -5.707683 2.670544 2.866238 5.350627 0.320171 7.400928 -5.220182 12.616570 -5.625344 2.148964 7.532446 3.083155 -9.008979 -1.416029 13.353688 -2.645699 -1.498929 -1.045710 5.760331 -0.249515 -12.648403 2.351444 12.259718 1.623508 -18.240333 3.859504 12.765432 0.439394 -2.591164 1.787522 -2.051066 -1.211917 -0.762269 1.443679 -12.123304 -11.732170 -12.141057 0.955923 8.001071 5.089022 1.019080 -0.449240 5.409244 -28.748852 -1.104020 -4.816243 1.866238 -9.534078 -26.527854 15.109683 31.721916 19.972758 -9.014335 9.329456 21.860984 3.529283 0.262269 -0.033925 -4.018927 -0.800122 -0.145750 -0.792776 
-65.375957 -26.007601 0.150189 -6.302189 1281.489822 50.611825 112.045837 19.035711 4300.467223 470.220539 239.403938 160.892383 310.128303 -31.857821 -178.764208 45.939190 -1295.063846 -227.289129 -139.970182 -235.299434 -498.437328 -78.824610 -45.735308 -466.918988 -380.713244 -166.597949 -11.791501 -519.992552 3.024742 637.717376 80.010892 -9.314126 403.387384 220.746174 297.796475 -39.743827 1068.903352 98.330451 171.428400 42.076038 -326.702173 744.078870 -209.282803 175.376824 -163.100449 49.741200 -86.296067 76.573334 337.115651 -64.135522 -5.574941 27.454367 -3.127028 -258.119784 -1.007423 -227.183476 249.089710 1247.892077 78.986455 -5.502015 330.777829 75.616544 204.179701 15.528364 52.973574 -35.686052 -15.196638 -43.630573 24.868789 139.633481 -305.169651 124.669370 652.868916 -348.048515 -74.166947 61.450770 -22.005739 -122.278645 -32.818973 74.671921 473.548056 -199.620651 -14.191843 470.652918 127.076242 -552.972375 -99.191970 -38.051219 750.033007 -400.471151 55.797393 -67.869299 -60.323513 -408.090731 -351.467707 -58.454290 199.106265 -443.150010 -210.072569 -69.146924 703.327900 -188.008571 -78.706586 -117.382359 -290.886746 -36.318437 -85.886542 -32.898225 687.799332 102.120294 -3.264845 471.180084 474.356137 -194.789460 72.155137 -13.565963 150.684088 -14.548771 -109.720921 -39.963218 -492.156566 -70.975870 -222.517116 -31.597618 190.745358 -36.947250 -44.911234 -20.079609 446.423936 4.686461 -133.411463 -24.774895 -295.908887 6.035303 -108.754056 -31.857310 156.380242 68.793235 -13.704622 139.934981 316.739108 291.572569 -17.724977 5.634195 -330.482017 11.989873 -221.793490 -26.453372 -538.385981 -98.737986 -130.264998 -57.397944 190.855372 -101.408300 -71.553668 -33.372232 446.730104 -37.433655 -177.218677 -23.505280 -221.710999 -24.000000 -75.463601 -19.063182 -16.641134 30.706739 -10.356010 -10.830196 -62.665162 18.159474 -18.080757 8.028696 -497.035200 -84.965998 -156.906004 -32.670238 -669.234466 -222.314050 -54.457861 -161.719059 187.804484 -251.457249 73.768748 -3.255255 239.994184 -111.989822 32.258775 -45.263902 -155.048720 -102.212988 -65.798031 -14.358382 -146.727451 -11.611417 -3.580706 -36.257193 
35.989899 53.624579 6.215488 0.691919 174.833333 132.410774 18.560606 3.336700 470.220539 317.676768 19.104377 16.968013 0.008418 142.949495 -57.831650 16.001684 -179.865320 -19.375421 -30.547138 -26.949495 31.191919 3.176768 -10.535354 -44.132997 15.097643 -31.858586 -7.612795 -16.942761 66.239057 304.190236 31.557239 4.414141 56.835017 136.459596 55.804714 -4.112795 34.409091 46.526936 7.814815 11.740741 -28.429293 155.427609 -54.882155 68.223906 30.829966 -27.262626 -26.272727 34.648148 16.961279 -28.545455 -5.021886 -8.956229 19.035354 -52.127946 -3.090909 37.436027 58.966330 158.927609 0.500000 3.599327 76.291246 -76.944444 1.814815 -0.643098 -10.082492 -151.941077 -30.195286 -23.309764 121.542088 -168.715488 -73.777778 58.425926 202.646465 -182.095960 -29.038721 10.326599 -52.318182 -43.360269 -8.784512 -12.971380 7.479798 -41.478114 -3.303030 69.971380 40.228956 -257.469697 -30.755892 -6.572391 134.289562 -129.621212 -19.326599 -18.762626 -21.695286 -96.887205 -93.181818 -16.437710 177.154882 -129.314815 -31.632997 -4.762626 163.616162 -69.313131 -8.695286 -21.634680 -141.712121 -19.703704 -25.668350 -23.424242 -1.254209 18.964646 -0.722222 36.547138 144.050505 -13.412458 14.824916 -2.287879 -16.168350 24.442761 -66.101010 -8.920875 -88.964646 10.567340 -51.563973 -7.877104 158.218855 0.148148 27.090909 -5.441077 53.535354 -2.385522 -21.136364 -9.026936 -133.284512 -8.225589 -34.136364 -8.521886 -28.681818 9.848485 -7.500000 -1.144781 113.619529 58.385522 -17.343434 4.877104 -100.434343 35.170034 -72.082492 5.723906 -38.227273 29.196970 -9.292929 -18.693603 118.994949 9.617845 28.356902 -13.996633 -6.939394 -9.141414 -54.215488 -5.282828 -91.688552 -6.388889 -26.471380 -3.387205 10.892256 -0.173401 -0.648148 -0.888889 106.190236 86.212121 6.856902 12.767677 -49.681818 35.441077 -19.180135 29.794613 -63.070707 88.479798 25.139731 -20.164983 20.050505 -48.900673 -10.252525 -39.634680 -60.853535 -56.767677 -60.521886 -15.462963 -56.114478 -16.835017 -18.877104 -2.890572 -14.011785 0.328283 0.582492 -3.555556 
-11.945057 -1.222171 -0.209468 -0.865320 -13.717019 -18.607489 23.605295 -9.152229 239.403938 19.104377 111.111315 -17.456484 156.314101 36.973217 49.472860 -3.580400 -101.801602 -25.992450 -7.903071 -28.279920 -12.221304 -31.032599 -2.443526 -47.096368 30.643659 -33.809152 0.618355 -50.161361 -1.307061 27.575349 10.609530 -0.482859 -5.653556 18.159167 32.795939 -6.350730 39.930670 -0.529589 58.612897 -7.500561 1.187175 38.064483 4.934292 15.246352 -16.905163 -18.724824 -10.761402 12.666463 37.349505 -19.567340 -0.153148 -2.822875 56.238904 -49.134170 1.732017 -36.143149 18.032701 14.665340 7.527089 0.690899 20.358484 -35.768442 29.938578 0.569534 -32.593613 -1.112744 16.857923 -8.072187 -15.565861 2.798694 -26.160698 19.085501 46.873278 -36.054484 -5.928732 9.073207 -2.003673 -21.654831 -3.220641 4.105652 71.307928 -16.541526 4.636211 50.456790 32.524283 -44.171411 7.454647 4.299408 50.378431 -39.825375 39.794103 -4.943220 -85.352974 -32.338741 -25.716100 -4.798490 2.418784 -19.654525 -17.031629 -0.165748 85.111876 -6.947505 -0.263596 -13.543363 -43.640649 -11.322722 -8.792572 -7.011631 59.527599 9.112948 5.989287 57.397408 109.191766 5.806193 43.189726 1.177380 -14.620702 -15.417610 1.850934 -4.119018 -116.702020 -12.310887 -34.228395 -5.749209 22.696153 -2.428732 7.176002 -2.714519 44.647077 -1.458780 4.843128 -5.616876 -54.212529 -4.252423 -14.360575 -5.962147 20.502143 -0.642026 4.272880 18.433068 79.077339 44.789205 2.939853 9.317468 -33.793541 -19.282777 -41.276655 10.376441 -69.308846 -8.407867 -16.985155 -4.805122 43.597337 -11.935925 25.698245 -8.442404 8.034741 -6.511478 1.780788 -4.418733 -60.451740 -4.686869 -13.795021 -3.257474 9.206510 2.323896 1.282726 -0.925467 -3.215131 -27.000765 -22.156668 9.780992 -24.798286 -2.674064 -26.708193 19.204112 -22.389654 25.820018 2.021783 20.857310 39.088001 -21.792572 40.482706 -19.671309 -30.771197 -52.444597 -7.866034 -13.987348 -53.099531 -12.922508 -15.676666 -2.485257 2.136721 2.722834 -0.222426 -3.768442 
6.659856 -2.174727 0.318233 -0.251684 96.175314 13.958014 2.163835 17.850219 160.892383 16.968013 -17.456484 66.334073 -69.703653 -18.919804 -31.918937 30.511274 -61.450439 1.562111 -8.185976 -1.643786 -53.925390 4.403122 -4.182966 -18.127436 -25.344557 25.654117 -2.285991 -14.742322 2.495358 20.867514 1.565529 -0.963346 18.951204 -3.534818 10.335042 1.604658 59.456612 -9.165876 -0.708882 10.060887 -5.139272 37.144985 -13.464162 10.361672 8.445006 35.547444 0.915136 5.554969 0.773135 5.298822 0.970054 -0.801372 -47.352923 2.239261 -0.449112 -20.602209 15.305505 62.348459 2.373967 3.113228 1.263596 11.290098 13.626441 -3.294409 23.422151 -27.939037 0.147715 0.923146 15.991838 -15.746684 0.281680 -4.701153 30.034665 12.669115 -1.555836 -0.703041 27.320248 11.342108 -0.262499 14.200847 -18.490970 -8.191358 -2.569253 -7.963244 14.433451 -12.177150 -9.389858 0.466228 1.556423 -26.315504 -11.233369 -3.274258 37.964366 -28.254183 -2.820784 -2.692123 4.620039 -30.693628 -2.671743 -6.993572 -10.401209 -11.147689 -3.324125 -6.062800 36.813437 10.293133 2.595092 8.873125 10.040838 13.987603 -0.936103 24.749872 -10.511172 -10.555300 -14.501888 0.246710 8.144143 -8.502398 -6.798515 -0.078921 22.126263 -5.496072 12.508137 0.155367 -19.969518 -3.694725 -6.606367 -0.522676 -10.450260 -1.462300 -12.444062 -0.106851 37.877615 5.398021 6.152740 0.711101 -6.755204 11.945210 -0.357515 14.335348 -20.734721 8.287904 -0.102847 0.675977 8.472987 11.332849 15.206510 -0.811040 8.570401 4.422712 1.970080 5.499668 -33.747934 -2.419319 -22.009591 2.897281 20.311371 -2.714187 -10.250816 -0.044766 44.046577 3.974747 8.615830 -0.447939 -10.888608 -3.965896 -0.749031 -0.718167 -4.324941 26.398684 35.738343 -3.318411 -14.199112 -18.025686 12.437430 -3.668860 -28.252831 -64.022498 -10.941792 4.161106 -37.881466 10.256708 -36.888736 26.725921 62.737986 40.461050 17.603586 6.041424 35.170289 -1.698296 9.569738 0.013978 -14.483190 -2.323998 -0.154627 -2.184650 
-100.295837 36.099990 -0.694470 0.346801 -1234.437404 -174.400724 -82.419039 -77.172584 310.128303 0.008418 156.314101 -69.703653 3419.788695 545.853841 445.588256 78.709009 370.905775 43.146975 90.541220 -141.002602 -1180.265840 -190.544995 -7.664830 -621.466585 -456.615600 -170.892715 11.592491 -484.762677 3.802826 339.588971 6.617488 30.041016 -1021.115753 573.710591 -64.247067 -28.546016 -373.699265 33.096827 205.534996 -81.190797 1186.261555 -335.193705 226.142434 43.517396 207.179012 -16.357055 6.621977 -18.763596 50.444240 50.604377 17.477094 -88.335425 -36.151821 -44.745893 20.809152 -233.743087 -16.047954 -94.503775 -74.991276 -23.484644 -531.790889 554.641567 -68.226099 -9.264412 -54.314611 -197.396643 91.109224 -2.823947 240.246505 -605.650648 43.117998 68.032395 -91.384757 -106.779002 -37.278900 119.207581 53.846189 -9.029640 -17.546781 85.523314 134.205081 35.280022 21.861647 170.899551 -354.450311 -799.617233 -173.653556 -39.942710 -515.816090 -158.830885 52.133099 -36.635598 273.569585 -0.528211 345.796755 9.479900 4.205132 -74.874145 107.607336 44.724059 -73.985002 44.833946 10.276962 120.180390 5.696817 41.429191 -17.991991 51.480104 220.897510 99.352158 49.194062 211.304357 -396.749464 -244.315784 41.114580 -2.148607 -431.732425 106.433017 402.647995 -2.897408 -31.939394 139.500561 290.391134 12.564993 -97.806907 51.604938 53.181971 17.451995 -62.527395 45.766503 34.556627 16.792062 54.881900 -4.032344 -17.844047 16.848995 255.543006 49.689011 35.875727 50.631568 8.412815 152.872462 367.021120 -1.904908 -175.285736 71.261606 274.053311 7.683298 -92.262473 56.121977 72.758647 50.471125 -143.189164 98.895266 89.540149 44.792521 -190.240282 57.355831 44.414550 8.228191 25.832772 22.343434 13.683247 5.306040 156.794052 37.011989 23.012142 -16.874503 352.635956 748.454699 371.835374 49.117539 29.460667 240.849964 133.219416 22.129885 -0.732170 463.059229 140.650189 49.308336 -323.214570 207.336292 43.194368 -79.624324 -354.111417 -13.128252 -11.820733 -4.646975 -13.696255 34.429956 6.033313 14.962708 131.139323 31.391797 7.615192 -26.621059 
33.635904 57.593052 3.060912 3.575758 -137.614784 43.030915 -7.153352 -6.348179 -31.857821 142.949495 36.973217 -18.919804 545.853841 339.996327 83.996480 13.188858 80.469085 88.822161 18.409397 -33.655647 -138.446281 -32.803489 -3.289715 -122.840373 48.048822 -28.767218 -3.867463 -45.979186 45.199418 210.104071 16.731558 15.310836 -178.494796 199.371901 8.187022 3.648148 -208.129017 74.368381 59.327518 -15.973064 214.093664 11.592133 57.715029 25.897306 161.361953 -19.084022 -1.559688 32.107591 16.169115 -1.459596 0.623355 -46.939547 16.458219 -4.619988 -0.290634 14.260484 21.984542 -100.429446 -27.155188 -5.785277 -39.256811 27.296143 -22.428222 0.723447 -28.063055 -159.134221 -0.755127 -23.784359 127.799510 -339.525559 -23.320018 12.575911 115.101928 -148.515611 -15.208754 -14.152586 0.436639 3.295072 -2.948730 -12.481788 -35.481175 26.427609 1.938017 20.624579 -30.257882 -373.608356 -51.000765 -10.076370 -26.353382 -113.175849 13.417968 -18.317264 -27.127946 -42.863483 9.403581 -7.349709 89.013162 -41.601163 6.085706 9.705234 -5.725436 5.815886 8.423936 4.012091 -67.563820 18.849709 -8.075911 -10.427916 -41.224671 32.284206 8.383379 -7.228038 47.579431 9.653046 60.185644 3.793388 -133.130089 40.864402 53.592746 -1.448271 -101.333333 38.902357 14.558923 -6.658708 68.718243 18.619529 24.371901 -2.115856 -33.994490 8.928222 5.668962 -4.696664 -50.709060 -4.293695 -12.159320 -6.566728 7.680900 -0.732782 8.365014 -10.811142 125.687634 123.106214 88.968779 3.964953 -97.369146 25.360728 -17.973064 13.179216 -13.774564 51.041322 1.244720 2.093970 34.628558 56.433578 31.397000 -8.853688 -83.677227 12.770432 -18.767524 -5.132231 -45.488215 5.126263 3.578818 -4.162381 34.557239 5.846036 10.581573 -2.945363 215.014998 255.634527 70.662381 23.296602 8.936639 105.118610 -1.127946 49.577747 10.270891 236.476125 18.995715 54.375727 -93.632231 125.550352 -50.408173 -32.861647 -129.067034 -6.541781 -47.550199 -19.120141 -38.720692 -0.745332 0.080043 -2.471687 17.489746 7.667126 2.557086 -4.461433 
-12.888277 -3.532038 -1.085144 -0.377104 -206.540557 -40.739312 -15.595194 -12.061575 -178.764208 -57.831650 49.472860 -31.918937 445.588256 83.996480 165.730844 -9.195694 103.102949 27.142281 59.744822 -29.709979 -169.112029 -30.209826 5.999082 -94.758851 -19.207632 -0.756504 2.026426 -57.286450 -13.019539 -37.662892 -4.688654 3.134374 -157.925569 33.921641 -23.839710 -3.049944 -89.784206 -20.044485 49.075656 -18.521324 194.014845 -109.667177 84.941128 -19.027497 28.164422 -13.967095 13.897766 -23.750638 -8.878125 4.158249 5.252474 -40.981839 23.099480 9.874911 4.121518 -53.809713 -25.924957 -84.379145 -18.274564 -2.172380 -93.178349 68.904806 -16.219722 -0.187379 -31.504030 -0.929344 30.906387 -1.818386 0.688756 -57.064687 23.615243 5.582849 -80.080349 26.221151 0.874860 0.021069 19.932966 8.728905 -0.715386 -1.991174 7.666820 29.543210 9.030456 -25.369248 -43.866034 -41.909397 -8.917610 -3.508162 -88.220182 15.577900 31.369197 -5.258800 -12.433221 31.133354 62.887818 3.557749 -59.743700 43.440720 20.444087 14.918274 -53.480563 41.119223 10.189521 31.514743 20.963881 12.679625 4.573717 5.223753 -5.928273 13.866850 7.753137 10.321447 -37.328130 -0.950974 28.513978 0.251913 -80.214315 0.819967 78.871289 -3.503877 -39.328283 9.918631 37.664422 -3.850117 -53.472248 7.036476 1.657331 0.258290 -12.394552 6.189419 21.581114 0.286909 22.306805 -0.826701 5.052495 -2.872870 35.417049 -0.201408 5.237221 10.896898 25.734109 41.747832 49.908632 0.276808 -23.762014 1.952811 32.295174 6.261606 -32.049740 10.155341 7.565963 -1.565248 -39.748852 8.119427 25.865728 -5.968371 -33.206459 6.733701 33.624936 -3.899449 -5.600449 4.262626 7.394348 -2.154984 16.236251 2.578461 6.346903 -1.756351 43.183145 55.157331 19.735792 1.794766 37.702326 33.605040 17.083614 7.858178 40.303796 106.341598 22.097745 34.109019 -51.178910 71.614121 40.269819 -25.751250 -62.026783 -19.277625 22.864351 -13.470564 -23.413937 -0.483216 2.001581 -1.314407 5.048464 3.115549 0.517039 -4.347720 
-2.637588 5.979900 1.227528 -0.599327 -47.418886 1.880982 0.205540 -2.764055 45.939190 16.001684 -3.580400 30.511274 78.709009 13.188858 -9.195694 48.283645 -11.138557 9.085808 -3.543516 7.531068 -48.578972 2.328742 -3.023416 -20.212937 -28.662177 2.962504 -1.419855 -12.681308 6.724263 18.539588 4.284716 0.130242 -47.746505 17.848638 8.344404 -0.969136 -30.825528 -17.134935 8.306601 -0.046577 40.475360 -10.002347 -0.909193 18.129068 27.255331 22.252372 1.785277 17.216764 4.991940 4.845118 1.420977 2.889603 -41.431283 -10.844098 0.342822 -7.882257 4.115907 -39.017804 4.140037 2.159576 -27.974952 -11.440924 16.710489 -2.946791 -7.798337 -43.664881 4.059280 -1.245383 27.671309 -73.453117 3.678604 -4.217886 24.256657 -9.967554 -2.564534 3.020151 28.952250 3.170136 -0.198857 14.600194 -32.126569 -4.471942 -1.182124 -3.682379 0.886950 -32.676155 -1.378584 3.129119 -42.788593 -26.862871 -4.598663 1.270125 10.107183 -17.930007 15.507193 -0.581828 11.782012 -18.036323 12.431691 -6.073921 -18.826752 -10.617233 -0.426181 -0.778645 36.865167 1.127283 2.005765 10.577747 6.242067 4.114784 2.756351 20.587746 -12.732629 -9.155290 -8.388226 1.794154 -28.524232 -5.618049 3.237221 4.453882 18.782828 5.373176 25.871493 5.425824 -13.461228 1.339506 8.240894 3.348740 -21.705846 -0.872105 0.782216 3.210693 31.181002 -0.656362 4.395011 6.121161 10.691154 11.604836 2.581114 14.982298 -13.143302 -5.719569 15.551423 -0.329711 5.837159 2.464748 25.532548 4.071064 24.013621 13.800429 11.595347 17.637231 -28.431589 11.405928 -2.280278 14.685899 -12.758800 2.951791 -5.554586 5.455464 38.248036 1.156566 5.374605 2.666871 -2.177890 -1.867360 -0.081012 -0.058004 34.185899 73.437863 60.121008 2.233701 9.014539 6.954903 21.997755 11.160749 -4.491429 4.488522 -0.921079 20.512601 -60.520967 14.243138 -25.074992 18.829099 3.220233 29.827977 -1.631058 12.828334 35.280737 7.569126 8.025457 4.423426 -2.095245 -0.685644 0.938986 -0.986379 
23.725513 54.060963 2.271095 7.349327 -384.925696 11.803132 -35.593740 -1.257525 -1295.063846 -179.865320 -101.801602 -61.450439 370.905775 80.469085 103.102949 -11.138557 1410.563029 210.398811 106.979007 275.452173 53.003903 -21.748393 1.837236 127.148658 -639.110550 -200.406489 -13.100806 -346.508315 41.618253 12.638557 -11.498444 20.849786 -171.173375 103.278313 -115.648123 32.400954 -486.972681 58.275202 -106.490027 -7.617565 278.608203 -423.280941 96.456714 -68.964927 380.305275 -231.912152 48.223217 53.294026 149.183910 43.925084 8.165340 262.868661 -399.888277 -1.762422 -0.151133 -143.595475 -24.041297 -481.698679 -59.651286 0.707504 -111.672431 -89.533134 -128.533491 -4.462759 -104.887614 106.281502 -86.800097 5.320452 162.175339 -277.931869 51.645317 -3.113611 -260.743113 -77.179369 12.400393 -24.942098 -2.553489 71.375778 3.710565 179.562800 -233.283900 154.507295 7.057009 171.710157 18.839175 46.272345 2.505765 5.257474 -216.138863 47.315810 -35.868049 22.720692 -98.518799 164.530329 79.593358 11.925722 162.436537 227.547113 104.038695 54.299357 -350.779997 119.271503 -12.044664 87.277268 -71.691613 50.013672 -0.032854 102.383226 -3.829533 89.214876 5.407331 168.898021 -137.723294 182.668605 -2.611315 11.327518 -39.433298 41.465616 -8.707606 33.005255 145.252525 66.212682 76.641134 23.672202 183.052367 21.958474 60.029997 16.920085 -240.258341 1.970360 -26.413759 32.861162 -21.563463 5.147179 -2.625038 61.224569 214.174089 54.460361 14.546526 95.094608 -158.499031 -125.402331 -9.016988 -2.537828 189.740664 -13.138532 40.033109 31.448220 186.984542 56.316651 56.929676 51.427278 71.767218 50.622768 17.473574 22.122870 -281.542164 38.962580 -65.047113 18.834022 59.529742 20.368687 11.725258 22.750714 124.609708 34.052622 9.668478 63.519207 371.173375 51.555249 71.246761 29.777548 348.533211 245.577007 129.312851 80.282318 158.883532 308.426997 120.096929 90.920365 -166.972375 145.204520 -71.419039 2.358917 -278.029691 140.435797 -123.494057 12.760280 82.020457 72.436384 24.061320 15.537547 196.116136 13.777013 4.119784 56.881007 
24.005127 19.239261 0.512295 1.975589 -42.400903 15.952199 -10.061142 0.907918 -227.289129 -19.375421 -25.992450 1.562111 43.146975 88.822161 27.142281 9.085808 210.398811 181.741480 34.740409 61.493955 -79.306933 77.864555 3.354683 -4.686818 -67.523008 25.096725 -2.019845 -66.440057 12.113509 -1.707020 -2.500434 5.540787 -36.219442 45.709902 -16.259846 13.616442 -119.784894 16.867335 -6.663733 2.592873 43.566881 -44.154525 43.298617 -23.811728 122.887767 8.494643 22.790251 5.363662 33.573105 47.586700 5.409295 8.657152 -106.610040 68.353892 3.390190 -12.511147 -16.100679 -216.889986 -33.308310 -9.368559 -5.301755 -68.212657 -26.618585 0.007091 22.930262 -43.227069 -15.022013 -3.001709 36.194470 -130.496301 27.036501 -31.078870 9.404729 8.095194 19.659652 -51.069126 65.603994 46.104581 7.434777 5.727324 -135.429905 46.817059 0.638277 -17.121493 -14.412126 -78.476048 -29.324508 -5.128966 -36.366748 -27.591904 -4.620727 -1.141567 -25.567621 9.686282 29.893174 -1.124936 -23.813080 32.300250 24.554459 0.963269 -107.085323 28.442302 7.734338 -2.119580 60.715182 23.003724 11.674829 12.625191 -57.784384 18.749770 -0.025176 -26.866595 -11.530915 65.652382 12.065299 5.861035 -28.781629 12.462555 16.199189 10.975105 2.292929 12.608305 17.127666 4.579762 -37.557979 7.217733 -4.790940 -0.586190 -79.366238 0.383736 -7.407790 5.026604 69.222273 2.049230 16.891032 2.380369 22.556550 7.401592 4.773339 -4.150724 16.816090 40.288976 37.360422 -1.094608 4.914218 9.368049 3.854658 21.630344 43.608050 34.459443 -0.094659 30.404933 -55.726814 34.832900 -19.927558 2.042674 -56.075681 8.648531 -2.017422 0.039715 69.644220 7.156566 22.531196 -0.539154 9.618126 10.158377 4.589659 -1.967019 148.638634 106.345424 61.354811 6.232553 -1.950719 26.097516 17.112514 19.930925 -4.028313 54.446740 -24.305122 43.831599 -98.978803 130.907152 -82.276247 28.593383 -37.978727 88.991812 11.898658 -1.577339 46.645648 14.038925 26.594684 -0.833282 -8.868100 -1.108662 0.679318 -0.505586 
2.125880 -0.602030 0.310581 -0.064815 -51.571243 -6.087593 -4.931665 -2.066524 -139.970182 -30.547138 -7.903071 -8.185976 90.541220 18.409397 59.744822 -3.543516 106.979007 34.740409 50.634655 -3.176844 -69.712810 -8.883379 6.085170 -36.512040 -34.661055 -1.407867 -1.099429 -30.818233 -1.141618 -17.254464 -2.551704 0.881925 -47.653632 13.672712 -13.466764 3.037318 -70.348255 -0.678426 3.411259 -4.334736 68.968626 -49.441179 43.488394 -11.202301 34.199214 -8.902510 16.892179 -10.836828 -14.510305 4.748316 4.386185 -19.337950 -26.071013 10.673299 1.705617 -20.331471 -10.186843 -70.521452 -11.256428 -3.118483 -33.487858 13.245103 -13.137716 0.669932 -18.445924 10.057902 6.152153 -0.498189 9.231354 -43.309739 20.302342 -5.028211 -36.422635 15.978574 1.349888 -4.853025 12.414371 8.818845 0.688068 2.220284 -13.416131 19.598204 3.096495 -8.582772 -7.533645 -12.301576 -3.380828 -4.563922 -45.366595 12.883762 6.433604 -2.948730 -11.559203 17.181385 28.912917 1.808183 -16.335272 17.012218 14.332083 4.612948 -43.750153 15.576370 2.829992 11.801602 20.893786 6.237272 4.922151 3.848791 -10.579762 11.412764 1.595577 -2.897664 -22.188858 17.295327 6.877206 -0.330425 -38.174344 0.559280 25.827288 -0.538823 1.717172 4.778339 22.843154 -0.210259 -17.602362 2.812009 1.232476 0.929267 -16.790021 0.190746 10.392485 0.718830 15.114223 -0.688909 6.272115 -1.388379 8.848561 2.320324 0.193909 1.305811 -16.127589 33.450745 18.808999 -0.558948 -14.717554 10.360091 17.846240 10.557035 -5.110958 13.253290 8.831879 5.544358 -16.906336 5.625064 6.085604 -0.391822 -13.954928 2.085629 10.321115 -1.047062 7.448934 1.040404 5.246378 -0.534869 -0.890292 -0.308718 1.317697 -1.457836 31.143531 33.267830 19.138404 -0.874885 19.177839 30.276732 16.161336 17.059178 10.808234 53.675390 10.761300 26.394194 -28.939317 38.538312 2.906489 -2.551092 -16.929599 8.889425 1.994924 -4.091419 2.414856 1.536017 5.245434 -0.234262 -6.994516 -0.840526 0.135394 -1.234695 
7.508953 5.158555 1.042853 -0.068182 -48.632920 11.302877 -4.507117 2.754974 -235.299434 -26.949495 -28.279920 -1.643786 -141.002602 -33.655647 -29.709979 7.531068 275.452173 61.493955 -3.176844 157.631084 34.386823 19.991276 0.053489 110.731558 -194.452862 -46.698347 -4.232629 -87.535507 3.827671 -52.722987 -6.806627 -1.748163 11.877487 -55.764692 -20.713422 4.793771 -56.105372 -42.217095 -39.311677 4.268519 -61.366850 -80.424549 -21.565121 -13.293771 43.102694 -41.475207 -0.394169 50.590526 37.524640 17.477273 1.936333 140.657867 -175.910009 2.090603 0.187557 -61.610575 -19.767600 -98.377487 -19.405647 3.684956 -0.887818 -107.815197 -20.892945 -3.101316 -12.751913 7.714111 -26.205158 0.394322 9.567799 4.560683 5.306015 -11.200796 -58.899219 0.491276 13.680976 -16.579278 1.768365 20.941384 5.079354 84.908326 -139.106979 30.218855 -2.250918 53.822391 25.767753 144.181129 10.983777 14.636517 -8.165442 31.429063 -14.815350 13.032599 -40.435185 47.119911 -15.417815 1.379094 35.686103 77.289180 15.364937 5.768136 -87.149449 21.991736 2.626339 5.238139 -14.581267 4.575451 2.483624 31.430211 -1.203933 28.394858 -5.268825 89.559535 -8.743343 89.966789 -16.110805 7.897612 68.997169 1.829354 -55.306015 15.418886 60.454545 -1.771044 -24.329125 6.394475 54.218167 -1.210438 6.980257 1.368610 -50.173095 -4.079278 -10.822544 4.338307 -14.697735 0.084787 1.775941 9.824763 53.303260 26.950872 -0.175849 39.008341 -49.226201 -79.294230 -49.370983 -0.399066 99.963499 -19.561142 -26.168350 9.287267 78.980257 0.542700 2.485537 13.001760 32.836547 -4.064203 -1.940159 3.819483 -53.657713 -1.869376 -16.718473 5.490129 15.478114 1.696970 0.703780 3.178222 12.985690 11.447582 -0.137818 9.586088 33.839685 -78.060147 -26.524181 2.516758 107.977961 56.648378 21.787037 18.137129 0.788338 54.697888 11.773799 13.101775 -37.166437 1.428069 -7.123967 18.149755 -50.137282 33.991506 -19.373814 10.089379 31.694062 12.673707 3.741353 3.837619 13.147766 -0.526630 0.133456 6.684803 
