405.723804 172.776043 119.841649 3.963881 256.184879 518.580196 52.347260 38.636772 -177.477145 162.221508 -137.500612 99.585757 -259.202581 -176.783696 -31.175288 -57.546934 -111.558923 -31.634833 -1.066881 -39.308897 -3.078972 -0.635343 0.000000 -0.781961 0.000000 0.000000 0.000000 0.000000 448.270483 156.442710 157.132027 6.705846 -34.730538 123.213907 -79.616621 18.947556 -88.994184 38.852617 -171.089175 127.227273 -21.822263 -23.899500 -20.508673 5.817519 -159.987654 -7.747628 -3.596521 -89.240588 -22.974186 -2.310121 -0.048873 -11.069330 0.000000 0.000000 0.000000 0.000000 433.379298 155.988726 39.049281 -2.934190 -183.884706 -43.788797 -219.977451 2.134272 -100.943832 6.839047 -115.268697 63.797317 76.715029 46.688348 -6.884910 96.757117 -125.870115 9.465820 -1.935262 -90.810938 -71.801959 -2.961688 -0.108458 -53.793848 -1.789001 -0.635343 0.000000 -1.796551 89.280533 -16.430976 -159.167534 -5.005663 -182.978625 -40.896439 -177.031782 0.000000 -50.332415 2.608662 -33.898429 12.692378 101.708499 38.778135 0.273850 101.872207 -14.129885 44.347924 -2.122079 22.316855 -108.458576 11.865371 -1.306703 -105.336496 -20.270381 -3.672125 -0.293235 -21.549587 -177.868075 -203.375523 -139.367105 0.417866 -110.080706 -24.714366 -70.316141 0.000000 -15.433935 -0.554535 -5.327109 0.127742 41.913835 13.659525 0.080502 29.295021 80.154729 57.473727 0.449240 80.128711 -48.202479 55.824610 -0.091215 -56.299918 -69.918427 -1.409754 -0.546067 -60.128507 -233.353280 -131.491736 -55.148862 -4.526579 -52.784461 -9.386644 -18.440975 0.000000 -1.808285 0.000000 -0.635343 0.000000 2.572901 0.000000 0.000000 0.476074 60.001479 28.491276 0.501173 35.261963 18.998623 54.429140 0.017345 22.068820 -106.581012 55.043108 -0.937047 -57.168758 -148.846801 -130.572850 -13.567595 -3.409244 -23.773033 -6.359759 -5.396949 0.000000 0.000000 0.000000 0.000000 0.000000 0.000000 0.000000 0.000000 0.000000 21.412050 3.107489 0.000000 8.767881 63.510764 67.606265 -0.195490 39.130497 -89.202785 183.264055 -3.434854 -47.804459 
172.776043 165.499133 59.153148 5.719314 37.440924 256.524946 10.635751 10.722426 -74.513825 69.721865 -52.980104 40.025202 -81.568462 -74.013060 -10.754311 -13.331548 -41.299663 -13.317417 -0.465259 -14.394348 -1.221304 -0.252015 0.000000 -0.310172 0.000000 0.000000 0.000000 0.000000 149.226150 170.226405 71.626620 10.736762 -86.259208 89.978165 -48.618916 6.423273 -35.931436 2.984389 -67.206203 60.797980 -2.901031 -28.464902 -9.357872 7.330476 -63.559484 -7.714723 -1.482604 -35.680900 -9.396184 -0.910111 -0.019386 -4.506887 0.000000 0.000000 0.000000 0.000000 84.070962 78.587797 -16.818794 1.063208 -141.088817 -8.343893 -109.625089 0.647944 -41.216866 0.321039 -46.652025 30.487042 33.867616 1.573972 -3.725283 52.608356 -57.748189 -6.890827 -1.737833 -38.551933 -28.996939 -3.347005 -0.013825 -24.121671 -0.833895 -0.252015 0.000000 -0.716458 -86.185491 -53.316498 -104.816090 -1.126569 -112.976686 -17.938119 -81.548720 0.000000 -20.454086 -0.097184 -13.704265 7.290634 52.828997 9.841088 -0.539843 54.686103 -0.782114 6.113356 -1.922151 6.140751 -55.484338 0.288746 -0.527089 -49.895521 -10.665493 -0.924446 -0.116315 -9.620753 -170.050199 -119.437761 -73.895674 -1.581471 -62.131262 -11.349607 -32.665646 0.000000 -6.242220 -0.252015 -2.113050 0.427507 22.217019 4.147944 -0.035507 20.397510 44.756657 11.888379 -0.209723 46.097184 -29.123967 19.568871 -0.813284 -36.596929 -33.451638 -2.437200 -0.232629 -30.541526 -147.128660 -77.329201 -27.811805 -2.157229 -27.374554 -4.514029 -8.351801 0.000000 -0.717274 0.000000 -0.252015 0.000000 1.619784 0.000000 0.000000 0.566320 48.084073 7.387052 0.119274 32.264820 4.910927 21.189317 -0.077186 -3.407509 -58.454647 25.685695 -0.387716 -42.271248 -91.067340 -67.687940 -7.293899 -1.482400 -11.954699 -3.063718 -2.185848 0.000000 0.000000 0.000000 0.000000 0.000000 0.000000 0.000000 0.000000 0.000000 26.036833 1.445159 0.000000 11.434445 57.220029 55.601112 -0.077543 29.918784 -76.927150 128.662330 1.737119 -46.334048 
119.841649 59.153148 58.108484 0.931053 72.669728 181.602923 43.281604 13.077007 -56.725462 65.551474 -41.844047 46.751581 -79.675645 -69.163325 -10.800709 -7.671513 -42.957912 -13.011096 -0.410315 -13.111086 -1.116850 -0.230461 0.000000 -0.283645 0.000000 0.000000 0.000000 0.000000 156.989338 65.978905 84.531859 1.690695 -31.840807 28.495052 -8.720156 6.408836 -32.120447 -7.783747 -58.746582 55.487374 2.931946 -28.547648 -6.974161 15.580987 -59.858025 -9.568335 -1.329686 -30.397153 -9.475870 -1.016350 -0.017728 -4.397612 0.000000 0.000000 0.000000 0.000000 127.360780 58.568692 33.284129 -0.666514 -95.643123 -24.793848 -77.528798 0.368279 -45.852923 -9.469876 -41.883175 24.176946 34.369069 -0.591113 -2.341980 54.580349 -52.465233 -6.056066 -0.730716 -28.046628 -30.789333 -3.154449 -0.091623 -21.526171 -0.914422 -0.230461 0.000000 -0.673656 -34.825528 -14.529461 -54.299689 0.287267 -88.652025 -17.024385 -65.454341 0.000000 -21.847567 -1.373661 -12.362233 4.702479 32.033415 3.991940 0.260382 49.316651 -4.835272 3.523850 0.010917 27.108943 -51.061269 -6.774360 -0.427916 -38.163096 -11.112131 -3.839634 -0.106367 -8.648072 -145.804943 -90.133940 -57.620472 0.386721 -51.539460 -9.280864 -27.612438 0.000000 -5.708346 -0.230461 -1.932328 -0.010305 11.898684 1.668784 0.105755 13.760509 30.227961 11.629451 0.736277 47.383762 -22.351469 6.832185 0.340603 -7.639144 -41.504285 -13.270023 -0.192531 -24.258137 -128.051933 -68.097796 -22.376977 -2.143582 -24.085808 -4.529742 -7.286093 0.000000 -0.655928 0.000000 -0.230461 0.000000 0.334685 0.000000 0.000000 0.052673 25.658887 6.160468 0.358076 20.477451 3.746097 13.199342 0.233675 27.602490 -68.837746 4.743445 -0.334354 -12.487782 -68.652357 -57.608203 -5.831063 -1.555709 -10.730104 -2.832823 -2.114963 0.000000 0.000000 0.000000 0.000000 0.000000 0.000000 0.000000 0.000000 0.000000 10.719289 1.119274 0.000000 5.307443 21.785175 18.158453 -0.070911 30.810632 -83.783594 64.094021 2.689726 15.996888 
3.963881 5.719314 0.931053 0.423554 1.189624 5.513085 -0.115243 0.444980 -0.720003 0.868381 -0.984389 1.496710 -2.774411 -2.259030 -0.266682 -0.326752 -1.277778 -0.268825 -0.009183 -0.448041 -0.024105 -0.004974 0.000000 -0.006122 0.000000 0.000000 0.000000 0.000000 0.760943 3.555173 -0.305249 0.702938 -0.819942 1.465412 -1.205464 0.530915 -0.057392 -0.587695 -1.353153 2.179293 -0.697276 -0.746250 -0.203933 1.080885 -2.053872 -0.188017 -0.029461 -0.794307 -0.235690 -0.027931 -0.000383 -0.103306 0.000000 0.000000 0.000000 0.000000 -0.809305 -1.690618 -1.410698 -0.036731 -1.733777 -0.739210 -2.075834 -0.003061 -1.202479 -0.409167 -1.017753 0.894016 -0.351928 -0.259106 -0.083792 2.211203 -2.083946 -0.261402 -0.044766 0.175543 -0.800046 -0.162152 -0.005357 -0.365473 -0.021044 -0.004974 0.000000 -0.014539 -1.494490 -2.371212 -1.753979 -0.080349 -0.832109 -0.425314 -1.387358 0.000000 -0.488062 -0.056244 -0.273569 0.137282 0.712733 0.035507 -0.016835 1.150138 -0.595347 -0.271886 -0.069636 1.007729 -1.507499 -0.426385 -0.027548 -0.336853 -0.285430 -0.111647 -0.002296 -0.147153 -0.396924 -2.119452 -0.927533 -0.073079 -0.289639 -0.170875 -0.520049 0.000000 -0.123202 -0.004974 -0.041705 -0.001530 0.250230 0.090373 -0.002296 0.404576 0.392792 0.070631 -0.027166 1.066345 -1.099403 0.086088 -0.040174 0.356673 -1.057392 -0.280227 -0.004591 -0.168350 2.277166 -1.230946 -0.220003 -0.032675 -0.007193 -0.028620 -0.125497 0.000000 -0.014157 0.000000 -0.004974 0.000000 -0.008800 0.000000 0.000000 -0.002678 0.581803 0.081038 -0.003826 0.760178 -0.396694 -0.087006 -0.008800 0.346954 -1.524258 0.234925 -0.007652 0.181283 3.871212 2.372819 -0.012014 0.203398 0.298209 -0.011325 -0.027625 0.000000 0.000000 0.000000 0.000000 0.000000 0.000000 0.000000 0.000000 0.000000 0.671182 -0.004438 0.000000 0.190924 1.962045 1.218702 -0.001530 0.337313 -1.316345 2.041016 -0.064432 -0.818794 
256.184879 37.440924 72.669728 1.189624 925.584940 508.134527 182.713499 46.740282 69.910315 365.496174 -213.365473 225.962657 -656.013468 -371.676002 -117.276706 -73.586930 -374.939394 -94.434803 -3.074380 -122.576523 -12.348026 -2.737680 0.000000 -2.783594 0.000000 0.000000 0.000000 0.000000 461.188552 49.865167 155.584634 0.122590 354.097949 68.330272 19.044077 19.149066 -95.073462 80.906336 -317.870217 212.878788 -26.993725 -22.297827 -67.628711 134.893633 -404.102694 9.317723 -8.750842 -169.484389 -74.572391 -5.767065 -0.256045 -34.642332 0.000000 0.000000 0.000000 0.000000 673.747322 127.504897 116.178145 -6.762167 85.399755 -83.462351 -263.272421 1.552648 -163.942608 -19.272421 -263.605755 82.449189 106.023875 138.349556 -23.528466 211.907713 -236.992501 74.389042 -1.598714 -59.212274 -190.951331 -9.765534 0.238598 -96.300735 -4.239057 -2.868993 0.000000 -5.982247 500.427456 79.762626 -97.297215 -13.830119 -90.469544 -55.642179 -277.157637 0.000000 -106.042700 -8.618457 -84.794613 7.824610 77.977349 50.464034 1.223906 117.980257 -22.093358 86.653199 7.520967 148.504438 -210.404346 -4.829813 1.443526 -89.198041 -60.949189 -17.422100 -0.612029 -34.163912 187.648301 -106.936333 -160.981788 -3.157178 -83.023263 -18.170034 -129.258188 0.000000 -32.572850 -1.929599 -16.040251 0.228344 21.478880 10.481941 0.377870 21.679676 53.257117 50.571013 4.073309 126.542700 -69.264004 50.201102 2.999082 74.770279 -175.154270 -50.470003 -1.032140 -50.664983 -91.169268 -90.571166 -85.008877 -3.667279 -55.956076 -0.385522 -36.639425 0.000000 -4.948424 0.000000 -1.985155 0.000000 0.525099 0.000000 0.000000 0.248087 16.960667 14.064738 0.959749 25.843128 -6.216253 37.646006 0.939241 108.253597 -167.645393 24.509795 -0.201714 24.274870 -102.954545 -134.243802 -28.643863 -4.273186 -43.329201 -10.151668 -13.576370 0.000000 0.000000 0.000000 0.000000 0.000000 0.000000 0.000000 0.000000 0.000000 -1.472605 2.416743 0.000000 -1.112182 7.434650 5.680747 0.389960 25.812366 -87.431589 71.522804 1.318335 87.911540 
518.580196 256.524946 181.602923 5.513085 508.134527 885.892792 125.028007 47.429216 -216.284588 432.591674 -233.685491 172.259489 -387.114478 -298.012779 -63.064356 -75.736149 -229.560606 -64.422635 -1.961892 -78.285200 -6.420799 -1.415595 0.000000 -1.747322 0.000000 0.000000 0.000000 0.000000 708.627946 345.547674 320.537114 9.371442 -29.804943 264.384451 -81.530533 22.867156 -201.525712 92.969238 -325.401209 202.851010 22.717937 -61.553566 -42.281833 47.518748 -291.703704 -15.069100 -6.313973 -156.069789 -47.486532 -3.742042 -0.139195 -23.744261 0.000000 0.000000 0.000000 0.000000 730.876798 393.056091 125.267906 -0.898072 -342.229951 -35.965106 -398.645011 1.921794 -241.122590 -5.912687 -245.218243 91.336930 159.797750 56.892715 -16.327135 181.280073 -199.793924 13.946434 -3.573691 -139.532293 -141.435491 -8.111035 0.318947 -101.000459 -2.842593 -1.440848 0.000000 -4.067187 95.597337 -0.446970 -285.224901 -4.261249 -371.538414 -68.191766 -359.887665 0.000000 -123.085399 -2.911157 -77.251684 17.199725 160.675237 46.173860 -0.033670 166.243343 1.831803 56.923401 1.676615 74.040021 -207.534282 0.995256 1.008264 -173.771503 -46.420263 -8.853459 -0.511938 -40.254591 -385.145317 -381.397077 -288.750612 -0.793312 -227.547368 -40.258418 -159.108968 0.000000 -35.734925 -1.274181 -13.035889 0.776553 58.720386 16.161693 0.371901 48.883762 135.370294 62.067110 4.475742 159.941460 -81.959826 84.616850 3.243113 -73.670722 -146.030762 -9.711050 -0.867309 -112.690236 -464.634833 -287.642332 -123.138124 -8.601393 -109.287573 -14.425926 -44.241812 0.000000 -4.392639 0.000000 -1.718626 0.000000 4.343970 0.000000 0.000000 1.106443 106.713422 31.369376 1.330272 67.975819 40.102847 94.188476 0.763162 42.700796 -203.796679 95.698041 -1.708142 -108.954469 -301.143939 -258.507805 -33.701025 -5.596878 -55.716483 -13.613101 -12.586241 0.000000 0.000000 0.000000 0.000000 0.000000 0.000000 0.000000 0.000000 0.000000 38.449571 4.907560 0.000000 16.882537 112.428222 113.763851 -0.395164 67.914294 -165.954086 342.412611 1.845424 -82.463116 
52.347260 10.635751 43.281604 -0.115243 182.713499 125.028007 151.066116 6.797827 -3.574227 130.415672 0.068411 92.791705 -136.279461 -116.278084 -33.916590 23.376186 -112.035354 -35.380624 -1.120753 -32.388583 -3.679982 -0.917049 0.000000 -0.732017 0.000000 0.000000 0.000000 0.000000 143.235690 31.984236 119.660086 -0.327824 66.001224 -3.690695 102.060147 2.734313 -63.707989 -34.490817 -77.989287 79.752525 39.102541 -74.016223 -21.710132 84.355678 -121.856902 -20.410927 -3.400673 -45.846648 -25.836700 -2.867922 -0.086471 -12.432966 0.000000 0.000000 0.000000 0.000000 174.647536 62.672788 155.263085 1.617998 -80.470003 -50.793848 -48.673860 -0.201867 -118.149219 -41.396082 -92.633456 21.931436 63.459137 -17.967095 -8.356290 112.060147 -80.284818 -16.778849 -0.844353 -7.190848 -76.805326 -12.989746 -0.210591 -40.420110 -2.836700 -0.962504 0.000000 -2.124273 48.103765 41.626263 21.080502 6.396694 -139.465718 -32.843128 -107.522804 0.000000 -68.049587 -6.079890 -35.978114 1.313590 30.577747 -6.202785 1.048822 65.956382 2.875727 -11.673401 4.282522 104.044689 -112.659474 -33.469085 -0.084481 -35.522804 -31.709213 -11.691766 -0.251148 -16.196051 -170.078512 -70.349709 -84.566881 3.620447 -105.210897 -17.218855 -66.500765 0.000000 -18.722375 -0.684726 -7.299051 -0.022651 7.561983 -1.878635 0.390266 14.353382 36.129477 -5.683961 2.663606 96.044536 -47.374197 -22.948118 1.612489 59.895929 -109.430211 -49.376645 -0.305326 -28.910774 -259.411081 -118.900826 -52.710591 -2.869452 -65.383226 -10.791246 -20.311907 0.000000 -2.361035 0.000000 -0.841292 0.000000 0.526324 0.000000 0.000000 0.121977 20.214723 -2.821855 0.761555 33.239516 -15.844812 -14.643251 0.773799 104.911693 -165.118610 -35.260484 0.154423 37.298133 -166.813131 -148.505510 -16.609122 -3.860422 -35.286501 -9.301959 -7.323998 0.000000 0.000000 0.000000 0.000000 0.000000 0.000000 0.000000 0.000000 0.000000 3.990052 0.638353 0.000000 5.042853 1.528160 -7.543006 -0.063055 61.914448 -183.564738 23.123202 4.054484 124.119223 
38.636772 10.722426 13.077007 0.444980 46.740282 47.429216 6.797827 10.059815 -15.127615 -2.838894 -17.532905 18.348051 -53.213244 -32.547878 -3.661642 -12.901490 -18.218855 -4.301576 -0.116315 -6.339328 -0.358356 -0.073947 0.000000 -0.091011 0.000000 0.000000 0.000000 0.000000 45.495511 10.977477 14.492934 0.570554 0.973498 11.738649 -8.637052 4.357923 -3.967707 4.155188 -20.770406 24.699495 -11.845628 -4.747118 -2.011606 1.064101 -29.349046 -2.047368 -0.417789 -15.254821 -3.362514 -0.334430 -0.005688 -1.434803 0.000000 0.000000 0.000000 0.000000 48.009744 12.670518 6.209443 -0.546067 -11.840807 -6.380165 -25.186996 0.313080 -9.734772 0.850041 -13.418478 12.862080 9.541399 9.654015 -0.215412 19.678604 -27.508596 1.326956 0.021350 -13.648505 -12.562366 -1.548031 -0.079635 -7.061983 -0.312851 -0.073947 0.000000 -0.216151 10.332415 -1.622054 -16.113534 -1.063208 -12.248801 -4.562392 -18.977247 0.000000 -5.473370 0.093128 -3.819585 2.018365 13.511121 5.525508 0.365881 18.288950 -7.802010 4.971100 0.176870 10.459009 -21.475462 -1.525457 -0.247934 -12.349301 -3.891542 -0.857795 -0.034129 -2.652663 -19.727196 -24.089659 -15.153632 -0.773314 -4.307647 -2.057520 -7.147893 0.000000 -1.791195 -0.073947 -0.620013 -0.022753 4.738598 1.881262 0.066881 4.598536 7.696740 7.998189 0.384017 17.381619 -14.525941 3.168733 0.231022 2.527115 -14.801041 -3.256606 -0.068258 -5.024691 -9.128966 -12.724977 -3.662968 -0.773314 0.447607 -0.298541 -1.566065 0.000000 -0.210463 0.000000 -0.073947 0.000000 0.020687 0.000000 0.000000 0.000587 4.272702 2.931359 0.185542 6.187838 -4.039945 4.114249 0.111596 13.793746 -21.715514 1.335986 -0.113764 2.068131 12.632155 0.412611 0.173579 -0.216560 1.468396 -0.049179 -0.407994 0.000000 0.000000 0.000000 0.000000 0.000000 0.000000 0.000000 0.000000 0.000000 1.376212 0.283849 0.000000 0.644807 2.382869 1.384706 -0.022753 7.668248 -20.027242 4.410111 1.146822 10.539384 
-177.477145 -74.513825 -56.725462 -0.720003 69.910315 -216.284588 -3.574227 -15.127615 597.911667 -102.028569 32.520967 70.114606 -40.249719 -178.168529 -37.761529 31.567085 -235.670034 -60.759489 -0.321702 -69.216993 -9.908861 -1.739491 0.000000 -2.333997 0.000000 0.000000 0.000000 0.000000 -207.837262 -92.294128 -99.039613 -1.644934 194.806270 -87.468983 37.908402 -7.148250 241.858892 -68.309458 16.460795 7.310606 114.690287 2.615958 -15.162560 90.016401 -166.687991 4.582262 2.020483 -48.027548 -54.023008 -3.543746 0.012269 -19.949954 0.000000 0.000000 0.000000 0.000000 -189.802826 -144.680772 -51.460591 -13.509030 229.306219 -28.789256 62.818615 -1.012958 122.701255 -27.157816 -6.156974 -10.125013 44.694597 28.943016 -1.878711 52.294766 -45.640470 50.900469 9.733471 44.229160 -109.989976 -3.768008 1.055607 -35.481175 -5.744388 -1.502117 0.000000 -2.816600 3.145546 -42.428451 70.876926 -18.903275 176.486328 7.425263 77.031731 0.000000 44.168044 -0.817646 4.530022 -3.653352 -19.013570 11.670850 3.307520 -13.717784 32.627844 42.682099 19.818845 64.883813 -71.469289 -9.258902 6.484389 8.418937 -36.390981 -19.251173 0.149373 -11.884986 161.183578 135.511912 103.242552 -11.984874 87.547011 11.619809 46.036170 0.000000 11.218345 -0.345551 2.019156 0.049077 -15.830425 -2.424574 0.417049 -11.529971 -39.419421 6.406158 5.088282 12.645929 15.211433 10.032369 4.838766 106.475487 -80.075451 -47.410366 0.460361 8.794052 213.217274 97.941690 38.977324 -0.161642 42.783185 6.705948 12.057953 0.000000 -0.404627 0.000000 0.674651 0.000000 -1.177405 0.000000 0.000000 -0.141389 -54.120115 -5.462580 -0.144985 -21.839659 6.237833 16.238828 1.701383 38.606316 -20.838971 -22.255484 1.543363 68.136032 134.978956 124.969850 6.899730 1.408020 8.485231 2.862157 2.907382 0.000000 0.000000 0.000000 0.000000 0.000000 0.000000 0.000000 0.000000 0.000000 -18.727604 -0.129732 0.000000 -12.847898 -62.736098 -33.153454 1.362208 -53.194266 70.524946 -80.755994 -4.530507 90.053974 
162.221508 69.721865 65.551474 0.868381 365.496174 432.591674 130.415672 -2.838894 -102.028569 688.725640 -88.453780 18.997602 2.100449 121.608407 -51.210183 24.467758 -72.998316 -31.191307 -0.740894 -15.099990 -5.002296 -1.486124 0.000000 -1.103357 0.000000 0.000000 0.000000 0.000000 343.346240 151.661259 179.784461 0.890419 169.307112 123.342465 64.910927 0.893837 -159.691613 52.033976 -175.358229 0.500000 136.298031 -7.668554 -39.612897 48.921284 5.860831 5.458525 -2.207632 -8.239669 -16.999439 -1.906540 -0.193960 -14.374197 0.000000 0.000000 0.000000 0.000000 470.643302 240.434547 137.850015 1.501071 -111.320886 -21.173095 -182.343842 -0.718345 -258.445210 -66.401082 -191.837108 -25.730232 46.777931 -39.553617 -21.386287 -17.619376 87.537139 -1.767881 -0.198347 -9.961075 -31.068258 1.402867 0.542139 -35.612489 -0.278900 -1.592184 0.000000 -4.234109 250.615243 36.579125 -81.376441 -0.241659 -224.040608 -41.712784 -233.880726 0.000000 -134.251148 -12.754515 -72.216611 -4.653352 9.114376 -11.039588 -0.751403 -17.338996 78.695184 -7.182379 3.295276 12.872870 -5.122488 -14.630956 3.292470 -35.857157 -20.475156 -3.868177 0.114019 -20.867309 -52.303796 -127.509132 -163.854250 4.034486 -170.543057 -22.810325 -130.785379 0.000000 -42.005561 -1.001275 -16.676972 -0.068768 -0.189011 -2.642587 0.230181 -0.665493 46.234619 -9.064381 4.415723 0.916131 58.562443 33.312672 6.437251 -37.328385 -38.787573 -1.149424 0.096725 -60.583053 -322.198551 -142.563361 -102.599276 -2.228140 -114.472707 -10.280584 -44.625548 0.000000 -6.196715 0.000000 -2.652791 0.000000 0.907611 0.000000 0.000000 -0.312264 33.087797 5.267218 1.171513 -4.149424 68.697429 29.539333 1.038925 -26.607489 -24.459341 73.843842 0.156158 -95.784002 -310.922559 -257.838231 -41.020304 -2.940465 -76.603153 -16.474543 -17.633864 0.000000 0.000000 0.000000 0.000000 0.000000 0.000000 0.000000 0.000000 0.000000 14.185695 1.129528 0.000000 3.009846 54.770636 44.782573 -0.452607 1.061626 -21.101316 216.058821 -10.729160 -90.932558 
-137.500612 -52.980104 -41.844047 -0.984389 -213.365473 -233.685491 0.068411 -17.532905 32.520967 -88.453780 131.582185 -44.904653 189.436027 106.595807 30.912917 59.359810 88.075758 13.034435 1.108815 33.596113 0.965565 0.208142 0.000000 0.666820 0.000000 0.000000 0.000000 0.000000 -188.286195 -56.954852 -49.096725 -1.618457 -20.504438 -60.251913 78.653811 -7.344965 47.827824 -75.000459 115.616468 -61.606061 49.505816 -28.831344 14.190389 3.849556 109.220539 -11.354454 3.244108 52.910009 11.063973 0.785736 0.035047 5.578972 0.000000 0.000000 0.000000 0.000000 -217.895929 -63.875727 31.851240 2.334252 15.823079 4.125803 133.670646 -0.790328 8.347107 -23.773799 54.271656 -34.089838 -25.785583 -62.359810 3.175390 -49.831038 81.036884 -29.886899 1.726814 37.250536 30.354913 -3.760024 -0.039639 21.893480 -0.380471 0.470768 0.000000 1.392409 -112.730946 14.606061 108.136211 5.168044 21.840373 10.676921 77.677992 0.000000 2.641873 -0.201561 10.200337 -5.512397 -34.006581 -23.164524 0.567340 -40.842516 17.160086 -39.468013 3.348332 -2.078665 29.364708 -16.817876 0.584022 41.026477 5.453474 1.290481 0.311295 6.172176 -36.753903 63.115549 57.782216 -0.745332 5.333946 3.400673 18.931436 0.000000 1.148913 0.036425 1.204010 -0.183043 -12.633150 -5.679216 0.296143 -10.391491 -23.995868 -29.758647 0.897459 -17.914601 13.466942 -39.304867 0.477961 33.574227 15.161157 -10.049434 0.491276 15.370370 -3.766146 15.271809 14.632078 0.385981 -1.681512 -3.511785 3.672329 0.000000 0.574533 0.000000 0.299051 0.000000 -0.557545 0.000000 0.000000 -0.178910 -17.536578 -11.052342 -0.154576 -5.650444 -10.609275 -35.096878 0.093970 18.412917 -0.617386 -47.503979 0.635292 35.603612 4.171717 8.446740 3.983318 0.251607 2.998163 -0.729262 0.845577 0.000000 0.000000 0.000000 0.000000 0.000000 0.000000 0.000000 0.000000 0.000000 -6.507499 -0.779308 0.000000 -1.059382 -24.496021 -28.074533 0.018978 8.065810 -36.292470 -72.456076 -0.553566 64.839914 
99.585757 40.025202 46.751581 1.496710 225.962657 172.259489 92.791705 18.348051 70.114606 18.997602 -44.904653 149.142154 -236.290123 -243.313157 -35.357948 15.188756 -171.579125 -47.490894 -1.041628 -54.132971 -4.889578 -1.009922 0.000000 -1.239873 0.000000 0.000000 0.000000 0.000000 143.036476 30.795404 93.035226 2.296755 62.344378 0.286297 46.517218 8.743853 -3.569942 -41.713039 -92.027727 125.396465 15.514437 -76.372564 -17.568437 111.821727 -202.612233 -22.952173 -2.408810 -74.149679 -37.472503 -3.942276 -0.059815 -15.877410 0.000000 0.000000 0.000000 0.000000 143.998827 39.918860 100.748776 -4.540251 -45.298005 -55.899908 -65.845296 0.738649 -69.600398 -35.619707 -86.224926 46.341929 62.283211 2.195082 -4.326829 156.484389 -149.285098 -6.623406 1.794536 0.596470 -110.112565 -14.713371 0.197939 -49.839302 -3.779742 -0.999821 0.000000 -2.540659 -5.850781 15.218013 -1.136389 -5.975360 -90.471891 -29.500816 -89.690032 0.000000 -43.024334 -4.444368 -28.909371 5.924702 40.090654 8.912815 1.772166 91.554025 -22.166922 10.929574 6.729772 125.211637 -150.098306 -26.818131 0.915519 -42.237170 -38.373074 -15.797546 -0.288185 -19.143021 -147.148378 -77.778722 -54.144041 -2.960081 -73.536093 -12.067059 -45.620855 0.000000 -12.002959 -0.868508 -4.979466 0.063769 13.423936 2.695720 0.252219 17.991149 26.864325 11.919013 1.748061 109.166590 -64.321166 -12.102158 0.497169 84.559509 -127.297215 -53.554535 -0.071319 -27.140292 -160.447556 -86.809917 -32.047011 -4.096444 -42.770993 -7.526375 -14.015049 0.000000 -1.985894 0.000000 -0.530124 0.000000 0.270712 0.000000 0.000000 0.167151 14.950133 1.448347 0.194776 33.940414 -29.400367 0.305403 0.487884 108.863432 -170.460642 -26.844098 -0.130650 58.640164 -108.718013 -86.946587 -12.319279 -2.788032 -23.305862 -7.149321 -5.178936 0.000000 0.000000 0.000000 0.000000 0.000000 0.000000 0.000000 0.000000 0.000000 4.594710 0.519947 0.000000 4.192965 -9.970717 -6.072187 0.023365 49.773595 -144.879553 5.035098 4.364810 132.096215 
-259.202581 -81.568462 -79.675645 -2.774411 -656.013468 -387.114478 -136.279461 -53.213244 -40.249719 2.100449 189.436027 -236.290123 828.129068 430.076880 103.517396 103.820988 311.703704 58.306397 3.321549 101.694164 2.368687 2.118406 0.000000 0.413019 0.000000 0.000000 0.000000 0.000000 -364.635241 -18.427048 -106.327722 -3.920875 -182.501122 -41.480920 11.777778 -22.133558 87.365320 -80.095960 246.467452 -250.196970 151.117284 23.347363 55.400112 -98.262065 420.367565 7.845118 10.583614 179.520202 42.482043 4.126824 0.308642 20.601010 0.000000 0.000000 0.000000 0.000000 -489.771605 -5.268238 -67.920875 10.680135 -52.812009 87.085859 202.703143 -2.333895 74.947811 -10.076319 175.103816 -117.751964 -96.294613 -139.129068 15.077441 -257.792929 336.109989 -61.544893 5.429293 90.320988 151.483165 10.686308 0.320988 78.111111 3.096521 1.734568 0.000000 2.491021 -369.439394 -76.612795 80.076880 8.239057 47.338945 44.141975 192.225028 0.000000 61.969697 5.531987 55.078002 -16.348485 -107.185746 -62.896184 -0.828844 -170.291246 78.910213 -90.653760 -0.276655 -128.867565 225.138608 1.219978 1.944444 107.102132 44.834456 11.379910 0.973064 22.121212 -80.880471 63.470819 125.832772 -4.645342 49.936588 11.581930 88.024691 0.000000 21.029181 1.431538 9.576319 -0.421998 -38.976431 -15.182379 0.164983 -36.645903 -60.575758 -69.168911 1.060045 -155.501684 134.929293 -45.146465 3.912458 -56.219416 150.552189 42.596521 1.627946 33.970819 75.960157 94.535354 61.442200 0.874860 26.418631 1.281706 23.924804 0.000000 3.455107 0.000000 0.552750 0.000000 -1.628507 0.000000 0.000000 -0.829405 -37.553311 -17.510101 -0.201459 -51.105499 52.297980 -24.584175 0.240180 -119.607183 191.975309 -2.996072 -0.195847 -51.520763 2.597643 74.614478 14.588664 3.072391 10.947811 4.100449 7.630752 0.000000 0.000000 0.000000 0.000000 0.000000 0.000000 0.000000 0.000000 0.000000 -7.803591 -1.902918 0.000000 -5.152076 -15.445006 -9.510662 -0.482604 -58.467452 173.861953 -10.892817 -17.046577 -100.677890 
-176.783696 -74.013060 -69.163325 -2.259030 -371.676002 -298.012779 -116.278084 -32.547878 -178.168529 121.608407 106.595807 -243.313157 430.076880 632.738420 65.302138 5.816549 410.597643 136.353918 3.272421 130.300301 13.881772 3.108841 0.000000 4.057035 0.000000 0.000000 0.000000 0.000000 -245.970258 -97.050939 -145.873559 -3.278084 -52.978089 -58.460412 -29.741276 -14.816141 4.988828 6.830579 178.318615 -233.633838 -11.445465 133.547852 34.598842 -182.498903 482.429854 54.397689 7.715769 188.848944 107.675645 10.961611 0.144348 41.428375 0.000000 0.000000 0.000000 0.000000 -257.042802 -120.743980 -144.755357 5.943220 96.763672 47.249770 131.652102 -1.289664 60.399143 4.443348 143.812876 -104.165570 -193.025788 -71.099378 3.995944 -330.981175 332.598128 -14.773697 -2.298209 29.519488 289.933349 31.258315 -0.171054 122.562902 9.939113 2.795710 0.000000 5.909448 14.023416 -62.771886 40.687914 5.898837 165.478829 43.240537 157.119580 0.000000 53.033058 -0.321319 48.420595 -13.453168 -136.287522 -42.415315 -3.335578 -197.669575 39.965004 -60.062009 -11.966126 -247.207402 355.050760 34.876696 -1.076676 112.941128 89.392001 35.456969 1.007499 41.474977 303.654193 143.518493 115.233981 7.731992 127.798005 25.178732 73.813641 0.000000 13.722324 1.517932 6.031859 -0.533721 -40.189470 -11.317442 -0.371289 -40.945184 -89.412075 -50.629043 -3.589710 -233.289792 151.844582 -14.321625 0.934267 -137.141899 284.640343 99.064228 0.989746 60.459035 254.319508 192.231864 52.250663 9.029971 67.322824 11.662177 19.258443 0.000000 1.724696 0.000000 0.290659 0.000000 -1.629502 0.000000 0.000000 -0.878456 -46.455438 -10.362029 -0.697939 -74.526681 42.733242 -36.541705 -1.275967 -204.102745 356.608535 27.188807 1.184930 -103.569967 136.054714 117.198959 13.888404 6.203245 35.979721 11.541373 5.285864 0.000000 0.000000 0.000000 0.000000 0.000000 0.000000 0.000000 0.000000 0.000000 -10.044715 -1.878431 0.000000 -7.982272 6.228701 -18.671666 -0.392307 -83.899194 242.218243 -36.358229 -5.179420 -226.768034 
-31.175288 -10.754311 -10.800709 -0.266682 -117.276706 -63.064356 -33.916590 -3.661642 -37.761529 -51.210183 30.912917 -35.357948 103.517396 65.302138 31.370804 2.965055 81.260943 21.066192 1.078359 24.194495 2.915289 0.859785 0.000000 0.619580 0.000000 0.000000 0.000000 0.000000 -57.612233 -8.322493 -21.408504 -0.315580 -51.769998 -3.525048 -6.725666 -1.818692 15.365167 -14.163453 52.211381 -32.856061 8.838639 6.197633 19.710769 -27.987017 74.814254 0.163835 2.858305 28.751148 15.836139 1.267804 0.073130 7.522957 0.000000 0.000000 0.000000 0.000000 -90.965310 -4.637869 -13.297903 1.086165 -18.586751 11.144628 38.429778 -0.142230 15.193144 -0.427125 42.536680 -13.588027 -20.885598 -21.470105 6.596342 -47.147383 47.960948 -11.283849 1.061295 4.583512 37.580425 1.425951 0.054127 19.099174 0.941358 0.763825 0.000000 1.390062 -77.474288 -7.637205 8.776885 1.953321 9.943424 7.910825 37.515560 0.000000 14.774564 1.320860 14.202301 -1.468779 -13.771554 -7.622181 0.303591 -24.634374 2.869860 -16.389169 0.673350 -29.128074 39.064330 0.173503 0.528007 16.608152 10.462606 4.161642 0.256964 5.731635 -26.779079 1.047776 21.549459 -0.143225 14.645827 2.556958 19.906438 0.000000 5.729772 0.021401 3.072212 -0.071115 -4.227885 -1.558897 0.145852 -4.360295 -11.541552 -10.289078 0.682150 -24.310759 15.319789 -7.833104 0.860499 -12.513136 32.829813 11.308438 0.342210 6.251403 40.138557 11.289256 15.637460 -0.016963 12.601112 0.167789 6.114682 0.000000 1.079558 0.000000 0.314330 0.000000 -0.307902 0.000000 0.000000 -0.104250 -4.507984 -2.388659 -0.137384 -5.560249 1.148760 -3.962427 -0.121034 -18.981890 36.281578 -3.275737 -0.108101 -7.164958 34.945286 34.177533 5.663631 1.206765 9.703933 2.066677 2.550378 0.000000 0.000000 0.000000 0.000000 0.000000 0.000000 0.000000 0.000000 0.000000 -0.720513 -0.024079 0.000000 -0.125013 -2.212478 -3.880063 -0.050913 -5.696919 24.665136 -6.513978 -1.767014 -17.087032 
-57.546934 -13.331548 -7.671513 -0.326752 -73.586930 -75.736149 23.376186 -12.901490 31.567085 24.467758 59.359810 15.188756 103.820988 5.816549 2.965055 103.181410 -1.154882 -19.715182 0.603459 17.277727 -3.049128 -0.372411 0.000000 -0.670085 0.000000 0.000000 0.000000 0.000000 -78.625140 -39.382053 0.229211 -0.522804 9.570503 -68.252729 56.884757 -4.817672 32.069177 -80.442608 54.205285 -18.434343 46.277523 -62.258239 1.791756 73.358229 41.322110 -16.479492 2.881594 45.157943 -9.144220 -1.280431 0.015254 -2.724977 0.000000 0.000000 0.000000 0.000000 -116.085195 -59.551525 26.866085 -0.000306 14.508469 -28.099174 76.719212 -0.549689 -16.864861 -41.560249 13.468371 -20.156923 -35.844200 -65.135956 -1.048362 3.511019 38.566830 -31.458576 2.380624 74.189215 -9.547597 -6.655749 0.314560 10.941230 -1.575196 -0.135037 0.000000 -0.834507 -94.283287 -14.385522 80.998368 -0.130089 -5.933323 -3.486583 48.449087 0.000000 -11.239210 -4.050658 -1.164422 -3.793848 -43.819355 -21.983879 -0.429854 -20.395929 -4.647638 -36.027497 -0.385471 45.423528 3.056882 -24.441179 0.775023 53.149424 -5.710081 -6.573258 0.434956 -0.365473 -51.319406 39.752729 53.614682 -0.864351 -23.961484 -0.423120 9.088511 0.000000 -3.876237 -0.478472 -1.327263 -0.120804 -12.943832 -5.266861 -0.155953 -7.753341 -40.839761 -28.314458 -1.967503 -2.863483 20.627181 -41.780533 0.268289 65.884349 -14.749005 -29.207428 0.819406 12.405163 -64.178961 6.432966 8.370115 -0.182532 -30.035456 -5.672840 -1.599531 0.000000 -0.723498 0.000000 -0.291603 0.000000 -0.780482 0.000000 0.000000 -0.226559 -18.348077 -12.083563 -0.397970 -7.369044 -8.643710 -38.509795 -0.250179 25.860677 -20.976023 -33.320222 0.077798 50.778594 -94.018519 -47.475513 -7.423732 -0.838078 -20.140802 -5.889909 -3.057953 0.000000 0.000000 0.000000 0.000000 0.000000 0.000000 0.000000 0.000000 0.000000 -1.039588 -1.773901 0.000000 -0.438119 -29.211764 -26.968422 -0.262218 5.651464 -21.089379 -58.016325 -1.717835 73.647638 
-111.558923 -41.299663 -42.957912 -1.277778 -374.939394 -229.560606 -112.035354 -18.218855 -235.670034 -72.998316 88.075758 -171.579125 311.703704 410.597643 81.260943 -1.154882 422.767677 120.575758 2.565657 120.074074 17.489899 3.801347 0.000000 4.311448 0.000000 0.000000 0.000000 0.000000 -196.089226 -61.112795 -98.365320 -1.308081 -145.572391 -25.895623 -29.151515 -8.437710 -12.621212 -14.994949 169.966330 -149.707071 -28.306397 67.624579 51.340067 -156.900673 372.321549 20.914141 4.971380 130.459596 99.245791 8.331650 0.139731 39.030303 0.000000 0.000000 0.000000 0.000000 -264.094276 -77.417508 -71.368687 7.671717 -24.528620 40.474747 132.122896 -0.664983 37.328283 21.178451 152.920875 -61.865320 -123.964646 -55.102694 15.429293 -228.722222 219.255892 -37.284512 -2.318182 -5.548822 231.070707 15.956229 -0.235690 90.111111 8.675084 3.260943 0.000000 5.208754 -125.606061 -15.641414 42.117845 8.439394 66.063973 32.053872 132.471380 0.000000 46.848485 1.313131 49.164983 -6.969697 -73.634680 -32.079125 -2.397306 -116.404040 15.597643 -57.018519 -10.215488 -177.488215 232.867003 21.880471 -2.136364 66.132997 67.163300 28.971380 0.494949 31.525253 56.979798 82.203704 66.335017 4.632997 69.079125 17.072391 59.299663 0.000000 15.048822 0.887205 7.548822 -0.309764 -19.934343 -6.579125 -0.318182 -21.835017 -49.530303 -37.038721 -4.023569 -136.262626 69.191919 -18.722222 -2.146465 -99.417508 205.535354 73.089226 0.525253 38.506734 125.569024 84.863636 38.021886 2.734007 46.239057 4.513468 16.816498 0.000000 2.134680 0.000000 0.457912 0.000000 -1.447811 0.000000 0.000000 -0.491582 -14.264310 -8.393939 -0.587542 -35.340067 8.651515 -32.131313 -0.962963 -128.678451 225.624579 9.811448 0.582492 -67.159933 108.025253 95.277778 13.425926 5.287879 35.702020 9.284512 6.269360 0.000000 0.000000 0.000000 0.000000 0.000000 0.000000 0.000000 0.000000 0.000000 -1.846801 -1.008418 0.000000 -0.942761 15.511785 -10.720539 -0.269360 -31.441077 124.994949 -28.861953 4.513468 -148.956229 
-31.634833 -13.317417 -13.011096 -0.268825 -94.434803 -64.422635 -35.380624 -4.301576 -60.759489 -31.191307 13.034435 -47.490894 58.306397 136.353918 21.066192 -19.715182 120.575758 64.004821 0.937557 30.605678 8.611341 2.345807 0.000000 2.032446 0.000000 0.000000 0.000000 0.000000 -55.658249 -27.314891 -37.169804 -0.325069 -34.999005 -17.961126 -26.101699 -1.970921 -2.370064 -3.804408 37.956305 -40.492424 -42.029691 44.078359 16.662917 -61.942072 104.582492 22.767447 1.379630 39.022957 45.946128 4.512932 0.023493 18.757117 0.000000 0.000000 0.000000 0.000000 -77.184420 -46.525329 -45.595271 0.048209 13.126645 6.104683 20.593587 -0.175696 31.899908 8.512779 52.591062 -16.164294 -54.520891 -2.810070 6.180211 -74.942608 43.473447 -1.795378 -1.756428 -10.856137 101.102617 11.230869 -0.231711 39.301653 5.292088 1.285200 0.000000 3.549281 -24.601928 -22.916667 -2.393557 0.857668 51.391491 11.012244 43.305020 0.000000 29.072084 0.407943 23.968855 -1.809917 -29.496174 -6.798286 -0.577441 -37.163912 -12.268901 -12.559764 -3.532446 -71.795761 92.302877 12.064891 -0.869146 20.163606 33.626416 13.104607 0.156107 16.049357 76.271120 21.034359 23.766682 2.507270 51.995944 8.283670 28.464340 0.000000 11.089838 0.759948 4.762703 -0.087848 -6.919651 -1.895393 -0.111570 -7.549051 -24.985078 -10.517524 -1.236073 -54.014004 23.953857 -2.654500 -0.513085 -47.791628 91.362259 31.161463 0.165748 19.735690 108.869911 50.800275 18.578895 0.966866 38.650750 4.824916 10.644934 0.000000 1.647000 0.000000 0.578130 0.000000 -0.505127 0.000000 0.000000 -0.153734 -8.863101 -1.750459 -0.184267 -15.469850 1.818641 -12.909320 -0.298056 -53.032293 99.303566 -3.192072 0.464800 -26.011555 95.704545 75.229109 10.829584 2.350781 28.219238 6.855984 5.123431 0.000000 0.000000 0.000000 0.000000 0.000000 0.000000 0.000000 0.000000 0.000000 -2.158020 -0.632537 0.000000 -0.732859 10.964800 -3.432354 -0.087848 -16.068564 45.380165 -8.486073 3.280380 -69.069483 
-1.066881 -0.465259 -0.410315 -0.009183 -3.074380 -1.961892 -1.120753 -0.116315 -0.321702 -0.740894 1.108815 -1.041628 3.321549 3.272421 1.078359 0.603459 2.565657 0.937557 0.338843 0.788185 0.032140 0.062749 0.000000 0.010407 0.000000 0.000000 0.000000 0.000000 -1.890572 -1.147077 -1.254056 -0.014692 -0.150291 -1.089685 -0.348944 -0.063667 0.882920 -1.389807 1.783440 -1.257576 0.754056 0.978727 1.370676 -2.038261 3.794613 0.725436 0.811448 0.809917 0.673401 0.116927 0.009489 0.339761 0.000000 0.000000 0.000000 0.000000 -2.216100 -1.604989 -1.625803 -0.058770 0.974441 -0.404959 1.316039 -0.004897 0.562902 -0.714264 1.548362 -0.573615 -2.338843 -1.052954 0.355831 -2.929752 2.821243 -0.061677 0.261708 -0.069636 2.366391 0.328436 0.011631 0.857668 0.037037 0.012244 0.000000 -0.013162 0.043159 1.126263 -0.202326 0.250230 1.488828 0.752831 1.724671 0.000000 0.268595 0.031221 0.446128 -0.055096 -1.548515 -0.313897 -0.001684 -1.341598 -0.407101 -0.592593 -0.005357 -1.445210 3.254668 -0.065044 0.137741 1.007499 0.432201 0.080961 0.067034 -0.014233 2.881084 1.726048 0.811907 0.186103 0.955770 0.452862 0.428528 0.000000 0.014998 -0.007958 0.003979 -0.002449 -0.357208 -0.045301 -0.003673 -0.237527 -1.587695 -0.567799 -0.003061 -1.758494 2.358127 -0.230946 0.284206 -0.467707 1.817264 0.082951 0.113866 0.023569 5.225283 1.513315 0.243955 0.327518 0.571319 0.047138 0.006275 0.000000 -0.022651 0.000000 -0.007958 0.000000 -0.014080 0.000000 0.000000 -0.004285 -0.830732 -0.170340 -0.006122 -0.639272 0.296602 -0.037190 0.046526 -1.462045 2.679369 0.921335 0.048362 -0.323079 3.292929 2.196511 -0.013162 0.371901 0.319559 0.127334 -0.015917 0.000000 0.000000 0.000000 0.000000 0.000000 0.000000 0.000000 0.000000 0.000000 -0.070554 -0.003061 0.000000 -0.093511 -1.067799 -0.340986 -0.002449 -1.136058 2.687787 -0.124273 -0.329354 -1.158555 
-39.308897 -14.394348 -13.111086 -0.448041 -122.576523 -78.285200 -32.388583 -6.339328 -69.216993 -15.099990 33.596113 -54.132971 101.694164 130.300301 24.194495 17.277727 120.074074 30.605678 0.788185 46.580170 4.517218 0.998903 0.000000 1.257780 0.000000 0.000000 0.000000 0.000000 -66.278900 -29.755459 -32.720717 -0.560300 -40.232349 -20.436894 -6.804178 -2.897664 -0.357515 -13.916437 57.341317 -48.972222 -17.879451 12.059892 14.843919 -35.438807 122.107183 2.965947 2.221942 55.534894 29.694725 2.524921 0.029053 12.581726 0.000000 0.000000 0.000000 0.000000 -89.236660 -38.868814 -29.461815 1.263851 6.174038 5.033058 46.432073 -0.247373 11.999847 2.403454 48.059178 -20.635777 -56.231788 -25.004999 3.594965 -73.897612 73.080323 -15.467044 -0.620983 12.554586 75.718167 4.275355 -0.022549 34.805785 2.183782 1.104964 0.000000 1.740384 -39.669881 -12.617003 18.547776 3.308234 30.820835 9.675288 51.914090 0.000000 13.138659 0.240511 15.106341 -2.460973 -33.481839 -11.859096 -1.034792 -41.865779 -3.567697 -22.788159 -4.212325 -53.592261 80.385267 3.858994 -0.483930 34.552138 23.187124 8.859530 0.381390 11.287649 21.068029 34.818207 34.723931 2.483497 23.345092 6.511504 22.467503 0.000000 4.168248 0.276681 1.979926 -0.126212 -8.982247 -2.658989 -0.164065 -8.229900 -30.002066 -14.923146 -1.866519 -47.523339 29.604913 -11.678375 -0.297903 -24.940593 71.182890 21.371799 0.313284 15.210999 46.106418 29.641873 17.267855 1.306729 11.554280 1.238496 5.384655 0.000000 0.706280 0.000000 0.110014 0.000000 -0.564101 0.000000 0.000000 -0.200668 -10.179242 -4.536961 -0.275125 -14.976686 4.201102 -15.165366 -0.559050 -42.441026 79.100219 0.090654 0.131568 -15.664039 38.733165 29.275788 4.322033 1.407867 9.146541 1.633711 1.439726 0.000000 0.000000 0.000000 0.000000 0.000000 0.000000 0.000000 0.000000 0.000000 -0.941817 -0.739414 0.000000 -1.282038 -0.548566 -9.330017 -0.126212 -13.230436 48.130242 -18.153556 0.418478 -43.604020 
