7263.228889 2972.455556 206.024444 214.340000 1552.007778 439.516667 46.557778 101.408889 55.140000 0.066667 -0.340000 0.000000 3.052222 -11.512222 -6.271111 -8.651111 -823.816667 -67.585556 5.026667 -241.642222 -1022.952222 63.924444 -1.256667 -467.275556 398.124444 246.006667 -6.393333 -46.120000 3886.535556 -1038.785556 52.193333 30.456667 1100.067778 -7.962222 12.810000 61.402222 79.616667 4.715556 -0.510000 7.717778 44.212222 7.511111 0.000000 8.756667 202.301111 82.325556 1.250000 -1.650000 -230.604444 70.190000 0.228889 -299.305556 318.332222 23.441111 0.745556 -156.670000 851.281111 -1023.434444 -9.750000 -143.705556 668.722222 -27.173333 6.304444 30.686667 142.588889 9.138889 -0.170000 27.460000 16.053333 1.794444 0.000000 3.067778 142.686667 65.235556 -0.058889 32.836667 -97.333333 86.361111 3.894444 -39.313333 174.747778 -130.217778 3.204444 -119.845556 -91.700000 -530.375556 15.680000 -244.777778 306.575556 -44.511111 7.024444 -19.366667 208.274444 10.945556 -1.354444 37.301111 -6.381111 0.201111 -5.796667 -1.076667 75.951111 16.653333 -4.080000 5.924444 78.161111 41.582222 4.465556 2.042222 44.742222 -144.036667 -5.503333 -65.802222 -100.102222 -54.698889 2.494444 -125.813333 27.657778 42.892222 -2.783333 -151.148889 194.343333 21.267778 -2.860000 14.720000 -23.228889 -4.964444 -30.365556 2.172222 36.337778 10.980000 -12.067778 2.685556 103.876667 49.325556 14.373333 15.220000 47.617778 -196.355556 8.334444 -22.996667 -119.244444 108.500000 -0.470000 -17.867778 -101.141111 50.240000 -5.221111 -122.726667 49.796667 23.304444 -71.324444 -15.770000 4.276667 55.907778 -31.618889 18.843333 68.943333 38.865556 35.326667 2.260000 169.378889 85.861111 50.374444 18.785556 138.116667 68.301111 64.825556 22.705556 -212.180000 128.375556 14.942222 -120.555556 -277.651111 -63.936667 -52.630000 -97.071111 -336.808889 284.726667 -76.812222 36.987778 278.944444 310.892222 119.074444 16.731111 261.464444 63.283333 73.907778 0.000000 473.588889 267.114444 134.244444 -0.772222 386.952222 395.988889 73.158889 28.264444 
2972.455556 2383.975154 66.953086 175.468364 871.875000 377.880093 10.256327 68.339815 55.247531 1.568827 0.018210 0.000000 -18.328395 -15.709722 -4.389506 -7.759414 -389.010031 -111.866667 5.752623 -103.067284 -376.300309 -86.744444 6.905864 -227.449383 564.443056 212.014660 -2.525309 -4.350926 1970.250463 -242.404784 -12.577315 107.204475 936.852006 67.933179 -2.573457 71.520679 102.076543 5.642593 0.027315 7.262809 2.483025 -3.765741 0.000000 -1.610802 75.776389 -2.647994 2.326543 -22.000926 -26.303395 -42.449228 3.989352 -175.243210 296.268673 -135.726698 0.610648 -125.497068 47.239198 -636.677160 -37.391049 -36.802469 831.507253 26.739815 -1.567747 86.936728 169.676698 12.519753 0.009105 30.191049 1.220679 -0.410031 0.000000 0.549537 65.015123 16.173920 0.014660 12.433951 35.464660 -3.670216 4.819907 -29.130093 186.296142 -223.802778 4.085648 -115.618827 -753.117284 -382.469290 -13.943827 -172.491512 674.167593 16.724691 3.529012 76.438889 298.079012 15.300154 -0.131636 53.401543 4.262191 1.494907 -0.694907 -0.322685 42.295062 6.094907 -0.537037 4.335340 112.162500 25.048148 6.358025 4.990895 174.770370 -97.168210 22.744907 -29.055093 -722.622685 -195.033796 -2.123457 -213.547840 454.031327 44.566049 0.488580 -38.567438 404.439660 27.148920 1.281481 84.980864 29.836420 7.448148 2.686265 5.316512 36.311265 6.998765 -0.824537 0.721296 132.555710 29.567130 7.629167 14.632870 226.489815 23.889969 39.749383 35.525772 -572.162191 -98.852623 -1.004321 -172.769753 146.809568 -12.283179 -6.435957 -131.182099 401.052160 18.020370 -24.640123 98.464506 112.850772 51.680864 11.243056 30.186420 57.172531 19.427778 20.999691 0.562654 134.511420 26.842284 18.028395 9.773148 150.483951 122.532253 40.272840 26.266512 -406.721142 -69.702469 -1.156019 -190.471296 -227.858642 -176.540123 -53.105864 -198.084259 173.266049 171.945216 -26.004938 140.561265 383.144599 273.045062 109.530864 72.673611 120.023920 26.804938 37.051698 0.000000 234.794907 118.555556 53.610648 0.250926 176.828704 243.958179 58.237191 13.151235 
206.024444 66.953086 32.388395 0.141728 78.826667 19.951852 7.786543 3.230741 1.241728 0.265432 0.073086 0.000000 2.114321 0.170000 -0.243457 0.120617 -35.433951 -0.876667 0.116914 -11.080123 -28.310617 13.460000 0.698395 -5.522099 -10.362222 9.262099 -0.781728 11.691481 131.091481 -39.055679 15.690370 -7.124938 43.459012 -1.110864 3.523086 0.401358 1.525309 0.338519 0.109630 0.025062 4.440494 0.962963 0.000000 1.063951 5.302222 4.496790 0.014198 -3.424074 -9.060123 -0.226790 -0.160741 -12.453086 4.237901 -0.535062 -0.040370 1.135309 48.646173 -45.112099 1.867901 -8.238272 18.445062 -4.400370 1.631728 -1.464321 1.572840 0.095062 0.036543 0.296543 2.609136 0.366049 0.000000 0.304074 7.770247 3.260617 -0.013457 1.169012 0.720988 2.984568 -0.068519 -2.634074 4.323951 -9.524444 2.232963 -4.673210 31.159877 -19.103580 1.572346 -8.169136 -3.780370 -6.328395 -0.148642 -4.305556 -0.993086 -0.983580 0.225062 -0.033580 3.759383 0.089259 0.075185 -0.040370 4.559012 1.282593 -0.322963 0.677901 12.794444 0.260741 -0.002840 0.074568 -1.185926 -3.387531 1.935926 -5.145185 36.319630 4.165185 0.197531 1.877654 -17.607901 -6.511235 -0.650617 -7.157654 -9.797901 -0.513827 -0.390370 -0.803827 1.615062 -0.215926 -2.139136 0.713580 1.800864 0.424198 -0.970741 0.374815 9.100864 2.810370 1.180000 0.686296 8.537407 -12.495062 -0.010123 -4.289012 33.989506 9.464198 -0.159753 6.186049 -16.385309 -1.578025 -0.616914 -1.617531 -25.541235 2.738519 -1.368025 -6.122099 1.529877 2.916173 -0.487778 0.626173 1.726173 0.542222 -0.330617 0.217531 15.491728 7.151235 2.139012 0.934074 9.073457 17.252840 7.707901 1.196914 17.239383 14.712840 -0.424815 6.229630 -3.008395 21.824198 -1.538395 7.089259 -30.691235 10.746543 4.649012 -10.221358 1.075309 -3.069877 4.910617 -1.137778 4.362840 -0.245679 0.049506 0.000000 17.014815 11.778889 3.835185 0.240741 -23.221481 20.424691 4.717160 1.692469 
214.340000 175.468364 0.141728 36.789228 56.427222 25.894907 -0.469846 12.480185 2.329506 0.151543 -0.034136 0.000000 1.862099 -0.255278 -0.122346 0.131451 -6.090895 -3.168889 0.324969 -3.043457 -33.905617 -7.620000 -0.303272 -15.646543 6.573056 2.470710 -0.105062 -7.446852 109.882315 -20.340957 -4.671019 21.808673 73.087068 6.388858 -0.359136 12.751914 10.975309 0.872963 -0.051204 1.722562 0.853272 0.426852 0.000000 0.543395 21.249722 4.655957 0.614198 5.362037 2.658210 -2.509846 0.642315 -6.758642 -9.548488 -17.099784 0.015463 -13.740525 -35.982160 -41.416543 -1.168210 -2.366049 70.738117 4.753519 0.623117 12.724012 22.413117 1.367284 -0.017068 6.133765 0.041914 0.131327 0.000000 0.021019 9.986358 4.051451 -0.005957 4.326790 16.508488 3.530401 0.488426 9.747315 -21.275216 -19.553889 -0.439537 -7.941543 -103.151235 -28.046080 0.831235 -13.342747 56.252407 7.482716 1.054691 12.900000 41.099136 3.466698 0.011451 9.034753 1.039105 -0.563241 0.034352 -0.051204 1.196790 -0.044352 -0.020741 0.643735 24.079167 4.745185 0.831605 6.000401 -11.828148 -3.109198 0.882315 6.122315 -102.721204 -22.567870 -0.074691 -16.772901 35.655154 5.013210 1.152160 2.656512 55.432377 4.353117 3.358519 13.659506 4.705062 -0.507037 1.297253 1.039969 -0.563302 -0.300247 -0.418241 -0.074630 22.897809 4.572315 0.896944 2.312130 1.572407 8.497994 4.344321 11.511821 -79.553549 -17.526080 -0.006420 -13.540617 -12.669198 -0.572191 0.263920 -10.829753 48.520432 7.628519 3.606420 14.039568 24.537932 3.469506 3.946389 4.605062 3.513395 -0.562222 -0.260062 -0.034136 11.626728 0.515123 1.720123 0.929074 13.112346 8.636451 1.404568 7.373302 -58.454228 -22.996049 -0.421204 -15.845370 -53.696173 -39.378025 -4.183395 -29.875741 22.234321 -1.312068 -0.638765 5.247809 55.960031 19.410123 4.613951 10.599167 9.052562 1.859877 1.890340 0.000000 12.207870 8.308889 5.681019 0.015741 16.529074 14.342747 1.854105 4.233580 
1552.007778 871.875000 78.826667 56.427222 873.221111 251.152778 43.629444 40.856667 56.302222 3.438889 0.681111 0.000000 -29.728889 -6.277222 -0.308889 -4.393889 -276.597222 25.912222 15.522778 -74.873333 -272.221111 49.554444 4.970000 -112.901111 24.946111 32.549444 -4.286667 -0.295556 569.423889 -211.129444 48.000556 -8.939444 612.693889 19.628333 31.136667 16.271111 62.600000 3.203333 1.021667 2.688333 7.330000 3.072222 0.000000 0.896667 48.871667 35.581667 0.550000 -2.822222 3.474444 29.249444 -0.478333 -50.511111 -25.038333 -55.692778 -0.017222 -14.687222 -122.410000 -164.702222 28.188889 -43.727778 417.808333 24.970000 18.439444 16.628889 75.758333 4.911111 0.340556 10.675556 3.190000 0.830556 0.000000 0.560556 24.806667 19.885000 -0.087222 5.817778 41.791667 31.830556 3.891667 6.965000 -19.362778 -81.696667 18.483889 -25.785556 -255.233333 -106.170556 22.310000 -90.413889 260.645556 16.888889 2.293333 5.311111 110.054444 0.910556 -0.933889 16.185556 -4.220556 -0.745000 -1.879444 -0.261667 6.818889 2.681667 -0.960000 0.023889 69.219444 23.075556 5.164444 4.715000 -49.243333 20.460000 12.073889 -3.490556 -205.746111 -11.767222 4.300000 -57.082222 124.918333 12.101111 -3.150000 -25.733889 110.445000 7.016111 -12.992222 20.945556 -37.285556 -0.273333 -16.983889 2.263889 0.833889 0.560000 -2.421667 0.221111 62.028333 14.198333 6.588333 1.892778 -19.714444 -22.319444 11.168889 7.620556 -232.491667 30.791667 -0.917778 -28.235556 26.895556 14.105000 -6.917222 6.380000 69.793333 13.797778 -33.248889 42.937778 -13.910556 25.537778 -10.507222 12.275556 15.964444 1.053333 1.275556 0.247778 60.607778 15.227778 9.087778 4.015556 29.444444 67.032778 16.034444 13.030556 -259.212778 -43.415556 -1.857222 -75.811111 -150.418889 -82.806667 -32.771111 0.541111 66.671111 92.478333 -10.124444 104.356111 173.813889 75.340000 43.098889 29.948333 44.859444 1.811111 4.901667 0.000000 75.197222 37.512222 18.397222 -0.761111 -73.906667 79.213889 1.937222 2.773333 
439.516667 377.880093 19.951852 25.894907 251.152778 137.543056 8.864352 16.308333 37.435185 2.237963 0.478704 0.000000 -9.448148 -2.381944 -0.920370 -0.921759 -91.386574 -24.866667 4.808796 -16.181481 -61.271296 -1.238889 1.665741 -29.435185 39.170833 43.650463 -1.801852 4.058333 167.776389 -36.235648 18.143056 0.097685 217.299537 15.522685 8.948148 7.787963 38.631481 1.344444 0.718056 1.500463 0.567593 0.069444 0.000000 -0.156481 12.098611 2.243981 0.170370 -0.563889 3.226852 -0.324537 -0.306944 -15.798148 18.332870 -14.908796 -0.098611 -14.947685 -86.573148 -56.168519 7.062037 -12.537037 169.256019 5.725000 3.042130 11.484259 43.636574 2.501852 0.239352 6.843519 0.493519 0.068981 0.000000 0.134722 10.165741 4.006019 -0.032870 1.570370 26.594907 5.827315 0.640278 -3.037500 13.367130 -35.269444 2.293056 -21.660185 -154.137037 -56.864352 -0.974074 -32.381019 124.997222 5.798148 0.329630 9.294444 69.001852 2.043981 -0.427315 10.778704 -3.469907 -0.729167 -0.976389 0.134722 2.237037 0.270833 -0.516667 0.543981 30.529167 8.566667 1.742593 0.605093 27.516667 -17.489815 6.276389 -7.512500 -141.031944 -24.531944 -0.279630 -34.717593 84.489352 0.901852 -1.004630 -7.919907 80.692130 2.153241 -4.783333 13.685185 -16.648148 -0.922222 -7.869907 1.333796 -2.772685 -0.274074 -1.581944 0.230556 40.505093 5.381944 3.273611 1.329167 73.363889 -10.353241 11.396296 5.261574 -124.852315 -9.786574 -0.459259 -30.401852 26.071296 0.149537 -2.797685 -11.114815 63.937963 1.077778 -10.790741 25.373148 -5.952315 9.035185 -7.134722 6.524074 2.587963 -0.111111 -0.776852 0.089815 43.843519 5.945370 3.898148 2.036111 75.475926 42.353241 8.820370 7.706019 -101.464352 -27.320370 -1.048611 -41.025000 -44.879630 -39.896296 -15.126852 -29.319444 38.496296 13.819907 -13.968519 50.127315 57.799537 34.648148 11.829630 20.462500 10.744907 -0.098148 1.067130 0.000000 34.093056 24.188889 6.023611 0.780556 28.513889 64.331019 8.066204 1.418519 
46.557778 10.256327 7.786543 -0.469846 43.629444 8.864352 5.616636 0.527963 2.762099 0.416358 0.105494 0.000000 -0.987531 -0.025833 0.143580 -0.185401 -7.414043 7.967778 1.285895 -2.565309 -11.128210 10.921111 0.265988 -2.286914 -15.449722 -1.221698 -0.190988 -1.172407 17.565093 -8.553364 4.586204 -2.811512 21.953920 0.222006 3.236049 -0.697716 1.404938 -0.033704 0.158241 -0.036512 1.122901 0.493519 0.000000 0.270432 0.209167 3.358364 0.060494 0.200926 0.151914 4.136636 0.023981 0.578395 -10.039414 0.457068 -0.008426 2.388549 5.274877 -6.660247 2.900309 -3.201235 8.861265 0.307963 1.828488 -1.115247 -0.163735 -0.112346 0.052747 -0.230309 0.393395 0.119290 0.000000 0.058241 0.148951 1.182377 -0.002809 0.270864 2.081636 1.790586 0.180093 1.436759 -3.593179 -2.616111 1.451019 1.075864 6.213580 -0.539228 2.585309 -2.610340 -0.977593 0.734568 0.066173 -1.461111 -1.522716 -0.233117 -0.036512 -0.512284 -0.620710 -0.092685 -0.109537 -0.008426 -0.300247 0.183981 -0.067407 0.022809 5.598611 -0.300370 0.360123 0.247253 -4.119259 3.074506 0.370648 1.000648 7.196019 6.636019 0.477160 2.278580 -4.997253 -1.157531 -0.140432 -1.687747 -4.451142 -0.705957 -0.618148 -1.111235 -2.820123 -0.349259 -0.969228 -0.070216 -0.598673 -0.068395 -0.244352 0.016481 4.912438 0.600648 0.750833 -0.053981 -3.898704 -2.097377 1.265802 -0.783920 0.858488 7.700772 -0.044938 4.387901 -3.295494 1.344660 -0.397006 5.430617 -7.479198 0.732963 -1.499506 -0.589691 -3.612253 0.642099 -1.391944 -0.214568 -0.361790 -0.146667 -0.342654 0.016605 6.070432 1.744753 1.063086 0.092407 3.680864 5.632932 1.509753 0.052006 -7.757377 -0.677901 -0.109537 0.237963 -2.228765 1.087160 -0.333765 7.542037 0.190247 9.671080 1.828642 2.740216 4.747994 1.604198 1.364321 -0.089167 -0.359846 -0.280864 -0.339846 0.000000 1.205093 2.223333 0.328241 -0.039815 -10.379815 1.760340 -0.126821 -0.192716 
101.408889 68.339815 3.230741 12.480185 40.856667 16.308333 0.527963 7.932222 2.471852 0.090741 -0.010741 0.000000 -2.624815 -0.200556 -0.150370 -0.293148 -13.265741 -2.851111 -0.137593 -1.858148 -15.797407 -7.221111 -0.390370 -7.600741 -4.257222 -8.242037 -0.220741 -5.437778 26.392778 -15.096481 0.832778 3.263519 37.765370 1.951296 0.844815 5.008519 6.253704 0.580000 -0.016111 0.757963 1.145926 0.850000 0.000000 0.382963 8.695000 4.210926 0.153704 2.277778 2.621852 0.619074 0.061667 -0.992593 -13.035741 -5.003519 -0.016111 -5.231296 -26.382593 -8.777407 0.987037 -2.209259 32.993519 1.680000 0.529074 4.102593 10.510185 0.757407 -0.005370 2.681852 0.450741 0.206481 0.000000 0.061667 3.350741 2.972407 -0.005370 1.941481 5.410185 4.217593 0.186111 6.451667 -19.818704 -2.220000 -0.172778 2.594815 -40.692593 -7.492407 1.254815 -5.810185 21.693333 2.631481 0.369630 3.788889 16.758519 0.920926 -0.069815 3.773704 0.185370 -0.177222 -0.159444 -0.016111 -0.226296 0.190556 -0.090000 0.190926 4.969444 2.774444 0.261481 3.038704 -12.517778 3.658519 -0.018333 5.562778 -39.331667 -4.421667 0.092593 -4.910370 11.339074 1.245185 0.059259 0.587593 19.556852 0.680185 -0.107778 5.934074 -0.279259 -0.276667 -1.156852 0.821296 -0.591296 -0.045185 -0.200556 -0.026667 3.758704 0.635000 0.195000 0.285000 -4.252222 2.228704 0.321852 4.653519 -33.939815 -5.432407 -0.085926 -4.410741 -2.065926 0.009815 -0.579074 -1.994815 15.680741 1.430000 -1.675185 6.732593 8.895741 2.747407 1.012778 2.537407 2.531852 0.024444 0.172593 -0.010741 -0.683704 -0.546296 0.371481 0.101111 -6.385185 2.535741 -0.230741 2.671296 -29.255741 -11.910370 -0.209444 -7.616667 -20.099630 -16.778519 -2.830741 -8.102222 9.286296 2.462407 -2.044074 7.347593 24.045370 8.474815 3.247407 5.468333 5.181296 0.496296 1.094630 0.000000 -0.763889 1.126667 1.452778 -0.016667 -11.237778 -3.178704 -0.811296 0.661852 
55.140000 55.247531 1.241728 2.329506 56.302222 37.435185 2.762099 2.471852 22.123951 1.687654 0.413086 0.000000 -4.732346 -0.945556 -0.127901 -0.717160 -39.778395 -7.991111 1.812469 -5.887901 -1.875062 4.068889 0.499506 -10.463210 51.285556 29.522099 -0.310617 2.417037 4.489259 -3.742346 6.102593 -2.014938 38.624568 3.168025 5.024198 -0.084198 18.008642 0.211852 0.619630 0.140617 -0.721728 -0.137037 0.000000 -0.264938 -12.432222 -0.928765 -0.091358 -3.218519 -3.905679 -2.922346 -0.150741 -6.741975 31.789012 -3.198395 -0.013704 -0.594691 -23.140494 -3.416543 3.856790 -3.449383 26.122840 2.789630 1.793951 1.232346 12.067284 0.428395 0.206543 0.914321 -0.155309 -0.022840 0.000000 -0.013704 -4.155309 -0.552716 -0.004568 -1.823210 1.315432 -3.359877 -0.068519 -6.081852 25.898395 -13.628889 -0.260370 -6.872099 -24.923457 -13.316914 -0.529877 -7.085802 18.060741 1.560494 -0.073086 1.211111 16.649136 0.087531 -0.059383 1.815309 -0.831728 -0.150741 -0.178148 -0.013704 -1.680988 -0.315185 -0.109630 -0.324321 0.305556 -0.988148 0.687160 -2.573210 31.571852 -16.684198 0.189259 -8.215185 -22.011481 -3.969259 -0.091358 -7.159012 10.239877 -1.436790 -0.228395 -4.053210 21.053210 -0.014938 -0.997037 2.137284 -3.200494 -0.534815 -1.479136 0.285802 -1.325802 -0.166914 -0.308519 -0.027407 10.851975 -0.048519 1.712222 -0.444815 29.858519 -5.089506 5.027654 -2.475679 -16.299383 2.347531 -0.073086 -4.979506 0.033580 -0.434691 -0.790247 -3.090864 15.334321 -0.077037 -3.482469 4.381235 -2.280123 1.886173 -1.707778 1.399506 -0.367160 -0.240000 -0.335062 -0.009136 17.935062 1.512346 1.270123 0.476296 3.279012 17.751728 3.243457 1.085802 -13.858395 2.526173 -0.178148 -6.214815 -13.646173 3.366420 -3.352840 -4.056296 3.645432 18.097654 -4.094321 14.551975 14.914198 9.543457 2.741728 6.047778 -0.534938 -0.456790 -0.286049 0.000000 6.631481 -0.146667 0.101852 -0.114815 -12.679259 8.185802 0.886049 -1.366420 
0.066667 1.568827 0.265432 0.151543 3.438889 2.237963 0.416358 0.090741 1.687654 0.374691 0.088272 0.000000 -0.319753 -0.063889 -0.008642 -0.048457 -2.279321 -0.688889 -0.057716 -0.630864 1.106790 0.800000 -0.062346 -1.080247 3.419444 2.744136 -0.020988 0.175926 -1.010185 0.338580 0.723148 -0.276235 2.355864 0.514506 0.771605 0.067284 1.616049 0.018519 0.132407 0.051543 -0.048765 -0.009259 0.000000 -0.017901 -0.669444 -0.110802 -0.006173 -0.335185 0.419136 -0.283642 -0.010185 -0.604938 1.711420 -0.479321 -0.000926 -0.031173 -1.484568 -0.758025 0.380864 -0.423457 1.518210 0.179630 0.290432 0.014198 0.768210 -0.012346 0.044136 0.074691 -0.010494 -0.001543 0.000000 -0.000926 -0.232716 -0.037346 -0.000309 -0.113580 0.710802 -0.388580 -0.004630 -0.171296 1.407099 -1.383333 -0.017593 -0.619136 -1.753086 -0.897840 -0.035802 -0.431173 1.257407 0.245679 -0.004938 0.000000 0.950617 -0.025617 -0.004012 0.021605 -0.068210 -0.010185 -0.012037 -0.000926 -0.113580 -0.021296 -0.007407 -0.021914 1.469444 -0.148148 0.156790 -0.188580 1.796296 -1.366049 0.112037 -0.765741 -1.300926 -0.089815 -0.006173 -0.369753 0.777469 -0.264198 -0.015432 -0.438580 1.016358 -0.087346 -0.070370 0.043210 -0.312346 -0.048148 -0.108951 -0.007716 -0.125617 -0.017284 -0.026852 -0.001852 2.507716 -0.087963 0.280556 -0.056481 2.168519 -1.168210 0.735802 -0.411420 -0.031790 0.224383 -0.004938 -0.276543 -0.310494 -0.303395 -0.053395 -0.271605 0.952469 0.351852 -0.183951 0.147531 0.027469 0.543210 -0.136111 0.020988 -0.117901 -0.022222 -0.037654 -0.000617 2.993210 0.191975 0.230864 0.012963 2.097531 1.968210 0.897531 -0.096605 -0.457099 0.587654 -0.012037 -0.064815 -1.687654 1.093827 -0.226543 -0.001852 -0.886420 4.094136 0.375309 0.152160 2.563272 1.630864 1.154321 0.047222 -0.126235 -0.030864 -0.037346 0.000000 0.745370 0.022222 0.187963 0.001852 -1.431481 0.386728 0.315123 -0.082716 
-0.340000 0.018210 0.073086 -0.034136 0.681111 0.478704 0.105494 -0.010741 0.413086 0.088272 0.022099 0.000000 -0.063951 -0.012778 -0.001728 -0.009691 -0.666975 -0.164444 -0.011543 -0.163951 0.165802 0.186667 -0.012469 -0.284938 0.961667 0.717716 -0.004198 0.077407 -0.264259 0.143272 0.189074 -0.073025 0.457840 0.116235 0.194321 -0.017654 0.354321 -0.000741 0.033148 -0.000802 -0.009753 -0.001852 0.000000 -0.003580 -0.176111 -0.022160 -0.001235 -0.087037 0.081605 -0.065617 -0.002037 -0.176543 0.471173 -0.135864 -0.000185 -0.006235 -0.161358 -0.164938 0.100617 -0.102469 0.261420 0.038148 0.073642 -0.030494 0.078086 -0.002469 0.011049 -0.005062 -0.002099 -0.000309 0.000000 -0.000185 -0.057654 -0.007469 -0.000062 -0.024938 0.168827 -0.091049 -0.000926 -0.065370 0.385864 -0.343333 -0.003519 -0.170494 -0.172840 -0.184012 -0.007160 -0.081790 0.155926 0.058025 -0.000988 -0.011111 0.087901 -0.005123 -0.000802 -0.013457 -0.013642 -0.002037 -0.002407 -0.000185 -0.022716 -0.004259 -0.001481 -0.004383 0.336111 -0.056296 0.031358 -0.044383 0.394815 -0.306543 0.013519 -0.182037 -0.135741 0.033148 -0.001235 -0.053951 0.077716 -0.059506 -0.003086 -0.092160 0.125494 -0.017469 -0.014074 -0.011358 -0.062469 -0.009630 -0.021790 -0.001543 -0.025123 -0.003457 -0.005370 -0.000370 0.485988 -0.037593 0.062778 -0.013519 0.458148 -0.266975 0.153827 -0.084506 0.144753 0.095988 -0.000988 -0.035309 -0.079877 -0.082901 -0.010679 -0.049877 0.141605 0.065926 -0.032346 -0.001605 0.003272 0.117531 -0.022778 -0.006914 -0.023580 -0.004444 -0.007531 -0.000123 0.685309 0.033951 0.059506 -0.004074 0.483951 0.393642 0.197284 -0.034877 0.001914 0.199753 -0.002407 0.020370 -0.301975 0.374321 -0.045309 0.039630 -0.319506 1.003272 0.123951 -0.025123 0.479321 0.352840 0.306420 -0.028333 -0.025247 -0.006173 -0.007469 0.000000 0.204630 0.013333 0.050926 -0.001852 -0.226296 0.104012 0.085247 -0.018765 
0.000000 0.000000 0.000000 0.000000 0.000000 0.000000 0.000000 0.000000 0.000000 0.000000 0.000000 0.000000 0.000000 0.000000 0.000000 0.000000 0.000000 0.000000 0.000000 0.000000 0.000000 0.000000 0.000000 0.000000 0.000000 0.000000 0.000000 0.000000 0.000000 0.000000 0.000000 0.000000 0.000000 0.000000 0.000000 0.000000 0.000000 0.000000 0.000000 0.000000 0.000000 0.000000 0.000000 0.000000 0.000000 0.000000 0.000000 0.000000 0.000000 0.000000 0.000000 0.000000 0.000000 0.000000 0.000000 0.000000 0.000000 0.000000 0.000000 0.000000 0.000000 0.000000 0.000000 0.000000 0.000000 0.000000 0.000000 0.000000 0.000000 0.000000 0.000000 0.000000 0.000000 0.000000 0.000000 0.000000 0.000000 0.000000 0.000000 0.000000 0.000000 0.000000 0.000000 0.000000 0.000000 0.000000 0.000000 0.000000 0.000000 0.000000 0.000000 0.000000 0.000000 0.000000 0.000000 0.000000 0.000000 0.000000 0.000000 0.000000 0.000000 0.000000 0.000000 0.000000 0.000000 0.000000 0.000000 0.000000 0.000000 0.000000 0.000000 0.000000 0.000000 0.000000 0.000000 0.000000 0.000000 0.000000 0.000000 0.000000 0.000000 0.000000 0.000000 0.000000 0.000000 0.000000 0.000000 0.000000 0.000000 0.000000 0.000000 0.000000 0.000000 0.000000 0.000000 0.000000 0.000000 0.000000 0.000000 0.000000 0.000000 0.000000 0.000000 0.000000 0.000000 0.000000 0.000000 0.000000 0.000000 0.000000 0.000000 0.000000 0.000000 0.000000 0.000000 0.000000 0.000000 0.000000 0.000000 0.000000 0.000000 0.000000 0.000000 0.000000 0.000000 0.000000 0.000000 0.000000 0.000000 0.000000 0.000000 0.000000 0.000000 0.000000 0.000000 0.000000 0.000000 0.000000 0.000000 0.000000 0.000000 0.000000 0.000000 0.000000 0.000000 0.000000 0.000000 0.000000 0.000000 0.000000 0.000000 0.000000 0.000000 0.000000 0.000000 0.000000 
3.052222 -18.328395 2.114321 1.862099 -29.728889 -9.448148 -0.987531 -2.624815 -4.732346 -0.319753 -0.063951 0.000000 280.329136 56.581111 8.893580 41.624321 437.317901 165.123333 11.765062 130.923580 -312.414321 -88.873333 -4.009012 -61.470247 -361.567778 -163.984198 -2.174321 -103.864074 108.680370 51.759136 1.840370 12.528765 -32.083580 3.265062 0.369383 2.443951 -5.861728 -0.205926 -0.095926 -0.415679 44.247901 5.285185 0.000000 17.700988 260.741111 28.487531 1.527160 122.037037 75.338025 31.243580 1.539259 45.133951 -422.476914 -113.427654 -0.095926 -119.812840 67.349877 -8.149136 -0.758025 13.687654 -13.651235 -2.328148 0.546543 4.748642 -6.540123 -0.634568 -0.031975 -1.133086 6.190617 -0.026543 0.000000 0.981852 160.829506 9.953210 0.156914 65.831975 195.096914 51.969753 -0.246296 94.982593 -416.094568 1.342222 -1.533704 -56.921358 -13.080864 12.187160 -0.386914 22.277160 -6.752593 -10.532099 0.510617 7.233333 0.171728 -1.703951 -0.415679 0.362716 -7.066543 -0.366296 -0.902593 -0.095926 69.127531 11.599259 -0.422963 17.740864 217.450000 56.555185 -0.978765 72.404198 -229.785926 55.377284 -9.830741 45.227037 -6.797037 -10.251481 -0.461728 12.014691 6.956914 -16.524198 0.156790 5.360864 -4.377531 -3.465679 -2.962593 2.722099 -18.342346 2.000741 -6.409506 0.117284 23.269383 6.009383 -1.404074 2.169259 148.358272 44.549259 -1.858889 32.825185 117.665185 50.912346 -14.323086 74.059136 18.376543 -25.489506 -0.467160 -1.362099 20.796173 -8.765062 1.923827 -1.219383 -16.859753 1.916296 -3.055062 -2.709136 -12.777531 1.825432 -10.404444 -1.092346 -2.175679 0.758889 -2.778765 0.969383 73.734321 28.780864 -1.809136 11.361852 259.997531 97.012099 -7.106914 48.306173 43.419012 -35.222346 -0.447037 3.296296 71.593457 -41.201728 11.041235 -13.977407 -48.504198 -55.283086 -1.821358 -51.019506 -31.300617 -30.368025 -14.396790 -11.437778 -9.600123 -2.530864 -3.257901 0.000000 27.814815 2.667778 -3.809259 2.896296 292.467407 148.067284 -6.342099 41.957284 
-11.512222 -15.709722 0.170000 -0.255278 -6.277222 -2.381944 -0.025833 -0.200556 -0.945556 -0.063889 -0.012778 0.000000 56.581111 20.060833 1.265556 10.335833 74.212500 44.996667 1.360833 29.570000 -63.222778 -20.468889 -0.957222 -11.330000 -73.811944 -33.699722 -0.434444 -21.205000 10.099167 21.384167 1.435833 1.036389 -6.574722 1.719167 0.467778 -0.199444 -1.144444 -0.032222 -0.019167 -0.083056 7.923889 3.336111 0.000000 3.457222 49.805833 11.434167 0.338889 24.697222 19.068333 5.725278 0.566944 8.244444 -87.750278 -25.178611 -0.019167 -25.278611 7.260556 11.606667 1.452778 4.038889 -1.404167 0.948333 0.071944 0.966111 -1.423611 -0.211111 -0.006389 -0.212778 0.982778 0.134722 0.000000 0.147500 29.221667 2.526944 0.082500 12.263333 44.145833 10.893056 -0.006944 22.523056 -89.101944 0.237222 -0.364167 -10.712778 -7.416667 3.915833 0.970000 4.556944 0.638333 -2.711111 0.008889 1.633333 0.620000 -0.463611 -0.083056 -0.170556 -1.411944 -0.210833 -0.249167 -0.019167 10.315556 1.148056 -0.153333 3.113056 43.776389 9.373333 -0.204444 15.511944 -52.425556 16.822778 -2.050833 14.870278 -9.060278 -1.580278 -0.016667 1.382778 5.915833 -1.742222 0.391667 2.561389 -0.311389 -0.508056 -0.567778 0.191111 -6.287778 0.103333 -2.255278 -0.059722 1.166389 0.486667 -0.555833 0.239444 30.844167 6.992500 -0.380278 6.639722 13.223889 8.679167 -3.201111 16.836944 -6.668056 -7.570833 -0.091111 -0.232222 7.638333 -1.635833 1.228056 5.432222 -3.649444 0.984444 -1.392222 1.967222 -6.422500 2.325556 -3.968611 -0.337778 -1.885000 -0.148889 -0.757222 0.098333 14.112778 5.508333 -0.563333 2.233889 42.722222 12.864167 -2.003333 9.745833 -4.268611 -8.642222 0.117500 -1.197222 4.773333 -10.930000 2.555000 2.390556 -2.652222 -1.566944 3.340000 -3.489167 -0.473611 -3.397778 -1.341111 -2.199167 -2.001944 -0.472222 -0.706389 0.000000 1.462500 -0.547778 -1.206944 0.641667 70.322778 24.798611 -3.699167 11.680000 
-6.271111 -4.389506 -0.243457 -0.122346 -0.308889 -0.920370 0.143580 -0.150370 -0.127901 -0.008642 -0.001728 0.000000 8.893580 1.265556 1.353580 1.342099 10.251235 3.608889 1.771728 3.982469 -10.656543 -3.075556 -0.107901 -1.922469 -10.003333 -4.718642 -0.058765 -2.749630 0.100370 0.672469 0.002593 0.488765 -2.134691 -0.439383 0.087160 -0.247160 -0.172840 -0.010370 -0.002593 -0.011235 1.141235 -0.025926 0.000000 0.783210 5.223333 0.678642 0.116049 4.859259 1.220247 2.481358 0.282593 1.783951 -12.259136 -2.768765 -0.002593 -2.853951 6.374321 -1.620247 0.253086 -0.756790 -4.395679 -0.343704 0.086543 -0.549136 -0.306790 -0.034568 -0.000864 -0.070864 -0.029383 -0.004321 0.000000 -0.002593 2.926173 0.339877 0.043580 1.695309 4.563580 2.603086 0.053704 2.940370 -10.364568 1.293333 0.095185 -1.131358 6.491358 -0.876173 0.110864 0.121605 -5.228148 -0.654321 -0.002716 -0.933333 -0.947160 -0.071728 -0.011235 -0.188395 -0.190988 -0.028519 -0.033704 -0.002593 0.837531 0.140370 -0.020741 0.205309 3.850000 1.800741 -0.005432 1.756420 -4.528148 3.941728 -0.232963 1.895926 8.499630 0.252963 0.027160 0.811358 -4.689753 -1.221975 0.312346 -1.390247 -1.820864 -0.244568 0.247407 -0.625679 -0.874568 -0.134815 -0.305062 -0.021605 -0.351728 -0.048395 -0.075185 -0.005185 1.748272 0.940370 -0.054444 0.288519 2.514074 2.040123 -0.646420 2.028025 9.270988 1.066049 -0.013827 1.450123 -1.529383 0.139383 1.006049 -1.431605 -1.861975 -1.032593 0.869383 -1.633580 -1.931975 -0.365679 -0.596667 -0.096790 -0.330123 -0.062222 -0.105432 -0.001728 0.760988 -0.091358 -0.100247 0.009630 4.953086 0.955432 -0.660247 0.778395 11.793457 1.407654 0.144074 2.440741 5.072346 -1.281728 1.499012 -1.756296 -6.128642 -5.143086 -0.053580 -3.385062 -3.722840 -1.360247 -0.910123 -0.396667 -0.353457 -0.086420 -0.104568 0.000000 -0.557407 -0.613333 -0.220370 -0.025926 -2.368148 1.989506 -0.673210 -0.062716 
-8.651111 -7.759414 0.120617 0.131451 -4.393889 -0.921759 -0.185401 -0.293148 -0.717160 -0.048457 -0.009691 0.000000 41.624321 10.335833 1.342099 8.967006 62.142438 22.191111 1.749414 26.052099 -50.812284 -19.280000 -0.684383 -9.289877 -56.453611 -26.559290 -0.329506 -16.501296 10.316759 6.846821 2.053426 0.606451 -3.976265 0.591080 0.509753 -0.302531 -0.835802 -0.013704 -0.014537 -0.062994 6.212160 0.771296 0.000000 2.924506 39.641944 3.865957 0.103086 22.317593 11.794877 2.999043 0.101204 8.852469 -68.229599 -19.943117 -0.014537 -19.906080 12.205617 1.063457 1.226235 0.911728 -3.961883 -1.738704 0.208673 -0.838210 -1.109105 -0.149383 -0.004846 -0.219568 0.513025 0.042438 0.000000 0.085463 23.801914 1.691451 0.017377 11.203457 33.314043 8.813735 -0.050463 17.823981 -70.231883 -0.946111 -0.276204 -9.322654 7.476543 1.977253 0.493457 3.812809 -4.915370 -2.783951 0.011358 -0.755556 -2.216420 -0.352191 -0.062994 -0.434136 -1.070895 -0.137685 -0.177870 -0.014537 9.233457 1.048981 -0.105185 2.767068 34.462500 7.786296 -0.155062 12.727068 -41.551481 11.508580 -1.544352 10.276759 10.549907 -1.531204 -0.052469 3.359321 -2.627068 -3.421235 -0.042284 -0.290154 -6.387623 -0.699105 -0.699259 -1.341605 -4.187160 -0.155926 -1.477191 -0.071142 1.233364 0.373086 -0.377130 0.298704 21.666698 6.821204 -0.283056 5.916574 12.103519 9.447994 -2.141235 15.216265 10.263117 -4.081636 -0.066420 1.744938 2.518580 -1.985525 -0.049414 0.895802 -10.356235 -0.652593 -1.839136 -2.514877 -4.898735 0.109506 -2.593611 -0.342716 -1.278827 -0.110000 -0.535617 0.068086 9.202284 3.976235 -0.395432 1.430185 34.012346 16.695340 -0.779877 9.023302 9.977994 -5.319383 -0.088981 2.915741 16.506049 -4.154691 1.998827 1.249815 -10.320123 -7.359846 0.502346 -8.922191 -7.789969 -4.646543 -2.679383 -1.840833 -1.337438 -0.317901 -0.508549 0.000000 -0.447685 -0.520000 -0.824537 0.265741 24.291296 14.820525 -2.497006 5.182469 
-823.816667 -389.010031 -35.433951 -6.090895 -276.597222 -91.386574 -7.414043 -13.265741 -39.778395 -2.279321 -0.666975 0.000000 437.317901 74.212500 10.251235 62.142438 2479.182562 481.172222 35.043364 647.117901 26.136728 -167.727778 -8.814506 244.487654 -2726.429167 -1125.239043 -22.366049 -628.728704 -583.960648 167.513735 -30.310648 35.622994 -266.455401 -17.120525 -13.191975 -0.310802 -42.941975 0.075926 -1.000463 -0.179784 57.986728 0.728704 0.000000 21.735494 817.415278 48.150154 6.569136 386.060185 811.737346 234.369290 7.867130 597.919753 -2240.894290 -120.422994 -0.000463 -368.860031 -39.364506 200.054321 2.651543 85.993827 -171.835340 -1.599074 -2.238117 13.251543 -29.065895 -4.145062 -0.333488 -1.573765 4.450309 -1.289660 0.000000 1.099537 346.155864 15.025772 0.322068 139.815432 906.238735 239.977932 0.831019 421.747685 -1800.863117 438.402778 -10.692130 136.857099 -96.693210 100.939969 -7.401235 139.073302 -12.971296 -15.988272 3.353086 49.577778 -38.485802 -12.340586 -2.918673 -3.828086 -47.284105 -5.116204 -6.356019 0.366204 104.004321 16.589352 -1.792593 31.439043 694.745833 200.848148 -4.432716 201.939043 -591.924074 379.216975 -57.110648 329.139352 -221.089352 -8.094907 -2.891975 85.926235 131.677623 -61.826543 4.281173 107.819599 -109.464043 -46.027006 -22.851852 10.171605 -142.345062 -17.807407 -43.404475 -1.737191 9.731636 7.302469 -4.724537 3.482407 339.837191 113.017130 -9.437500 77.827315 461.450926 321.749228 -87.998765 270.027623 -227.954784 -117.037809 0.408642 1.406173 173.989198 -28.940586 5.295525 118.897531 6.776235 -5.368519 -24.936420 26.262654 -63.958488 -30.811728 -51.984722 -9.250617 -34.047840 -12.050000 -20.235494 1.377469 48.924383 51.257099 -12.879012 21.634259 714.732099 303.017438 -41.290123 135.996142 -179.989660 -280.422840 -2.039352 -27.665741 382.917284 -321.853086 22.047840 4.321296 313.829012 -321.975154 -53.140123 -103.423920 -137.979475 -170.206790 -93.145062 -33.526389 -64.129784 -21.454321 -25.879784 0.000000 -10.538426 44.950000 -7.572685 6.450926 684.717593 283.060031 -4.381327 73.064198 
-67.585556 -111.866667 -0.876667 -3.168889 25.912222 -24.866667 7.967778 -2.851111 -7.991111 -0.688889 -0.164444 0.000000 165.123333 44.996667 3.608889 22.191111 481.172222 390.504444 9.396667 145.328889 -207.173333 204.517778 -5.697778 69.517778 -636.193333 -190.124444 -5.591111 -114.715556 -72.110000 82.754444 8.596667 12.658889 -4.891111 9.063333 4.735556 8.656667 -9.933333 -0.320000 -0.246667 0.053333 16.825556 8.000000 0.000000 6.225556 153.931111 48.393333 0.205556 79.205556 109.881111 79.131111 0.131111 117.805556 -469.420000 15.917778 -0.157778 -37.448889 -53.934444 75.507778 8.233333 18.288889 8.455556 13.785556 3.585556 22.448889 -1.583333 0.205556 -0.082222 3.157778 0.615556 -0.094444 0.000000 0.225556 66.310000 5.601111 0.101111 26.010000 151.405556 36.494444 0.227778 80.121111 -323.878889 49.657778 2.796667 22.768889 -74.433333 -15.343333 7.523333 2.788889 5.993333 2.427778 0.223333 27.433333 19.817778 -0.680000 -1.024444 11.675556 -11.271111 -1.446667 -1.417778 -0.113333 18.436667 2.282222 0.104444 5.890000 152.194444 21.018889 -0.492222 34.065556 -75.890000 41.051111 -12.721111 38.515556 -78.862222 -17.291111 1.022222 4.048889 -13.482222 -14.828889 0.511111 23.508889 10.824444 0.275556 -5.591111 24.293333 -36.958889 4.345556 -12.202222 1.500000 -1.653333 0.873333 0.135556 0.451111 119.457778 17.343333 -0.324444 14.987778 97.892222 17.644444 -8.657778 32.532222 -58.994444 -8.922222 -0.026667 10.096667 -58.478889 -25.052222 2.158889 30.081111 -17.860000 25.818889 -15.873333 23.845556 -11.914444 11.662222 -22.928889 -0.347778 -11.220000 -4.153333 -4.831111 0.202222 66.214444 20.600000 4.223333 7.373333 145.761111 63.903333 8.565556 23.850000 -51.540000 -28.667778 -0.451111 11.516667 -71.136667 -87.265556 6.448889 5.575556 -22.971111 -88.292222 -14.647778 -37.720000 -30.066667 -50.201111 -29.860000 -11.423333 -12.090000 -3.327778 -5.271111 0.000000 45.216667 23.676667 13.338889 1.427778 198.312222 126.694444 13.232222 32.098889 
5.026667 5.752623 0.116914 0.324969 15.522778 4.808796 1.285895 -0.137593 1.812469 -0.057716 -0.011543 0.000000 11.765062 1.360833 1.771728 1.749414 35.043364 9.396667 9.515154 12.365062 -22.153025 -3.996667 5.756358 0.508272 -51.861944 -20.332438 -0.325802 -11.679074 6.652870 1.668117 3.506204 0.666636 8.969105 2.640154 0.702346 0.482654 0.334568 0.275185 -0.017315 0.002747 1.088086 -0.173148 0.000000 0.865247 14.505833 1.411327 0.584568 10.962037 13.707840 6.387006 1.081759 11.720988 -46.823117 -4.814414 0.060463 -5.205154 -0.075864 -5.232840 2.279938 -0.553086 1.109414 1.905741 0.752191 1.732160 3.573302 0.513580 -0.005772 1.126728 0.203765 0.037809 0.000000 -0.017315 6.037099 0.546080 0.055340 2.890494 19.840895 6.097994 0.318981 8.371204 -31.182809 1.342778 0.704352 1.386605 -7.438272 -4.666265 0.608272 -0.864043 -3.582037 1.391975 0.307654 0.844444 8.302099 0.020957 0.163858 1.964012 2.124475 0.076204 0.074907 0.216019 0.509383 0.007315 -0.138519 0.151327 15.976389 4.369630 0.004198 4.461327 -6.312593 8.793765 -1.152685 7.190648 -6.480648 -2.378426 0.162346 -0.399938 -4.461327 -1.424938 0.789198 -1.161451 12.367006 -0.322253 2.084074 1.326914 4.186914 -0.833704 0.401512 0.400154 -1.915710 -0.267654 -0.435463 -0.034630 7.784290 2.940648 -0.013611 1.497130 11.270185 2.054475 -1.900494 5.776451 1.184414 0.213735 0.018765 0.765309 -8.390679 1.365401 2.184846 -2.552346 11.667840 2.508519 6.103457 1.027716 4.555895 -0.466420 0.609167 0.131358 -1.721420 -0.415556 -0.620802 -0.011543 -0.051420 1.096605 -0.175062 0.419074 19.588272 7.261080 -0.498395 3.644599 9.362253 1.432469 0.186019 2.821296 -10.656914 -7.617654 4.330309 -7.622407 -2.318272 -5.905216 3.622716 -1.671265 5.099846 1.057160 -0.316420 0.856389 -1.832809 -0.577160 -0.681698 0.000000 -3.122685 3.852222 -0.705093 0.865741 7.730185 13.036265 2.459475 0.834321 
-241.642222 -103.067284 -11.080123 -3.043457 -74.873333 -16.181481 -2.565309 -1.858148 -5.887901 -0.630864 -0.163951 0.000000 130.923580 29.570000 3.982469 26.052099 647.117901 145.328889 12.365062 294.762469 -184.214321 -105.373333 -2.420123 138.040864 -758.428889 -324.167531 -5.507654 -173.786296 -165.814074 28.186914 1.507037 6.162099 -59.539136 -4.140494 -1.719506 -1.617160 -11.739506 -0.283704 -0.245926 -0.332346 12.009012 0.129630 0.000000 5.284321 207.285556 6.904198 2.149383 141.153704 189.476914 57.593580 2.583704 228.433951 -657.176914 -61.866543 -0.123704 -97.146173 -12.139012 52.411975 3.903086 17.732099 -40.701235 -9.367037 -0.420123 -3.873580 -12.340123 -1.512346 -0.081975 -1.905309 -0.853827 -0.293210 0.000000 -0.029259 81.268395 0.397654 0.262469 41.109753 252.958025 60.930864 0.003704 138.699259 -510.333457 117.636667 -3.172593 44.206420 44.930247 -0.057284 -2.398025 32.932716 -31.285926 -12.770988 0.816173 5.022222 -23.222716 -3.498395 -0.876790 -3.965062 -13.122099 -1.794074 -1.702593 -0.012593 19.333086 1.104815 -0.422963 7.507531 173.038889 47.266296 -1.367654 60.059753 -141.285926 115.249506 -11.391852 116.560370 -8.091481 5.220741 -0.872840 31.592469 9.340247 -23.751975 2.223457 19.383086 -45.666420 -13.493457 -4.995926 -3.239012 -43.447901 -7.165926 -13.759506 -0.804938 -7.702840 -0.457284 -1.576296 0.669259 66.080494 26.438148 -2.108889 22.097407 118.176296 112.379012 -12.584198 83.842469 -31.473457 -28.567284 -0.033827 17.565679 28.629506 -10.615062 6.562716 50.669506 -9.843086 -15.611481 -1.471728 4.496420 -34.666420 -12.446790 -21.348889 -3.264568 -13.820123 -4.396667 -5.923210 0.024938 0.367654 10.458642 -2.525802 3.934074 40.841975 107.695432 -4.440247 37.456173 -42.047654 -61.677901 -0.241481 12.346296 86.087901 -99.235062 12.557901 47.789259 88.334691 -115.033086 -20.271358 1.319383 -76.467284 -51.201358 -39.196790 -3.915556 -17.616790 -5.741975 -7.285679 0.000000 -28.874074 2.456667 -3.764815 0.562963 -30.143704 13.200617 -14.292099 11.518395 
