16.557290 1.846648 0.702683 0.000000 53.314611 16.137843 5.676972 -0.005663 20.280329 8.067646 -3.120243 -0.539843 -38.613509 -6.108662 -17.228293 -1.976278 -16.978625 -3.945006 -9.124477 -1.251454 -2.044230 -1.011733 -1.466636 -0.162330 -0.243496 -0.181206 -0.107591 -0.007550 17.702887 4.440414 1.284308 0.000000 36.743496 3.895776 2.867054 -0.016988 -2.761657 -1.828334 -11.064942 -0.098153 -19.423018 -2.063106 -15.691307 -0.117029 -2.954035 -0.519080 -3.478778 -0.028313 -0.107591 -0.064177 -0.213295 -0.007550 -0.798439 -0.228395 -0.207632 -0.015100 25.536425 8.018672 2.522447 0.000000 19.966738 4.335884 -3.125701 -0.158555 -7.812672 0.724722 -14.985104 -0.929191 -6.019641 8.367054 -3.926283 3.864657 -0.448475 1.955515 -0.018672 5.377870 -0.181716 -0.086828 -0.067952 -0.151005 -1.863942 -0.641057 -0.536527 -0.128354 33.348587 5.436027 0.262575 0.269615 12.155341 1.542649 -6.914703 0.245281 3.563769 0.462300 2.287726 -3.112591 5.579737 2.280278 5.340629 1.784053 10.033160 0.265279 0.245434 12.544893 2.291195 -0.405826 -0.424855 1.482043 -7.142945 -4.841904 -3.058514 -0.471891 24.633252 3.085144 -5.122130 0.457198 1.129885 2.083767 -5.902153 1.896643 10.979135 -2.037547 6.122896 -2.013774 -7.879706 -6.838027 1.583971 -7.417508 12.974390 -3.150342 -0.769411 5.211050 11.104632 -3.385063 -3.322875 5.158657 -6.349505 -0.361035 -10.426079 -0.705948 6.740333 -4.636313 -9.293644 -0.060555 0.737629 1.346546 -3.834558 0.151668 5.470513 1.400163 1.266605 -0.582441 -13.255127 -1.353382 -0.255331 -6.256147 1.266605 -5.165952 -1.277013 -2.040965 14.284053 -4.891695 -5.464442 10.968115 10.430772 8.604122 1.753086 1.198653 5.088868 8.933221 -7.766350 -2.202377 12.944495 11.019896 0.582849 -0.001888 1.160392 2.327569 0.239312 -0.117029 -7.973574 -1.611978 -0.064177 -3.676972 -5.461075 -13.817621 -1.733803 -5.824661 6.022702 -0.427711 -5.478625 3.595705 1.728548 8.411132 3.904295 1.364759 
1.846648 0.225207 0.089761 0.000000 6.295225 2.083104 0.621442 -0.000689 2.597567 1.329890 -0.353076 -0.065657 -4.595500 -0.709366 -2.061754 -0.240358 -2.064968 -0.479798 -1.109734 -0.152204 -0.248623 -0.123049 -0.178375 -0.019743 -0.029614 -0.022039 -0.013085 -0.000918 2.112718 0.485996 0.143710 0.000000 4.461433 0.502066 0.301194 -0.002066 -0.239440 -0.134527 -1.396924 -0.011938 -2.362259 -0.250918 -1.908402 -0.014233 -0.359275 -0.063131 -0.423095 -0.003444 -0.013085 -0.007805 -0.025941 -0.000918 -0.097107 -0.027778 -0.025253 -0.001837 2.938705 0.903581 0.260101 0.000000 2.591368 0.506657 -0.406566 -0.019284 -0.842287 0.000918 -1.793848 -0.117309 -0.664141 1.066345 -0.464417 0.470845 -0.029155 0.306015 -0.002066 0.722452 0.011478 -0.010560 -0.008264 -0.018365 -0.329890 -0.103765 -0.116850 -0.015611 3.753903 0.553030 -0.028466 0.028696 1.680441 0.040404 -0.941919 0.025941 0.560376 -0.188246 0.247934 -0.378558 0.811295 0.023646 0.858586 0.084711 1.427456 0.071166 0.012856 1.520202 0.418503 -0.049357 -0.068871 0.176768 -1.285813 -0.623278 -0.711662 -0.057392 2.740817 0.222681 -0.686639 0.025712 0.240817 0.113177 -0.908861 0.243572 1.448118 -0.216483 0.772727 -0.223829 -0.815427 -0.868916 0.280073 -0.992424 1.793159 -0.383150 -0.119376 0.402204 1.513545 -0.433196 -0.520432 0.553489 -0.592057 0.315427 -1.744490 -0.085859 0.764692 -0.524564 -1.087925 -0.024564 -0.062213 0.168274 -0.546832 0.009642 0.743343 0.275941 0.144628 -0.062443 -1.512397 -0.164601 0.002525 -0.778696 0.561295 -0.684803 -0.163912 -0.343434 1.819559 -0.694444 -0.795225 1.185721 1.643710 1.153122 0.290404 0.121212 0.543159 1.297980 -0.873508 -0.328053 1.558770 1.382231 0.078053 -0.000230 0.134986 0.321166 0.028696 -0.014233 -0.936180 -0.196051 -0.007805 -0.447199 -0.143710 -1.648990 -0.219467 -0.531910 1.000918 0.200643 -0.474059 0.577365 0.567723 1.131084 0.672635 0.141414 
0.702683 0.089761 0.044817 0.000000 3.222936 1.015866 0.437838 -0.000383 1.658581 0.791016 -0.019386 -0.036476 -2.532854 -0.387358 -1.138685 -0.133532 -1.147204 -0.266554 -0.616519 -0.084558 -0.138124 -0.068360 -0.099097 -0.010968 -0.016452 -0.012244 -0.007270 -0.000510 1.071039 0.229594 0.071421 0.000000 2.417968 0.349633 0.234670 -0.001148 -0.107770 -0.039384 -0.739032 -0.006632 -1.312366 -0.139399 -1.060223 -0.007907 -0.199597 -0.035073 -0.235053 -0.001913 -0.007270 -0.004336 -0.014412 -0.000510 -0.053949 -0.015432 -0.014029 -0.001020 1.551806 0.505357 0.164703 0.000000 1.513723 0.259591 -0.160213 -0.010713 -0.617769 -0.070197 -0.949444 -0.060121 -0.402637 0.454367 -0.284945 0.214442 -0.022931 0.124554 -0.012932 0.344123 0.013111 -0.005867 -0.004591 -0.010203 -0.062060 -0.027344 -0.004311 -0.008673 2.013111 0.468855 0.066677 0.009208 0.938629 0.010662 -0.531706 -0.004107 0.277650 -0.336904 0.184879 -0.210310 0.571931 -0.173732 0.566218 0.144705 0.745893 -0.017702 0.015560 0.677890 0.183680 -0.027421 -0.018059 0.056117 -0.224441 -0.305862 0.003622 -0.031885 1.660723 0.175900 -0.352847 0.037853 0.243215 0.135267 -0.419064 0.120166 0.856698 -0.226329 0.511785 -0.126033 -0.193756 -0.519768 0.214519 -0.445286 0.974314 -0.212861 -0.036017 0.218396 0.672508 -0.215412 -0.140981 0.198067 -0.032624 0.099480 -0.455693 -0.047699 0.443348 -0.372232 -0.619554 0.006555 -0.017728 0.076650 -0.278543 0.027242 0.529130 0.133099 0.137588 -0.033007 -0.761096 -0.091445 0.008137 -0.377053 0.387588 -0.279436 -0.080961 -0.044332 0.879553 -0.234287 -0.196000 0.463448 0.657280 0.319075 0.082211 0.026936 0.055964 0.668911 -0.453296 -0.111545 0.791909 0.776324 0.115753 -0.000128 0.186103 0.168325 0.039511 -0.007907 -0.513366 -0.108917 -0.004336 -0.248444 0.024538 -0.791526 -0.111825 -0.271937 0.621722 -0.127589 -0.177507 0.260152 0.103280 0.224339 0.141363 0.038159 
0.000000 0.000000 0.000000 0.000000 0.000000 0.000000 0.000000 0.000000 0.000000 0.000000 0.000000 0.000000 0.000000 0.000000 0.000000 0.000000 0.000000 0.000000 0.000000 0.000000 0.000000 0.000000 0.000000 0.000000 0.000000 0.000000 0.000000 0.000000 0.000000 0.000000 0.000000 0.000000 0.000000 0.000000 0.000000 0.000000 0.000000 0.000000 0.000000 0.000000 0.000000 0.000000 0.000000 0.000000 0.000000 0.000000 0.000000 0.000000 0.000000 0.000000 0.000000 0.000000 0.000000 0.000000 0.000000 0.000000 0.000000 0.000000 0.000000 0.000000 0.000000 0.000000 0.000000 0.000000 0.000000 0.000000 0.000000 0.000000 0.000000 0.000000 0.000000 0.000000 0.000000 0.000000 0.000000 0.000000 0.000000 0.000000 0.000000 0.000000 0.000000 0.000000 0.000000 0.000000 0.000000 0.000000 0.000000 0.000000 0.000000 0.000000 0.000000 0.000000 0.000000 0.000000 0.000000 0.000000 0.000000 0.000000 0.000000 0.000000 0.000000 0.000000 0.000000 0.000000 0.000000 0.000000 0.000000 0.000000 0.000000 0.000000 0.000000 0.000000 0.000000 0.000000 0.000000 0.000000 0.000000 0.000000 0.000000 0.000000 0.000000 0.000000 0.000000 0.000000 0.000000 0.000000 0.000000 0.000000 0.000000 0.000000 0.000000 0.000000 0.000000 0.000000 0.000000 0.000000 0.000000 0.000000 0.000000 0.000000 0.000000 0.000000 0.000000 0.000000 0.000000 0.000000 0.000000 0.000000 0.000000 0.000000 0.000000 0.000000 0.000000 0.000000 0.000000 0.000000 0.000000 0.000000 0.000000 0.000000 0.000000 0.000000 0.000000 0.000000 0.000000 0.000000 0.000000 0.000000 0.000000 0.000000 0.000000 0.000000 0.000000 0.000000 0.000000 0.000000 0.000000 0.000000 0.000000 0.000000 0.000000 0.000000 0.000000 0.000000 0.000000 0.000000 0.000000 0.000000 0.000000 0.000000 0.000000 0.000000 0.000000 0.000000 0.000000 0.000000 
53.314611 6.295225 3.222936 0.000000 469.293746 102.091725 76.325783 1.679216 557.284410 158.244567 66.201510 30.201459 -404.805224 -48.252219 -252.169319 -5.867616 -308.023212 -73.150954 -172.656974 -22.691154 -38.984695 -19.414345 -28.143557 -3.114988 7.004285 2.431895 -0.246403 -0.144883 106.604275 25.149117 10.717988 0.000000 405.020967 73.765381 81.797776 1.269972 125.221712 15.789766 -100.400163 15.919549 -232.434190 -21.250944 -261.739822 21.016937 -49.271401 -6.506173 -65.830681 1.926385 -2.064585 -1.231507 -4.092950 0.036935 61.219008 7.243547 18.808642 0.013264 228.217937 71.925314 33.462402 0.000000 331.710489 75.946026 19.898429 4.866544 -76.774564 22.351954 -188.036017 6.632589 -58.763187 56.691715 -94.520457 45.361239 16.568309 3.595449 -7.809152 36.867309 5.789154 -0.635853 2.499082 -1.271401 133.107285 23.113050 52.119172 -1.286246 344.465922 99.553872 30.203908 1.155545 120.686716 14.487654 -90.322671 7.404398 19.908224 -24.175798 -9.226661 -6.041220 132.549740 -75.435925 22.836139 36.141567 95.060963 -22.926436 1.221967 54.399551 30.503571 4.823640 19.669115 3.866442 194.137435 21.902969 106.175135 -3.383481 319.074737 60.364810 -53.688246 4.371544 8.977094 -8.094327 -105.746607 8.091878 121.797266 -97.499643 2.700337 -15.025712 41.412764 -106.154627 5.898123 -43.809764 52.184930 -7.270687 3.543975 31.852770 85.911438 33.095807 43.698908 19.856953 87.199367 0.651209 16.724518 -6.602132 117.355168 -20.365524 -119.120039 8.154678 5.238037 -10.933323 -78.459749 2.166054 90.192021 -7.811091 3.332568 -2.788083 -53.166361 -17.349097 3.573513 -33.850832 -39.500765 -10.006224 10.375727 -4.746914 79.671870 -3.633558 11.512652 34.366595 15.521018 -33.443424 -87.278339 -2.456229 -120.308336 25.556678 -116.614733 11.604122 76.785991 108.193144 -4.070452 -0.016019 39.398837 16.773901 7.807061 0.299765 -31.578767 -0.296194 3.576574 -8.704571 -59.197786 -90.157127 14.726456 -53.134017 8.104479 -124.846393 -38.164626 -9.914805 -90.481532 -79.540149 -70.878125 -0.708193 
16.137843 2.083104 1.015866 0.000000 102.091725 28.374554 13.916692 0.300429 85.759157 33.527395 4.842924 3.206510 -83.370881 -9.075451 -44.598612 -3.110040 -50.503010 -10.792368 -27.838792 -3.842669 -6.166514 -3.171921 -4.598102 -0.508928 0.509336 0.037955 -0.135292 -0.023671 27.856800 6.078410 2.334150 0.000000 81.975513 15.028007 11.929089 0.052801 11.317672 4.527140 -23.930466 2.677125 -44.161463 -3.422661 -45.209519 3.678553 -7.862310 -1.435466 -10.704418 0.229415 -0.337313 -0.201204 -0.668707 -0.023671 5.592746 0.339506 1.813692 -0.047342 49.430058 16.041475 6.194725 0.000000 61.473115 14.132895 -0.995511 0.285736 -17.350321 2.023671 -36.717835 0.087134 -8.167228 12.939190 -15.328538 9.396592 2.578410 2.504540 -1.036425 9.054178 0.738649 -0.029793 0.155647 -0.453219 13.955770 3.001939 5.366646 -0.402408 69.703296 18.417508 4.057443 0.271707 28.358433 1.134119 -19.438833 0.808438 7.191052 -9.610142 -1.059994 -3.349301 25.842669 -14.562188 9.932099 5.990052 21.677125 -2.694113 0.363381 16.409652 6.508622 0.576166 1.780227 1.613917 18.203092 -0.137435 7.846852 -0.918835 61.271707 9.016325 -11.854913 0.770534 5.244771 -0.594327 -21.438527 2.713091 26.499286 -14.393582 4.902357 -3.520661 2.857208 -20.134425 3.064789 -11.764310 18.174829 -3.558565 -1.001479 5.948730 20.815478 1.358433 1.562545 5.523620 12.391287 2.949189 -9.755280 -1.379910 20.951127 -5.698857 -23.599837 0.927405 -0.590246 0.940414 -15.080961 0.499388 17.823334 2.284869 1.378023 -0.894143 -16.080502 -3.237986 0.588664 -9.396286 0.256811 -5.364810 -0.790940 -2.554994 21.575911 -4.689113 -4.224722 10.366595 14.086675 2.869707 -8.404602 0.346801 -14.717427 11.187991 -20.503622 -1.224161 17.351648 24.107285 -0.085604 0.014284 6.237221 4.682992 1.281808 -0.084073 -11.038363 -1.513366 0.334150 -4.401541 -6.172533 -20.278339 -0.455362 -10.714825 9.190338 -13.063565 -7.356545 2.691256 -4.597694 -2.403785 -5.751862 0.670595 
5.676972 0.621442 0.437838 0.000000 76.325783 13.916692 19.486506 0.156642 121.878048 29.288261 33.785022 4.625140 -76.445618 -7.848791 -46.720411 -1.402586 -71.480997 -17.059484 -39.738649 -5.089149 -9.088537 -4.498112 -6.520585 -0.721712 2.250765 0.921641 0.046908 -0.033568 17.987476 4.154755 2.411642 0.000000 81.418427 14.752296 26.633201 0.197199 26.893608 -0.245995 -9.063641 1.492909 -57.687022 -6.566396 -57.555632 1.959494 -12.386007 -1.499719 -15.249286 0.232706 -0.478344 -0.285328 -0.948296 -0.013366 16.884527 2.019921 4.789001 -0.067136 45.683578 14.251454 9.144501 0.000000 75.762575 14.524513 13.587262 1.471840 -23.839073 4.589124 -36.785532 1.580374 -23.342031 9.600372 -21.973651 6.861825 2.437583 0.398658 -1.577212 5.104913 1.749566 -0.002194 0.687787 -0.065299 27.243725 2.661361 12.561805 -0.353484 73.678859 21.736532 11.072187 0.279640 22.777931 5.889450 -14.289282 2.586343 -0.882129 1.896337 3.044842 -0.085884 27.111876 -14.681078 4.318743 8.325605 17.437353 -5.824406 0.953117 4.834456 5.694240 0.327033 5.239976 -0.590348 35.435797 6.114708 30.090858 -0.229313 69.825094 12.965157 -8.253673 1.200847 -4.466151 -0.103484 -16.562315 1.499872 22.847516 -23.454061 2.228956 -2.870753 18.471074 -23.507831 1.938578 -7.672559 12.320962 -5.874936 2.555351 2.470462 16.912636 -1.148837 11.916412 0.037828 17.572518 -8.545148 15.136593 -0.431538 26.154091 -3.776732 -23.249490 2.632359 -3.843256 -5.011963 -15.747322 0.546067 18.552087 -4.993623 2.137129 -0.245587 -0.550811 -3.784741 1.659652 -3.314152 1.568947 -3.700005 4.679829 2.884961 20.297827 -7.850449 10.893072 4.255459 2.674268 -23.067519 -12.978395 -0.675084 -52.718600 -7.129068 -25.566243 4.396720 4.352056 16.657867 0.743853 -0.008392 9.050658 2.417177 2.582670 0.287777 0.051831 1.212019 1.078308 1.793797 -1.361137 -12.801627 5.421692 0.831828 10.972962 -27.454954 3.276579 2.181640 -17.337491 -30.006147 -5.285175 -0.875982 
-0.005663 -0.000689 -0.000383 0.000000 1.679216 0.300429 0.156642 0.045225 1.340603 0.514004 -0.238904 0.311448 -1.380318 -0.196051 -0.707453 0.071396 -0.688323 -0.159933 -0.369911 -0.050735 -0.082874 -0.041016 -0.059458 -0.006581 -0.009871 -0.007346 -0.004362 -0.000306 0.224441 0.086241 0.058004 0.000000 0.850781 0.303719 0.171105 0.014463 0.147459 0.394552 -0.364631 0.420263 0.091368 0.158785 -0.636134 0.571013 0.016605 -0.021044 -0.141032 0.044307 -0.004362 -0.002602 -0.008647 -0.000306 -0.032369 -0.009259 -0.008418 -0.000612 0.752296 0.230487 0.132155 0.000000 0.626416 0.173936 0.106902 -0.006428 -0.013085 0.045761 -0.527242 0.142715 1.091751 -0.154653 -0.346725 0.586241 0.419575 -0.110116 -0.025941 0.139807 -0.016376 -0.003520 -0.002755 -0.006122 0.950643 0.571472 0.112565 -0.005204 1.119988 0.244949 0.121824 -0.000536 0.317723 -0.223906 -0.243266 -0.026706 -0.197046 -0.638506 -0.543618 -0.095883 0.937098 -0.795148 -0.284512 0.220156 0.526324 -0.183349 -0.020967 0.173401 -0.032216 0.089608 0.037649 0.003367 2.177456 0.186180 0.277931 -0.019131 1.029767 0.129783 -0.087466 -0.001530 0.388353 -0.224901 -0.424166 -0.024870 -0.264769 -0.496403 -0.505051 -0.099862 0.223140 -0.360346 -0.144016 -0.164141 0.133073 0.190465 -0.039792 0.179522 -0.020738 0.552571 0.048745 -0.017524 1.095577 -0.046373 -0.258264 -0.028620 0.714493 -0.129400 -0.271732 -0.008188 0.171182 0.015687 -0.288338 -0.001837 -0.206765 -0.104989 -0.153811 -0.025865 -0.150597 -0.054867 -0.019360 -0.138353 -0.146235 0.029308 -0.054637 -0.220539 -0.241965 -0.004209 -0.305479 -0.124962 0.451944 -0.105525 -0.620370 -0.020202 0.888124 -0.577441 -0.175008 0.239134 -0.440006 -0.094812 -0.176002 -0.000077 -0.061065 -0.014157 -0.015687 -0.004744 -0.241353 -0.065350 -0.002602 -0.088460 -0.254974 0.015993 -0.073156 -0.293465 -0.287573 0.268901 -0.370141 -0.216636 -0.068335 -0.001760 -0.472758 -0.013468 
20.280329 2.597567 1.658581 0.000000 557.284410 85.759157 121.878048 1.340603 2461.633430 419.364631 491.166310 96.041526 299.593919 83.066881 -734.097311 45.799740 -1537.076854 -399.511223 -1066.074023 -110.630777 -284.779691 -143.872870 -209.935338 -22.175441 3.883303 5.081114 -10.897230 -1.101418 86.675518 22.511453 12.057137 0.000000 809.462657 152.346878 233.460463 2.728880 1213.042572 85.960412 -56.276579 16.156311 -372.676155 -92.528186 -1135.285047 19.518927 -303.929880 -27.096240 -435.145113 3.536348 -15.316422 -9.190338 -30.766580 1.019794 168.227043 25.863917 44.150393 0.140598 329.258111 102.438629 63.734287 0.000000 985.284716 250.168784 128.039001 20.567187 235.762856 164.303438 -616.500969 42.243317 -255.748878 286.543797 -478.596138 109.117514 37.592261 91.638532 -59.133073 98.759642 35.851903 2.853892 5.875115 7.400928 287.310453 9.211458 84.117258 -0.350372 657.180186 242.283670 71.162432 2.128074 376.762014 164.656004 -262.968294 27.734593 -100.032930 74.052699 -163.825834 7.374681 140.729262 11.487782 -3.914703 91.856673 313.701765 51.992909 12.330630 164.872615 162.196944 16.288670 33.388583 28.332772 372.203780 81.508341 137.102898 -4.616417 784.133124 275.476074 -171.103994 3.785838 32.964774 23.596597 -406.320605 -0.803362 131.000510 -335.750255 -132.425926 -46.575069 -89.444904 -303.038542 -0.636466 -141.241582 228.225411 -21.592006 29.017651 100.557545 298.560734 55.537267 48.931155 88.767039 376.579456 57.377564 -19.165060 2.926487 466.238011 117.425951 -407.491098 10.951204 98.993394 -10.006862 -345.712733 0.250077 152.093001 -55.806652 -41.952556 -7.882971 -270.114937 -58.065580 12.532267 -152.083461 0.888353 -100.685670 10.316039 -11.253648 256.621824 -47.093996 -48.210336 129.876314 287.678349 -85.173528 -169.329686 -8.415825 -267.502704 189.386644 -459.695465 38.316320 176.787063 264.153887 -71.002347 -0.133940 72.751913 24.266478 17.198781 -4.107336 -134.079380 -36.011376 9.683400 -97.410876 -86.001581 -383.809484 -2.905622 -80.045327 105.222630 -317.631364 -95.617258 69.107617 -88.916871 -251.009922 -43.776808 -10.780584 
8.067646 1.329890 0.791016 0.000000 158.244567 33.527395 29.288261 0.514004 419.364631 150.655877 65.916590 9.698653 -43.204622 73.565197 -159.754438 -3.193526 -237.512320 -56.885522 -168.723294 -18.193067 -41.252755 -21.649526 -31.529614 -3.467248 1.334481 0.417815 -1.385445 -0.163147 28.086853 6.683731 3.840526 0.000000 199.380165 46.604454 48.072697 -0.134757 176.762550 44.998010 -50.469620 4.959902 -102.315886 2.485843 -208.726125 6.875268 -44.139195 -2.928451 -65.280915 0.953857 -2.294536 -1.356443 -4.608892 0.543924 27.115932 4.241582 6.957912 0.097949 91.039256 30.177686 15.701178 0.000000 214.308846 67.930288 16.423401 2.851699 -8.585629 38.339914 -144.722069 6.158020 -32.313973 49.549969 -82.097260 19.481711 15.941307 19.126186 -5.503444 17.330349 8.221151 2.709672 1.041781 1.822926 48.126951 0.352311 13.774946 -0.298745 167.620141 65.613636 13.785889 0.330655 75.543159 31.971380 -76.478956 4.790710 -14.747857 0.807469 -53.652433 1.409474 52.271350 -35.773722 0.814815 7.014922 60.828589 7.744873 2.955770 14.664983 35.273263 8.705617 6.021579 6.936027 39.599403 14.228880 12.904806 -0.469391 182.729645 60.532752 -39.518136 0.638812 1.381160 3.426002 -103.292547 0.996863 42.938782 -47.704239 -37.732323 -6.342746 4.024793 -53.599709 3.148607 -23.941919 18.902740 -1.108280 -0.057545 2.569330 56.532675 22.646694 2.526553 13.735614 42.048592 33.702479 -47.114555 1.387205 84.420952 42.994414 -95.409167 5.903505 1.037726 7.426921 -77.785124 0.117080 49.147995 2.257882 -3.021579 -0.467707 -29.874197 -8.582415 3.539562 -17.100857 -18.635216 -13.954469 0.585399 -8.986532 40.143710 -15.394781 -27.810223 14.122666 64.714264 11.093587 -46.480640 -0.141414 -131.518978 25.213805 -107.208372 3.680517 28.648454 75.147153 -17.839608 0.095577 24.553260 8.525176 6.169039 -0.291399 -18.181512 -2.543924 1.461739 -8.765534 -27.598102 -56.879630 -4.699112 -10.780456 1.602541 -38.044383 -24.234542 13.053183 22.001760 -12.422942 -1.782981 -1.617845 
-3.120243 -0.353076 -0.019386 0.000000 66.201510 4.842924 33.785022 -0.238904 491.166310 65.916590 281.016733 11.239618 71.452760 20.884910 5.716304 7.738598 -416.390164 -111.189113 -299.807826 -28.772574 -99.911081 -49.057953 -73.623661 -7.434445 -2.611264 -0.735843 -4.473523 -0.419549 9.841394 2.642281 3.489389 0.000000 195.065810 29.565197 102.103663 0.000459 325.203602 -4.211407 117.560708 -2.464238 -181.436333 -42.404398 -282.357055 -1.972707 -103.446536 -7.687430 -141.054688 1.315580 -5.650291 -3.465157 -11.342159 0.186512 37.511478 8.232884 9.558361 0.433629 71.939547 19.885063 21.301908 0.000000 311.177788 43.928936 97.648709 6.522804 52.195592 39.596317 -104.658045 9.443016 -137.129068 113.866289 -130.708805 25.455413 15.723089 35.976329 -21.167891 35.836088 10.695541 -0.153097 1.532140 2.487807 71.176002 1.151566 18.122488 3.786858 170.993521 50.557239 40.071421 0.720335 123.259565 31.115039 -28.699214 13.621620 -62.190746 49.800531 6.279920 -9.090399 5.681665 44.409448 24.721100 25.523263 131.429701 21.861851 7.058872 66.437149 43.549536 1.383583 8.341904 6.529181 95.061830 28.852311 59.006071 1.586267 221.048617 52.717070 -20.795225 1.180033 -20.676972 -18.107081 -83.339557 0.856086 -7.829099 -98.605652 -12.771044 -26.312213 -56.785124 -88.297929 7.627436 -55.392256 131.444393 -15.516427 14.701051 45.782675 86.030099 0.522192 16.515203 26.612131 92.852668 -11.748546 61.126722 2.302469 126.973727 14.095245 -83.353637 3.443730 -1.619733 -19.553668 -66.720233 -0.380931 9.730997 -34.703296 -8.166820 -5.699367 -110.352464 -28.643557 2.620090 -51.227069 30.610958 -48.813029 2.408479 22.462402 90.836394 -21.955668 9.966840 53.648403 16.135853 -86.998112 -3.447250 -3.230640 -106.668401 -18.888328 -98.134731 6.550454 -8.005765 20.029538 -9.013417 -0.029130 5.087848 0.095858 3.134476 -1.295939 -79.314407 -21.891899 0.933833 -32.911285 -43.656056 -163.820988 -5.080298 15.055351 36.838741 -140.214060 3.417917 53.119733 -64.623916 -110.523518 33.531782 -4.237935 
-0.539843 -0.065657 -0.036476 0.000000 30.201459 3.206510 4.625140 0.311448 96.041526 9.698653 11.239618 19.388328 -31.964085 -12.457912 -37.554994 18.937710 -59.205948 -14.822671 -33.780022 -3.321549 -7.900673 -3.910213 -5.668350 -0.627385 -0.021886 -0.306397 -0.284512 -0.029181 3.023008 0.741863 0.635802 0.000000 28.547138 5.843434 10.428171 0.984848 39.138608 1.457351 -6.413019 3.701459 -9.819865 -3.731201 -40.084175 3.982043 -9.053311 -0.814254 -12.929854 0.405724 -0.415825 -0.248036 -0.824355 -0.029181 4.267677 -0.357464 2.086420 -0.058361 13.461279 2.720539 2.310887 0.000000 32.879910 7.076880 4.085297 1.392256 4.828283 5.210999 -19.238496 3.807520 0.883277 6.418070 -14.897868 7.595398 3.140853 -0.452301 -2.053872 3.116162 0.721661 -0.335578 0.000000 -0.219978 11.572391 3.147026 3.473625 -0.496072 22.029742 5.922559 2.568462 -0.025814 8.905724 -2.027497 -10.150954 0.448934 -3.254770 -5.906285 -4.996633 -0.332772 20.629630 -4.339506 0.881594 9.861953 13.746914 -3.236813 0.344557 5.081369 1.150954 -0.124018 1.548822 -0.173962 27.538721 11.683502 11.132435 -0.854097 24.100449 9.579686 -2.702020 -0.120651 -2.552750 -8.203143 -12.810887 -1.497194 0.162738 -24.424804 -4.006734 -5.005051 15.853535 -15.494388 -0.426487 -6.632997 13.262065 1.334456 0.327722 3.867003 0.528058 9.329966 7.212682 0.869809 30.515713 14.468013 19.924242 -0.465769 13.402918 4.754770 -10.612233 0.133558 5.021324 -4.251964 -10.917508 -0.175084 3.263187 -4.731201 -1.021886 -1.470819 0.037037 -2.584175 -0.552750 -6.755331 0.104377 5.167789 0.664983 -2.438833 -1.658249 12.361392 9.599888 -1.544332 -0.263187 -5.883277 -4.859147 -1.410774 -11.559484 -1.367565 -16.608305 6.499439 7.406285 8.885522 -1.258698 -0.007295 2.723906 0.640292 0.378227 -0.346240 1.046577 -1.937149 0.145903 -1.155443 -13.019641 -5.263187 1.924804 -7.800224 -8.132435 -23.142536 -1.993827 -8.309203 -26.913580 -32.602132 -19.559484 -1.283951 
-38.613509 -4.595500 -2.532854 0.000000 -404.805224 -83.370881 -76.445618 -1.380318 299.593919 -43.204622 71.452760 -31.964085 2116.686767 239.854607 54.147281 23.925467 -199.891848 -243.455107 -892.329711 -27.833180 -407.320171 -230.233037 -343.133762 -27.548924 -45.343587 -22.756045 -26.680594 -1.759616 -90.887562 -20.879604 -10.229466 0.000000 -269.237221 -50.909550 -72.132027 -2.514692 648.826497 70.827314 145.261045 -11.758851 633.659627 -17.274768 -409.690389 -15.592235 -131.692327 -58.857464 -436.970513 -2.386440 -21.478574 -15.239567 -50.476839 0.280788 -47.599633 7.044332 -20.586420 1.470666 -203.156413 -52.973523 -30.285634 0.000000 -77.975411 14.104020 -32.453984 -4.648913 589.170340 68.012142 -148.211917 19.279716 76.955107 11.196255 -330.952913 9.665850 -56.717988 20.846699 -86.526477 -9.628558 3.254464 2.239159 -2.942608 0.196562 -66.834099 5.784563 -72.355627 7.985512 -237.700082 -32.109428 -27.460565 -0.963167 100.643404 135.007295 -66.101571 -7.349760 42.933833 81.975615 -280.987756 36.325426 -220.267830 111.880828 -110.240180 1.538414 -61.642690 101.474645 -8.255943 22.413580 31.891287 3.678196 -28.663147 19.194164 9.475972 12.968473 -112.606724 2.736098 -49.155086 101.855117 -75.805326 -3.070809 124.629426 98.667330 -174.085348 -8.882971 -56.926742 95.443169 -118.175084 1.379706 -235.663912 94.047189 -5.520712 10.673401 -70.107795 28.421284 -14.270330 48.509948 74.099123 -19.619223 -89.897255 63.585195 88.950311 -66.834405 -136.075298 2.829405 161.232986 132.213091 -190.503469 -8.665697 137.641210 98.049026 -107.205081 -2.658708 -10.853178 -7.598918 -41.293082 1.277064 -192.908020 -21.896082 -2.437149 -40.614274 43.570554 -72.850066 -34.561218 -40.318743 131.295990 -83.679574 -150.278951 48.303285 233.391746 51.129834 -56.656004 -2.574074 399.713754 324.443322 -141.974798 -33.532038 95.425212 35.913376 -68.582441 -0.091419 -3.715182 -8.538823 -11.816702 3.089583 -77.735282 -13.077084 -3.184012 -66.645291 98.658759 -174.529742 -34.613968 7.184981 201.870727 65.959341 -60.684777 81.373941 287.615141 146.629681 116.843230 0.395062 
-6.108662 -0.709366 -0.387358 0.000000 -48.252219 -9.075451 -7.848791 -0.196051 83.066881 73.565197 20.884910 -12.457912 239.854607 214.339761 0.082339 -11.356290 -24.625497 27.861953 -133.298133 -5.792011 -59.774564 -34.517753 -51.014692 -4.226201 -7.652433 -4.162534 -3.906795 -0.261402 -12.433119 -2.461126 -1.045148 0.000000 3.702938 8.189164 0.214570 -0.567952 120.652586 44.871289 0.418121 -1.221457 60.866850 21.612335 -105.642332 -1.708295 -18.894705 -1.405724 -66.582339 0.115702 -2.543159 -2.297674 -8.116927 0.647689 -12.724059 -0.836700 -4.632997 0.244873 -10.600092 -2.886593 -1.367003 0.000000 39.458984 28.102234 -3.361953 -0.348026 56.421028 31.928069 -77.779920 2.393786 29.132997 46.568105 -60.188858 5.447964 10.841904 26.369758 -8.310376 6.900367 6.206918 2.493878 -0.807163 2.393174 -27.125803 -10.720233 -16.323998 0.429905 7.656413 13.883838 -6.795378 -0.305938 23.410927 23.117845 -50.996633 -1.231558 -16.843128 -1.415672 -77.911387 -9.252831 -18.157484 37.387665 -13.084175 -19.304867 49.829048 41.566728 0.402051 12.321549 23.507652 5.520355 -5.185950 8.077441 -54.730028 -3.148760 -45.288491 -0.766912 33.168809 28.006122 -29.776400 -0.721151 12.911234 4.308693 -78.732629 -4.213652 -8.077288 -1.590144 -40.388889 -12.337925 -56.544077 14.138353 7.141720 -31.328283 44.836394 18.536119 -6.820631 6.322314 31.173860 18.436180 -18.088919 15.388277 -69.210591 34.518825 -80.759871 1.816498 24.440006 54.401439 -71.463575 0.936792 15.128405 13.154423 -47.205234 -0.846189 28.347260 4.692684 4.297062 -2.846036 -57.776400 -5.679522 1.668350 -27.588001 2.256657 -2.218243 -10.347107 -15.163300 15.432507 3.850168 -47.904346 15.358433 -12.631007 71.270585 -16.917508 4.575758 -58.173707 75.319865 -54.693909 -3.709060 41.194368 55.162075 -6.684879 0.262932 19.754362 3.147536 3.613254 0.473523 -51.857821 -4.430517 -1.706765 -26.191613 -53.656872 -62.351852 -22.116468 -18.028160 -20.748699 11.060759 -51.979033 24.300888 43.697582 73.966636 23.906183 4.341751 
-17.228293 -2.061754 -1.138685 0.000000 -252.169319 -44.598612 -46.720411 -0.707453 -734.097311 -159.754438 5.716304 -37.554994 54.147281 0.082339 575.152561 -28.083027 356.864580 99.878227 239.263953 24.501301 -38.628023 -19.029640 -45.725360 -0.361137 -19.955846 -11.052648 -7.471916 -0.458423 -46.290914 -11.561652 -5.351138 0.000000 -265.051729 -52.332185 -42.640751 -1.122360 -182.382180 -39.502347 221.964672 -8.535252 73.217937 -12.486200 297.222605 -10.110601 -1.701280 -8.703423 -4.501046 -1.107974 -4.562825 -3.861239 -11.783772 -0.296806 -60.604454 -8.069304 -17.177329 -0.209775 -123.731022 -41.494643 -20.939675 0.000000 -185.024997 -72.279130 32.513187 -4.303642 54.321625 -33.733497 235.553923 -12.664499 -24.638328 -46.602872 38.994516 -36.283874 -29.258622 -22.776120 -19.285660 -24.418503 -12.015509 -3.761759 -3.514692 -3.658351 -86.647919 -6.170442 -41.480742 1.863381 -197.247832 -78.950337 -10.264973 -0.696179 10.913376 -43.482604 103.461560 1.002627 -1.538848 62.078921 71.654576 -21.898862 -129.079584 146.056907 22.391134 -9.441154 -55.621110 14.935160 -3.891848 22.847924 -56.062111 -7.135165 -17.518059 -7.558361 -61.325451 -22.649296 -45.696715 3.813233 -191.175977 -92.244975 44.773416 -1.645648 10.421666 -4.320962 91.230767 6.647102 -95.889093 111.649092 74.112795 -15.489669 -69.905877 107.402791 26.534384 1.196128 45.869937 23.773671 -3.504030 56.097184 -89.952071 -1.639654 -22.455795 0.154295 -84.443399 -17.385369 82.524105 -2.054433 -78.068437 -51.777956 92.398964 -5.363815 -14.869580 9.337593 99.893174 -0.058616 -90.805887 2.543873 8.607285 -5.211458 -37.912611 -8.389425 -0.899270 -19.242373 48.170416 -19.989873 -9.267830 33.433782 -48.625497 6.646184 11.443730 15.071192 -134.411744 -39.783619 108.498036 -0.624579 195.067748 -14.203143 128.710004 -30.458346 -61.184522 -109.632767 15.558514 0.016707 -43.925008 -12.929318 -11.675977 -0.049995 -55.612693 -23.595449 -3.043057 -12.428579 2.633966 -61.001964 -0.148862 31.568131 -10.546628 -15.907050 34.228217 28.738267 -36.863050 -5.802597 53.703653 3.698092 
-1.976278 -0.240358 -0.133532 0.000000 -5.867616 -3.110040 -1.402586 0.071396 45.799740 -3.193526 7.738598 18.937710 23.925467 -11.356290 -28.083027 75.992883 -44.931665 -25.447811 -65.452556 27.763315 -24.185721 -14.072238 -20.387282 -1.993725 -2.879477 -2.321396 -1.441460 -0.106826 -3.584099 -0.922023 -0.125191 0.000000 -4.501837 -2.138430 3.968167 0.678834 27.635063 -6.771197 5.789180 1.712274 31.235996 -9.882078 -24.687557 1.465412 -2.275406 -2.576599 -21.154346 0.134757 -0.401056 -0.908020 -2.997628 -0.106826 -6.771579 -2.908249 -1.159933 -0.213652 -7.327594 -3.297521 -1.403199 0.000000 0.356443 -4.796220 -0.362795 0.241506 13.746327 -7.125497 -18.214570 4.716636 16.733165 -2.387894 -19.911004 7.638583 -1.851316 -2.950796 -5.780762 -0.889118 -2.063667 -1.066881 -0.527089 -0.889042 -18.447888 0.817570 -4.962274 0.077900 -12.437404 -7.457071 -0.458066 -0.166743 -8.018825 -15.335017 -8.283670 -2.891261 -15.218626 -21.116468 -17.328742 -0.453092 11.491736 21.634604 0.089226 15.167815 5.055709 3.758800 -0.211509 12.850168 -0.379783 -2.772192 -1.148301 -1.031987 -5.406107 17.138430 -4.603153 5.282981 -8.272804 -2.604836 3.903811 -0.513927 -10.373814 -25.813514 -13.634910 -4.351316 0.742118 -38.982170 2.949495 -9.372130 11.078053 -12.886976 0.945516 -2.992424 40.013238 -4.386211 -2.013621 5.461433 4.964570 -2.460744 1.708984 -1.231941 42.194751 20.204775 11.714187 3.855219 -13.631696 -2.291934 -2.359887 -1.029308 11.499923 -9.065580 -4.614784 -0.519743 10.106826 -8.838231 2.385675 -3.930823 -2.361341 -1.360652 -2.852694 -5.305479 13.322544 17.794230 -1.300735 4.501684 -1.152893 26.561448 15.514080 0.797444 12.021273 12.171794 27.056397 -3.656566 -8.969085 17.508418 -16.082721 18.038491 34.846954 15.137971 12.241812 -0.026706 5.764004 1.069406 1.868610 -1.266912 -11.287726 -8.640649 -0.604989 -7.337313 -27.895011 -17.398148 -5.400061 -2.500077 -4.908326 -22.118151 -5.855908 -7.045378 -37.995332 -51.422329 -19.649066 -2.877104 
-16.978625 -2.064968 -1.147204 0.000000 -308.023212 -50.503010 -71.480997 -0.688323 -1537.076854 -237.512320 -416.390164 -59.205948 -199.891848 -24.625497 356.864580 -44.931665 1338.164192 285.014029 655.968677 80.486762 157.106443 26.095449 31.673936 15.742832 -16.279691 -12.965718 -4.093281 -0.008673 -52.706484 -13.915085 -7.740384 0.000000 -496.485461 -88.283517 -163.096470 -1.418503 -861.130063 -40.199827 -68.103943 -8.360218 309.917049 67.539307 749.966100 -10.967758 262.738164 8.676487 273.908147 -2.865856 8.012779 1.587899 3.845909 -0.675339 -89.371671 -15.762346 -22.556678 -0.199163 -194.563743 -58.898837 -39.977834 0.000000 -662.791960 -141.268774 -106.163019 -13.283134 -206.850551 -119.107489 377.576625 -31.304892 234.059203 -249.048490 303.554918 -75.157509 -34.541348 -99.170467 28.047827 -83.614555 -28.352872 -4.594684 -3.674013 -9.244159 -166.044919 -4.065861 -28.477324 -3.889858 -402.130650 -141.585017 -49.886695 -1.287904 -256.932201 -99.318743 145.450898 -19.746582 86.300862 -88.101112 50.142945 -7.842950 -58.832721 -85.170620 -51.576319 -68.999617 -278.910723 -66.442353 -18.205183 -148.162738 -134.513800 -11.046959 -10.665595 -26.399551 -207.820554 -14.825911 -61.519233 -0.976380 -505.085884 -163.752117 89.506657 -2.316090 -27.875446 -9.195414 224.370855 1.962019 -36.931078 254.218064 72.367003 47.185721 98.882920 225.017473 -12.297623 115.657407 -282.174038 44.462172 -18.364810 -83.868075 -242.436052 2.034971 1.704341 -63.794485 -260.079864 -0.758341 -26.453857 1.446689 -307.266121 -76.772396 216.048388 -2.312800 -76.563999 21.732349 223.562749 0.392409 -43.358331 68.449546 39.227885 15.918682 259.879553 70.738369 -4.321268 128.928477 -83.183731 117.587976 7.350934 -30.218294 -232.067799 56.183782 31.465973 -119.298158 -231.609071 98.116187 65.306678 10.639731 76.188756 -54.714366 266.314177 -15.320503 -63.163810 -116.418656 43.114274 0.103892 -14.002908 -9.729390 -11.616187 4.547393 173.813182 58.128201 -3.265636 89.569381 78.513111 361.629910 22.649475 13.624554 -77.238802 202.851189 56.795506 -105.683476 38.174957 91.566294 -23.975615 4.946689 
-3.945006 -0.479798 -0.266554 0.000000 -73.150954 -10.792368 -17.059484 -0.159933 -399.511223 -56.885522 -111.189113 -14.822671 -243.455107 27.861953 99.878227 -25.447811 285.014029 186.236813 284.850730 11.907407 98.117845 68.915264 67.042088 8.112233 2.915825 2.265993 4.117845 0.574635 -11.709877 -3.171156 -1.792368 0.000000 -120.895623 -18.691919 -40.806958 -0.085859 -247.825477 -11.315937 -24.884961 -1.787318 36.117845 23.963524 217.599327 -2.593154 72.118967 11.652637 112.864198 -0.678451 5.784512 2.909652 8.501122 -0.213244 -21.959596 -5.783951 -5.273288 -0.365881 -41.829966 -14.190236 -9.462402 0.000000 -169.273850 -37.516274 -29.943883 -2.558923 -83.085859 -31.397868 92.076880 -7.736813 66.091470 -38.705948 96.847363 -16.332772 2.328844 -11.168911 17.528620 -16.883838 -6.075196 -0.669473 -0.691919 -1.638608 -49.476431 -8.005612 -15.014029 -2.019080 -95.186308 -35.968013 -16.725028 -0.342873 -85.819865 -40.083614 31.403479 -5.554994 9.350730 -22.674523 25.350168 -7.434905 -0.094276 10.602132 -8.023008 -18.346801 -33.070146 -3.919753 -3.687991 -27.783389 -29.534792 -1.375982 -3.220539 -6.098765 -58.038721 -0.991582 -28.783951 1.727834 -137.246914 -58.367565 18.404040 -0.808642 -6.179574 -22.433221 67.452301 -2.725028 -11.718294 31.389450 7.905724 -1.232323 31.924242 55.383277 -7.487654 5.365320 -9.620651 19.958474 -4.640853 -26.690236 -48.548260 3.579125 6.726712 -23.384961 -71.975309 10.779461 13.116162 -1.907969 -88.933221 -26.714366 62.879910 -2.668911 -11.566779 -13.177329 54.084175 -0.047138 -11.192480 10.539282 12.693603 -1.069585 49.255892 16.700337 -1.482604 12.361392 8.941077 37.938272 -0.786195 -4.318743 -45.619529 24.835578 18.162738 -30.016274 -96.039843 15.620651 12.182379 1.178451 2.216049 -1.061728 76.578002 -3.049944 -9.603255 -28.910774 24.182941 0.264871 -7.996633 -1.817059 1.056117 1.442200 5.938272 9.725028 -1.337823 9.180696 0.706510 73.652076 -3.919753 -9.240180 -49.170595 49.935466 -5.319304 -19.473625 -17.631874 65.107183 -17.233446 3.521324 
-9.124477 -1.109734 -0.616519 0.000000 -172.656974 -27.838792 -39.738649 -0.369911 -1066.074023 -168.723294 -299.807826 -33.780022 -892.329711 -133.298133 239.263953 -65.452556 655.968677 284.850730 987.212325 34.072850 317.653964 192.636466 296.990970 19.911029 11.002908 9.213346 14.931283 0.880522 -28.481430 -7.521528 -4.172125 0.000000 -316.654423 -55.905418 -104.055454 -0.503673 -739.560351 -62.321651 -59.501939 -5.260280 -48.598561 53.021937 722.531527 -6.665034 168.085195 36.621773 392.347158 -1.415213 12.491889 9.292521 31.788899 -0.493215 -50.915060 -12.657127 -12.472503 -0.764208 -110.911999 -37.391950 -23.574635 0.000000 -465.797164 -113.659882 -67.492144 -7.034282 -290.352617 -93.683553 365.194776 -25.624375 77.846240 -138.307979 362.603663 -63.253852 -10.804357 -48.156311 57.088919 -50.567493 -16.164779 -1.267932 -1.767218 -2.243087 -115.697582 -17.920161 -18.534333 -5.581624 -259.836496 -99.319865 -34.958014 -0.767167 -239.962045 -111.579686 154.350730 -9.916845 19.159525 -36.816141 194.721916 -6.141006 -4.279920 -12.835068 30.576880 -43.421794 -146.881492 -53.349913 -4.325630 -96.780584 -81.996735 -8.959800 -8.753750 -18.812009 -223.013162 -80.421182 -63.484032 -0.300684 -384.913631 -162.659678 101.882002 -1.784257 -44.182992 -27.894756 275.037445 2.224263 -70.570350 126.507397 92.109428 31.987603 131.619376 108.302061 2.614070 72.483165 -95.675798 -3.268697 -6.501786 -68.335476 -172.667840 -34.335782 -8.233293 -65.736557 -211.018876 0.262779 71.572084 -0.302469 -266.445261 -113.400571 294.128201 -6.163198 -76.462453 -33.313641 188.921794 0.353841 -85.489950 31.468677 19.341292 5.096062 217.126110 35.156872 -1.998878 81.839557 5.614019 61.265738 6.173248 22.896184 -182.406642 40.147587 80.933068 -79.097439 -166.985257 25.878278 141.826038 7.260943 76.300633 -220.838945 302.115447 -13.665697 -136.057137 -144.904653 36.113509 0.033262 -39.174166 -9.457657 -6.600500 0.587491 112.074737 20.334966 -1.884247 71.440669 37.889297 262.336139 20.838792 38.998827 -127.885573 142.617641 87.453525 -62.077951 -42.494082 52.881186 -24.432150 5.849046 
-1.251454 -0.152204 -0.084558 0.000000 -22.691154 -3.842669 -5.089149 -0.050735 -110.630777 -18.193067 -28.772574 -3.321549 -27.833180 -5.792011 24.501301 27.763315 80.486762 11.907407 34.072850 39.944215 1.472681 -4.963575 -6.574610 5.151668 -2.181589 -1.623508 -0.963958 -0.067646 -3.974212 -1.031604 -0.574992 0.000000 -36.517906 -5.766988 -11.145393 -0.020891 -62.456918 -4.819253 -0.573385 -0.202632 25.919651 2.677303 53.232553 -0.462657 22.599097 0.339226 17.938093 -0.213269 0.753214 -0.413376 -0.476661 -0.067646 -7.153581 -2.046296 -1.860269 -0.135292 -14.697199 -4.552342 -3.258418 0.000000 -48.153046 -11.615626 -6.697811 -0.976125 -15.189853 -9.674778 20.838078 -2.035736 20.130471 -17.461050 17.651592 -3.804331 -3.915442 -7.770049 0.857897 -6.880395 -2.982706 -0.692072 -0.416896 -1.004438 -18.433196 -0.805632 -2.880701 -0.089379 -29.391797 -10.229798 -3.379859 -0.118381 -21.419651 -10.185185 9.495791 -2.154653 -1.294689 -10.524028 1.552342 -1.144705 2.275482 12.009565 -0.750842 -0.628329 -17.596572 -1.302877 -1.936792 -4.082492 -8.609657 -1.807698 -0.593664 -2.685185 -29.388200 2.206382 -11.956076 5.514539 -34.865856 -15.090756 9.170110 -0.338231 -9.315350 -8.182813 6.330043 -0.875038 -4.003826 6.299893 12.944444 -1.327135 16.076676 11.161540 2.520967 10.906566 8.434420 1.542317 -2.667738 -1.502296 -12.113330 0.138430 0.060530 -5.408096 -12.034053 5.731405 -11.960285 3.947811 -24.142409 -11.673171 15.371365 -1.546908 0.588690 -1.462427 15.156107 -0.254362 -3.290940 -1.414754 3.482553 -2.534282 7.460514 -0.458907 -1.187710 6.863330 -0.974518 20.871059 0.889807 11.094276 -18.226814 24.802189 3.216406 -3.273110 -15.766912 18.830502 14.650673 0.358586 10.926844 4.946128 12.676844 2.080885 9.692991 -6.680670 9.411540 -0.016912 -2.545914 -0.537726 -0.830502 -0.902051 -8.763238 -4.452556 -0.438629 -3.676002 -18.808846 -3.601852 -4.096725 -3.542623 -7.770738 -6.815274 -9.669804 -2.194751 -18.405035 -1.515228 -13.085552 1.574074 
