76.258611 189.861944 0.233611 10.108056 32.346111 205.966111 7.837500 37.266944 -18.521944 108.663611 10.425278 26.459722 -99.058056 21.857500 -10.384444 5.930000 -8.073611 14.455278 -5.231389 -2.864722 18.326944 -4.567778 -0.813889 -1.549167 11.738056 1.128333 0.435556 -0.766944 20.107500 -37.110000 -9.083333 5.511389 22.437222 -43.516111 -2.570278 13.931389 13.372222 -40.317222 -5.875556 15.541111 -26.269167 4.732500 -8.769722 8.400833 10.316944 -59.097778 -8.983611 8.455556 13.819444 -68.806111 -4.406389 2.393056 4.488056 -34.507500 0.877222 -1.456667 4.840278 -33.495556 -7.556111 5.665833 29.917500 -71.606111 -1.543889 0.919167 33.084722 -41.327500 6.189722 -7.014722 -29.613333 2.291389 1.051111 0.444167 -0.025000 -16.678333 2.958333 3.414444 10.776111 -20.436111 3.731111 1.949444 8.034167 -3.765000 11.091667 0.618611 34.916111 61.235833 -4.308611 21.313889 21.125833 15.507778 -4.076944 8.894444 -7.923889 7.931667 -4.215833 5.023056 -43.988611 30.938333 5.091667 -0.495833 2.088611 -4.054444 10.849722 4.555000 5.246944 -23.654722 -1.197778 4.744444 -13.430278 -43.590278 3.885278 -6.823056 15.592778 -110.578333 -8.149444 5.659444 21.363889 -97.927778 -11.956667 4.075000 29.476111 -35.849444 -7.179722 0.264167 -17.193889 -3.817778 -2.827500 -1.480278 -4.273611 -50.049722 -1.666667 4.306667 -2.469444 -34.578611 -1.263889 2.700278 -10.581667 -28.423889 4.759722 -8.076389 12.447222 -8.714722 -0.540833 1.398333 0.183611 -3.012778 -1.558333 2.292500 15.920000 14.815833 -1.895000 9.089722 -28.662500 2.831389 0.598333 3.184444 -14.653889 -2.241111 5.809167 -1.370278 -4.633889 6.123889 5.474722 0.017500 20.425000 23.307222 33.139167 8.269167 7.015000 8.855278 -0.163889 0.732500 -4.270278 9.033611 0.114444 -1.237778 2.676944 22.293889 1.190556 -0.933611 -14.660833 20.824167 1.916389 0.093056 -11.890556 11.781667 -6.595833 -8.659722 4.285000 -26.504444 12.965278 -6.081389 10.987778 -61.207778 8.576111 3.118333 
189.861944 1715.938611 17.218426 161.245463 16.138333 1064.776111 36.093056 142.275833 69.435093 418.838056 24.041574 71.694907 -115.245463 45.840093 -6.542222 -28.482222 -94.440278 26.922315 -36.795093 -30.478426 -107.010833 -118.658889 -28.902778 -10.878056 -35.283056 -90.807593 -11.885926 -5.146204 75.808611 591.671852 -36.725926 107.607315 26.611667 102.529444 -27.913611 86.885833 142.312963 -138.055370 -49.761852 85.141852 9.911944 -28.392315 -27.906389 16.292315 -26.513056 -381.124815 -71.173981 6.666667 -28.725000 -541.060926 -43.992315 -24.321759 -46.436759 -301.451204 -11.888704 -29.657037 -33.398611 -449.499630 -63.579444 13.948426 96.092315 -485.366481 -38.665000 -3.630463 282.577315 -310.953796 2.690463 -29.143241 31.421111 -54.215648 -40.457778 -5.549907 -96.141667 -198.814630 -32.565741 -8.967778 -11.273519 -220.241667 6.489630 -21.614630 30.410833 -177.846852 37.804630 -27.983981 162.429815 204.599167 -34.004537 67.275000 17.652500 189.910370 -30.703981 38.787037 36.624630 26.724630 -22.968796 24.807130 -141.022315 117.737222 5.669444 12.741204 -73.616574 -98.244815 -4.999907 22.911296 -29.571204 -229.124352 -7.954444 19.792593 38.098981 -201.184722 52.301204 -18.951574 80.832037 -613.873889 -57.439074 8.280185 55.500926 -407.379630 -65.266296 13.223148 158.445000 -198.324259 -41.001204 1.417500 9.694259 -125.818148 -29.579722 -0.204722 -17.319907 -381.233426 -25.429630 13.536667 -7.450926 -247.496019 33.169444 17.307315 248.197593 -13.984630 100.130093 1.775463 -6.243519 -99.133981 -9.219722 7.548704 -35.676019 -47.129074 -16.473148 9.343241 83.730370 -2.153426 -28.012778 39.433056 -26.779167 -17.312315 2.778333 38.440370 -41.670926 -48.856667 65.643241 -0.293241 18.490926 -41.096852 122.367685 1.973796 317.771296 -15.950556 160.840648 14.995463 -61.066111 -37.309167 -1.149074 -5.614537 -100.828426 -84.796389 -5.264074 -28.539259 -3.412685 -111.949815 -3.633889 24.616759 -9.713056 -174.667315 27.731574 91.457870 -9.775370 -274.062407 23.381944 -8.356019 60.075370 -370.896667 91.154167 -26.783981 -11.927407 -531.436296 57.161667 -7.507963 
0.233611 17.218426 4.187006 0.200957 3.577593 20.045741 3.921759 -1.083981 5.642562 13.947870 1.249660 0.372994 -2.499105 10.405340 -0.667778 -0.268148 -9.593056 6.688302 -1.958858 0.120772 -6.223981 -2.467778 -1.097222 -0.064907 -1.672130 -3.164877 -0.478025 -0.148117 3.967685 34.443086 7.595679 -0.405586 0.603889 10.991296 2.991759 -1.734352 3.588272 -1.195617 -0.723086 0.510864 -0.653426 6.042068 -1.441019 -1.379105 -2.306204 -6.318765 -3.055525 -0.862963 -2.395370 -18.440062 -1.382006 -0.812191 -1.687562 -9.840525 -0.145617 -1.038765 -0.643981 -8.572716 -0.230185 -1.282623 2.774599 -10.408580 -1.034630 -0.842253 13.688117 -7.220401 -0.945154 -0.407623 3.797778 -4.873117 -3.160000 0.701265 -6.049074 -8.164753 -2.461420 -0.433704 -1.976975 -9.145370 -0.554691 -1.127716 -3.168611 -5.168086 1.000309 -1.936636 2.351914 -8.609537 -1.106451 -0.299074 0.950833 7.834321 0.430772 1.667284 -1.350432 0.984753 -0.353179 1.449290 -6.660525 7.421667 0.086111 2.024228 -1.654290 4.281975 -1.204290 0.945123 -1.032377 -4.906883 -0.949630 1.167284 -6.560216 -3.559722 -0.244660 -0.399290 -0.165864 -21.145000 -1.193272 -1.068951 2.136728 -16.210494 -1.370864 -0.150309 7.715000 -8.846358 -1.564599 -1.394167 4.069691 -11.116543 -1.069167 -1.501574 0.727932 -13.993858 -2.043827 -0.197037 -0.140432 -10.245586 -2.058333 0.599969 4.250432 2.304506 -1.720216 1.070216 -1.611420 -3.053302 -0.225093 -0.414012 0.281451 -0.238086 -0.199691 -0.422006 2.998395 0.949475 -1.222778 0.388796 1.886574 -2.918302 -1.470185 0.785062 -0.634136 -3.307778 -1.227562 0.246080 0.564877 -1.623642 -0.439784 0.102994 18.529938 6.033148 1.907377 1.036142 -2.060926 -1.299352 -0.015123 -0.248673 -3.947747 -2.722870 -0.138642 -1.490247 -2.045586 -5.838210 -0.381667 1.095710 -5.685833 -5.345895 -2.587006 8.442747 -3.205988 3.213765 -2.263426 2.430710 2.439321 -0.715556 3.655093 -0.410710 6.158765 -9.516420 -1.216481 -0.432901 
10.108056 161.245463 0.200957 27.772191 -8.088704 97.054259 -0.230093 22.192315 -31.615710 36.999352 -3.654290 7.550154 2.631512 -1.489599 4.878889 -4.048519 33.829167 3.694105 3.098673 -1.897623 -0.412130 -11.243333 -1.897222 -1.054537 -4.325093 -7.909198 -1.062716 -0.478735 -8.348241 -23.967160 -6.519753 14.371327 -3.792778 -19.424630 -6.072315 15.148241 -0.206790 0.154877 -8.830617 12.837284 7.572870 -10.657809 1.421574 2.872623 7.764537 -40.171975 -0.026883 4.240741 -1.276852 -34.361790 -3.494846 2.529784 -2.894846 -18.180772 -1.245123 -1.218642 -7.675463 -48.158765 -5.780926 1.215031 -0.708858 -43.476605 -4.032037 -0.330895 0.416512 -22.847191 2.218302 -3.409969 9.852222 -6.642623 6.682222 0.031142 -1.728704 -17.011173 2.702160 0.967037 0.234383 -8.332407 0.836173 1.001790 10.688056 -8.513395 3.447840 1.504228 6.555494 18.278981 -3.875957 9.332407 -1.942500 24.089753 -4.229846 5.040123 -0.423642 5.185617 2.024475 1.107191 -4.588549 -4.321667 5.719444 2.297068 -7.935525 -11.867160 -1.785525 5.241914 -5.505586 -18.982932 -0.389259 3.895679 24.887068 -8.843056 6.793735 2.442809 -1.987840 -55.682778 -5.071543 0.489321 5.842901 -33.893210 -3.899506 -0.114506 21.157222 -24.422160 -0.890031 -2.803056 7.598827 -17.196420 -3.794722 0.548796 -4.623302 -33.816327 -4.726543 3.802593 -1.816975 -9.010895 5.152778 6.143549 36.340309 5.008457 12.063735 3.419599 -3.936728 -13.951327 -0.772130 -0.328580 4.284290 -7.104506 -0.324383 0.850710 7.909012 -4.220772 -0.582778 2.075093 -0.011574 -3.225216 0.609074 -0.272099 -4.278827 -3.747778 7.428488 -0.947006 3.709198 -3.796728 15.179599 0.781265 23.373765 -6.949815 4.541698 6.725895 -5.516852 -3.464537 -0.083025 -0.455957 -5.729105 -6.574352 -0.431728 -1.150494 -1.638673 -8.274753 -0.023889 4.970031 5.033056 -20.919846 5.010154 7.661883 5.320802 -50.750802 8.888426 -2.581636 8.751420 -44.045556 2.958796 -1.743920 10.431975 -42.781728 -2.550185 0.573642 
32.346111 16.138333 3.577593 -8.088704 499.132222 180.957778 25.508333 49.823889 507.449815 280.876111 -7.924259 148.743519 -529.361296 -53.684630 -101.462222 28.630000 -412.552778 -131.492407 -65.725370 -25.697593 -76.560556 -66.151111 -19.827778 -11.583889 5.083889 -12.205926 -2.462593 -3.038704 45.289444 78.541852 12.635185 -6.205741 148.278889 -131.185556 40.483889 4.260556 169.490741 -303.168148 -15.549630 23.609630 -108.126111 163.652407 -67.351667 23.647593 -119.881667 42.304074 -37.705370 -0.111111 -17.355556 -145.801481 -15.853148 -3.967593 -0.508704 -79.709815 2.004074 -1.160370 51.002778 86.391481 15.557778 11.793148 100.730926 -77.201481 0.781111 28.413148 97.862037 -153.711296 -27.859815 25.476481 -110.196667 48.666852 -39.282222 1.829815 -71.888889 36.128148 -17.085185 6.992222 -5.317407 -35.127778 -1.050370 12.911481 27.466111 -37.786296 2.229630 8.252407 14.483704 -93.818333 -4.955370 -4.922222 60.360556 -67.888519 -2.043148 8.459259 49.886296 -72.519259 -40.363519 29.623519 -80.840926 -19.047778 -19.283333 15.734259 -33.253519 -33.813704 -1.153519 7.842963 8.222407 -32.441296 13.657778 6.720370 86.910926 -15.269444 17.976481 7.498704 6.199259 -137.775556 -8.426296 -6.624815 -52.424074 -45.640741 -7.719630 4.948148 -32.287778 -60.994815 -31.937593 36.835000 50.284815 6.906296 -1.959444 16.618333 28.612037 10.764630 12.070370 6.356667 30.829630 -51.806852 17.322222 -2.822407 85.335926 -97.022963 39.695370 -9.034259 -21.968519 -5.192037 -0.778333 4.060370 -142.939074 -10.767407 -12.553704 -2.843148 -18.581852 4.063519 -10.675556 34.055000 84.575000 8.456852 3.290000 61.821481 34.845185 -9.668889 2.251296 11.176481 22.417037 -29.302963 17.222407 -0.398704 50.218519 1.987778 53.749815 6.805741 -13.537778 -4.251667 -0.646296 -1.964259 -104.836481 -65.503889 -2.265185 -34.369259 -16.806852 -155.584815 -1.478889 -65.559074 83.168333 -216.180926 -2.172037 70.950926 13.069630 -34.328519 -25.269444 55.000926 58.891481 -43.448889 22.136111 -5.380926 112.941481 -142.742963 -51.543333 5.847037 
205.966111 1064.776111 20.045741 97.054259 180.957778 1347.034444 51.519444 162.255000 -47.715370 949.778333 38.397593 167.500926 -388.120926 237.797963 -28.458889 59.251111 -129.763889 113.307963 -51.594630 5.005370 -67.970556 -48.158889 -21.911111 -7.362778 20.612778 -29.541852 -3.428519 -5.156852 41.718333 -21.331852 0.009259 37.879074 60.314444 -37.356667 5.723889 70.720556 124.859259 -62.167407 -52.991481 108.121481 -46.145000 -32.439074 -52.232778 38.661296 1.527222 -320.984074 -69.917963 44.044444 1.977778 -515.661852 -36.950185 4.445370 -2.400185 -278.842407 -2.056296 -9.921852 -44.191667 -549.529259 -42.643333 2.081296 78.844630 -633.300741 -23.406667 -18.914259 302.321296 -375.165370 6.990926 -47.396481 67.787778 -73.212407 -32.668889 -3.253148 -48.844444 -165.869259 -25.175926 4.232222 1.444074 -229.433333 -4.536296 -4.474815 72.537222 -148.234815 24.614815 0.316481 143.619630 335.383889 -14.734630 68.450000 28.270556 210.636296 -13.636852 49.935185 -16.570741 11.273704 0.050185 23.257593 -186.802407 147.428889 18.522222 9.682407 -40.797593 23.945926 24.107963 16.332593 -15.456852 -165.722037 -10.465556 12.262963 148.590185 -227.825000 10.753519 -13.668704 25.894074 -599.043333 -40.665926 5.084815 130.062963 -514.759259 -51.079259 18.551852 221.814444 -264.352963 -37.236852 -11.417222 -24.721481 -148.155185 -40.639444 -20.033889 -33.528704 -366.174630 -42.037037 18.225556 2.064815 -306.435370 -4.300000 11.923519 337.515185 -111.061481 94.899074 -18.704630 3.012963 -96.761296 -3.501667 -0.655926 56.056852 -39.600370 -5.240741 5.140926 150.006296 48.838704 -15.110000 16.026111 -98.386111 -16.714630 -11.296667 -14.061481 -75.055185 -42.617778 19.857593 -12.868704 40.086296 6.198519 107.415370 2.002037 228.359259 114.313333 184.790185 22.315370 -3.102222 12.872778 -0.937037 -1.511296 -49.627963 -3.656111 -1.565926 -14.626296 87.220185 78.510370 -1.108889 23.696852 -10.722778 103.299815 -2.340185 27.810185 -58.204074 -75.655926 68.302778 -80.806481 122.259630 -371.280000 153.097222 -39.083519 32.837407 -558.988148 -56.135556 7.681852 
7.837500 36.093056 3.921759 -0.230093 25.508333 51.519444 12.209722 -2.198611 39.660648 49.679167 10.094907 6.561574 -39.425463 17.680093 -7.433333 5.255556 -43.201389 16.085648 -6.588426 -0.749537 -15.281944 3.188889 -2.397222 0.159722 -4.181944 -4.334259 -1.098148 -0.021759 12.348611 55.857407 6.685185 0.499537 11.736111 5.147222 11.970833 -1.220833 15.435185 -39.128704 2.637037 0.040741 -14.390278 4.264352 -4.948611 -2.031019 -14.048611 -11.998148 -5.432870 -2.383333 -5.008333 -33.595370 -2.891204 -2.693981 -2.218981 -20.185648 0.737963 -1.909259 6.045833 -9.585185 0.402778 -0.994907 19.468981 -31.689815 1.097222 -0.250463 32.621759 -33.228241 -5.360648 -0.231019 -5.822222 -12.530093 -9.555556 0.474537 -13.652778 -10.560185 -2.837963 -1.516667 -1.432407 -13.691667 -0.520370 -1.826852 4.998611 -6.643519 7.565741 -2.905093 10.400926 -0.820833 -0.835648 1.141667 7.934722 -4.496296 0.944907 2.464815 -3.106481 -10.423148 -5.514352 2.122685 -21.918981 12.908333 0.519444 1.741204 -8.847685 6.940741 3.946759 -0.256481 0.653241 1.385648 2.038889 1.631481 -0.419907 -6.312500 6.324537 0.138426 5.006481 -51.997222 -2.187963 -1.395370 3.884259 -45.546296 -4.424074 -0.104630 11.341667 -23.512037 -7.168981 -1.556944 3.884259 -26.370370 -3.048611 -2.906944 -0.231019 -39.641204 0.470370 -1.455556 1.121296 -27.828241 1.930556 -0.178241 -0.799074 -15.310185 0.730093 -1.913426 1.728704 -7.855093 -0.704167 0.773148 -4.828241 -2.510185 -1.839815 -0.174537 0.192593 3.119907 -3.230556 -0.595833 1.198611 -1.463426 -0.708333 1.364815 2.776852 -6.088889 3.597685 0.363426 1.689815 -3.649074 4.514352 0.033796 9.332407 7.175000 4.138426 -0.313426 -4.597222 -3.512500 -0.087963 -0.474537 -3.088426 -2.065278 -0.235185 -1.914815 -3.872685 -2.256481 -0.041667 -2.242130 -4.193056 -10.232870 1.289352 3.630093 -2.573148 -5.332407 1.998611 -0.256019 3.628704 -14.772222 5.515278 -1.993981 1.159259 -24.068519 -6.580556 -0.126852 
37.266944 142.275833 -1.083981 22.192315 49.823889 162.255000 -2.198611 61.203056 -41.167315 78.294167 -8.929352 47.943981 -84.953426 -19.654537 -4.601111 -0.958889 30.145833 -9.173426 2.080648 -2.752685 21.407500 -10.934444 -2.441667 -1.029722 8.701944 2.693148 0.155926 -0.832685 -15.573056 -116.000741 -10.040741 6.643796 8.026111 -90.171667 -7.695278 24.078611 9.692593 -18.380185 -12.162593 30.361481 -9.166389 5.561204 -4.494722 13.249907 10.508611 -42.121852 -0.738241 10.494444 10.663889 -46.352407 -3.566574 10.121759 3.288981 -26.001019 -1.185741 0.713704 -0.262500 -24.865926 -5.995000 6.392685 -3.927870 -50.685741 -5.371667 1.723796 -10.943981 -34.000648 7.146204 -3.765648 0.475556 7.658981 12.228889 0.821019 1.108333 -11.087593 2.876852 6.703333 1.994630 -14.136111 2.573704 8.501296 9.103611 -8.579815 1.712037 4.741759 16.662407 52.394167 -5.457685 19.419444 4.461944 34.970741 -9.026019 10.674074 -2.931296 8.124259 0.955463 3.923981 -13.743241 10.866111 4.019444 3.881019 -3.884537 11.271481 -4.795648 8.880926 -2.579907 -20.316759 0.468889 8.474074 16.357685 -15.798611 4.795463 0.181574 -1.077593 -100.550556 -7.230926 0.502037 14.687963 -61.942593 -4.910370 2.793519 25.198333 -27.784630 -2.151019 4.122500 0.007963 9.585926 -7.080278 1.661389 -4.135648 -1.898796 -4.814815 8.040000 -0.493519 0.276019 4.558333 8.404907 24.059074 -9.705370 16.436574 -2.542130 2.771296 -19.308241 -0.010278 -1.166481 -3.906204 -15.133148 0.200926 0.437870 8.560741 -2.194352 0.049444 10.064722 -7.226389 1.004537 0.292778 7.130741 -9.689074 -0.702222 4.132315 -0.165648 2.129074 -1.535370 11.264537 0.712870 16.023148 5.501667 22.571574 11.508981 7.426111 9.130278 -0.173148 0.655648 -8.241574 1.241944 -0.567037 -1.389630 -11.412870 -2.791296 0.907222 -1.490093 1.464167 -24.536019 5.806204 16.747685 -2.247963 -38.516481 2.529167 8.644907 13.453519 -47.332222 10.490278 -1.669352 20.572963 -71.933704 6.815000 3.131296 
-18.521944 69.435093 5.642562 -31.615710 507.449815 -47.715370 39.660648 -41.167315 2758.031451 87.031204 46.210772 164.950772 343.373117 -372.905772 -340.673333 70.642963 -1979.631944 -881.889475 -389.103302 -149.251451 -701.418426 -559.167778 -152.536111 -62.276019 -172.177685 -261.048210 -44.883580 -17.109228 117.651019 1200.348642 54.729012 64.049969 209.431667 461.835741 58.925093 15.993426 784.477160 -874.578951 70.721358 9.416420 -37.997870 280.242068 -228.996574 103.887562 -590.500648 294.736790 -213.127747 -36.729630 -215.284259 -678.312284 -80.215340 -74.217747 -142.237562 -412.273858 -17.551173 -23.238765 35.556019 249.799506 34.380926 12.845154 290.835710 -52.825247 -15.323519 47.891080 806.677006 -448.648179 -127.256265 94.764599 -261.196667 7.360216 -217.287778 9.845710 -433.726852 -10.809198 -140.594753 -11.900370 -65.754753 -362.167593 -35.632469 -34.983272 78.586944 -325.845864 -12.160802 -32.119969 -47.298086 -225.753981 -22.823117 -96.076852 132.989722 -117.499012 -6.730340 -36.143827 468.871790 -115.270802 -155.869846 82.910401 -92.293858 7.582778 -122.491667 88.374228 -223.732068 -284.512469 -13.659846 -17.038210 22.506512 -444.245772 -26.960741 -0.366049 195.478673 -266.015278 21.999784 -17.360401 -42.371420 327.905000 -4.482160 -39.580062 -316.835494 355.517284 -48.581975 -5.761420 -77.768333 131.953642 -125.859043 133.928056 249.025247 54.927901 12.753056 106.731759 94.544599 -97.821636 28.456173 8.169630 70.376235 -418.890031 -31.619444 -7.066698 398.894877 -262.562160 -17.825772 23.242438 -165.783642 -103.981080 -14.486204 -5.786235 -648.035216 -125.104753 -70.233025 -33.172006 -65.607160 -119.928302 -104.661667 94.711019 635.803241 -55.079414 -33.464630 241.901728 173.632531 -129.974444 -38.910895 57.562747 42.409321 -225.973642 -45.706451 -2.158117 574.413272 -301.444630 52.801821 -7.819414 -193.183148 -135.038241 -3.398457 -17.293117 -613.258858 -434.678426 -15.099753 -160.373580 -344.773364 -1006.699321 -25.331667 -275.387623 372.853056 -1199.501451 -66.725895 447.009414 182.499568 -149.458457 -209.730093 464.875154 60.989321 241.712222 -16.006019 51.761512 404.014321 -111.627531 244.511296 4.472654 
108.663611 418.838056 13.947870 36.999352 280.876111 949.778333 49.679167 78.294167 87.031204 1360.091944 33.287685 180.525463 -420.504907 644.040648 -88.021111 168.581111 -241.976389 166.959537 -116.300093 49.194352 -106.204722 22.712222 -41.202778 -1.100833 28.795278 -0.443148 -6.972593 -5.392315 8.753611 -139.060370 27.985185 -3.863241 58.329444 -198.556111 58.042500 -4.498056 50.824074 -97.808704 -46.054074 37.099630 -34.464167 -71.936204 -77.313611 22.630648 -21.639167 -206.155926 -50.675648 33.194444 -4.280556 -215.836481 -18.852870 14.536574 42.191574 -69.285093 1.135741 13.297407 13.543056 -185.372963 2.495000 9.665648 50.769537 -441.014259 12.666111 -12.093241 46.424537 -279.479907 -20.987870 -46.237130 90.291111 -63.411759 -11.256667 -5.884907 25.630556 -138.067963 11.028704 -17.864444 -7.155741 -124.252778 -1.740370 -7.945741 94.188056 -30.947963 11.387963 23.444352 73.920926 25.803056 -5.095093 18.158333 45.457500 -50.270741 -0.215648 33.659259 -94.274259 -83.707593 6.602870 -6.376759 -114.065093 15.911667 46.769444 -20.817130 17.476204 -36.560370 61.776204 -6.319815 -11.000648 -23.913796 15.503333 -6.701852 213.261759 -106.415278 20.823981 -6.712130 22.522037 -277.438333 -13.124630 -24.357593 147.139815 -383.268519 -19.989630 -4.176852 126.679444 -280.065370 -20.085093 -56.458611 -9.130185 -276.824815 -17.416944 -39.708611 -14.200463 -358.231759 -7.535185 0.876667 6.571296 -189.984352 19.725000 -4.185463 265.846481 -75.705741 83.327315 -25.482870 38.567593 61.116574 1.740833 6.088704 135.075648 40.260926 -10.556481 -1.651759 133.739259 51.752685 -12.699444 -41.278611 -88.704167 11.276019 2.635000 -77.036296 -38.055370 14.663333 20.687130 -21.309352 54.043148 53.002037 92.038241 0.556574 72.443519 135.837222 48.425648 12.093796 16.640556 21.205833 -0.821296 -0.186204 83.233241 43.610833 -1.632963 -4.021481 216.521204 242.991296 -1.196111 -24.462685 30.921944 336.683241 14.296574 -151.256019 -48.179815 40.660926 91.279167 -137.969907 111.802037 -248.190000 54.379167 -30.244537 84.827037 -366.471852 -231.015000 14.263148 
10.425278 24.041574 1.249660 -3.654290 -7.924259 38.397593 10.094907 -8.929352 46.210772 33.287685 45.853673 -10.789660 55.202438 30.217994 33.076667 2.983704 -89.323611 -6.536080 -17.778920 -2.258549 -60.758241 -26.223333 -12.830556 -3.813981 -18.093426 -23.067346 -4.617531 -1.049660 20.088981 97.498025 5.626543 -3.252191 17.526111 27.804259 8.192685 -0.733426 46.328395 -74.444383 17.594198 -2.867531 -8.954352 -12.485401 -2.312315 2.894660 -38.773796 2.262099 -16.175586 2.146296 -15.682407 -78.966605 -5.677994 -9.798920 -13.172438 -66.288364 -0.316605 -6.485679 6.193981 24.542716 0.423519 -2.999599 49.079846 -52.092531 3.591296 -0.938858 87.111883 -70.331821 -1.967068 -3.830154 -43.802222 -2.524660 -15.765556 0.695401 -38.250926 2.685864 -10.749691 1.201481 -6.870802 -35.693519 -1.160864 -5.612284 -6.910278 -40.206358 7.038580 -9.506698 17.802531 50.022870 -4.519105 6.032407 36.986944 -18.374321 6.273673 3.221605 22.358210 -24.860309 -6.147932 4.199599 -59.708364 57.132778 -8.241667 -3.063117 -28.960154 22.120247 6.634290 -7.474012 -0.254290 -11.722006 2.604074 -0.672840 -24.847562 -33.556944 2.979105 -2.899599 9.718086 -69.106111 -6.916728 2.915617 35.068827 -85.461728 -5.420247 4.339198 28.926111 -47.335864 -11.503179 0.736389 -30.774136 2.719877 -9.949722 -4.622870 -11.572377 -51.258364 -0.145062 -5.806296 0.607099 -71.819969 -0.136111 -2.735525 23.547346 -8.463395 11.153549 2.490895 13.572531 -16.173364 -1.120463 0.716235 24.788549 -7.509691 -4.011420 3.104228 19.124938 -6.503920 -10.650556 6.804537 -30.564352 -10.860586 -6.827593 0.322716 -12.662531 -12.324444 2.965340 -2.372747 3.339568 3.393642 21.292006 -0.442994 62.120062 45.586852 49.484846 -1.989475 -4.203519 -5.826204 -0.107099 -0.039105 8.737747 7.731759 -0.754691 4.442469 8.030031 24.442654 -2.615000 9.545401 -21.194167 36.930340 1.872562 -6.926080 -8.825123 3.499568 20.352315 -19.652932 15.302901 -72.032222 41.117130 -6.227068 -10.194321 -131.538025 -3.514630 -3.508210 
26.459722 71.694907 0.372994 7.550154 148.743519 167.500926 6.561574 47.943981 164.950772 180.525463 -10.789660 138.693673 -221.313117 -24.813117 -51.911111 71.175926 -159.145833 -71.203858 -31.610031 -6.061883 -16.206019 -45.627778 -12.175000 -4.588426 6.081019 -11.681790 -2.125309 -2.217438 -0.569907 36.430247 -0.823457 8.782253 17.563889 -65.337963 6.622685 7.203241 53.439506 -88.029938 -10.124691 24.630247 -14.986574 19.061265 -25.641204 25.342438 -27.833796 -35.367901 -15.982253 6.662963 -1.771296 -87.213272 -8.820216 3.734414 1.707562 -39.651698 -1.674383 3.004321 17.010648 11.343827 0.610185 17.058179 1.833179 -53.711420 -6.217593 5.348920 18.395216 -62.219599 -12.635957 1.560957 13.561111 -16.247994 -2.683333 -0.533488 -10.789815 -19.871914 -2.549691 -0.612963 -2.210802 -27.860185 0.308025 6.341049 4.237500 -17.860802 -4.078086 9.456636 18.489198 -32.217130 -7.242438 3.371296 4.201389 10.251235 -13.245216 8.704938 13.412654 -2.200309 -19.355710 5.197377 7.048302 -17.825000 -9.591667 7.481327 7.838735 -25.919753 -3.783488 6.773765 -1.760957 -52.963117 -1.214815 3.649383 -0.902006 -56.490278 -0.352006 -3.925154 0.416975 -77.413889 -9.436728 -2.779938 -25.397840 -13.800617 -11.502469 -0.177469 -19.741667 -8.444753 -20.677623 13.098611 41.544753 -9.067901 -5.215278 7.511574 18.722068 1.492747 -0.322840 8.059259 0.795988 -14.073302 -0.913889 2.093364 -31.834877 -63.320062 7.453549 -16.870216 -11.266358 -13.176698 -1.072685 1.992901 -70.649228 -17.938580 -5.811420 -2.986883 -20.895062 -8.301698 -3.363889 8.046759 68.213426 1.520525 2.671296 19.827160 18.177469 -1.133333 -1.925772 2.662809 -9.062654 -13.305247 -6.292438 -0.017438 -19.174383 -17.378704 21.941512 5.309414 0.023148 4.228241 -0.312654 -0.681327 -52.415586 -24.722685 -1.280247 -16.164198 -34.334414 -76.237346 -0.519444 -29.805710 48.145833 -122.989660 2.710340 49.996142 9.218210 -22.812654 -22.875463 46.908179 3.748457 35.561111 -15.460648 5.669599 44.984568 -0.863580 36.450926 7.259568 
-99.058056 -115.245463 -2.499105 2.631512 -529.361296 -388.120926 -39.425463 -84.953426 343.373117 -420.504907 55.202438 -221.313117 2159.542562 -34.775216 80.882222 -33.929259 -152.562500 -412.947809 -213.017191 -14.248673 -643.671204 -392.023333 -169.947222 -50.273241 -245.891574 -280.159321 -65.455802 -18.239784 -59.290648 462.343086 38.723457 34.813858 -116.246111 442.141296 -55.861019 3.540648 139.827160 200.093272 67.026914 -28.783580 460.360463 -268.105154 19.339537 35.451451 -99.020093 249.859012 -116.974969 5.803704 -188.112037 -86.167840 -43.351451 -49.176080 -127.007006 -221.526636 -17.612284 -16.110988 -75.257870 6.482840 14.825370 -21.213179 -52.383735 35.341420 -12.317963 -34.406142 252.185340 -29.906512 -23.209043 1.611821 210.475556 -45.970340 -56.110000 30.948488 -157.176852 1.785247 -97.744753 10.555185 -82.732531 -214.228704 -36.421358 -42.116605 -56.638056 -280.112531 -27.588580 -36.128302 -74.498086 -6.523426 5.135216 -40.971296 -48.213056 37.762099 6.994660 -33.716049 218.166235 79.901420 13.738488 -5.825710 74.008920 51.849444 -56.208333 13.788117 -153.945957 -27.073580 -34.595957 -25.149321 -22.835154 -137.070772 -22.294074 -17.899383 -36.635216 -4.168056 -32.319660 -23.168735 -77.271420 231.832778 19.684506 -20.930062 -69.313272 213.572840 22.373580 -15.416975 143.476111 141.414753 -0.739599 22.103056 40.619691 35.777901 -22.238611 10.751204 -40.535957 -106.263302 -18.049383 -40.935926 -30.318210 -250.453920 -54.925000 -12.452809 143.411543 103.904506 -95.978549 56.600772 -56.800309 -97.833858 -6.544537 -15.414012 -136.121327 -87.254753 -24.049691 -17.191451 102.526173 -123.253302 -68.228333 32.530463 128.667130 -66.837747 -46.675741 69.468395 -23.250802 -78.696667 -62.174784 13.904414 -36.440679 -99.184753 -66.042562 -3.116451 321.735494 -74.394630 -33.045401 -5.816636 -100.416481 -99.074352 -0.498457 -6.157006 -238.694969 -204.892315 -9.544198 -34.890247 -170.692809 -379.577099 -25.359444 -29.295957 16.816944 -377.432006 -67.139784 219.728858 60.955123 -76.541790 -117.099537 221.116821 -14.360679 126.717778 34.685648 48.803179 110.314321 37.294691 234.411296 -10.305123 
21.857500 45.840093 10.405340 -1.489599 -53.684630 237.797963 17.680093 -19.654537 -372.905772 644.040648 30.217994 -24.813117 -34.775216 955.967006 20.197778 62.228519 338.415278 546.881080 -48.241636 77.993549 -38.712315 135.953333 -38.302778 7.473426 -2.382685 4.560679 -14.186914 -4.799784 14.901574 -216.100247 7.651235 -36.009475 -6.689444 -170.722037 22.881204 -61.023796 -123.056173 8.845494 -27.304198 -40.025802 -28.796204 -208.868488 -11.326019 -61.240772 84.312130 -12.149877 10.048364 21.114815 10.410185 201.595494 17.257438 10.562809 60.746327 131.636698 13.806605 12.182346 24.058796 65.637284 -1.950185 -3.759846 17.124043 -105.906358 21.740926 -24.049475 -193.342438 -29.707623 -12.517932 -55.645957 40.440000 -102.380340 -10.714444 -16.294846 88.623148 -19.668086 34.371914 -22.508148 -2.325864 105.954630 16.404198 -6.536605 50.397500 114.725247 28.344753 5.125031 60.159691 143.983241 13.975216 6.506481 16.105833 -108.646790 40.802438 15.828395 -218.288210 -108.353025 18.596265 -35.367932 -89.375525 43.296111 21.341667 -46.950772 56.377377 168.688642 52.121821 -13.030432 20.421512 195.909228 29.319259 -4.516049 100.997006 35.093056 9.472562 -0.676512 61.640802 -26.226111 9.837840 -17.534506 182.731173 -288.182716 15.200247 -10.472531 37.816111 -276.793025 -6.354043 -97.925833 -58.493642 -239.928765 -10.339722 -69.238796 -20.741512 -229.081080 -2.143827 -26.662593 9.326235 -57.706142 8.575000 -10.953920 155.727099 23.550062 2.415895 11.711883 109.455247 100.241698 2.691019 8.092654 262.210895 81.157469 -6.244136 4.860772 55.373951 27.611142 -13.187222 -71.211759 -151.593981 29.292253 -0.024630 -126.124938 -40.790802 66.528889 -2.189228 -28.564475 63.883765 118.064136 16.341883 -0.080895 85.202160 127.315370 -92.279846 18.612253 45.101296 12.582315 -0.542901 2.012994 202.658364 134.973241 -3.079753 35.255309 159.754969 389.041790 -6.999444 25.566265 -66.328611 539.899105 -12.594228 -232.782253 -44.577099 180.003765 29.850463 -184.144290 71.649321 -57.336667 -66.692130 -6.865710 75.468765 -45.446420 -291.226481 6.765988 
-10.384444 -6.542222 -0.667778 4.878889 -101.462222 -28.458889 -7.433333 -4.601111 -340.673333 -88.021111 33.076667 -51.911111 80.882222 20.197778 165.504444 -35.442222 208.983333 74.573333 84.858889 13.131111 -13.946667 -16.345556 -1.333333 1.674444 -26.485556 -33.513333 -6.397778 -1.298889 -10.418889 -80.921111 -6.677778 -7.517778 -29.510000 -27.074444 -13.396667 0.874444 -41.138889 58.624444 20.185556 -1.386667 52.698889 -53.318889 54.395556 -3.220000 20.987778 -3.997778 13.478889 5.166667 -14.533333 -14.747778 -0.685556 -5.411111 -13.030000 -41.531111 0.535556 -11.278889 -10.150000 -18.656667 -10.031111 -3.813333 -11.997778 -12.714444 -2.368889 -2.832222 14.416667 -12.123333 28.635556 -7.980000 -10.630000 13.578889 24.234444 2.767778 -27.627778 55.457778 -3.055556 6.914444 -14.515556 35.461111 3.364444 -4.558889 -39.142222 -14.167778 1.488889 -16.896667 13.702222 113.390000 -8.898889 9.877778 19.296667 47.102222 2.252222 9.933333 9.145556 9.228889 27.035556 1.118889 -45.051111 72.274444 -0.227778 -12.177778 -39.632222 47.251111 -6.787778 -8.231111 -12.393333 -2.658889 3.396667 -6.455556 -53.640000 -18.788889 -6.657778 -5.035556 2.678889 -83.092222 -6.591111 -2.148889 96.638889 -110.433333 1.726667 3.550000 67.390000 -57.107778 12.991111 -11.962222 -77.457778 33.682222 -20.501111 -16.090000 -35.705556 -35.545556 -15.950000 -12.454444 -12.666667 -50.557778 -0.094444 -4.190000 8.893333 29.478889 38.361111 10.566667 29.727778 -15.507778 1.124444 -1.771111 138.398889 1.462222 7.838889 8.857778 37.097778 -5.207778 1.946667 6.274444 -130.972222 -26.297778 -8.243333 -24.182222 -49.434444 -14.152222 5.835556 -10.968889 -10.481111 23.971111 53.201111 -0.731111 11.661111 99.398889 106.060000 -0.215556 12.545556 -3.648889 0.033333 1.058889 78.081111 49.160000 0.275556 32.590000 35.792222 125.091111 0.137778 73.178889 -81.267778 176.120000 6.984444 -39.594444 -27.610000 -12.943333 69.411111 -82.133333 6.454444 -176.226667 87.422222 -14.318889 -86.873333 -209.474444 -10.537778 -5.167778 
5.930000 -28.482222 -0.268148 -4.048519 28.630000 59.251111 5.255556 -0.958889 70.642963 168.581111 2.983704 71.175926 -33.929259 62.228519 -35.442222 141.706667 -124.655556 -52.211481 -43.602963 39.691481 -55.417778 -41.586667 -19.622222 -4.160000 -0.473333 -20.058519 -5.267407 -2.520741 -4.056667 37.601481 7.409259 2.387407 -17.057778 -11.617778 8.760000 -18.271111 -1.240741 -35.650741 -4.124815 -10.078519 20.196667 -70.508519 -9.402222 11.102963 8.407778 -24.145185 -9.070741 13.877778 -2.188889 -17.011852 -4.558519 6.148148 14.797037 10.621481 -0.672963 12.722593 10.516667 55.654074 8.940000 8.628519 -10.063704 -10.211852 1.387778 -4.844815 -22.320370 -23.807037 -14.061852 -9.915926 53.976667 -52.604074 -3.563333 -4.044815 25.005556 -46.463704 8.012963 -9.151111 1.460741 -18.722222 -0.508519 -0.447037 30.434444 8.059630 -3.662963 23.274815 -3.252593 -94.980000 -8.676296 -2.388889 -3.054444 -36.763704 -9.517407 2.407407 -19.165185 -9.492963 -13.747037 -6.778519 33.078148 -37.032222 2.588889 -5.325926 35.866296 -54.976296 11.705185 2.482593 1.423704 -60.430370 -3.510000 -4.620370 5.276296 -50.933333 -2.332593 -10.343704 -22.205926 -48.915556 -5.277037 0.934815 -1.453704 -9.392593 -9.534815 -5.042593 -17.241111 -0.302963 -14.756296 -6.803333 39.034074 -46.305185 1.341111 -1.003333 19.535185 -26.727407 2.507407 4.614444 -2.540741 -27.032593 -1.394444 -2.362593 -62.868148 -42.050370 -8.875926 -20.890741 -19.898148 -1.169630 -1.354444 1.405185 -36.673704 -8.578148 -7.385185 -0.267407 -9.738148 -7.858519 -2.698889 2.806667 54.783333 5.799259 3.370000 4.360741 17.255926 10.660000 -3.245185 3.361852 -5.724815 -5.357037 -8.631852 -0.506296 -72.435185 -25.542222 -25.057037 -3.281852 -15.096667 -3.846667 -0.270370 -1.941852 -43.236296 -31.553333 -0.210370 -11.765185 -24.615926 -65.484074 -0.408889 -8.794815 -10.992222 -81.119630 -3.031852 48.818519 -10.031852 -6.905926 -22.433333 55.529630 -6.368148 53.236667 -32.894444 17.585926 11.137407 90.345185 -7.457778 7.115185 
-8.073611 -94.440278 -9.593056 33.829167 -412.552778 -129.763889 -43.201389 30.145833 -1979.631944 -241.976389 -89.323611 -159.145833 -152.562500 338.415278 208.983333 -124.655556 2007.131944 743.148611 293.248611 94.720833 526.529167 343.866667 46.213889 40.204167 -7.770833 40.619444 -12.111111 2.548611 -103.656944 -1003.222222 -58.377778 -46.081944 -156.247222 -346.680556 -53.290278 -29.981944 -631.600000 671.897222 -51.005556 -30.444444 36.515278 -286.765278 181.990278 -117.623611 527.068056 -198.211111 167.437500 19.361111 118.441667 712.525000 43.062500 70.015278 76.473611 366.795833 7.602778 12.744444 -29.615278 -62.122222 -32.397222 1.473611 -219.745833 178.841667 6.063889 -38.093056 -683.698611 379.979167 72.670833 -75.801389 231.961111 -86.781944 164.455556 -17.879167 325.291667 4.191667 112.308333 0.044444 6.102778 301.719444 18.372222 22.641667 -32.884722 206.008333 -0.513889 -4.623611 -24.769444 273.034722 23.256944 61.852778 -141.126389 136.716667 6.037500 31.661111 -356.269444 85.275000 94.254167 -60.262500 110.323611 -47.075000 85.330556 -50.662500 125.109722 317.811111 -16.134722 19.908333 -20.587500 445.415278 15.350000 -3.538889 -58.562500 279.420833 -5.934722 -0.281944 -18.352778 -57.158333 14.452778 -17.497222 190.786111 -182.088889 50.766667 -12.091667 102.752778 -145.552778 97.573611 -107.773611 -136.019444 -103.677778 -10.420833 -80.101389 -91.601389 115.234722 -43.094444 -13.844444 -38.263889 388.568056 11.280556 15.401389 -259.097222 221.536111 -2.668056 15.495833 92.463889 43.970833 8.368056 -2.941667 490.995833 36.313889 53.058333 8.456944 108.672222 -0.565278 79.819444 -99.551389 -414.101389 -7.043056 19.341667 -196.816667 -121.758333 70.822222 8.406944 -45.929167 -13.363889 160.269444 4.334722 2.748611 -387.952778 171.613889 -129.665278 36.384722 120.619444 46.593056 2.841667 8.606944 506.676389 302.129167 9.072222 114.255556 225.640278 727.352778 11.880556 196.543056 -290.165278 885.848611 29.093056 -337.179167 -124.736111 107.130556 138.915278 -326.320833 -61.236111 -111.244444 -54.990278 -22.562500 -245.716667 271.138889 -191.391667 5.697222 
14.455278 26.922315 6.688302 3.694105 -131.492407 113.307963 16.085648 -9.173426 -881.889475 166.959537 -6.536080 -71.203858 -412.947809 546.881080 74.573333 -52.211481 743.148611 938.401821 141.968735 71.848364 327.761019 478.695556 44.875000 44.488981 46.112870 94.498827 0.493457 4.872809 2.019352 -450.933210 -22.106173 -36.182068 -35.387222 -232.565370 11.504537 -38.741574 -267.302469 153.981420 -44.670123 -21.873210 -92.776204 -154.302562 54.409537 -109.973364 171.387685 53.141605 97.176512 -13.024074 104.371296 499.598086 46.256698 40.355401 97.195586 265.528179 21.481420 11.606049 9.431019 -141.151975 -22.906852 -8.384660 -66.047438 -87.981543 7.753148 -21.712068 -294.796142 34.136451 3.934660 -46.965216 133.763333 -134.902191 22.010000 -32.829660 152.489815 7.165988 59.851543 -29.707037 4.600432 284.665741 29.281235 4.691914 28.351944 276.963765 46.448457 -1.892377 52.682654 175.274352 31.953364 11.467593 -51.206389 44.509506 38.743920 15.663580 -283.765617 -58.235988 53.235895 -41.704228 -42.968488 82.428333 42.613889 -36.104475 62.187006 466.900123 53.414784 -2.033395 2.010772 545.682191 40.562593 5.996914 -49.736698 234.698611 10.447747 -14.612438 44.239321 -31.143889 31.907469 -24.661914 154.355247 -225.580864 31.105432 -20.042901 36.557222 -227.782654 25.698549 -89.889167 -59.512901 -184.788395 -5.791944 -66.474352 -44.867438 -69.396265 -13.230864 -18.193704 -24.431173 130.657932 7.291667 -1.898735 -169.901049 81.020802 -30.154475 -16.401080 124.395988 71.413179 7.923241 -0.564383 284.504969 33.805988 20.215123 -3.569969 28.910247 29.393735 25.967222 -90.873981 -194.732870 19.622623 7.260926 -131.481975 -58.944877 30.880000 -4.747747 -32.128179 8.378951 71.119321 -25.729969 0.260586 -202.527469 99.452037 -137.774660 14.357068 114.292407 57.345648 1.870062 9.567809 320.446512 242.715463 3.795432 66.333457 136.969043 518.927716 4.520556 51.720340 -116.825278 622.759475 -10.582747 -275.780401 -70.826728 227.396728 7.978241 -239.670216 0.993395 46.065556 -67.897685 -26.733117 -79.398272 256.523210 -151.190926 7.121173 
-5.231389 -36.795093 -1.958858 3.098673 -65.725370 -51.594630 -6.588426 2.080648 -389.103302 -116.300093 -17.778920 -31.610031 -213.017191 -48.241636 84.858889 -43.602963 293.248611 141.968735 174.470710 5.257747 133.506204 86.353333 61.941667 19.221574 7.948796 17.187840 6.775432 3.886636 -22.274352 -255.321235 -17.160494 -7.766265 -32.061667 -107.909074 -13.242870 14.385463 -117.958642 72.348580 -6.210988 4.353210 0.200093 -21.730216 66.427685 -22.477191 82.319537 -32.033827 64.744043 -4.742593 21.889815 68.293025 14.888302 8.058488 4.354969 46.099043 3.509691 -3.601605 -6.039352 -55.082469 -11.296481 1.346327 -49.997562 36.378210 -1.755370 6.460401 -91.384414 70.687438 28.764784 2.193549 21.434444 12.239414 46.591111 -3.222006 25.687963 62.725123 21.948457 2.588148 3.678457 108.723148 7.783210 6.376975 -16.763611 82.329568 5.862654 -1.801512 -2.741543 85.640648 -3.160586 9.804630 -32.955278 50.037160 -4.927809 6.575309 -39.016605 24.159321 33.346883 -5.940772 23.514599 20.246111 28.658333 -7.348302 2.239105 43.923210 3.550216 5.218951 -2.695772 58.972809 8.011852 0.147531 -8.417191 70.659722 3.858364 16.018549 -9.138210 -6.837222 3.201420 -3.486975 50.716975 -14.435802 6.915679 0.959568 26.605000 -1.558457 32.250895 -16.314722 -49.744877 8.592840 2.476944 -11.918426 -18.240895 -1.246512 -5.213580 -0.977407 -4.546605 30.164846 13.036111 3.355957 -36.461173 47.346975 25.540586 7.364969 9.481790 4.504043 2.570648 -1.706728 112.602253 12.284012 17.145988 6.141636 27.493086 15.295710 25.518333 -9.698796 -111.242130 -9.045401 6.506852 -37.055802 -20.417346 -2.771111 24.208302 -9.015710 -8.965617 30.657346 37.967191 0.194414 -96.761420 56.991296 32.342994 3.407932 10.697593 0.630463 0.202160 0.182747 84.209599 37.258426 3.141235 25.528765 64.542623 116.813395 13.650556 68.755772 -64.400833 166.941080 31.942191 -58.339043 -18.722160 -26.367840 75.046759 -82.388117 -18.900062 -109.814444 20.383796 -10.866327 -101.025062 -30.825432 -42.841296 -0.272284 
