8937.027747 939.859475 20.825247 108.148827 -444.086420 -401.909383 -139.770154 -50.479969 -275.950432 143.717531 -53.958704 11.755247 -230.631574 -167.471358 -460.935309 18.274228 -524.592531 -1364.215216 -601.244753 -10.350710 -782.281327 -2023.668210 -439.615278 -54.125741 -1516.929167 -1932.508889 -191.035216 -98.135432 3056.969352 -791.626389 -143.289167 -79.896944 -859.660586 -102.424352 -124.053951 -67.210802 13.520741 577.617284 98.852531 62.237593 -90.380494 1315.489043 -78.622963 115.045031 4.897809 1314.908241 -202.296265 160.620833 225.312809 884.862222 -113.280741 181.339722 263.715556 253.847778 -81.226296 97.595864 1569.668333 -418.957500 -194.629969 4.843827 -851.644259 -46.843704 -128.946543 -32.902840 -100.314846 514.129074 37.212901 60.115278 27.096296 1117.109506 -2.346019 56.431389 43.425340 1138.398704 -11.128611 85.849630 150.412840 964.473549 23.038426 123.016481 189.474784 642.730494 7.430340 70.245000 1125.626944 -242.744321 -144.978210 71.937315 -753.272315 -31.273302 -137.414136 -32.529259 -175.269352 36.910864 -119.504506 -10.128981 -86.798025 -42.443827 -109.584228 -121.604784 -75.608395 -250.892315 -63.593056 -165.915185 6.155679 -162.551512 6.909414 -101.323827 -6.145031 -7.376481 19.436173 -19.755525 734.326698 19.968488 -89.085895 134.427562 -575.584599 -63.563457 -100.904599 4.019630 -96.494938 61.318086 -67.054691 26.440988 170.648580 189.672932 -25.348519 29.407685 -138.563920 -275.808302 -8.836914 -346.947346 -56.768704 -461.529290 69.365093 -313.911049 -43.176142 -516.041389 49.528704 -164.862346 497.480525 58.639352 -34.843765 140.041914 -389.066790 -19.171883 -48.121728 45.871204 -85.670432 44.185340 -23.026574 31.300494 275.963611 348.576296 10.865988 278.840401 51.604846 475.935895 52.992284 -73.815247 -135.188179 261.930679 58.257315 -309.512531 -20.634321 76.875370 67.135247 -173.751420 528.829506 -49.675370 -70.445463 170.863611 -68.448765 -98.551574 -19.098735 68.850679 -213.866759 -52.493179 -32.510988 0.134136 268.898210 226.986204 3.245401 181.710617 269.986111 955.195401 13.462562 130.596543 -71.901975 1205.824630 20.821204 -136.215525 149.818827 1268.008148 94.076944 -190.716204 
939.859475 1849.307747 -75.411914 62.326728 196.697531 217.230494 -46.634846 42.783858 95.154877 24.868025 5.460926 -6.933025 -8.073426 10.540247 -85.454691 -0.793673 -76.420802 -138.712006 -150.716358 -11.787623 -105.488117 -410.048457 -71.959722 -28.692037 -339.551389 -572.260000 -21.744228 -36.350123 61.036759 -81.504167 -118.509167 35.078611 286.461142 21.709352 -32.237160 22.510802 132.510370 85.710494 27.245247 9.470185 4.706049 250.519290 -5.967037 -0.913364 7.278302 255.792315 -21.196512 5.426389 19.467747 66.842222 -1.590370 33.194167 10.246667 -41.278889 -14.893704 -1.274753 -308.111667 -107.569722 -135.838364 30.572840 403.309815 10.283704 -17.916790 18.055062 102.090957 70.446481 14.483765 6.948611 5.242593 174.437160 18.644352 2.419167 6.276327 190.259074 -1.655278 8.397037 13.263827 152.731451 -3.157870 18.640185 27.919105 167.221728 -6.669784 16.612778 -444.316389 -85.460123 -100.489568 32.077685 476.439537 9.592747 -28.838086 33.710370 86.535463 -13.563086 -31.866605 -1.302685 -11.589753 -20.761728 -9.180772 -21.836883 29.299506 -38.376019 9.690278 -33.954815 -5.837901 -5.313488 -0.112191 -23.757284 0.057809 20.346481 -1.393951 -2.720586 -594.051698 -48.681265 -53.385772 18.560772 611.388488 -5.468765 -34.982623 20.912593 102.307160 -13.296975 -16.693086 -6.272099 26.513642 -1.779043 10.456296 -2.914907 64.367809 -59.928920 10.810247 -41.520432 -18.719074 -108.813488 -10.716759 -82.368951 7.586698 -170.404722 -37.400926 -62.093210 -659.326636 -57.197685 -31.480679 -10.328580 637.976790 11.423549 -6.868272 58.996019 120.417099 -9.643673 -1.147315 -11.173827 13.610278 28.232593 3.936235 48.585710 60.462377 72.741327 -6.936728 53.064136 16.698735 56.520432 -22.751204 -45.219691 -15.207901 38.516852 9.390309 -79.925247 -838.630617 -345.477963 -50.320648 -33.395278 838.587654 254.916574 90.505957 73.469321 219.245093 23.155957 20.395432 1.364753 -16.022654 -22.342315 0.278488 11.540494 58.741667 102.022932 -6.867562 50.800123 57.406420 273.833148 -3.448426 3.877191 -16.524383 372.998519 41.494722 5.880093 
20.825247 -75.411914 96.859136 -30.912840 122.219136 23.452840 28.636235 -5.107469 -1.063210 -18.640247 -6.330370 -1.547531 -6.905741 -36.884691 -18.250864 1.203395 -24.259753 -32.742160 -23.503086 -0.224877 -51.029938 -21.993210 -21.586111 -2.194074 -54.413889 -25.484444 -9.959938 2.433457 36.031296 0.369444 37.377222 -17.238333 -3.712531 -6.585741 10.392716 -4.124691 -8.793704 -21.604938 -8.925802 -1.900741 -8.661605 -21.554012 -16.338519 2.420309 -14.168580 14.542407 -19.604877 3.541667 -17.616358 49.352222 -8.298519 -4.192778 8.614444 15.706667 -3.095185 -0.572469 28.214444 17.907222 11.775864 -3.839506 -27.612593 -5.044815 -1.399877 -2.405062 -3.228457 -9.510370 -6.336543 2.252778 -9.070370 6.818395 -3.806852 1.890556 -5.022160 27.782593 5.581667 0.441852 -3.747160 29.458827 1.923148 -1.137407 2.932284 5.622716 2.898951 0.101111 26.042778 13.815679 2.325679 3.515370 -32.479815 -5.544136 -3.831358 -0.988148 -9.642407 3.679753 -9.180617 0.867963 -11.954691 10.706173 5.648827 -5.686728 -8.366173 1.730185 10.891667 -2.556296 -0.712099 5.009321 2.338580 -0.920494 -1.031420 12.178519 0.505062 0.152531 31.600309 -6.845123 -0.526728 4.715617 -32.225988 -9.009012 -5.365988 1.726296 -9.907160 3.883086 -6.856914 4.110988 -20.621975 20.491543 2.910370 1.080185 -31.680309 0.858086 3.600864 -4.699012 -6.994815 5.437099 2.937593 -1.917160 -1.149198 25.561667 2.320370 0.359877 30.497469 -5.989815 -4.716543 9.731358 -18.465679 -4.438827 -1.942840 -0.266852 -7.953210 -0.557716 -1.584630 3.346049 -5.233889 24.245185 0.972099 6.657346 -13.630432 30.426728 -0.066049 7.194198 -9.086235 18.810123 4.799815 0.966914 4.785679 38.758148 10.168025 1.150247 54.125062 -9.719259 1.260926 3.149444 -6.687654 -12.256852 -2.518457 2.072346 -14.979815 -4.107346 -1.039877 -1.300864 -14.491235 -9.625741 -0.721543 -4.157160 -9.527778 -11.488210 -0.747716 -3.661235 -5.428642 -15.074815 1.999815 -8.073025 -27.556173 -36.976296 8.342778 -13.650926 
108.148827 62.326728 -30.912840 132.844321 -105.856173 -15.373210 -15.582531 18.700062 15.616914 24.749506 6.458148 1.160494 24.127963 102.177284 22.263827 -0.501543 -5.993951 114.632901 11.432716 3.984136 -5.840432 27.263580 -5.452778 7.644074 -61.180556 -81.348889 -1.888210 -8.713086 50.429815 -22.663889 -16.538333 21.755000 -0.552284 0.974630 -7.055679 4.411728 -2.572963 3.217901 2.212840 -0.899259 -9.869877 -8.560802 1.166296 -4.327716 -11.733272 -28.675741 -7.819198 -3.519444 2.608951 -44.107778 -9.157037 4.515000 -17.770000 -27.717778 -3.349259 1.265062 24.241111 -44.196111 -14.988827 -5.706790 18.268148 0.655926 -3.157531 -0.219012 -6.153025 -11.206296 -0.970864 0.397222 -8.468519 -40.277654 -8.576481 -3.035000 -2.670432 -45.243704 -7.642778 -2.586296 -6.517654 -33.255123 -4.762037 -3.107037 -3.602654 6.264321 -0.813765 -0.340000 11.112778 -36.734198 -8.133086 -7.826481 11.352037 -2.274383 -1.820494 0.349259 -2.413148 -9.737160 -6.210123 -1.112407 10.575062 -8.982099 -7.228457 5.818210 13.469877 -13.857963 -4.369444 8.495185 -1.106420 -19.185247 -1.742284 -2.433210 -1.772284 -18.722963 -3.364321 -2.926605 22.825617 -36.014136 -3.202901 -15.774877 4.501914 -11.500247 -4.824753 -3.865185 8.809012 -2.734938 -3.878272 -0.259136 31.823827 -3.184136 -3.360370 13.064259 12.932160 -21.354383 -5.119383 8.484198 -4.160741 -21.713025 -4.193148 -3.336543 -11.754506 -21.528333 1.524074 -7.041358 30.482160 -24.549074 1.959136 -13.373951 -10.221358 -9.331543 -5.603457 -3.110926 17.295802 2.020679 -0.954259 1.713210 17.583889 -11.689630 -1.481358 23.390802 9.006358 1.475123 -2.698765 15.826173 -7.123025 12.332469 3.677963 5.540494 1.918025 -11.369259 10.083827 6.034938 -6.512099 -15.775185 -0.316481 11.261667 -28.414198 -25.759815 -5.001914 -6.063086 19.696481 1.264753 -0.345309 1.474938 12.115309 9.014630 -1.180309 7.764568 -8.050000 15.380802 3.249568 8.240864 -7.986173 10.380370 4.883519 4.743395 35.737654 31.487407 21.418333 14.289815 
-444.086420 196.697531 122.219136 -105.856173 1813.902469 398.989506 152.456790 34.303086 65.267901 -149.841358 -25.792593 -26.536420 -144.974074 -468.385802 -84.719753 -33.488272 -116.197531 -368.427160 -24.414198 -30.170988 -234.404938 -32.670988 -9.983333 -23.540741 -150.955556 452.422222 24.350617 20.634568 -803.253704 1.483333 104.555556 -89.000000 1006.235802 14.503704 95.571605 -6.969136 -9.698148 -141.138272 -37.535802 -20.112963 16.889506 -38.217901 18.881481 -15.102469 -25.802469 357.218519 74.434568 -13.477778 -76.941358 549.050000 40.998148 -38.438889 108.222222 588.561111 58.475926 28.397531 -759.477778 144.283333 87.814198 -38.850617 721.374074 14.051852 70.006790 -7.245062 12.237654 -81.431481 -43.882099 -10.272222 -31.775926 -44.432716 -38.924074 -0.761111 -26.277160 67.331481 21.038889 -13.420370 -31.888272 82.454938 17.937037 -25.751852 -20.099383 27.988272 10.028395 -6.233333 -616.983333 144.273457 83.023457 -39.651852 593.246296 2.736420 32.564198 5.229630 -9.701852 -24.585802 -49.450617 2.240741 -39.119136 63.800617 -2.233951 -4.689506 -7.450617 110.674074 27.261111 1.187037 9.784568 112.048765 4.419136 0.533951 4.858025 108.962963 -3.366049 6.336420 -570.196914 180.598765 78.843827 -5.360494 491.823457 -17.567901 -1.765432 9.818519 -30.199383 -26.641358 -37.058025 1.198765 -34.391975 127.354321 9.870370 68.079630 -8.730864 426.069753 17.258642 111.098765 11.112963 471.415432 -0.912963 47.945062 34.613580 601.772222 10.764815 40.676543 -388.136420 93.685185 11.495679 23.969136 426.420988 1.206173 -12.845062 49.498148 -29.970988 -44.371605 -8.474074 -15.022840 -144.400000 -102.059259 -2.334568 -86.109877 -66.304321 -41.271605 -10.127160 -10.585802 -5.167901 155.134568 3.725926 31.369136 -8.393210 293.403704 21.185802 6.835802 -462.432716 232.790741 -18.218519 42.566667 579.317901 280.037037 60.798765 84.117901 60.529630 -6.229012 13.567901 -11.591975 -148.779012 -184.946296 -5.487654 -80.321605 -166.777778 -479.376543 -6.460494 -109.679012 -78.675309 -667.281481 0.148148 -86.524691 -455.900617 -963.646296 -76.372222 -83.209259 
-401.909383 217.230494 23.452840 -15.373210 398.989506 230.247654 58.400864 16.511605 77.918642 -22.565062 -1.134815 -3.938272 -19.998519 -125.726173 -32.861605 -7.729012 -21.696049 -103.270123 -23.177160 -10.854691 -46.329012 -59.374691 0.950000 -10.952963 -36.433333 58.008889 9.210988 -2.832469 -333.017037 40.811111 23.165556 -12.898889 286.537284 13.085926 26.043457 5.882716 31.305185 -51.623457 -19.252840 -3.638519 3.724321 -46.430864 -20.514074 -3.827284 -4.038395 75.344074 8.807531 -3.461111 -22.995062 88.604444 18.860370 -10.118889 -10.376667 113.991111 22.661481 2.426049 -320.893333 43.381111 14.922716 -6.459877 257.967407 5.947407 15.117531 4.047901 39.775802 -37.072593 -15.239136 -1.972222 -8.970370 -46.165679 -9.250741 -0.541111 -3.557901 1.028148 19.941111 -1.757037 -9.613457 -9.102099 8.642593 -4.184074 -4.960123 -14.707654 4.912099 0.774444 -293.964444 19.293086 8.674198 -13.761852 238.005185 0.671605 8.941605 8.099630 50.167037 -5.875062 -8.714321 0.761852 8.050494 20.943210 25.561235 -3.515432 19.486790 32.358519 36.455556 -2.010741 -0.418025 33.218025 4.411728 -2.693457 4.327284 43.721852 -2.464568 1.848272 -279.383951 10.903580 6.315679 -11.576790 230.120864 -6.013086 -1.148025 1.300741 38.183210 -9.690617 -7.203951 -4.073086 -4.837160 19.538025 10.672593 2.808519 31.401728 106.742716 15.794938 32.479136 4.464074 121.923580 -2.195185 10.279877 10.941728 141.362222 -13.274074 0.313580 -245.059383 3.629630 -1.676914 -7.858272 198.868025 3.830988 0.350123 18.334815 38.121975 -14.112346 -0.761852 -4.210988 -61.212222 -55.417037 -1.100864 -42.384691 6.573086 -44.449012 -2.229012 8.476049 18.893580 15.631975 -2.970741 29.179506 -7.878025 66.245926 3.409506 -9.659383 -328.685679 42.581852 -15.315185 -12.995556 209.108642 144.082593 34.529136 26.756420 99.844074 17.645802 12.981975 2.532840 -53.755309 -61.777407 -1.403580 -32.416790 -47.800000 -167.698025 -3.870123 -31.706420 -0.317160 -186.701481 -1.398519 -5.036173 -95.376543 -243.311852 -9.320000 -6.025926 
-139.770154 -46.634846 28.636235 -15.582531 152.456790 58.400864 43.155895 -2.003179 27.006728 -1.374568 3.866481 -1.884877 -20.690093 -43.119012 -5.845432 -3.378858 -18.011543 -45.263858 -4.462654 -2.457994 -31.434414 -20.396605 -5.404167 -2.286481 -27.001389 26.428889 0.931698 -0.720494 -80.196574 9.673611 17.785278 -7.949167 65.425957 -0.462870 15.064691 -1.487346 0.499259 -15.796914 -5.136235 -2.729815 -8.845802 -25.521451 -8.094815 -2.189290 -9.242068 4.731204 -5.461327 -0.112500 -10.402623 29.336667 -0.562593 -3.361389 -4.875556 38.298889 4.895185 -0.778457 -57.967222 18.558056 12.330154 -4.319753 47.020926 0.555926 5.601728 -0.731975 -0.744228 -10.603519 -4.703272 -0.501389 -7.479630 -16.309136 -0.533426 -0.019722 -4.069969 3.759074 13.650278 -0.558519 -3.338025 0.199969 5.319907 -1.670926 -3.343858 -11.170864 1.011698 -0.520556 -43.010833 12.758395 8.145617 -3.533426 32.089537 -0.122068 4.474877 0.154815 3.407685 2.844321 -2.303642 0.436204 0.534321 18.864198 19.598858 -0.929475 -4.009753 19.679537 22.812500 -0.615926 0.536173 18.179105 3.769290 0.490864 2.367068 18.835370 0.576420 1.036821 -32.316512 8.972438 5.449414 -1.241080 24.673673 -3.226173 0.319228 0.612593 1.599753 2.482654 -1.702346 0.820494 -6.232654 18.041327 5.222963 1.818426 -9.978488 29.611821 4.812099 1.183272 0.097593 36.579105 1.499907 1.923642 -1.154043 54.978611 2.576852 3.238272 -18.928488 9.774537 0.154506 2.014012 18.908272 1.827253 0.311358 2.740463 1.218951 -1.895525 0.202685 0.989136 -15.167500 -10.745185 -0.415617 -10.529105 -8.607994 -14.504969 1.566975 -6.122901 0.580216 0.000062 5.776574 5.995123 -15.128272 22.194630 7.216235 -0.960432 -44.888025 40.683148 0.168241 0.126944 7.222840 28.338796 8.204105 6.587840 7.433981 1.304105 2.141728 0.729568 -9.196728 -6.842315 -0.219660 -6.494691 -14.502778 -35.664105 0.386142 -9.018395 -3.900988 -60.222407 2.940463 -1.837623 -36.461420 -95.068148 -3.394167 1.491204 
-50.479969 42.783858 -5.107469 18.700062 34.303086 16.511605 -2.003179 16.816636 0.863765 -6.733086 -0.890185 0.489198 6.058241 1.294691 -1.979136 2.336883 -0.547469 12.030772 -3.338580 1.394043 -6.424228 5.945988 -0.440278 1.244630 -5.265278 -3.408889 1.727438 1.350988 -62.614907 4.420833 2.335833 2.605833 60.770586 3.004352 3.786173 3.510802 -0.099630 -6.389506 -5.331420 0.319074 -3.931728 1.322068 -4.452593 -1.152809 -3.177809 13.235093 1.454043 -1.537500 -3.901698 13.728889 2.895185 -0.074167 0.743333 21.753333 6.627407 3.823025 -63.648333 5.950833 3.338858 -0.732716 59.446481 0.969259 3.462099 0.392840 1.451512 -8.419074 -4.000679 0.212500 -2.774074 -11.769506 -5.200648 -1.160278 -1.778673 -8.603148 -0.570278 -1.948519 -2.843951 -8.344660 0.544907 -2.246481 -3.684784 -1.812716 1.204105 -1.138333 -55.792500 3.280988 5.580432 -3.706204 51.465648 0.351080 2.607469 1.389259 3.542685 -3.473086 -2.481049 0.214537 -4.704198 -3.100617 -2.413549 -0.772994 -1.484938 -6.787685 -0.640278 -2.144815 -0.974568 -8.840710 -0.370525 -1.430617 -2.169414 -9.702407 -1.631728 -0.786698 -47.987809 2.045957 4.934784 -3.876451 44.543488 -2.894321 0.773488 -0.334074 3.459383 -2.449198 -2.071975 -0.467654 -7.295247 5.022623 -0.839259 6.817870 -3.138302 14.343858 -0.104198 8.355123 -1.805741 9.398179 -0.411759 0.798827 -4.356080 17.466944 -0.700926 -2.743210 -33.988302 -5.589352 1.414877 -5.013025 36.774568 -2.481451 -1.581605 2.511019 4.249321 -3.024228 -0.686759 -0.876049 -9.911389 -7.082963 -0.437099 1.707377 -2.850401 7.281883 -1.258951 11.778580 -2.427377 19.250432 -0.402870 6.065864 -5.570123 22.040185 6.424753 -0.106358 -47.899506 8.804259 -2.361204 -0.433611 39.909877 10.077130 3.417623 2.414877 11.332315 0.584290 0.758765 0.312531 -7.554877 -9.651759 0.045710 -2.323951 -7.641667 -25.737623 -0.352562 -1.373210 -4.201358 -23.390185 -0.594537 -0.891142 -16.391049 -31.215926 1.379722 3.010648 
-275.950432 95.154877 -1.063210 15.616914 65.267901 77.918642 27.006728 0.863765 259.760617 165.173210 26.633704 23.145679 101.502407 405.067654 13.250123 31.072531 -29.750988 347.075864 -30.259877 12.767840 -0.505247 137.683951 -19.297222 12.450741 -33.991667 -43.546667 -2.909691 3.426173 -118.845741 1.119444 8.357222 6.931667 57.157346 3.136852 11.489136 3.087654 67.945926 -19.958025 -7.647901 2.254074 -18.982469 -66.531173 -55.154815 5.285988 -27.686235 -55.134630 -59.453272 8.313889 -13.809568 -69.590000 -8.047037 -5.732778 -49.310000 -65.564444 3.848519 -13.369012 -118.637778 -12.610556 1.563765 0.352469 54.647037 -1.672963 7.798395 1.593580 7.569938 -69.720741 -20.252716 -8.347222 -35.835185 -159.211358 -49.810926 -5.110556 -9.173025 -139.268148 -20.945000 -2.805185 -8.475802 -122.592531 -4.850926 -10.091481 -28.486358 -105.539753 -6.114136 -10.286667 -91.717222 -19.026049 -6.417160 -1.288704 45.998704 -3.748457 4.579877 4.379259 37.362407 2.840988 -10.340864 8.327593 14.149877 31.330864 2.737469 14.894136 6.476914 18.479815 8.886111 1.142963 -2.898272 18.028827 0.376235 -3.750247 2.275123 20.501481 -5.382469 1.589321 -78.326235 -7.885617 -0.013642 2.141420 46.521173 -12.210617 -5.747716 -0.125185 49.043086 10.775432 -7.582346 17.229383 67.269012 60.521049 3.770741 60.846481 -2.339321 62.372654 3.922099 1.798272 -10.484074 59.184383 -4.799815 -16.993580 6.295123 87.820556 -6.398148 0.421605 -46.117099 -29.304630 -4.168272 9.042346 33.264938 -7.845247 -6.226420 9.569074 44.586173 -7.305247 -1.855370 11.106914 21.446111 -14.604074 -1.537284 20.254506 12.112284 -7.808580 -7.113580 7.047654 -5.212284 -29.309383 -7.153148 -15.736543 26.869506 -26.594815 3.499012 -13.958765 -41.603580 -80.305185 -2.186481 -12.915000 5.733951 39.600185 8.623272 0.720617 85.476481 17.451049 9.896173 8.827901 3.813827 -6.904259 0.202284 -6.723580 10.422222 -16.369938 1.248086 -4.431728 4.022346 1.028148 2.230185 -4.784012 39.385802 -76.908148 24.160556 -9.176852 
143.717531 24.868025 -18.640247 24.749506 -149.841358 -22.565062 -1.374568 -6.733086 165.173210 269.375802 31.299259 34.258642 44.745185 487.920247 17.083086 40.121605 -35.292469 275.459383 -26.246914 17.469877 -5.445062 46.220988 -19.972222 20.065185 -57.044444 -176.212222 -10.025062 2.358765 131.941481 -20.222222 -8.686667 19.853333 -109.281358 -1.612593 -4.611605 -0.925309 30.808148 60.316049 15.023580 8.219630 -31.035062 38.890123 -41.334815 21.744691 -14.505309 -60.258519 -60.737901 26.766667 18.874691 -121.397778 -12.800370 12.204444 -26.907778 -131.393333 -7.919259 -7.767531 89.058889 -36.678889 -5.205309 7.256173 -88.921852 -5.270741 -6.419012 -0.042716 -24.417654 -45.819630 -13.027901 -5.488889 -29.335185 -118.127284 -39.439259 0.037778 -3.370617 -104.480370 -17.337778 6.593704 9.357160 -86.026049 -1.337037 2.382963 -11.782840 -80.453827 -4.966173 -5.854444 90.428889 -50.342346 -11.254568 1.632963 -75.969630 -7.514198 -6.609753 -1.858519 2.241852 14.695802 -9.540494 10.144815 16.444691 16.316049 1.341728 20.395062 -6.648272 -25.259630 4.394444 -4.513704 -2.131235 -18.485432 1.347531 -6.443951 -1.494691 -17.347407 -3.135062 -0.711975 83.441358 -32.484321 -7.039383 4.972716 -67.931235 -14.823210 -9.232346 -2.288519 28.552716 25.304691 -6.757531 26.580123 83.906420 45.324568 -0.752593 65.418148 -24.821358 -27.467531 -5.599753 -28.652099 -11.920741 -54.557654 -2.994815 -35.740617 -7.395802 -50.141111 -2.264815 -15.387654 82.739753 -17.451852 -6.069012 17.009753 -64.090988 -11.726173 -7.908272 -4.388148 18.444321 3.488272 -2.911481 14.958395 67.213333 38.302593 -1.103210 64.946543 11.592099 30.978272 -4.656173 5.654691 -13.642099 -35.509012 -1.032593 -34.004691 0.716543 -43.815926 11.318642 -27.004691 77.996049 -35.678519 2.984074 5.707778 -86.962346 -41.789259 -3.229877 -9.685679 4.163704 -0.968765 -2.525679 1.716420 48.377901 41.308519 0.367654 17.502716 50.238889 117.867654 5.320494 24.291235 18.705309 161.165926 8.422963 6.323580 68.945062 141.366296 38.023333 -11.001852 
-53.958704 5.460926 -6.330370 6.458148 -25.792593 -1.134815 3.866481 -0.890185 26.633704 31.299259 32.445556 0.624074 9.496111 108.543704 59.998519 -3.378704 6.667407 133.059074 21.718519 -1.705741 33.532407 61.909259 1.958333 4.841111 1.069444 -68.406667 -4.725370 -2.225185 7.340556 0.252778 -1.711667 9.239444 -11.102037 -0.839444 1.497037 0.575926 20.437778 13.907407 25.491481 -0.232222 -10.821481 -13.745370 15.263333 -6.073519 -12.984630 -65.826111 -14.502407 -7.497222 -1.782407 -67.742222 -6.718889 -4.076111 -11.074444 -50.432222 -2.982222 -3.344074 14.197778 -5.609444 -1.151296 3.281481 -10.870000 -1.207778 -0.208519 0.110370 -5.592037 -12.895556 -1.917407 -1.991667 -9.505556 -44.547037 -10.049444 -1.598333 -3.870926 -50.621111 -2.868333 -2.698889 -4.001481 -42.503519 -1.141667 -3.807778 -7.466481 -27.834074 -1.944259 -2.687778 12.676111 -9.287407 -1.727407 2.861667 -9.392778 -2.060185 -1.719630 0.260000 -0.068333 -1.325185 -3.637407 1.716111 3.151481 6.035185 2.586481 13.645370 0.315926 6.800556 5.525000 11.290000 -0.820741 4.756852 0.932407 3.419630 1.484630 7.704444 0.700741 0.330926 16.706481 -11.286481 -1.422407 -1.038704 -9.990185 -2.994815 -2.441296 -0.442222 0.588519 0.428148 -2.722963 2.691852 9.794074 6.783519 -0.015556 13.478333 -3.919815 12.969815 0.279259 5.298519 -3.735556 36.084630 2.133889 -0.343704 9.505741 69.511667 14.388889 1.251852 12.891296 -8.413889 -0.552963 1.191852 -13.073704 -3.298704 -2.538519 0.590556 -4.045185 -0.445370 -0.860556 2.933704 0.255000 -1.390000 -0.008148 4.632037 -4.311296 5.800185 0.935185 -5.044074 -8.594259 6.273704 4.401667 -11.622593 -14.317407 13.860000 9.884074 -7.455926 17.404074 -1.571111 -0.503889 2.477222 -22.740741 -5.605000 2.529074 1.391481 -2.137222 0.945741 0.729259 0.487407 -14.654815 -13.346111 -0.391296 -4.761481 -2.572222 -25.730185 0.086852 -1.697037 -8.212593 -37.037778 0.040556 -5.322407 -32.674074 -74.846667 -4.129444 -8.113889 
11.755247 -6.933025 -1.547531 1.160494 -26.536420 -3.938272 -1.884877 0.489198 23.145679 34.258642 0.624074 13.963580 9.773148 64.319753 -4.469753 16.303395 -4.436420 38.236728 -7.275309 5.909568 -0.607716 11.623457 -3.752778 3.687037 -2.691667 -14.772222 -1.291049 1.223457 14.649074 -5.047222 2.725000 0.141667 -15.244753 -0.526852 -0.083951 0.325309 -3.292593 -1.449383 -4.096914 2.942593 -5.304938 -2.209568 -9.990741 7.178086 -2.149691 -4.895370 -7.440432 5.836111 -0.127469 -12.283333 0.131481 3.830556 -6.205556 -16.061111 -0.635185 -1.191358 11.000000 -1.880556 2.833642 -0.639506 -14.670370 -1.075926 -0.643210 -0.161728 -4.315123 -8.703704 -3.015432 -1.197222 -4.709259 -20.093827 -6.199074 -0.841667 -0.657716 -18.835185 -3.163889 1.074074 1.145062 -14.336728 0.062037 0.531481 -2.735494 -12.450617 -0.602160 -1.116667 14.197222 -7.265432 1.590123 -0.460185 -14.878704 -0.927469 -0.602469 -0.192593 0.112037 1.986420 -1.245062 1.382407 0.158642 0.911728 -1.031173 1.285494 -2.178395 -4.589815 -0.725000 -1.651852 -0.137654 -4.292901 0.155247 -0.860494 -0.678086 -4.875926 -0.816049 -0.327469 13.516975 -6.031790 -0.397840 1.514506 -13.968210 -1.767901 -1.207099 -0.987037 1.400617 1.986420 -0.852469 3.170988 4.569136 2.618210 -0.401852 4.665741 -3.994753 -7.766358 -0.952469 -5.551235 -1.725926 -14.315123 -1.315741 -3.827160 -2.222531 -16.713889 -3.357407 -2.773457 20.410802 -7.828704 -1.687654 0.008025 -12.845679 -1.941049 -1.356173 -1.504630 -0.143210 -0.429938 -0.399074 1.516049 6.808333 7.912963 -0.117901 6.748457 1.537346 8.103395 -1.010494 0.858642 -0.537346 -6.604321 -1.299074 -1.753086 5.623457 -3.840741 2.030247 -3.375309 3.195062 0.179630 1.495370 3.141667 -18.154321 -6.260185 -2.231790 -1.748765 1.943519 1.951543 -0.309877 1.191358 5.543210 8.689815 0.870679 1.711728 9.672222 17.226235 0.375617 4.676543 3.935802 30.679630 -0.337963 2.339198 15.354938 32.564815 4.063889 0.693519 
-230.631574 -8.073426 -6.905741 24.127963 -144.974074 -19.998519 -20.690093 6.058241 101.502407 44.745185 9.496111 9.773148 418.483056 533.717407 62.618148 49.263426 210.079815 914.095093 14.373148 71.912685 142.818981 622.115741 -19.623611 76.406111 109.673611 264.384444 -0.670463 54.219630 21.608056 14.926389 13.904722 -1.235278 -26.335463 0.410278 1.430741 5.282407 -7.310000 -86.468519 -16.905370 -7.342778 -25.789630 -315.897685 -96.585556 -2.538981 -19.975093 -411.103056 -122.062870 19.229167 -31.802315 -331.441111 -53.236667 10.652500 -68.347778 -157.523333 -20.662222 -0.164259 8.393889 9.177500 9.674907 -4.320370 -21.705000 -7.314444 -2.685926 0.934074 -33.914907 -129.446111 -29.613148 -17.220833 -59.033333 -345.647407 -86.943611 -15.361389 -19.388796 -368.770556 -57.230278 -12.023333 -19.915185 -282.531204 -19.029167 -19.867222 -40.173796 -178.960370 -11.768241 -18.715000 -5.663611 0.587407 -14.314259 5.067500 -2.166944 -11.760648 -14.055370 -1.287778 11.430833 -19.713704 -24.643148 2.146389 29.176296 -9.962963 -20.165648 13.200463 35.522963 -22.449167 -7.212500 15.260000 -1.568148 -41.297130 -3.597685 -0.375185 -1.555463 -59.685000 -6.639630 -1.812870 -0.977315 -18.970463 -14.515093 8.462315 1.477685 -17.016296 -14.760093 1.036667 9.550370 -3.358704 -18.754815 5.647037 78.030926 -23.529352 -8.095556 30.295278 77.221204 -38.765648 -10.473704 25.159815 10.966111 -80.213796 -19.204722 11.268704 17.384537 -165.746389 -30.947222 -4.818519 14.265648 -65.920833 -11.205370 -5.200185 7.662593 -17.286019 -13.183704 -1.775278 1.603519 0.424537 -5.963056 1.938519 26.796389 -37.248889 -2.666852 -3.441759 66.023796 -42.207130 -17.737963 21.285741 28.131759 -28.432037 -25.361389 19.253148 98.611852 -101.523889 -35.720185 15.447593 -0.659630 -130.853889 -17.230833 -40.486944 -47.442593 -33.488056 -22.266574 -14.733148 29.788611 21.016759 -1.412593 14.904259 2.257593 29.403056 -0.237870 0.461481 33.297222 33.162130 -4.599352 2.224815 29.968148 105.285000 -7.147500 10.346019 150.915741 114.596667 14.891944 19.162500 
-167.471358 10.540247 -36.884691 102.177284 -468.385802 -125.726173 -43.119012 1.294691 405.067654 487.920247 108.543704 64.319753 533.717407 2005.375802 225.866420 89.777160 85.324198 2348.037160 15.486420 76.919877 205.616049 1384.387654 -38.083333 154.659630 177.211111 128.193333 -5.152840 107.147654 261.224815 -25.016667 16.157778 48.220000 -248.075802 -0.962593 -8.083827 9.280247 16.735926 -29.783951 22.029136 6.252963 -165.929506 -358.393210 -186.840370 -3.838642 -142.560864 -748.902963 -305.882346 1.588889 -69.930864 -729.031111 -115.139259 3.526667 -180.363333 -505.093333 -33.824815 -23.539753 188.008889 -76.095556 19.528025 11.711728 -214.394074 -25.854074 -21.741235 3.968395 -120.939877 -296.386296 -79.683457 -38.188889 -163.951852 -789.888395 -229.639259 -29.740000 -55.070617 -852.608148 -142.432222 -24.972963 -42.537284 -674.476049 -41.442593 -41.111481 -98.143951 -453.431605 -27.999506 -38.848889 168.501111 -95.736790 -19.515679 13.405185 -175.069630 -34.280864 -37.009753 -5.036296 4.369630 -33.326420 -65.296049 13.050370 66.116914 -8.045062 -55.808272 66.856173 47.662840 -61.531852 -24.322222 44.041852 -9.336790 -82.313210 -4.119136 4.667160 5.333086 -73.841852 -3.985062 2.504691 171.902469 -96.395432 -34.950494 24.289383 -161.792346 -57.928765 -47.715679 -3.494074 65.224938 21.699136 -48.818642 39.441235 283.045309 65.135679 -24.530370 182.534815 50.167531 -33.339753 -28.399753 33.242346 -27.915185 -50.935432 -15.083704 -38.035062 61.920864 5.208889 14.390741 -7.043210 170.128642 -130.068519 -25.835679 25.304198 -137.974321 -57.531728 -41.002716 -13.827037 28.783210 -6.956173 -16.817037 25.725062 149.685556 17.624815 -7.608765 113.957654 67.786543 52.672716 -30.367284 53.354691 -34.503210 -9.742346 -17.238148 -75.304691 90.955432 -71.038148 19.824198 -40.226914 153.334938 -278.050741 -39.149259 -16.403333 -237.867901 -178.917037 -42.763210 -33.441235 15.574815 7.120123 -8.203457 13.516420 52.772346 36.569630 -0.332346 17.591605 89.416667 84.556543 8.076049 41.680123 4.010864 196.438148 7.917407 -5.281975 104.217284 26.121852 55.745556 -32.162963 
-460.935309 -85.454691 -18.250864 22.263827 -84.719753 -32.861605 -5.845432 -1.979136 13.250123 17.083086 59.998519 -4.469753 62.618148 225.866420 255.362469 -18.610494 96.539136 505.376173 192.808025 -10.906543 181.167284 418.767901 57.166667 7.102593 120.322222 42.208889 -0.703827 -3.428765 -38.450370 21.233333 1.087778 27.223333 -24.833086 -0.902963 3.797160 6.291975 20.466296 -7.904938 51.184198 -7.244074 -8.340494 -126.240123 75.424815 -25.462469 -32.462469 -320.361481 -3.527654 -32.522222 -35.141358 -330.345556 -20.650741 -29.274444 -88.976667 -226.197778 -15.916296 -23.525802 20.067778 -13.324444 12.854198 -0.106173 -17.704815 -5.308148 4.282346 -0.203951 -20.250123 -63.000370 -7.385432 -10.050000 -25.475926 -191.002716 -36.034074 -8.941111 -13.228272 -232.977407 -27.847778 -12.073704 -21.183827 -198.742840 -11.357407 -17.617407 -38.430494 -131.348395 -7.658272 -12.258889 12.246667 3.335679 6.361235 10.915926 -12.989259 -5.991358 -3.988025 -2.383704 -4.521852 -15.299136 -11.971728 1.728519 14.098642 4.267284 -11.618395 37.988272 14.862716 33.786296 -6.155556 52.467037 2.985679 14.880988 -2.119753 20.175062 9.790247 14.699630 3.726173 1.057531 42.819753 -25.266790 1.130494 -5.458272 -17.136543 -8.305679 -4.033210 -0.415926 -7.392716 -4.581358 -8.628025 4.117654 11.970247 -27.960123 -6.366296 31.386296 2.086914 19.201975 -5.718025 72.092099 -0.208148 114.836543 -2.289630 48.315062 51.910247 186.895556 30.770370 26.837654 38.964691 -30.581481 0.337901 -7.356420 -27.196790 -9.628272 -5.001728 -4.804074 -17.052099 0.489506 -2.361852 5.953827 -25.706667 -40.722593 -1.487901 -2.875432 -30.667654 -62.191605 -3.260494 -10.331358 -16.176790 -23.236543 4.079259 4.920247 29.686790 26.990370 15.122469 16.081358 68.093951 -20.201481 3.290370 -14.178889 -50.832099 -40.978519 -9.441235 -12.445432 -28.939259 -7.446790 -2.169877 -3.554198 -44.220123 -43.266296 -1.855432 -16.948272 -26.233333 -115.549877 -0.423827 -17.049012 -29.231975 -175.562593 -1.292963 -11.199136 -111.006173 -261.984074 -15.903333 -11.881481 
18.274228 -0.793673 1.203395 -0.501543 -33.488272 -7.729012 -3.378858 2.336883 31.072531 40.121605 -3.378704 16.303395 49.263426 89.777160 -18.610494 43.886265 6.814506 67.911265 -25.185494 30.179475 -15.863735 -12.538580 -12.545833 16.234259 -34.343056 -57.244444 -3.610957 2.608642 29.253241 -9.340278 6.584722 -0.781944 -21.611883 -1.372685 0.417901 0.385494 -11.498148 -13.140123 -10.636728 3.167593 -13.984568 -35.782253 -28.124074 18.356327 -0.546451 -21.274537 -22.870525 26.134722 8.372994 -18.388889 -2.496296 19.268056 -1.738889 -25.516667 -1.057407 2.018827 19.475000 -0.968056 5.742438 -1.720988 -24.800926 -1.742593 -1.363580 -0.420988 -11.373920 -21.467593 -7.594136 -2.843056 -11.764815 -48.623457 -15.514352 -1.545833 -1.458179 -41.576852 -7.951389 3.468519 5.187654 -24.241821 0.235648 2.456481 0.150154 -18.370988 -1.027623 -1.880556 28.865278 -11.241358 -0.571914 -2.831019 -28.677315 -0.352006 -1.420062 -0.142593 -1.647685 2.549383 -3.279321 2.889352 -0.250617 -0.256790 -2.819599 3.544290 -4.259877 -13.432870 -1.795833 -2.674074 -0.091358 -13.118364 0.160340 -2.140123 -2.617438 -16.706481 -2.323457 -0.918673 23.581327 -11.379475 -1.977932 2.091821 -25.817747 -3.158642 -2.939969 -0.203704 -0.206790 3.763272 -2.306173 7.146914 2.953395 -3.385031 -1.312963 11.600463 -8.711883 -27.071451 -2.500617 -10.866975 -3.034259 -40.812809 -3.964352 -7.754012 -11.822994 -54.331944 -11.337963 -5.269753 34.782562 -13.613426 -2.544136 1.236728 -21.825309 -3.594290 -2.743210 0.116204 1.555864 4.447377 -0.939352 4.817901 9.354167 8.540741 -0.544753 16.185031 -0.326080 -3.894290 -3.015123 2.791049 -4.679475 -25.883025 -4.164352 -6.013272 10.086420 -30.010185 -0.591049 -4.368827 -0.862346 -16.389815 6.010648 9.231944 -39.930247 -10.681019 -2.793364 -1.394136 13.317130 14.345525 -0.791358 8.497840 18.933025 39.835648 1.398920 14.804321 18.925000 64.315586 0.233488 18.163580 1.056173 95.610185 -0.900463 4.503549 34.987346 106.942593 13.248611 3.319907 
-524.592531 -76.420802 -24.259753 -5.993951 -116.197531 -21.696049 -18.011543 -0.547469 -29.750988 -35.292469 6.667407 -4.436420 210.079815 85.324198 96.539136 6.814506 339.070247 404.360062 149.269136 39.199568 280.964506 488.990123 73.152778 43.029259 246.563889 351.851111 3.394506 35.452346 -55.172037 49.430556 7.772778 -0.733889 -14.699198 9.370926 6.839383 3.180864 -0.047037 -41.549383 21.726420 -11.719630 55.962840 -231.481790 42.629259 -18.808580 58.530309 -353.838704 30.446235 -8.291667 -3.316358 -299.368889 -15.927407 -10.718333 -33.064444 -144.945556 -12.841852 -7.343580 10.968889 19.220556 7.908086 -1.595062 -2.872593 6.209630 9.074568 0.070494 17.398210 -65.830370 17.772346 -10.625000 16.412963 -237.978272 18.980926 -12.979444 -0.665494 -303.714074 -11.398333 -15.282593 -20.651605 -248.054506 -14.143519 -21.566296 -33.219938 -152.779506 -6.586605 -16.801111 -10.915000 33.092346 -4.028765 9.764259 17.777963 1.883642 -4.818025 -1.202593 23.588704 -14.056914 11.957160 -2.553148 31.505309 -22.432716 9.366605 2.329938 26.664938 6.362407 -6.147222 14.441481 4.314568 -0.750679 -3.266975 4.005062 10.908580 -14.858148 0.318395 -0.401914 2.128086 -1.096235 -3.524506 -6.614383 44.089568 10.839877 9.151790 -3.489259 4.919506 -12.121358 14.590864 -9.652346 -13.345309 -65.688457 -0.630741 -38.626481 82.374136 -23.668580 -4.578025 16.696543 33.592963 -16.761790 -10.535741 28.073951 44.293025 -87.700556 -11.646296 10.704321 4.335247 -20.800926 2.569012 -28.265309 21.446543 3.512284 15.586049 -12.981296 4.283457 6.908951 6.686481 -6.841728 -30.416111 -36.685926 -0.091235 -55.710432 51.699568 -79.164383 -5.710494 -13.215802 55.555988 -63.218765 -15.059074 32.088025 40.516790 -111.011852 -39.829753 16.538025 32.220617 11.461852 2.585370 -63.816111 -28.565432 -13.146852 -7.417346 -24.625432 13.277963 20.649321 1.286790 9.511358 -27.589012 16.877593 0.218457 -18.436049 -6.961111 -42.648210 -3.406605 -17.069012 47.300247 -42.677037 -9.181296 23.568086 75.154938 47.450370 -25.398333 41.099074 
-1364.215216 -138.712006 -32.742160 114.632901 -368.427160 -103.270123 -45.263858 12.030772 347.075864 275.459383 133.059074 38.236728 914.095093 2348.037160 505.376173 67.911265 404.360062 4092.259599 268.358951 82.794475 562.561265 3268.622531 51.301389 224.459815 844.315278 1452.640000 51.894043 196.904198 -9.642870 29.568056 66.763056 36.450833 -83.813549 1.594537 12.396790 20.657716 -67.797037 -274.673457 36.625494 -31.044630 -214.144568 -1024.768364 -152.448519 -102.499784 -216.108117 -1569.881759 -361.686636 -106.962500 -202.079784 -1316.230000 -170.049630 -73.972500 -300.964444 -700.934444 -48.119630 -47.661173 27.693889 0.124722 81.280772 -15.482099 -86.464259 -34.579259 -10.401358 3.344568 -165.391142 -521.810926 -113.039691 -75.562500 -248.920370 -1456.763457 -343.370463 -75.086389 -116.113179 -1679.711296 -232.199722 -90.571481 -144.314568 -1362.440154 -83.489352 -118.885741 -214.987068 -853.838765 -49.914846 -80.626111 13.755833 -3.144691 4.064753 21.085093 -73.906759 -46.543673 -47.068951 -10.308148 1.348426 -102.877284 -108.510432 3.695463 94.323827 -47.529012 -97.691265 95.769290 111.289012 10.366574 -40.326389 131.469259 -5.016914 -63.267809 -12.847994 40.469877 23.488673 -83.983148 -2.261235 5.120772 110.356327 -108.007809 -39.124043 14.954599 -91.246080 -75.528642 -65.117191 -3.233704 26.412099 -43.522284 -86.085062 8.351358 351.505617 -32.888920 -42.247407 191.427685 230.643117 97.567994 -36.848395 242.214136 13.851296 191.871080 -34.342685 99.352654 192.050895 257.028611 34.278704 55.069136 121.482006 -221.593981 -28.626358 -18.919938 -79.421975 -77.027068 -54.884321 -14.185463 -34.745247 -60.905401 -27.345463 -21.345432 61.449167 -182.791481 -15.579198 -45.476636 142.138920 -71.948179 -51.115123 71.911049 38.733302 86.602531 -37.427130 26.255617 240.385309 71.385370 4.726728 26.900062 74.646543 -345.296481 -44.596574 -34.439722 -187.758025 -205.176019 -63.637253 -44.609691 9.848796 -4.498364 -9.916914 3.917840 -120.410309 -154.540463 -6.244969 -89.337901 -35.208333 -447.606080 -1.329290 -62.143086 -15.129383 -441.052037 -9.679907 -10.237006 -74.368210 -656.216296 -55.799722 2.628241 
-601.244753 -150.716358 -23.503086 11.432716 -24.414198 -23.177160 -4.462654 -3.338580 -30.259877 -26.246914 21.718519 -7.275309 14.373148 15.486420 192.808025 -25.185494 149.269136 268.358951 294.852469 -23.257099 262.070062 451.395679 154.241667 -3.735185 247.797222 290.066667 27.636728 1.912346 -106.167593 33.736111 -0.686111 15.575000 26.427469 2.667593 4.549383 6.303086 -6.753704 -43.643827 22.797531 -10.685185 38.389506 -157.254012 123.692593 -24.844136 21.328086 -331.500926 125.881790 -37.802778 -32.360802 -357.972222 14.120370 -41.313889 -101.272222 -248.372222 -12.674074 -31.841358 -19.455556 0.002778 19.016975 -8.083951 27.557407 -3.487037 9.756790 -1.011728 2.245988 -63.142593 10.240123 -10.663889 24.624074 -194.027160 31.834259 -9.452778 5.064506 -256.718519 1.208333 -13.814815 -25.054938 -230.497840 -10.987963 -22.146296 -45.485494 -155.483951 -7.668827 -15.066667 -0.952778 7.912346 8.656790 -2.121296 33.410185 1.855864 6.108642 -5.264815 35.006481 -7.208025 28.960494 -1.100926 44.630864 -5.471605 17.274383 20.379938 34.043827 28.771296 -5.369444 43.375926 12.012346 1.573765 -3.266975 19.311728 5.460802 -14.320370 -1.999383 0.583642 5.005864 7.251543 10.702160 -8.668827 39.570679 18.182099 17.504012 0.268519 36.495062 -1.046914 24.991975 -3.145679 12.713580 -58.998457 0.703704 1.076852 68.488580 -14.310802 -3.880247 93.448765 27.890741 48.718210 -3.671296 77.600617 47.021914 93.497222 18.775926 30.593210 -16.216975 3.254630 6.390123 -9.414198 17.759877 13.136728 16.960494 -7.793519 24.256790 -0.441049 9.789815 -3.550617 -34.980556 -74.825926 -1.901235 -34.029321 2.670679 -120.629938 0.972840 11.941975 34.857099 -44.504321 11.334259 68.108025 64.640123 17.103704 14.935802 39.680247 23.761728 37.462963 9.973148 -37.475000 -12.170988 -5.015741 0.112654 -22.098765 -13.162037 -7.398457 2.156790 -7.297531 -55.745679 -53.282407 -2.468210 -28.688272 -51.961111 -175.595988 2.236728 -28.017901 13.519136 -248.470370 2.884259 20.239198 -67.761728 -237.568519 -28.897222 36.282407 
