25.570682 125.594404 6.971355 6.886364 8.081038 115.475309 10.395368 2.230665 -25.855423 67.331956 17.241072 9.687710 -74.361162 41.854352 4.178910 2.550480 -2.555964 12.898301 -5.006887 -1.308821 1.439777 -8.462657 -3.236940 0.823691 0.812749 4.197913 -0.613636 4.062366 22.056219 1.763289 -10.569126 4.234670 3.687685 -4.800352 -11.112846 1.720003 24.497271 -28.475360 -10.893327 6.226788 -1.598638 -25.777013 -9.620090 0.122003 -8.660188 -31.140062 -16.327467 -1.209647 -1.163504 -18.253495 -6.073717 1.369044 0.561626 15.066728 -1.464697 -3.846393 -9.061218 -112.850959 -10.053974 -3.140011 2.781680 -45.601954 -10.550352 5.346240 43.979135 -45.218243 -5.092312 4.645623 -6.532216 -22.970564 -7.068513 -1.243980 -13.881976 -9.630242 -5.104989 -0.545123 0.640496 -1.118457 -1.843791 1.813641 -2.260127 30.620141 -1.698628 -6.157050 41.677125 34.137435 12.844149 3.278747 -0.094582 5.561218 -14.059560 7.606239 18.336675 -27.534818 -7.766963 5.322722 -15.881900 -10.626543 -1.470947 -3.784104 -16.783772 -1.035073 -0.463652 -2.240919 -5.131874 -0.693450 0.252347 -3.254438 -4.071727 -7.550837 0.097439 -7.542215 29.767269 25.034971 -2.787649 3.886644 -20.923401 1.287292 -12.509106 -7.924523 15.363381 -12.142690 -2.675773 -3.256989 -17.331701 -5.421819 -2.790685 -4.273722 -18.260024 -0.249745 -1.035149 -1.638379 -0.496403 3.146490 1.754362 1.580859 2.438629 -6.615626 0.543771 0.727043 19.390598 22.070580 1.044562 0.726125 -9.372309 11.514361 4.081905 -13.350372 7.781451 -14.141414 -4.538057 0.939496 -16.813743 -0.309764 -7.713550 2.344812 -12.232247 10.992067 2.626722 -1.710897 -5.948959 13.229339 8.715310 -0.293516 -6.348791 15.529869 8.868381 -1.150316 7.150571 15.733854 0.684088 6.476431 -1.515126 12.897357 2.624094 0.404193 -4.243572 -7.306346 0.892613 10.632104 -15.334685 3.950566 -1.386568 4.360167 -0.179880 -11.401617 -1.891695 -7.495485 -5.425977 -19.472018 -6.091164 -1.916361 -8.147868 -1.479696 -4.615728 -0.802163 
125.594404 1488.980844 103.697097 69.047980 90.700872 1131.806958 100.026528 17.651388 -220.059586 719.037190 153.922584 20.480640 -697.990486 380.888175 75.893327 -13.728829 -49.802673 180.392332 -3.349403 6.101342 46.417279 -38.459443 -13.902842 19.462351 -3.296067 47.673732 -6.856061 32.521503 91.287930 571.601061 -33.206561 45.511836 27.337670 139.062366 -97.040149 6.713116 172.308259 -215.057545 -92.710132 56.076497 25.629553 -262.635139 -91.062851 -3.997220 -75.963371 -434.988241 -164.551219 -25.157152 -30.019182 -201.675288 -65.309866 33.562188 -25.508469 111.489593 -10.720284 26.536680 -109.512091 -1294.852949 -120.358076 -32.944725 60.576446 -632.916157 -75.222987 16.499439 333.934292 -425.949189 -23.878507 31.797138 -25.389425 -265.199367 -88.901541 10.455591 -78.396516 -167.429599 -63.444751 -3.904015 3.065197 -24.943067 -12.102592 38.874554 21.566626 145.227579 -0.030431 14.738113 285.148046 83.560300 70.533466 22.094480 118.887052 -108.189930 -76.395801 30.520993 178.148276 -327.128941 -54.845322 14.822416 -136.836292 -83.633277 -15.136848 9.578767 -96.416157 -7.003086 1.030380 -6.882946 -42.948373 -12.477196 -0.091700 -1.389425 24.700388 -12.101036 4.989236 10.657203 99.727630 79.900903 -57.581956 42.605499 -104.226431 -106.798413 -116.752449 -41.769641 118.509693 -198.092950 -40.782752 -39.373304 -61.481226 -64.200668 -10.110550 -32.777854 -87.326140 0.699903 -2.573411 -5.809790 -27.038185 6.072263 13.834252 4.740486 85.584634 -60.628941 31.129630 14.485996 95.518391 59.709392 9.879885 18.116850 -37.705795 -20.310861 26.859836 -63.302010 40.673554 -89.292929 -8.205336 6.940567 -89.017141 25.983165 -24.743700 21.185032 -44.055938 86.561550 30.952250 -8.243496 -35.886517 100.358356 70.098536 15.888455 -57.271197 164.746276 144.370217 -27.048082 105.982833 94.310530 5.911208 65.203704 7.087415 171.703449 23.887945 31.130548 -45.292241 71.828028 32.823130 40.103790 -70.072365 -62.752831 22.899168 31.298490 39.163708 -130.503699 -32.489338 -25.179140 -23.060351 -145.045633 -43.086267 -4.711126 -99.610831 -13.473574 31.773926 -7.835986 
6.971355 103.697097 21.099301 1.840909 -0.383609 101.938272 16.816243 0.835042 -54.655086 73.503673 22.623227 -2.302189 -64.822442 54.148964 17.643557 0.632971 13.097235 52.090220 9.836547 2.841011 6.611494 3.693909 2.012218 -2.332874 -4.348867 -0.808821 -0.315657 -3.094200 5.239720 56.234670 18.407305 1.660596 -1.219722 6.068335 1.092542 -0.315350 0.480436 -13.500612 -7.615549 4.233522 17.133685 -32.448730 -9.598204 -2.657458 1.594021 -43.436359 -13.048005 -3.736583 -6.054076 -19.583461 -4.698296 -3.018161 -5.445108 -2.185797 -0.461330 -9.337976 -11.808693 -124.783619 -11.683604 -4.439675 3.281680 -75.130573 4.358739 -0.742985 12.628966 -30.243496 3.964927 2.953704 9.982935 -24.433527 -7.465820 7.010229 5.954724 -22.594888 -6.160545 0.453194 4.468779 -7.290174 -0.572748 7.138557 12.635496 18.862565 1.203729 14.960795 23.305071 -19.241353 3.696000 2.103663 18.718549 -31.600398 6.876467 1.594455 4.525227 -36.777242 -1.314101 0.543261 6.076013 -5.522166 -1.873304 3.158657 7.818922 -1.179854 0.612106 0.902178 -3.741302 -5.304561 -0.306576 0.871824 20.541067 10.122564 -0.308285 24.536909 6.036629 -2.535736 -5.237144 8.246914 4.733165 -25.376008 -10.857591 0.114198 3.183247 -27.093868 -3.807086 -5.118942 11.434292 -7.788823 2.020763 -5.197964 6.745026 -0.104964 0.880675 -0.788210 -3.587313 -1.355193 0.602847 -2.129579 9.453780 -7.741889 -1.420875 2.509871 -10.818156 3.922431 0.906515 4.655418 0.982910 -1.276885 0.514565 2.572187 -5.324610 -0.090909 0.599990 0.947913 0.873125 4.402357 3.522141 -3.235996 1.262703 7.146949 3.222681 -2.296755 -6.812596 4.880854 8.292751 -0.941664 -0.783134 8.689802 14.575451 -4.259744 -0.514412 -6.109581 -0.056652 0.537037 -1.506708 0.520253 0.151031 1.282981 -2.551653 7.735741 2.702377 -0.723115 8.097975 -7.402969 1.889527 -3.951280 1.778033 -16.177711 -2.221661 -4.485384 -3.397357 -12.642052 8.935772 -1.007270 -5.216891 -8.405622 10.845551 -2.662432 
6.886364 69.047980 1.840909 8.593434 0.113636 49.732323 1.393939 0.300505 -15.621212 29.883838 4.744949 0.229798 -21.007576 13.924242 1.277778 -0.330808 1.818182 0.143939 -1.090909 0.916667 1.967172 -1.196970 -0.825758 3.161616 2.810606 6.436869 -0.250000 6.472222 -1.641414 -16.777778 -4.661616 3.606061 4.191919 -13.987374 -5.095960 1.118687 16.002525 -16.318182 -3.217172 0.320707 -3.426768 -8.944444 -3.641414 -0.295455 -3.762626 -10.209596 -4.378788 -0.431818 -1.742424 -6.530303 -1.853535 1.434343 -1.328283 9.924242 -0.469697 2.141414 -3.323232 -35.856061 -2.984848 -0.972222 6.921717 -15.638889 -1.772727 0.601010 18.242424 -15.247475 -1.335859 -1.027778 -8.785354 -7.621212 -2.737374 -1.477273 -3.462121 -1.949495 -1.378788 -0.047980 -2.989899 -2.272727 -0.212121 -1.656566 -5.045455 -5.085859 -0.547980 -6.351010 8.318182 18.919192 4.742424 0.030303 5.348485 3.792929 -5.729798 0.936869 10.436869 -12.502525 -3.944444 0.292929 -10.545455 -4.411616 -0.654040 -0.419192 -5.058081 -0.527778 0.184343 -0.497475 -1.606061 0.419192 -0.199495 -0.143939 -3.287879 0.411616 0.262626 -4.426768 -5.429293 4.416667 -2.214646 -1.055556 -9.648990 -7.598485 -3.901515 -1.583333 6.979798 -8.691919 0.750000 -1.179293 -8.616162 -1.643939 1.227273 -0.770202 -6.858586 0.118687 0.070707 -0.487374 0.179293 2.143939 0.550505 0.833333 0.409091 5.396465 3.828283 0.916667 -3.719697 5.229798 1.078283 0.032828 -3.808081 5.719697 3.785354 -2.878788 2.353535 -2.898990 3.227273 0.313131 -8.191919 1.287879 0.030303 0.666667 -5.487374 6.886364 2.515152 -0.752525 -1.527778 10.229798 2.083333 1.265152 -4.161616 14.482323 8.207071 0.608586 1.517677 -1.626263 0.239899 0.904040 0.467172 4.712121 0.840909 1.560606 -0.805556 2.838384 1.444444 2.088384 -4.108586 0.803030 2.199495 -0.131313 -2.020202 -1.972222 -2.090909 -4.835859 -0.151515 -8.785354 -1.722222 -0.441919 -9.396465 -2.388889 -2.765152 -0.414141 
8.081038 90.700872 -0.383609 0.113636 605.790863 159.565657 18.209366 66.176538 553.840220 182.613407 -21.987833 182.340909 -839.901056 -108.088154 -83.999082 -39.823003 -263.279155 -198.867539 -85.321855 -37.680211 -23.160009 -82.230028 -32.842287 17.440312 -17.375344 -10.195363 -5.209596 -9.536042 41.595041 90.494031 -25.266758 24.751607 139.714876 -12.180670 -26.206612 24.181589 230.958907 -308.418733 -37.955005 61.024564 -246.258724 73.462810 -54.439394 -14.012167 -145.083563 -175.289945 -95.759871 -5.608127 48.087695 -89.637741 -23.584022 84.178604 3.364555 -50.332874 1.050964 47.445822 29.384298 -55.422176 -10.680900 15.371212 51.020432 113.412534 -33.723600 39.560606 324.521120 -186.434803 -29.371212 60.568182 -276.907025 -111.047750 -53.070248 -25.283976 -168.077365 -1.529844 -29.090450 10.956612 80.462810 47.389348 10.084022 111.929752 -23.214417 -50.843893 -2.697199 16.580119 236.653352 236.227732 88.852158 23.789256 12.164371 190.913682 -65.873049 32.200413 260.434573 -163.575528 -71.668044 42.943985 -157.638659 -122.285354 -69.104913 -16.675390 -184.345041 13.255051 -7.776630 2.163223 64.464646 84.932966 12.850092 83.219238 -25.990817 -78.572773 -5.730487 45.415289 282.751148 134.377181 -27.926309 76.787879 -66.805556 74.767906 -66.473600 -27.820707 200.103306 -66.958219 -37.907943 -10.808310 -116.954086 -56.683425 -79.141414 3.190771 -142.286042 2.722452 -17.592746 -3.729339 162.270661 44.848255 17.321855 46.307622 -61.962810 -8.908861 -22.929293 31.441460 68.499770 178.425390 -16.512167 65.964876 -40.810836 100.446511 8.257805 -55.654729 138.840680 -119.388889 -35.940312 5.206152 -48.923783 -66.141414 -78.946740 26.825987 -54.238062 -5.665978 17.228191 -6.910009 247.954775 -2.261019 34.910698 23.368916 -186.315427 -15.420340 -88.360882 30.741736 -21.380395 59.258953 -3.399219 2.954545 -14.379017 37.191460 -7.126951 -12.885216 40.192149 -16.939853 -31.240588 69.083792 -59.184803 55.490358 -13.647153 75.177686 1.098714 -18.213728 76.116162 -43.161846 121.429752 -145.282140 -46.341139 -17.515381 -121.734848 -28.718090 -115.721074 14.037649 
115.475309 1131.806958 101.938272 49.732323 159.565657 1161.927048 104.938272 31.809203 -199.700898 806.631313 168.428732 57.087542 -822.493827 411.845679 92.569024 -8.746914 -62.980920 231.838384 12.095960 2.682941 25.299663 -31.927609 -7.070146 8.949495 -28.688552 38.272166 -6.646465 19.178451 107.505612 395.884400 -0.418631 34.185746 47.709315 146.410774 -55.815376 12.402357 154.792368 -231.042088 -77.872054 55.626824 -30.168350 -243.663300 -89.206510 -30.365881 -79.642536 -436.696409 -167.290685 -31.069585 -57.069585 -241.741302 -74.145903 14.199214 -39.047699 98.936027 -13.256453 19.135802 -95.829966 -1243.132435 -119.186308 -32.889450 57.070707 -594.650954 -57.356902 22.453423 358.004489 -479.890572 -16.095398 34.159933 -53.225589 -310.036476 -95.942200 5.544332 -80.975309 -199.861953 -74.033670 2.038159 -7.090909 -7.565657 -23.603255 63.074635 26.126824 225.988215 -2.589787 -0.145903 349.179012 137.754209 95.110550 23.827160 107.010101 -72.644781 -56.356341 31.213244 228.436588 -360.324916 -54.450056 5.551627 -132.461841 -105.665544 -31.275533 -10.426487 -98.686308 -3.753648 -2.870370 -0.497755 -48.280584 28.629630 -3.177890 14.072391 15.653760 22.057800 -2.734568 -13.626824 247.549383 207.872054 -40.505051 70.781706 -119.114478 -82.113356 -120.425926 -59.327160 167.288440 -212.492144 -34.582492 -72.709877 -73.263187 -76.305836 -21.923120 -52.786195 -98.895623 -0.000561 -2.933782 -10.137486 5.451178 5.115600 10.328283 2.589787 89.875421 -93.259259 0.299663 0.171717 128.432099 204.750281 8.368126 38.924242 -45.970819 91.007295 33.344557 -91.599888 72.424242 -122.873737 -17.576880 -15.835578 -113.895623 -1.791246 -38.569585 -4.651515 -70.299663 70.654321 29.232323 -17.138047 -27.254209 84.974747 69.712682 10.916947 -21.654882 148.251964 108.284512 -4.258698 93.626824 114.319865 5.879349 39.235690 6.575196 134.343996 23.108305 6.981481 -0.464646 33.451740 13.508979 80.603816 -125.096521 16.829966 6.565095 39.581369 -8.476992 -85.038159 -23.104938 -55.392256 -44.845679 -87.863075 -35.852974 -8.880471 -72.777217 87.078563 26.359147 -5.135241 
10.395368 100.026528 16.816243 1.393939 18.209366 104.938272 31.394756 2.638302 -58.616519 96.900367 46.106010 3.548822 -122.840577 79.459341 40.450719 -0.645036 21.396592 49.154729 21.744261 0.495970 4.902816 -5.959902 -0.019233 -2.439853 -11.170493 -7.123559 -1.131313 -7.543006 11.654780 61.488113 21.961943 2.813029 8.388634 1.163147 17.506224 2.149526 9.683145 -46.617233 -1.125191 6.168554 8.427762 -50.416590 -9.739618 -7.513978 -6.428477 -80.999949 -21.641669 -4.875931 -2.954903 -34.268952 -9.942557 3.192123 -6.208652 -10.368075 -1.128456 -7.344404 -13.667738 -154.290736 -11.598663 -3.911897 10.387511 -105.724926 -0.013621 1.817621 38.294715 -63.379400 3.649270 0.910774 -5.357515 -37.764565 -12.915774 2.349760 -3.871952 -33.120600 -10.893327 1.915774 15.808999 2.477043 -1.813335 22.153250 21.021630 36.565044 3.017090 25.123100 20.591113 -26.746863 0.985257 0.652791 27.640037 -46.423171 1.128303 3.545557 13.646210 -65.489593 -0.115753 -5.117896 -18.234823 -13.181257 -4.546169 -1.352821 -3.447148 -0.152076 -0.257729 2.057137 7.425365 5.479645 2.469595 7.314203 8.804612 16.144832 3.513111 12.995358 10.977400 7.294154 -1.962351 0.292368 8.139731 -24.224722 -11.914294 -3.873176 7.564789 -44.610397 -6.550658 -7.133864 -14.242934 -13.277115 -1.009540 -7.848332 -1.473982 0.697837 1.710795 -1.235639 22.066269 5.766248 9.518365 -0.124069 -3.452097 -10.620906 3.962963 -9.396235 2.262881 13.875829 1.888379 3.301653 9.970513 -17.546628 5.251709 -4.424600 13.253903 -31.313131 -3.843536 1.418529 -22.243496 -0.092593 -2.359402 -3.637741 -1.580043 12.085655 15.923783 -3.083716 14.146771 10.707530 31.523467 -1.376237 -19.811142 7.049536 12.724212 -4.738853 6.830630 3.808234 0.837517 4.632997 16.887460 1.970207 3.656770 7.132844 9.917815 10.721049 3.624783 13.349658 -7.262677 9.950107 10.375064 -16.113815 11.906591 -46.595296 19.889450 -21.732629 7.132486 -58.450821 1.130446 -4.325222 -26.280022 -43.445108 -20.615192 -3.518263 
2.230665 17.651388 0.835042 0.300505 66.176538 31.809203 2.638302 19.149806 34.054076 30.976125 -3.193934 39.287037 -104.960387 -7.083308 -9.784971 -4.047113 -29.642690 -22.090220 -9.265840 -2.906668 -5.576140 -14.451485 -4.340501 0.433884 -4.444062 -4.196230 -0.755051 -2.532063 6.856239 21.866340 -1.594174 1.309101 8.866187 3.537726 -3.011733 2.264845 23.676130 -26.817570 -2.768289 9.938195 -20.012473 16.388124 -5.800786 1.026145 -16.543516 -22.164652 -10.881288 0.569916 -2.738853 -11.482196 -5.412815 9.634323 -9.393276 -10.410162 -1.372003 -1.869095 1.116774 -2.958805 -0.558821 0.146745 -1.473600 21.782089 -2.606214 5.611672 41.426589 -15.372666 -3.273008 9.490741 -18.336471 -21.152331 -5.857413 -2.333461 -18.389067 -4.591980 -4.198041 2.930645 8.041322 15.941690 -1.114121 22.598816 -12.766810 -5.170646 -2.087568 -7.677967 28.619172 25.226201 13.985818 5.254923 -7.844812 30.231711 -4.295659 4.814636 31.570733 -10.530839 -6.832364 9.370881 -9.404295 -14.750561 -6.045888 -1.547546 -21.753265 1.179854 -0.935338 1.052367 12.423120 8.890419 2.215667 14.405953 -5.647128 -15.208423 -1.817978 6.023697 19.074482 18.495332 0.287649 12.955107 -19.844276 20.724492 -4.602005 -2.144501 22.129885 1.614070 -1.849480 -0.381058 -6.161565 -6.302087 -6.136925 0.516146 -21.472299 -0.218269 -1.895827 -0.923911 16.294383 2.966304 2.467860 6.568973 -5.686103 -5.586394 -4.710438 10.980028 -2.505076 16.759387 -0.583282 5.410239 -9.745536 11.584966 0.768263 -7.956025 18.168044 -12.434343 -4.397970 1.541986 -5.458984 -8.200337 -8.264565 4.251148 -14.399066 -1.293414 -0.050964 -1.369911 17.393404 1.371671 0.853714 3.426513 -9.817876 2.168784 -14.661310 19.391057 -6.036093 3.559076 -0.216075 -1.466330 -1.680160 -3.570758 -1.085374 -2.717325 6.238522 -4.978165 -4.530660 6.541297 -6.224237 9.170646 -1.970335 8.360371 -3.480053 3.904984 3.959035 -2.246939 7.119580 4.929931 -10.314560 -1.381619 -10.298260 21.678349 -0.507168 6.657382 
-25.855423 -220.059586 -54.655086 -15.621212 553.840220 -199.700898 -58.616519 34.054076 2837.122947 -100.692837 -84.615192 315.592593 -836.316906 -439.131517 -335.487909 -51.421079 -1293.414039 -602.859045 -291.353076 -164.090093 -41.052495 -282.312366 -103.109326 51.604683 3.284818 19.499133 -20.772727 49.276706 80.791501 710.104632 -175.155698 40.284767 133.742220 440.849709 -130.123304 31.265075 879.676819 -543.777625 -67.767830 150.277268 -479.071931 215.935415 -67.891695 20.745383 -566.934701 -109.278747 -154.520406 -46.968422 215.532038 -281.920212 -75.601520 153.390062 152.580553 235.326752 5.521477 361.927507 3.752678 212.377512 -146.983981 14.745230 37.930211 522.925110 -143.715947 42.591470 1029.087287 -359.836853 -151.371493 115.685185 -413.611264 -342.291450 -149.509387 -53.564636 -727.261198 47.064126 -87.703551 -11.768391 184.320937 32.385675 19.114988 160.143812 57.366799 182.269207 5.200541 269.151005 395.061779 322.048975 230.714468 30.344455 -184.352617 696.424089 -95.129681 51.144526 714.019998 -268.288644 -197.295633 111.573360 -241.260586 -413.950056 -182.107642 4.749056 -632.716304 12.293490 -43.133456 -9.590654 78.165544 50.346342 16.517090 90.408938 -160.459341 -313.812417 -7.163249 -169.477451 866.833435 484.335323 68.153352 208.722783 -313.028620 413.719212 -122.486991 -18.869248 476.546781 -17.857004 -75.067799 -11.012142 -224.116570 -126.542904 -190.303591 43.648607 -416.499388 0.973421 -71.969748 4.598357 379.973217 32.173605 -0.758035 66.261351 241.988828 -183.435109 -37.058923 -92.582645 299.151719 435.116825 -28.207479 251.420110 -187.515509 501.678859 -11.514794 -42.043720 269.504132 -57.136364 -30.255637 -71.305581 -17.176615 -139.468013 -185.893582 61.364555 -185.453933 -70.521375 -61.870064 5.994643 599.236609 -93.887511 -1.193348 48.562647 395.133915 -152.112897 -97.047903 25.351342 -23.989032 179.148607 -6.534027 41.074074 -90.533466 245.313539 -34.226099 -15.670493 -12.797062 -39.043363 -73.678961 79.018110 -120.872768 65.346954 -117.802979 237.182685 -108.240384 185.068207 14.514590 40.207836 207.563565 -45.904091 77.667993 1.330732 -6.942200 -11.795480 49.703806 24.700541 
67.331956 719.037190 73.503673 29.883838 182.613407 806.631313 96.900367 30.976125 -100.692837 910.359963 149.396694 80.904040 -819.588613 515.301653 139.837925 15.195592 -46.077594 223.679982 57.991736 16.621671 -8.171258 -15.579431 -3.784665 -9.510560 -53.853994 3.848944 -7.707071 -15.783747 48.404500 285.192378 36.423783 15.758035 52.165289 91.836547 29.345730 14.758953 115.711203 -242.058310 -9.426538 34.943526 -67.205234 -231.044536 -60.070707 -36.325987 -57.544077 -407.563361 -133.784206 -28.588613 -85.435262 -233.668503 -77.990817 -11.384757 -95.202479 20.997245 -16.644169 -36.937557 -83.861341 -899.840680 -75.813590 -27.075758 52.690542 -482.086318 -23.668503 16.282828 259.312672 -442.184114 15.368687 17.853535 -102.295225 -288.471074 -71.926997 -11.412305 -26.222681 -185.952250 -71.144169 7.351240 25.869605 36.876033 -27.009183 91.775023 1.579431 181.613866 1.314509 -18.394858 211.635445 85.598255 49.715335 20.400826 76.397612 -108.820478 -16.948577 9.979339 161.246097 -347.284206 2.932507 -41.502296 -156.870064 -89.040404 -32.547291 -22.851699 -47.460055 7.969697 -4.284665 11.187328 4.131313 73.250689 3.050964 52.654270 23.853994 116.795225 10.817264 23.917355 164.134527 235.681359 -12.144169 36.752525 -127.237374 -53.698347 -42.582645 -77.853535 70.127640 -238.028466 3.296143 -97.483471 -127.916896 -78.803489 -15.484848 -62.942608 -37.415060 6.180441 6.127181 -8.033058 66.891185 26.481175 44.558770 10.598714 -70.904959 -39.279155 18.767677 -12.780073 106.561983 226.821396 22.290174 14.735996 23.087236 22.639118 52.316804 -116.314050 90.799357 -228.151515 -11.989440 -61.055096 -166.881543 -35.848485 -33.708448 -50.890266 -32.814050 61.046373 73.539945 -22.630854 -6.319559 78.606520 109.540863 9.564279 -153.915519 109.976584 81.210744 32.928375 83.802571 59.335170 3.723600 30.313131 138.178145 117.810836 13.928375 42.452709 63.084481 200.174472 11.494031 82.300275 -186.598255 183.168962 55.170799 -85.212580 3.629936 -160.374197 40.212121 -81.241047 -84.240129 -119.973829 -63.109734 -7.382461 -92.030303 84.727732 -16.128099 11.238751 
17.241072 153.922584 22.623227 4.744949 -21.987833 168.428732 46.106010 -3.193934 -84.615192 149.396694 125.771783 -9.162458 -159.358764 160.265483 109.234772 -1.567008 20.160188 80.897842 43.180441 -2.322033 16.096036 -13.273339 0.209851 -0.672635 -12.500077 1.050020 -2.320707 2.623584 5.843230 37.641210 36.568666 0.402153 15.624069 24.197505 29.296959 5.554102 54.607872 -78.699112 16.204163 11.186435 -0.141950 -90.939241 -4.364759 -14.922737 -33.520253 -149.635420 -34.623406 -11.131492 -7.180849 -75.324100 -20.199929 -1.814407 7.584379 33.410315 -2.618865 11.358331 -27.497092 -279.424064 -9.077798 -9.809484 26.727043 -201.166182 -8.542394 4.012346 137.909295 -148.213346 -2.140011 3.672559 -24.419575 -81.626773 -31.838282 -1.425900 -40.143735 -62.458372 -24.412917 1.088282 16.390725 1.933884 -6.781553 26.708856 48.263800 80.847260 5.725258 17.832900 34.746199 1.066881 0.553005 3.056423 38.810376 -75.588766 -18.298107 8.054918 87.000332 -135.441307 4.446944 -8.819967 -58.094225 -28.070426 -7.520789 3.765738 -33.550020 0.383558 -2.573538 2.402995 8.313692 5.868381 2.061244 6.115779 6.466126 20.613738 3.729926 -31.166692 18.432915 92.782752 -0.275712 11.118406 -11.687710 17.069916 -24.472528 -3.767396 33.547087 -66.395878 -1.997781 -8.731532 -51.948832 -24.629145 2.129068 -12.891108 -22.639884 0.263519 2.157280 -2.940134 36.715871 5.506402 17.152893 -6.143761 36.484695 -25.542317 12.132997 -34.901056 -7.045786 57.942735 1.725411 3.413912 6.752474 -3.491404 5.371263 -15.594990 49.280533 -57.348485 -6.986736 10.030660 -79.997092 -2.816498 -3.757525 -3.285583 -24.834328 24.554306 26.832415 -6.339149 20.149602 27.200413 67.497271 -4.662407 20.468626 25.295199 62.524181 -17.724339 19.995434 13.182124 2.049612 1.235690 44.011453 -21.642077 6.895189 -0.355525 70.176538 11.142434 2.667075 38.203525 -31.000944 72.061830 20.819993 -29.739414 10.799714 -64.260458 49.719978 -49.982935 14.110091 -121.607872 17.769309 -8.789333 -37.579405 -96.585501 -37.487119 -8.110601 
9.687710 20.480640 -2.302189 0.229798 182.340909 57.087542 3.548822 39.287037 315.592593 80.904040 -9.162458 210.765152 -444.889731 -62.769360 -43.106061 73.420034 -206.638047 -68.027778 -26.434343 -21.051347 -17.800505 -46.348485 -17.781987 2.080808 -12.891414 -10.010943 -2.780303 -0.719697 16.846801 50.159933 -6.683502 11.124579 21.720539 30.770202 -6.614478 6.542929 133.817340 -134.525253 -4.646465 38.182660 -79.941919 0.919192 -11.708754 19.756734 -79.819865 -44.812290 -26.648148 0.726431 1.956229 -65.594276 -21.602694 23.447811 -49.599327 -34.393939 -4.276094 -3.947811 -7.131313 9.909933 6.220539 0.675926 -9.664141 96.707912 -1.909091 13.599327 148.663300 -62.631313 -14.453704 25.568182 -40.042929 -90.173401 -28.309764 -7.913300 -93.061448 -5.757576 -16.924242 3.867845 21.717172 29.060606 0.531987 56.771044 -53.436027 13.747475 -7.874579 8.808923 70.700337 36.808081 40.516835 15.008418 -45.207071 80.398990 3.263468 15.125421 85.556397 -54.729798 -16.604377 20.784512 -18.114478 -77.622054 -26.236532 -4.033670 -83.893098 4.258418 -4.452020 1.672559 51.326599 28.035354 9.228114 39.936869 16.836700 -27.963805 1.511785 6.079966 61.882155 59.401515 9.204545 35.457912 -59.805556 100.605219 9.381313 -6.647306 37.851852 23.607744 18.265152 -0.620370 -51.947811 -23.893098 -20.584175 3.891414 -56.595960 1.938552 -6.223906 1.283670 99.330808 20.696128 15.095960 27.695286 23.297980 -35.972222 -4.191919 6.073232 5.377946 59.660774 0.408249 19.093434 -26.132997 53.667508 11.347643 -29.205387 26.484848 -40.424242 -3.936027 -2.513468 -29.803030 -25.126263 -30.478114 11.792929 -25.396465 -0.591751 10.333333 -3.267677 67.270202 -5.457071 16.925084 9.453704 9.772727 -12.763468 -48.116162 47.233165 -21.529461 10.439394 -0.847643 -0.272727 -10.303872 -7.925926 -6.600168 1.616162 -27.527778 -13.279461 -18.395623 15.337542 -38.935185 -9.106061 0.393098 29.063973 -14.377104 -35.968855 5.228956 21.881313 -8.690236 20.086700 -38.991582 -3.351010 3.036195 69.415825 33.940236 19.239057 
-74.361162 -697.990486 -64.822442 -21.007576 -839.901056 -822.493827 -122.840577 -104.960387 -836.316906 -819.588613 -159.358764 -444.889731 2503.593332 -230.867054 -95.162381 -65.659142 441.186052 -25.412994 -36.150138 33.905086 -65.259336 142.630242 46.079150 -29.115243 60.673477 6.191282 18.138889 -16.918197 -124.241098 -443.736047 -23.001888 -66.151872 -219.624630 -141.259795 -18.104479 -54.633226 -476.649398 652.291705 20.819406 -145.872181 504.800199 169.567187 108.436588 29.120268 266.265483 816.626441 260.011733 44.093332 -38.968422 430.634425 128.832364 -123.272013 84.850525 25.628405 10.727171 -83.475615 65.963422 993.522829 119.099123 -1.196689 -129.732094 390.743062 66.773033 -72.883277 -756.455872 711.215029 -4.823513 -96.201178 535.534053 478.760892 146.186205 40.075171 279.339583 245.699112 111.961739 -14.042266 -152.153352 -67.550046 -7.717886 -247.029283 8.504999 -218.633456 -8.460387 -145.392383 -413.428579 -173.406948 -161.852107 -42.760688 -98.027548 -113.594735 29.343001 -55.244592 -452.920085 572.634910 69.617590 -39.940414 411.008928 279.007015 124.873763 21.563106 304.616799 -20.835297 9.383303 -5.171233 -114.400112 -137.998010 -32.043286 -136.703321 -103.946485 141.330145 -10.113203 -34.021299 -461.233139 -375.321472 -23.168733 -94.817621 151.585017 -68.705719 81.075222 104.729237 -301.672227 307.623712 29.807545 59.715820 301.033568 164.497271 125.332772 28.232859 220.338537 -10.416157 25.369095 12.761121 -393.793312 -106.118636 -72.774105 -70.636262 -146.410621 126.119758 -65.432660 30.229339 -201.807188 -397.386619 -4.994210 -95.080579 17.906897 -90.246531 -80.010433 195.511376 -251.790634 368.429293 39.570350 11.808285 169.271503 87.441077 135.153709 -25.956841 88.699648 -83.164856 -93.640496 27.689317 -475.299434 -98.912534 -235.445643 -39.321880 134.570095 -107.937736 -36.359198 -47.742552 -34.464009 -139.951485 1.158581 -46.021886 -41.664090 -153.402255 -6.062417 -19.428987 -65.878558 -25.754107 17.805428 -159.516095 155.171539 -139.947352 -36.210004 -44.214009 3.554382 292.547776 -197.101571 111.354989 -153.786297 572.371620 43.514641 35.048592 231.923962 207.611315 257.887231 -11.286144 
41.854352 380.888175 54.148964 13.924242 -108.088154 411.845679 79.459341 -7.083308 -439.131517 515.301653 160.265483 -62.769360 -230.867054 704.155698 194.497092 14.940210 180.497908 462.612948 140.013315 38.488318 27.452403 47.163606 26.314407 -19.317723 -29.088766 -2.060504 -2.727273 -6.874503 14.498980 135.822212 91.111009 -10.761963 -4.258443 39.136517 93.924191 -4.878482 -57.528824 -11.344047 37.500612 -10.221865 21.787726 -163.837619 3.322671 -51.040455 33.322977 -236.916998 -28.935211 -21.260994 -61.267881 -136.383124 -42.292572 -41.809407 -28.997296 24.233395 -13.356953 -53.415417 -45.389501 -534.153148 -4.257678 -27.014590 26.067034 -425.151617 15.141567 -4.266554 57.975768 -269.612182 14.171156 -9.599327 64.667279 -228.997500 -43.145954 4.423528 79.521222 -209.266605 -42.554484 -0.990409 22.165748 -28.775023 -23.539078 34.003877 85.071523 133.059535 10.467197 16.273084 61.059280 -55.766605 2.209468 13.317468 72.769054 -203.863024 7.602898 0.267014 -32.894807 -163.638353 56.204418 -43.377615 -75.642843 13.039282 18.277370 -11.090501 70.414039 8.001122 4.331803 16.456892 -0.199214 -26.536884 4.419855 0.520814 41.406387 34.404551 11.674880 -0.421845 -66.618253 79.113254 -5.133609 -8.645342 -22.264310 -107.915570 -2.546985 -56.092031 -17.845373 -184.130905 34.468167 -60.392511 -61.612846 -35.693705 32.746352 -50.750995 61.846036 4.476686 16.791450 0.377615 -20.645393 -5.844251 39.052342 -15.850117 -17.551270 -63.789868 31.291246 -52.134068 -23.307214 52.610142 13.978063 -30.407713 44.378533 -79.676717 30.767932 -68.616366 27.751148 -164.919192 12.768340 -34.917406 -136.101622 -19.047138 21.166922 -66.084481 6.406642 53.829609 65.187328 -21.185644 -101.325222 77.262167 90.044434 -13.370115 -11.980104 97.948220 121.196664 9.305071 18.570605 -17.286348 0.750587 13.244108 124.105244 0.946179 7.882512 24.990052 137.390266 127.954596 16.613152 56.545404 -108.840577 245.223294 63.637843 -157.358688 -20.481226 -92.153301 69.185746 -144.745485 -111.338435 -93.385318 -42.971636 -12.247169 -50.278339 29.602796 -6.837108 -8.669166 
4.178910 75.893327 17.643557 1.277778 -83.999082 92.569024 40.450719 -9.784971 -335.487909 139.837925 109.234772 -43.106061 -95.162381 194.497092 229.274564 -15.568564 189.448424 139.855831 160.320937 9.693450 21.402204 13.954086 14.468626 -9.674931 -22.220386 -3.003520 -1.616162 -4.476125 -15.540557 -53.383991 74.185338 -12.429446 5.017294 -25.366391 68.463881 0.408632 -22.593970 -41.983930 49.241506 -6.252219 43.391644 -131.574380 53.547138 -27.303796 5.147689 -196.204469 9.613254 -16.419957 -29.649526 -62.852923 -14.752219 -23.363330 -23.939241 31.379706 -1.318947 -6.610040 -21.665748 -194.352770 19.195439 -9.511785 25.813590 -245.238904 12.179063 -2.675084 50.702173 -140.591827 30.279461 -13.984848 -18.157484 -77.780686 -13.941843 -0.778390 11.101163 -82.398072 -20.443526 0.487297 7.198347 9.021120 -6.959902 11.997551 19.416284 49.347567 8.992807 6.757882 -37.029997 -55.438476 -27.438782 -1.434956 55.015611 -125.450413 0.614172 1.510254 8.865779 -104.201561 29.106673 -23.164218 -55.935568 8.311448 5.418121 0.016223 11.801500 1.072391 1.608356 1.181665 16.759259 15.047750 3.984695 8.377870 25.903887 10.835935 13.082798 -4.539792 -63.859657 45.703857 9.137282 -26.503367 14.318182 -28.041628 8.386134 -8.259259 -15.377564 -63.195898 7.820478 -4.372513 -44.970462 -13.026783 13.048822 -21.426538 2.129936 1.978574 10.467707 -5.462045 15.869605 9.245332 34.376033 -6.681053 43.210744 -0.211662 49.025253 -22.420110 -20.891032 13.510713 12.519437 -23.989440 43.950719 -68.398225 19.751301 -25.634374 46.842975 -66.343434 -1.969850 13.107591 -97.337466 13.702020 9.630089 -8.171258 -25.577135 47.312825 67.663453 -7.789715 -38.772268 58.008264 130.196817 -12.183043 -31.711662 46.965718 95.288338 -25.908785 31.548975 2.553260 4.723447 0.843434 73.477655 -49.287114 15.333639 12.850781 93.848944 63.031068 10.222528 35.388124 -33.083410 122.490817 65.547444 -96.733854 13.160392 -170.764157 126.094276 -78.131772 -20.596725 -250.911081 11.597184 -13.227732 -97.018519 -189.336853 -118.930364 -15.875880 
2.550480 -13.728829 0.632971 -0.330808 -39.823003 -8.746914 -0.645036 -4.047113 -51.421079 15.195592 -1.567008 73.420034 -65.659142 14.940210 -15.568564 155.681793 -56.025661 51.953857 -0.320018 32.650775 -12.166284 18.153505 0.252959 -6.110652 -1.015534 1.576701 1.593434 3.900750 -2.474084 -5.671054 17.360167 1.138710 -13.468881 17.836012 16.326548 -0.482017 -40.735053 26.812519 9.106673 -1.687353 10.078130 -69.176002 -2.817059 22.596750 29.062034 29.647817 15.015968 11.007525 -7.916029 -24.657535 -6.664626 -9.772370 -21.554535 -36.236302 -4.232374 -28.406999 -11.273339 -17.305505 23.587440 -2.367284 -13.122360 -23.692863 16.227426 -3.658810 -82.697633 -5.288950 1.897587 -7.606902 95.336471 -32.122079 -0.108917 10.513596 50.112973 -23.362565 -0.978727 -0.721891 -12.430211 -14.421488 -4.919549 -0.100500 -2.441945 9.948424 -4.299638 34.630828 -36.302673 -60.312060 -12.453831 -2.145495 -15.372360 -53.433731 37.566702 -4.151337 -81.663325 16.995485 40.384553 -11.965157 38.279716 2.828002 18.619962 4.781553 60.857642 0.535634 3.460591 4.440899 6.221661 -2.046985 1.560428 -5.885751 35.488879 26.918860 6.102490 23.321421 -45.162024 -17.025635 7.242654 -10.567901 26.925084 1.267090 32.041399 -5.384119 -62.879043 12.751250 40.627257 -13.827696 -8.190287 -2.588486 20.557800 -4.203015 64.780380 1.346215 5.045659 4.997985 6.347031 1.848510 2.703857 0.399041 -2.965412 -17.156030 -11.112795 -7.055785 13.446153 -4.469825 2.317289 -12.546602 14.703449 -14.576548 4.738471 -5.163504 -63.531680 -13.287879 14.396286 -11.302928 -7.833946 -0.678451 9.049077 -13.756198 48.277854 -2.715004 5.561065 -0.539180 -53.560070 -5.649449 -19.557418 -0.450082 23.368381 -8.606494 -38.293235 35.430492 4.791986 0.168197 -0.129043 2.163300 7.070733 -0.143047 -2.557724 13.697123 -42.991047 10.622947 -2.006377 -5.468906 -9.420544 -53.054484 21.386160 -25.351954 13.658504 -69.502627 -22.320988 30.762091 -52.708805 71.381517 -46.025508 7.659397 68.241021 97.808183 51.763060 13.808948 
-2.555964 -49.802673 13.097235 1.818182 -263.279155 -62.980920 21.396592 -29.642690 -1293.414039 -46.077594 20.160188 -206.638047 441.186052 180.497908 189.448424 -56.025661 904.730844 215.908173 175.541322 67.619478 34.753597 114.496480 43.092797 -19.331038 -11.910162 -15.469748 7.358586 -37.517294 -55.802520 -462.519692 82.838435 -18.765483 -35.880880 -297.371289 73.588409 -11.192072 -435.972962 215.409397 43.373431 -73.265330 175.133915 -81.169575 49.942200 -21.724722 341.315784 28.981226 80.053464 22.675951 -72.545353 214.125906 52.017498 -64.797317 -56.170544 -107.947505 4.549689 -152.648352 8.995256 3.798796 68.954596 9.865881 -4.503214 -252.095909 81.280227 -23.232884 -518.525763 190.856596 79.124018 -71.457912 48.913835 222.147740 76.626008 16.197327 398.347975 6.542394 61.845424 6.434599 -65.191460 -5.344812 6.337721 -88.668605 -39.399398 -140.714111 8.710846 -126.103714 -289.928630 -154.740435 -117.927967 -14.918835 98.415978 -358.919498 51.132895 -29.618355 -378.577849 129.685338 93.238700 -65.493011 32.692633 234.576319 78.035558 1.035149 344.752576 0.943883 25.763391 12.347311 -3.054433 -36.009336 -2.780635 -38.848791 114.195796 137.615907 10.321651 141.364963 -525.536833 -314.945516 -23.794307 -132.303591 190.841751 -249.984134 82.202785 18.995511 -253.079839 3.807877 31.551270 35.125548 62.162483 83.786246 81.475309 -5.379553 241.157790 2.877819 43.382053 4.376849 -133.750536 -17.726865 10.403122 -29.716355 -164.153658 85.877257 9.907407 64.597337 -211.538312 -281.446485 11.723089 -125.594123 96.149117 -320.386389 4.391287 44.358688 -137.501837 30.045455 7.042598 48.511733 -17.474441 98.548822 96.224620 -22.609275 139.642639 43.625599 54.653811 5.029691 -221.678298 48.952250 10.288389 -22.610397 -355.737221 60.296092 15.439547 -47.894960 -45.282777 -134.374503 -2.216202 -26.195286 40.768085 -155.586726 3.081471 20.345883 -4.200184 32.143914 28.488879 -44.492399 68.897561 11.456535 60.284614 -188.903989 97.914856 -157.001632 22.874299 -31.852005 -39.047954 -106.375523 -20.029334 2.156413 -112.623457 -120.745842 -128.099123 -29.228548 
12.898301 180.392332 52.090220 0.143939 -198.867539 231.838384 49.154729 -22.090220 -602.859045 223.679982 80.897842 -68.027778 -25.412994 462.612948 139.855831 51.953857 215.908173 930.370294 235.172635 53.783058 134.823462 348.791093 106.698577 -18.361341 -66.717401 -51.727043 6.032828 -55.255510 -16.012397 99.275482 88.749770 -4.977043 -49.907254 58.547062 80.796602 -13.539715 -236.356520 186.594582 5.774105 -30.730257 85.038797 38.848944 26.136364 -20.301882 126.503214 216.081956 116.102847 -12.483701 -55.369146 64.978880 25.565197 -69.005510 -151.800735 -136.445822 -5.774105 -175.524334 -56.248852 -385.869835 -5.608815 -21.229798 2.438705 -282.474977 47.786961 -14.782828 -241.356290 -25.185491 35.416667 -12.744949 237.130165 -35.836547 -9.824610 34.033747 227.429063 -158.466024 -14.657943 1.150367 -41.156107 -59.678145 -15.822773 -1.536731 4.739210 53.208448 2.182507 0.537420 -10.020661 -176.471074 13.817264 -10.640496 113.042241 -126.291552 71.982782 -6.586088 -235.743113 16.206382 65.448577 -11.751148 91.830119 94.563131 45.698577 20.606979 230.242195 8.063131 14.441001 18.848714 -28.060606 -11.940312 -9.959366 9.407943 83.270432 115.283976 -4.853994 158.016758 -11.819100 -66.227502 18.369835 -37.727273 129.694444 -216.914830 8.910698 -32.502525 -131.845271 -156.817264 14.718779 -23.312443 76.735996 -7.772957 71.535354 -24.016758 179.676309 2.746786 20.030762 9.849633 -122.175620 -4.307392 -21.707989 -5.175390 -35.025712 -5.813820 16.217172 20.498852 21.121901 4.244031 12.359734 -22.182507 62.988062 -53.521350 23.206382 -15.116621 -108.092746 -7.752525 37.765381 -4.416437 19.372360 22.888889 58.370523 -35.629477 79.431359 12.169651 -6.871442 -6.759871 -212.010790 28.555785 -29.853306 -17.773416 28.996786 120.397383 106.072544 2.951561 8.620983 -10.983930 -1.736685 3.505051 9.505739 42.602388 8.052571 -9.511019 -38.167355 47.122590 21.640955 -37.801882 37.377640 13.741047 -18.250459 -78.669421 2.022039 0.227043 -78.181818 9.576446 -149.324610 192.412075 -36.557392 1.111800 133.366162 298.300735 169.345041 -8.774564 
-5.006887 -3.349403 9.836547 -1.090909 -85.321855 12.095960 21.744261 -9.265840 -291.353076 57.991736 43.180441 -26.434343 -36.150138 140.013315 160.320937 -0.320018 175.541322 235.172635 227.292011 10.567952 37.456841 71.915978 52.106979 -9.618457 -34.128558 -19.457300 -0.358586 -22.656107 -23.083563 -45.194674 66.982553 -8.285583 -10.239210 -18.191001 65.753903 -0.871901 -71.146006 35.223600 50.271350 -4.529844 48.175849 -50.278237 74.318182 -11.983471 15.814968 -70.468320 73.513315 -12.715794 -29.176309 -22.610193 8.050964 -20.721763 -51.573003 -21.801653 -1.387511 -33.394858 -15.311754 -53.966024 27.972452 -2.388889 11.775941 -116.795225 27.334252 -5.626263 -62.310376 -8.632691 38.474747 -15.151515 22.917815 -29.764463 2.748852 5.236455 35.522957 -75.670340 -11.680441 -0.718549 -6.197429 -5.180441 -4.485308 7.380165 16.397153 41.438017 3.597796 42.848944 -51.797521 -105.533976 -25.241506 -5.819100 76.892103 -85.577135 24.438935 -6.229568 -68.304867 -14.501837 29.056474 -14.279155 -14.385675 28.919192 14.743343 8.529385 35.861341 0.136364 3.187787 4.320478 2.505051 13.106979 0.269972 12.069330 -5.411846 6.854913 7.960055 24.707989 -73.509183 -60.522498 4.804408 -21.217172 87.712121 -102.653352 18.798898 -9.515152 -38.786042 -55.207989 16.374656 3.491736 6.531680 -0.300275 22.217172 -3.066575 32.697429 2.129477 10.605601 0.541781 -9.533976 6.915978 14.061524 1.720845 9.515611 -6.001837 44.843434 -5.359963 -52.280992 -45.827365 4.678145 -13.037190 47.840220 -60.804408 17.422406 -0.247016 -9.048669 -22.045455 18.598255 6.340680 -18.296602 18.782828 17.806244 -3.370523 11.439853 28.428834 39.603765 -1.522957 -47.991736 37.876033 53.325528 -8.299816 36.760790 46.564738 72.871901 -8.236915 -14.613407 -49.637282 -0.876951 -7.858586 26.547291 -44.779155 2.722681 16.622130 -6.057392 31.271350 5.657025 -3.392562 7.655188 21.243802 36.187328 -70.259871 10.508264 -112.870983 55.550505 -20.397153 -28.685491 -90.641873 3.754362 -7.573921 10.853535 -56.947199 -75.893021 -8.972911 
