104.732099 344.224691 18.051852 12.253086 93.391358 248.159259 37.350000 23.480864 -174.253704 199.691975 17.714198 10.931481 -147.558642 184.699383 0.111111 5.420988 35.596914 48.355556 -4.966667 15.543827 1.616049 -5.733951 -2.689506 0.155556 -3.477778 -11.912346 -2.702469 -1.625926 61.856173 -64.002469 -5.201235 9.279630 83.427160 -98.900617 -12.773457 8.513580 -19.030864 -43.808025 -18.117901 -9.730864 -63.169753 -85.898148 -42.059877 -11.417901 -4.835802 -81.800617 -21.601852 -3.404938 -14.415432 52.782716 5.272840 -1.716667 40.485802 70.354321 6.870988 3.712346 25.098765 -253.334568 -19.535802 -7.641975 121.746914 -166.408642 -3.219753 -6.133333 1.711728 -84.180247 -34.975926 -7.590123 -17.979012 -50.303704 -13.276543 -1.116049 19.364815 42.335802 28.154321 1.041358 -6.896296 71.743210 12.096914 1.366049 43.870370 25.066049 11.735802 3.716667 63.440741 -17.748765 3.541975 -0.954938 86.875926 -4.357407 -2.262963 1.590123 -80.380864 -0.386420 -28.999383 2.427160 -23.664815 17.231481 6.243827 3.389506 -4.248765 -46.772222 1.882716 -4.339506 -0.365432 -138.109259 -15.969136 -6.699383 -9.762963 -143.409877 -10.620988 -9.760494 88.139506 12.141358 2.925309 0.976543 31.978395 5.569753 -16.080864 4.826543 -61.800617 11.938272 -24.012963 6.175309 -15.303086 5.403086 -2.117901 6.359877 11.736420 -25.916667 -2.144444 11.732099 8.844444 -34.282716 -1.362963 8.582716 -4.177160 -38.435802 -2.741975 2.000617 79.796296 2.525926 -3.840741 -0.619753 14.187037 -2.790741 -17.849383 1.438272 -39.485185 3.310494 -8.501852 4.164198 -7.863580 6.476543 -4.326543 8.692593 3.497531 12.200617 0.307407 9.793210 8.472222 20.251852 4.709259 27.628395 31.335802 62.154321 1.127160 19.665432 86.100617 20.002469 -6.859259 9.772222 15.543210 15.185802 0.495679 0.917284 -39.177778 -17.662963 -6.937037 -2.387654 -14.502469 -7.894444 -4.020988 -5.594444 -8.780864 -39.953086 -1.537037 -15.070988 9.448148 -86.627778 -2.011111 -19.670988 15.270988 -92.662346 -10.256173 -37.830247 
344.224691 2813.633673 115.559630 82.540772 288.655062 1662.361481 231.520833 79.139105 -684.773426 1137.919938 174.595772 64.015370 -954.439383 1197.912068 -45.147222 33.928858 25.222562 444.360556 -21.353056 56.731790 -3.203488 -41.389877 -10.403488 -5.249444 -23.036111 -83.016975 -16.085617 -12.235370 161.711821 500.616883 -23.858364 60.496019 481.531235 -9.565154 -44.038364 63.751728 73.679228 -200.045062 -121.576698 -26.160494 -401.061327 -509.288981 -303.803580 -64.848086 -141.643951 -525.259599 -192.550185 -13.060401 -95.018302 96.275401 9.795710 -2.545833 136.424506 271.734414 33.206358 13.402809 -19.978920 -2103.798364 -143.210062 -71.660494 827.554228 -1189.773272 -46.143549 -67.808889 274.456265 -533.715617 -251.077315 -82.131975 -71.400586 -282.512870 -144.490802 -10.796235 17.759259 365.542840 69.704969 13.377562 -29.273519 557.534136 30.637284 25.854568 176.402037 317.647623 66.531173 44.858056 387.072407 -287.612191 14.292716 -5.253735 466.197870 -40.946574 -53.224074 -2.609691 -282.845772 24.218951 -225.764846 2.700679 -124.069537 106.737315 -39.339599 22.622932 -49.161080 -227.582500 -106.962099 -19.015432 11.889198 -663.763148 -114.080617 -35.289012 -49.289352 -747.931914 -57.101080 -60.796235 501.896265 69.034784 8.873827 7.738025 160.940988 -0.151451 -187.847716 18.558302 -227.675988 19.664846 -201.228519 22.016883 -25.984383 -44.036451 -66.950031 24.970802 89.077160 -151.628611 -42.061389 87.029136 86.510556 -115.149012 10.539537 72.140957 -19.448457 -87.693395 22.778395 7.980432 358.877130 -46.804352 -66.009630 -3.956605 79.375926 -83.006852 -188.496235 -6.460432 17.746481 -29.234043 -110.552130 13.282716 48.142160 23.172469 -30.936636 56.314537 11.246605 155.764877 11.321296 30.104136 37.570556 459.714352 61.725648 155.473765 246.337006 807.986636 83.224846 178.359414 223.686543 -150.969105 -112.168426 27.531111 201.035247 62.988951 -89.468580 -5.108457 189.977778 2.766759 -51.782870 -17.201358 -6.638951 -55.436944 -18.401914 -24.029722 -145.873549 -241.384383 -10.699815 -220.133302 -112.525185 -674.743889 -16.193611 -337.298302 -134.806975 -919.182253 -90.726821 -194.521728 
18.051852 115.559630 19.071111 1.067037 33.082963 88.715556 19.411111 6.063704 -75.258889 79.017037 13.877037 4.590000 -62.261481 74.717037 7.377778 1.085185 11.881852 19.704444 5.080000 5.042593 -0.364074 -9.445185 1.263704 -0.443333 -2.277778 -4.875926 -1.132963 -0.735556 15.758519 51.969259 14.982963 3.352222 20.213704 -2.304074 1.822963 1.598519 -5.860370 -9.224074 -9.981481 -1.825926 -16.113704 -48.006667 -16.865185 -3.515926 -4.027407 -45.559630 -11.007778 -0.519259 -5.358519 10.843704 2.948519 -0.861111 7.421852 26.240741 4.415185 1.594815 4.408519 -116.024815 -8.737407 -2.687037 38.550741 -78.168148 -10.111481 -3.828889 17.808519 -37.226296 -18.605556 -5.767037 7.059630 -27.687778 -7.428519 -1.915926 2.616667 -3.174815 8.898519 -0.880370 -0.910000 24.659630 7.347407 -0.545185 8.185556 28.443704 7.662963 0.285556 21.524444 -21.451852 -0.776296 -0.005926 11.824444 -1.603333 -6.588889 1.989259 -10.127037 3.155185 -13.228148 1.219259 6.415556 1.947778 4.697037 -0.891481 -2.882963 -27.917778 1.243704 -3.296296 2.698148 -63.841111 -4.895185 -3.029259 -4.683333 -63.188519 -5.118519 -4.054815 15.966296 -0.921481 -1.002963 0.817407 -5.647037 -1.828519 -13.883704 4.060741 4.410370 7.017037 -8.420000 3.508148 12.209630 0.379259 3.649630 0.149630 9.203704 -1.593333 3.446667 7.149630 7.521111 4.422963 2.691111 8.402593 2.096296 3.590370 4.718519 4.765185 -0.046667 -7.018889 -4.293333 -0.329259 -12.894444 -4.032222 -11.110370 2.041481 23.307778 3.830370 -2.753333 3.164815 11.267037 -4.480370 -0.506296 -5.647778 6.064815 -1.604815 2.055556 -3.217037 6.274444 29.327778 4.441111 17.235185 17.132963 64.095185 7.259259 14.040741 5.138519 -15.384815 -7.821111 1.417778 -5.165926 -2.427037 -5.228519 -0.257037 38.672222 3.778889 -0.472222 4.178148 14.477037 -6.160000 -0.128519 -7.067778 -11.471481 -40.523704 -0.614444 -23.994074 -3.018889 -78.282222 0.187778 -21.762963 -15.917037 -107.109259 -3.671852 -20.099630 
12.253086 82.540772 1.067037 7.744784 0.364938 50.731852 4.595833 3.715340 -19.457685 31.321173 5.149784 0.602407 -23.990617 26.506821 -0.052778 1.360031 0.535216 3.843889 -2.166944 2.457099 0.202377 -6.264568 -1.519846 -0.182778 -0.830556 -2.721914 -0.528827 -0.344630 2.533735 -21.073549 -2.621636 5.861759 16.289877 -12.337068 -0.673858 3.039383 1.852994 -6.354938 -1.906636 -1.383951 -11.243117 -17.223241 -7.848642 -0.814136 -2.953827 -19.498179 -5.285370 -0.088488 -2.382809 -0.790957 -1.021265 -0.020833 2.506605 7.132253 0.529198 0.732747 1.568920 -55.767191 -2.153272 -2.289506 23.444660 -27.980062 3.357994 -2.408889 -0.327377 -12.547716 -4.744907 -2.420247 -5.213858 -11.441574 -1.963642 0.984012 0.762963 7.452716 5.630586 2.517994 -0.336481 19.940309 0.041605 2.135432 7.339074 12.431265 0.168827 4.410833 16.752037 -3.326698 2.249506 -0.387377 13.843241 -4.251204 -0.153704 -0.682531 -17.427562 -3.060062 -7.665154 -0.518457 -5.076019 -3.761759 0.138488 1.317068 -0.186698 -13.196389 0.379877 1.148765 -0.816975 -17.850185 -4.384938 0.569012 2.183796 -9.226975 -2.687809 1.045123 25.784846 4.519660 1.436173 -0.016914 3.910123 -2.530772 -5.515617 -0.210525 -14.845123 -1.451512 -6.541481 0.387562 -0.085617 0.206451 -1.368858 1.988086 1.617284 -5.848056 -1.925278 2.079753 1.088333 -7.790988 -0.881759 1.613488 -1.257099 -2.008827 -1.289506 0.305123 24.598426 0.974352 -1.717037 -0.102284 -2.142593 -1.130926 -4.854877 -0.546235 -10.305370 -0.755957 -2.840093 0.189506 0.560062 3.161975 -1.001142 8.215463 -4.218827 -0.238210 -0.510185 6.565864 1.109444 2.424537 0.409907 5.954012 5.621883 7.467809 -0.180401 6.129475 -1.260988 -8.489784 -2.163796 -0.774444 -7.764136 -4.184506 -1.724753 -0.100432 -10.972222 -2.943426 -0.567130 -0.890864 -5.265494 -3.450833 -0.396975 0.578611 -3.044228 -11.624506 -0.281296 3.574414 -1.904815 -15.366111 -1.063056 -1.107253 -0.834136 -9.128858 -2.187623 -0.242716 
93.391358 288.655062 33.082963 0.364938 1102.835062 267.068148 116.955556 65.258272 364.378519 335.042716 -12.237284 152.128148 -1100.776049 179.427901 -132.272222 -27.091975 -198.028272 26.753333 -59.251111 -6.937654 -10.245432 4.136790 -20.845432 4.013333 -15.805556 -68.825309 -14.390617 -7.630370 164.050988 265.413827 48.131358 11.995185 418.682346 -307.430988 54.983580 35.249506 32.915062 -97.267284 -69.030864 4.967284 -389.641605 159.888519 -156.201358 -34.105309 -18.773951 -210.714321 -67.395185 0.356543 -5.043580 -19.307654 13.830988 6.111111 29.079506 79.535802 19.323580 10.251975 161.571358 -288.656420 -28.177284 -0.377160 595.009506 -471.889383 -23.914938 28.886667 -87.593457 -265.616173 -162.142593 -25.929753 -283.176420 -54.901481 -133.589136 -11.920123 13.031481 68.080617 102.334691 2.980617 0.805926 173.762469 102.558395 5.764568 73.819259 185.575679 58.845062 -0.084444 223.817407 -77.635802 6.272716 -5.539012 531.597037 -85.825185 -49.224074 16.240864 -188.796049 -60.148272 -246.327901 15.515679 -180.205926 152.515926 -16.778765 3.306543 -7.136914 82.675556 79.831235 -3.343210 -16.352469 -233.302593 -2.542840 -10.457901 -23.162963 -309.392469 -2.935802 -0.764568 262.160988 54.803951 4.908272 -0.338642 238.034321 -48.353951 -127.970494 20.698025 -105.052099 7.050123 -183.047407 29.002716 -59.911605 34.311605 -46.724198 18.142469 -3.811728 -75.120000 -49.217778 20.859136 -12.946667 -192.697901 -36.214074 -12.517654 -20.545679 -227.016173 -4.816049 -17.702346 152.375185 26.893704 -37.949630 2.832840 25.287037 -48.644074 -137.592346 24.965679 15.919259 3.299012 -79.741852 36.521605 -3.329506 -3.856420 -24.889136 30.808148 21.443827 68.179877 -25.120370 90.292469 11.526667 24.335185 -7.819630 53.776543 38.529506 6.878025 22.779012 6.996914 -78.716790 -17.383827 -61.340370 -0.086667 -25.538642 -28.123827 -48.028025 20.875432 35.188889 -29.127407 -20.181481 59.213086 31.773827 -9.564444 -6.961358 8.814444 -49.496049 -62.917160 -6.343704 35.785309 10.088148 -133.270000 8.681111 70.564198 15.492469 -321.358642 63.177901 25.248272 
248.159259 1662.361481 88.715556 50.731852 267.068148 1302.526667 161.044444 65.278519 -725.058889 1004.904074 133.675185 52.790000 -816.531852 926.659630 46.888889 31.509259 87.155926 452.087778 29.152222 44.546296 39.011852 39.436296 -0.021481 -0.082222 -11.655556 -58.907407 -13.418148 -7.630000 127.921481 145.311852 7.729259 29.485556 331.461852 -50.100370 -15.736296 46.461481 6.797037 -151.737037 -76.607407 -10.340741 -268.050741 -494.517778 -187.100370 -50.114074 -102.951481 -508.050370 -142.591111 -17.561852 -74.365926 57.886296 6.950370 -6.027778 90.629259 256.348148 43.733704 16.887407 -21.456296 -1638.395185 -110.628148 -57.135185 539.930370 -1003.960741 -37.848519 -52.412222 186.304815 -469.955926 -136.583333 -67.948519 -13.016296 -329.193333 -91.663704 -14.469630 17.600000 114.199259 66.083704 5.243704 -22.082222 350.217037 60.515926 11.730741 93.802222 256.341852 62.064815 17.435556 273.080000 -239.853704 14.416296 -5.070741 306.074444 -43.931111 -4.333333 -3.151481 -259.664074 8.518148 -133.587407 -2.099259 -96.667778 51.808889 0.911852 16.482593 -16.034815 -176.956667 -37.502593 -13.025926 11.346296 -530.646667 -90.258148 -25.171852 -72.655556 -653.579259 -59.359259 -52.058519 392.379259 84.630370 27.456296 5.419259 60.215926 10.575185 -102.270741 15.029259 -211.513704 28.159630 -119.775556 20.711852 -25.899630 -17.222593 -16.076296 25.479259 56.462963 -112.337778 -19.808889 66.023704 54.704444 -80.964074 -4.197778 62.372963 -11.168519 -85.411481 7.448148 18.683704 360.658889 -2.280000 -24.465556 -2.449630 -5.216667 -43.487778 -116.391852 -2.388148 -71.836667 6.728519 -67.120000 9.851852 5.126296 18.227037 -18.891481 17.641111 3.296296 78.235926 5.583333 -7.187407 23.463333 273.555556 34.991111 125.087037 161.129259 550.424815 50.357407 152.520370 409.940370 121.083704 -39.265556 39.506667 113.085926 10.480370 -44.030370 -12.766296 -6.022222 -30.737778 -34.233333 -21.857037 -23.741481 -35.848889 -14.952593 -22.706667 -98.147407 -196.605185 -8.958889 -149.295926 -88.268889 -531.648889 -9.801111 -222.753704 -129.981852 -759.551852 -20.968148 -153.295926 
37.350000 231.520833 19.411111 4.595833 116.955556 161.044444 67.165278 10.854167 -72.076389 155.247222 63.870833 17.908333 -240.061111 163.620833 12.302778 -2.284722 -12.090278 65.702778 9.006944 4.197222 8.704167 -2.000000 2.643056 0.058333 -3.786111 -14.397222 -2.275000 -1.130556 41.704167 114.143056 20.551389 4.931944 96.711111 -46.587500 28.112500 8.550000 -3.401389 -41.433333 -8.445833 -5.877778 -92.848611 -41.393056 -47.288889 -11.880556 -9.438889 -91.387500 -24.513889 -3.140278 -7.695833 14.226389 13.551389 -2.023611 14.786111 50.765278 11.452778 4.837500 27.131944 -214.781944 -12.413889 -5.455556 171.790278 -199.930556 -1.498611 -4.677778 -9.262500 -99.363889 -36.295833 -16.800000 -48.481944 -40.556944 -24.552778 -3.986111 7.733333 41.122222 38.901389 0.818056 -2.802778 86.763889 30.377778 1.011111 22.219444 65.948611 19.958333 5.290278 84.963889 -42.337500 6.483333 -1.456944 122.270833 -13.573611 6.166667 2.347222 -104.737500 -10.469444 -48.312500 2.825000 -37.906944 20.218056 7.962500 1.848611 -3.287500 -33.751389 15.422222 -3.822222 -0.175000 -132.447222 -9.344444 -6.916667 -9.181944 -133.719444 -3.781944 -4.030556 126.443056 26.143056 10.961111 1.116667 42.044444 -3.354167 -26.791667 5.529167 -86.630556 3.784722 -44.138889 8.493056 -12.052778 11.109722 0.731944 7.986111 6.816667 -7.920833 4.798611 10.961111 5.463889 -11.211111 2.934722 7.348611 2.919444 11.919444 11.577778 3.947222 111.409722 9.509722 -3.094444 -0.419444 -3.327778 -17.825000 -33.486111 3.863889 -52.291667 3.068056 -19.656944 7.483333 2.202778 12.855556 -0.481944 8.709722 3.341667 52.791667 4.858333 -3.675000 7.330556 89.218056 13.420833 12.402778 31.309722 148.287500 17.090278 21.368056 88.000000 24.673611 -14.740278 4.494444 2.930556 8.491667 -10.508333 -0.013889 -30.022222 -5.890278 -10.490278 0.194444 2.730556 1.470833 -2.441667 -4.231944 -23.126389 -34.263889 -0.658333 -41.737500 -13.961111 -145.969444 5.976389 -48.268056 -42.986111 -223.273611 -11.662500 -24.566667 
23.480864 79.139105 6.063704 3.715340 65.258272 65.278519 10.854167 13.153673 -38.953796 55.138951 2.255895 15.127963 -75.036173 42.082932 -0.236111 0.301698 -5.916451 10.979444 -5.629722 2.518210 -4.225957 4.105432 -2.620401 -0.412778 -0.802778 -3.594136 -0.894383 -0.656852 17.095401 -26.279660 1.463364 1.337870 33.292099 -45.713179 -2.446636 6.096049 -1.303117 -16.432716 -7.081636 0.921605 -25.792562 -25.034907 -17.188642 -2.595247 -2.874938 -30.079846 -11.036481 0.062068 -3.061142 10.115154 3.938179 0.381944 9.038827 17.529475 4.163642 1.136636 13.802809 -73.644414 -5.798827 -2.572840 45.005216 -51.934506 -2.418117 0.087778 -1.243488 -27.182160 -13.203241 -1.804691 -12.121080 -10.713241 -8.154753 0.214012 3.290741 13.539383 12.584475 1.068549 -0.499815 15.719198 10.122716 1.683210 10.273519 8.620710 4.907716 0.459167 24.330926 -10.473920 0.559506 -0.674599 31.074907 -4.719537 -3.753704 1.307469 -20.822562 -3.077840 -14.824599 1.355988 -10.193241 6.062130 2.932377 1.245401 -1.299475 -5.974722 5.827654 -0.045679 -0.839198 -39.051296 -6.120494 -0.252099 -1.018981 -39.209198 -4.735031 -0.008210 28.530957 3.307994 -0.300494 0.224198 10.713457 0.036451 -9.066728 2.452253 -13.830679 2.413488 -11.918148 2.703673 -3.851173 0.241451 -4.217191 2.225864 1.117284 -7.903056 -4.399167 2.350864 0.423889 -12.983210 -3.566759 -0.259290 -0.773765 -13.576605 -1.695062 0.300679 22.844537 2.709352 -1.330370 -0.023395 -4.520370 -1.588704 -8.480432 2.167099 -3.632037 0.510154 -6.008426 3.583951 -0.788827 -0.040247 -3.422809 3.780463 -3.379938 5.619568 -2.104630 8.214753 -1.317222 4.938426 -0.686204 8.754012 7.279105 7.395031 -0.227623 3.654475 17.315679 15.964105 -1.685463 1.245556 -11.473025 -4.332284 -3.115864 0.634012 2.633333 -2.798426 -4.286574 5.110247 0.765617 -0.522500 -1.793642 0.978056 -10.117006 -12.017840 -0.980185 0.722747 1.521852 -19.446111 -1.941389 -0.904475 -1.346358 -35.792747 -0.644846 -6.324938 
-174.253704 -684.773426 -75.258889 -19.457685 364.378519 -725.058889 -72.076389 -38.953796 2858.083056 -526.370185 -106.074907 88.539444 47.839630 -690.143796 -549.675000 -18.468981 -1092.017870 -514.822778 -400.189167 -103.949074 -160.976019 -308.237407 -117.881574 -17.910556 -65.013889 -337.462037 -71.920185 -25.792778 -9.976759 988.590648 -44.295093 12.235833 83.083704 438.312315 12.697130 5.547407 553.855463 73.125926 39.731019 84.662963 -149.823981 1138.195278 -70.219630 43.606852 -35.645185 355.695648 -85.937222 8.817685 67.990648 -521.041574 -155.659537 6.784722 -124.418704 -621.507870 -129.694259 -38.421574 35.178796 1122.520463 -19.377963 40.524074 230.224907 413.800185 -26.495093 73.668889 317.012130 104.022037 -58.554167 43.200741 -505.892870 309.543611 -276.979074 -8.437593 -49.600000 79.571852 -163.987315 10.787130 22.778333 80.366852 -94.522593 18.001481 -24.085000 -11.586019 -48.506481 -2.750278 -108.979444 -171.469907 -39.736296 -13.158981 524.430278 -107.519722 -41.427778 -5.492407 437.386019 -112.952037 -315.553426 1.986481 -309.818611 31.025278 -283.562130 3.695463 -40.068796 321.275833 -83.959630 -13.635185 0.400926 470.112778 -16.854074 -18.130370 54.009722 178.424259 26.391204 37.323519 -33.520093 11.194352 -22.455185 -7.612593 403.988519 -32.999907 -172.840926 -19.233981 290.593148 -109.474352 -323.198889 -17.581574 -104.955370 -72.018241 -140.714537 -9.863148 -77.796296 -160.575833 -92.497500 -54.777037 -48.667222 -333.418148 -78.161389 -103.631574 -52.784259 -439.022407 -33.364815 -78.022037 -128.921944 61.666944 -92.041111 11.066852 182.772222 -39.082778 -234.043148 -0.402407 292.253889 -56.762130 -104.425278 -7.801852 -17.559074 -111.755926 -12.883241 -19.030833 83.734259 -139.420926 -19.786111 82.914630 26.981667 -262.523611 -12.008611 -14.300926 -78.314537 -470.394537 47.152315 -91.099537 -799.238148 -591.715093 -224.678611 -52.641111 -31.704259 -69.993148 -179.051296 6.727963 379.494444 10.532500 -19.987500 43.154815 63.732037 17.726944 9.604259 35.534167 79.352685 155.005741 13.353889 131.047870 83.048889 366.028333 36.431389 261.155093 216.814630 593.919907 126.961759 239.977037 
199.691975 1137.919938 79.017037 31.321173 335.042716 1004.904074 155.247222 55.138951 -526.370185 1034.585062 126.240062 40.777407 -824.101728 891.713765 77.261111 7.528086 57.364383 334.180000 42.603889 32.182099 44.859321 17.768765 -11.285123 -0.980000 -15.922222 -76.091358 -19.914938 -7.475185 121.779568 138.044506 25.249198 16.140926 334.045432 -99.505123 28.735864 35.900494 7.871049 -184.643827 -62.977469 -5.639506 -279.422284 -422.135741 -146.570864 -40.955802 -92.853827 -545.360679 -105.793704 -20.703765 -64.453642 36.965988 13.105123 -12.380556 90.320494 273.066975 49.581975 19.911914 29.470309 -1252.985247 -66.644938 -48.083951 506.159938 -873.893951 -7.965617 -37.958889 115.401790 -465.056049 -117.299074 -62.953580 -73.298580 -319.479074 -86.121975 -20.068765 19.329630 2.413827 111.829198 -1.450062 -16.567037 250.848642 118.836049 4.346543 92.819630 262.160432 79.293827 8.237222 277.293704 -169.911420 23.066173 -2.524877 366.044630 -26.405370 9.662963 -0.946420 -282.728951 2.187160 -163.152654 -4.182346 -112.113519 55.203519 27.553765 9.229568 4.023025 -201.606111 67.785432 -16.473457 24.474691 -574.719630 -24.151605 -32.136543 -60.395370 -614.457531 -42.366975 -50.296543 394.258457 91.821049 33.030617 5.249753 119.354568 15.756728 -105.068395 14.926975 -235.331235 29.891543 -137.830370 18.477840 -12.260617 10.352284 30.110309 25.918642 82.839506 -81.893889 36.115000 67.107531 54.380000 -108.818765 3.144630 52.198210 -5.087654 -144.411605 -7.995062 6.113457 377.605370 37.264630 -13.744815 -0.143951 -0.537037 -40.567037 -124.085432 1.423210 -132.891481 28.542654 -60.044259 13.522840 -5.076049 10.973086 5.064136 -8.266481 28.106173 9.736790 11.148148 -9.342469 53.906667 174.789815 20.744630 151.140123 145.928827 450.958086 33.140432 136.466975 410.022346 149.586605 -41.290185 44.331111 81.799753 22.290494 -43.738642 -8.025432 -104.488889 -0.086481 -20.476852 -13.279753 -32.540494 -12.299444 -1.677531 -28.000556 -79.801173 -221.871728 -6.222963 -155.649198 -44.993704 -534.024444 0.060556 -157.283642 -42.542469 -687.738580 -7.425123 -86.664938 
17.714198 174.595772 13.877037 5.149784 -12.237284 133.675185 63.870833 2.255895 -106.074907 126.240062 182.020340 -1.352037 -147.270617 162.650710 106.586111 4.635031 -64.987562 45.398333 -3.361944 -0.715123 -9.034846 -40.474568 -8.679290 -2.765000 -6.358333 -33.483025 -6.265494 -0.196852 30.132068 116.755895 18.762253 -4.699907 87.016543 -34.564290 39.416698 5.941605 33.026883 -71.099383 25.196142 -5.695062 -86.844784 -47.316019 -39.545309 -15.731914 -29.690494 -123.508735 -48.398704 -10.695710 -17.997809 -0.231512 2.522623 -4.701389 25.387716 89.623920 21.781420 9.337747 45.300586 -150.368858 -10.766605 -5.578395 181.307438 -202.800062 12.597438 -4.726667 -19.151265 -111.866605 -13.808796 -19.989136 -91.442191 -18.387685 -37.629198 -4.855988 5.285185 54.992716 39.835586 -1.561451 0.703519 115.736975 59.042716 0.919877 36.202407 154.824043 48.468827 16.276944 124.532037 -32.346142 12.063951 2.040957 165.881574 2.026019 32.718519 -0.252531 -150.453673 -11.073395 -54.970154 -3.002901 -97.107685 13.699907 -3.570957 0.532068 6.990525 -59.772500 38.458765 0.804321 11.621914 -195.219074 17.760617 -1.606543 -22.141204 -160.963642 5.309414 -2.933765 214.952068 48.743549 23.857284 1.676420 78.611235 0.906451 -31.990062 1.545586 -143.255123 -8.002068 -76.289259 1.217006 -48.488951 8.884784 17.876142 5.658086 23.739506 -12.833056 42.535278 15.621975 14.109444 -4.908765 8.173241 22.342932 3.698457 91.283395 14.543827 16.140679 224.360093 18.269352 0.334074 -0.983395 18.929630 -26.946481 -50.817099 -0.430679 -114.825370 0.823488 -24.001759 -1.393827 -19.598827 13.668642 27.502747 1.887130 15.586728 61.627346 24.073148 -2.130802 21.389444 119.105093 18.376019 34.842901 32.783549 222.269475 24.277932 35.632253 221.542346 68.609660 -20.459907 11.543333 22.201420 22.642160 -5.551420 -4.681543 -86.444444 -11.417315 -9.714352 -17.771975 -45.569938 -4.630278 6.404136 -20.491944 -36.525895 -97.533395 -1.112407 -66.553920 -2.551481 -266.831667 6.210833 -41.137809 -95.980802 -401.853858 -30.788179 -13.268272 
10.931481 64.015370 4.590000 0.602407 152.128148 52.790000 17.908333 15.127963 88.539444 40.777407 -1.352037 85.198889 -189.066296 14.646852 -40.838889 36.417593 -82.323519 18.151111 -18.449444 -2.531481 -14.527593 -1.765926 -4.544259 3.915556 -6.261111 -23.879630 -4.922593 -2.603333 21.910926 -7.488704 7.575370 -2.443889 51.536296 -65.915370 3.746481 5.651481 49.068704 -61.003704 -15.804630 6.359259 -51.911296 18.420556 -31.223704 -1.606296 -9.933704 -29.976481 -6.275556 2.583148 -1.088704 -13.418704 4.515370 5.336111 0.067037 -7.115741 0.234815 1.624630 16.322037 -84.905741 -6.595926 -0.740741 65.163148 -78.498519 -6.319074 6.223333 21.805370 -53.873704 -21.602778 -2.482963 -39.179074 1.485000 -21.927037 -0.617407 3.222222 38.891481 24.432037 5.710926 0.193333 58.040370 28.013704 6.434074 17.064444 49.642407 12.642593 8.583889 14.870000 -20.784259 -2.568148 -1.380185 77.183889 -9.271667 -10.105556 3.505185 1.763148 -15.694074 -42.313519 3.947407 -29.540556 3.171667 -15.177593 4.433148 0.696852 5.637222 4.028519 5.846296 -4.514815 -46.997778 -1.082593 0.495926 -4.986111 -76.389259 1.932407 -0.417407 12.575370 5.140926 -1.413704 -0.445185 44.141481 -2.552037 -19.255185 3.386481 6.384074 -3.758704 -34.291111 6.389074 -11.298519 -15.176481 -17.413519 6.794815 -10.825926 -40.131667 -20.249444 4.833704 -6.460000 -61.611852 -13.238333 -6.655370 -8.724074 -57.034815 1.237037 -7.465185 -5.750556 17.077222 -4.162222 0.412593 -5.872222 -3.717778 -18.911852 3.502963 26.975556 0.739074 -16.577222 6.796296 3.388519 7.758148 -8.379815 9.661667 -14.670370 41.632593 -5.950000 18.878148 -7.268889 34.508333 0.950556 11.942593 10.842037 16.429815 5.465741 3.423148 -5.966296 27.154259 -8.698333 -0.651111 -10.761852 -6.067407 -9.838148 -2.120741 32.227778 -0.470556 -4.497222 12.877407 17.306296 8.090556 -1.199259 8.592778 -21.825741 4.095926 -2.491111 0.863519 -5.331111 -25.023333 -2.090556 -6.078704 -6.560741 -83.949074 2.219074 9.444074 
-147.558642 -954.439383 -62.261481 -23.990617 -1100.776049 -816.531852 -240.061111 -75.036173 47.839630 -824.101728 -147.270617 -189.066296 2344.235062 -718.377654 -13.955556 3.174691 8.416173 -492.246667 -198.878889 -38.809877 -124.989877 -145.596543 -49.250988 -18.458889 13.705556 -16.025309 3.614938 -4.358148 -180.810123 -245.997284 -79.996420 -13.004815 -620.200988 361.174568 -146.888642 -59.889383 4.720617 131.999383 71.546914 -15.516049 727.058395 47.082963 186.826420 62.650247 44.214938 688.880123 67.432593 -0.399012 62.017531 71.509012 -16.891235 -2.166667 -51.842716 -233.408642 -48.765309 -21.559136 -121.956420 1223.438025 46.006049 41.450617 -934.840494 1115.243951 -23.214938 -8.185556 135.534321 564.306049 175.451852 92.225802 325.956914 256.426296 135.727531 27.357654 -38.246296 -38.636049 -180.748642 0.336173 19.733704 -413.126420 -147.952716 -15.996543 -131.636296 -348.479877 -105.699383 -33.573333 -415.649259 196.430864 -33.899506 5.288765 -801.847407 67.230370 -29.068519 -18.614691 566.720617 64.851728 323.749877 -13.734321 265.399630 -272.778519 -51.562099 -16.221235 -10.486914 -158.557778 -156.190988 10.373457 -14.930247 491.330741 -8.103951 21.469877 40.364815 699.340864 11.880864 23.046543 -611.683457 -176.901605 -64.802840 -4.444198 -324.587901 19.001605 143.435062 -28.940864 470.042346 -13.894321 268.502593 -41.097284 114.132840 -104.999506 -12.101975 -35.857531 -21.761728 63.213333 -23.145556 -51.807531 -18.030000 229.307654 17.641481 -23.028765 14.720988 205.556049 -8.999383 7.775432 -609.574815 -111.434074 2.433704 -5.594938 19.720370 85.911481 207.596543 -20.912099 225.002593 -3.873210 138.741481 -40.372840 -14.912840 -83.339753 -5.650247 -61.397407 -10.833951 -291.047901 -7.253704 -97.790864 -36.662222 -374.164815 -36.436296 -91.817901 -158.353827 -665.210864 -90.837654 -97.247531 -494.716790 -258.822716 32.070741 -31.003333 14.366914 8.015062 70.910864 9.392099 160.550000 53.811481 38.340741 -30.164691 -40.276173 -46.158889 3.499753 -16.457778 122.092840 103.921728 8.222963 115.135309 81.315926 600.874444 -35.602222 155.719753 154.903580 1134.885802 -77.188765 120.814938 
184.699383 1197.912068 74.717037 26.506821 179.427901 926.659630 163.620833 42.082932 -690.143796 891.713765 162.650710 14.646852 -718.377654 1240.585525 145.119444 15.770216 220.573179 762.199444 142.308056 46.399691 114.681080 144.972469 19.886636 1.128333 3.702778 -78.414506 -13.641790 -6.405741 113.338364 314.960710 42.166327 13.647870 283.732469 31.952747 48.869660 41.335679 -56.409043 -137.429012 -13.263117 -13.370988 -290.299599 -440.970463 -118.828272 -52.378951 -102.794568 -521.908364 -111.813148 -23.478302 -68.204105 34.582191 18.322253 -24.040278 100.686235 311.253549 55.675494 21.594784 -11.926451 -1305.307006 -64.788457 -49.276543 501.532623 -898.567099 -7.742932 -47.786667 233.105031 -506.566235 -125.814352 -66.312840 -24.081451 -477.288796 -104.676605 -21.147469 8.540741 -34.117654 92.312994 1.467068 -28.747593 379.369938 149.637901 -1.794198 119.011296 402.554414 113.192901 15.869167 235.668704 -249.436883 11.453210 -7.866080 327.284907 -74.003981 21.929630 -11.006605 -269.717377 -15.830432 -122.493858 -7.003642 -75.756574 80.924352 54.422747 5.449475 -5.391327 -186.415833 84.544691 -22.058642 10.592284 -594.694630 -4.953457 -34.323580 -62.524537 -689.717716 -37.931327 -62.136358 373.089475 72.624290 33.973210 4.512716 102.334198 1.325710 -78.330432 13.627438 -251.546975 25.682747 -109.202593 17.566265 -33.600432 11.018488 44.563549 19.378827 75.987654 -100.517500 46.177500 75.764938 47.499444 -127.416914 -7.662315 76.758858 -9.938580 -164.566235 -24.576543 10.351420 357.006759 -17.289537 -25.261481 -1.561543 35.507407 -66.514259 -114.775247 2.579691 -125.355370 27.628302 -46.770648 19.798765 -18.158457 27.124938 20.922006 0.612685 11.190432 63.591420 12.723148 -15.176728 50.953889 277.705093 17.901574 184.300309 170.187623 702.639105 32.781636 169.311883 448.507531 91.831512 -43.633241 31.342222 161.648827 98.339568 -26.809938 -15.459691 -63.761111 11.131574 -13.436574 -28.076049 -58.817346 -6.498056 1.123395 -47.124167 -93.639599 -229.722654 -10.042407 -231.224660 -54.438148 -640.871667 -1.310278 -233.484105 -113.810062 -793.324228 -72.036698 -134.189012 
0.111111 -45.147222 7.377778 -0.052778 -132.272222 46.888889 12.302778 -0.236111 -549.675000 77.261111 106.586111 -40.838889 -13.955556 145.119444 322.216667 -22.558333 212.052778 89.338889 174.286111 -0.433333 25.886111 -0.472222 12.963889 -6.577778 -0.800000 8.783333 2.800000 -0.216667 -18.075000 -126.025000 18.586111 -17.147222 -5.805556 -30.036111 22.163889 5.661111 -29.569444 -29.344444 51.680556 -9.450000 19.413889 -268.730556 68.600000 -13.416667 -38.361111 -196.825000 9.327778 -15.358333 -34.075000 13.380556 20.019444 -14.363889 15.505556 130.197222 27.944444 8.569444 3.525000 -125.486111 21.777778 -18.955556 -5.975000 -63.216667 27.480556 -12.688889 21.025000 -54.088889 21.002778 -6.572222 46.958333 -127.191667 18.916667 -3.327778 -4.694444 -84.072222 60.386111 -8.513889 -3.483333 17.677778 86.000000 -5.716667 10.094444 131.841667 51.533333 0.319444 38.505556 37.269444 14.905556 3.113889 -47.908333 18.008333 38.900000 -1.800000 -82.752778 7.200000 45.497222 -2.377778 0.430556 -13.258333 49.325000 -7.152778 8.175000 -105.180556 90.344444 -10.794444 9.950000 -188.838889 73.344444 -2.933333 -36.925000 -141.911111 14.691667 -26.827778 57.075000 23.086111 14.505556 2.461111 -28.666667 14.347222 19.405556 2.580556 -72.600000 14.786111 15.055556 -0.691667 -12.683333 12.608333 44.480556 -0.188889 31.461111 20.480556 63.997222 10.127778 15.005556 15.972222 24.063889 23.041667 2.988889 66.933333 14.755556 10.572222 116.463889 -13.352778 12.933333 -1.977778 -3.694444 -0.350000 9.038889 -1.322222 -75.038889 20.969444 -2.375000 1.027778 -19.638889 18.322222 24.975000 -11.008333 -7.588889 26.794444 19.055556 -15.361111 17.727778 89.613889 13.119444 41.716667 14.947222 185.236111 21.697222 44.075000 256.205556 180.636111 50.130556 17.894444 34.761111 1.955556 34.844444 -8.216667 -68.616667 19.902778 11.558333 -15.561111 -44.444444 -0.725000 10.388889 -38.997222 -36.641667 -130.438889 0.211111 -104.947222 4.238889 -258.638889 0.880556 -47.547222 -89.144444 -392.847222 -42.975000 -16.477778 
5.420988 33.928858 1.085185 1.360031 -27.091975 31.509259 -2.284722 0.301698 -18.468981 7.528086 4.635031 36.417593 3.174691 15.770216 -22.558333 75.219599 -33.310031 33.519444 -14.126389 20.074383 -4.279784 2.393827 -1.702006 4.830556 -0.963889 -13.248457 -3.027469 0.443519 13.415895 21.929475 -0.949846 3.133796 -21.506173 27.395216 -2.060957 -1.675309 -10.398920 -29.369136 -1.147068 -2.119753 -0.362809 -37.963426 -2.804321 3.673765 -3.091358 -12.104784 -2.310185 6.838117 -3.289043 -5.063117 -5.736883 3.959722 -7.016975 -15.880401 -4.192901 1.688735 -2.780401 -58.572068 -6.205247 6.646914 -25.162809 -33.728086 -4.935031 -0.783333 17.904784 -34.827469 1.222685 -2.734568 10.594599 -45.327315 -4.007099 -0.502160 -1.107407 -11.508642 -6.233179 5.064969 -5.199074 39.218210 3.458025 6.227160 12.334259 45.036883 2.560802 13.862500 -13.295370 -27.414043 -3.958025 -0.800772 1.530093 -12.031019 -1.601852 0.759568 3.403858 -7.055864 -2.350772 -0.131173 -1.021759 -17.594907 -12.432562 4.738117 4.419290 -16.012500 -11.211728 15.799383 -8.351543 -2.289815 5.958642 7.689506 8.699537 16.404012 3.419290 6.264506 -14.945216 -8.965586 -3.352469 -0.545679 22.356173 -5.717747 -2.911420 0.427932 3.924383 -3.132562 -5.551852 2.668364 -0.583642 -13.659414 -7.869290 5.862654 -12.285802 -34.709722 -13.518056 5.854321 -7.419444 -22.860494 -6.417130 5.159105 -2.646605 6.078086 -1.447531 6.181173 -23.977315 -9.353241 -4.346296 -0.555864 19.637037 -5.243519 -2.157716 1.629938 14.139815 -3.660340 -3.192130 1.791975 4.055864 9.187654 -3.386265 7.207870 -12.533025 24.675617 -2.150926 3.657099 -10.552778 27.631019 -1.136574 5.325617 10.862191 32.130710 -8.799228 14.133488 6.095062 -22.279475 -9.449537 -3.011111 32.851543 26.555247 -1.518210 0.397840 24.416667 13.646759 1.389352 2.629012 8.461420 -0.462500 1.915123 6.879167 -12.446142 -9.294753 -2.206481 5.519290 -12.135185 -27.286111 -9.656944 -10.683488 -3.965123 -65.930401 -17.413117 4.941975 
35.596914 25.222562 11.881852 0.535216 -198.028272 87.155926 -12.090278 -5.916451 -1092.017870 57.364383 -64.987562 -82.323519 8.416173 220.573179 212.052778 -33.310031 932.944784 236.388333 279.613611 46.948457 138.668735 127.487901 63.963179 3.656111 39.619444 214.171914 51.114383 11.731296 -25.343735 -536.916451 20.930525 -15.448426 -85.474321 -166.370710 22.600525 -29.053827 -306.254105 87.538272 -1.165586 -36.588272 85.505340 -452.416759 145.129753 -16.831420 107.700494 -230.220710 111.994259 -0.221512 -23.201636 177.586512 58.779043 -7.701389 44.257840 218.312191 51.745247 11.886142 -32.467809 -267.726142 70.489938 -18.599383 -229.745772 -29.167716 60.673117 -35.831111 -157.010401 33.506605 68.528241 -14.926420 284.204969 -244.423981 152.131420 5.475988 32.542593 -237.396049 35.332747 -0.416883 -5.562407 -77.560309 28.626173 -8.206543 6.279815 -8.324599 4.564506 -2.591944 -45.188704 179.365586 30.070494 7.207377 -345.479907 58.158981 24.909259 -2.226358 -103.073549 34.363395 209.457377 -4.971543 164.858241 -103.823796 123.621512 -11.071512 51.205586 -209.654722 48.432346 -3.648765 22.983642 -119.129815 57.863827 -4.427901 -3.289352 69.968086 -1.651080 -27.024012 -131.475957 -31.509660 -0.731728 1.204691 -218.531235 -0.462562 143.680062 -2.319475 -65.031543 44.087068 231.854815 -3.388673 35.287840 13.391327 79.877747 -5.612531 35.366049 8.621389 57.333056 9.095802 21.249444 27.895432 34.300648 20.652068 20.407099 7.673272 0.172840 0.052654 -89.011759 3.384537 65.290370 -3.612160 -71.018519 49.004259 175.742654 -11.171543 -120.059074 32.421512 68.125648 -5.989506 3.275494 57.055802 12.696698 23.153426 8.696605 5.198210 8.599074 5.809691 17.809444 11.708796 -4.996574 0.940432 0.887006 5.714414 -21.386265 -6.351698 192.475432 234.703117 137.887130 -2.307778 -1.420309 -17.222160 81.364753 -10.808457 -251.833333 -26.277685 22.011574 -25.818025 -56.211173 -8.242500 4.586975 -0.607500 4.637562 -74.101049 -4.599815 8.261142 16.424815 -101.877222 -3.676944 -11.087191 34.804136 -9.732253 -59.787932 -94.643951 
48.355556 444.360556 19.704444 3.843889 26.753333 452.087778 65.702778 10.979444 -514.822778 334.180000 45.398333 18.151111 -492.246667 762.199444 89.338889 33.519444 236.388333 1348.910000 276.766111 42.222222 303.362778 643.584444 122.557222 34.262222 68.111111 63.583333 15.524444 4.447778 10.948333 103.490556 32.400556 7.610556 70.343333 119.861667 32.562778 28.368889 -148.937222 31.372222 15.997222 7.011111 -185.896111 -144.976111 30.553333 -33.390000 -71.303333 -34.649444 35.742222 -15.690556 -4.003889 53.670556 7.443889 -7.047222 13.758889 114.558333 18.541111 6.705000 -116.623889 -968.585000 -53.563333 -17.044444 162.296111 -603.036667 -21.616111 -29.590000 178.998333 -308.468889 -22.680556 -43.368889 105.466111 -429.635000 -19.987778 -16.845556 -26.966667 -185.782222 -50.711667 -6.173889 -48.432222 213.324444 -12.598889 -1.793333 33.557778 268.559444 38.716667 18.799444 -7.053333 -252.130556 -16.635556 -8.488333 81.482778 -122.095000 22.116667 -9.520000 -101.603889 -41.068889 6.917222 -1.451111 45.218333 143.833889 62.835000 14.681667 -46.195000 158.468333 -0.682222 -5.855556 -27.277778 56.142222 -15.065556 -16.581111 3.375000 -149.231111 -24.441667 3.632222 35.695000 23.223889 24.832222 1.165556 -50.265556 -11.807222 36.370000 13.689444 -81.721111 -3.056111 13.785556 13.079444 -17.097778 54.961667 16.245000 4.147778 -41.866667 -45.362778 -2.639444 0.286667 -13.517778 -97.351111 -8.522778 -1.342778 7.872222 -99.568889 -5.750000 -9.658889 111.789444 -43.377222 7.895556 -2.425556 -76.294444 -33.748889 1.998889 8.021111 -13.231111 14.279444 -0.222778 16.588889 12.613333 69.323333 -3.646111 -0.000556 -55.566667 182.937778 -0.633333 -72.191111 -31.208889 221.780556 40.805000 -4.572222 63.661667 513.373889 65.686111 57.658333 372.047778 272.093889 32.142778 11.662222 130.776667 66.848889 31.606667 -16.536667 -1.716667 8.781667 18.997222 -24.192222 30.951111 73.465000 -10.904444 17.301667 -51.448333 137.191111 -8.620000 -102.861667 -109.341111 -113.254444 13.957222 -242.230556 -151.318889 -370.408333 -18.667222 -178.125556 
-4.966667 -21.353056 5.080000 -2.166944 -59.251111 29.152222 9.006944 -5.629722 -400.189167 42.603889 -3.361944 -18.449444 -198.878889 142.308056 174.286111 -14.126389 279.613611 276.766111 279.060833 2.413889 125.625833 156.992222 72.453611 3.511667 17.597222 84.297222 15.448333 5.468333 -22.056389 -112.596389 24.730833 -19.664167 1.157778 7.119722 26.256389 2.284444 -68.768611 43.172222 20.729167 -5.094444 -17.136944 -167.293611 96.815556 -8.500556 -7.182222 -153.435833 84.979444 -8.600833 -20.390833 2.282500 20.166389 -8.965278 0.512778 87.984722 15.520556 4.102500 -42.378611 -173.242500 33.390556 -24.138889 -42.249167 -90.440556 27.653056 -14.953333 21.365833 -47.270556 16.418056 -12.728889 109.771944 -172.978611 39.000556 -3.678333 -5.833333 -143.574444 20.927500 -4.759167 -17.432778 6.681667 27.692222 -4.591111 -1.679444 72.915833 25.958333 -0.911389 -12.068333 38.154167 8.798889 -1.333056 -99.303056 4.246944 15.455556 -0.979444 -47.954722 5.329444 54.678056 1.221667 65.198056 14.058611 54.811944 -3.239722 -7.700278 -26.435278 62.964444 -10.905556 -1.691667 -61.381667 61.275556 -8.765556 -18.723611 -81.579444 17.037500 -26.778333 -41.238611 -5.529722 3.696667 1.163333 -67.080000 -2.686944 31.179444 4.764167 -11.010556 25.188611 55.028889 3.875833 24.326111 40.266944 45.266944 -0.826111 4.444444 17.768611 40.874722 5.176667 -1.345000 -21.397778 25.794167 5.903611 -3.091667 -16.048333 22.688889 -7.746111 -11.483056 -29.633056 8.331111 -1.707222 -26.411111 0.995000 26.305000 -0.467222 1.748333 25.211944 10.646944 5.483333 6.281667 37.164444 8.196389 5.613611 -23.469444 41.532778 3.675000 1.962778 0.270556 77.181944 18.030278 15.958333 4.578056 165.020278 31.376389 29.276389 104.171111 113.110833 45.432500 5.620000 51.866111 4.149444 33.195000 -13.923889 -13.244444 27.871389 24.390278 -10.515556 4.578333 13.482500 5.117222 -11.954722 -20.288056 -45.951667 -0.123889 -81.183611 -10.634444 -151.988333 13.181389 -73.209722 -50.209444 -226.387500 -23.536389 -29.337778 
