2050.294664 1680.454188 -40.609734 200.405010 -124.854097 57.979492 -103.000561 95.991685 -62.946944 -951.780278 -103.908734 26.995205 -85.939088 -1277.309560 -44.729160 -60.924140 -115.124732 -1377.399245 -52.503367 -89.445261 -268.495001 -1150.720947 -50.981532 -70.301245 -441.104479 -649.868381 -44.923018 -69.603357 234.296653 316.833333 -34.790736 104.353433 95.414652 617.713754 -39.159780 126.240333 63.098816 733.733497 -27.510407 134.936537 59.867616 734.868330 -24.549638 116.743700 61.489236 400.666361 -29.743751 94.521937 78.729415 199.201561 -25.850270 43.312621 14.723294 -11.183706 -45.438731 11.719365 -0.679880 -46.347414 -5.752729 10.483318 13.900163 117.614376 -10.014233 27.117386 9.426487 292.299102 -12.797266 51.489185 0.487654 368.801500 -21.381747 79.211050 27.418478 310.294613 -25.808081 89.506275 87.537649 258.717733 -5.544638 68.149168 113.317672 107.317672 1.453627 33.135904 -41.282624 -13.909346 -3.110805 8.178604 -14.697174 25.344914 -6.639629 4.073003 1.450770 22.334354 -6.455515 4.540914 -3.440618 7.509081 -6.952352 8.215386 0.634578 30.774156 -6.306703 14.900418 22.025202 75.487144 -1.960565 15.814305 9.142843 -1.006479 -17.964136 4.480359 -45.275992 -109.947148 -10.444393 -34.403683 -10.591164 157.923477 2.497755 0.767932 34.883685 133.270228 -0.524946 12.675492 7.981226 61.008928 -3.700133 9.875676 -4.679727 -1.952709 -8.896439 3.943322 -11.203755 -49.499184 -27.992756 1.639067 -55.073768 -158.735792 -47.550658 -10.161871 -117.642434 -254.916182 -22.699674 -105.662024 -41.191715 20.359861 1.736966 -64.516070 25.988267 73.078665 -0.869656 -15.032803 -11.679063 135.172380 -11.680237 43.846750 -13.021783 89.223855 -25.008418 24.771758 -35.079431 62.665646 -39.607540 3.326395 -81.057698 94.067442 -29.802265 7.234415 -90.794307 -46.195796 1.552342 -24.498674 -115.801959 -75.750791 -3.792572 -70.594582 7.093307 -147.347720 -1.115600 -25.381339 58.409856 -170.661004 -23.839353 14.318743 20.752015 73.163963 -48.077645 44.119018 -50.453066 215.429905 -29.568973 40.899449 252.481686 532.493929 -25.024028 59.713244 
1680.454188 9222.139705 234.624197 248.409040 -1306.229237 2440.247092 80.195006 -186.829839 -429.547317 802.220360 -28.409907 -191.907509 -273.615779 741.840322 -19.076854 -148.714519 86.072620 631.468115 -15.986532 22.890394 180.627461 99.853867 -53.302673 93.344404 -229.468983 -598.820324 -72.321702 -72.313539 66.455413 1047.732323 -22.788925 62.545327 -60.809968 400.012142 -22.735078 -9.705897 -68.615116 -81.759897 -24.414524 -57.405086 -97.424319 -348.385547 -36.070886 -92.550173 -151.906132 -721.934726 -72.794587 -131.081165 -96.669039 -627.085170 -55.546424 -73.639527 -145.659014 -608.160188 -104.189828 -45.281349 -39.272829 -175.358509 -9.038134 1.035966 3.270406 -45.869656 -13.791781 6.067187 -6.128507 -24.283951 -14.799612 10.678400 -42.921998 -112.534741 -31.839557 5.866085 -63.720590 -222.201178 -48.441919 -0.079278 -15.293848 -234.740460 -27.367667 6.668784 -11.003163 -227.260739 -26.309229 5.879477 -13.767422 -61.547036 -12.199112 31.370983 96.706816 183.048566 2.983293 61.981405 79.356392 82.713397 -1.406515 39.202658 -7.291934 -27.748750 -10.091955 7.665697 -2.708040 -32.238113 -9.868228 8.287139 19.008775 19.746556 3.169243 10.623941 -30.993164 17.371952 -12.216534 3.774691 -259.584889 -1667.800097 -94.498674 -309.260917 209.195388 177.750306 7.903760 93.738955 212.602081 249.760764 6.298362 175.380982 61.271988 155.997271 1.448067 86.090807 15.993776 67.451791 -3.072569 22.559203 5.268034 -9.665646 -28.733369 5.370804 -37.708372 -102.471508 -54.602464 -32.337440 -619.458346 -1912.603561 -64.103127 -592.217682 104.336114 -322.004719 4.484338 -136.458219 132.707555 -7.919345 1.295506 87.450158 131.112029 128.151082 -13.383124 153.018034 90.171003 11.161132 -25.501684 75.745001 15.184803 25.332058 -61.727859 20.652944 -118.606214 82.157535 -69.980104 1.109938 -296.710055 -719.509897 0.315427 -158.579150 -202.777701 -524.639246 2.251709 -109.893480 19.297189 -508.341215 -2.242985 -88.116825 203.512320 -352.410851 -41.343383 -4.864198 141.633201 33.614044 -42.425339 84.069228 -48.317595 219.101775 -32.207428 104.075069 160.781400 1165.544179 44.504056 112.541807 
-40.609734 234.624197 78.817493 -12.943526 -47.300505 86.837695 40.250000 -27.257346 -32.034665 107.399679 17.070248 -26.508264 -17.721534 156.177227 4.613177 -13.153811 3.452938 182.089073 0.000000 13.278466 51.854683 131.653122 0.826905 23.618916 34.562902 15.594123 0.416896 4.093205 22.524793 135.833333 11.940542 1.954316 -9.359963 7.422865 12.827365 -11.536272 -10.339532 -48.516299 3.196281 -17.630165 -15.480946 -78.774793 -0.898301 -21.346878 -17.664371 -76.758264 -2.038338 -16.271350 -7.212351 -36.050275 -0.937098 2.299357 1.124885 -25.444904 0.305785 -0.748852 -1.169881 -7.044307 -0.331267 0.726354 -0.430441 -8.497704 -0.871671 0.073462 -0.242424 -22.212121 -1.839302 -2.852617 -3.671717 -40.808999 -2.226354 -7.655188 -7.009183 -49.775253 -2.058081 -10.027548 -3.710744 -34.573232 -0.861800 -6.666896 -4.311754 -24.165289 -1.885904 -3.984619 -7.777319 -14.744261 -1.653352 -2.253444 -2.667126 -9.606520 -2.004821 -1.617309 0.822314 0.330579 -0.988292 0.864784 0.353306 0.825987 -0.705923 0.845730 -0.608815 0.091598 -0.508264 -0.135675 -0.440771 -2.710744 -0.988292 -0.430441 -0.022039 -7.801194 -2.468549 -0.310606 -17.083104 -88.641185 -4.705693 -15.745409 4.265840 -19.159550 -1.462121 -0.366850 -1.216253 -18.352847 -0.332645 2.278696 -0.590220 -10.044307 -0.282369 0.426079 -0.024334 -3.733242 -0.292241 0.527778 0.099633 5.693756 1.354683 0.156336 9.515840 35.045225 2.927686 -1.635675 -6.494720 -104.292470 -2.070478 -21.455464 17.760560 -22.821625 -0.642332 8.985308 -1.960744 -9.259871 -0.311524 7.260790 -9.051882 3.969927 -1.063361 -1.721074 -4.522498 17.566804 2.090909 -1.190312 3.054867 27.002755 10.588843 -0.172176 31.346189 44.719927 14.449954 2.021120 -3.832645 -56.852158 0.322314 -4.926309 18.496097 -22.783976 -0.202479 10.269513 4.370294 11.053489 -1.020202 8.229109 -18.744490 26.074610 -2.374656 -4.792929 -19.291552 7.525482 7.027319 -10.493572 -2.502984 -16.771350 12.753903 -6.540634 -14.342975 -28.865932 23.480028 1.411616 
200.405010 248.409040 -12.943526 91.966228 -34.007295 -15.293695 -18.997194 30.646720 -12.586216 -172.510458 -12.727222 8.491378 -8.817417 -236.807571 -3.402867 -7.920620 -21.890113 -252.208550 -0.089226 -19.720896 -43.812417 -231.618865 -3.551474 -20.671462 -95.522141 -178.327518 -6.365626 -18.775227 15.831701 -29.580808 -7.631721 25.400418 15.795888 75.502398 -6.929752 27.029283 9.965055 105.352260 -2.520967 29.201612 20.525099 92.494898 -0.219212 22.391236 14.307265 11.322467 -0.501632 8.172686 8.565963 -32.039027 -0.737629 -3.124171 -16.378635 -66.013978 -7.196153 -6.763034 0.826395 -4.616009 -0.123406 1.501224 2.584583 23.802775 0.810376 4.942455 1.862514 62.403479 3.141516 9.959494 5.309203 80.541628 2.753546 18.030150 9.393837 66.602694 0.404040 19.457606 11.942608 44.744669 0.867360 13.154066 13.128354 6.885930 -0.411387 4.289256 -4.376594 6.594480 1.450260 -0.273186 1.477604 14.130803 3.333588 2.235537 2.714468 14.076625 2.503469 0.679727 -0.391950 7.857719 0.519794 1.292674 0.863381 12.333537 -0.019284 3.646669 5.394654 24.195133 2.614580 4.145189 3.980002 23.873533 4.068615 1.143659 -14.530048 -55.027803 -1.591623 -15.499949 -6.880267 -10.479186 0.289001 -15.614682 6.017294 15.388532 0.970462 -0.466993 2.277982 18.905316 1.044281 2.280941 1.804051 14.954086 1.731966 0.636925 1.655596 11.948169 1.635956 0.138914 -1.426844 -2.032242 2.345577 -0.092389 -1.420059 -7.925977 -0.845985 -11.448832 -24.083665 1.098306 0.414805 -20.603306 -8.249872 0.550199 1.589328 -13.505408 0.910927 7.485665 2.018263 5.034384 5.158504 9.694317 1.476431 2.660035 -1.675849 11.453678 -0.943934 0.218345 -12.818488 19.328538 0.080196 0.900010 24.882920 33.847209 -0.409550 15.920824 -11.363483 18.389858 0.888940 7.253444 -27.407305 -2.864249 1.148709 -7.105703 5.484236 -36.195439 0.952964 -10.295735 2.350576 -22.123763 -1.928120 1.934752 -3.995460 -16.059076 3.011070 4.983471 -6.753699 20.978931 -1.966636 3.928732 
-124.854097 -1306.229237 -47.300505 -34.007295 557.517116 -577.145623 -10.240460 85.489618 204.127666 -370.336981 -3.298541 79.503928 53.292088 -471.278339 -11.823513 15.187430 -68.857744 -503.104938 -18.659933 -43.941358 -121.596240 -350.467733 -10.701459 -45.972503 -95.514029 -122.311448 -5.811448 -14.017957 -4.396184 -173.681818 -4.886925 -8.639450 63.881594 -36.198092 -8.893939 34.546577 57.366723 152.314534 -7.569865 68.340348 43.630471 252.336420 -6.944725 90.971661 66.458474 307.834175 -4.777497 80.474186 49.711279 220.285354 -1.951740 32.168911 50.867003 144.870932 2.940516 15.696409 -6.630752 -35.625421 -1.473345 0.148148 0.329686 -7.310325 -1.340909 1.395623 4.436588 47.127385 0.695847 9.839506 16.775533 135.718855 4.988777 37.521886 35.738496 208.686027 7.452020 46.355219 42.904040 186.593996 6.186308 33.903760 66.987093 187.138608 11.714646 15.512626 -13.337262 -12.559484 5.905724 -13.651515 -19.420314 -24.459035 5.201740 -15.169192 -17.788440 -9.701459 1.585578 -6.671437 3.384680 15.423681 3.330247 -0.527497 4.017957 24.308361 2.601010 1.747755 6.340629 23.338384 -0.894220 1.663019 -2.694164 -0.280584 -6.575477 0.048541 55.643659 199.343715 19.199776 12.996914 -49.822110 -16.211279 2.939675 -32.723345 -60.801347 -61.109708 -1.753367 -38.928732 -18.348204 -41.157969 -1.310325 -16.428732 -5.011223 -26.419192 -3.246072 -3.796577 -7.630752 -27.384400 -7.891975 -0.515432 -28.882997 -40.758979 -15.223064 0.230920 106.794893 326.801908 11.303311 48.684624 -24.622615 101.436308 0.068462 20.181818 -50.506453 12.528620 -1.459877 -11.723345 -36.368687 -63.976150 -0.766554 -21.663580 -12.097082 -84.417789 -2.821549 -9.222503 -10.477273 -89.268238 -6.659652 -1.487654 -60.930976 -95.078563 -7.649832 -5.925365 105.426768 203.301908 -1.373737 24.499719 16.904882 194.512065 -2.323793 1.540404 -8.178732 200.953704 -3.484287 5.809203 4.332492 158.950337 0.578002 19.591470 16.588103 123.495230 0.651235 20.535915 -10.875701 165.998316 -7.546016 -6.143939 -25.901235 93.721661 -15.369529 -20.334736 
57.979492 2440.247092 86.837695 -15.293695 -577.145623 1961.130624 36.015993 -94.174855 -280.664294 1450.330655 -10.032446 -37.754056 -50.484160 1341.119988 -11.627564 84.267065 77.473140 1114.486379 -2.752525 151.189241 133.977579 578.308004 -6.585552 110.458984 -99.514539 -11.708907 -26.613407 -7.102081 -255.588001 -360.328283 -25.116697 -51.875650 -105.947505 -438.858280 -31.667585 -86.128864 -105.065121 -644.327747 -37.318871 -105.520738 -100.662764 -652.636746 -24.957224 -90.540481 -95.889960 -537.672406 -17.661234 -50.778084 -91.363866 -341.166437 -20.423630 -18.805020 -159.213499 -336.882614 -62.236302 -27.801041 -42.370217 -198.382691 -7.768978 -7.516070 -10.206535 -195.363024 -11.008035 -18.876033 -13.109428 -293.430976 -10.802265 -36.076523 -40.067340 -413.415060 -12.941843 -71.352158 -67.192684 -433.441919 -27.426768 -76.815427 -66.230946 -356.369529 -26.474594 -57.771273 -116.148454 -299.592899 -35.032369 -26.348255 72.579584 157.158096 -0.895776 33.817264 46.506275 52.975972 0.360499 26.847337 27.704469 -0.445516 1.821472 7.615626 -6.272957 -45.776706 -4.833869 -4.302418 -7.014539 -55.102005 -4.775941 -11.975742 -19.378482 -71.023875 -0.870447 -12.317646 -54.892409 -34.163147 -7.278313 -2.218013 43.054943 -25.753979 -12.813437 66.040787 53.632844 56.527319 -1.771886 84.801500 67.985767 74.754897 2.712810 56.987450 28.635369 50.842899 4.195745 21.084328 7.073309 32.231405 5.961968 1.787037 -0.959290 4.252678 -0.849021 -0.564203 -35.938705 -17.673630 -18.845041 -2.309076 -77.284282 -133.927150 -6.122666 12.896388 -23.579507 52.030227 0.694368 49.086318 44.194138 101.856290 2.447735 30.621059 49.352158 151.261172 -0.034741 33.720003 29.514539 113.179599 -10.378788 14.892179 17.660927 67.652586 -33.296679 6.369911 45.522957 84.610499 -4.731864 10.825834 -44.226584 -103.734313 0.069789 -6.687251 -64.665519 -90.684650 4.518059 -13.392103 23.573998 -95.598026 5.653199 -29.121059 43.583792 -44.157713 -17.398225 -2.074074 -10.406030 49.660162 -38.890190 24.902051 -41.077058 175.556933 -19.818488 27.873508 229.306856 549.253597 49.318411 41.551347 
-103.000561 80.195006 40.250000 -18.997194 -10.240460 36.015993 55.456510 -27.874018 -12.887486 98.885241 30.777217 -27.445567 -15.470539 169.322671 7.080527 -12.878227 16.248316 195.581930 3.764310 12.023288 47.247194 166.825196 5.303591 19.411336 59.602132 84.006734 2.557239 9.300224 12.709877 118.863636 10.643378 -2.801066 -7.901235 2.766554 13.823232 -11.534231 -8.254489 -59.291526 5.894781 -18.412177 -11.167508 -86.683782 0.176487 -23.321268 -11.677890 -76.812290 1.197250 -18.758137 -9.723064 -45.416667 1.578563 -1.124018 4.286195 -23.124018 2.238496 -0.470258 0.116723 0.536195 -0.180415 -0.569024 -0.498597 -10.502245 -0.527778 -1.468013 -1.098765 -23.781706 -1.299102 -3.246352 -2.976992 -36.695286 -1.698092 -7.291246 -5.786756 -42.263468 -0.664141 -10.245791 -8.303030 -37.395903 -0.727834 -8.207351 -12.568462 -25.118967 0.138889 -4.401515 0.228395 -19.357464 -0.523569 -2.464646 -1.263749 -10.085297 -0.863917 -3.411616 -3.748036 -8.933782 -0.874018 -1.949214 -0.973906 -5.343996 -0.624299 -0.699214 -0.638608 -5.807800 -0.449495 -0.923962 -1.876543 -8.500000 -0.798260 -1.023850 -1.971942 -8.669473 -1.434063 -0.274691 -10.270483 -64.388608 -1.699214 -9.902076 5.198092 -13.827441 -0.646184 3.044332 -8.801347 -25.549102 -0.374579 -2.070146 -3.828002 -17.011504 -0.249719 -4.479237 -0.920314 -9.015152 -0.655163 -1.741021 -0.645903 -3.773288 0.512065 -0.424523 3.056397 10.230920 2.741582 -0.198373 -16.230359 -58.435466 -0.388608 -5.724467 15.937991 -17.437430 -0.875982 14.247475 -5.930696 -13.026936 -0.742705 9.014029 -9.666667 -17.567059 -1.155443 -5.911055 -4.647587 -17.028900 -0.028620 -5.752806 -2.669192 -4.172278 5.703984 -2.805836 8.801347 11.012346 6.319865 0.776655 -3.229798 -30.349607 0.954545 -0.015432 19.980640 10.143378 -0.212682 13.045455 11.210157 39.807239 -1.262065 11.970819 -15.980640 61.945286 -1.805836 0.020763 -16.871493 49.030584 4.787598 -9.585297 -7.572671 24.892256 7.681257 -10.436869 -13.264871 16.706510 19.660774 -5.854938 
95.991685 -186.829839 -27.257346 30.646720 85.489618 -94.174855 -27.874018 77.391618 39.175977 -173.733114 -17.970666 51.113305 3.129400 -255.600602 -7.772294 6.299867 -26.933808 -310.391083 -5.557239 -19.997424 -57.809025 -272.052163 -5.648250 -29.166463 -103.948016 -166.721610 -7.638965 -20.674727 -10.650801 -117.055556 -8.222044 5.258213 16.620549 -7.611213 -10.279155 24.271911 15.050326 80.799485 -5.139501 38.899168 31.732706 125.952989 2.005943 46.513494 36.560963 98.062519 5.316371 32.107846 13.067417 12.622819 0.651311 0.147128 -13.321090 -39.229364 -6.353892 -7.714468 -0.842924 -11.343817 0.539154 0.552495 0.678273 11.575554 3.014463 1.684267 1.460718 43.359147 7.932405 5.905979 9.953423 75.734313 10.212937 17.563514 15.703959 96.430135 6.345960 22.189317 18.580349 69.813412 1.903989 14.226788 17.722885 28.152178 0.879477 2.451102 -3.506326 30.452352 5.758188 -3.304408 -5.140139 21.944036 9.063335 -1.821166 -3.504183 17.387562 6.300250 -0.563795 1.722299 12.824559 3.000179 0.504846 2.014947 12.473396 0.780533 1.629961 4.006632 14.974288 0.153785 1.718677 1.329456 1.625089 -1.816320 0.318462 7.848689 105.061091 4.796398 11.016707 -18.184012 23.329278 1.839787 -5.815988 -10.793235 7.776987 -0.118075 -5.490766 -2.647817 1.983344 -0.371646 -1.519692 0.157382 -0.168044 0.499209 0.203984 -1.365422 4.388838 0.747653 0.140929 -2.761172 12.493904 0.623431 2.707402 10.756377 86.199622 1.066141 18.426793 -14.246225 40.776120 1.103561 6.821396 -10.088282 13.808846 0.052775 0.355270 -3.095500 12.355703 1.875217 2.020942 3.139935 13.911514 3.740741 2.249745 -1.025023 7.491225 5.149398 2.063565 19.268442 24.480002 16.981328 3.036170 7.014922 9.933323 -0.678145 8.774538 -8.288261 0.317442 -0.899959 -1.552801 -9.768774 6.504056 -0.123457 -2.956280 4.791934 -15.066957 3.843179 1.315937 8.894603 -21.438909 3.571141 11.658912 3.557673 -4.392715 4.951280 7.786272 8.981890 -9.584532 -1.924319 2.811167 
-62.946944 -429.547317 -32.034665 -12.586216 204.127666 -280.664294 -12.887486 39.175977 265.896057 -301.406974 2.862973 90.612080 81.194597 -345.531885 -5.027880 30.003418 -50.729033 -384.379757 -11.239057 -36.863203 -86.365345 -314.219901 -8.603561 -31.685134 -106.651566 -193.626110 -5.822620 -15.765483 7.233344 -16.823232 2.300760 -6.536246 30.764565 29.524385 -0.322314 15.897102 38.168937 125.615065 0.118534 40.189649 37.746939 222.457734 -1.390139 63.552826 52.429803 272.982170 -0.678273 65.775278 55.973294 192.348255 2.407356 36.851597 42.841445 116.797878 3.610601 24.586114 -0.864351 -3.307545 0.207810 -0.662381 0.387792 -0.011836 0.472681 -0.267065 3.590348 27.542649 1.574431 3.344761 12.207632 81.777013 5.244312 15.315121 22.167993 144.137205 9.148990 26.869299 28.427916 141.261223 7.274819 23.186537 52.679880 138.457657 10.603076 18.807851 -13.710336 -37.753495 1.166820 -7.983930 -8.420977 -14.503469 2.186078 -9.534206 -1.500204 -1.511274 0.962478 -2.879375 3.133226 12.915315 3.083588 -0.067391 2.861902 12.701893 3.094123 0.954418 5.414958 14.271350 1.770559 1.271630 1.552903 18.426895 2.302444 0.347082 29.592644 51.313463 13.155749 -3.548643 -11.591878 -27.212504 0.785915 -22.903071 -16.032905 -39.401923 -0.562978 -19.181614 -4.202148 -24.549408 0.338486 -8.647179 -2.119325 -13.029385 -0.912024 -2.514871 -4.234874 -13.583767 -3.078028 -0.131645 -18.483854 -26.280354 -3.298056 -4.483293 71.210769 120.911438 11.909423 20.461075 5.635624 30.744745 1.597439 4.918733 -1.895597 -25.733395 0.215004 -6.364044 2.466024 -90.013136 -0.459647 -7.363662 -1.797929 -100.468039 -0.496633 -7.360754 -7.044766 -73.049332 -3.286935 -4.343536 -52.910162 -55.276043 -4.330425 -9.887001 66.004362 46.026681 0.980716 12.844939 19.934879 106.232349 0.620549 -1.562443 20.721738 114.394322 0.258698 3.151923 39.697352 114.876569 6.894297 20.132435 27.710183 104.697301 12.406464 5.989644 10.155622 54.707377 -4.982298 1.187098 -74.403938 20.915315 -14.572620 -19.267957 
-951.780278 802.220360 107.399679 -172.510458 -370.336981 1450.330655 98.885241 -173.733114 -301.406974 2132.572824 36.171054 -127.413172 -38.366009 2319.619631 1.724645 61.841802 200.776018 2160.509132 21.760943 224.268110 335.983139 1482.724543 30.037853 179.229007 241.499949 670.419345 18.606673 93.577951 -326.973727 -461.121212 -8.078028 -96.420085 -165.220284 -754.349352 -12.968779 -162.082696 -147.502780 -1060.203117 -30.300658 -214.103280 -149.838919 -1067.749337 -18.511351 -223.411820 -145.428783 -700.654193 7.195465 -166.623712 -115.733777 -313.606290 6.265942 -49.486787 -69.072697 -49.656668 5.570197 -6.944189 -45.233037 -183.868151 -8.756836 -10.243189 -17.172814 -258.345169 -15.830349 -29.393327 -16.253086 -466.078563 -23.299306 -64.246148 -41.893378 -628.818947 -12.871850 -132.538414 -92.453219 -648.716330 -7.315657 -151.716560 -128.779155 -530.163019 -12.462555 -110.303362 -170.244363 -325.552444 -21.977732 -48.000230 39.107846 27.322263 -7.626110 19.904959 30.750740 -26.149934 -14.076548 14.132461 13.979594 -46.016325 -7.067825 1.155979 -5.225360 -53.751352 -4.078028 -8.304765 -8.481532 -78.419319 -0.931129 -19.181946 -33.155749 -129.046832 -5.542572 -20.546551 -67.674370 -90.497347 -16.485435 -4.915544 63.496684 174.404372 -0.647281 84.431155 29.211152 -25.389272 -5.678732 65.076727 25.765075 -7.452428 1.517830 28.000204 14.328155 0.708168 2.611213 7.585144 5.385726 10.298898 4.380905 -1.206790 0.083308 9.618253 0.341164 -1.778109 -23.473753 32.118636 -23.616238 8.375293 103.554204 186.764973 6.505382 107.759055 8.337644 56.042725 -3.276298 70.539945 3.397332 69.887818 -0.360754 1.236966 9.657943 107.517167 1.691868 -14.479823 11.328334 90.658224 -5.885522 -5.618330 38.278466 73.622385 -18.696026 1.858484 155.135292 87.244159 -15.017294 4.809968 33.342746 57.107489 -1.741506 23.461101 38.197505 109.787904 2.767014 46.462810 -16.667151 152.273110 -1.079686 -2.979390 -70.454163 194.285660 -23.742067 -23.397868 -80.810019 137.091241 -25.886466 -27.995205 -16.359530 133.894245 -5.381288 -16.641185 266.166769 201.046628 65.073845 -6.030584 
-103.908734 -28.409907 17.070248 -12.727222 -3.298541 -10.032446 30.777217 -17.970666 2.862973 36.171054 36.223038 -23.294511 -6.856443 100.109173 13.458168 -13.543057 13.071319 138.799561 6.284512 1.223243 43.572033 132.143608 7.378431 9.741455 55.933629 55.749617 4.463116 6.904449 12.943577 96.535354 9.463167 -1.850883 -4.301143 17.548464 11.820937 -7.682992 -3.892460 -27.828487 7.108968 -12.834813 -6.174166 -55.324049 2.164320 -17.422049 -7.629222 -52.507193 2.807214 -16.524895 -9.606214 -36.993113 3.354505 -4.941282 -1.871289 -27.950923 1.846393 -2.925722 2.262728 10.073156 0.379043 -0.354148 -0.131517 -2.130344 0.294307 -0.930823 -0.704826 -12.473625 -0.321600 -2.082441 -2.022447 -21.535966 -0.923069 -4.699418 -4.304663 -26.523569 -0.136364 -6.991429 -6.509183 -26.928732 -0.288899 -6.125855 -10.198857 -22.436231 0.195592 -3.255739 0.646210 -18.422661 -0.391797 -2.512397 -0.560351 -8.361698 -0.581777 -2.635445 -2.518008 -5.875013 -0.560657 -1.285991 -0.624732 -2.922967 -0.400469 -0.448526 -0.377819 -2.229058 -0.136823 -0.592695 -1.089583 -2.867769 0.348434 -0.656770 0.871952 2.259361 1.976635 -0.176207 -10.702989 -43.990307 -0.582134 -10.468881 5.648046 -15.929599 -0.436588 -1.991480 -5.470768 -17.076421 -0.038261 -2.774921 -2.092695 -9.045250 0.344863 -3.474645 -0.322059 -1.800275 0.261963 -1.177890 0.413784 1.226252 1.953066 -0.272319 0.059382 3.706356 4.180747 0.910672 0.243700 -38.159065 -0.293337 -6.711611 14.696715 -10.401847 -0.413631 2.730946 -4.593919 -5.706918 0.075707 2.554892 -3.596878 -10.456637 0.383124 -4.515509 0.197684 -7.456586 0.951178 -3.924293 -3.177227 3.349760 3.770789 -2.218600 -6.444291 14.640445 1.071013 2.758749 20.869146 -7.197174 1.275482 4.824100 9.547903 16.424600 0.435160 7.797521 3.306346 31.399296 0.253086 2.586522 -7.646159 34.428528 2.055505 -1.418631 -9.815019 19.408683 6.049077 -7.503571 -6.164728 2.473982 4.995307 -7.688705 -19.594531 0.940669 12.670187 -3.786756 
26.995205 -191.907509 -26.508264 8.491378 79.503928 -37.754056 -27.445567 51.113305 90.612080 -127.413172 -23.294511 96.019794 40.754056 -237.783491 -11.122232 63.251352 -35.265075 -343.701612 -10.537037 6.171003 -90.355474 -335.436384 -8.929548 -22.704877 -143.106571 -217.276247 -9.756504 -22.710387 -34.015049 -145.893939 -8.977247 -4.882665 7.211305 -51.473319 -11.394858 11.647791 8.962096 32.478931 -6.723753 36.275278 23.191613 108.334915 -1.265024 60.321192 31.752576 123.271197 1.242526 64.086114 17.884451 54.851240 -0.699163 23.697786 -8.504744 -4.415162 -6.717223 5.997500 -4.749566 -23.146159 0.320529 -0.628864 -0.617029 -5.971891 2.514692 -0.756504 1.130752 12.684063 7.123100 1.200133 9.753086 37.871136 9.549179 9.166361 14.301143 71.548822 7.186869 16.824304 15.107438 69.491021 3.278492 14.638098 18.116978 47.056372 1.495409 5.745179 -11.482145 19.475156 4.471227 -2.263545 -3.694623 13.631976 7.694113 -2.862259 3.134323 15.887256 5.852056 0.569891 3.554484 12.799612 3.820733 0.220029 2.245281 7.852260 1.804867 -0.031578 2.144526 4.688246 -0.349964 0.105193 -2.263902 -3.655290 -2.788695 0.031425 1.446638 123.998265 5.981737 31.240843 -21.888481 8.228497 0.803591 0.721814 -7.995715 -5.004081 -0.513621 -4.745434 -1.925518 -1.913274 -0.453525 0.033262 -1.410417 -0.384757 -0.049536 0.583614 -3.106316 -0.307367 -0.053005 0.436078 -2.995103 14.711611 1.145699 0.167075 15.693552 123.493164 3.281094 43.257219 -22.608407 47.836343 0.949138 26.303489 -11.698398 10.827671 -0.572187 4.622181 -1.814509 -9.722273 0.130803 2.863381 0.101520 -7.973319 2.690236 2.715692 -2.806244 0.784461 5.842771 2.478778 5.443832 16.567850 19.998776 -0.662943 -3.102847 -9.051372 -1.490817 4.242322 3.909397 -1.716917 -0.971278 1.527089 -3.110907 3.114937 -0.928171 5.645495 14.109887 -2.880777 3.791450 10.703143 18.510917 -12.744159 7.615141 12.734823 12.798643 -16.956535 5.535609 8.795225 -27.034333 -39.084226 0.243496 -0.204826 
-85.939088 -273.615779 -17.721534 -8.817417 53.292088 -50.484160 -15.470539 3.129400 81.194597 -38.366009 -6.856443 40.754056 186.474059 -187.973523 1.319483 84.338996 71.380395 -303.057086 2.525253 37.492577 -29.331114 -329.282752 -2.848791 -14.726661 -139.929905 -264.033517 -10.937098 -24.897919 6.936486 -24.843434 1.748010 -4.326370 3.861647 -1.439700 4.647383 -4.366085 12.272192 23.125727 2.738062 8.116697 28.688017 78.778160 4.255204 30.500077 41.395011 158.485537 11.853153 60.267983 48.363866 119.893710 5.075145 47.628252 14.971074 49.054331 -3.602081 23.164677 0.117692 14.256428 1.465947 -0.983930 -1.833869 -0.323845 0.997934 -2.447199 0.483165 -12.801347 -1.298745 -3.135598 2.319865 1.112029 1.643863 -2.168044 5.627028 41.351010 3.845960 9.739669 17.251148 70.793771 3.237221 13.725819 26.133303 78.587848 5.471763 10.494720 -31.675543 -55.612642 0.471534 -6.125344 -6.819406 -18.420416 -3.001913 -6.226125 2.881390 -5.791858 -1.720462 -1.307545 0.742654 -2.192991 0.182354 -0.636976 0.413529 -4.211126 0.720386 -0.872743 0.070401 -3.986226 -0.043695 -0.702556 3.968167 4.491429 2.379324 -0.125421 -10.625650 13.329737 9.954852 0.560223 3.003520 -22.896006 -1.283670 -6.872207 -0.112029 -34.855908 -0.738062 -6.694521 -2.094965 -20.383303 -0.306856 -1.639884 -1.305632 -7.286961 0.320860 -0.590067 -1.060912 -3.444597 3.621748 0.084405 6.620523 1.779691 2.794536 0.107055 37.132767 98.068564 3.925696 29.229875 11.801729 38.712198 0.381390 25.398531 4.108892 8.557851 -0.831573 2.681971 0.193297 -19.266223 0.908479 -4.457377 1.833946 -25.770508 4.848485 -2.180058 -3.378099 -18.016223 7.160315 -2.122436 -25.654270 -12.054943 9.216713 -1.027854 12.403352 20.613101 0.834252 9.182201 6.195822 10.669498 -0.255433 9.139578 8.527013 39.486915 -0.067340 6.434190 10.971763 38.677916 6.322467 10.356902 11.198959 5.753979 9.334634 7.709060 14.289180 -19.647842 7.656872 -3.570478 -42.412917 -51.430364 -13.419421 -13.490741 
-1277.309560 741.840322 156.177227 -236.807571 -471.278339 1341.119988 169.322671 -255.600602 -345.531885 2319.619631 100.109173 -237.783491 -187.973523 3037.243240 25.566524 -96.198245 203.475819 3203.965310 39.178451 170.813233 546.826395 2444.784563 55.152995 239.278186 648.109019 1285.763851 45.929140 169.625293 -283.336955 -157.924242 16.757933 -108.907816 -193.072033 -684.040608 18.098255 -198.789511 -173.409448 -1132.300020 -2.748699 -293.433986 -216.160851 -1255.730385 -8.169932 -355.457861 -228.893225 -886.177992 3.759004 -303.996429 -164.203551 -339.234160 13.519794 -102.559280 17.544689 78.258443 31.761912 -10.166310 -26.044434 -98.197735 -5.785328 -10.415213 -16.769717 -240.828691 -13.718549 -31.181971 -18.654321 -504.963524 -26.256402 -74.233497 -52.668911 -737.531374 -20.695337 -164.802265 -119.374911 -820.553872 -9.818182 -205.318335 -171.101928 -685.863075 -13.045557 -153.778747 -211.493623 -409.685542 -23.943067 -68.052342 61.648964 -16.559943 -15.412917 18.376033 35.553056 -61.071523 -22.075349 13.473829 14.400724 -65.654168 -13.434854 0.463320 -6.979645 -64.850883 -6.933986 -8.838792 -10.278186 -89.921896 -1.428834 -22.825936 -37.082696 -148.450413 -5.030813 -24.931334 -51.724926 -82.522549 -5.622539 -6.196409 37.985257 -34.625293 -17.488011 20.169779 50.061269 -71.205081 -6.487093 40.029640 27.868075 -17.637945 1.885063 30.877053 18.451842 -14.028262 3.246607 6.571727 7.531936 2.315427 4.185287 -2.243547 7.592389 14.908989 4.096317 -1.884808 -4.254668 28.093868 -10.702632 8.727936 94.563259 34.636619 0.268646 37.671768 43.164116 -42.356851 -4.808030 8.354913 10.444649 12.865167 0.166157 -7.360167 25.314050 86.549791 4.199929 -27.094480 8.057647 124.474543 -2.493266 -16.096470 48.475207 110.876390 -10.771911 -0.504183 165.486379 74.404449 -50.567646 10.137996 94.661157 127.886848 -1.730028 25.059178 48.287114 208.498521 4.144526 49.111570 -29.345628 230.609122 0.328844 -17.604479 -103.345424 268.153964 -16.030813 -49.009540 -101.599684 161.122181 -14.645597 -72.303387 -30.031119 128.381237 -16.415621 -27.735537 278.968830 261.320835 64.691766 -7.382716 
-44.729160 -19.076854 4.613177 -3.402867 -11.823513 -11.627564 7.080527 -7.772294 -5.027880 1.724645 13.458168 -11.122232 1.319483 25.566524 14.247449 -8.853943 9.011555 58.374758 7.483165 -3.640674 23.538083 66.957020 4.855423 -1.300071 38.387614 36.074533 3.990052 -0.965361 12.237629 50.040404 4.842235 -0.047572 -1.603051 22.523773 6.467401 -3.026987 -1.660417 7.240256 4.624962 -5.395138 -1.841674 -12.480895 3.908147 -7.997526 -2.997347 -19.561907 2.714902 -9.441282 -5.945439 -19.419881 1.163708 -6.538363 -5.372972 -14.906591 -0.563259 -4.215845 1.992246 11.543695 0.877079 -0.044383 -0.300148 4.138455 1.089761 -0.307928 -0.322110 -2.741863 0.492093 -0.951689 -1.117284 -9.539333 -0.286144 -2.121977 -2.391083 -14.519360 -0.684343 -3.095807 -3.994031 -15.171437 -0.775992 -2.720411 -5.765636 -13.826242 -1.120064 -1.556244 -5.606877 -13.933323 -0.794154 -1.860882 -1.423426 -5.137231 -0.428859 -1.208678 -0.393990 -1.690950 -0.165315 -0.211637 -0.285507 -1.364606 -0.183017 -0.114070 -0.204979 -1.134502 -0.071166 -0.270865 -0.565453 -1.342516 0.289231 -0.300148 3.469034 3.738037 2.525737 -0.080527 -13.663708 -21.390700 -1.242628 -4.306984 -0.610091 -7.241889 -0.266274 -2.001020 -0.832721 -5.290506 0.289180 0.045506 -0.695108 -3.386721 0.128813 -0.805734 0.082543 1.250230 0.315555 -0.109147 1.214009 2.648250 2.160417 -0.033542 3.832951 4.157816 3.816269 0.806576 -3.816626 -19.360524 -0.436154 -2.341802 5.410800 -3.441970 -0.195337 -0.107438 0.125217 -2.784359 0.006402 2.070605 -0.702938 -1.550633 0.539129 -1.717809 0.809356 1.738420 1.962963 -1.311779 -0.119146 3.791960 4.008443 -0.573258 -3.127793 0.563565 -0.129324 2.350219 5.518136 -11.757219 0.664371 2.992169 1.265917 -0.282191 0.175339 3.928834 1.477783 6.731788 0.103816 0.671819 -2.682354 8.414218 2.114988 -1.022447 -2.270687 -3.294740 4.893914 -3.410417 -1.498342 -8.411540 1.917304 -2.463958 -10.467146 -4.899959 0.411769 0.331369 
-60.924140 -148.714519 -13.153811 -7.920620 15.187430 84.267065 -12.878227 6.299867 30.003418 61.841802 -13.543057 63.251352 84.338996 -96.198245 -8.853943 126.033874 18.301041 -257.019029 -5.183502 75.269411 -61.648250 -310.258392 -5.186971 -3.583971 -155.752729 -255.671105 -9.982400 -22.885165 -46.692888 -154.818182 -7.625242 -8.347005 -10.007397 -102.791348 -8.632691 -6.315631 -7.753546 -76.772064 -6.480410 8.708091 5.270585 -20.052903 -2.267626 42.095143 20.880828 43.368075 4.822263 68.995052 18.362871 9.711203 1.796092 36.431640 -22.225130 -52.889297 -6.416182 3.915162 -6.144271 -24.841292 -0.163708 -0.982859 -1.610448 -16.602898 0.855372 -2.234925 -0.623457 -21.440516 3.368432 -3.752270 2.441639 -19.023263 5.058055 -4.532446 3.540659 6.468013 4.297980 2.643863 6.317723 20.054994 2.321498 5.877461 1.229619 7.017498 0.397153 0.903122 -15.139323 4.400163 2.061218 0.544077 -1.971789 4.294205 3.471585 -0.894399 3.660800 8.101367 3.294358 1.179471 1.750077 3.575400 1.900010 -0.198857 0.412254 -3.864147 0.618916 -1.111621 -1.426028 -9.172176 -1.311703 -1.105397 -5.505561 -14.095449 -4.340731 -0.328844 -14.038516 117.693246 6.799765 53.234721 -15.069534 -8.213652 -0.649270 16.418019 -2.207377 -16.153148 -0.630701 -1.009285 -1.692429 -3.909754 -0.565248 0.815325 -1.921743 5.887511 0.816549 0.501122 -3.247577 10.594225 3.854556 0.271401 5.741353 42.100806 7.095654 1.294103 -4.929650 107.999286 4.319508 63.228140 -15.124171 35.660800 0.298847 47.356749 -10.339965 19.627028 -0.882410 7.038772 -6.267218 10.533313 -0.853739 0.105959 -2.908887 2.794511 3.836700 1.056984 -3.416437 15.817825 10.619937 0.656158 21.460361 52.451383 32.021732 -0.285379 -22.730028 -31.837721 -0.935721 4.495919 17.779920 -32.307979 -1.048107 13.437098 -0.072646 -7.655035 -1.202581 11.673350 -1.619682 -10.983624 2.127691 7.292368 5.532650 -25.594633 9.191511 5.084838 22.688144 -46.428069 15.454647 -1.413223 -24.292521 -101.328640 9.290328 -3.895062 
-115.124732 86.072620 3.452938 -21.890113 -68.857744 77.473140 16.248316 -26.933808 -50.729033 200.776018 13.071319 -35.265075 71.380395 203.475819 9.011555 18.301041 250.659550 0.239822 23.237374 86.558846 109.455540 -208.317799 9.579278 11.548515 -109.609122 -198.031221 -11.938017 -17.514845 8.748087 90.707071 8.497628 -5.581344 -16.939241 -6.496480 11.696511 -21.239516 -12.997628 -60.401668 6.730716 -32.663988 7.051194 -76.447582 9.745715 -31.726890 36.394245 -13.334940 21.836471 -11.503520 18.213269 -17.203168 11.310070 9.676615 -3.594123 -37.930364 -2.338690 -1.206918 1.002602 27.317493 1.814585 -0.500459 -2.608739 -5.144475 1.737144 -2.887511 -2.114478 -44.976431 -0.776553 -8.319406 -3.249158 -65.465106 0.956688 -17.794766 -7.814356 -56.830808 2.896465 -18.685491 -10.128099 -34.566498 0.150750 -11.577977 -15.434496 -9.687022 1.010331 -4.066804 -23.104989 -41.149066 -2.440312 0.782369 -6.097031 -6.980869 -3.630777 2.823921 -0.047597 -4.252219 -1.435644 1.265305 -1.256428 -8.661922 -1.062978 -0.957606 -1.225283 -12.899066 -0.600092 -2.641491 -3.602541 -18.183655 -0.885139 -2.861264 0.765075 -4.633762 1.452173 -0.692761 -21.370676 -40.467478 -1.973217 -13.092822 2.633762 16.307851 -2.625421 12.300582 5.096419 2.316422 0.117769 10.507193 1.075681 2.048133 -0.069636 3.901592 1.027395 15.837925 1.346725 1.307239 5.584328 29.999235 8.967325 0.139195 32.582415 60.600474 16.235308 5.302954 19.037573 2.529691 -1.492730 4.528160 34.220768 8.409474 -1.699112 15.709826 13.286884 20.243802 -1.132614 3.571472 6.845271 35.805249 2.274717 -0.993955 13.917202 51.132308 8.000000 0.034053 16.619605 53.994643 15.463193 0.140343 49.410468 50.200031 23.336088 8.118304 -4.351928 -32.449648 -1.939853 7.825145 11.580119 -51.743419 -0.282216 0.202938 19.417891 -14.620983 -2.230640 -5.763391 -1.454316 -27.029614 3.273952 -0.488215 -10.015305 -78.735155 12.784282 -4.333486 22.274181 -100.183655 10.304561 -5.988751 1.632384 -103.823538 2.928145 -5.989057 
-1377.399245 631.468115 182.089073 -252.208550 -503.104938 1114.486379 195.581930 -310.391083 -384.379757 2160.509132 138.799561 -343.701612 -303.057086 3203.965310 58.374758 -257.019029 0.239822 4137.666259 47.345118 -18.524538 687.198908 3697.638404 75.414396 251.154372 1172.268187 2115.660086 82.463575 251.962912 -199.838486 90.863636 36.845934 -102.122385 -182.989083 -521.056984 42.127181 -196.112438 -161.623712 -1028.483981 18.405571 -315.179318 -256.797674 -1249.218753 -0.921845 -434.977757 -339.010152 -933.963116 -12.298082 -445.606316 -208.111723 -254.245179 9.042598 -164.369503 111.211815 341.960616 52.540455 14.553005 -9.351444 -24.480104 -2.431640 -10.239822 -13.983981 -195.654372 -9.913682 -28.677839 -19.984287 -457.936588 -25.501888 -69.139527 -62.702581 -716.780227 -29.210795 -161.373431 -135.124375 -861.760943 -20.994949 -219.162687 -197.061983 -741.900112 -18.399704 -170.001735 -220.531119 -412.298796 -24.182277 -67.987603 90.941741 5.898582 -16.006581 15.955464 41.740078 -60.844098 -23.992093 15.044077 12.335374 -68.644832 -16.579329 0.374554 -9.973676 -77.173350 -10.159116 -8.745281 -12.129119 -96.483573 -3.612948 -22.089634 -39.381900 -146.713499 -3.347005 -24.084991 -33.407816 -58.819457 7.217988 -5.637486 10.841241 -275.437659 -23.971636 -83.109530 87.024844 -114.677992 -3.253086 -19.767269 47.758341 -13.985818 2.978268 21.114121 20.814407 -3.652382 3.685848 6.946536 10.627589 -6.357668 2.453576 0.052750 11.944700 -25.672431 -1.462147 -1.415876 -31.307928 -101.504540 -26.317417 2.676360 42.730691 -178.962861 -1.907356 -102.918835 36.330630 -144.280788 -2.706714 -113.813590 9.885267 -54.181206 0.769156 -22.228242 21.127640 20.681869 2.207581 -32.221967 -0.813641 55.958168 -11.225589 -14.634884 25.488062 20.821600 -33.034690 1.031323 49.394552 -122.527446 -134.337159 2.698296 178.734160 362.187736 6.369605 20.767779 -30.141720 373.292674 6.880369 26.382002 -97.030507 291.066881 8.109989 -38.564687 -113.766452 335.820171 -11.841955 -65.773850 -100.616978 248.330017 -30.433323 -81.143914 -79.505714 254.643404 -50.975003 -22.487144 284.069687 454.781196 38.721151 -8.259820 
-52.503367 -15.986532 0.000000 -0.089226 -18.659933 -2.752525 3.764310 -5.557239 -11.239057 21.760943 6.284512 -10.537037 2.525253 39.178451 7.483165 -5.183502 23.237374 47.345118 17.161616 -4.016835 33.644781 31.577441 11.245791 -8.107744 21.814815 4.560606 -0.116162 -3.188552 8.052189 32.075758 3.395623 -1.957912 -3.200337 8.599327 4.398990 -3.457912 -1.264310 -5.915825 4.454545 -5.988215 2.166667 -17.809764 4.316498 -8.670034 0.170034 -21.797980 6.749158 -12.599327 -8.863636 -28.838384 2.986532 -11.254209 -10.075758 -24.239057 -2.094276 -6.402357 4.195286 20.772727 1.089226 -0.111111 -0.102694 6.754209 1.540404 -0.414141 -0.370370 -1.659933 0.973064 -1.094276 -0.659933 -9.287879 0.452862 -2.434343 -2.124579 -15.914141 -0.035354 -3.757576 -4.696970 -18.436027 -0.781145 -3.436027 -6.734007 -16.127946 -1.287879 -1.893939 0.638047 -6.720539 -0.636364 -0.752525 -0.547138 -4.299663 -0.537037 -1.151515 -0.786195 -2.335017 -0.234007 -0.432660 -0.328283 -1.043771 -0.210438 -0.175084 -0.235690 0.218855 0.075758 -0.311448 -0.597643 0.858586 1.175084 -0.345118 5.234007 11.988215 5.446128 -0.092593 4.558923 -20.513468 -0.286195 -4.139731 2.031987 -12.762626 -0.372054 -3.840067 0.010101 -7.885522 0.388889 -2.213805 0.471380 -2.109428 0.673401 -1.496633 0.882155 4.651515 1.710438 -0.345118 2.664983 10.021886 5.274411 -0.082492 8.681818 16.521886 9.156566 1.632997 7.845118 -5.774411 0.749158 0.203704 5.683502 -6.902357 -0.018519 -3.631313 -1.604377 -4.686869 0.755892 -3.289562 0.393939 -2.432660 1.678451 -4.531987 3.240741 -0.466330 3.676768 -2.097643 2.530303 -0.639731 4.617845 -1.016835 0.732323 -2.375421 1.358586 0.028620 15.651515 16.180135 0.227273 4.957912 5.989899 21.653199 1.047138 4.727273 -2.350168 18.888889 1.260943 0.910774 -4.106061 11.843434 2.755892 -5.234007 -2.764310 -7.028620 3.326599 -6.314815 1.922559 -17.954545 1.102694 -4.373737 -12.614478 -18.291246 -0.994949 -4.149832 
-89.445261 22.890394 13.278466 -19.720896 -43.941358 151.189241 12.023288 -19.997424 -36.863203 224.268110 1.223243 6.171003 37.492577 170.813233 -3.640674 75.269411 86.558846 -18.524538 -4.016835 141.660366 12.208729 -203.384884 -5.787063 56.338435 -149.185236 -239.378635 -10.317570 -12.206561 -45.795276 -79.858586 -2.167253 -7.751735 -20.738802 -106.391440 -1.751607 -17.035558 -21.282242 -130.618942 -4.093587 -19.606647 -17.843970 -119.776273 -2.108994 -1.950541 1.094786 -47.861264 3.217350 44.327467 15.877334 -11.969927 4.171666 45.541832 -13.305020 -68.981584 -2.847311 2.572646 -7.270074 -26.418656 -0.819126 -0.970462 -2.219952 -25.363687 -1.481864 -2.868075 -1.648709 -48.218294 -1.927252 -6.749515 -2.815937 -63.349250 -0.272523 -14.018212 -5.704061 -55.468855 1.795455 -13.019590 -6.349862 -31.149551 1.902765 -7.209086 -14.877359 -28.220794 -0.755510 -5.651745 -17.587440 -11.645750 -2.530150 6.788797 -1.629732 0.893837 -1.638838 6.647612 3.178247 0.386032 -0.190720 3.395036 0.320095 -3.517345 0.054969 -0.449546 -0.646516 -9.942888 -0.016988 -2.114606 -3.743292 -17.269054 -2.039205 -2.270457 -7.702989 -20.968728 -5.544358 -0.588945 -43.328232 68.370702 -1.322365 44.594455 -15.630599 8.014769 -1.980079 31.489185 0.744873 -6.494516 0.017830 12.912662 -1.003495 -0.502270 -0.654780 6.214774 -0.600806 8.238292 0.015585 2.104658 -0.701204 14.887614 2.206484 0.306066 6.910086 37.706178 2.459519 3.846674 -21.691588 51.182481 1.461611 53.523365 -1.999056 15.387843 -1.522090 56.443985 -2.459570 15.170646 -1.569508 14.710030 -5.725895 21.847133 -0.124630 4.609402 -0.855168 26.924217 3.225589 2.551704 2.626951 42.871544 9.987476 1.483063 41.150444 75.949546 20.502908 8.434547 -47.399679 -115.353790 -1.630395 3.732145 23.965182 -96.892230 -1.892919 24.856749 3.108943 -31.570324 -4.248036 11.815223 -7.029920 -23.209290 -0.824559 2.509540 -2.079380 -44.482833 8.985588 0.487960 11.446868 -52.368381 14.105244 -3.489669 25.769462 -48.931487 19.543541 6.753928 
