14.469722 20.987778 1.078333 3.061944 10.232593 97.548241 7.059722 8.805370 -18.770000 75.909630 7.200185 -9.698148 0.868333 14.997778 0.929537 -23.802130 3.147593 1.487778 -0.595833 -2.461389 2.106944 -0.593796 0.880463 1.444352 6.367407 0.795926 0.284259 1.591852 3.147870 1.516667 0.406759 -0.029444 1.601019 2.797778 1.507222 0.499167 8.919815 -1.597500 7.412593 -0.291574 12.575463 -10.458981 0.050370 -3.570741 1.012870 -4.233704 4.571574 -4.050000 1.803611 1.440278 0.946852 0.269630 5.261759 -0.084352 0.296389 1.439722 4.417315 7.995278 1.917315 2.322870 2.893889 -0.612778 1.193704 0.290926 17.851481 -3.944352 2.552037 -0.063241 24.038889 -5.698519 1.416019 -0.561389 11.087315 2.196759 1.700278 4.053426 11.100648 3.495093 1.396667 9.519815 9.422870 -3.787130 0.496019 2.436019 12.141111 9.633889 1.082222 8.343704 4.410278 5.741667 1.427870 0.889815 10.698796 -1.827593 0.874722 -0.435000 14.490278 -2.773611 -0.097593 -7.187778 8.134907 1.573611 0.182593 3.119074 7.746852 -0.593148 0.724537 13.736204 5.047222 -5.077870 0.588333 2.404722 -3.826481 -6.650556 -4.743889 -0.287037 7.511019 6.991389 1.120000 2.428704 6.907870 4.810556 0.384907 1.321481 5.192963 -0.949815 -1.413056 -4.380278 -2.182500 -0.774352 -0.926759 -3.513981 1.327500 -0.804074 0.475185 7.017130 -9.967963 2.522685 -0.611759 10.564815 -11.195926 -0.151759 -3.706759 -1.582222 11.116759 2.761019 -0.562870 2.935093 2.937870 2.888056 0.901389 7.943611 0.731204 -0.929630 -3.350093 2.679815 -2.123426 0.011204 -0.566759 -2.014537 -1.352222 0.242037 0.262037 0.632407 -20.748889 5.126019 -0.930648 9.792593 -0.377130 8.017500 -3.127222 8.781852 16.983796 12.912593 0.018981 4.143333 -1.848889 -17.226667 1.678148 0.280185 -8.556204 -13.893056 -3.483333 2.766481 -2.965093 -1.632222 -3.164444 -0.543426 -2.613796 -0.323056 -0.552778 -0.215370 -24.733241 -4.571574 -1.639444 -3.081852 
20.987778 42.148889 1.764444 3.630000 7.932593 155.021852 7.761111 3.441481 -29.064444 116.265185 8.991852 -23.870370 10.054444 47.353333 2.700370 -30.311852 22.672593 13.960000 2.227778 4.178889 5.461111 -0.761852 1.992963 3.415185 11.034074 1.379259 0.492593 2.758519 5.782593 4.255556 0.758148 -0.037778 2.244074 8.647778 2.132222 0.014444 7.555926 0.584444 7.334815 -3.415185 23.718519 -8.504815 4.672593 -8.992963 11.994815 -4.761481 15.950741 -5.594444 2.174444 0.938889 2.171852 0.547407 8.704815 -0.221852 0.670000 2.630000 9.004815 16.052222 4.027037 4.660370 2.457778 -0.460000 0.677037 -0.034074 24.829259 -4.476296 3.243704 -4.861852 44.400000 -3.504074 8.211852 -6.498889 11.569259 4.153704 5.332222 3.127037 15.593704 3.038148 3.191111 14.705926 18.649259 -5.210741 1.275185 6.370741 27.846667 21.353333 3.048889 17.554815 4.625556 7.988889 1.495926 1.292593 22.069630 -4.830370 4.217778 -4.137778 30.872222 -7.783333 3.571852 -17.326667 2.514074 0.983333 0.882593 -0.728148 13.110741 -1.923704 -0.557407 18.534815 17.683333 -7.312593 0.724444 4.025556 3.742963 -10.586667 -8.968889 5.518519 12.081852 14.123333 0.242222 5.392593 18.581481 11.085556 1.275185 4.188148 18.209630 -1.130370 -1.192222 -6.178889 -15.397778 -1.850741 -1.744815 -9.557037 -0.687778 -2.465185 -0.563704 5.512963 -15.592963 -1.370370 -0.449259 10.048148 -15.829259 -0.444815 -13.213704 -4.710000 25.112593 5.398519 -1.561481 4.328148 10.378148 8.247778 1.866667 16.564444 -0.756296 1.142593 -2.484815 7.688148 -20.430370 0.273704 -2.351481 -2.732593 -6.363333 -0.294074 -0.651852 0.712963 -30.887778 3.632963 -0.479259 12.903704 -7.250741 5.691111 -10.041111 2.865185 34.562963 31.034815 -1.207407 6.493333 -4.154444 -11.965556 7.367037 0.477407 -31.099259 -28.772222 -7.077778 1.324815 -26.813704 -6.771111 -12.353333 -1.244815 -6.792963 -0.585556 -1.322222 -0.279259 -31.681852 -3.161852 -1.892222 -4.437407 
1.078333 1.764444 0.467778 -0.015000 0.580000 10.698333 2.725000 -0.852222 0.037778 9.526667 2.752222 -2.644444 6.308889 1.884444 0.935000 -2.700556 1.432222 -0.824444 -0.441667 -0.917222 -0.191667 -0.067222 -0.026111 -0.042778 -0.124444 -0.015556 -0.005556 -0.031111 0.005000 0.177778 0.045000 -0.003333 0.092778 1.001111 0.242222 -0.051667 1.760000 -0.072778 0.451111 -0.173889 5.480556 -1.405000 0.393333 0.256667 0.851667 -0.660000 -0.377222 -0.227778 -0.131667 -0.058333 -0.021111 -0.031111 -0.133889 -0.037222 -0.001667 -0.048333 -0.333889 -0.248333 -0.067222 -0.033889 0.010000 0.096667 0.057778 -0.125556 1.801111 -0.351667 0.796667 -0.217222 2.644444 -0.843333 1.039444 0.749444 2.028333 -0.241667 0.139444 0.816111 0.121667 0.166111 -0.017778 0.243333 -0.500556 -0.009444 -0.017222 -0.359444 -1.017778 -0.610000 0.364444 -0.286667 0.926111 2.916667 1.287222 -0.161111 0.260556 0.174444 0.727222 -0.736667 0.063889 -0.463889 0.623333 -1.408889 2.677222 -0.291667 0.107778 0.067778 0.362222 0.087778 -0.019444 0.442778 -0.266667 1.518333 0.176667 0.159444 -2.634444 -0.201111 1.434444 -1.144444 1.012778 0.988333 1.284444 -0.205556 0.519444 -0.140000 0.105000 -0.264444 -0.495556 -0.481111 0.112778 -1.799444 2.101667 -0.306111 0.237222 -1.165000 0.905000 -0.160000 0.035556 -0.263889 -2.071111 0.886111 0.033889 0.322222 -1.067778 1.687222 0.655000 -1.247778 -1.151667 0.096111 -0.129444 -0.415000 -0.192778 -0.340556 -0.119444 -0.023889 -0.645000 -0.061111 0.279444 -0.281111 -0.261667 0.042778 0.746111 -0.599444 -0.143333 -0.078889 0.027778 0.100000 -2.792222 -0.612778 -0.276111 0.422222 2.266111 6.923889 0.673333 0.471111 -2.447222 2.440000 0.286111 -0.935556 -1.358889 -1.014444 1.832222 -1.515556 -1.616111 -3.258333 1.300000 0.342222 -1.939444 -1.153333 -0.140000 0.003889 -0.573889 -0.051667 -0.116667 0.032222 -2.479444 -0.489444 -0.173333 -0.198889 
3.061944 3.630000 -0.015000 1.738611 2.997778 16.797500 -0.212500 5.799444 -3.287778 9.662222 0.883889 2.505556 -1.456111 -3.551111 0.524722 -3.298056 -2.751667 -2.325556 -0.745833 -2.053611 -0.287500 -0.100833 -0.039167 -0.064167 -0.186667 -0.023333 -0.008333 -0.046667 -0.125833 -0.050000 -0.015833 -0.005000 0.639167 -0.106667 0.493889 0.322500 3.365000 0.088056 4.982222 0.594722 0.329167 -2.451944 0.551111 -1.034444 -1.714167 -0.823333 -1.432500 -0.950000 0.802500 0.979167 -0.031667 0.020000 0.132500 0.077500 -0.002500 -0.005833 -0.500833 1.216389 0.332500 0.526944 0.920556 -0.321667 0.436667 0.289444 5.710000 -0.802500 0.972778 1.118611 0.616667 -2.106667 -0.732500 -0.975833 1.653611 1.598611 -0.051944 1.224167 3.815833 2.710278 0.012222 3.231667 0.349167 -0.369722 -0.059167 0.883056 2.078889 1.585000 0.335556 1.553333 0.189167 -0.402778 -0.385833 -0.013889 4.821389 -0.777222 -0.295278 2.100556 0.318056 0.076389 -0.409444 1.036667 0.179722 1.545833 0.103333 2.496111 2.235000 1.037222 -0.073611 6.100278 -1.408333 -1.919722 -0.185000 0.372500 4.959444 -1.557222 -1.459444 0.661111 0.869167 -0.889722 -0.573333 -0.341667 1.620833 -0.429444 -0.136944 0.564444 -0.987778 0.067222 -0.503056 1.789722 -2.150278 0.074167 -0.366389 1.288611 0.846389 0.143333 -0.063333 3.737500 -5.353889 0.854167 -0.449167 1.772222 4.845556 -2.158056 -0.095278 -0.913333 1.847500 -0.736389 -0.013611 -0.536389 0.088611 0.311389 0.695833 0.366944 -0.653611 -0.155556 -0.880833 0.656111 0.032500 0.097500 -0.419722 0.103611 0.721111 0.120556 0.113889 0.647222 -7.646667 3.497500 0.494167 2.422222 2.271389 -2.961389 -0.031667 -0.554444 1.593056 -1.162222 0.043056 0.252222 -0.435556 -0.280000 0.390000 3.046111 -2.038056 1.712500 -1.438889 1.093889 1.901944 1.336667 -1.293333 -0.194167 -0.249722 -0.077500 -0.052778 -0.051667 -4.802500 -0.034167 -0.001667 -0.390000 
10.232593 7.932593 0.580000 2.997778 278.580988 227.786790 11.479630 106.409136 128.053333 411.899012 5.774198 199.277160 -252.804444 -1.914444 -40.897901 -110.293086 -117.129383 -69.576667 -25.690741 -75.521481 -19.175926 -10.509753 -2.084321 -2.954691 -18.777284 -2.347160 -0.838272 -4.694321 -12.246790 -2.818519 -1.348272 -0.569630 2.518272 3.480000 1.215926 5.781852 41.455802 57.248889 15.739877 44.780617 44.510494 38.154198 17.133580 32.182469 -44.849753 -28.931728 3.541235 -17.762963 -7.072593 -3.846296 -0.329877 -1.899877 -18.830123 -3.583086 -0.040370 -5.976296 -32.991235 -4.381852 -5.365309 2.053210 -7.326296 -0.643704 -5.185679 -0.483827 14.306543 6.086173 12.899506 1.553210 -96.064815 -37.656420 10.154198 -35.601111 -37.913086 -14.108642 1.052963 -13.180123 4.736543 12.255062 -0.174444 16.353951 -57.041235 -22.188642 -2.446173 -33.467654 -41.983704 -5.642222 -15.348889 11.514321 -38.642222 -1.359259 -19.493457 2.537654 3.066790 30.100123 -2.182593 48.476667 -108.970370 37.033333 -10.829877 53.967407 -74.816543 10.701852 -3.583827 0.092346 2.068272 45.282346 6.674691 65.691728 -153.537037 -6.375062 -1.442963 42.842963 -15.930617 -14.144815 -59.907037 8.782716 -35.475062 -16.351111 -14.777407 -4.247531 -17.069753 -4.739259 -4.299877 5.495802 -34.758395 8.881605 -15.074444 64.034444 -28.074444 0.706914 -6.729877 32.908272 -15.973333 15.358395 4.153827 39.966049 -80.645309 3.047531 -10.577284 148.691358 39.095309 -12.994691 -15.807284 37.071111 -29.271235 18.445309 2.320123 13.616914 -39.844198 9.339259 -3.898148 -13.855185 -2.972716 -15.879012 -8.906543 -2.185679 65.433457 -13.010123 5.182346 -0.999506 -21.266296 -3.125679 0.980247 -0.978395 4.893333 14.662716 -9.665802 45.611728 22.419877 16.729259 -1.560741 35.058272 -17.985802 24.654691 -3.264198 15.754815 -51.586296 -23.786296 -23.127531 14.494198 31.915309 1.538889 16.866667 15.110988 70.433457 -11.827037 22.647778 -4.320617 -20.039753 -0.251481 -5.481481 -0.202840 -12.245309 10.382840 3.897778 -14.454568 
97.548241 155.021852 10.698333 16.797500 227.786790 1021.704043 74.013426 139.159198 -106.084444 1186.158765 98.140802 6.845062 -27.249444 247.978889 35.168179 -289.334969 12.378827 -27.518889 -12.371759 -72.406574 -8.244907 -12.982191 3.340710 7.719414 -21.729383 -2.716173 -0.970062 -5.432346 -11.125710 7.979630 -0.120895 -0.648704 10.014228 54.984444 19.735741 2.678426 121.410309 50.136944 106.680123 4.657438 153.252006 -74.465031 52.596420 -50.923580 -16.268858 -69.903827 32.578488 -58.442593 -1.701574 -1.874537 6.769321 -0.332346 -21.356265 -5.643858 2.008981 -5.883981 -41.967377 54.549352 3.340031 18.627068 11.625741 9.430926 5.659012 1.004383 154.424568 13.560216 51.776605 15.563179 114.559259 -66.834691 38.765525 -3.582500 33.513364 -0.453858 11.647315 11.102068 46.427068 26.052994 10.787778 61.173272 -52.145154 -46.363302 1.590340 -34.570401 9.263704 77.937222 -20.030000 68.642346 10.874722 59.112037 -2.260154 7.526235 112.813488 49.792654 15.640648 46.388333 90.393981 -5.901389 4.719321 -35.032963 -3.244846 14.193981 0.718272 -4.480679 56.576728 61.005988 9.418364 157.718549 -195.960185 -12.343549 3.875741 38.317315 -86.142160 -20.105741 -113.359074 10.206173 6.350895 43.020278 -17.435926 12.678086 93.823920 28.494259 -1.200401 20.849753 105.355062 -11.155494 -17.983056 -15.953611 -84.174722 -14.012747 -10.832068 -39.851883 6.384167 22.667160 4.591728 107.082562 -228.793025 20.023302 -14.097438 255.914198 -47.504198 16.374414 -92.062438 11.691111 18.762068 51.341636 -21.645957 26.581142 27.945031 33.671019 10.171759 41.293241 61.266883 -29.754321 -27.556512 29.289568 -75.336512 -13.660154 -18.795401 -11.466883 -33.274815 1.352901 2.539198 16.020062 -102.225556 49.761451 -11.977809 158.182716 39.804846 130.438241 -49.294259 97.588395 64.051080 211.315309 -3.326080 37.155185 -35.251481 -127.479259 25.251975 -30.043642 5.071080 -186.287500 -50.305556 30.724012 -15.294846 -15.116296 -76.990000 -1.763549 -14.911080 2.333981 -5.226852 2.363395 -148.708302 10.047438 8.451667 -20.664321 
7.059722 7.761111 2.725000 -0.212500 11.479630 74.013426 32.076389 -1.195370 -7.677778 88.309259 37.584259 -21.440741 36.330556 20.005556 8.308796 -30.888426 19.715741 -7.866667 -5.440278 -10.240278 -1.781944 -0.774537 -0.203241 -0.506019 -1.762963 -0.220370 -0.078704 -0.440741 0.144907 3.894444 0.550463 -0.047222 1.127315 17.483333 4.958333 -0.220833 13.843519 5.123611 3.651852 3.653241 48.810648 -10.211574 -4.575926 9.268519 13.903241 -6.724074 -3.158796 -2.683333 -1.554167 -0.826389 -0.132407 -0.340741 -1.896759 -0.527315 -0.023611 -0.684722 -4.685648 -0.490278 -0.952315 -0.330093 -3.075000 -0.641667 0.712963 -0.389815 4.018519 -13.010648 5.332407 -8.049537 38.944444 -14.248148 10.846759 0.009722 24.825463 -3.021759 1.179167 6.372685 -1.418981 -3.335648 -0.177778 -2.495370 -4.941204 -4.713426 -0.147685 -8.592130 -9.666667 -3.891667 -0.177778 -0.970370 4.579167 13.630556 7.117130 0.576852 11.810648 -2.765741 10.651389 -9.786111 1.140278 -6.534722 5.323148 -24.116667 17.407870 -0.437500 -0.609259 -0.599074 0.312037 -0.743519 -0.132870 -3.607870 -12.513889 0.099537 -0.713889 -13.637500 -33.732407 -8.947222 2.452778 -9.001852 4.666204 1.895833 7.438889 -0.656481 17.222685 -0.263889 0.518981 3.146296 -15.846296 0.756481 0.034722 -9.129167 -4.306944 0.100463 2.860648 -7.886574 12.676389 2.285185 0.620370 2.085648 -7.278704 -0.736574 -3.553241 14.296296 -31.140741 6.607870 -0.489352 -5.472222 -10.471759 4.999537 0.035648 -2.746759 3.506019 0.968056 -1.215278 1.895833 -21.005093 3.829630 3.438426 3.660185 -22.244907 0.772685 8.371759 -2.633796 1.444444 -0.473148 0.865741 2.995370 18.711111 3.452315 -2.736574 17.768519 18.703241 75.304167 7.397222 12.103704 -25.347685 34.035185 4.133796 -7.261111 -7.788889 -35.366667 5.351852 -15.693519 -24.597685 -41.931944 -6.883333 4.882407 -24.597685 -8.866667 -2.227778 0.466204 -3.235648 -0.387500 -0.947222 0.245370 -7.666204 1.669907 -0.902778 0.424074 
8.805370 3.441481 -0.852222 5.799444 106.409136 139.159198 -1.195370 153.605062 4.168889 172.649753 9.211605 209.679012 -175.345556 -93.418889 -20.742531 -83.445494 -107.221235 -61.273333 -26.760185 -57.588704 -10.300926 -5.584383 -1.536358 -1.423395 -10.605432 -1.325679 -0.473457 -2.651358 -6.615864 -1.774074 -0.899568 -0.284074 5.074012 7.236667 5.469259 5.307963 32.586173 51.837222 41.144691 30.021543 -33.545988 10.906605 -10.336049 14.570617 -54.766605 -20.539877 -17.261914 -8.751852 1.329074 1.839815 0.045309 -0.056914 -9.393642 -1.849938 -0.142037 -3.435741 -22.043642 -1.435741 -3.728827 0.595247 5.639259 24.386296 2.470247 5.666543 -6.255309 32.343765 9.910988 27.011914 -105.398148 -13.573827 -9.682284 -7.790556 -26.458827 -1.435494 -1.340926 -3.593642 4.911914 13.480432 -0.875556 15.000988 -43.260309 -24.561049 -2.033765 -26.253025 -49.623704 18.058889 -28.123333 7.325802 -33.005000 5.846296 -18.135864 8.091358 -5.043025 56.898642 -4.477593 63.612222 -103.989815 42.547222 -4.715802 43.314074 -40.631914 11.771296 0.716543 0.384198 -4.267654 36.238642 2.197840 43.377099 -130.048148 -19.315988 -3.732963 20.191296 -12.240988 53.009630 -59.994815 5.595679 -41.710432 8.626111 -24.592963 3.583951 -13.874383 14.365185 -4.159691 23.368395 -57.685432 20.080123 -4.717222 56.601667 -16.306111 5.076728 1.875864 24.261790 -1.051667 15.379877 0.452346 35.526235 -69.062716 -3.047840 -14.702654 116.022840 78.240494 -22.027840 -36.411543 18.678889 -29.902531 4.493272 -12.213025 5.588951 -22.222160 26.309815 -3.117593 -1.867963 -8.491790 10.424691 -10.625247 11.125802 39.073642 -0.796975 -0.519691 5.891790 -4.215185 1.438025 0.495062 5.901235 -28.998889 35.168457 -13.162284 65.187654 40.539691 -56.974630 -14.598519 25.470123 -11.808951 -15.607160 -5.152160 8.808148 -20.589630 -31.461852 -24.547160 19.591605 8.106605 1.513889 -9.577778 16.923580 57.862531 20.064074 -6.536667 -0.081543 -4.282160 -1.647593 -2.570370 -1.096543 -80.115494 -5.514012 -15.086667 -1.299753 
-18.770000 -29.064444 0.037778 -3.287778 128.053333 -106.084444 -7.677778 4.168889 499.028889 -117.782222 -7.318889 161.638889 -10.703333 -260.045556 -58.298889 0.314444 -280.204444 -153.025556 -68.377778 -108.241111 -43.766667 -16.724444 -6.343333 -8.454444 -57.742222 -7.217778 -2.577778 -14.435556 -36.780000 -11.766667 -4.397778 -1.546667 -12.484444 -21.301111 -7.125556 0.615556 78.417778 13.047778 -16.123333 35.537778 15.444444 4.930000 -68.282222 43.721111 -116.237778 -25.695556 -67.853333 -0.522222 -16.598889 -6.205556 -4.462222 -4.035556 -58.652222 -7.837778 -0.706667 -18.710000 -78.780000 -19.782222 -15.557778 -7.091111 -32.626667 -6.502222 -15.968889 1.186667 -34.617778 17.443333 -20.668889 7.381111 -204.405556 -16.228889 -48.325556 -26.968889 -94.631111 -17.222222 -19.853333 -22.724444 -17.824444 -17.896667 -6.437778 -11.543333 -114.757778 -33.415556 -2.357778 -40.615556 -118.382222 -52.306667 -36.431111 -21.235556 -74.084444 -23.144444 -22.501111 -9.994444 -42.418889 18.520000 -10.802222 41.170000 -123.522222 45.955556 -5.467778 91.014444 -79.918889 -7.794444 -6.146667 -5.728889 4.748889 11.828889 0.561111 -1.778889 -112.044444 -37.476667 2.078889 6.515556 0.712222 -3.387778 -31.245556 -31.283333 -75.648889 -50.474444 -12.028889 -38.027778 -61.477778 -21.743333 -0.246667 -22.407778 -5.910000 -3.157778 4.678889 52.591111 24.201111 -12.041111 -0.534444 20.190000 -2.891111 7.654444 3.031111 -1.450000 95.204444 -32.038889 -8.731111 102.794444 185.440000 26.015556 -2.663333 -6.274444 -51.356667 2.440000 2.298889 -24.182222 -39.937778 21.265556 4.683333 -39.406667 -12.802222 -1.938889 45.095556 -28.052222 49.053333 -13.967778 13.978889 -14.408889 -42.378889 -4.587778 -4.300000 -11.855556 309.953333 -55.051111 3.128889 48.355556 341.403333 49.606667 -8.006667 -3.798889 10.066667 -35.328889 -0.555556 -15.597778 22.420000 28.320000 -4.210000 -25.323333 56.524444 -9.905556 42.500000 -27.792222 -4.107778 -54.868889 12.145556 -8.695556 -39.678889 2.176667 -9.677778 -1.104444 245.910000 71.692222 44.167778 18.654444 
75.909630 116.265185 9.526667 9.662222 411.899012 1186.158765 88.309259 172.649753 -117.782222 2536.794321 152.728025 10.711728 -342.308889 1240.682222 180.596790 -378.949136 63.189383 38.468889 62.235185 -75.581852 -34.540741 -42.243580 2.577654 4.520247 -95.213827 -11.901728 -4.250617 -23.803457 -56.950988 -1.825926 -4.842840 -2.550370 -7.011605 70.193333 27.415185 -3.397407 152.154198 160.942222 228.344568 -18.346173 129.000617 21.304691 335.487531 -120.586914 -50.595802 -123.156049 144.095432 -120.620370 -14.984074 -20.864815 7.047654 -3.681235 -92.756543 -9.745802 1.369259 -23.774815 -179.439877 33.508519 -14.782469 18.265679 -51.947037 -2.481852 -6.917654 -3.413951 171.894568 46.676049 118.147160 73.121235 27.231481 -86.620247 106.660247 70.336667 -34.472469 -32.408025 18.244815 3.260123 -13.139877 56.302716 7.734444 50.744938 -216.334321 -19.923580 -3.401605 -82.316790 -221.872963 102.110000 -79.231111 78.521235 -50.251111 41.859259 -37.655432 16.451235 106.418765 74.057654 2.145926 108.770000 71.092593 -52.866667 -22.646790 77.173704 -46.470123 11.842593 -8.436173 17.014321 24.727284 174.472099 10.930864 223.303827 -472.557407 109.573951 -1.147037 154.980370 -164.481605 112.938148 -230.630741 89.122840 -36.331605 5.931111 -61.849259 28.503086 106.647531 2.849259 -10.392346 12.317531 197.701728 -42.418272 -43.632222 -17.181111 -85.698889 -36.788025 -25.185679 -50.253827 3.408889 63.409383 2.803951 168.017284 -517.953580 100.958025 -18.213827 391.953086 -178.146420 57.273580 -150.923827 122.214444 6.889012 60.092469 -49.224568 50.087531 22.537531 -0.915926 20.503704 17.995185 184.019383 -104.643210 -23.455679 -3.923210 -95.925679 -39.738765 -45.155679 -17.886049 -51.882593 4.452346 0.397531 30.189506 -395.913333 79.377284 -29.329753 137.877160 -466.739877 27.314074 -116.204815 144.323951 36.413580 335.624198 -5.608025 68.626296 -91.772593 34.244074 21.609753 -31.181975 118.232469 -205.738889 -27.738889 26.653457 26.668765 -50.620741 -78.815556 -1.061605 -11.498025 3.113704 -5.301852 6.146173 -276.036914 12.741605 -19.743333 -27.355432 
7.200185 8.991852 2.752222 0.883889 5.774198 98.140802 37.584259 9.211605 -7.318889 152.728025 93.549506 -33.267901 54.951111 61.874444 72.664753 -82.460062 33.615679 -5.371111 5.176852 -26.977963 1.084259 0.523272 -0.335864 -1.548827 -8.061235 -1.007654 -0.359877 -2.015309 -3.123025 5.529630 0.516235 -0.215926 1.525988 32.285556 10.180741 -0.035741 42.236049 32.529444 43.988642 5.145123 46.801543 -13.556605 22.774938 -5.192840 -11.227840 -22.454568 -9.588086 -19.064815 -4.562407 -2.250926 -0.111975 -1.443086 -8.517469 -1.838951 -0.107963 -2.969815 -16.467469 -2.725370 -2.293395 -0.756358 -10.489259 -0.519630 -0.259136 -2.027654 4.577531 -19.627099 1.144568 7.560309 35.975926 -37.831728 -0.917716 11.373889 15.558827 -10.264506 -6.959074 5.304753 -9.450802 -4.180432 -1.324444 -3.573210 -27.906358 -18.655617 0.428210 -23.602531 -41.481852 -23.236667 -8.887778 -1.898025 3.799444 8.248148 6.646975 -1.469136 23.309691 -3.104198 14.433148 -10.473333 -0.593519 -3.252778 7.565802 -16.719630 9.404136 5.689815 -1.133210 4.932469 0.523210 14.061358 -1.370062 9.817346 -64.118519 -7.478457 -2.083704 -40.846852 -63.942346 -12.520741 6.917037 -12.412346 0.388210 -9.770556 5.254074 -4.400617 25.718827 -2.015185 -0.290309 -0.557284 -14.631235 3.886543 -2.149444 -20.440556 -4.249444 1.845494 2.207469 -11.178457 29.518333 18.997901 -0.130123 24.951543 -46.092840 16.525617 -7.080679 49.793827 -16.907160 6.011173 7.722654 -16.340000 -20.258580 3.523395 -3.809198 -12.422284 10.144383 17.206852 -0.682407 0.273519 -37.930432 20.053086 10.119691 4.013086 -40.240309 0.908086 11.125247 -9.519568 1.704074 0.911975 -0.067284 8.876543 40.421111 23.542654 -5.137716 60.490123 55.743642 94.985741 5.070741 0.840988 -43.213272 53.640494 1.174383 -17.230370 2.995185 -16.521481 6.741605 -19.719383 -49.828827 -53.786111 -18.894444 0.687531 -46.240309 -22.680741 -12.974444 -1.879568 -12.956728 -2.019074 -3.662963 -0.220123 -12.578951 13.680679 -5.524444 0.983086 
-9.698148 -23.870370 -2.644444 2.505556 199.277160 6.845062 -21.440741 209.679012 161.638889 10.711728 -33.267901 767.158025 -530.233333 -411.500000 -131.856173 245.673457 -402.080247 -226.661111 -103.348148 -122.457407 -49.829630 -24.004321 -7.516049 -6.640123 -56.553086 -7.069136 -2.524691 -14.138272 -36.633951 -12.525926 -4.796914 -1.514815 -12.041975 -22.611111 -4.231481 4.098148 6.301235 74.305556 28.327160 75.980864 -59.369753 94.576543 -6.298765 119.295679 -97.065432 -20.119753 -32.460494 34.729630 -4.274074 -4.753704 -1.716049 -0.966049 -56.533951 -8.543210 -0.690741 -18.603704 -114.983951 -28.448148 -16.204321 -5.178395 -40.420370 40.153704 -16.428395 7.341975 -89.850617 112.430864 4.986420 46.960494 -393.412963 82.017901 -8.823457 -42.844444 -120.815432 13.362346 9.859259 -12.928395 -13.022840 25.580864 -2.461111 17.991975 -153.428395 -43.132099 -4.630864 -56.782716 -267.096296 6.038889 -41.216667 -2.028395 -150.783333 50.442593 -37.556173 22.021605 -95.821605 139.350617 -18.929630 175.527778 -375.285185 154.172222 -18.204938 190.764815 -141.821605 36.053704 1.175309 19.083951 -34.308642 66.906173 2.067901 52.030864 -306.218519 0.658025 -4.242593 90.898148 -97.441975 43.087037 -25.879630 -5.008642 -72.853086 48.983333 -6.920370 -0.287654 -72.332099 51.737037 -0.354938 66.417901 -221.375309 80.124691 3.127778 162.127778 -8.400000 36.651235 26.811728 112.935802 -1.950000 22.730864 1.669136 51.808025 -81.526543 -23.706790 -34.236420 179.317901 187.320988 -67.040123 1.863580 35.844444 -21.972840 3.565432 25.561728 -2.687654 -83.632099 74.057407 1.020370 -15.692593 -140.352469 75.510494 7.272840 15.104938 88.811728 24.177160 36.939506 25.291358 26.346296 6.054938 10.490123 12.669136 89.327778 1.924691 -27.412346 77.658642 101.654938 -71.587037 46.857407 52.174691 16.326543 -95.520988 13.745679 7.112963 -118.564815 -118.309259 -55.982099 26.615432 -105.367901 21.977778 -42.944444 34.538272 69.339506 71.837037 27.166667 9.424691 6.562346 -0.368519 11.459259 -2.130864 -105.148765 17.203086 -44.338889 -5.500617 
0.868333 10.054444 6.308889 -1.456111 -252.804444 -27.249444 36.330556 -175.345556 -10.703333 -342.308889 54.951111 -530.233333 1195.443333 -210.668889 76.243889 -139.557222 427.413333 -93.573333 -19.058333 -25.757222 -38.830556 -9.046111 -6.700556 -8.228333 -61.351111 -7.668889 -2.738889 -15.337778 -7.501667 2.194444 0.979444 4.156667 10.445000 35.386667 12.998889 -1.866111 74.924444 -107.679444 -3.302222 -75.627222 322.936111 -199.815000 -83.203333 -107.696667 159.621667 -55.174444 -98.776111 -36.477778 -15.572778 -5.813889 -6.085556 -4.943333 -18.973889 8.227222 -0.432778 -1.395000 39.715000 13.243889 12.909444 3.859444 44.696667 -30.354444 7.856667 6.295556 -16.163333 -70.443889 -32.415556 -54.812778 198.127778 -64.418889 -38.437222 12.587222 90.551667 -23.325000 -28.959444 0.659444 0.576111 -21.735000 -5.425556 -24.031111 78.737222 37.982778 4.626111 46.960556 138.357778 -106.596667 51.060000 -24.937778 67.911667 -12.083333 40.278333 -22.677778 26.831667 -46.971111 17.842778 -114.671111 262.752778 -82.302778 34.303333 -158.821111 106.676111 -34.747222 6.567778 -32.391111 10.131111 -72.086667 -9.530556 -73.460556 228.611111 -44.767222 6.141111 -123.232778 -19.653333 -99.731111 79.397778 -104.372222 -12.878333 -74.635000 17.553333 -60.377778 73.347222 -52.197778 -0.462778 -39.948889 228.285556 -57.193333 27.671667 -136.309444 6.599444 -32.023889 0.306111 -134.333889 -12.496111 -25.274444 -3.760000 -69.186111 43.397778 -29.619444 8.579444 -136.366667 -119.325556 177.783889 28.253889 -134.687778 -92.705000 -20.889444 -27.127222 -79.845000 19.466111 -83.510556 0.797222 -46.382778 168.103889 -69.955556 35.566111 -41.415556 -171.757222 -14.955000 -9.678333 -51.381667 -59.641111 -6.608889 -7.116667 -8.761111 -2.160000 -41.505000 14.477222 19.888889 111.653889 220.632778 -21.668889 -45.781111 -67.152778 64.036667 6.686111 -49.906667 75.156667 37.101111 103.218889 -110.046667 134.235000 -184.097222 41.366667 -73.445556 -169.173889 -135.721111 -95.953333 -5.860556 -44.299444 0.995000 -8.833333 6.141111 150.628333 5.370556 54.935556 31.820000 
14.997778 47.353333 1.884444 -3.551111 -1.914444 247.978889 20.005556 -93.418889 -260.045556 1240.682222 61.874444 -411.500000 -210.668889 1841.051111 231.732222 -217.636667 463.126667 595.242222 207.300000 175.880000 47.350000 -10.347778 18.365556 16.265556 -87.857778 -10.982222 -3.922222 -21.964444 -51.970000 -4.788889 -4.674444 -2.153333 -23.865556 33.478889 9.431111 -10.326667 -39.134444 72.813333 103.167778 -88.971111 -51.694444 153.775556 404.576667 -172.704444 85.621111 29.823333 271.197778 -79.933333 9.193333 -5.822222 10.940000 3.480000 -79.120000 3.865556 1.740000 -12.790000 -134.481111 8.465556 -6.292222 9.063333 -69.351111 -24.686667 4.624444 -10.353333 137.556667 -45.504444 100.735556 -17.436667 189.483333 -4.365556 169.508889 50.691111 -9.518889 -16.261111 42.236667 16.585556 -7.886667 16.518889 6.321111 4.404444 -74.075556 79.726667 1.624444 45.804444 -227.484444 61.040000 -41.330000 59.030000 35.495556 7.944444 14.140000 18.833333 76.613333 -41.225556 18.646667 -40.025556 126.183333 -108.277778 -7.415556 35.241111 38.191111 -6.694444 -6.764444 57.978889 -5.210000 41.410000 -6.100000 17.384444 -30.611111 159.310000 -0.895556 90.923333 -263.151111 186.271111 -100.826667 165.666667 87.948889 90.046667 11.890000 93.238889 67.888889 22.410000 4.380000 10.507778 78.715556 -52.403333 -34.956667 -51.757778 78.193333 -34.036667 -29.065556 -4.162222 21.580000 18.295556 -7.725556 17.394444 -347.748889 120.216667 17.475556 -85.827778 -416.962222 44.112222 -13.747778 131.102222 179.128889 46.398889 -1.521111 69.948889 87.987778 -72.915556 2.783333 102.940000 51.980000 -87.088889 -37.995556 20.202222 42.413333 -10.760000 -45.162222 13.808889 33.378889 2.476667 -3.188889 20.000000 -645.342222 26.323333 -4.851111 -113.761111 -732.564444 -17.345556 -53.576667 42.415556 110.383333 337.151111 17.561111 62.186667 -25.703333 158.957778 15.565556 -15.937778 -32.291111 46.661111 -6.638889 6.542222 39.563333 47.996667 25.771111 2.151111 45.523333 2.767778 4.961111 3.854444 -301.304444 -41.292222 -37.934444 -40.737778 
0.929537 2.700370 0.935000 0.524722 -40.897901 35.168179 8.308796 -20.742531 -58.298889 180.596790 72.664753 -131.856173 76.243889 231.732222 181.515154 -128.642809 104.893395 66.641111 88.955093 -7.593426 20.433796 16.787747 1.892623 2.241698 -15.603951 -1.950494 -0.696605 -3.900988 -9.363179 -0.135185 -0.745772 -0.417963 -4.653117 14.760000 4.903148 -1.600648 51.350802 23.546389 83.986543 -13.924105 -17.602006 -21.073858 136.086914 -55.315309 -59.458920 -27.023951 24.677068 -45.635185 -7.815093 -0.625463 0.986235 -2.939877 -16.215957 -1.622809 -0.108981 -5.288241 -24.171512 -1.560463 -1.412253 -0.538179 -16.947963 -6.247593 -1.131235 -1.804383 27.053210 -12.799105 14.578951 41.797932 11.168519 -47.220864 -10.776636 56.621389 -15.980031 -21.762809 -17.775093 5.120154 -9.199290 0.791451 -2.087778 -3.589938 -30.132623 0.968858 2.292994 -11.229599 -55.858148 -29.470556 -12.275556 0.846543 12.397500 -13.900926 6.976821 -4.248457 -1.996821 -5.848210 1.426019 -11.971667 27.889352 -3.720833 1.958457 22.527407 22.050401 5.194907 -0.840494 27.475123 3.078827 8.349568 -2.151698 16.637006 -7.862037 12.154660 1.896481 -13.967315 -92.063395 27.116852 10.853519 42.049383 -0.595340 -22.392500 6.108148 1.144136 -9.290586 -11.760926 -0.827377 -27.455309 17.844938 -12.844506 -4.978056 -48.951944 67.646944 -6.826142 -0.995710 -12.187006 5.476944 14.799506 -0.147284 17.434105 -19.118086 44.504475 8.914105 24.263580 -104.068025 25.258920 23.362438 27.392222 -11.273179 -0.463858 -0.870710 -1.020031 -10.956142 -12.376574 1.078241 -15.182130 4.383117 -18.851235 20.206512 -19.584012 14.447623 -9.173179 16.717623 -19.555340 -16.897407 0.485988 -1.683642 1.791049 -71.413333 40.782994 7.694475 5.161728 -128.188179 -45.199352 -15.261296 -31.388395 -33.328858 43.012469 2.403858 -3.227407 -7.965185 107.862593 25.470247 -1.223025 -3.409969 13.120833 45.033333 -14.912901 -17.610710 -39.961481 7.301111 -4.330895 -22.294475 -3.017315 -4.767593 -1.024506 -111.936142 -9.314105 -9.273889 -18.213457 
-23.802130 -30.311852 -2.700556 -3.298056 -110.293086 -289.334969 -30.888426 -83.445494 0.314444 -378.949136 -82.460062 245.673457 -139.557222 -217.636667 -128.642809 709.453673 -171.434012 -94.010000 -69.058796 188.360463 -39.935648 -15.604660 -7.950525 -2.407006 -67.414321 -8.426790 -3.009568 -16.853580 -42.177809 -13.851852 -5.257068 -1.805741 -29.028488 -39.670000 -13.209074 -11.433426 -117.071049 -60.655278 -55.528642 -14.958735 -46.052932 128.174105 43.670617 119.336173 120.383117 132.481235 49.308364 140.309259 15.223241 2.593981 -2.258580 4.868642 -68.008364 -5.764105 -0.430648 -20.788796 -82.380586 -21.166574 -12.960216 -3.380586 -50.329074 -26.924259 -17.415309 -11.438457 -66.045309 33.294043 7.967099 -37.116698 -185.420370 167.725062 79.293549 -72.046944 -81.841327 71.765895 50.471019 -19.544475 -11.108364 17.299043 -0.996667 -0.950679 -106.191698 14.644228 -2.173488 -11.161636 -90.500370 28.477222 16.356667 3.995802 -58.079722 8.826852 -19.474475 6.721914 -18.802191 8.338086 -9.253426 64.285000 -128.118981 29.709722 -3.953025 76.634074 -133.477191 2.553241 -3.891235 -17.925247 -28.110432 15.331420 -4.867438 -3.053179 -57.250926 30.422623 -2.284630 58.572130 104.779568 -66.003148 79.662407 -23.448765 29.578179 34.761389 1.400370 2.697840 2.427006 19.902407 1.306142 46.138395 -44.906543 30.441790 -7.189722 101.871944 -101.286944 23.181451 -5.576636 64.719846 -4.385833 -1.049012 -5.238765 3.583179 100.705617 1.653549 -4.865710 -53.827160 161.802716 -82.910895 46.795957 -67.528889 41.325525 -16.751451 18.337253 6.583117 -19.747438 0.435093 9.214352 15.712870 -58.653735 -4.803086 -15.319969 23.126358 -31.924414 16.853302 -16.819969 42.559290 66.033704 9.064136 5.214506 6.670679 108.860000 -24.697932 -0.587562 -17.795679 -26.486142 -26.627685 64.186481 0.504568 36.486883 -136.613827 4.888117 7.765926 -55.825185 -34.802963 -22.746049 70.893272 -140.534228 61.818056 -22.805556 29.489691 -19.427191 65.378519 28.781111 14.138179 71.526451 3.383241 21.260185 0.085123 -2.370772 28.910154 -21.188333 -0.834198 
3.147593 22.672593 1.432222 -2.751667 -117.129383 12.378827 19.715741 -107.221235 -280.204444 63.189383 33.615679 -402.080247 427.413333 463.126667 104.893395 -171.434012 667.814691 221.263333 104.673148 98.991296 39.793519 6.777099 7.053272 8.916235 -26.700247 -3.337531 -1.191975 -6.675062 12.967840 8.681481 2.935247 5.084815 29.288086 47.787778 13.617037 4.064630 -50.011235 -16.505000 22.516173 -53.879198 207.039198 -32.804877 149.244321 -97.030123 289.513765 -2.153580 113.698827 -31.818519 12.805741 -1.932407 4.731605 1.413827 19.434506 17.135988 0.709074 15.190926 46.251173 5.229815 22.077099 8.662284 67.093704 -21.233704 22.976173 2.022469 43.138395 -76.279198 48.750247 -73.865494 254.007407 -41.763457 106.022901 -53.327222 104.437099 -16.326235 25.567963 -12.309938 6.445617 -18.274753 1.551111 -16.201975 131.728951 57.969321 2.281420 76.525494 11.252963 -30.512222 39.296667 9.826173 88.690556 -18.448148 30.691173 -4.327160 97.327716 -36.091728 28.835741 -76.568889 168.915741 -71.597222 21.892716 -128.339259 28.238827 -25.345370 3.033580 -35.557284 -19.170247 -38.155062 -4.137346 -61.440309 177.318519 10.345864 1.349259 -98.663148 -152.795802 4.375185 -11.477037 33.253086 41.229198 -11.955000 2.752593 16.326543 97.029321 -16.897037 -0.216728 2.485432 112.765309 -41.049136 -1.996111 -37.861667 -77.046111 -27.172901 -14.648951 -51.565247 -22.910556 -9.937531 -4.799136 -37.483025 -96.269012 -10.607099 27.963642 -165.329012 -265.480988 46.764012 -27.501914 5.370000 31.807840 1.538457 -15.098951 -2.458457 44.774877 -51.394630 -6.428704 11.616481 100.169691 -53.660494 -31.246728 10.431728 -96.138951 -18.269938 -38.707840 -2.408580 -17.047407 -2.981605 -4.884568 4.603086 -228.835556 29.949198 21.171790 -39.969753 -245.665494 118.452037 -13.058519 -4.206914 -31.218210 167.658765 10.629321 -3.710741 -19.492963 60.423704 25.827654 -30.760988 19.328457 -30.319444 -25.238889 -7.863827 -18.200062 -36.728148 -29.848889 -3.217469 -6.666235 -3.352037 -2.881481 4.065309 -78.116235 -19.269198 1.223333 -0.922716 
1.487778 13.960000 -0.824444 -2.325556 -69.576667 -27.518889 -7.866667 -61.273333 -153.025556 38.468889 -5.371111 -226.661111 -93.573333 595.242222 66.641111 -94.010000 221.263333 468.848889 118.611111 90.167778 76.900000 50.212222 14.518889 13.468889 -19.662222 -2.457778 -0.877778 -4.915556 -10.721111 -2.555556 -1.045556 -0.260000 -6.224444 1.142222 -0.090000 -2.718889 -30.803333 -15.898889 21.497778 -34.835556 -47.855556 67.182222 146.280000 -67.768889 36.718889 82.492222 121.226667 -17.755556 14.007778 13.861111 7.803333 2.956667 -15.548889 3.007778 1.142222 -0.725556 -15.348889 2.830000 1.756667 2.706667 -7.458889 -6.104444 13.584444 -4.132222 73.225556 -54.296667 50.662222 -38.760000 135.900000 0.592222 102.360000 -16.354444 6.576667 14.127778 29.726667 4.673333 7.828889 -10.443333 4.896667 -7.086667 10.573333 34.018889 1.917778 26.818889 -81.647778 31.386667 8.954444 17.628889 42.947778 2.850000 18.686667 8.955556 47.351111 -25.676667 18.062222 -50.743333 53.950000 -35.288889 11.336667 -16.960000 5.184444 -3.044444 -1.798889 22.270000 -4.580000 -17.125556 -2.477778 -35.618889 58.500000 58.535556 -0.820000 -34.013333 -154.136667 96.841111 -1.213333 75.100000 60.118889 74.267778 12.997778 58.633333 21.738889 30.302222 5.967778 17.128889 -31.620000 -9.937778 -9.242222 -5.873333 26.907778 -7.954444 -13.896667 27.163333 15.190000 -2.046667 -1.904444 -23.094444 -65.513333 57.772222 14.110000 -118.988889 -125.620000 -42.718889 -7.526667 63.934444 102.303333 20.957778 6.292222 48.080000 44.874444 -16.535556 -3.288889 74.936667 -75.904444 -4.300000 -31.753333 47.173333 80.467778 8.153333 -16.775556 35.598889 50.203333 0.018889 -1.455556 4.400000 -183.493333 3.964444 15.407778 -78.205556 -138.004444 -4.120000 9.186667 25.035556 48.061111 159.453333 6.650000 30.448889 -43.182222 64.584444 -4.253333 -11.357778 -119.234444 118.938889 -24.894444 22.598889 78.228889 105.301111 33.330000 7.942222 60.631111 4.997778 6.388889 2.202222 -86.446667 -17.010000 -2.308889 -22.496667 
-0.595833 2.227778 -0.441667 -0.745833 -25.690741 -12.371759 -5.440278 -26.760185 -68.377778 62.235185 5.176852 -103.348148 -19.058333 207.300000 88.955093 -69.058796 104.673148 118.611111 96.531944 28.226389 35.829167 25.055093 5.839352 7.236574 -7.570370 -0.946296 -0.337963 -1.892593 -5.103241 -2.027778 -0.642130 -0.202778 -3.618981 -3.861111 -0.969444 -1.231944 4.167593 -7.826389 35.353704 -13.022685 -18.035648 -1.702315 123.292593 -37.696296 -11.861574 -2.375926 58.894907 -22.894444 -0.665278 2.368056 3.010185 -0.092593 -6.222685 0.557870 0.176389 -0.162500 -11.511574 -0.451389 -0.278241 0.682870 -7.663889 -6.486111 0.570370 -1.154630 35.714815 -12.425463 30.567593 6.507870 31.861111 -12.812963 24.361574 15.131944 -13.128241 -9.886574 -1.931944 -0.886574 -0.717130 -1.567130 -0.050000 -1.971296 -0.817130 13.127315 0.500463 10.194907 -32.777778 8.358333 -2.616667 8.714815 5.334722 -8.213889 2.607870 0.389815 4.736574 -2.900926 -2.009722 -15.175000 21.629167 -0.384722 -1.289815 15.538889 2.156019 -0.704167 -0.957407 22.071296 -5.250926 -6.434259 -0.436574 -9.672685 36.186111 26.614352 1.330556 7.384722 -45.939815 51.486111 -7.486111 58.029630 5.064352 8.184722 -1.144444 20.206481 -10.536574 2.963889 0.367130 -10.085185 -5.231481 -10.289815 -2.593056 -13.606944 37.815278 -6.797685 -1.496759 8.194907 -11.168056 -1.335185 0.985185 -9.521759 23.862037 18.233796 12.356019 -38.746296 -92.064815 -9.455093 -5.607870 51.655556 30.157870 2.864352 -1.660648 24.421759 -2.775463 -8.620833 1.140278 8.173611 -7.447685 -14.451852 8.986574 -5.582407 21.853241 -4.281019 7.347685 -2.135648 -1.922222 -0.610185 -0.326852 -1.767593 -59.144444 17.983796 14.206019 -46.601852 -138.761574 -62.784722 -17.863889 -6.581481 7.961574 45.120370 4.207870 16.944444 -17.822222 66.905556 11.264815 19.176852 -18.527315 26.818056 30.994444 -2.660185 0.883796 -5.122222 17.194444 -0.218981 4.316204 0.729167 0.313889 0.349074 -49.197685 -7.767130 2.680556 -12.946296 
-2.461389 4.178889 -0.917222 -2.053611 -75.521481 -72.406574 -10.240278 -57.588704 -108.241111 -75.581852 -26.977963 -122.457407 -25.757222 175.880000 -7.593426 188.360463 98.991296 90.167778 28.226389 205.980833 16.612500 2.068796 1.927870 9.191759 -19.434074 -2.429259 -0.867593 -4.858519 -11.256204 -2.827778 -1.359537 -0.520556 -9.026019 -5.120000 -3.651667 -4.296389 -80.880926 -29.499722 -27.990370 -27.783426 -64.167130 61.889537 56.555185 13.654074 110.851019 95.272593 91.458981 64.838889 23.538056 6.968056 3.908704 8.091481 -16.997870 2.742685 0.500833 -1.920278 0.929907 5.285278 -0.875648 1.502130 -3.938333 -13.648333 1.539630 -5.068704 10.731852 -12.497315 13.875741 -27.228426 20.516667 64.287407 74.642315 -35.624722 -15.745648 38.011574 40.585833 -11.545093 10.141019 3.768796 2.675556 3.102407 6.191019 15.373241 -0.432130 22.177870 43.564444 23.638333 1.656667 13.534074 41.803611 -15.269444 -2.713981 3.754630 53.003981 -27.694630 4.700278 -3.003889 28.918056 -30.590278 2.136481 -18.690000 -48.748796 -11.115278 -3.554815 -24.830185 5.436481 -1.440185 -0.999537 -8.633426 51.880556 16.747315 -2.060556 1.642500 30.487593 7.522778 8.221667 21.437037 55.152870 23.983611 -7.275556 28.687963 39.950463 1.145000 -1.187685 16.156296 25.079259 -8.650185 -16.789722 29.471944 -67.375833 -2.195093 -18.942685 10.305648 2.791944 -2.040370 -2.952963 -1.364352 40.367963 22.363426 5.597870 -67.614815 -42.659630 -21.756574 14.392870 -27.906667 69.213796 8.441759 -6.662130 31.023241 36.681574 -19.690833 0.423611 31.109167 9.310463 -36.381481 -25.124907 15.692407 -22.973796 -5.375093 -28.013796 24.183981 28.730000 3.007963 -2.256481 5.517593 -26.895556 24.021204 -0.772130 -13.353704 -140.947870 -19.886944 -5.567222 -13.054074 41.913426 -20.151481 -7.105093 13.256667 18.621111 31.376667 -5.122593 51.447593 -60.468796 54.768056 6.127778 8.789074 5.273426 20.210000 14.464444 0.801759 38.094352 0.453611 3.441667 0.643148 11.113796 15.585463 -5.166111 -1.168148 
