5244.575793 -0.002650 0.048177 -0.075415 0.067429 -0.001628 -0.043902 -0.002989 -0.010900 -0.114408 0.013618 0.061506 -0.018366 0.145193 0.008205 -0.031255 -0.001701 -0.000902 0.003080 -0.165446 0.043215 0.048386 -0.071862 -0.103048 -0.016251 -0.102928 0.009410 -0.019634 0.001971 0.000000 0.023133 0.031188 -0.007308 0.018206 0.016133 -0.071930 0.066877 0.150339 -0.013062 0.000566 0.001964 0.000000 -0.006934 -0.015216 -0.159487 0.163224 0.014442 -0.095582 -0.132172 0.029123 0.154732 0.001703 -0.002028 0.077667 0.138335 0.000464 0.112334 -0.091069 0.004719 0.068089 -0.024101 -0.084198 -0.070954 -0.025860 0.105778 -0.017777 -0.011140 0.019077 0.006684 0.000967 -0.022772 -0.098974 0.000453 -0.042551 0.005869 0.099559 -0.053533 -0.017083 -0.057822 0.040835 -0.007163 0.012044 0.053949 -0.161407 0.038267 0.016365 0.012679 0.073028 -0.154712 0.014231 0.014178 0.008895 -0.017102 -0.046706 0.030368 -0.032138 0.000000 0.022219 0.076207 -0.046490 0.024882 0.134288 0.001336 -0.145495 -0.116028 -0.132222 -0.052621 0.001263 0.005851 0.111383 -0.068404 0.017080 0.000000 0.005034 -0.049065 -0.001215 -0.023285 -0.004785 0.043658 -0.054681 -0.011641 0.001493 0.000818 0.004976 0.027897 0.035457 0.149757 0.097306 -0.052482 0.043109 0.010329 -0.034195 -0.022737 -0.008961 0.083810 0.053983 0.000000 0.000000 0.129444 0.085205 -0.002595 -0.003437 0.034123 -0.034586 -0.023217 0.000000 -0.102472 -0.035554 0.002063 0.102613 0.032491 -0.132581 0.013096 0.000000 0.002218 -0.032748 0.008566 -0.003047 0.088048 0.060383 0.061594 0.123804 -0.097424 0.014690 -0.094915 -0.028395 -0.013932 0.141116 -0.002725 -0.023404 -0.000395 0.002107 -0.005393 0.138116 0.132863 -0.024357 -0.120418 0.000392 -0.012383 0.016449 0.000000 -0.041199 -0.029447 0.134980 -0.020316 -0.036751 -0.006569 0.083089 -0.001147 -0.125141 -0.073380 -0.032901 -0.021988 -0.000488 0.153701 0.004799 
-0.002650 864.021315 -0.049502 0.062265 0.000923 -0.009581 0.090241 0.003162 -0.020336 0.046892 0.026700 0.029326 -0.021510 -0.092573 0.106231 -0.023073 0.000000 -0.047191 -0.012944 0.031344 0.007111 0.013669 0.003080 0.053887 -0.012205 -0.018978 0.000000 0.077056 0.017033 0.023019 -0.050873 -0.117517 0.000000 0.004378 0.036306 0.061920 0.145345 -0.076947 -0.139814 -0.073680 -0.000161 0.029654 0.097894 -0.026839 0.064434 0.087596 0.092926 -0.115156 -0.049154 -0.146138 0.150631 0.004969 0.090318 0.008763 -0.013944 0.001201 -0.067227 -0.143671 0.067823 -0.007678 0.040558 -0.024768 -0.046824 -0.060091 0.125162 0.014518 -0.014646 -0.075674 0.134741 -0.042019 0.008652 0.101083 -0.000533 -0.044787 0.000000 -0.118650 -0.000606 0.001196 0.085071 -0.142072 -0.001369 0.134349 -0.099593 -0.143728 0.127505 0.019286 0.033470 0.063968 0.001792 0.021398 -0.008634 0.069435 -0.006779 0.087404 -0.009575 -0.048727 0.093817 0.128812 -0.076980 -0.160165 -0.017204 0.083203 0.030685 -0.000952 -0.116059 0.087028 -0.096888 0.065987 -0.101272 0.024823 -0.052832 0.064515 -0.000627 0.001621 0.040882 0.012861 -0.131498 0.001081 -0.055398 -0.019079 0.024442 -0.005328 -0.013181 -0.005004 -0.091912 0.000000 0.125283 -0.019913 -0.029995 0.013103 -0.074516 0.060840 -0.079895 0.002248 0.006305 -0.001621 0.000000 0.018573 -0.010325 0.131472 -0.160756 0.001870 0.141460 0.150326 -0.079843 0.081260 -0.105091 -0.123010 -0.002204 0.130731 0.014045 -0.137517 0.058573 0.095445 0.000431 -0.015615 -0.009900 0.146300 -0.017209 0.008322 0.015154 0.006401 0.020010 0.006760 0.082609 -0.036648 -0.035107 0.092145 0.038978 0.050292 -0.031411 -0.044396 0.006087 0.000000 -0.005336 0.000000 -0.005219 0.022349 0.047091 -0.072633 0.001136 -0.000305 0.000144 0.044314 -0.006141 0.002064 0.134154 -0.055882 0.000000 -0.024269 -0.093855 0.067604 -0.031249 -0.136940 0.000000 0.000397 
0.048177 -0.049502 0.739463 0.002655 -0.021939 0.007049 0.094466 -0.031948 -0.066351 0.059863 -0.131514 0.105841 -0.057117 -0.059102 0.023794 -0.034795 -0.033846 0.061605 -0.072441 -0.020116 -0.113899 -0.047908 -0.021867 0.001930 -0.078575 0.004017 0.002013 -0.073683 0.062707 0.065609 -0.028952 -0.145684 0.002154 0.144016 -0.021588 0.052016 0.067694 0.009079 -0.024751 0.164097 -0.039623 -0.071266 -0.126691 0.001381 0.075432 -0.128148 -0.013709 0.019951 -0.083559 0.117951 0.015528 -0.007655 0.016135 -0.115233 -0.085532 0.156036 -0.029308 -0.062471 -0.106335 -0.155539 0.143878 -0.077712 -0.121970 -0.122494 -0.028411 -0.032969 -0.001332 0.099587 -0.057596 -0.023252 -0.062615 -0.157717 0.021510 0.032078 -0.013261 0.002310 -0.071377 0.055849 0.097483 -0.023806 -0.029363 0.000851 0.135007 0.023943 0.037322 -0.090678 0.055723 0.043837 -0.051666 0.148393 0.135182 0.045940 0.023972 0.157186 0.054446 -0.010206 -0.051603 0.084684 -0.128191 0.059025 0.075197 -0.095487 -0.021964 -0.014358 -0.136171 -0.088986 -0.040234 0.026377 -0.088584 0.004672 0.043428 0.088411 0.017445 0.062915 0.041517 -0.057237 -0.104794 0.113829 0.027728 0.067196 -0.043068 0.007791 0.157839 -0.028559 -0.044799 0.061394 0.069341 0.049865 -0.002174 -0.134337 0.013746 0.074623 0.124184 0.131684 -0.022763 0.033611 0.012164 -0.106331 -0.012630 0.025722 -0.023321 0.034593 -0.008352 0.060767 0.031368 0.003450 0.000000 0.012268 -0.020515 -0.022563 0.014725 -0.001174 -0.054327 0.038289 -0.005302 -0.080989 -0.022942 -0.000815 -0.021124 -0.061933 -0.034314 0.051354 0.002957 -0.014665 -0.067837 -0.060317 -0.040193 0.024651 0.082738 0.051697 0.049808 0.145347 0.014111 0.000488 0.021234 -0.073253 -0.009125 0.049649 0.093909 -0.020406 0.091374 -0.024655 0.044725 -0.003269 0.084093 0.048271 0.055113 -0.010252 -0.008649 0.063246 -0.001432 -0.007324 -0.091493 0.061148 0.094650 0.157585 
-0.075415 0.062265 0.002655 0.264063 -0.007324 -0.000366 -0.011395 0.001842 -0.035010 0.124630 0.129600 -0.156865 0.026145 -0.000973 -0.055632 0.101364 -0.029447 -0.007434 0.042745 -0.052980 -0.067836 -0.101181 -0.130117 -0.039955 0.088515 -0.062419 -0.006423 0.054950 -0.029092 0.087656 -0.068090 0.003117 0.055506 0.049737 0.042254 -0.016997 -0.161525 -0.099133 0.022426 0.141910 0.073173 -0.098095 -0.157257 -0.048810 0.084539 0.025047 0.134211 0.062854 0.002056 0.033358 0.120683 -0.017190 0.008491 -0.152329 -0.007696 -0.150970 0.133524 0.115308 0.051359 -0.005462 0.089883 -0.125693 -0.072403 -0.015920 0.052542 -0.024046 -0.137695 0.040926 -0.059250 -0.010268 0.000988 -0.031646 -0.000691 0.000000 -0.054034 0.018956 -0.079565 0.057852 0.008225 -0.084357 0.012198 -0.004605 0.066314 0.003991 0.031115 -0.069126 -0.109784 -0.012407 0.016682 0.059755 -0.101688 -0.027024 0.011380 0.029095 -0.073259 -0.139851 -0.069790 0.011153 -0.063090 -0.007138 0.114259 0.143683 -0.028593 -0.054822 -0.027907 -0.015831 -0.002209 0.001306 0.034235 0.024978 -0.116965 0.060013 0.042196 -0.004639 -0.017243 0.001823 -0.000611 -0.079541 0.111149 -0.024091 -0.055742 -0.055926 0.001989 0.076798 -0.009741 0.146241 -0.043733 0.074725 0.000407 0.006116 -0.028841 -0.012892 0.098873 0.047131 -0.074966 0.018639 -0.097941 -0.064254 -0.101947 -0.004452 0.049958 0.096113 -0.039927 -0.031916 -0.030576 -0.148261 -0.035023 -0.015452 0.016951 0.085102 0.015881 -0.041975 0.027640 -0.065546 -0.130688 0.117544 0.006626 0.009433 0.050629 -0.069868 0.000187 0.025385 -0.081288 0.053657 0.041128 -0.101748 0.101654 0.020310 -0.134440 -0.024436 -0.152863 -0.048446 -0.112586 0.157910 -0.008683 0.014688 0.058572 -0.023875 -0.037443 -0.093323 -0.030098 0.114576 -0.084129 -0.079756 0.029945 0.154692 -0.008057 0.051634 -0.048282 0.014656 -0.068209 0.148451 -0.163733 0.061808 -0.008656 -0.003016 
0.067429 0.000923 -0.021939 -0.007324 3695.599080 0.019846 0.019983 0.002670 0.000000 0.031337 -0.159672 -0.007902 0.039756 -0.005407 0.044832 -0.040299 0.000000 -0.008957 0.000000 -0.097986 0.003270 -0.009278 -0.004132 0.123666 0.136856 0.098337 -0.099675 -0.076174 -0.016133 0.008143 0.045025 0.000000 -0.000448 0.107396 0.100496 0.035105 -0.001969 0.000000 0.031912 0.051795 0.000000 -0.000947 0.048479 -0.024927 0.012287 0.001378 -0.029939 0.062278 -0.007729 -0.141584 0.002854 -0.000904 0.037421 0.166519 0.052098 0.047825 0.082072 -0.006588 -0.007923 -0.132650 -0.035391 -0.100854 -0.035491 0.036015 -0.032444 0.001474 -0.109310 -0.014841 -0.069832 -0.013462 0.008583 0.122465 0.003604 0.003640 0.036218 -0.112159 0.147921 0.000000 -0.167741 -0.002037 0.000000 0.145342 0.057718 0.025758 0.021030 -0.069760 -0.036416 0.041634 0.086282 -0.005202 0.065924 -0.054535 0.047016 -0.130284 0.070824 0.016714 -0.000511 0.024197 -0.146100 0.039602 0.003512 0.072100 0.051642 -0.009246 0.033306 -0.070559 -0.069600 0.079186 -0.005795 -0.053043 0.020990 -0.110070 -0.000608 0.000146 -0.018440 -0.004805 0.002817 0.001073 0.027408 0.010754 -0.100000 -0.092274 0.000374 -0.007624 -0.031649 0.126566 0.111261 0.160211 0.004784 0.121369 -0.013110 0.035199 -0.021508 0.117497 -0.049714 0.022251 0.028372 -0.155636 0.023970 -0.004204 0.063457 0.024670 -0.118988 0.059275 -0.007116 0.165092 -0.054905 0.000000 -0.019155 -0.000671 0.127027 0.025163 0.038287 0.135187 -0.007576 -0.062931 0.048568 0.000699 -0.003599 0.064187 -0.028440 0.151523 0.043908 0.114434 0.006941 0.127468 0.015574 -0.039974 0.105871 -0.076270 0.118702 0.005465 0.000000 -0.029962 0.093409 0.018967 -0.018139 -0.007684 -0.033266 0.033704 -0.139079 0.047467 0.010795 -0.015191 -0.000265 0.066539 -0.008116 0.010615 0.012508 0.004993 0.000000 0.069118 0.013254 -0.000487 0.000000 0.039603 
-0.001628 -0.009581 0.007049 -0.000366 0.019846 67.665905 0.130181 -0.136976 0.036773 0.100981 -0.159506 0.155787 0.035325 0.065257 0.015316 -0.064732 -0.019166 0.069708 -0.130283 0.159940 0.064786 0.141650 -0.022086 -0.003600 -0.043574 0.111677 0.020508 0.015177 0.058667 -0.018274 0.028298 -0.055119 0.002978 -0.033450 0.062997 0.041902 -0.005305 0.002324 0.073470 -0.110777 -0.001239 -0.026333 0.008685 0.099107 0.038569 -0.151157 0.019848 0.039229 -0.104043 0.084483 0.005108 0.108641 0.082828 -0.128224 0.092709 0.000530 -0.092901 0.000000 -0.059466 -0.117999 -0.025974 -0.004287 0.131620 -0.000202 0.010705 -0.077643 0.051790 0.004436 0.136616 -0.007907 -0.003620 -0.046111 -0.019383 -0.002670 -0.022205 0.083341 -0.006545 0.039327 -0.015409 -0.013930 0.013511 -0.040390 -0.152239 -0.024892 0.059943 0.001124 -0.015198 -0.035376 -0.003861 0.000837 0.008363 -0.109336 0.000000 -0.056557 0.121704 0.016975 -0.012998 -0.016516 0.002971 0.018296 0.023138 -0.020653 0.091710 0.014542 0.007802 -0.125767 0.032442 -0.009908 0.000514 -0.001094 -0.085153 0.073575 -0.001627 -0.001065 -0.031875 -0.104352 -0.017991 0.005654 -0.132824 0.015356 0.075974 -0.003737 -0.006100 -0.054234 -0.002320 -0.001947 0.157804 -0.060622 0.050979 0.099929 -0.002843 -0.025565 -0.007318 0.077685 -0.001816 -0.054826 -0.038786 -0.066872 0.012161 -0.071781 0.000774 -0.015411 -0.001257 0.011320 -0.003570 -0.011727 0.029857 0.093831 0.030591 0.102736 0.111224 -0.021061 0.100834 0.012667 -0.001277 0.026568 0.036405 -0.009745 0.065616 -0.016737 0.089463 -0.124796 -0.026544 0.037696 -0.028310 -0.054770 0.026754 0.000696 0.012893 0.113318 0.028715 -0.002529 -0.003259 -0.082946 0.029778 -0.125063 0.139212 0.037264 0.056666 0.038974 0.068995 0.002047 0.080892 0.011733 -0.000327 -0.009511 -0.002361 -0.102609 -0.059067 0.136298 0.128201 -0.026940 -0.003370 -0.082995 0.069342 0.054278 
-0.043902 0.090241 0.094466 -0.011395 0.019983 0.130181 6.383537 -0.061824 -0.092751 -0.019207 -0.082230 -0.124094 -0.061629 -0.019975 -0.116273 -0.037518 0.026201 0.002878 -0.013007 0.000106 -0.114091 0.132485 -0.028243 -0.003241 0.000189 -0.069787 0.014201 0.058579 0.104514 0.024576 0.070785 -0.165626 0.132296 0.134710 0.095919 -0.027726 -0.007421 -0.032392 -0.058798 0.129914 0.010916 -0.049252 -0.026495 -0.005058 0.112763 0.009646 0.000713 -0.117555 -0.052861 0.014708 -0.059795 0.004517 0.068266 0.051736 -0.104137 -0.021662 0.039907 -0.056494 0.041706 -0.070444 0.023860 0.145684 -0.004470 -0.065880 0.021141 0.000821 0.092183 -0.022024 -0.120557 0.005191 -0.000885 -0.128070 0.002359 -0.064257 0.007520 -0.042290 0.000119 0.008388 0.027058 -0.001793 0.124542 0.129055 0.043700 0.025506 -0.137464 -0.007818 -0.011708 -0.025000 0.011001 0.033486 0.022444 -0.091742 0.021242 0.082798 -0.064859 0.021516 -0.003058 -0.044826 0.082920 -0.028971 0.020849 0.111793 0.026562 -0.094027 0.105587 0.153738 -0.007899 -0.005637 -0.139954 0.148552 -0.125376 -0.004967 0.118476 -0.009985 -0.027764 -0.020487 0.018009 0.003588 0.067436 -0.055304 -0.005646 0.152493 0.044432 -0.103648 0.091097 0.154756 0.147551 0.091688 -0.041931 -0.151956 0.032113 -0.009764 -0.013726 0.092320 -0.063062 -0.043157 -0.128609 -0.152295 0.049638 0.148816 -0.084859 -0.118234 0.148637 -0.001325 0.079938 -0.055922 -0.111969 -0.042756 0.020864 0.012861 0.039413 0.059218 0.018442 -0.025585 0.000000 0.112099 -0.032959 -0.001174 -0.045592 0.013354 0.043166 -0.004913 -0.121261 -0.114365 0.018417 0.047002 -0.045170 -0.037109 0.053263 -0.047971 -0.024985 0.108274 0.083037 0.102081 0.083752 -0.038199 -0.071934 -0.151647 -0.076149 -0.079451 0.031131 0.042046 0.009934 0.030851 0.025625 0.128866 -0.093170 -0.002850 0.001319 0.108355 -0.014358 -0.061736 0.011968 -0.017408 0.027839 -0.130310 
-0.002989 0.003162 -0.031948 0.001842 0.002670 -0.136976 -0.061824 61.461303 -0.006716 -0.026987 0.005845 0.068665 -0.002202 -0.083606 0.056584 -0.074348 0.054501 -0.002567 -0.001257 0.018782 -0.135710 0.008761 -0.007617 -0.088001 -0.076363 -0.000285 0.000476 -0.133017 -0.040954 0.001388 0.086381 -0.074927 0.060880 0.004157 -0.079882 0.090169 -0.002768 0.080180 0.018975 -0.110299 0.002215 0.167269 -0.006455 -0.034675 0.153528 0.011570 -0.003764 -0.078516 -0.005692 0.000000 0.151840 0.015840 -0.016294 -0.148548 -0.017226 0.124466 -0.053941 -0.086097 -0.021072 -0.040492 -0.101969 0.004216 0.052956 0.117640 -0.003667 -0.004864 0.098280 0.039390 0.027054 0.070644 -0.009030 -0.004512 -0.059344 -0.033449 0.160857 0.096618 -0.100126 0.116354 0.003540 -0.046503 -0.002466 -0.008719 -0.008378 -0.017824 0.104969 -0.005228 0.057108 -0.101939 -0.102664 -0.001555 0.070656 -0.103041 0.056930 0.047011 0.102397 0.108419 -0.001627 0.003059 -0.014271 0.018877 -0.033428 0.144888 -0.017572 0.083099 -0.014343 0.022560 0.004948 0.086846 0.000840 0.038573 0.082946 0.011756 -0.007021 0.049574 -0.013112 -0.080317 0.006069 -0.113249 -0.015292 0.114505 -0.012093 -0.013243 -0.091708 0.014894 -0.018815 -0.014216 0.080597 -0.167718 -0.086793 0.070157 0.147819 0.028138 0.159058 0.091003 0.043297 -0.067457 -0.005118 -0.021607 0.005575 -0.029333 0.003203 -0.002806 -0.043801 -0.001155 0.026230 0.003368 -0.000417 0.002092 -0.003151 0.019878 -0.039868 0.009902 -0.089369 0.017749 0.006676 -0.152008 -0.073003 0.040528 -0.092191 -0.097369 0.111806 -0.082104 -0.088944 -0.061653 0.103511 -0.166482 0.004193 -0.144067 -0.064463 -0.004635 0.002466 0.013859 0.051823 -0.001030 0.093446 -0.040567 0.014703 0.002004 -0.126292 -0.001458 0.001385 -0.021362 0.008058 0.000000 0.004006 0.001579 -0.000482 -0.001534 -0.007005 0.126042 -0.063077 -0.017343 -0.003136 -0.004334 -0.036393 -0.135593 
-0.010900 -0.020336 -0.066351 -0.035010 0.000000 0.036773 -0.092751 -0.006716 9535.016275 -0.093761 -0.008866 0.146673 0.007784 0.008572 0.033681 0.014619 0.002745 0.007860 -0.036889 0.037493 0.151193 -0.030778 0.013517 -0.132967 -0.079848 0.070199 0.146997 0.033331 -0.138943 -0.134439 -0.066106 0.015902 0.000000 -0.019098 -0.097604 -0.155161 0.003587 -0.003763 0.024721 0.025704 -0.064191 0.000000 -0.006084 0.015298 -0.001517 0.161869 0.004557 -0.096212 -0.134600 0.102311 -0.055414 -0.001104 -0.120572 -0.038837 -0.017508 0.002922 0.026490 -0.018463 0.027172 0.008460 0.021922 0.011886 0.071815 0.058806 0.005347 -0.029841 0.004440 0.149552 0.104330 -0.005669 0.012417 0.005561 -0.023979 0.041809 0.011149 -0.110129 -0.163073 0.000000 -0.094258 0.116356 0.000000 0.096906 0.001329 0.034285 0.066859 -0.010968 0.102750 -0.122117 0.001729 -0.093853 0.000000 -0.077848 -0.004208 0.080089 0.042792 0.100785 -0.000777 0.001449 0.025275 -0.144482 0.053138 -0.156133 -0.009717 -0.003039 0.038038 -0.060605 0.147983 0.001066 -0.000403 -0.009925 0.035461 -0.100156 -0.165573 0.008450 0.097532 -0.092916 -0.000797 -0.004873 -0.050556 -0.074201 -0.026983 -0.002269 0.008477 0.055442 0.104231 0.004707 -0.013094 -0.126683 -0.080370 -0.005179 -0.073405 0.078210 0.055880 -0.002122 -0.017525 -0.130592 0.020756 -0.053546 -0.072521 -0.146338 0.000000 0.008166 -0.162343 0.062044 0.001985 0.000531 -0.042873 0.089548 -0.001041 0.000000 0.015934 0.026269 -0.014095 0.070880 0.013705 0.002793 -0.000297 0.041394 0.008709 -0.127403 -0.003631 -0.047162 -0.104493 0.000882 0.119040 0.060885 0.001042 0.160163 -0.071668 -0.006044 -0.038683 0.009785 0.000945 0.000000 -0.007310 0.017541 -0.060800 -0.030711 -0.048536 0.046221 -0.015061 -0.102748 -0.013557 -0.000272 0.062280 0.003470 -0.095111 0.088880 -0.000964 0.010387 0.003008 -0.112213 0.006450 0.000000 0.000000 0.084121 
-0.114408 0.046892 0.059863 0.124630 0.031337 0.100981 -0.019207 -0.026987 -0.093761 20.025484 0.035635 0.051295 0.008609 -0.025076 0.008227 -0.014220 0.104261 -0.007726 0.110816 -0.003194 0.145551 -0.138052 0.115529 0.082897 0.100756 -0.043143 -0.087852 0.159439 0.019335 -0.121709 -0.104672 0.018325 0.143728 0.022753 -0.046903 -0.030457 -0.014083 0.055287 0.046072 -0.020331 -0.051338 0.130927 -0.146445 0.135408 0.167602 -0.055894 0.096820 0.001311 -0.107536 -0.123649 -0.032598 0.088870 0.002264 -0.152025 0.054617 -0.010699 -0.074656 -0.162024 0.066321 0.046957 -0.034255 0.137159 0.001398 -0.142836 -0.016888 -0.013482 -0.073058 0.014348 0.011698 -0.006924 0.015450 0.061673 0.124238 -0.046588 -0.071922 0.013822 -0.002609 -0.001345 -0.012209 0.085183 -0.103900 0.066542 -0.075709 0.035088 -0.041507 -0.153474 0.079555 0.015025 -0.094768 0.014212 0.031430 -0.032287 0.114971 -0.008930 -0.081562 0.098327 0.037003 -0.020746 -0.161715 -0.048796 -0.067969 -0.069440 0.000542 -0.052102 -0.034145 -0.016504 0.071446 0.111881 -0.105287 0.050821 0.047812 0.126324 -0.084118 -0.160602 0.002535 -0.062256 -0.058303 -0.118116 0.070493 0.141097 0.107863 -0.038481 0.004314 -0.000232 -0.017479 -0.076759 -0.135965 -0.132658 -0.004756 0.020688 -0.011562 -0.157514 -0.115569 0.054897 0.125670 0.091269 0.092278 -0.073474 0.030397 0.081003 -0.121243 0.109972 0.004797 0.013366 0.132746 0.120639 -0.081147 -0.034958 0.161533 0.057139 0.003390 0.107656 0.001358 -0.072250 -0.132738 -0.139937 0.002596 -0.106521 -0.003560 -0.000317 -0.112332 -0.106896 -0.044134 -0.050696 -0.027942 0.043656 0.146817 -0.105159 -0.011962 0.010328 -0.023261 -0.079970 -0.075333 0.003434 -0.107230 0.045063 0.087330 -0.112341 0.044281 -0.019422 0.005400 0.116881 -0.132697 0.026509 -0.014715 0.010400 -0.007082 -0.010335 -0.014519 0.054851 -0.061280 -0.026135 0.006599 0.065382 0.003229 0.023160 
0.013618 0.026700 -0.131514 0.129600 -0.159672 -0.159506 -0.082230 0.005845 -0.008866 0.035635 26.635844 -0.056225 -0.015256 0.026156 -0.004554 0.000727 0.136503 -0.050305 0.160688 0.060838 -0.001223 0.017005 0.036911 -0.073096 0.016545 0.167126 -0.033006 -0.167746 0.052488 0.015065 0.121987 -0.027138 0.040619 0.001264 -0.000785 -0.073838 -0.058183 -0.013030 -0.076833 -0.050038 -0.003956 -0.030806 -0.075926 0.072901 -0.089662 -0.104444 0.121307 -0.048403 -0.000687 0.032513 0.014319 0.005166 -0.096668 -0.038916 0.044353 -0.044989 0.140447 -0.031508 -0.052176 0.029992 -0.024919 0.009363 -0.026110 0.034861 0.134832 0.068055 -0.058297 -0.165159 -0.046058 0.153752 -0.058269 -0.005646 0.130130 -0.031181 0.012798 0.091482 0.004813 -0.010331 -0.056910 0.135209 0.001009 0.018660 -0.000151 0.155400 0.074652 0.166028 0.000000 0.035325 0.070372 -0.102265 -0.009890 -0.103243 -0.013382 -0.072824 0.013851 -0.023977 0.001096 -0.002580 -0.145682 0.144321 0.012466 -0.057834 0.037410 -0.012291 0.055149 -0.035699 0.019451 -0.010350 0.101412 0.004430 -0.132398 -0.050190 -0.052954 -0.062287 -0.057873 -0.079608 0.023480 -0.017387 0.019602 -0.045275 0.031068 0.137004 0.168153 0.037176 -0.138036 0.131685 0.098022 0.024251 0.164338 0.016429 -0.030142 0.063453 0.147513 -0.054868 0.009621 -0.050590 0.014702 0.139894 0.134535 -0.056970 -0.155120 0.116301 -0.030743 0.061489 0.006994 0.054241 0.034343 0.009210 -0.026811 -0.011538 -0.069701 -0.025859 0.009634 0.103239 0.016128 -0.045751 -0.124897 0.127919 -0.033897 0.117100 0.018473 0.144335 0.000000 -0.114509 -0.078102 -0.090298 0.048128 0.082488 0.076675 -0.026875 0.151125 0.065614 -0.084107 0.087926 -0.022314 -0.002011 -0.022313 0.155953 -0.002029 0.078275 -0.112887 0.004674 0.055098 -0.003733 0.144159 0.006957 -0.041780 -0.152085 -0.088997 -0.000141 -0.004792 0.045352 -0.008594 0.001138 -0.082381 0.017484 
0.061506 0.029326 0.105841 -0.156865 -0.007902 0.155787 -0.124094 0.068665 0.146673 0.051295 -0.056225 5.559562 0.018123 0.153590 0.104458 -0.003466 -0.082581 -0.056671 0.133729 -0.077800 0.007855 -0.025773 0.004827 -0.027559 0.148408 0.001997 -0.042225 -0.128088 -0.148261 -0.020453 0.027119 0.018272 0.089495 -0.000432 -0.005142 -0.010430 -0.009601 0.051992 0.055418 -0.164244 0.140943 0.117651 -0.105517 0.084453 0.111220 -0.033813 -0.025671 0.060560 0.047781 0.140180 -0.143985 -0.015854 0.047657 -0.119346 0.149050 -0.140187 -0.007335 -0.051764 -0.096497 0.044272 0.062532 -0.059210 -0.071901 0.042727 0.040319 -0.072794 -0.123360 -0.022444 0.090087 -0.008717 -0.156846 0.003093 0.098457 0.033784 0.067354 0.075115 -0.042167 0.015924 0.072483 0.062528 -0.123329 0.087774 0.009873 0.161991 -0.006984 -0.027874 0.038003 -0.069316 0.048445 0.020415 -0.004409 -0.036838 -0.027238 0.110486 -0.086493 0.138942 0.001836 0.005747 -0.061084 0.026131 0.018271 0.049298 0.041391 -0.007832 0.143822 -0.083564 -0.113306 0.044299 -0.038862 -0.006002 0.001202 0.024953 0.004056 -0.028715 -0.045905 0.082286 0.101018 0.009580 0.025134 0.068055 -0.085843 -0.012846 -0.117879 -0.121248 -0.042815 0.035688 0.053413 0.047883 0.029237 0.003475 0.005533 -0.081225 0.034890 -0.021511 0.002032 -0.100009 0.146508 -0.094731 0.075641 0.000953 -0.069311 -0.077721 -0.021378 -0.092930 -0.133275 -0.077434 0.023491 0.009036 0.010609 0.065207 -0.005706 -0.026464 -0.039925 -0.148873 0.153376 0.149033 0.020095 0.042595 -0.000292 0.067781 -0.007971 0.013236 0.012348 0.120865 0.033227 -0.064225 -0.109716 0.027773 -0.055724 -0.012461 -0.090256 0.000000 0.027127 0.000166 0.008409 0.107148 -0.000672 0.019490 -0.070445 -0.054752 0.006285 -0.002247 0.019692 0.040364 0.161537 -0.024227 -0.053286 0.044401 -0.007995 -0.033723 -0.158728 -0.004102 0.033442 0.020502 0.064234 -0.096560 
-0.018366 -0.021510 -0.057117 0.026145 0.039756 0.035325 -0.061629 -0.002202 0.007784 0.008609 -0.015256 0.018123 1296.578133 -0.014160 -0.062415 -0.020816 -0.035481 0.000340 -0.024372 0.005661 -0.001091 -0.077213 0.006709 -0.014777 -0.057714 0.108058 0.066247 -0.001057 -0.000229 -0.004474 0.146312 -0.085802 0.024776 -0.118428 0.049968 0.033986 -0.001872 -0.011152 0.073602 -0.087264 -0.001107 0.000000 0.103048 -0.024851 -0.021157 0.008270 -0.015372 -0.001287 -0.008137 0.039403 0.089273 0.006333 0.112774 -0.023838 -0.097107 -0.072964 0.028687 -0.108847 0.076263 -0.099586 0.154678 -0.080117 -0.027126 -0.125112 0.000000 0.158950 0.082063 -0.136225 -0.108371 -0.003645 0.093737 0.001460 -0.102419 -0.055285 0.007763 0.157992 -0.016786 0.014720 0.162443 -0.085468 -0.060291 -0.008443 0.064897 0.001547 -0.014860 0.074473 0.066368 -0.024766 0.003270 -0.036995 -0.097181 0.006585 0.048024 -0.114587 -0.138426 0.005025 -0.024848 -0.001779 -0.089725 -0.097876 0.096901 -0.037756 -0.083418 0.012200 -0.098444 -0.050729 0.041734 -0.094717 0.002518 0.000000 -0.012166 0.009735 0.000000 0.038513 -0.026138 0.022480 -0.020286 -0.007039 0.012476 0.019945 0.054091 -0.019382 -0.100037 -0.017901 -0.054251 0.008739 -0.001119 0.080277 -0.020357 -0.027075 0.113912 -0.120480 0.004152 0.015976 -0.063332 -0.020600 0.038179 -0.086749 -0.001916 -0.153458 0.058968 -0.015416 -0.027434 0.109627 0.030370 0.004802 0.066214 0.067972 0.000588 0.010578 0.110856 0.039230 0.015729 0.000692 -0.010865 -0.076426 0.000000 0.042412 0.012479 -0.038401 0.099709 -0.140828 0.023018 0.007946 -0.089364 0.136568 0.094908 -0.125078 0.049504 0.025866 0.087262 0.000000 0.000000 0.001238 0.055261 0.080312 0.060933 -0.052865 -0.060562 -0.100215 -0.065017 -0.124743 0.001483 0.083501 0.019642 -0.006845 0.012468 -0.061953 -0.002285 -0.006602 0.087723 0.002954 -0.036246 -0.091359 0.016144 -0.024522 
0.145193 -0.092573 -0.059102 -0.000973 -0.005407 0.065257 -0.019975 -0.083606 0.008572 -0.025076 0.026156 0.153590 -0.014160 0.332874 0.014490 0.053451 -0.035695 -0.069127 0.124981 -0.042562 0.029357 -0.012570 0.156993 -0.005720 0.099980 0.061656 -0.033833 0.049963 -0.089019 -0.038905 0.026257 0.018797 -0.003019 0.061819 0.061426 0.086015 0.001727 -0.043519 0.023351 0.012363 -0.102416 0.114562 0.000000 -0.001106 -0.052538 0.039812 -0.002025 0.105538 -0.067064 -0.016018 0.104821 -0.126463 0.099525 0.009950 -0.051388 -0.038234 0.124239 -0.000434 0.096230 0.095449 0.040513 0.055469 0.033191 0.091647 -0.025796 0.068644 -0.030915 -0.027674 0.037912 0.079026 -0.100012 -0.028107 0.035727 0.000174 -0.015921 0.054374 -0.013825 0.033666 -0.076958 0.042304 0.135698 0.168501 -0.028427 0.094885 0.043844 -0.032290 -0.033441 0.001910 -0.040056 -0.005829 -0.141116 0.010248 0.064288 0.052477 0.060824 0.054066 0.073687 -0.020897 0.074367 -0.081510 -0.067492 -0.010515 -0.162321 -0.045347 0.005761 -0.095691 0.016831 -0.036680 0.111629 -0.038356 0.058225 0.113278 0.075343 -0.059471 -0.014146 0.074622 0.044597 0.100304 -0.135742 -0.013000 -0.004821 0.025583 0.151339 0.022841 -0.055014 0.093229 -0.160442 -0.035364 -0.029468 0.082642 -0.145538 -0.109600 0.005772 0.036947 0.002486 -0.009214 -0.057798 0.036779 0.028303 0.052420 0.004135 -0.028405 -0.030102 -0.029369 -0.079593 -0.041242 -0.048666 0.027705 0.011525 -0.061124 0.015568 0.045747 0.088492 -0.069335 0.012269 -0.100690 -0.000630 0.024060 0.004253 0.114130 -0.072166 -0.085354 -0.097067 0.033798 -0.014414 -0.132916 0.088910 0.013698 -0.039833 -0.110709 0.061332 -0.068305 -0.027790 0.093873 0.140684 -0.069533 0.065454 0.149553 0.023601 0.054688 -0.003511 -0.023980 0.057638 0.004791 -0.121298 -0.021522 -0.158341 0.053437 -0.124418 -0.095932 -0.108340 -0.088501 0.152038 -0.051787 0.025740 0.097960 
0.008205 0.106231 0.023794 -0.055632 0.044832 0.015316 -0.116273 0.056584 0.033681 0.008227 -0.004554 0.104458 -0.062415 0.014490 7.912982 0.000000 0.060732 0.003135 0.003641 -0.012414 -0.055821 0.011003 -0.031148 -0.055164 0.009275 -0.006909 0.141217 -0.013184 0.091505 -0.022254 0.091432 0.078529 -0.105559 -0.072707 -0.115877 0.000947 -0.052965 0.068661 -0.024101 -0.029177 0.117257 0.007785 0.096194 0.046466 0.016953 -0.056252 -0.051915 0.023337 -0.020226 0.070623 -0.151590 0.081875 -0.066456 -0.124943 -0.043358 -0.000103 0.046472 -0.001826 -0.142863 -0.086946 0.027256 -0.027093 0.022092 0.131753 0.122675 0.023838 -0.028203 -0.043519 0.054481 0.047376 0.019375 0.090926 -0.044172 -0.039141 0.105670 -0.138095 0.101274 -0.068855 0.015048 0.005971 0.003571 -0.043734 -0.074900 -0.047273 0.000256 -0.000488 0.041975 0.112014 -0.143333 0.062537 -0.032502 -0.160423 0.078580 -0.064670 -0.008552 0.054474 -0.036054 -0.086300 0.050101 -0.160702 -0.036975 0.081067 0.001216 -0.052647 0.086433 -0.003598 -0.167080 -0.006278 -0.050629 -0.006268 0.067980 -0.041637 0.008536 -0.020346 0.001812 0.100590 -0.089268 0.007772 -0.007989 -0.015354 -0.027652 -0.082142 -0.066971 -0.047169 0.158936 -0.038979 -0.128023 0.047028 0.055702 -0.096405 -0.017613 0.097518 0.003374 0.142388 0.086044 0.110561 0.002439 0.155484 0.069673 0.054694 0.008692 0.016764 0.015550 0.001192 0.008844 -0.112240 0.011238 -0.061090 -0.028515 0.137907 -0.042954 -0.016662 -0.136058 -0.081238 -0.126664 -0.000124 0.060127 0.068997 -0.034922 0.033995 -0.146640 0.132126 0.000000 0.070936 -0.135244 0.087241 0.020441 -0.034154 0.075848 0.160285 -0.063670 -0.108577 -0.140145 0.099729 0.028533 -0.148900 -0.009684 0.051504 -0.019132 0.133223 -0.060872 0.063246 0.127392 -0.000557 -0.055144 0.129893 -0.083059 -0.166182 -0.071357 0.053941 -0.023853 -0.018460 0.031125 0.081738 -0.060074 0.084685 
-0.031255 -0.023073 -0.034795 0.101364 -0.040299 -0.064732 -0.037518 -0.074348 0.014619 -0.014220 0.000727 -0.003466 -0.020816 0.053451 0.000000 27.200683 -0.112599 -0.157455 0.101808 -0.024274 -0.032242 0.125546 -0.084431 -0.007906 0.001581 -0.053018 -0.144058 0.045991 0.051341 -0.034824 0.001407 0.031440 -0.018037 -0.034018 0.121078 0.036134 -0.039691 -0.092075 -0.027949 -0.027292 -0.005069 0.131408 0.110837 0.033090 -0.022931 -0.037905 0.075605 -0.003403 0.070583 -0.085992 -0.147209 0.008691 -0.045025 0.001296 0.004188 -0.002887 0.018704 -0.008820 -0.064580 -0.030513 0.107893 -0.020452 0.055382 0.004834 0.056680 -0.000399 -0.051100 0.038779 -0.016211 0.062337 -0.018434 0.043810 0.053929 0.089248 -0.008408 0.088004 0.000589 -0.006816 0.002964 0.000646 0.091586 -0.127188 -0.025518 0.003628 -0.077011 0.020937 0.001954 0.021418 -0.000863 -0.036940 -0.050785 -0.047326 0.042781 -0.067924 -0.058473 0.019138 -0.005523 0.075500 -0.089715 0.103864 0.028018 0.085952 -0.001753 -0.001746 0.004858 -0.110558 -0.052398 0.041792 0.047328 -0.011175 0.054303 -0.083186 -0.019367 0.154834 -0.124678 -0.011592 0.151466 -0.002730 -0.055462 -0.006695 0.006073 0.048745 0.042275 0.144582 -0.021029 0.064340 0.018358 0.061116 -0.133006 0.162586 -0.070421 0.015684 0.036063 0.072794 -0.096550 -0.071475 0.001448 -0.070290 0.016199 -0.015904 -0.015937 0.033179 0.032997 0.046587 -0.015264 0.053285 0.096831 -0.051377 -0.001193 -0.004619 -0.025044 0.042925 -0.026448 0.119761 0.054314 0.000982 -0.067377 -0.111713 0.057579 0.067988 0.024486 0.019270 -0.094318 -0.084287 -0.041134 -0.087767 0.021618 -0.121725 0.027957 0.070120 -0.070615 0.032004 0.029250 0.135378 -0.128511 -0.090447 0.036024 0.070110 -0.123022 -0.059489 0.077668 -0.099015 -0.103393 0.005333 -0.107401 0.124430 -0.018832 0.053720 -0.094025 -0.040193 -0.007043 0.000382 0.053595 0.034821 0.118616 0.000000 
-0.001701 0.000000 -0.033846 -0.029447 0.000000 -0.019166 0.026201 0.054501 0.002745 0.104261 0.136503 -0.082581 -0.035481 -0.035695 0.060732 -0.112599 1140.103423 0.001350 -0.001903 0.036149 0.001857 0.085508 0.090051 0.064573 -0.010120 0.126664 0.015197 0.024191 0.000989 0.002945 0.002210 0.094177 -0.001075 0.077057 -0.076691 0.047158 -0.004912 0.123466 -0.008007 -0.009274 0.000000 -0.043041 -0.008788 -0.070459 0.098821 -0.016965 -0.106218 0.084067 -0.019751 0.068994 0.102719 0.008971 -0.164498 -0.083799 -0.016494 -0.006644 0.164726 0.024511 -0.087822 -0.114088 -0.127811 -0.124652 -0.085635 0.004660 0.009148 -0.001763 0.005577 -0.138738 0.152613 -0.128726 0.000413 -0.022951 -0.062855 -0.006606 0.054552 -0.004441 0.077719 -0.153275 0.130580 -0.028998 0.000612 0.105634 -0.113810 -0.043365 -0.005147 0.012666 -0.028022 0.036948 -0.000709 0.000514 0.007870 -0.033334 0.012134 0.014201 -0.031501 -0.016215 0.050012 -0.095352 0.148117 -0.029172 -0.013832 0.007942 0.129915 0.013154 -0.079781 0.115874 0.088372 -0.068723 0.002337 0.127595 -0.104728 -0.000518 0.000000 -0.021005 -0.109595 -0.152136 -0.022097 0.107050 -0.135921 -0.124001 -0.022249 -0.000649 -0.106160 0.027240 -0.088488 0.001101 -0.007902 0.158200 -0.000342 0.013758 -0.053932 0.060776 -0.025866 0.077418 -0.142486 -0.011453 -0.016628 0.012315 -0.122343 -0.024049 -0.001680 -0.035776 -0.018986 0.115439 0.021723 -0.007694 -0.008844 -0.054311 0.163619 0.063516 0.007022 0.035016 0.000472 -0.031229 -0.009488 0.064175 -0.000495 -0.062221 -0.003422 0.058247 0.089713 -0.063927 0.069180 0.058704 -0.019945 -0.046372 -0.048686 -0.106071 -0.001084 0.000000 -0.079781 0.002188 0.060286 -0.004244 -0.001762 -0.007067 -0.017622 0.000000 -0.124347 -0.033925 0.057514 -0.154459 0.007462 0.021473 0.012214 -0.068703 0.034303 -0.116281 0.070461 -0.064546 0.060634 0.023725 0.000000 0.005471 0.003465 0.044839 
-0.000902 -0.047191 0.061605 -0.007434 -0.008957 0.069708 0.002878 -0.002567 0.007860 -0.007726 -0.050305 -0.056671 0.000340 -0.069127 0.003135 -0.157455 0.001350 174.510945 -0.136262 -0.083193 -0.000836 0.109239 0.011895 -0.125178 -0.096218 -0.087960 -0.041220 -0.033432 0.005186 0.044396 0.036668 0.056980 0.000000 -0.077899 -0.165537 0.041435 0.023058 -0.072865 -0.109853 -0.151950 -0.005985 -0.000327 -0.092269 -0.012608 -0.001808 0.026043 0.007594 -0.050916 -0.051420 -0.006210 0.063792 -0.082271 0.071782 -0.001506 -0.105589 -0.117902 0.122958 -0.039863 0.117906 0.023899 -0.007135 -0.025523 0.027958 -0.064165 -0.015351 0.002359 0.012472 0.057933 -0.148470 -0.001183 0.029980 -0.142788 -0.002367 -0.000661 -0.003049 -0.003658 -0.081446 -0.002200 0.138618 -0.049819 -0.048281 -0.003895 0.003706 0.009175 0.041650 0.153473 0.018008 -0.120480 0.005185 -0.002017 0.006400 -0.114854 0.006778 0.130842 0.025119 -0.057034 -0.002396 0.002313 -0.005377 -0.041703 0.000000 -0.144015 0.005230 -0.055089 -0.000805 -0.026940 -0.100013 0.114805 0.004102 -0.020266 -0.062560 -0.012994 -0.083457 0.108009 -0.033037 0.014539 0.020026 0.003180 -0.039496 -0.051426 0.167084 0.001897 -0.020292 -0.000613 -0.076290 0.000703 0.012328 -0.039912 0.094863 0.061640 -0.093385 -0.002184 0.002084 0.007940 0.035942 0.060887 0.000848 0.038338 0.104887 0.045290 -0.010011 0.000150 0.012635 0.000000 -0.161918 -0.000491 -0.001798 0.062338 -0.089261 -0.091196 -0.138087 -0.062954 -0.050713 0.000840 -0.003913 0.001459 -0.005273 0.074978 -0.051631 0.025263 -0.091956 0.106578 -0.133013 0.040508 0.135078 -0.116208 -0.012784 0.029922 -0.008511 -0.003631 0.131212 -0.001568 0.055345 -0.005688 -0.018514 -0.015812 0.020536 0.067005 0.034726 -0.007472 0.000000 0.005317 -0.014578 0.000000 -0.000621 0.056552 0.020784 0.000000 0.131774 0.121542 -0.013391 -0.013535 -0.001598 -0.002063 -0.001120 0.061601 
0.003080 -0.012944 -0.072441 0.042745 0.000000 -0.130283 -0.013007 -0.001257 -0.036889 0.110816 0.160688 0.133729 -0.024372 0.124981 0.003641 0.101808 -0.001903 -0.136262 224.156587 -0.018573 -0.017808 -0.003081 -0.004528 0.096443 0.016168 -0.005875 -0.057468 0.006486 -0.129688 0.003441 0.014668 0.081530 0.000000 0.085270 -0.077382 -0.049151 0.033285 0.002024 0.065657 0.040411 0.001308 0.003026 -0.000737 -0.040139 -0.004067 0.003987 -0.003089 -0.073491 -0.003209 0.007403 -0.026292 -0.063259 -0.007844 0.151838 0.003637 0.106078 -0.103811 0.019219 0.161052 -0.015033 0.004231 0.076754 0.019096 -0.045686 -0.025187 0.000678 0.038198 0.012390 0.047012 -0.000289 0.041716 0.012397 -0.154643 0.044674 0.008174 0.003139 0.069515 -0.007062 0.004012 0.033054 0.000000 0.132526 0.095200 0.016910 0.009798 -0.022292 -0.004803 0.051254 -0.049739 0.089389 0.103370 0.067933 -0.048206 0.029512 0.043903 0.024303 -0.042787 -0.036738 -0.057594 0.067626 0.094892 0.046087 -0.096481 -0.007434 0.036287 -0.040517 -0.151188 0.143006 -0.087817 0.023573 0.022029 0.022167 0.000950 -0.002857 0.118306 -0.157021 0.043684 0.070692 0.008259 -0.047515 -0.050285 0.073223 0.056817 -0.005005 0.036681 -0.000683 0.147650 -0.014255 0.010727 -0.000858 0.095064 0.013482 0.041361 -0.040379 -0.064545 0.012846 0.000115 0.101388 -0.110108 0.021857 0.007175 -0.002707 0.068549 0.019027 0.040946 0.015256 0.001745 0.030063 -0.001405 0.012633 0.131067 -0.117983 0.019399 0.000106 -0.163865 -0.000617 0.046835 -0.018979 -0.053026 -0.011362 0.000000 0.058437 -0.122411 0.053165 0.026052 0.134406 -0.006781 -0.008192 -0.000364 -0.003090 -0.010759 -0.001797 0.000337 -0.009072 0.002942 -0.099679 0.036764 0.000396 0.044874 0.082020 0.082428 0.113052 0.000000 0.007984 -0.008303 -0.018177 -0.064785 0.012722 0.024712 0.082928 0.008396 -0.067303 -0.015823 -0.030340 -0.031077 0.000000 
-0.165446 0.031344 -0.020116 -0.052980 -0.097986 0.159940 0.000106 0.018782 0.037493 -0.003194 0.060838 -0.077800 0.005661 -0.042562 -0.012414 -0.024274 0.036149 -0.083193 -0.018573 35.489665 0.047103 0.018123 0.001504 -0.043834 -0.032921 0.098261 0.077117 -0.154674 -0.053969 -0.010104 -0.124621 -0.056049 -0.017484 -0.027318 -0.084428 -0.031833 0.104738 0.003865 0.046965 -0.022209 0.023205 0.139804 0.078845 0.154975 0.036741 0.000000 -0.161900 0.038127 0.001141 0.014697 -0.030531 -0.140498 0.002440 0.097975 -0.025389 0.144878 0.065309 0.024516 0.128796 0.110315 0.058108 -0.007441 0.085338 -0.000175 -0.003068 0.071919 -0.101739 0.000000 0.058161 -0.007580 0.003687 0.013646 -0.000263 0.010716 -0.016660 -0.097148 -0.006368 -0.000451 -0.118556 -0.035311 0.018990 0.144105 0.042036 -0.022562 0.013434 0.103718 -0.093569 0.047213 0.017143 -0.038741 -0.014946 0.016218 0.007885 0.014384 0.160269 0.006457 -0.122173 0.007022 0.027256 -0.042675 0.158702 -0.093243 0.024363 0.012238 0.021576 -0.011168 -0.046988 0.000239 0.024533 0.058568 0.055321 0.008997 -0.079553 0.003774 0.119766 -0.013893 0.133494 0.026323 -0.079313 -0.062161 0.020376 0.127707 0.080416 -0.018240 0.035074 -0.080963 0.004608 0.049640 -0.128478 -0.006272 0.016382 -0.060329 0.002122 0.151074 0.020904 0.016107 0.001442 0.001229 0.123277 0.008892 -0.046488 -0.044760 0.006707 -0.072866 0.143231 0.002120 -0.089736 0.020940 0.130544 0.108814 -0.019813 0.057592 0.076198 0.011902 -0.024530 -0.004732 -0.118003 -0.022298 0.047634 -0.075549 -0.008084 0.165961 -0.099626 -0.138520 -0.046600 -0.079597 0.067594 0.114280 0.001672 0.034296 -0.012741 0.004764 -0.001776 0.117178 -0.001065 0.024684 -0.003778 0.002634 0.067391 0.145214 0.009452 -0.063819 -0.017263 -0.001502 -0.089717 0.004301 0.166491 0.096906 0.148071 0.150469 0.002328 0.003106 0.158531 0.001198 0.001242 0.017733 
0.043215 0.007111 -0.113899 -0.067836 0.003270 0.064786 -0.114091 -0.135710 0.151193 0.145551 -0.001223 0.007855 -0.001091 0.029357 -0.055821 -0.032242 0.001857 -0.000836 -0.017808 0.047103 4742.739650 0.020923 -0.135676 -0.074288 0.004145 0.048472 -0.001042 -0.016590 0.001843 0.098732 -0.057752 0.156291 0.002782 -0.042659 -0.033139 -0.077677 0.000000 0.026245 0.000000 0.004637 0.142850 0.046854 0.000000 0.068762 -0.023383 0.123365 0.145232 0.089287 0.037557 -0.006712 -0.107373 0.003164 0.135695 0.037152 -0.004594 -0.041257 0.000546 0.023671 0.005725 -0.136745 0.003041 0.000158 0.049213 0.088182 -0.017833 -0.003449 -0.025597 0.041144 -0.009115 0.086308 -0.080032 -0.064296 0.030904 0.012516 0.004222 0.079661 0.112099 0.090153 -0.002460 -0.155892 0.040817 0.111628 -0.112918 -0.002208 0.017895 0.135097 0.052045 0.029850 -0.117275 0.002004 -0.002416 0.003815 0.063296 -0.013704 0.057219 0.160226 -0.000901 0.025466 0.030039 -0.109025 0.001903 -0.043612 0.010569 0.098060 -0.003542 0.024946 -0.024660 -0.058778 -0.025907 0.004089 -0.060294 0.098795 0.034688 -0.108207 -0.003362 0.068643 0.000501 0.008426 -0.023139 -0.038450 0.072182 0.125387 0.126516 -0.090999 0.142357 -0.001647 -0.002132 -0.010091 -0.041520 0.106192 -0.132011 0.092013 0.015392 -0.099578 0.031150 0.003641 0.000776 -0.042830 0.045512 -0.035869 0.001285 0.095088 -0.002853 -0.012641 -0.017391 0.004362 -0.092086 0.009343 0.075131 0.001571 -0.028113 0.040334 0.001285 -0.008512 0.008095 -0.125876 0.002218 0.003259 0.015438 0.028555 0.010733 -0.127795 -0.074742 -0.050206 -0.015969 0.021946 0.024793 0.041573 0.130981 -0.010811 0.001241 -0.062694 -0.000496 -0.000568 -0.001042 -0.057729 -0.047363 -0.006034 -0.128464 -0.034499 -0.007638 0.000459 -0.074883 0.004631 -0.002259 0.009711 0.001250 -0.020191 0.000000 -0.021657 -0.002031 -0.002635 0.003229 -0.160589 0.008051 0.011054 
