12038.145804 0.000949 -0.043475 -0.092700 0.076777 0.054074 -0.059387 0.071775 0.047424 0.007304 0.000000 0.098835 -0.020338 0.006639 0.130730 -0.062307 0.093005 -0.132696 0.009784 0.005229 0.025359 -0.046926 0.039669 0.145435 -0.042668 0.033085 -0.013122 0.079702 -0.000880 0.048540 -0.017251 0.108014 0.053386 0.000000 0.069379 0.042914 0.048765 0.000000 0.000000 0.026375 0.124089 -0.008078 0.013253 -0.066784 -0.010284 0.078307 -0.000337 -0.058248 0.056632 0.016549 -0.073766 0.025835 0.006607 0.000000 0.049566 0.047447 -0.000208 0.000000 0.053965 0.039270 0.035379 -0.104084 0.006019 0.024643 0.093857 -0.000597 0.016014 0.079477 -0.021465 -0.098293 0.018938 0.114704 0.014529 -0.090719 -0.127520 0.015411 -0.021443 -0.003369 0.000000 -0.084375 -0.122882 0.002547 -0.029780 0.017888 -0.000797 0.113046 -0.039423 0.002699 0.154642 0.040259 -0.008757 -0.024603 -0.001261 -0.091931 0.044452 -0.022055 -0.079463 -0.014354 -0.160182 -0.033038 0.161789 0.160937 -0.113038 -0.045003 -0.127292 -0.019768 -0.056560 -0.035209 -0.074257 -0.028907 -0.047189 -0.113354 -0.009584 -0.000500 -0.059922 0.023545 -0.132697 0.087265 0.037917 0.113527 0.001723 0.031445 -0.050477 -0.023618 0.016542 -0.070759 0.143449 0.003779 0.148304 -0.086350 0.125321 -0.006217 -0.000386 0.009256 0.066292 0.030588 -0.144772 0.000000 0.121659 -0.017590 0.007087 0.076050 0.096343 0.001095 -0.082093 -0.022193 -0.050701 -0.100505 -0.015257 0.003903 0.032000 0.077643 0.002565 0.000000 -0.089179 0.021505 -0.007988 -0.024504 0.093047 0.009764 0.055130 0.000771 0.049662 -0.009862 0.000000 0.000000 0.062018 -0.136770 0.002945 0.000000 -0.034767 0.001785 0.073996 0.117126 0.169091 -0.001322 0.000000 0.118777 -0.107973 -0.000520 -0.010753 0.000000 -0.167064 0.004143 -0.055018 0.046692 -0.013412 0.074117 -0.042919 -0.010398 -0.013141 0.029850 0.055820 0.002766 -0.086585 0.012726 
0.000949 363.036792 -0.074303 -0.015929 -0.057093 -0.018687 0.129693 0.037272 0.007042 -0.000101 0.017346 0.078672 -0.003237 0.000000 0.049087 0.004832 0.140981 0.007893 0.040444 -0.003877 0.021554 -0.153991 -0.056560 0.032169 -0.105318 -0.000512 -0.124764 0.101046 0.034938 -0.163590 0.147383 0.027236 -0.091427 0.006095 0.000997 0.018233 0.000915 0.001989 0.163421 -0.048113 0.066749 -0.016078 0.087016 -0.077629 -0.035685 -0.000207 -0.001516 -0.066507 0.002914 0.148444 -0.118710 0.144465 -0.136454 -0.015513 0.008693 0.168191 0.000283 -0.020580 0.007410 -0.093957 -0.056426 -0.157836 0.030474 0.009534 0.054274 -0.000741 -0.077635 0.026846 -0.024982 0.034363 -0.035335 -0.050279 -0.015210 0.039722 -0.023565 0.001474 0.115139 -0.034453 0.032766 -0.100161 -0.064569 0.000000 -0.034333 -0.063494 -0.002233 0.044584 0.003940 0.120355 0.147111 -0.023396 0.101581 0.149421 -0.059401 0.014444 -0.135363 0.003188 0.096961 0.010545 0.026902 0.007601 -0.095776 -0.000173 -0.028969 -0.015128 -0.155173 0.104467 0.023695 -0.000702 0.098210 0.042275 -0.011603 -0.050394 0.093726 -0.026203 0.021719 -0.083542 0.026501 0.069104 -0.073929 0.119013 0.015387 -0.075446 0.001638 0.055972 0.034929 -0.001774 0.074476 0.060065 -0.082292 -0.027077 0.168031 -0.017516 0.144623 -0.030132 0.104014 -0.024900 -0.147183 -0.057414 -0.124044 0.114640 0.000000 0.040782 -0.140274 -0.003042 -0.003212 0.012158 0.027558 -0.065453 -0.003173 -0.017677 -0.112663 0.050142 -0.012191 -0.016062 0.097472 -0.000329 -0.009554 0.000000 -0.042275 -0.039172 0.015045 -0.031895 0.015094 -0.108712 0.005282 -0.096059 -0.104815 -0.032687 0.001733 0.094764 0.086584 0.000000 0.000202 0.057318 -0.010805 -0.000964 0.152122 -0.000519 0.051507 -0.010833 -0.009205 -0.004600 0.080555 -0.008428 0.000669 0.000000 0.013037 -0.036279 0.024347 -0.011468 0.007277 -0.036820 0.000229 -0.002057 -0.011824 0.018028 
-0.043475 -0.074303 20.161584 0.001631 -0.021637 0.109666 0.045713 -0.038385 0.002894 0.011161 -0.048207 -0.009381 0.038309 0.062611 -0.057845 0.051065 -0.030413 0.074894 -0.128477 0.076583 -0.006519 -0.108370 -0.119045 0.015459 0.004719 0.037747 -0.010971 0.136460 0.011128 0.111095 -0.048231 -0.042435 -0.098686 0.129316 0.008693 -0.129971 -0.075749 0.135775 0.095811 -0.024466 -0.030284 -0.000699 0.064925 0.034466 0.083681 0.016157 0.031096 -0.049707 -0.012772 -0.023878 -0.017631 -0.062001 0.000000 0.118421 0.001278 -0.049157 -0.075230 -0.091255 0.121655 -0.024452 -0.004765 0.003035 0.017760 0.090827 -0.084384 -0.037455 -0.017399 0.142406 -0.099121 0.056630 -0.017171 0.120922 -0.076373 0.003831 0.014619 -0.110093 -0.044486 0.120802 0.042544 0.082137 -0.037560 -0.100106 0.042798 0.129227 -0.002397 0.083366 -0.060334 0.036436 -0.109533 -0.126986 0.048712 0.021503 0.110740 -0.018133 -0.011279 -0.010628 -0.013152 -0.025083 -0.000888 -0.067788 -0.096604 -0.043318 -0.120581 0.041490 0.003066 -0.042815 -0.072018 0.048243 0.000764 0.111964 0.061528 0.091504 -0.000137 -0.065717 -0.127482 -0.050776 0.057069 0.021881 -0.094072 0.021966 -0.014495 0.064421 0.064325 0.049098 -0.168034 0.016399 -0.044670 -0.025230 0.009817 -0.082077 0.005315 0.088345 0.063299 0.087522 -0.010606 0.109539 -0.153849 -0.061520 -0.050821 -0.028078 0.153014 -0.007634 0.157819 0.073709 0.014211 0.123722 0.101859 0.163319 -0.047476 -0.043662 0.137787 -0.071813 0.112443 -0.005353 -0.058479 0.061977 0.154317 0.120854 -0.037548 0.113122 0.077190 -0.161543 -0.001597 -0.065490 -0.030059 0.133684 0.005287 0.007212 0.002738 -0.014416 0.064416 -0.059023 -0.103430 -0.022522 -0.114603 0.000000 -0.004260 0.004962 0.006573 -0.019710 -0.032281 0.003603 -0.096188 -0.076011 -0.000375 -0.011384 -0.016287 -0.027331 0.003979 0.065048 -0.039393 -0.052904 -0.008672 0.029865 0.038833 -0.056513 
-0.092700 -0.015929 0.001631 12.297822 -0.007804 -0.012899 0.094427 -0.043212 0.022749 -0.007693 0.022189 0.036618 0.025641 0.128021 0.101002 -0.036744 0.004125 0.004990 -0.005440 -0.032291 -0.156592 0.160533 0.107248 -0.062594 -0.000627 0.011093 -0.028010 -0.167669 0.044716 0.057975 0.036492 -0.023439 0.119867 0.013373 -0.083131 -0.078079 -0.116187 -0.134693 -0.016364 -0.009804 -0.015842 0.105259 0.098482 -0.144580 -0.113926 -0.039994 -0.029020 -0.032794 -0.069788 0.011902 0.150104 0.036100 0.044394 -0.029404 -0.067384 0.027388 0.111044 -0.014449 -0.065307 0.027321 0.020024 0.132863 -0.088221 0.068882 0.040798 0.006183 0.153985 -0.115816 -0.139928 -0.010046 -0.074705 -0.019908 -0.006875 0.075275 0.090123 0.001364 0.136616 0.166505 -0.042644 0.071721 0.129756 -0.112554 -0.006289 0.020896 -0.024611 0.001404 -0.110677 0.056570 0.127499 0.130255 0.030116 -0.158396 -0.030518 0.046793 -0.104077 0.058139 -0.012296 0.114368 0.044529 -0.140083 -0.119694 -0.000370 0.009808 0.129114 -0.062488 0.035004 -0.098787 0.032308 -0.129766 -0.001036 0.096015 0.129722 0.092227 -0.053100 0.133104 -0.001823 0.126404 -0.130100 0.070927 -0.030278 0.016087 0.013401 0.018828 0.097144 0.017152 -0.012443 0.024281 0.011787 -0.123192 -0.065006 0.080344 -0.019396 -0.145636 0.066148 0.086213 -0.017089 0.133121 -0.130456 0.048206 -0.020004 0.070076 -0.103308 -0.023573 -0.149682 -0.005426 0.100968 -0.129095 0.089142 -0.128057 -0.087272 0.045286 0.055435 -0.004532 0.005684 -0.123263 -0.004022 0.054444 0.026538 0.055224 -0.026153 -0.105267 -0.064068 -0.121017 -0.019623 -0.011013 0.002676 0.000000 0.009473 0.034497 -0.065289 -0.012741 -0.041534 -0.121846 0.030217 0.127227 -0.006051 0.030568 0.015136 0.095834 0.082675 0.008552 0.019400 -0.125089 0.059356 -0.024657 -0.074285 0.005604 -0.043841 -0.117424 -0.027330 0.102783 -0.081014 -0.016016 -0.022399 0.011033 0.002387 
0.076777 -0.057093 -0.021637 -0.007804 173.204049 0.154483 -0.038921 0.003377 0.003126 -0.005788 -0.079471 0.014089 0.005923 -0.093873 0.142202 -0.000747 0.004726 0.128154 0.051528 0.001115 -0.000253 0.000395 0.070171 0.021165 0.029428 -0.133137 -0.006189 -0.170643 0.006741 0.000000 0.066585 0.015573 0.037494 -0.000592 -0.007052 0.006164 0.083248 -0.016538 0.086108 -0.081945 0.009298 0.025169 -0.012154 0.148641 -0.024985 -0.166147 0.119982 -0.125923 0.120590 0.038004 -0.036358 0.055752 0.000819 0.092086 -0.100567 0.107379 0.022167 0.074407 0.003173 -0.170619 0.026864 0.003665 -0.132736 0.012624 0.054072 -0.000116 0.007421 0.098679 0.105857 0.051982 -0.127926 0.064197 -0.095123 -0.051712 0.082843 -0.004407 0.135245 0.000000 0.000000 0.004627 0.133979 0.023063 -0.067660 0.002723 -0.145859 -0.014878 0.086765 0.059306 0.001272 -0.129015 0.048387 0.125007 -0.029793 0.117929 0.000140 -0.081683 -0.074958 -0.002969 0.006205 0.005326 -0.025838 0.039621 -0.114288 -0.099721 -0.047593 0.093056 -0.082050 -0.033572 -0.001626 0.013725 -0.027958 -0.151696 -0.001873 0.026369 -0.050892 -0.127113 0.159098 0.086711 -0.097753 0.000000 0.039958 0.001127 -0.026134 0.000277 -0.026363 0.002405 0.088474 0.082851 0.167374 -0.002017 -0.003150 -0.140439 0.117044 0.141006 -0.055885 -0.053681 0.006205 -0.026877 -0.087707 -0.133464 0.165981 0.155264 -0.055474 -0.007790 -0.009115 0.021560 0.014306 0.090032 -0.149604 0.006347 -0.044866 -0.002817 0.009388 0.001164 0.019504 0.163051 0.008947 -0.014425 -0.077444 0.112555 -0.002460 -0.097378 -0.005353 0.048670 0.001527 -0.004929 0.007303 -0.108410 -0.000772 0.000406 -0.005978 0.150270 -0.137438 -0.003134 0.027707 0.012619 -0.030638 0.003990 -0.018911 -0.000236 0.160945 0.049276 -0.009582 0.015479 -0.002312 -0.001328 0.005987 0.027541 -0.073284 -0.010921 -0.069227 0.053109 0.133624 -0.011675 -0.001650 0.023634 
0.054074 -0.018687 0.109666 -0.012899 0.154483 3.327019 -0.112000 0.169517 -0.041445 0.001113 0.047471 -0.097266 0.041263 0.044165 0.085134 -0.005509 0.029383 0.067183 0.077426 -0.071021 -0.000224 0.004695 0.109718 -0.138621 0.097377 -0.078588 0.009580 -0.115746 -0.122902 -0.004835 0.004365 -0.137123 0.005921 0.009170 0.050869 -0.041816 -0.000890 -0.030511 -0.002917 0.026072 0.052067 0.028981 -0.034398 0.086321 0.165090 0.100089 0.006725 0.120417 -0.075573 0.008095 0.095352 0.011007 -0.068155 -0.003029 -0.168527 0.058336 0.003616 0.096036 -0.013472 -0.094250 -0.017616 0.052812 -0.128816 -0.047818 -0.109390 0.084379 -0.143302 0.071620 0.125718 0.100681 0.044557 0.086535 0.015508 0.010756 0.087222 0.022554 0.036790 -0.101569 -0.119888 -0.013567 -0.097064 0.009162 0.054694 -0.120984 0.047295 -0.015348 -0.112188 -0.004500 0.039561 0.015835 0.027943 0.025177 -0.018882 -0.041730 0.067651 -0.132596 0.046505 -0.044672 -0.157083 -0.106660 -0.110649 -0.101832 0.016731 -0.006815 0.016610 0.072892 0.062887 0.021158 0.002569 0.035075 0.116428 -0.047348 -0.105278 0.005104 -0.064129 0.006260 0.069825 -0.081094 0.009607 -0.031650 -0.113233 -0.086654 0.070544 -0.001714 -0.121744 -0.073865 -0.083703 -0.105499 0.061338 -0.054647 0.129242 -0.113468 0.054904 -0.141222 -0.074625 -0.050919 -0.091492 0.036902 -0.024123 0.094295 -0.014964 -0.065975 0.025094 -0.063115 -0.027386 -0.098954 -0.073630 0.095581 0.132900 0.016886 -0.083757 -0.044580 0.041226 0.050574 -0.112058 -0.013808 -0.034281 0.064793 -0.095644 -0.017604 0.006668 -0.039451 0.027470 0.083254 -0.000920 -0.022036 0.064429 0.069910 0.004442 0.021485 0.000612 -0.078392 -0.009929 -0.070753 0.000000 0.062205 -0.124896 0.146535 -0.092173 -0.070539 0.075553 0.077940 0.077882 0.006683 0.099199 0.004084 0.076835 -0.137048 -0.056846 0.100976 0.102880 0.140382 -0.042682 0.077600 0.006386 0.059610 
-0.059387 0.129693 0.045713 0.094427 -0.038921 -0.112000 0.458189 -0.025583 0.149137 -0.017169 -0.003485 -0.020986 0.106338 0.027446 -0.076869 0.169470 0.068705 0.119909 0.003763 0.113009 0.051603 0.019798 -0.030203 0.141360 -0.033482 -0.056751 -0.133006 0.012775 0.144574 -0.062400 0.001449 0.167509 -0.079945 -0.104094 -0.078092 0.165742 0.007759 0.018535 -0.044839 0.033657 -0.058982 0.095700 -0.011059 -0.035795 0.077835 -0.010324 -0.125878 -0.041543 -0.002460 0.047236 -0.002297 -0.050438 -0.090333 0.064250 -0.093540 0.019657 0.020869 -0.040156 -0.001879 -0.053054 -0.017447 0.025189 0.012509 -0.017182 0.051898 0.103124 -0.040001 -0.160116 0.038192 0.003100 -0.022171 0.006342 -0.069222 0.015211 -0.020777 -0.002806 -0.108876 -0.133405 0.054232 -0.033103 -0.121370 0.022906 -0.027397 -0.055904 0.043602 -0.006667 -0.038252 -0.111254 -0.002605 0.168913 -0.002996 -0.131513 0.092508 -0.053531 0.044739 -0.066697 0.058749 -0.067847 -0.039834 -0.051070 0.050219 0.000000 0.110955 0.026923 0.122428 0.151441 0.068056 0.116521 -0.022454 -0.148252 0.098731 -0.102725 -0.000871 -0.087463 -0.104071 0.028325 -0.011628 0.034149 -0.029510 0.051811 -0.041893 -0.003359 -0.044144 0.086531 0.035622 -0.129188 -0.064543 0.165040 -0.082487 0.008182 -0.046310 -0.095987 0.120577 0.004642 -0.083573 -0.026882 0.011088 0.000000 -0.093212 -0.045666 0.012503 -0.074836 0.071818 -0.111241 0.015253 -0.008742 0.065815 -0.032227 0.114461 0.129315 0.052365 -0.027052 -0.057764 -0.121740 -0.011412 0.068584 0.038570 0.093768 -0.141104 -0.093204 -0.148815 0.025645 0.013865 -0.036692 -0.070860 0.015706 0.119425 -0.090130 -0.023997 0.047864 -0.169776 0.166416 -0.000299 0.118562 0.026045 -0.010027 0.018529 -0.052180 -0.115482 0.137528 -0.031055 -0.071819 -0.101019 -0.081121 -0.017121 -0.081647 -0.062997 -0.093250 0.074401 -0.111383 -0.002799 0.143875 0.164878 -0.026543 -0.039056 -0.025159 
0.071775 0.037272 -0.038385 -0.043212 0.003377 0.169517 -0.025583 0.242565 0.167286 0.090791 0.005261 -0.011405 0.043035 -0.010615 0.080209 -0.148438 0.160739 0.113776 0.026918 -0.040436 0.021473 -0.056772 -0.065051 -0.148388 -0.057198 -0.140953 -0.097847 0.035351 -0.061450 0.005842 -0.009511 0.031796 0.028573 0.008751 0.040611 -0.005686 -0.140837 0.157830 -0.122955 0.083421 -0.032120 0.065985 -0.016637 -0.121812 0.050286 0.019084 0.017167 0.036813 -0.019881 -0.042465 0.084794 -0.010011 0.168381 0.002375 -0.020438 0.168610 -0.013350 0.039019 -0.050146 0.038650 -0.005822 0.048040 0.037846 -0.100108 -0.013088 -0.145946 0.044253 0.001817 0.016304 -0.028756 0.024453 -0.020309 -0.043293 -0.014484 0.047404 0.011395 0.139097 -0.027061 -0.117131 0.064214 0.125913 0.109413 0.086417 -0.021815 -0.012147 -0.109183 -0.035624 0.108267 0.005020 0.071016 -0.000816 0.064204 0.065761 0.005409 -0.096324 0.055743 0.113706 0.013352 -0.046678 -0.067275 -0.071852 0.004933 0.021722 0.018726 -0.006114 0.021002 -0.009787 -0.100215 0.005218 -0.014836 -0.053282 0.052212 0.075984 0.095579 -0.018649 -0.001138 0.063068 -0.021004 0.051566 -0.089089 -0.025041 -0.021980 0.052077 0.065610 0.121236 -0.015837 -0.145245 -0.087900 -0.015851 0.009712 -0.020611 0.025720 -0.040629 0.028310 0.057051 0.014105 0.060672 -0.011883 -0.029289 0.072243 0.049250 -0.036504 0.067218 -0.016688 0.004225 0.022833 0.014615 0.006696 -0.091345 0.010138 0.037986 0.011583 0.004349 0.011586 0.102975 0.081518 0.057167 -0.076986 0.067068 0.047017 0.042814 0.074171 -0.030347 -0.052576 0.121473 -0.006145 -0.074301 -0.124581 0.030539 -0.006073 -0.152808 0.000000 -0.047724 0.018645 0.015935 -0.070921 -0.001818 -0.010529 0.149034 -0.093158 0.002193 -0.011970 -0.116392 -0.041891 0.009776 -0.153128 0.047312 0.045640 0.000000 0.032143 -0.006507 0.119300 0.067208 -0.020087 -0.021605 -0.005884 
0.047424 0.007042 0.002894 0.022749 0.003126 -0.041445 0.149137 0.167286 17.106757 0.020652 0.011011 -0.004786 0.171012 -0.105767 0.021462 0.154582 0.117245 -0.007678 -0.020246 -0.059364 0.002303 0.047716 -0.008723 -0.094923 -0.010217 0.081845 0.017990 -0.016322 -0.032369 0.033445 -0.005663 -0.062601 -0.098754 -0.100526 -0.065433 0.130350 0.112033 -0.142995 0.057077 0.066564 -0.030999 -0.003629 0.149029 0.146337 0.062096 0.004987 0.032578 0.038795 0.014854 0.150624 0.033271 0.042246 -0.014534 0.007723 0.010552 -0.078456 0.006096 -0.047519 0.027710 0.123216 0.043305 -0.000982 0.019861 -0.059980 -0.072835 0.057903 0.009325 0.027772 -0.009131 -0.080979 -0.019231 -0.101948 0.062829 -0.101085 0.073876 -0.026679 0.029467 -0.060742 0.100350 0.047952 -0.131209 0.007341 0.062448 0.009202 -0.089392 -0.012368 0.003411 0.022194 -0.157264 -0.053487 0.024022 -0.041414 -0.024631 0.110550 -0.066538 0.032451 -0.162527 0.033290 -0.165813 -0.067409 -0.043061 0.002501 -0.032308 -0.053220 0.053408 -0.105541 0.006493 -0.086156 -0.035801 -0.149623 0.003402 -0.024685 0.005629 -0.069398 0.000743 0.109405 -0.015736 -0.050557 -0.088536 0.050687 0.076110 -0.006437 -0.025229 -0.012155 -0.032458 -0.032128 0.032447 0.040894 0.002710 -0.128467 0.022251 -0.038285 0.048512 -0.061623 -0.043965 0.010630 -0.166636 -0.003357 -0.123274 0.055968 0.139903 -0.034169 -0.104388 0.004166 -0.020301 0.019484 -0.009667 0.145409 -0.063033 -0.070456 0.016851 -0.061908 -0.013673 -0.167124 -0.101564 0.044823 0.121442 0.024291 0.146992 0.013419 -0.052773 -0.020097 -0.156415 0.017877 0.033907 0.008098 -0.005245 -0.005806 0.027458 -0.022122 0.018612 -0.135266 -0.131271 0.037934 0.126123 -0.026116 0.020449 0.004050 0.001985 -0.024948 -0.032346 0.031207 -0.025159 -0.000498 -0.010561 0.089008 -0.077554 0.105692 -0.038183 0.027509 -0.084653 -0.055162 0.009271 0.035679 0.014940 0.021004 
0.007304 -0.000101 0.011161 -0.007693 -0.005788 0.001113 -0.017169 0.090791 0.020652 212.368893 -0.056678 0.005818 -0.000687 -0.006151 -0.093450 0.007636 -0.003057 0.000000 0.007373 0.003982 0.007200 -0.022046 -0.019430 -0.091521 -0.111203 -0.011223 -0.005182 -0.002315 -0.000195 -0.056533 -0.160559 -0.068576 0.016090 0.016785 0.114624 0.032942 -0.013182 -0.059587 0.000219 0.057724 0.020706 -0.146183 0.150335 -0.011700 0.000000 -0.012443 0.074656 -0.072950 0.014127 0.008757 0.151017 0.002255 0.031629 -0.001922 -0.000189 0.134927 0.001228 0.000700 0.002477 0.126298 -0.015822 0.043307 0.106145 -0.044813 -0.086926 -0.042473 -0.055602 0.034241 -0.120802 0.001570 -0.042463 0.025155 -0.001136 0.018399 0.086946 -0.008955 -0.033143 -0.003772 -0.034345 0.033753 0.028083 0.004145 -0.032621 0.059876 0.078319 0.033674 0.005096 0.059926 0.000643 0.045089 0.005190 0.000978 -0.029813 -0.056062 -0.139095 -0.043295 -0.049603 0.163109 0.114726 0.052388 0.020414 0.092046 -0.059875 -0.067842 -0.002583 -0.002047 -0.008674 0.026314 -0.003780 0.001934 -0.064810 -0.148246 0.000385 0.001484 -0.147712 0.097778 0.054092 0.071509 0.112036 0.000000 0.101862 0.001460 -0.016725 -0.038782 -0.092348 -0.002210 -0.090300 0.082338 -0.001299 -0.035011 0.006999 0.001765 -0.139158 0.150920 -0.017595 -0.113643 -0.154390 -0.010654 -0.044643 0.002554 -0.005611 -0.000362 -0.095014 0.046113 -0.037468 0.031535 -0.165104 0.003740 0.002712 0.002265 0.019717 -0.005161 -0.081622 0.000881 -0.063347 0.038346 -0.004744 0.024372 -0.133263 0.082917 -0.027493 0.011158 0.107832 0.017288 -0.027821 -0.009809 -0.051480 -0.000441 0.080167 0.000344 0.001086 0.018792 0.021528 0.093737 0.051976 0.054051 -0.019248 0.010017 -0.001341 -0.001503 0.033479 0.007692 -0.034175 -0.015800 0.064813 -0.002770 -0.060013 -0.057621 0.063667 0.015518 -0.019468 -0.062282 -0.000553 -0.112314 -0.126879 0.022704 
0.000000 0.017346 -0.048207 0.022189 -0.079471 0.047471 -0.003485 0.005261 0.011011 -0.056678 0.157181 -0.056434 0.064046 0.018042 -0.033941 -0.028167 -0.060177 -0.083555 -0.086760 -0.000977 0.026546 -0.038758 -0.086367 0.121863 0.108178 -0.020802 -0.053704 0.077427 0.000000 -0.096749 -0.147068 -0.096999 -0.005642 -0.105670 -0.037132 -0.154763 -0.082827 -0.019649 -0.057145 -0.013727 -0.063066 0.161056 0.007814 0.069086 -0.035555 0.057377 -0.069425 0.009803 -0.067356 0.012932 0.023463 0.083406 -0.000743 0.060554 0.042185 -0.000389 -0.000495 -0.038634 0.067365 0.056959 -0.075070 -0.004234 0.133496 -0.006110 -0.030076 0.046337 -0.041475 0.023369 0.075337 -0.090796 0.025590 0.057247 0.000000 -0.118270 -0.016682 0.039888 -0.019888 0.066441 0.057692 -0.017075 -0.012072 0.144361 0.024093 -0.002424 0.170895 0.022410 -0.027078 0.045877 0.000910 -0.073988 0.006313 -0.039169 0.044554 0.157566 -0.104835 0.018532 -0.168347 0.133126 0.013447 -0.007831 -0.126545 0.062256 -0.072138 0.012729 -0.092109 -0.150343 0.052902 -0.016624 0.132329 0.035496 0.007544 -0.042532 -0.085663 -0.117891 0.071023 0.135195 -0.004263 0.003250 -0.009281 -0.031679 -0.068982 0.000000 -0.006621 0.054455 -0.048680 0.117759 -0.156368 -0.023338 -0.026242 0.006710 0.131002 0.002631 -0.107231 -0.007490 0.030752 0.022622 0.016676 0.061637 -0.050069 0.161838 0.012100 0.051298 -0.035520 0.097213 -0.000296 -0.027129 0.007809 -0.094250 0.148611 0.082019 0.089295 -0.007558 0.030112 -0.021517 0.021792 -0.077195 -0.028247 0.062044 -0.039888 0.087943 -0.088747 -0.030868 -0.012266 0.000000 0.055007 0.077109 -0.002263 -0.113964 -0.121034 0.164288 -0.004259 0.017547 -0.138207 -0.061133 -0.083594 -0.125667 -0.004674 -0.033386 -0.005575 0.047345 -0.004885 -0.033353 0.027369 0.051950 0.163413 -0.013145 0.090372 0.117798 -0.025370 -0.119553 0.142086 -0.075255 -0.125413 0.000000 0.035732 -0.034212 
0.098835 0.078672 -0.009381 0.036618 0.014089 -0.097266 -0.020986 -0.011405 -0.004786 0.005818 -0.056434 0.306638 -0.049302 -0.126690 0.014510 -0.014348 0.156669 0.014139 -0.086818 -0.130803 -0.026698 0.057576 0.007224 0.007123 0.002561 0.017447 -0.029976 0.000000 0.020524 -0.131110 0.137579 -0.088791 0.040382 0.067155 -0.021076 0.088490 -0.078788 0.005862 0.073460 -0.027887 0.132478 0.059684 -0.157530 0.031232 0.032416 0.126381 0.061315 -0.049265 0.021793 0.036239 0.070268 -0.083376 0.158220 -0.003492 -0.006480 -0.033825 -0.097991 0.100621 0.164166 0.124602 0.065821 -0.072016 0.018376 -0.063168 0.105072 -0.030712 -0.078208 0.006122 0.005446 -0.031122 0.015554 -0.048688 -0.097773 -0.011026 0.032328 -0.012162 -0.027532 -0.007913 -0.002377 0.021135 0.087873 -0.132651 0.007760 -0.051166 0.008720 0.042087 0.024421 -0.120191 0.003855 -0.156815 -0.134148 0.037821 -0.000718 -0.021366 0.050396 0.021992 0.000583 -0.068302 -0.025302 0.070999 -0.022536 -0.002800 0.138776 0.001714 0.122622 0.051043 0.000000 0.055417 0.075858 0.100623 0.021966 0.003532 -0.017759 -0.004931 -0.061064 -0.142586 -0.008364 0.000418 0.170038 0.044362 0.043293 0.047070 -0.072740 -0.064382 -0.016984 0.117344 -0.036876 0.131948 -0.070760 -0.050698 0.102018 0.007239 0.053684 -0.114048 0.103062 0.041736 0.133689 0.132100 0.030640 0.022887 -0.006744 0.112062 -0.008462 -0.071627 0.061030 -0.007853 -0.007086 0.008632 -0.001848 -0.061215 -0.061554 -0.000885 -0.006251 0.131772 -0.076033 -0.065332 -0.015797 -0.126985 0.018232 -0.031475 -0.104637 0.009202 -0.048155 0.035770 0.013952 -0.069553 0.007339 -0.004403 0.000543 0.017947 0.006525 -0.069786 -0.047142 0.083432 0.032910 0.104637 0.017068 -0.110825 0.044668 -0.007623 -0.016827 -0.008407 0.028916 0.081992 -0.148957 -0.166691 0.109592 -0.132890 -0.039405 0.002706 -0.007097 -0.009048 0.036380 -0.032631 0.041122 -0.042609 
-0.020338 -0.003237 0.038309 0.025641 0.005923 0.041263 0.106338 0.043035 0.171012 -0.000687 0.064046 -0.049302 3682.082809 0.064869 -0.112364 0.066847 0.143013 -0.049233 0.100166 -0.022794 0.007224 0.000000 -0.009549 -0.152372 -0.115766 0.000000 -0.152220 -0.089844 0.000000 -0.007858 -0.009201 0.059462 -0.146210 -0.000365 0.067680 0.162017 0.000765 0.000418 0.071962 0.041974 0.013418 0.155836 -0.030393 -0.017989 0.014398 -0.053629 -0.033832 0.132201 0.029992 0.120820 -0.022954 0.000456 0.046728 -0.006258 -0.001951 -0.056296 0.097906 -0.102186 0.000561 0.008285 0.000849 0.160355 0.001809 -0.021899 -0.030269 -0.004940 -0.006007 0.014525 0.016311 0.009259 -0.032185 0.052209 0.002409 -0.113111 0.099675 -0.143679 0.000000 0.093723 -0.151865 -0.002047 0.128784 0.000000 0.036120 0.062900 0.000000 0.043636 -0.084854 -0.068998 0.001797 0.011859 -0.086746 -0.061395 -0.099506 -0.027437 -0.003629 0.058987 -0.009398 0.112144 0.103476 0.122102 0.014958 -0.012489 -0.009366 -0.133366 -0.001667 -0.012182 -0.043075 -0.111351 -0.002991 -0.000288 -0.019686 -0.021447 -0.017217 0.163857 -0.043216 -0.017958 -0.001222 -0.030288 0.094800 -0.051973 -0.058871 -0.005320 0.020984 -0.057441 -0.079085 0.000971 0.020188 -0.109931 -0.008755 -0.137009 0.021001 0.026087 0.019778 0.002822 -0.102367 0.098119 -0.152823 0.000000 0.037449 -0.031472 0.021294 0.030917 0.112454 -0.107184 -0.172053 -0.136117 -0.096469 -0.022165 0.063061 -0.150977 0.049185 0.130928 -0.024755 0.011620 -0.055939 -0.027974 0.000432 -0.047288 -0.078782 -0.080888 0.000000 -0.001552 0.007651 0.049242 -0.001094 0.000827 0.081580 0.088676 0.000000 0.000000 -0.092829 -0.002331 -0.004871 0.034829 -0.142247 0.166698 0.003243 0.116118 0.148328 0.044145 -0.047640 0.003130 0.081702 -0.000698 -0.000728 -0.001114 -0.006411 -0.153921 0.015593 0.047552 -0.023242 0.026370 0.024676 0.098710 -0.000126 0.038495 
0.006639 0.000000 0.062611 0.128021 -0.093873 0.044165 0.027446 -0.010615 -0.105767 -0.006151 0.018042 -0.126690 0.064869 464.567966 -0.036575 -0.015347 0.000000 -0.006297 0.048173 0.117368 0.000568 0.076886 0.014692 0.109944 -0.045005 0.142906 -0.001158 -0.022151 -0.015171 -0.008116 0.123265 -0.024214 -0.049178 0.000217 -0.009851 0.087455 -0.113588 0.007851 0.000989 0.101645 0.132632 -0.070617 -0.049642 -0.010292 -0.092419 0.052611 -0.011495 0.099661 -0.022821 0.000467 0.041830 -0.001013 -0.020380 -0.003326 -0.003934 0.001724 0.001038 0.106635 0.121717 -0.056465 -0.008520 0.000000 -0.016867 -0.047196 -0.136591 0.011797 -0.145955 -0.003769 0.022305 0.004069 -0.116404 0.000000 -0.001321 -0.008975 -0.119382 0.008282 0.001730 0.000000 -0.001038 -0.099842 0.127831 0.055381 -0.021341 0.014642 0.026256 0.013580 0.022771 -0.000629 -0.034515 0.071459 0.081519 0.051821 0.041416 -0.047253 0.096457 -0.007019 0.016004 0.100900 0.039450 0.000461 0.025138 0.075508 0.082997 0.008649 0.002714 -0.043940 -0.047393 0.118145 0.000000 0.015436 0.008137 0.005249 0.001479 0.002930 -0.104410 0.014635 0.016610 0.033154 0.005966 0.020351 -0.029759 0.008934 -0.020149 0.103205 0.129417 -0.112144 0.026473 -0.015731 0.000790 0.064521 -0.101740 -0.168561 0.000000 0.014263 -0.019199 -0.123764 0.009679 0.117200 0.007582 0.000957 0.010524 -0.087133 0.067377 -0.006639 -0.009965 0.048091 0.000000 0.002206 0.000000 -0.115497 0.046064 -0.029668 -0.001647 0.014563 -0.164216 -0.089190 0.000529 -0.073768 -0.017006 -0.008882 -0.068875 0.005326 0.144377 -0.033404 0.000147 -0.001021 0.012020 -0.040701 0.000389 0.003310 0.143792 -0.001744 0.005088 0.033681 0.040386 -0.006871 0.002647 -0.017892 -0.042036 0.000000 0.008809 0.005644 -0.018721 -0.067748 0.046945 0.067569 -0.011999 -0.024649 0.008431 0.003966 0.065527 -0.035260 -0.003668 0.013853 -0.041874 0.014933 
0.130730 0.049087 -0.057845 0.101002 0.142202 0.085134 -0.076869 0.080209 0.021462 -0.093450 -0.033941 0.014510 -0.112364 -0.036575 1.234508 -0.004488 -0.012818 -0.027188 -0.027616 0.021006 0.117131 0.057693 -0.116546 0.031182 0.131771 -0.012592 0.083973 -0.123568 0.106303 0.091714 0.070936 0.049403 -0.122749 -0.124821 -0.039965 -0.088078 0.090011 0.057721 0.073651 -0.020598 -0.139986 -0.002606 -0.072851 0.077991 0.160180 -0.004999 0.009213 -0.119762 0.081931 -0.118662 0.063312 -0.116449 0.046948 0.078336 0.016659 0.030351 0.133277 -0.129667 0.130906 -0.043091 -0.000202 0.010634 -0.018226 0.009679 -0.050611 -0.016063 -0.063999 0.034925 -0.026685 -0.164558 0.007736 -0.105395 -0.169040 0.062453 -0.095869 0.116283 -0.028868 -0.024880 -0.005913 0.017437 -0.118200 -0.034706 -0.043091 0.060346 -0.000243 0.078877 0.035774 -0.033631 0.102639 0.102915 -0.020411 0.107698 -0.017280 0.010079 -0.035498 0.147191 -0.055458 -0.102573 0.132528 -0.062064 0.062561 0.061181 0.068138 0.046820 -0.080980 -0.026613 -0.078371 -0.002297 -0.119889 0.056407 0.006317 -0.011829 0.056096 0.084847 0.056703 0.076543 0.013828 0.019333 -0.003373 -0.146524 0.000305 0.029477 0.078752 0.053222 -0.045511 0.151444 0.144450 -0.003393 0.000000 -0.022669 0.096932 0.019157 0.026655 0.139576 -0.071594 -0.057173 0.003868 -0.100346 -0.007471 0.166046 -0.010886 -0.031720 0.135573 -0.000122 -0.064017 0.081330 0.026401 0.037688 0.096479 0.067662 -0.085751 -0.005412 -0.159731 -0.085645 -0.038144 0.058534 -0.043887 0.001770 -0.036725 -0.125357 -0.017933 0.001839 -0.027811 0.021015 0.009979 -0.097872 -0.092327 0.037292 -0.001589 0.056674 -0.070622 0.104057 0.086530 0.044794 -0.067909 -0.020995 0.062084 0.009224 -0.146987 -0.144081 -0.012156 0.078197 0.054642 0.106492 -0.005477 0.083892 -0.074905 -0.084734 0.137533 -0.065579 -0.106570 0.050240 0.075685 -0.035630 -0.029123 -0.035473 
-0.062307 0.004832 0.051065 -0.036744 -0.000747 -0.005509 0.169470 -0.148438 0.154582 0.007636 -0.028167 -0.014348 0.066847 -0.015347 -0.004488 58.440656 -0.006135 -0.081389 0.015557 -0.114333 0.061720 -0.045738 0.140932 -0.085779 0.008151 -0.152579 0.034936 0.022024 0.013522 -0.002322 0.129951 -0.043931 -0.117474 0.000114 -0.051885 0.105158 0.047013 -0.003576 0.068811 0.031498 0.072353 0.008849 0.040508 0.038248 -0.008690 0.021099 0.151829 -0.107870 0.026441 0.011749 0.004559 0.002531 -0.002566 0.109779 -0.091146 0.014200 0.157614 -0.001506 0.000235 0.114854 0.000000 -0.013108 0.096573 0.115953 0.128529 0.042410 0.072999 0.004764 -0.080393 0.102791 0.011347 0.102433 -0.000557 -0.075243 0.024334 0.004788 -0.039948 -0.028754 0.097400 0.013120 0.033759 -0.068335 -0.011423 0.070251 0.014619 -0.016618 -0.148964 -0.045886 -0.007717 0.091147 0.088505 -0.130070 -0.094225 0.004190 0.060549 -0.023080 0.007132 -0.024922 -0.125869 -0.151663 0.149270 -0.006493 0.046502 -0.137621 -0.033675 -0.076963 -0.003102 0.043924 0.007361 -0.012211 0.000368 0.022719 -0.000202 0.069292 0.005993 -0.014096 0.000220 0.017473 -0.003147 -0.051050 -0.001318 -0.028240 -0.002493 0.125699 -0.164185 0.019163 0.008308 -0.076328 0.003258 0.000962 -0.157111 -0.021750 0.015492 0.000000 0.105628 -0.003580 0.022822 -0.004153 -0.165029 -0.001436 0.113035 0.029319 0.009366 0.126439 0.000451 0.029295 -0.048377 0.141744 0.001506 0.033556 0.024995 0.000216 0.044003 -0.067118 -0.122637 -0.095834 0.002163 -0.015492 -0.085515 -0.037120 -0.003335 0.024120 0.024180 -0.130484 -0.143736 0.037920 -0.067560 -0.003668 0.014486 -0.005040 0.000240 0.000000 -0.075695 0.146524 -0.094810 -0.004879 0.053725 -0.060012 -0.040661 -0.019020 -0.106458 -0.155430 -0.030432 -0.000369 0.003421 0.003336 -0.092870 0.162319 -0.049946 -0.162578 -0.148353 -0.000111 0.071846 -0.055478 -0.159627 -0.045324 
0.093005 0.140981 -0.030413 0.004125 0.004726 0.029383 0.068705 0.160739 0.117245 -0.003057 -0.060177 0.156669 0.143013 0.000000 -0.012818 -0.006135 1386.208813 -0.042286 -0.011816 -0.012022 0.005581 0.028548 -0.058711 0.102093 -0.036515 -0.001512 -0.108387 -0.073435 -0.023734 -0.133985 -0.002119 -0.122175 0.105383 -0.040832 0.063115 -0.048447 -0.042087 0.020834 -0.003496 0.130316 0.015070 0.094472 0.053505 -0.073653 0.028191 0.044282 0.004025 0.003471 -0.020010 -0.002237 0.029969 0.107122 -0.006083 -0.019228 0.038789 0.158447 -0.012598 0.001703 0.003189 -0.004271 0.081162 -0.023719 0.148922 0.038814 0.002016 0.003221 -0.163118 -0.032653 0.016397 0.045987 -0.150613 0.002478 0.067942 -0.111112 0.148545 0.052062 0.001177 -0.000786 -0.028497 -0.008969 -0.007272 0.152487 -0.050986 -0.003068 0.000241 0.058983 0.080669 -0.028641 -0.006409 0.035946 -0.112908 0.157011 -0.050250 -0.126797 0.063027 0.024600 -0.087975 0.000333 -0.089127 0.080833 -0.000926 -0.009537 0.001047 -0.117653 0.036900 -0.013185 0.118024 0.077146 -0.002217 -0.022460 -0.029353 -0.132671 0.061647 0.035887 -0.012599 -0.079827 0.088319 -0.053362 -0.029888 0.165429 -0.005387 -0.090959 -0.064173 0.107930 0.122785 0.001208 0.131431 -0.081484 0.009832 0.054306 0.007324 -0.154493 0.000000 0.073213 0.010777 0.014178 -0.006393 0.057627 -0.008990 0.022127 0.115904 -0.085242 0.037799 -0.037277 0.006635 0.005300 -0.142467 -0.027251 -0.007137 0.000647 0.039525 0.071605 0.000673 -0.000813 -0.004818 0.000875 -0.034880 0.110955 0.056168 -0.114745 -0.056761 -0.000270 0.004856 0.103277 -0.078021 -0.001346 0.038887 0.000000 0.107138 -0.001577 -0.006583 0.084260 -0.055679 -0.024865 0.003060 0.128925 0.010347 0.001486 0.048441 0.001527 0.090192 -0.022351 0.001466 -0.005621 -0.008970 0.003579 0.018863 0.139083 -0.087325 0.078807 -0.014221 -0.027137 -0.000406 -0.000268 -0.021814 0.009189 
-0.132696 0.007893 0.074894 0.004990 0.128154 0.067183 0.119909 0.113776 -0.007678 0.000000 -0.083555 0.014139 -0.049233 -0.006297 -0.027188 -0.081389 -0.042286 33.662725 0.062991 -0.014927 0.010262 -0.056208 -0.054117 -0.095754 -0.154862 -0.148400 0.125662 -0.100047 -0.099907 0.000843 0.004762 0.147563 0.032883 -0.075963 0.013121 -0.163846 -0.015904 0.012032 -0.054204 -0.044635 0.060471 -0.042042 -0.018419 -0.014602 -0.018374 0.008508 -0.015359 -0.043612 -0.051606 -0.079953 0.078241 0.048543 -0.148581 -0.036448 0.037689 0.084613 -0.065521 0.036688 0.001325 0.067457 -0.021472 -0.063942 0.158643 -0.095755 -0.005214 0.003285 -0.003967 0.002840 0.141991 0.097088 -0.031851 -0.043491 -0.021696 -0.008120 -0.097041 -0.086170 -0.162040 0.034467 0.081552 -0.042465 -0.069006 0.014704 -0.037606 -0.072157 0.042621 0.030548 0.082768 -0.041064 -0.107619 -0.094055 -0.005513 -0.124011 0.109443 -0.113060 0.001471 0.124678 -0.059497 -0.122298 0.088849 -0.005742 0.113540 0.124931 -0.038949 0.013521 0.072163 0.108796 -0.093510 0.018097 0.048231 -0.133860 0.147664 0.029807 -0.142903 -0.004567 0.009295 0.001417 -0.025491 -0.049089 0.095843 0.113630 -0.081858 -0.089129 0.085274 0.008141 0.024354 0.114329 -0.085087 0.000144 0.055267 -0.166542 -0.002871 0.030461 -0.000286 0.011813 0.060094 -0.007229 0.009025 -0.141344 0.036885 0.001124 -0.004982 0.086018 0.091884 0.113700 -0.046736 0.026028 0.148916 -0.109555 0.030511 0.054104 0.067768 0.023420 -0.076478 0.008424 -0.005152 0.164891 -0.155609 -0.148511 -0.005503 0.074084 0.057297 -0.164611 0.012194 0.067249 0.018329 0.000417 -0.016862 -0.002275 -0.076492 0.083706 -0.168270 0.000000 0.080839 0.077628 0.020436 0.094011 -0.040406 -0.048931 0.145735 -0.017891 -0.019465 -0.131982 -0.072765 0.145348 0.096736 -0.132996 0.170532 -0.005882 0.153073 0.013553 0.125192 -0.063259 -0.112445 0.087433 0.069627 0.029200 
0.009784 0.040444 -0.128477 -0.005440 0.051528 0.077426 0.003763 0.026918 -0.020246 0.007373 -0.086760 -0.086818 0.100166 0.048173 -0.027616 0.015557 -0.011816 0.062991 107.180019 0.161473 -0.053261 0.037707 0.002574 -0.029788 0.090474 -0.166773 0.009838 -0.086100 0.023954 0.003286 -0.046479 0.006316 0.034358 -0.034755 -0.039276 -0.026307 -0.019035 0.087703 0.000201 -0.159000 0.102570 0.086845 -0.033984 -0.171709 0.000000 -0.002670 0.085381 0.032534 0.005374 0.012332 -0.020225 0.023129 -0.091278 0.105489 -0.022893 0.124095 0.017424 0.095939 -0.100102 0.054148 -0.000478 -0.013463 -0.135860 0.146646 -0.117838 -0.000184 0.039186 -0.094633 -0.050473 0.117482 0.019416 -0.028369 0.028963 0.048642 0.121505 -0.004040 0.005040 0.000000 0.009430 -0.024099 -0.138309 0.007728 0.074828 0.158199 0.003320 0.010492 -0.136473 -0.119849 0.146800 0.063673 -0.050426 -0.117135 0.060231 -0.039525 -0.158856 0.002878 0.041229 -0.034399 0.023312 -0.064285 -0.002436 0.000970 -0.040179 -0.117421 0.134516 -0.030489 0.000564 0.087261 -0.022223 0.050034 0.032448 -0.065248 -0.000970 0.048873 0.013084 -0.004412 0.013304 -0.044804 -0.161602 -0.056554 0.012360 0.000000 0.019773 -0.051489 0.005411 -0.130725 0.000000 -0.051734 -0.027887 -0.017516 0.040811 -0.032242 0.001382 -0.008249 0.081247 -0.026926 0.028478 0.134142 -0.020723 0.007353 0.128167 -0.117492 0.003327 -0.013570 0.003488 0.151677 0.038410 0.140361 -0.008099 0.046517 0.035270 0.007126 -0.096544 -0.002532 0.122889 -0.143335 0.054617 -0.130882 0.018891 0.003140 0.001584 0.001853 -0.087439 -0.034142 0.001989 0.016608 0.056023 -0.015043 -0.004552 0.014518 -0.006740 -0.002467 -0.001552 -0.068693 -0.032216 -0.051707 -0.121530 -0.007807 0.005631 0.000218 0.039910 0.002045 0.014351 0.002046 0.138672 0.004003 0.003128 0.122600 0.001148 -0.005005 0.003645 -0.115474 -0.017343 -0.010847 -0.017130 -0.012932 
0.005229 -0.003877 0.076583 -0.032291 0.001115 -0.071021 0.113009 -0.040436 -0.059364 0.003982 -0.000977 -0.130803 -0.022794 0.117368 0.021006 -0.114333 -0.012022 -0.014927 0.161473 139.764970 0.134262 0.000354 0.008217 -0.032611 0.000158 -0.025996 -0.008888 -0.001762 -0.036645 0.036931 -0.004359 -0.034500 0.093864 0.000521 0.050592 -0.034429 0.034566 0.080432 -0.011759 0.036773 -0.064554 0.108808 0.059397 -0.011281 -0.000300 0.000336 -0.143471 -0.069399 -0.017400 0.159640 0.014603 0.078973 -0.006637 -0.000500 -0.022385 0.029932 -0.026029 0.118032 0.018625 -0.117274 -0.033830 -0.132238 0.025021 -0.027141 -0.025728 -0.017954 -0.078693 -0.150684 0.030686 0.009346 0.049241 0.102351 0.084128 -0.032874 0.078895 -0.000311 -0.000495 -0.000780 -0.005816 -0.001466 0.005457 0.080840 -0.002929 0.005556 -0.003618 0.006968 -0.036537 0.002802 -0.003270 0.126369 0.034878 0.000642 -0.104752 -0.028277 -0.164975 -0.019991 -0.078326 0.002522 -0.026595 -0.115228 -0.006703 0.130313 -0.024439 0.012798 -0.037650 -0.148716 0.000000 -0.113187 -0.024580 -0.039179 -0.028059 -0.050746 0.000121 -0.023953 0.017753 0.000969 0.002649 -0.060034 -0.064716 -0.050508 0.010073 -0.121830 -0.030488 0.017652 0.045412 -0.038972 -0.048694 -0.066294 -0.062148 0.000000 -0.102383 0.008893 -0.000259 -0.004150 0.033305 -0.105447 -0.033752 0.001385 0.115443 0.016682 -0.030062 -0.102467 -0.056441 -0.072228 0.097178 0.026791 -0.124826 -0.086339 0.038135 -0.048281 -0.057742 0.001349 0.001104 0.049950 -0.071626 -0.088278 0.013932 -0.055966 -0.025258 -0.039476 0.055343 -0.009773 -0.005032 0.052547 0.001286 -0.026925 0.133248 0.039862 0.000930 -0.001506 -0.074302 0.041209 -0.000675 -0.145480 0.011871 -0.026790 0.013257 0.034926 -0.055745 -0.005536 0.032279 -0.010351 -0.127080 -0.039714 -0.092292 0.000313 -0.061095 -0.043109 0.092233 0.010669 0.053033 0.106276 -0.023090 0.012827 0.046734 0.046705 
0.025359 0.021554 -0.006519 -0.156592 -0.000253 -0.000224 0.051603 0.021473 0.002303 0.007200 0.026546 -0.026698 0.007224 0.000568 0.117131 0.061720 0.005581 0.010262 -0.053261 0.134262 207.122639 0.010061 0.000261 -0.136837 -0.009439 -0.015564 -0.038308 0.114988 0.042883 0.112532 -0.032569 0.021238 0.160067 0.017165 0.114439 -0.042507 -0.022246 0.003000 0.000342 -0.120262 -0.022664 0.079414 0.011209 0.000620 -0.004146 -0.013450 -0.027852 0.041273 0.000786 0.018433 0.039999 0.127577 -0.137407 0.043430 -0.002664 -0.045177 -0.000168 -0.015830 0.148788 -0.067128 -0.030039 -0.053151 -0.020065 -0.058422 0.008993 0.069774 -0.005497 0.109280 -0.088345 -0.004614 0.135924 -0.103889 0.008339 -0.138017 0.029011 0.063904 0.000000 0.023265 0.024910 -0.075371 -0.035857 0.080169 0.001415 0.018369 0.020367 -0.044484 -0.001305 -0.062137 0.003047 0.107748 0.014309 0.030013 -0.051485 0.065913 -0.107686 0.106948 -0.169105 -0.000173 -0.013603 -0.035551 -0.034920 0.000616 0.096921 0.084386 0.084694 0.033592 0.007949 -0.080162 -0.002054 0.026337 -0.149700 0.004550 0.170260 0.000000 0.000373 -0.134326 0.029223 -0.129738 -0.110079 -0.088934 0.006372 0.115367 -0.002248 -0.061696 0.019858 0.057999 0.068285 0.035134 0.137535 0.003260 -0.056209 0.016476 0.000937 0.000468 -0.145308 -0.033151 -0.052471 0.088757 0.000000 0.026359 0.001340 -0.027843 -0.042219 0.028611 -0.006947 0.026042 0.006759 0.046174 0.008719 0.105438 0.117303 -0.027127 -0.028478 0.000000 0.055437 0.003942 0.022299 0.085935 0.002281 -0.039189 -0.102817 0.011383 0.037934 -0.053048 0.033669 0.063975 0.046136 0.004191 0.000863 0.043751 -0.029465 -0.000856 0.038092 -0.042505 0.000695 0.104881 -0.020272 0.000000 -0.011245 -0.018783 -0.023175 0.000628 -0.030807 -0.004073 -0.171625 0.046703 0.086456 -0.011186 -0.067372 -0.007255 0.030677 0.014582 0.098025 -0.013420 0.143640 -0.060357 
