59.317858 0.000918 -0.005167 0.107096 -0.000727 0.115894 -0.056132 0.028649 0.031306 -0.051025 0.131054 0.000429 0.064903 0.001241 0.022287 -0.026138 -0.090336 0.033563 0.023750 -0.021121 0.033928 -0.078385 -0.088593 0.068075 0.006618 -0.031195 0.054319 -0.036478 0.073939 -0.136917 -0.080070 -0.005524 0.041010 0.107931 -0.032114 -0.006861 0.149549 0.012519 -0.118627 0.058728 0.067404 0.063355 0.105306 0.074103 0.033958 -0.027120 0.006686 -0.144649 -0.000532 -0.037416 -0.028104 0.001418 -0.040841 -0.037461 -0.006434 0.001786 -0.093225 0.089619 0.079243 0.101393 0.092970 -0.118283 0.048152 0.095980 -0.026558 0.009796 -0.119316 -0.045884 -0.072349 0.025893 0.000000 0.033039 -0.155162 0.095574 0.050800 0.014069 0.079893 0.079243 0.065191 0.140861 -0.000831 0.005839 -0.028423 0.013814 -0.024280 0.009496 -0.004202 -0.073154 0.014456 0.025585 -0.000385 0.014622 0.011278 0.012458 -0.101690 -0.072913 0.075846 -0.019068 -0.140755 0.050292 0.031707 0.003726 -0.013807 0.032746 0.000439 -0.025878 -0.039176 0.060979 0.014255 0.022620 0.094505 -0.002529 0.001896 -0.034291 0.008723 -0.014003 0.120322 0.095530 -0.095893 -0.093370 0.059106 0.012138 -0.000181 -0.007348 -0.001170 0.024508 0.037658 0.041414 -0.000135 0.034629 0.098951 0.090251 -0.016341 -0.033616 0.010625 0.067345 0.003700 -0.112060 -0.000131 -0.128504 -0.002114 0.003114 -0.140018 -0.099255 -0.067014 0.037523 -0.106431 -0.014289 -0.008350 0.014124 0.004022 -0.027287 -0.017547 -0.043993 0.013780 -0.007974 -0.009913 0.061376 0.079969 -0.037484 0.053562 -0.013415 0.000229 -0.129961 0.027804 -0.011418 -0.026021 -0.092309 -0.002829 0.013433 0.002032 0.003515 -0.057705 -0.132447 0.140180 -0.002331 -0.003640 0.000307 0.065358 0.045790 0.000214 0.059645 -0.078734 -0.021921 0.003800 -0.006987 -0.006552 0.029434 -0.038891 0.001876 -0.047556 -0.061591 0.123501 0.034178 -0.089029 -0.005867 
0.000918 23.137768 -0.006946 -0.039491 0.050114 -0.059096 -0.056701 0.025591 0.014616 0.017231 0.089802 -0.034167 0.010595 0.029179 -0.107228 -0.005556 -0.149057 -0.030401 -0.104969 -0.001998 0.032456 -0.100746 0.082608 -0.031272 0.052733 -0.112209 -0.068988 0.001101 0.138960 0.039020 0.033699 -0.070293 -0.096075 0.047101 -0.005273 -0.042485 -0.009536 0.027271 0.033232 -0.062638 0.133427 0.002522 -0.007245 0.030345 -0.082927 0.119674 -0.054589 0.062057 -0.001529 -0.025889 -0.033748 -0.108587 0.026207 -0.049014 0.000000 0.116443 0.144835 0.001599 0.049348 -0.011785 -0.031518 0.108954 0.046277 -0.002565 0.002920 0.074700 -0.004095 -0.024498 0.087261 -0.037841 0.004377 -0.071824 0.099589 -0.033740 -0.083777 -0.043935 -0.067196 -0.005454 -0.013444 0.029786 0.012688 0.011488 0.033679 -0.009449 0.046199 -0.142804 -0.047667 -0.052690 -0.046235 -0.155776 0.081448 -0.000663 -0.093824 -0.000691 0.022248 -0.059171 0.109375 -0.046934 -0.053440 0.094879 -0.020052 -0.032547 0.008711 -0.066647 -0.000442 0.080310 -0.029454 0.002635 0.118847 -0.041899 -0.051067 -0.071146 -0.011846 0.034493 -0.039482 -0.044315 -0.000397 0.004324 -0.075169 -0.029856 0.056198 -0.025589 0.109910 -0.052212 0.031312 -0.040398 0.011359 -0.056365 -0.060737 0.009785 -0.110977 0.121893 0.043954 -0.022376 0.129408 0.060692 -0.037344 0.120161 -0.041662 0.072493 0.082545 0.005027 -0.007749 -0.009506 -0.008244 0.038985 0.034834 0.022419 0.010433 -0.142748 0.004868 -0.040565 0.102696 -0.009980 0.020976 0.037984 -0.039418 -0.095115 0.007536 0.098286 -0.003776 -0.114760 -0.101834 -0.110636 0.032239 0.022374 0.086079 0.059184 0.003247 0.000000 -0.015489 -0.005646 -0.005835 -0.034818 -0.035188 -0.138633 0.076778 -0.001762 0.088581 0.122716 -0.038734 -0.002674 0.112194 -0.145575 -0.027458 0.156903 0.002766 -0.108896 -0.021658 0.040499 -0.090640 0.148170 0.000000 0.063954 -0.020731 -0.007670 
-0.005167 -0.006946 0.160351 -0.033524 -0.019870 0.004667 0.126174 -0.113284 0.056429 0.010976 -0.080972 0.020050 0.030590 0.003349 -0.036654 0.149395 -0.012031 0.087683 0.003592 -0.002388 0.030398 -0.005771 0.147680 0.025805 0.023436 0.133167 0.078363 -0.000408 0.061412 0.028157 0.107698 -0.067056 -0.051764 0.065945 -0.103358 0.150610 0.011960 -0.042786 -0.003947 0.046852 -0.081973 0.047988 0.069243 0.037181 0.004453 -0.108970 0.039471 0.036777 0.031777 0.022858 0.010374 0.006221 0.037759 0.032192 0.004522 -0.150885 0.007141 0.007913 0.044644 -0.011466 0.029127 -0.020166 0.091210 -0.010729 -0.027192 -0.000859 -0.007184 -0.050069 0.008895 -0.001314 0.042485 0.148624 0.065228 -0.062216 -0.015692 0.003410 -0.040195 -0.002528 -0.069661 0.055431 -0.070773 -0.016640 -0.011275 -0.009329 0.065505 0.053471 0.005942 -0.018008 -0.009912 -0.014651 0.017018 -0.054271 0.020310 0.150724 0.005655 0.029142 -0.053455 0.054152 0.002961 -0.006539 0.042127 0.053280 0.030775 -0.000463 0.090837 0.016790 -0.003011 -0.057033 -0.008000 -0.080424 0.018213 0.015407 0.005990 -0.025083 -0.002623 -0.004092 0.034758 0.026470 -0.067790 0.066757 -0.016883 0.004623 0.009779 -0.008712 0.027679 -0.079188 -0.012163 -0.010817 0.013449 -0.039057 -0.014629 0.019837 0.009321 0.008223 -0.062850 -0.055877 -0.000185 0.112397 0.004544 -0.061152 0.030408 -0.021802 -0.053329 0.099968 -0.018099 -0.015732 0.026362 0.038603 -0.060722 0.093830 -0.013223 0.027259 0.018528 0.013555 -0.022546 -0.023746 0.008578 -0.029143 -0.023051 -0.031573 0.003928 -0.099666 -0.033092 -0.092094 0.002375 -0.033554 0.028188 0.152440 0.014403 -0.003440 -0.152789 0.003351 -0.067648 0.003110 -0.029168 -0.100092 0.001614 -0.004037 0.014306 0.016793 -0.003357 0.050871 0.025244 -0.005712 -0.027115 -0.080081 0.008663 0.011455 0.015469 -0.135863 0.026087 0.097488 0.012639 0.006109 0.015173 0.017881 
0.107096 -0.039491 -0.033524 0.124420 0.001668 0.072202 0.097203 -0.050986 0.016661 0.020132 -0.101904 0.010693 -0.102566 0.050304 0.035657 0.149854 0.104774 -0.000103 0.042751 -0.024248 0.139275 0.014992 -0.005512 0.005319 0.018406 -0.019304 0.038093 -0.037475 0.022396 -0.046399 -0.025612 -0.052918 -0.041548 0.070648 -0.014802 0.045954 0.000872 -0.018541 0.027204 -0.112203 -0.079361 0.038031 -0.021539 -0.007575 0.028628 -0.006010 0.097675 0.127827 -0.002943 0.022789 0.023207 0.095806 0.002621 -0.049615 0.009112 0.131662 -0.004155 0.019998 -0.125976 0.019362 0.050471 -0.040506 0.002740 -0.001843 0.077891 0.111902 -0.133869 -0.014132 -0.053164 0.002410 0.038246 -0.077372 -0.001665 -0.000713 -0.008035 0.018747 -0.047794 -0.008892 -0.070572 -0.020340 0.006891 0.009506 -0.027369 0.036396 0.009059 0.002993 0.067068 -0.003801 0.022469 0.061375 -0.005578 -0.024336 -0.040933 -0.018751 0.003761 0.020185 -0.099334 0.049931 0.107716 -0.024546 -0.006304 -0.046950 -0.104628 -0.034889 0.152329 0.001790 0.000000 -0.014478 -0.010864 0.003319 -0.030467 0.028574 -0.020710 -0.043403 0.007602 -0.026131 -0.045607 -0.144643 -0.027298 0.001295 -0.009986 -0.089737 -0.007856 0.022623 -0.086573 0.093068 0.005174 -0.025427 0.012906 0.017606 0.001661 0.006726 0.020672 -0.026792 0.077586 -0.034281 0.018966 0.010346 -0.095918 -0.053418 -0.014071 0.000893 -0.154555 0.066984 -0.018847 -0.003045 -0.025770 -0.043140 0.022340 0.027991 0.117877 -0.106382 -0.024291 0.028231 -0.038126 0.003755 -0.031709 0.039218 0.018740 -0.011444 0.018976 -0.020968 -0.001029 -0.057156 0.010490 0.018699 -0.016429 0.021004 -0.044894 0.023835 -0.016265 0.061463 -0.005946 -0.022939 0.055389 -0.111194 -0.016479 0.021233 0.007694 -0.129023 0.009261 0.002397 0.052440 0.005236 0.001974 0.033739 0.034470 -0.009115 -0.026040 0.134758 -0.002645 -0.013458 0.027114 -0.005596 0.022744 0.018169 
-0.000727 0.050114 -0.019870 0.001668 322.323621 -0.017921 0.008109 -0.046203 0.000266 0.009760 0.012710 -0.058878 0.010879 0.001376 -0.007269 -0.050234 0.003979 0.026051 0.024459 -0.041389 0.000000 0.001475 0.013913 -0.055934 -0.000153 -0.013148 -0.120349 -0.045268 -0.081969 0.000000 0.000000 0.010532 -0.113460 -0.000899 0.000000 0.000300 -0.009501 0.023356 0.012702 -0.066277 0.008222 -0.138991 -0.130136 0.096380 0.009118 0.093818 0.000183 0.071348 -0.000129 -0.000505 0.078274 -0.103017 -0.026933 0.004431 -0.120445 0.027218 0.000000 0.000907 0.000000 0.029829 -0.014629 -0.033822 0.090519 0.020259 0.000000 0.051970 -0.045568 0.009991 -0.001634 0.133531 -0.002793 0.002123 -0.008479 0.001906 0.015897 0.083165 0.005238 -0.000975 -0.001744 -0.035273 0.119657 -0.046176 -0.094929 -0.031356 0.011929 0.028143 0.003289 0.001211 -0.047428 -0.055152 0.023034 -0.075810 0.017760 0.001571 0.001705 0.015845 -0.018318 -0.000609 -0.079106 -0.052572 -0.042505 0.090944 0.011778 -0.017308 0.146054 -0.009271 0.023188 0.095415 0.005299 0.137094 0.055794 0.004418 0.019368 -0.024595 0.032450 0.012620 0.022961 -0.021848 -0.068889 -0.036045 0.000000 0.012667 0.000729 0.049001 0.007505 0.061932 0.007313 0.108205 0.000000 0.055109 -0.020702 0.023861 -0.018972 0.010124 -0.103205 0.037728 -0.109890 -0.125845 -0.025309 0.023599 -0.000979 0.007361 0.002107 -0.025300 -0.001177 0.045471 0.001490 0.021177 0.139144 -0.011837 -0.023380 -0.093833 0.005072 -0.134035 0.053014 -0.028034 0.005709 -0.011575 0.021563 -0.106663 0.016873 0.152527 -0.053977 0.019962 -0.003480 0.010891 -0.009954 -0.001765 0.005827 -0.055960 0.002756 -0.000352 0.000000 -0.010993 -0.139327 0.131614 -0.012147 -0.012505 0.150139 -0.068073 -0.017349 0.000244 -0.074036 0.046453 -0.009447 0.043233 -0.025250 0.011997 0.004882 -0.000484 -0.011573 0.007347 -0.035724 -0.145376 -0.054282 0.000000 
0.115894 -0.059096 0.004667 0.072202 -0.017921 279.758706 0.029631 0.157209 -0.000363 0.012971 -0.090671 0.077928 0.000000 0.000130 -0.095863 -0.000834 0.042978 -0.062255 -0.091654 -0.013206 0.019248 0.082634 0.083959 -0.060741 0.022877 0.000297 -0.053140 0.021610 -0.026077 0.017565 -0.063498 0.065934 -0.031125 -0.015943 0.106424 -0.120160 -0.005101 -0.155863 0.092308 -0.125016 0.068151 0.125648 0.004725 -0.095439 0.077987 0.087472 -0.003335 -0.076852 -0.076338 -0.024899 -0.019189 0.137267 -0.016980 -0.022548 0.005703 -0.031847 -0.021331 0.000000 0.025016 -0.018852 0.006473 -0.004943 -0.105825 0.027860 -0.000555 0.126391 -0.002510 0.070685 0.008091 0.048819 0.032137 -0.107789 0.000102 -0.008610 0.011947 -0.009514 -0.036953 -0.091437 0.007175 0.049095 -0.074897 -0.012867 -0.124740 -0.001707 0.017040 -0.053602 -0.009676 0.014302 0.022451 -0.000776 -0.007777 0.004214 0.001418 -0.010334 0.079471 -0.021167 -0.000705 0.079513 0.049571 -0.018943 0.008173 -0.102140 -0.010409 -0.053305 0.130114 -0.079484 0.026721 0.001027 0.003338 -0.003240 0.117032 -0.027512 0.010827 -0.006085 0.004050 -0.021314 0.000000 0.003836 0.050964 -0.131334 -0.056279 -0.031492 0.086870 0.041915 -0.003049 -0.029487 -0.002208 -0.130436 -0.048628 -0.019198 -0.041807 -0.113124 -0.031050 -0.058983 0.103811 0.036846 0.104111 0.105838 0.149724 0.111225 0.019409 -0.013633 0.004523 0.038543 0.000000 0.006347 -0.001341 -0.137234 0.000149 -0.090687 -0.105776 -0.061411 0.002529 -0.119783 0.011791 -0.004590 -0.084673 0.037391 0.067261 0.034445 -0.000655 0.126422 0.025418 0.073583 -0.027978 -0.000181 0.029308 -0.120050 -0.027535 0.000000 -0.051328 -0.028083 0.008519 0.011033 0.055585 -0.113938 -0.008314 -0.034777 -0.077087 -0.002959 0.001327 0.092774 -0.074788 -0.000820 -0.000486 -0.060520 0.040928 0.087586 0.006304 0.022139 0.113404 -0.029165 0.001676 0.042568 0.024251 0.053423 
-0.056132 -0.056701 0.126174 0.097203 0.008109 0.029631 1.245819 0.098956 -0.031825 -0.005693 -0.116442 -0.000309 0.100636 -0.043260 0.012489 -0.069307 0.035002 0.060573 0.078417 0.009435 -0.031383 -0.017234 0.081300 0.077014 0.063319 0.090520 0.069544 0.009794 0.007488 0.128003 -0.095732 -0.149493 -0.048531 0.057625 -0.107433 0.085053 -0.004306 -0.030952 -0.053498 -0.106349 -0.001443 -0.001996 -0.024603 -0.065265 0.083340 -0.093489 -0.140966 -0.002777 0.017701 0.141554 0.096813 0.010922 0.002374 -0.115357 -0.059777 -0.055907 0.074331 -0.109115 0.054401 0.082949 -0.045283 -0.060867 0.034807 -0.059319 0.013830 0.020794 0.005998 -0.020656 0.088123 0.083598 -0.011744 0.136403 -0.043866 -0.121810 -0.080498 0.052758 -0.120261 -0.105405 -0.022765 -0.065667 -0.016765 0.009070 -0.089050 -0.072497 -0.069838 0.092012 -0.108653 0.059914 -0.077600 -0.152033 0.098821 0.057827 -0.077339 0.123114 -0.039667 0.017690 -0.098913 0.082988 0.024636 -0.026311 0.030947 -0.019254 0.073809 -0.118250 -0.119568 -0.043067 0.046451 -0.122761 0.084063 0.045495 -0.076398 0.020687 -0.005092 -0.082060 -0.052201 0.011358 0.006800 -0.049655 0.144739 0.119345 -0.025886 0.114682 0.025745 -0.013029 -0.037443 -0.004518 -0.102381 -0.109978 0.012940 0.002959 -0.065779 -0.060243 0.020965 -0.000609 -0.015890 0.054209 0.020683 -0.042346 -0.143670 0.134593 0.036657 0.096731 0.026246 -0.001838 0.130560 -0.043411 0.006327 0.025663 -0.036824 -0.033041 -0.015105 -0.137742 0.014808 0.052594 -0.131530 -0.066842 -0.029485 -0.011927 -0.115667 0.062023 0.025776 0.050487 -0.010051 -0.099720 0.089229 0.036207 0.019468 0.155528 -0.065529 -0.029855 0.014586 0.002263 -0.059487 0.116937 -0.044169 -0.012729 0.022423 -0.125267 0.026508 -0.018044 -0.031586 -0.040310 0.122443 -0.034821 0.018420 -0.143959 0.006010 0.018017 -0.019244 -0.029195 0.084417 0.127870 -0.016040 -0.026985 0.072148 0.091647 
0.028649 0.025591 -0.113284 -0.050986 -0.046203 0.157209 0.098956 4.565630 0.094884 -0.157465 0.134199 0.075819 -0.066804 -0.033048 0.030150 -0.021445 0.096491 0.058027 -0.010852 -0.098144 -0.018928 -0.115577 -0.017958 0.000000 0.039748 0.124121 -0.013576 -0.031103 -0.066718 -0.090942 0.009076 -0.083148 0.043839 0.056086 0.076452 -0.035589 -0.102605 0.084399 0.038737 -0.090037 -0.008852 0.037988 0.113743 -0.023525 -0.021235 0.026749 0.078347 0.078456 -0.110454 -0.130331 0.089843 0.111935 -0.000482 -0.145542 -0.016193 0.017466 0.054994 0.045766 0.135520 -0.099115 0.007136 -0.115953 0.118135 -0.001124 -0.109760 0.077034 -0.048971 -0.048685 0.009399 0.135108 0.145902 -0.005557 0.023324 -0.066450 -0.034971 0.029116 0.045338 -0.097558 -0.030091 -0.018963 -0.060776 0.025671 0.055079 0.019043 0.026224 -0.103560 0.001783 0.143338 -0.006805 0.070598 -0.035634 -0.139444 0.005593 0.002506 0.108695 -0.010583 0.006771 0.027504 -0.092135 0.035047 -0.038979 0.057906 0.098379 -0.114696 0.103448 0.114081 0.093532 0.023147 -0.110840 0.038526 -0.113016 -0.120935 0.072436 -0.009453 0.016761 0.012970 0.011425 -0.020628 -0.041026 0.001480 0.132402 -0.009855 0.070260 -0.074367 0.051734 -0.102596 -0.008710 -0.005915 -0.060301 0.074046 -0.068070 -0.010580 0.059286 0.147347 0.111454 -0.115848 -0.001364 0.134810 0.072297 -0.059162 0.006418 0.000892 0.062946 0.026330 0.044811 -0.004708 -0.113328 -0.101864 0.019730 -0.045364 -0.035076 0.087605 0.013865 -0.048361 -0.011773 -0.002044 -0.012985 -0.046651 -0.000280 -0.011687 -0.016305 0.031118 0.139567 -0.098457 -0.107311 -0.023301 -0.051209 -0.021738 0.123839 0.012336 -0.102255 0.031594 0.021486 -0.036042 0.101218 0.032067 -0.023288 0.010613 0.003339 0.049007 -0.019753 -0.150435 0.093735 0.076341 -0.146003 0.003582 -0.088980 0.075647 -0.100298 -0.018488 -0.096320 0.020497 -0.064959 -0.075866 -0.031050 0.000821 
0.031306 0.014616 0.056429 0.016661 0.000266 -0.000363 -0.031825 0.094884 6420.620029 -0.087803 -0.014453 0.043090 0.000000 0.008862 0.070239 0.126610 -0.066771 -0.047974 0.020859 0.043167 0.000000 0.006208 0.016274 -0.036389 0.000000 -0.058982 0.022965 0.044222 -0.091828 0.001129 -0.000825 -0.026303 -0.089829 -0.020475 -0.015134 0.003069 0.008345 0.014141 0.042073 0.131259 0.000855 0.026739 -0.018164 -0.112730 -0.015701 0.136134 -0.000880 -0.059128 -0.033432 -0.011955 0.009854 -0.109179 0.109550 0.000232 0.005073 -0.006595 -0.124722 -0.138682 0.000000 0.001342 -0.005627 -0.002470 0.000600 0.104009 -0.037384 0.001744 0.119240 -0.002854 0.010020 0.074069 -0.036069 -0.042399 -0.005830 -0.002068 0.075588 -0.073022 -0.003693 -0.006464 0.150733 0.031287 -0.105968 -0.018461 -0.065136 -0.046512 0.027987 0.000179 0.000000 -0.000280 -0.011387 -0.113437 0.005985 -0.046890 0.000235 -0.034624 0.000000 -0.077444 0.000816 -0.000409 0.000376 0.085257 0.008654 -0.055874 0.068935 -0.012260 0.033218 -0.008028 -0.052247 0.119534 0.000000 0.027254 0.101465 -0.062786 -0.010658 -0.002153 0.094223 0.073043 0.144014 -0.018704 -0.008508 0.008706 -0.013011 0.019378 -0.135194 -0.039992 0.000144 -0.086118 -0.050606 0.000446 0.001947 -0.012219 -0.079770 0.097007 0.032572 0.105729 -0.030437 -0.025620 -0.042472 -0.090661 -0.003964 -0.048928 -0.002442 -0.000600 -0.006850 0.076431 -0.016815 0.001607 0.060268 -0.103644 0.095652 -0.044827 0.104859 -0.004335 -0.005412 0.011578 0.025944 -0.040469 -0.095007 -0.027531 0.135698 -0.010488 0.004830 -0.060065 0.068325 0.120748 0.000000 0.000000 0.004340 -0.054211 -0.001063 0.013514 0.022030 0.003277 0.019376 -0.057077 -0.035273 0.020273 0.010807 0.016262 0.134303 0.005099 0.000000 0.062687 0.090263 0.008112 0.092977 -0.063604 0.017324 0.059117 0.010757 -0.000476 -0.002847 -0.066821 0.006052 -0.001453 0.076349 0.037367 
-0.051025 0.017231 0.010976 0.020132 0.009760 0.012971 -0.005693 -0.157465 -0.087803 879.484070 0.096996 0.007382 0.000000 0.037892 0.060120 -0.104658 0.101135 -0.000350 -0.150862 -0.089205 -0.008411 0.001573 -0.037966 0.089715 -0.004797 0.125958 -0.092513 -0.040743 0.008248 0.042470 0.001841 0.028703 -0.019659 -0.102382 -0.006979 -0.006652 -0.027421 -0.003203 0.114122 -0.049031 -0.000562 -0.032342 0.001344 -0.031198 -0.003102 -0.043109 0.001024 0.059108 -0.140227 -0.004010 0.002623 0.046440 0.019919 -0.000541 -0.058342 0.071102 -0.109908 0.118954 -0.002535 0.064566 0.123704 -0.019451 -0.113316 -0.081423 -0.014977 0.020569 0.123942 0.005457 0.000000 0.097871 0.000627 -0.048730 -0.001234 0.056275 0.000334 -0.012357 -0.000389 -0.051971 0.007174 0.044659 0.021588 0.114211 -0.013532 0.030240 -0.077020 -0.001727 0.148850 0.000000 -0.007237 -0.029517 -0.000315 0.057528 -0.002337 0.024458 -0.004100 -0.059936 0.000000 -0.078043 -0.006396 0.000000 -0.058501 -0.023482 0.001403 0.014464 -0.003103 0.075438 -0.002328 -0.078569 -0.003210 0.048512 -0.031894 0.009662 -0.014720 0.026243 0.065007 -0.007360 0.074221 0.030952 -0.032707 0.090014 -0.043574 0.015234 -0.075758 0.047577 0.006572 0.079281 0.087983 -0.136692 -0.034229 0.036080 -0.068363 0.057249 -0.009137 0.007436 0.070249 0.071152 0.001249 0.051268 -0.001730 -0.016340 0.013386 0.014473 -0.120515 -0.006310 -0.001944 0.000359 -0.001478 -0.025779 0.062811 0.007566 -0.055900 0.124181 0.048654 -0.009924 0.033755 0.011298 0.049921 0.062862 0.011258 -0.124221 0.000540 -0.023049 0.008624 0.001160 -0.000874 0.001085 -0.011373 0.001183 -0.010669 0.110488 0.000000 0.022186 0.007681 0.000341 0.027636 0.006641 0.000000 0.111534 0.118734 -0.041384 -0.000489 0.024032 -0.014216 -0.056208 -0.067087 0.031069 -0.068015 -0.000576 0.032762 0.032954 0.134779 -0.002326 0.025650 0.000000 0.000000 0.000000 
0.131054 0.089802 -0.080972 -0.101904 0.012710 -0.090671 -0.116442 0.134199 -0.014453 0.096996 89.488782 0.131138 -0.062517 -0.000703 0.087071 0.033600 0.022725 0.023072 -0.015588 -0.118725 -0.063415 0.072433 0.134085 0.009047 -0.038898 0.002753 -0.029361 0.066815 0.003981 -0.136522 -0.080725 -0.080904 0.050803 -0.000485 0.084598 0.091149 0.008631 0.003525 0.016351 -0.007537 -0.000378 0.001008 -0.141536 0.153849 0.009120 0.089822 -0.042669 0.084976 -0.130989 0.098326 0.001842 -0.085117 -0.093776 -0.009124 0.019666 -0.024583 0.034207 -0.007626 0.006506 -0.004993 0.000233 0.052524 0.130653 0.016207 -0.017530 -0.000467 0.007754 0.003042 0.026404 -0.153277 0.027248 0.137354 -0.043430 -0.090928 0.152667 0.090836 -0.014495 -0.076366 -0.057233 -0.056955 0.019269 0.084451 -0.007616 0.074962 0.047253 0.080456 0.061598 0.148627 0.000000 0.098247 -0.009258 -0.072485 -0.009795 0.002579 -0.033975 0.010778 -0.023796 0.072241 -0.013980 -0.015766 -0.157227 -0.081573 -0.035700 0.104150 0.096599 0.012316 0.125872 -0.004200 -0.000332 -0.038265 0.013546 -0.033337 0.089018 -0.004373 -0.064477 -0.044751 -0.049948 0.006854 -0.083799 0.027723 0.000346 -0.055831 0.099172 0.008652 -0.002024 0.025719 -0.027734 -0.008179 0.093602 0.003306 0.021395 -0.111363 0.057355 0.017090 -0.020188 0.000241 -0.018514 0.023107 0.005933 -0.136806 0.003792 0.031878 -0.086686 0.093593 -0.004403 -0.016082 -0.079581 0.046422 -0.092119 0.145198 -0.003728 -0.121430 0.088452 0.018123 -0.129348 0.103221 -0.015850 0.119409 -0.014415 -0.057170 -0.062513 -0.047844 -0.143776 -0.014520 0.084709 -0.052558 -0.042086 -0.001257 0.051556 0.002012 0.001374 0.096235 0.034403 0.027862 0.121728 0.054224 -0.026894 -0.017210 0.130047 0.042512 -0.129035 0.030396 0.105717 -0.013306 -0.041874 -0.148029 -0.004540 -0.075886 -0.126213 -0.027247 0.005149 0.021710 -0.033957 -0.020534 -0.011493 0.061459 
0.000429 -0.034167 0.020050 0.010693 -0.058878 0.077928 -0.000309 0.075819 0.043090 0.007382 0.131138 130.496848 -0.054632 0.000000 -0.021539 -0.050951 0.009256 -0.054803 -0.073943 0.026113 -0.037144 0.012975 -0.131992 -0.000816 -0.003947 -0.099681 0.019968 -0.009316 0.057830 0.000817 -0.000121 0.034189 0.036792 0.012899 0.049923 -0.007610 -0.007244 -0.084227 -0.001311 0.019529 -0.104405 -0.145672 0.133971 0.079127 0.006174 0.076188 0.057381 -0.000500 -0.005648 0.052654 0.128022 -0.009576 -0.001421 -0.141500 -0.001262 -0.082568 -0.122810 -0.003463 0.000597 -0.000260 0.000344 0.114357 -0.002673 -0.043966 0.142096 -0.152572 -0.020454 -0.046196 -0.000560 0.029717 0.006293 0.083000 -0.025970 0.050310 -0.047969 0.003174 0.015487 -0.106564 -0.049593 -0.026129 -0.150692 0.051330 0.157559 -0.063692 0.001429 -0.043018 0.000129 0.086695 -0.084634 -0.011482 0.071767 -0.015957 0.022447 0.011422 0.000000 -0.004369 0.000853 0.013237 -0.050387 0.033233 0.024311 -0.076856 -0.044270 -0.125621 -0.119700 0.049781 0.055056 -0.057110 -0.101159 0.041950 0.003040 -0.002703 0.005701 0.010562 -0.097450 0.037450 0.079359 -0.113942 -0.057881 0.003817 0.012296 -0.033382 0.147836 -0.132112 -0.001340 0.027315 -0.081213 0.000000 -0.052398 -0.021734 -0.047268 0.029497 0.013929 -0.032563 -0.013278 -0.005193 -0.058263 0.043600 0.004808 -0.133624 0.013710 0.004027 0.006759 0.069921 -0.005487 0.024370 -0.030806 -0.015360 -0.088565 0.067486 -0.007916 -0.037130 0.000000 -0.086732 -0.083511 0.050836 -0.060166 -0.037767 0.003218 -0.116458 -0.008747 0.037861 -0.101590 0.013251 -0.013908 -0.004183 0.053799 -0.000378 0.002421 0.013454 0.003947 0.007793 0.000969 0.005065 -0.039990 -0.000969 0.000000 0.007204 -0.113709 -0.000240 -0.111949 0.021887 -0.003160 0.000234 0.030411 -0.134629 0.101484 -0.001269 -0.006423 0.013458 0.090453 0.014923 0.150502 -0.138173 0.074171 0.133317 
0.064903 0.010595 0.030590 -0.102566 0.010879 0.000000 0.100636 -0.066804 0.000000 0.000000 -0.062517 -0.054632 2607.424598 -0.005561 0.038967 -0.108073 -0.018340 -0.069306 -0.000783 -0.052632 0.000000 0.107784 -0.148301 0.064934 0.000378 -0.050453 0.000942 -0.033186 0.000994 -0.016501 0.121509 0.038894 -0.003238 -0.000416 -0.007840 0.027866 0.002467 -0.069981 -0.046650 0.018325 0.017893 -0.008125 0.001066 0.009379 -0.129614 0.019971 -0.013050 -0.067341 -0.001838 -0.090656 -0.028701 0.097813 -0.058517 -0.027503 0.033322 -0.002088 -0.002229 0.000000 0.026501 0.030404 -0.002122 0.001018 0.049406 -0.063340 0.072703 -0.145413 -0.016349 0.050479 0.000597 0.114523 -0.008587 0.120360 0.004824 -0.016198 -0.004128 0.133350 0.000000 -0.000309 0.046362 0.115660 0.007868 0.025611 0.046414 0.025834 0.000000 0.000000 0.014362 -0.000586 -0.001742 0.042916 -0.084003 -0.042191 0.001368 -0.002274 -0.010319 -0.031165 -0.001501 -0.022462 -0.068997 -0.058424 0.085552 -0.041338 -0.011198 0.000000 -0.145266 -0.020978 0.127016 0.156512 0.000000 -0.036083 0.041531 0.082595 0.000760 0.005094 0.015643 -0.005396 -0.050012 -0.000734 0.021263 -0.144109 0.000000 -0.095088 0.074273 -0.035116 -0.008742 -0.146767 0.002053 0.016537 -0.001092 -0.065262 0.007568 0.141304 0.001010 0.047687 0.001338 0.083323 -0.006018 -0.065775 0.029903 -0.088437 0.000000 -0.003083 -0.002300 -0.023575 0.147368 0.011656 -0.002084 0.015615 0.139217 0.091462 0.046705 0.078752 -0.021938 -0.076447 -0.027889 -0.106582 -0.131967 -0.107371 -0.055777 0.104159 0.000000 0.039935 0.017608 0.070193 0.000000 -0.000487 0.035655 0.000000 0.008391 -0.001614 0.028392 0.094332 0.001018 -0.025036 0.014471 0.051687 0.000000 0.008777 0.088373 0.030363 0.000409 0.056515 0.071369 0.088292 -0.064716 -0.020419 -0.107823 -0.028936 -0.010272 -0.001253 -0.000112 0.026231 -0.001722 0.007472 -0.002660 -0.046447 
0.001241 0.029179 0.003349 0.050304 0.001376 0.000130 -0.043260 -0.033048 0.008862 0.037892 -0.000703 0.000000 -0.005561 38.118037 -0.038603 -0.112019 -0.017257 0.052909 -0.038566 -0.105347 -0.016146 -0.061122 -0.107603 0.046102 0.084105 -0.001158 -0.117058 -0.005115 0.081309 0.074284 0.135366 0.015495 -0.049522 -0.055526 0.115209 -0.023132 0.012828 0.010201 0.054087 0.015668 -0.003876 -0.012766 0.114944 0.096939 0.003833 0.097579 -0.006250 -0.111640 -0.080457 0.008966 -0.047442 0.015364 -0.122060 0.038403 0.028149 -0.005932 0.072338 -0.004866 0.014105 -0.033546 0.121520 -0.057246 -0.099630 0.062454 -0.058916 0.022299 -0.008380 -0.026411 -0.008349 -0.017408 -0.058389 -0.072700 0.151722 0.003807 0.027052 -0.066054 -0.048476 -0.005945 -0.084782 0.126195 0.069270 -0.058526 -0.071214 -0.022570 -0.149035 -0.011082 -0.122080 -0.076625 0.031709 0.084713 0.007134 -0.078807 -0.033629 -0.027959 0.000618 0.001469 0.052677 -0.025319 -0.076470 -0.027240 -0.054000 0.013106 -0.035756 0.032534 -0.021438 0.111247 0.040412 0.048966 -0.116780 -0.145673 0.139415 -0.004521 -0.001238 0.037711 0.061108 -0.008938 0.005534 0.132686 0.000170 -0.099381 -0.062384 -0.064443 0.022364 -0.043162 0.123418 -0.047182 -0.000716 0.024800 0.017929 -0.016912 -0.040251 0.102215 0.010090 0.069789 0.032671 0.061498 0.039516 0.020659 0.105324 0.015807 -0.064334 -0.045000 0.116551 -0.009516 -0.057414 0.067417 -0.027365 -0.028432 0.082633 -0.004321 0.000328 -0.021403 0.035114 0.119776 -0.033405 0.000642 -0.020803 -0.042714 -0.102728 -0.098187 -0.075720 0.005292 -0.001182 0.067637 -0.093065 0.067692 -0.051114 0.035781 -0.018687 0.075792 -0.070353 0.020076 0.078118 0.010384 -0.014190 0.057049 -0.070720 -0.026697 -0.001774 -0.000472 0.000302 -0.082583 -0.002212 -0.004921 0.002556 -0.093946 -0.000541 -0.017414 -0.002508 -0.023166 -0.008500 -0.125053 -0.004589 0.054571 0.065465 0.130035 
0.022287 -0.107228 -0.036654 0.035657 -0.007269 -0.095863 0.012489 0.030150 0.070239 0.060120 0.087071 -0.021539 0.038967 -0.038603 7.417594 -0.099696 -0.030040 -0.045842 0.149331 0.073818 -0.006084 0.109969 -0.018442 -0.009243 -0.011398 0.000169 0.154855 0.122677 0.047138 -0.010885 0.079796 -0.018372 0.097170 0.012798 0.097680 0.004096 0.037861 -0.063717 -0.114895 -0.060150 0.004837 -0.055067 0.059197 -0.006320 -0.016687 -0.027791 0.117740 -0.082002 -0.087093 0.031323 0.065021 0.001075 0.059156 -0.031263 0.018568 -0.009063 -0.043171 0.020208 -0.073823 0.100671 0.087204 0.007284 0.047828 -0.012448 0.012092 0.108844 -0.023120 0.034345 -0.034416 0.076286 -0.085587 0.021951 0.001804 -0.118989 0.026661 -0.013377 -0.018531 0.044813 -0.004664 0.003391 -0.054592 0.030964 -0.035216 -0.014868 0.038682 0.108547 0.068214 0.003223 -0.127934 -0.009206 0.034252 -0.008621 -0.012914 -0.038624 -0.113161 0.005280 0.000980 -0.061220 -0.014192 0.072542 -0.051736 -0.097115 0.046583 0.011791 0.004463 -0.090470 -0.025017 0.112545 -0.004289 -0.010230 -0.003178 -0.027474 0.069526 0.100062 -0.004964 0.000858 0.007070 -0.008119 0.017526 0.004846 -0.029394 0.070657 -0.004037 -0.027598 0.018954 -0.016239 0.026002 0.071038 -0.062759 0.011555 -0.043420 -0.012534 -0.020266 -0.033781 0.048764 0.116763 0.002262 -0.050458 0.025216 0.116232 -0.028599 0.094538 0.088152 0.046500 -0.089245 -0.026436 0.014648 0.007786 -0.017771 0.032972 0.155233 -0.135284 -0.063568 -0.051758 0.003099 -0.105051 -0.075502 0.001971 -0.031064 -0.058945 -0.068305 0.032916 -0.049273 0.048284 -0.009116 -0.019331 0.066383 0.000000 0.040525 -0.156700 -0.076890 0.001621 -0.089163 0.154760 -0.004139 -0.022481 -0.004526 0.069549 -0.047927 0.003319 0.018830 -0.111526 -0.106506 -0.139686 -0.101925 -0.029062 0.012664 -0.053748 -0.006128 -0.022466 0.012944 0.081895 0.040771 -0.007308 -0.028142 0.047671 
-0.026138 -0.005556 0.149395 0.149854 -0.050234 -0.000834 -0.069307 -0.021445 0.126610 -0.104658 0.033600 -0.050951 -0.108073 -0.112019 -0.099696 100.945592 0.000000 0.095699 0.028109 -0.057193 0.006771 -0.114377 -0.048664 -0.125399 -0.003535 -0.003118 -0.086721 0.145451 -0.000544 0.136601 -0.153894 -0.003568 -0.090138 -0.049345 -0.156538 -0.006506 -0.124498 0.001358 0.111244 -0.090603 0.033222 -0.008553 0.072317 0.010577 -0.007849 -0.056873 -0.024564 -0.029609 0.018182 -0.041106 0.000215 -0.030637 -0.062202 0.027512 0.003227 0.106040 -0.069046 0.051465 0.000000 -0.030067 -0.002748 -0.005670 0.113116 0.120131 -0.003429 0.038710 -0.131387 0.060791 0.000402 0.006461 0.003310 -0.141255 -0.000682 0.001647 0.007297 0.031927 0.015635 0.081482 0.053594 0.054779 0.134743 0.056891 0.118510 -0.106183 -0.002486 0.057187 -0.041629 -0.002745 -0.001017 -0.082660 0.028202 0.007471 0.081857 -0.049772 -0.004702 0.103682 -0.140051 0.004159 0.057810 0.105672 -0.081796 -0.011435 0.015852 0.045268 0.037278 0.008346 -0.065347 0.096037 0.030194 -0.068848 0.105280 0.008869 -0.147795 -0.135992 -0.013491 -0.028789 0.008698 0.027945 -0.052664 0.085281 0.040658 -0.129171 -0.055618 0.139903 -0.037468 0.039828 0.007341 0.019534 -0.031306 -0.027109 -0.028936 0.037145 0.040876 -0.099870 0.133909 0.012112 -0.041507 0.058738 0.147243 -0.001394 0.056111 -0.094727 0.000842 -0.021291 -0.032239 0.005542 0.007267 -0.110949 0.000000 -0.083979 0.147420 -0.045552 0.076973 0.062982 -0.033934 0.110420 -0.076037 0.038688 0.037659 0.015840 -0.142441 -0.003187 -0.000139 -0.037989 -0.003855 0.000489 -0.000931 -0.143516 -0.002189 -0.082648 -0.000951 0.032408 0.011950 -0.120078 -0.001272 0.014591 0.036263 0.036583 -0.024224 0.153426 0.022819 0.006674 0.005939 -0.001717 0.001717 0.070007 -0.040133 -0.119822 0.000000 0.000280 -0.120821 0.156387 0.011061 -0.005432 -0.056606 0.021913 
-0.090336 -0.149057 -0.012031 0.104774 0.003979 0.042978 0.035002 0.096491 -0.066771 0.101135 0.022725 0.009256 -0.018340 -0.017257 -0.030040 0.000000 191.502738 -0.020558 0.001745 -0.024670 -0.000468 -0.007094 -0.147140 -0.006420 -0.004038 0.017813 0.109463 -0.072847 0.084340 0.000788 -0.103399 -0.031382 0.110333 0.000354 -0.104415 0.100175 0.004204 0.001356 -0.046288 0.006592 0.000000 0.071168 -0.002592 -0.046904 0.123300 -0.031234 0.120983 -0.012132 -0.109436 0.000123 0.050584 -0.018104 -0.001571 0.000000 0.142286 -0.003531 0.002287 0.002895 -0.078225 0.147186 -0.000926 0.001364 0.002211 0.004161 -0.006939 -0.033858 -0.025692 0.148959 0.022359 -0.018702 0.006229 -0.064337 -0.000470 -0.001286 0.000000 -0.052953 -0.015965 -0.154089 -0.114795 0.138514 0.000926 -0.029744 0.014311 0.003534 -0.000416 -0.008778 -0.099324 0.041804 -0.001334 -0.145528 0.036085 0.031613 0.013060 -0.106422 -0.000514 0.002700 0.152884 0.069754 0.111094 0.051120 -0.018680 0.007909 0.015604 0.026378 -0.003758 -0.098029 -0.004853 0.065627 0.090499 0.060855 -0.091076 -0.012654 -0.005215 -0.000167 0.012521 0.026675 -0.120290 0.008744 -0.052996 0.133170 -0.000513 -0.129042 -0.006143 0.052772 -0.006497 0.016769 0.137171 -0.154693 -0.053704 0.009258 0.107783 0.113642 -0.000996 0.018656 0.064247 -0.021116 0.144606 -0.091393 -0.009464 0.111065 0.095634 -0.003148 -0.123146 -0.078950 0.000000 0.013713 -0.136515 -0.008337 0.001953 0.040257 0.155986 -0.047596 -0.036712 0.021711 0.081190 -0.047726 -0.031851 0.002350 -0.016659 -0.060541 -0.150984 0.107085 -0.111465 -0.100398 -0.000808 0.003351 0.018393 0.010362 -0.135127 0.005048 0.118529 -0.141026 0.002706 -0.030079 0.001321 0.120340 -0.084835 -0.114711 -0.072102 0.030224 0.000000 0.001625 0.019493 -0.002381 -0.135681 -0.004609 0.004105 0.156595 0.008409 0.059649 -0.024348 -0.015997 -0.000256 -0.032079 0.000225 -0.050679 
0.033563 -0.030401 0.087683 -0.000103 0.026051 -0.062255 0.060573 0.058027 -0.047974 -0.000350 0.023072 -0.054803 -0.069306 0.052909 -0.045842 0.095699 -0.020558 4.528952 0.000481 0.090161 -0.002803 -0.064166 0.106786 0.053285 0.035340 0.031905 -0.005447 -0.098956 0.043849 0.002219 0.028404 -0.044546 0.055563 -0.055802 0.120276 -0.051492 0.020869 -0.117140 -0.036766 0.075687 -0.097182 0.114090 0.007583 -0.094244 -0.005447 -0.012335 0.087985 0.134523 0.037838 -0.089609 -0.062079 -0.003650 0.000000 0.135368 -0.052572 0.024852 0.086328 0.035752 0.058379 -0.082057 -0.097903 0.070147 0.046398 0.091122 0.026542 0.025644 -0.080485 0.014484 -0.022294 -0.040698 0.103770 0.081016 -0.002616 -0.006902 -0.051675 0.107435 -0.155086 -0.046983 0.054633 0.091234 -0.085485 -0.071204 0.062808 -0.004868 -0.008275 -0.029921 -0.038145 -0.133738 -0.137725 -0.029138 -0.085925 0.000662 -0.028790 -0.006751 -0.067565 0.039914 0.006966 -0.085861 -0.133759 0.110363 -0.088188 -0.108722 -0.045910 0.026797 0.001974 -0.131637 0.040691 0.053954 0.004796 -0.050500 0.046327 -0.052705 -0.001014 -0.057850 0.019142 0.070982 0.015991 -0.126217 -0.092353 -0.056425 0.001789 0.063603 -0.006037 0.057376 0.009358 -0.055075 0.055376 -0.122594 -0.023246 -0.089532 -0.063942 -0.042923 0.077388 -0.122843 -0.048019 -0.044953 0.064107 -0.097928 0.025434 0.004631 0.055566 0.043506 0.026325 0.040366 0.116363 -0.036361 -0.000918 0.008226 -0.090854 -0.059621 0.106389 0.113680 0.004507 0.065770 0.035872 0.126939 0.004939 -0.138647 0.048603 0.025800 0.095563 0.014084 -0.027839 0.072325 0.120766 -0.036968 -0.040543 0.001617 0.030793 0.129044 0.021882 -0.021718 0.083518 -0.052147 -0.063321 0.006816 -0.025864 -0.064605 -0.070924 0.098679 -0.006189 0.138211 0.097155 -0.092896 0.027430 -0.011030 -0.106988 -0.005426 0.091991 -0.079812 0.048835 0.109125 -0.022264 0.084168 -0.151187 0.000738 
0.023750 -0.104969 0.003592 0.042751 0.024459 -0.091654 0.078417 -0.010852 0.020859 -0.150862 -0.015588 -0.073943 -0.000783 -0.038566 0.149331 0.028109 0.001745 0.000481 30.537714 0.010235 -0.151286 -0.040471 0.120050 0.009913 0.012211 0.091299 -0.002160 0.095744 -0.028363 -0.127863 -0.088694 0.091531 0.002016 0.004432 -0.146283 -0.067441 -0.003481 0.022503 -0.039936 0.047704 -0.011692 -0.028975 -0.002372 0.102481 -0.136347 -0.063050 -0.004271 0.059808 -0.006099 -0.000682 -0.007979 -0.031649 0.060062 0.008486 0.055315 -0.016527 -0.137587 0.000787 -0.001442 0.116769 -0.068484 -0.002848 -0.008290 -0.043467 0.011492 -0.030644 -0.104325 0.065590 0.024139 -0.038827 0.063770 -0.040863 0.002578 -0.077092 0.006405 -0.035073 0.023888 -0.066387 0.051972 0.015672 -0.104190 0.010261 0.020276 0.006058 0.001756 0.074514 0.001253 0.022899 -0.010820 -0.040301 0.016832 -0.016083 -0.006321 0.030711 -0.079841 0.140868 0.002101 0.153588 -0.096372 0.041352 0.082430 -0.124807 -0.053559 0.012557 -0.121718 -0.060350 0.004833 0.055730 0.000187 -0.023223 -0.127098 -0.006653 -0.000677 -0.120566 0.054878 -0.052963 -0.150540 -0.000469 0.006907 -0.012839 -0.026057 -0.012844 0.000160 -0.104910 0.011136 0.030159 -0.025933 -0.022820 -0.014361 0.010568 -0.048896 -0.058761 0.002888 -0.128246 0.063028 -0.002113 -0.111929 0.030792 0.023676 0.048928 -0.006103 -0.003153 -0.066785 0.012361 0.001488 0.005464 0.071618 -0.023241 -0.052094 -0.024178 -0.000791 0.005904 -0.013739 0.014079 0.111291 0.024094 -0.005050 0.072209 0.033930 0.091857 -0.003062 0.039191 -0.128924 -0.014197 0.056294 0.073657 -0.010918 -0.000303 -0.090580 0.000000 0.018054 -0.022807 -0.029269 0.043098 0.080431 -0.002458 -0.136100 -0.000975 0.085829 0.143605 -0.041590 -0.005817 -0.000153 -0.103527 0.075276 -0.059297 -0.025994 0.035470 -0.055821 -0.053466 0.001647 0.011057 -0.120289 -0.045503 0.005564 0.006495 
-0.021121 -0.001998 -0.002388 -0.024248 -0.041389 -0.013206 0.009435 -0.098144 0.043167 -0.089205 -0.118725 0.026113 -0.052632 -0.105347 0.073818 -0.057193 -0.024670 0.090161 0.010235 0.201300 -0.004599 0.149793 0.095098 -0.029981 0.021609 0.026057 -0.040732 0.015891 -0.056737 -0.039032 0.004760 -0.062101 0.007687 -0.037668 -0.136873 0.039674 -0.105261 0.020324 0.040140 0.020633 0.101550 -0.021653 -0.015947 -0.003429 -0.004987 0.107801 0.084202 0.046308 0.037650 0.129231 0.072381 0.071423 0.020348 0.145942 -0.051056 -0.085944 -0.010523 -0.013126 -0.007583 -0.007798 -0.062106 -0.023819 -0.004904 0.011302 0.072347 0.032611 -0.088849 0.050106 -0.043420 0.129281 -0.088892 -0.067490 -0.059049 0.114627 -0.015769 0.019242 -0.007502 0.048970 0.105203 -0.002654 -0.052437 0.002636 0.049153 -0.016623 0.079038 -0.071660 -0.004407 0.108980 0.016314 -0.152200 0.013533 0.089247 0.000000 0.087054 -0.006042 -0.028950 0.000000 -0.067369 0.060652 -0.008002 0.034925 -0.021418 0.043322 0.022877 -0.029024 -0.045969 -0.133687 0.044606 0.054196 0.156144 0.034345 -0.003055 0.050348 0.027280 0.068009 -0.000261 0.034992 -0.074317 -0.032252 0.022779 -0.013372 -0.148765 -0.044953 -0.059344 -0.072782 0.046095 0.151489 0.053050 -0.010100 0.009277 -0.015186 -0.020904 0.050503 0.003452 0.094698 0.150380 -0.107992 0.089127 0.031036 0.035811 0.046518 -0.121499 -0.151861 -0.006595 0.004947 0.015454 -0.017006 -0.038896 -0.108722 -0.053919 0.052629 0.044529 0.016400 0.012979 0.006086 0.009507 -0.001021 -0.000382 -0.002345 -0.038148 -0.015112 0.026921 -0.003622 0.001779 -0.028379 0.059261 -0.026216 -0.036673 0.052019 -0.050587 -0.129786 -0.100008 -0.068948 0.049157 0.035861 -0.139917 -0.045545 -0.002735 0.084276 0.013068 -0.049037 0.083314 -0.053310 -0.004402 -0.076638 -0.099838 -0.016506 0.024458 -0.034932 0.064576 -0.033892 -0.116733 0.023599 -0.031640 -0.077502 0.021909 
0.033928 0.032456 0.030398 0.139275 0.000000 0.019248 -0.031383 -0.018928 0.000000 -0.008411 -0.063415 -0.037144 0.000000 -0.016146 -0.006084 0.006771 -0.000468 -0.002803 -0.151286 -0.004599 5355.796290 0.010937 -0.007584 -0.026061 -0.089294 -0.119001 0.055363 -0.071586 -0.009916 0.043246 -0.004258 -0.083167 -0.000196 0.002151 -0.062159 0.092528 0.000165 0.020385 -0.074630 -0.122223 -0.029216 0.065188 -0.007469 -0.069349 0.011956 -0.051756 0.000519 -0.093474 0.104674 -0.000350 -0.024989 -0.031309 0.046456 0.069234 0.021378 0.032920 -0.009387 0.100570 0.017268 0.009981 -0.003734 -0.132213 0.000927 0.047915 0.007066 0.139104 -0.003139 0.031887 0.002133 -0.002923 -0.001333 0.112275 0.108672 -0.031663 -0.001752 -0.020809 -0.000411 -0.024149 -0.042199 0.090703 -0.082385 0.012395 -0.024086 -0.022510 0.000000 0.013123 0.116019 -0.001600 0.000000 -0.135671 0.059708 -0.051257 -0.001546 0.009455 -0.062929 0.128282 -0.009404 0.122225 -0.032460 -0.025241 0.023282 0.004255 -0.005419 0.017093 0.003794 -0.002655 0.050877 0.048947 -0.117680 0.063540 -0.028672 -0.024700 0.014410 0.000000 0.017394 -0.099317 0.002134 -0.001708 0.021598 -0.053913 0.016124 -0.142975 0.003163 0.003104 0.001999 0.146780 -0.001554 0.057619 0.103860 0.012280 0.018292 -0.017833 0.015090 -0.004425 -0.047144 -0.024569 0.001319 0.042329 0.038360 0.011104 0.008316 -0.115379 0.083047 0.099756 0.000745 0.001959 0.059085 -0.003437 0.000887 -0.112342 -0.013957 0.002094 0.004069 0.003619 -0.050059 0.013638 0.122211 0.012625 -0.120426 -0.007589 -0.119830 0.012628 0.019683 0.065883 0.108982 0.034066 0.024837 0.000000 0.000000 0.089303 0.131092 -0.000690 0.000000 0.000433 -0.000430 -0.119223 0.048293 0.000000 -0.013871 0.028454 -0.016309 -0.063987 -0.007494 0.022998 0.050114 -0.141345 -0.081812 0.022943 0.025527 0.007403 0.052022 -0.065417 0.050207 0.001591 0.000000 0.052380 
