76.832728 15.592003 0.786352 5.896041 40.365467 18.781324 3.092398 22.325085 -96.233228 -40.053326 -10.159076 -6.135349 -77.700845 -26.016924 -22.446462 -8.883425 -33.163660 -20.093078 -21.323257 1.447724 -5.186824 30.777444 8.772668 2.133455 -0.327061 -0.608804 0.908817 -0.022235 38.521107 -83.221310 -2.880621 6.269306 25.746757 13.388871 -16.775014 11.471673 -20.911283 42.261004 -0.532003 2.610507 -11.516230 17.606971 5.416996 -1.851499 -5.106030 -11.641113 6.122330 -1.159899 -8.184396 21.414021 -1.990470 1.378255 1.073815 0.519958 0.968112 -0.372743 19.475737 15.941367 -5.211129 0.103773 -78.326038 6.766544 -3.366975 5.838373 -6.810239 16.446685 3.592384 4.676214 -16.480894 48.347986 10.278575 0.580745 -0.661538 6.023449 -10.100630 0.092047 15.231204 -9.025699 -3.067723 4.633411 -3.654636 -10.970586 4.342923 3.455226 13.189183 -5.772354 -0.754086 0.631032 2.039886 6.575539 6.770477 2.690965 5.613496 11.673073 16.935597 6.963198 -19.618499 -7.677087 8.401003 -0.021760 10.996061 2.304675 -6.992620 1.285732 29.234175 -1.534864 3.934735 1.155205 43.711057 54.736812 6.829226 0.969419 21.606350 -0.253801 -9.139629 0.600537 14.931112 -1.654953 -8.305624 2.145145 35.843084 9.467740 1.018681 1.180138 -2.575799 2.545554 2.614557 -0.989503 1.950330 -2.479227 3.643823 -0.488919 14.313633 -10.584677 7.717337 -2.389732 6.975537 11.572391 -6.000669 -1.583236 -1.489902 26.222121 -3.499410 6.227235 13.522257 -24.285709 -6.834420 -4.807580 13.918864 -5.507749 5.511242 1.292775 -6.832147 8.854501 17.661992 8.699139 -2.510396 0.762345 20.598323 2.244880 -0.913941 -4.324433 2.298591 -0.155077 7.743084 4.065919 -14.986441 -3.938587 -125.966903 -95.510211 3.215757 2.284712 26.467217 -5.156863 -1.154506 -4.220736 9.585162 52.745580 10.775483 -3.154979 -13.929818 -17.210852 27.306988 -2.330021 7.805684 -21.788998 12.214562 -2.282474 15.795704 16.573613 0.634396 -4.751740 -3.059283 20.508720 -13.745723 1.851318 
15.592003 267.699990 -2.964770 15.882427 -42.036326 45.461907 -7.439424 7.518036 125.963638 -39.576299 -20.371824 5.051979 0.766824 21.779363 -18.756937 1.746501 4.915125 15.043352 -7.194801 2.052337 -8.392088 21.856083 5.585470 -0.688135 -2.994336 -6.556710 3.167853 0.290018 2.465301 -37.043591 -2.596641 10.724841 16.172134 28.254937 1.905460 -1.503549 -32.714462 67.987707 -1.823200 4.265349 -9.566401 24.182039 16.463550 0.569460 -4.889055 -2.733673 16.927351 -0.784739 -10.002125 71.889383 14.946895 3.199718 -5.667627 -32.953891 3.743556 -3.219629 -5.551868 73.926261 40.392881 -8.195741 96.425699 48.877411 18.617190 -7.025034 19.086179 25.176876 5.917591 -0.450179 -3.107686 75.778063 6.314015 -5.263116 -11.680113 7.804141 22.918117 -1.197086 40.941082 -8.432454 21.198910 11.505256 -8.159895 -2.215988 8.425877 -3.810917 -21.340523 37.278605 -6.115647 0.449320 19.880154 31.629815 0.987504 -4.746958 -4.437193 24.044779 -1.704972 3.944973 -9.139657 0.917886 28.559256 -0.494600 9.580829 -9.116746 22.019523 -1.424641 31.841542 -14.140402 28.211067 5.903804 21.947361 14.656873 10.091188 6.682369 3.701492 16.393211 1.624695 -1.338306 15.644863 -6.103262 -9.217759 4.123102 33.508993 -4.014876 2.955762 2.522687 8.822154 2.795255 16.535741 5.443814 -23.515579 -5.943002 12.148835 5.656302 20.765841 -13.832380 15.821687 -6.160867 4.673986 17.251547 7.205081 -2.044914 -14.767309 64.604379 -20.143225 -1.025914 16.591320 -6.930162 -16.540747 9.566595 9.188093 14.424786 11.510391 12.068642 -35.981758 1.391759 62.724183 -9.864274 -30.824080 -6.705084 26.229318 3.618539 7.383517 1.305806 2.461239 -0.294328 30.521627 8.170443 7.779874 -1.232099 44.799941 55.244123 -7.874980 41.378663 29.752457 -18.820653 7.919771 19.566223 20.503462 2.675699 26.447858 -1.454286 -1.732523 -30.867449 23.847155 4.263041 50.446115 -18.774459 8.126069 -14.165620 6.379143 -20.684667 8.317479 -9.655780 12.486868 32.810677 -65.842544 7.199340 
0.786352 -2.964770 9.825802 -0.272469 3.311071 -5.262501 5.300376 -1.298365 -6.762639 -1.148811 -1.196331 0.237766 -5.303649 -4.766139 6.858032 0.195617 -2.668197 -9.946496 2.447951 -0.993642 0.507606 3.003988 -0.648843 -0.961049 -0.797613 -2.422020 -1.164444 -0.156852 3.396966 -17.303094 8.546467 -2.126605 4.515370 -7.078759 -0.174559 -0.204744 2.252893 -4.049310 -3.418386 -2.806235 1.024493 -4.585803 -3.951332 -1.942236 -1.099080 6.980393 -0.009205 -0.018765 -3.778628 6.775747 3.159476 -0.469135 1.703704 -3.592072 -0.434321 1.195926 3.487337 -64.140651 0.291685 -1.427346 12.776836 2.939066 -0.310619 0.487778 -1.239182 0.839419 -4.490257 -0.500469 -0.024572 0.669097 0.297466 1.094160 0.617854 1.467491 -3.591799 0.667406 1.666049 0.057537 0.688079 -5.743215 3.976505 5.087938 0.933272 -1.054993 2.195122 0.283681 1.312474 0.343333 -4.075052 -1.272759 0.491648 3.607778 0.762066 0.551479 2.129182 -1.781193 2.441421 2.176633 0.154549 1.828295 -5.055086 0.867899 -2.166925 -2.019119 -0.593339 -0.752077 0.452756 -2.921103 -15.900974 0.428409 2.681543 -4.760643 -3.374530 0.585032 4.029841 0.197531 2.431150 2.431455 0.328732 2.387963 2.014654 2.130230 0.002783 1.532580 -2.417673 0.914327 -0.168779 -1.149804 0.797502 2.440608 -5.752914 -0.291543 3.242824 -1.012071 -0.142518 1.850893 -1.438468 -3.448437 0.124731 -2.540398 -12.993614 -0.053433 0.709965 -3.892159 3.609390 2.159368 -0.980963 -1.736537 -3.853725 -1.926890 -0.360260 1.071086 1.892383 1.718170 -6.031569 3.211694 3.867054 -0.003154 0.307891 0.514907 4.686452 3.790494 3.648698 0.092963 -6.600977 -3.064256 -5.374565 1.136643 60.841864 -66.825323 -0.671955 -9.671170 0.675954 0.499340 -0.887549 -5.137070 -2.398426 6.218300 0.673493 0.549320 -4.973043 0.284242 3.195739 0.719932 -10.488837 2.340791 -0.161945 -0.024527 8.252903 9.146815 5.724611 -1.295515 -124.128057 -3.087225 -0.008963 -0.207346 
5.896041 15.882427 -0.272469 10.951358 2.150974 24.863629 -3.308669 9.313705 27.477586 -14.613821 -2.875212 4.293002 2.180670 -8.131712 -8.798235 1.111605 3.098022 -21.333803 -3.098344 1.227531 -0.759053 6.733539 2.114515 0.698272 -1.623708 -0.800655 -1.484444 -0.158148 -1.361392 -101.742152 -4.084054 11.639383 -4.072345 -15.096134 -5.033301 5.944665 0.751576 2.678854 -2.255742 4.396790 1.485433 -5.138348 0.196481 0.037508 0.299604 3.203944 0.708745 0.386543 -0.130529 -20.605625 0.202868 0.125030 -2.553704 1.145907 -1.572346 -0.335926 -1.768954 -10.715281 1.672194 -1.950988 -20.378704 5.333837 1.032102 -1.424444 -4.658423 -0.254720 -1.385259 3.000583 -2.624380 8.286275 0.301293 2.643569 -2.856846 -0.818316 2.931752 1.796525 4.888271 3.961249 -3.320155 1.616460 -1.407718 1.256807 0.179506 -0.063111 -3.404342 -0.865813 -6.149350 -0.135556 2.403416 -2.206563 4.929596 -1.134444 -2.267068 4.904522 4.994713 2.781269 -1.555325 -2.365635 6.184722 6.403449 -0.754928 2.890255 0.023075 0.054383 -1.969553 0.867531 -2.541815 -0.931266 -15.999964 2.761151 0.222346 -0.961348 -2.604305 4.169719 -4.186831 0.024691 1.440173 -0.822118 4.046421 -1.596296 2.246228 -1.139215 5.136591 -0.180923 5.563139 -0.367821 5.022267 2.492293 -0.601436 -2.962007 -4.489874 -0.764568 2.140323 -3.771829 0.477296 -0.450299 -3.439189 -0.247706 4.013262 3.626555 -8.594959 8.295921 2.410837 -1.973390 3.325426 -0.690042 -0.690812 -1.285461 6.576022 -2.661682 5.353409 -5.152409 -2.639602 -2.997820 7.373959 -1.985347 -7.896560 -0.754411 0.781096 2.480952 1.263322 -0.356049 -0.823091 -0.030741 1.362262 5.232529 0.829992 -0.627767 24.434580 -19.862610 -0.800606 -0.436038 3.987020 3.066384 1.120812 0.986946 11.021927 -7.018735 4.670333 0.455229 5.001718 -6.830568 2.860043 2.661081 4.923671 -2.397287 -4.568086 2.378950 -4.829998 -2.002827 -4.249498 -1.168485 -67.667829 5.498180 -17.365844 0.222346 
40.365467 -42.036326 3.311071 2.150974 364.456042 41.662380 -12.754826 20.521012 -50.661104 -5.065489 -78.870358 -42.507870 -5.218823 -10.477366 -60.711690 -47.520373 0.507511 -35.620937 -60.208608 -9.453470 -38.202137 24.183703 -17.322928 -7.018485 -1.337181 -29.554585 3.086568 -0.679232 4.853354 -11.763956 -3.225420 -2.630068 54.698906 -1.427272 -36.650121 23.202354 -10.925449 36.126572 -21.738592 -0.208479 23.626703 15.350853 11.145840 -0.048190 8.981294 10.577220 30.391824 -2.158135 -2.543101 -20.736186 21.250864 -7.158313 9.149328 -49.983430 0.275820 -0.614664 9.922779 122.396885 2.929329 -0.845577 -7.713878 8.714191 -18.628428 14.025743 -14.613290 -3.083282 -8.908363 4.550008 12.309723 19.498667 11.896511 -1.313961 11.706683 20.967656 6.041225 -9.774083 50.820873 6.220835 4.536791 -19.611755 -1.632510 7.163004 -16.922590 2.472646 -3.717434 0.844998 -24.592866 0.621483 -10.121061 -22.260609 -4.561188 10.418755 20.675403 -1.053134 23.659469 8.181065 -15.662284 8.502606 9.011903 -0.527910 -15.416765 -5.414328 -9.238566 -3.574384 7.710525 -19.935403 -1.211599 -12.238841 0.084851 100.163305 2.844485 11.230257 -58.710469 19.907651 -0.313755 -0.215555 -9.399516 26.476739 -0.976496 0.732945 72.398632 16.615087 2.299719 8.289324 -8.257472 1.909145 1.400908 -10.381946 -4.313722 -14.687948 -5.607447 -1.278818 -7.341055 -9.205611 6.160673 -3.969708 0.648610 0.751670 2.693628 3.661136 124.883630 87.205075 -29.522279 -21.138426 -7.097574 -17.627806 -10.833769 -4.698982 17.048889 0.637178 -13.484849 6.893422 6.255614 3.958582 -30.328900 10.690890 -11.783106 15.103862 -5.546419 -1.987288 -1.229315 6.817461 14.178310 -2.275786 6.633177 -13.721019 -7.165690 -9.319489 -54.147476 -46.935540 -37.086808 -12.417318 40.353558 31.763689 17.974081 -10.443184 13.416165 -7.381626 11.828280 -24.790228 -5.745383 -29.981231 -12.874097 8.895936 -71.168124 -15.978080 17.052094 2.644618 -3.646049 20.236707 -7.681896 -3.789196 -7.233115 17.776222 -32.522030 -0.535469 
18.781324 45.461907 -5.262501 24.863629 41.662380 720.801845 -11.119878 27.679201 0.208655 -67.419194 -23.341705 -5.421258 -14.886469 35.413277 -57.414420 -4.420062 19.443830 59.766382 -56.235508 7.172476 -3.476404 36.838400 32.717085 5.359171 3.540091 3.050227 4.324558 1.544528 -18.999970 -52.976915 -4.175510 -27.100974 -0.767356 -29.294996 -14.782248 -21.834442 103.284726 -30.683300 -36.047933 -10.613277 31.831836 -42.886471 -27.401839 -3.912325 -19.348959 -12.577779 -3.755616 11.326324 -19.354247 29.329745 17.271585 10.544047 -10.342612 0.853267 -2.521144 2.453220 28.481525 -84.903098 78.033182 -23.639078 60.383136 16.796246 55.952149 -24.949431 -81.210063 -5.179746 19.927720 -33.594738 34.788766 -68.750903 0.122203 1.101583 13.565168 61.143436 -10.050434 13.056460 -41.428570 11.773185 -18.167384 4.706217 -54.302091 26.491586 -8.133479 7.780552 5.775185 0.000000 13.511676 -0.669342 31.180429 -0.043405 -7.324864 -5.931926 27.030035 47.168401 22.850388 -13.152016 43.417835 -33.387616 15.581975 -0.433773 21.395013 19.785954 5.324015 9.530365 -33.443640 -24.032229 -23.036633 17.821827 101.247555 -16.184649 9.565732 15.618542 0.920162 40.168211 -38.272868 7.173582 13.438851 -41.273849 -47.313787 9.062392 65.697873 -36.808787 25.711978 -17.172833 13.001755 -34.899428 46.462863 -40.799955 -9.762661 -45.951679 0.063375 -9.398906 -25.024839 -31.848724 -17.515543 -15.895889 -21.927490 15.052718 50.190650 -11.495682 -7.363796 112.168741 -34.335870 28.558799 -6.759212 -0.446528 -23.172762 0.810388 41.530218 -43.189628 -14.761513 2.785924 45.021900 -2.185109 44.768163 -16.829908 -44.973013 -8.433291 -9.862206 -36.936266 -15.439096 -18.090760 -5.605691 -8.527743 -28.054215 32.758063 44.280370 -8.967806 54.357637 115.819889 -25.124133 -4.599943 1.602802 63.607576 17.444302 25.693932 94.637567 -23.780892 86.395745 4.593695 54.862065 -32.117667 20.184865 -5.911391 -95.332773 10.117217 21.467350 -32.983560 -20.941947 -57.789567 -1.486934 -9.768843 -75.215732 -13.386338 -60.261579 -10.765917 
3.092398 -7.439424 5.300376 -3.308669 -12.754826 -11.119878 29.975939 -3.528870 -27.200166 4.003963 16.368894 -6.195459 -29.432244 -3.989740 -15.813801 -0.922479 -9.928312 -8.159894 -3.259184 1.154958 0.474485 -4.929066 -2.866279 0.116699 0.254754 -3.439350 0.747628 -0.003812 9.716522 -3.263440 9.466269 -1.159937 21.786599 -2.912903 10.305539 0.513865 -3.114725 -10.452023 -1.523526 -4.114462 -10.191473 -1.931737 -1.692166 -2.089485 -1.906939 7.732417 1.524305 2.675660 -9.605381 21.495964 1.372783 2.074553 1.396154 -3.965193 1.162352 0.232052 8.320843 7.750816 -4.022663 0.619232 34.613872 -5.612869 -5.275209 5.812032 -10.398833 7.668663 -2.908775 3.923902 -10.130707 7.233286 3.879467 -0.745606 7.801402 -9.668740 -3.046591 1.165183 -1.215502 1.827941 -0.994646 -1.666048 1.032669 -2.850701 0.549461 1.010287 2.168009 1.732604 -1.688388 0.336231 -11.582848 4.374561 -2.858182 4.069891 -1.898247 0.584458 -5.378424 2.908807 2.914525 -4.171851 -1.572300 -0.640622 8.049132 -1.516747 -6.987299 -1.302158 1.285583 5.157504 -1.161260 -1.944274 24.237323 24.811082 -0.143196 6.014088 -4.292482 -2.927847 6.788678 -0.364307 2.039890 4.786653 4.158170 -0.226205 1.258675 0.334284 -4.487060 7.547952 5.457676 -6.094692 -4.200560 2.254457 4.050477 1.291302 -1.853069 0.312622 0.027327 4.261622 -0.391103 5.110174 1.554735 -0.737820 -8.133193 -0.750306 -56.347721 -13.420514 1.566054 -1.970012 1.990559 -0.458011 -1.018047 -1.580860 -4.315904 6.849693 -3.932007 2.210304 4.388250 12.283390 -4.709978 11.897770 3.993135 4.187376 -1.339263 6.142924 5.795879 1.768119 -2.865178 1.607606 1.380106 -11.848165 -4.138885 2.274124 0.128847 -50.302800 -7.167612 -1.514641 0.336045 -6.854299 -8.156516 -7.159932 -4.658464 -2.635982 -3.359535 -1.164709 -8.921252 6.297580 0.777098 9.143510 10.660661 3.231166 -8.801036 8.256205 6.647779 16.368646 2.650973 0.416585 4.083846 -4.673422 -1.428084 1.082241 
22.325085 7.518036 -1.298365 9.313705 20.521012 27.679201 -3.528870 37.569786 7.051244 -27.370909 -8.814446 16.349010 -21.965972 -10.973212 -8.002998 -3.633517 -14.397378 23.542029 -11.481068 2.049812 -11.408269 21.345016 3.267151 2.159864 -1.248648 0.073736 -1.806808 -0.284490 -6.352974 -67.102761 -4.001389 2.991688 3.396083 1.211470 -8.972241 14.528444 10.568643 12.113545 -5.047574 8.197624 -5.996284 1.388661 2.916253 -0.862911 3.796170 2.763135 3.247090 1.896212 -1.947092 7.354062 -0.939631 2.344549 -2.838929 1.790443 -1.978518 0.572147 -1.460606 -85.311081 -3.733852 -3.969923 -79.576204 2.914854 0.714801 2.231686 14.957424 9.271977 -4.587562 8.752409 -11.287432 17.113391 2.388599 3.193643 14.184199 -2.354500 3.973582 0.416233 11.902979 4.798442 -0.250955 6.341138 -4.647852 -7.056154 2.986088 0.958235 -6.367632 -4.585959 -5.941524 -0.111988 1.378944 5.497708 10.453415 -0.592069 -5.818727 13.798287 7.844205 7.463943 -5.417818 5.981582 1.752239 6.289630 11.530799 3.679495 -2.771363 -1.425623 -1.168057 3.798249 -3.474441 2.339206 32.358805 17.774615 1.362489 8.757425 2.552672 5.810988 0.614618 -0.803190 1.103101 -2.480719 4.635836 -3.422490 23.526243 8.059145 6.957451 0.347133 6.220519 4.465976 3.857307 4.577114 5.007721 0.451817 -9.771457 -0.752396 -1.649971 -6.930026 -1.734043 -2.787599 1.008895 7.745350 -3.178309 6.164786 -60.318912 22.196110 3.740187 4.818343 -1.313618 -5.833173 -5.057166 -3.759120 13.142303 -5.728436 6.941049 -7.226813 -0.855255 8.305569 10.744550 0.210243 -3.009337 5.523041 3.066601 5.220423 -0.761386 -1.154034 -3.256153 0.018081 10.180724 5.890942 -0.717045 -2.823374 50.229343 -45.370075 -3.329835 14.531778 10.491180 -1.011749 -8.048121 3.807989 22.961497 -22.339569 8.887717 2.650680 5.080973 -11.572813 12.333148 -5.650465 15.295302 -1.767841 2.734536 3.764280 -14.835400 3.936684 -3.333178 -0.014566 3.931623 1.903425 -9.083896 -0.609890 
-96.233228 125.963638 -6.762639 27.477586 -50.661104 0.208655 -27.200166 7.051244 1838.859481 52.177384 9.281719 98.847497 107.222204 102.580586 -122.284008 48.013573 73.136077 56.630550 -44.901707 7.501396 -9.596239 -24.830693 -14.848706 11.796789 -13.868680 -60.359932 -1.951105 -3.733038 -119.815974 -84.128043 -30.420391 7.009725 -72.176850 7.634878 -37.397785 49.705849 15.523707 4.686520 -109.391718 68.592554 23.725063 70.013778 -73.630672 20.200866 -124.799797 82.192270 -27.423607 -3.395147 -39.450337 -1.781309 4.525782 12.601721 -26.403409 -55.626368 -3.340540 3.248036 -121.162859 -81.562024 12.925829 -36.510412 98.587878 -118.771839 -42.409845 -27.478268 59.347852 -22.783164 -93.739629 19.147304 71.137473 -82.909243 -98.671560 -7.418244 -50.134558 13.863055 56.081981 -19.727533 121.354272 30.252791 28.174928 -72.184179 -53.845448 21.426032 -20.557310 6.372471 -114.602652 -67.319640 -102.243742 -2.044877 12.769822 -5.189832 -1.429150 -35.062844 -27.216684 12.230778 -55.643379 -16.329323 117.757059 -61.959010 1.424520 39.839119 18.169511 -1.131553 48.173282 -21.524235 -17.939692 37.882844 -12.152185 -87.210310 -16.097545 -53.486856 0.063998 15.142766 -67.095965 103.031353 48.818699 -9.826897 -52.449258 26.904718 74.177109 -34.004276 -70.009687 -36.980024 38.502134 -30.079092 90.687780 12.559373 33.004633 70.958175 -47.996600 3.174798 3.133801 5.819790 -4.816713 37.810088 -25.406467 -27.362044 34.534989 -35.491089 97.662961 -85.684926 -58.868577 -111.781387 42.519376 -41.995463 -2.197835 75.511823 2.344061 12.177198 -4.375648 -79.026251 6.073144 -12.589596 -34.057490 -101.234398 29.326285 -85.464719 38.804386 -120.943616 1.069677 16.699569 60.009291 -6.593851 20.998956 3.917401 -22.254418 -40.878313 103.771957 -27.804697 -4.631699 -38.893667 0.936986 -31.552867 117.595117 -41.086993 -0.928236 112.386803 50.067652 -52.552685 -6.942632 -31.212552 7.010313 -6.487201 52.015288 -13.551557 -77.847609 -32.248513 -15.682130 71.406296 -0.000000 -66.929506 -117.784723 9.566036 4.730714 -15.924544 -22.841157 -3.634979 
-40.053326 -39.576299 -1.148811 -14.613821 -5.065489 -67.419194 4.003963 -27.370909 52.177384 197.086391 0.681630 -15.940485 124.039839 117.088080 1.659768 -1.790526 45.673379 66.640447 29.937184 2.811418 14.608150 -17.694065 0.355675 -1.898040 2.753939 1.464883 3.514962 -0.687479 -0.691455 37.676544 9.784189 -5.562351 -0.934969 63.029023 20.048459 -4.053155 -28.302222 -22.381888 -23.943346 -4.489269 19.395591 -5.077173 -10.154157 0.433947 17.491461 -18.121076 0.254536 -1.482088 -2.967540 7.676695 3.690571 -3.289723 -0.218185 5.167238 5.157544 0.427084 -5.764546 -58.604233 -2.236131 -0.149113 78.762623 -6.030312 -10.177104 0.735273 0.631401 0.125129 -16.546231 -3.087522 13.567140 -12.480356 -12.117960 -5.644437 5.941672 -7.131290 -11.866219 0.435818 -46.596459 31.712501 -10.340186 -12.098402 -13.024292 9.798476 -0.546109 -6.338725 3.084131 -1.544346 1.321845 -1.347697 -6.518098 -0.173898 -14.251838 -2.522254 -2.816155 -12.927469 -21.998727 -7.345298 22.967058 1.307600 -20.528715 3.223387 -4.368263 -7.113100 -21.020936 0.010197 -18.793835 0.221287 -15.455013 4.162650 -124.576793 -60.487398 -2.587824 16.251460 -6.465407 6.557606 -6.542487 -4.238819 -11.250856 15.772305 -13.395068 -1.757808 -38.347817 -14.221078 -23.229683 -8.168917 19.109032 -0.396145 -31.685678 1.023945 30.198095 5.003245 -2.394846 4.410538 -4.821963 18.353073 -8.036214 7.579420 11.645548 -17.319810 -7.251885 -6.421284 27.115498 -70.175570 -6.631938 -4.424089 1.880271 -19.911479 5.033182 5.828864 -27.101079 -26.884157 -5.074275 -9.782916 6.648818 0.335387 -17.890716 -14.649475 23.825807 10.223237 -11.772223 0.856227 4.999969 1.431515 4.776422 1.175936 8.722083 -21.876439 -2.875610 0.195938 -43.632561 37.087562 -2.772048 10.398241 -11.504748 4.497227 -2.607496 12.315074 -27.322256 7.613857 -16.033499 -4.160702 -11.256448 8.979250 -19.249465 8.305022 -76.444264 2.093947 -17.544060 12.289880 15.737339 8.940367 -22.624451 2.544896 16.160072 4.223991 -21.221125 -6.271053 
-10.159076 -20.371824 -1.196331 -2.875212 -78.870358 -23.341705 16.368894 -8.814446 9.281719 0.681630 125.776084 0.511980 10.277756 21.066402 47.847407 3.629365 -47.297816 -41.691335 2.400403 -5.834208 -19.106244 -16.108954 -7.004489 -0.430322 -8.097301 -7.809805 -4.564529 0.605649 -2.182442 -81.124725 -0.202608 7.271401 -0.104064 -13.533554 12.473146 -6.376302 27.945617 -27.716067 12.442311 15.668002 -26.349194 -6.515427 1.003966 0.825779 -19.371688 -1.851409 -10.911306 -3.263376 -9.454919 -54.594279 -10.156170 -0.679396 -7.637769 7.389819 -3.265172 -0.862877 4.976116 0.000000 -8.533158 4.405774 0.988913 -15.411321 -6.135117 2.114878 4.624963 -9.110514 -4.268737 9.992404 -2.641092 -28.835144 0.833453 0.462916 -0.636407 -0.953222 3.244920 6.996820 -16.721535 6.472562 1.107336 11.291349 -5.595111 5.383901 -4.464944 12.265988 7.333664 0.886976 0.894574 0.053634 -14.369161 8.562286 7.614290 2.759563 3.795964 0.829192 -0.434190 8.210254 9.136471 -0.011370 -3.896543 1.196183 20.501514 12.566362 14.432723 4.214515 5.824896 3.287020 -5.377814 -1.656174 65.672937 -7.552206 -4.389918 -22.318562 20.577682 -5.237824 9.394762 2.088379 -8.144386 3.864007 -8.373214 -2.594482 0.942058 3.117278 -2.471824 9.700229 -3.197898 15.212611 -2.212439 17.854820 15.072586 11.584978 -2.773410 5.364752 6.662011 10.403151 -3.185453 6.328599 -13.459539 -5.556750 14.943518 -3.321841 81.484654 -23.268459 12.547079 18.566699 -1.287126 7.205789 -6.998063 0.487498 -6.774076 18.092737 8.127779 -4.195945 7.656069 20.474892 -2.996496 14.692005 16.160042 4.363463 -5.612818 10.198884 13.076831 -5.472215 -0.828280 1.476091 -6.333457 -2.388459 -3.770078 9.077864 62.547723 31.674614 1.907351 30.672175 -8.206403 -6.356764 -0.639240 -19.597116 -7.434576 -57.950738 -2.975173 1.640807 -1.302001 25.427379 7.037740 -3.042620 23.686151 14.131454 -3.961677 -7.856598 11.346891 -28.162123 -5.327968 -3.655302 -1.144605 -0.758850 -2.622098 -1.647765 
-6.135349 5.051979 0.237766 4.293002 -42.507870 -5.421258 -6.195459 16.349010 98.847497 -15.940485 0.511980 65.343163 -13.360499 0.658436 10.569166 32.137251 -0.861246 42.824984 -2.152773 -1.104012 -2.509128 -6.668331 -8.628504 2.807199 -5.037214 -2.690831 -4.056522 -0.163905 -16.612011 -89.042205 -4.201461 4.106271 -29.137286 -8.839137 -2.938036 2.372015 18.581881 -11.412191 -8.754116 13.557543 -0.244454 -10.987565 -8.750354 2.899763 -4.104267 15.775781 -12.483236 0.255031 -2.769368 26.727166 -2.663854 3.996674 -3.719726 -1.805656 -3.505821 1.155512 -17.115462 -125.808757 -2.577229 -2.391889 -86.599491 6.114813 5.557219 -3.636201 11.507266 9.592558 -6.599681 6.075049 -5.030126 14.637741 -15.037540 5.902932 -7.561235 8.165773 -7.108233 3.697740 17.761391 -3.471368 4.090542 5.269486 6.844386 -3.050109 0.256994 -8.138887 -10.630183 -10.194407 0.970222 0.145130 3.238578 12.870416 14.765840 -3.762966 -6.435672 8.388250 -0.478773 3.928778 14.323673 -1.398189 -10.852404 7.838839 1.345091 7.478987 4.867449 0.955776 8.974302 1.304687 2.173474 -3.655200 49.720500 -44.705900 0.260456 -19.584470 13.974265 -8.831818 10.301103 -1.073699 -3.484616 -5.566725 6.046077 -7.208331 -17.427671 -6.627055 4.033918 -8.069678 0.395457 -3.176263 1.951001 7.353179 -7.362461 13.685414 2.442698 -0.001742 2.530514 0.478537 1.279777 -1.032596 7.831512 1.063089 7.545483 -6.394121 17.946111 -22.283033 11.998169 4.075514 -12.455780 12.025103 11.379834 -6.864668 -3.378093 -1.649073 8.332683 -9.603480 -7.982173 6.223471 8.579165 -4.205174 -5.154115 -0.372048 5.160550 9.921852 4.402057 4.563045 4.056849 2.684072 3.290090 3.018616 13.713321 -1.545785 4.855366 -67.470894 9.206188 2.815159 -3.747130 -7.943352 -8.642413 1.281749 13.156230 -88.754021 -12.164990 7.763433 -5.766681 4.225379 2.185040 -4.755027 -7.257937 11.327896 4.926416 6.614078 -0.759886 -11.941592 -7.450884 3.024144 -23.480638 -4.235730 29.735639 2.537223 
-77.700845 0.766824 -5.303649 2.180670 -5.218823 -14.886469 -29.432244 -21.965972 107.222204 124.039839 10.277756 -13.360499 1875.077762 -12.983419 71.187342 -9.442635 29.861493 24.169544 -6.952391 -17.619360 -2.070017 -88.950023 20.530205 -7.179048 38.584693 -36.791828 27.837365 0.251790 -33.726022 -60.400534 50.297032 -36.364184 17.726764 0.188883 55.918927 -67.368877 56.660006 -7.449837 23.970108 35.790705 53.070061 -114.686626 -48.366810 19.707665 0.806954 2.061265 -84.848867 0.535531 -92.527820 -31.303517 22.075434 9.599956 40.490061 -61.247893 36.237759 10.894315 -43.690774 -39.104973 14.174904 -30.800584 98.430997 -28.548081 16.964522 -74.536302 60.987869 -30.631484 50.046834 -46.984061 109.855790 -2.206786 -17.514081 1.244926 24.355048 -27.819053 -20.074860 -16.932143 -64.421091 47.325410 49.885453 -32.280129 -16.695792 -4.904778 13.973207 -18.529964 2.953021 39.133430 33.739466 -3.335805 82.355064 -82.695409 44.210103 -5.287909 -20.639844 119.257421 98.965169 25.876798 81.005940 75.230991 125.497694 3.118060 11.944349 38.049773 0.000000 -14.594522 -11.771695 -98.752428 54.949813 -45.674623 -8.380730 -6.244723 3.275529 -58.649450 14.746864 -36.469437 -29.307974 13.360571 88.370820 -47.462968 43.241121 18.766750 1.843723 -18.329257 -13.762912 42.959719 -53.779859 0.909112 101.398103 -10.587675 109.322197 -12.926036 -4.873914 6.380143 12.924519 -15.975450 19.389478 -65.590249 9.441317 36.232032 2.113760 7.852213 -98.060190 -50.400930 64.469507 -9.030848 61.983626 15.161065 -43.462751 50.457677 -87.980040 33.568665 -92.748425 33.743052 -19.113104 111.174241 20.425056 31.994518 -44.158741 19.042377 9.740323 23.691733 -23.904923 -8.185865 -44.898639 1.509331 80.554550 36.481594 103.378699 -14.555734 -74.374821 -25.314689 67.494467 -32.743912 20.651424 6.989035 109.601266 -29.045838 20.274300 7.976549 -3.635696 0.344881 65.631977 -17.708708 -117.692375 39.135331 -59.952527 42.089478 -118.369566 3.654396 -83.386762 -6.391775 -48.423564 -12.174314 -41.843333 0.151574 40.005826 -10.970184 
-26.016924 21.779363 -4.766139 -8.131712 -10.477366 35.413277 -3.989740 -10.973212 102.580586 117.088080 21.066402 0.658436 -12.983419 435.662046 8.663783 4.107705 42.287683 9.134400 -0.716968 10.420475 -23.500557 -63.938142 -43.013121 -2.231222 -8.642746 -4.154194 2.899447 -0.824518 -18.121541 -37.298429 -0.166088 -17.842212 -3.126402 94.630549 3.295295 -10.506494 32.664524 -11.341851 -43.870152 0.672340 25.036125 -24.247184 -61.806497 1.760187 -4.475665 -7.219904 -34.561808 -4.259892 -22.544127 117.786157 -11.465210 -0.064022 5.960489 19.776532 11.850401 -2.237776 -2.938691 23.643221 9.921097 -2.271544 -62.636832 -34.877769 -1.063520 -5.819692 -3.301668 58.894166 -27.019937 -8.146409 31.288694 -53.167250 -11.755229 -0.807431 5.596111 -1.044138 2.709583 4.798496 -24.725824 10.905836 -6.047026 5.898332 -7.641941 -2.769854 1.361059 -20.698587 -1.208094 15.670885 -8.344872 -0.580839 -21.703402 0.893718 -20.423208 -4.402627 5.879558 -16.071994 -38.315510 -9.324734 15.740861 -10.720984 -31.675828 -7.689603 -20.928240 -3.831743 15.575164 -1.181550 8.513533 -5.186482 9.128623 5.637594 -4.739770 -36.464547 -7.633115 43.555302 -11.953156 34.936176 5.875096 1.284319 -77.235695 5.730808 -16.628998 -8.692424 -5.234794 8.822262 -11.654328 -25.554370 32.410191 7.847256 -27.053069 -10.414812 -5.424173 15.060766 17.251155 3.530947 -0.011211 1.838974 3.624066 8.811397 21.611941 14.076246 -23.612397 -10.251702 36.281038 -5.560618 -24.465851 -13.856452 -34.043766 2.159631 33.164949 -15.749267 -20.180611 -13.686004 5.014261 -18.570607 34.341816 -18.627045 -41.093459 0.017193 35.335765 -8.128330 8.764832 -2.024636 -5.208639 -3.303781 0.283739 -0.172695 44.153187 -0.666742 -19.813082 0.988156 -7.523451 118.764807 -7.227612 -96.947540 2.570302 17.065714 -26.772325 17.033279 -21.884290 64.818650 29.305707 -0.628159 -30.342796 -2.508384 -13.583441 2.165467 -26.027810 2.737494 -30.808844 3.944033 21.092373 -42.464893 -67.083521 -1.315174 -98.687670 38.799399 52.710094 -1.516705 
-22.446462 -18.756937 6.858032 -8.798235 -60.711690 -57.414420 -15.813801 -8.002998 -122.284008 1.659768 47.847407 10.569166 71.187342 8.663783 234.420979 -3.978060 -19.401347 55.695909 86.407733 -14.484148 -21.758287 -10.768398 -11.246187 -7.000340 -2.846115 3.292323 2.352022 0.877603 -10.066817 112.921140 6.050774 -8.098168 -44.154752 -1.465126 -3.667922 -13.888732 71.847490 -13.387204 19.953428 10.780848 9.525901 0.328128 13.678558 5.277053 -18.156950 -20.153604 -8.206181 -5.656982 -8.252235 -9.599100 -4.822247 -3.911254 2.888064 5.237125 3.141805 3.420368 -8.256960 -15.466109 2.016655 5.760834 -2.838593 20.995184 15.412652 -3.227182 56.280631 2.981911 16.981307 3.034321 -10.674322 -31.010167 -9.509322 2.439947 -22.525676 13.705610 -22.324436 2.037633 -19.854671 -29.184352 12.590344 -4.784533 19.110670 -9.873647 -0.511356 -6.538388 7.375765 4.983421 27.766732 0.985203 17.509209 0.358230 27.758312 0.298237 6.354247 -12.316337 8.186163 5.492622 5.699744 25.592001 -7.164816 6.048181 7.196094 7.334771 21.410524 4.470922 10.764661 -15.455947 15.629856 2.889472 -73.678765 -32.203041 -8.032986 -61.164178 18.732122 -25.681133 16.106354 2.070929 -27.703055 -23.390217 -10.366604 -1.427552 -4.116430 7.180297 -7.411540 -1.493876 -31.402361 44.469396 4.514733 2.871557 14.048926 32.953327 14.187608 3.854483 6.479567 9.814079 -0.149237 6.490655 5.661433 11.680705 -10.700797 16.936106 52.532341 -7.266556 -5.031964 21.621035 -37.402810 18.708535 -2.938647 7.053406 -21.773102 14.002831 22.102834 -2.598528 -3.547107 9.794684 2.637532 -7.692489 14.789184 -2.010129 11.755235 -9.781993 -17.360308 -3.222161 -4.276399 -1.230617 8.042677 23.180262 -11.029282 8.116964 -26.667349 -12.542858 -5.190563 12.043917 -27.001156 19.219191 2.956793 -10.623676 -13.251286 31.720169 -2.335258 11.077667 20.058384 13.507303 5.032511 -16.305584 -22.559849 11.604157 26.134854 -25.141512 -5.030068 -11.598460 46.212683 -5.240421 -97.836283 -1.027320 42.505505 -1.436822 
-8.883425 1.746501 0.195617 1.111605 -47.520373 -4.420062 -0.922479 -3.633517 48.013573 -1.790526 3.629365 32.137251 -9.442635 4.107705 -3.978060 50.390710 -3.867261 8.603154 -5.444379 6.527562 6.184498 -26.988741 -20.363935 3.062377 -3.250183 -2.624047 -2.862778 -0.007130 -7.116798 -90.526628 1.072772 2.440710 -17.761647 16.164556 5.368907 -9.659358 8.633043 -12.840041 -13.441498 -0.666698 6.551864 -9.744859 -5.102728 -0.733577 -6.135316 17.192247 -14.483744 3.606975 -6.269761 -10.121324 -7.239922 2.972244 -1.635185 2.759481 -2.431358 1.097037 -12.101094 51.040769 1.643192 -0.693920 26.027528 -7.712634 5.326178 -7.636667 -2.067636 -12.202631 -6.758661 -2.884517 -0.982175 -6.758414 -20.565769 4.487823 -21.382567 6.996089 -4.491769 2.336268 -6.597718 -5.200689 4.113537 7.501218 2.061295 -3.324654 -1.631821 -2.410221 -0.982552 -4.669871 8.564667 -0.017222 5.005255 12.675999 0.574519 -4.329444 -8.350343 -0.071252 -18.460503 -4.229744 9.797445 7.720092 -17.345611 2.755053 -8.730674 4.484961 3.801850 0.297514 9.195078 -6.416441 2.111249 1.364116 39.036100 -71.885885 -2.953364 -5.215659 8.248816 0.289608 3.400487 1.671605 -4.596492 1.397809 -0.954419 -5.671759 -17.170492 -5.262193 -4.574282 -12.084635 -2.547193 -0.770957 -6.848193 -2.902460 -1.206926 8.844194 7.582316 1.712253 4.130284 6.225641 2.557932 4.048110 2.060712 -6.151131 8.368650 -8.776695 -42.165838 -35.338533 1.540207 1.707947 -6.988473 2.662454 9.439318 -3.783584 -5.879095 -9.527779 10.340000 -2.502536 -10.056065 -9.191116 -7.978853 0.629254 1.664414 4.118184 1.523802 0.813553 10.122168 7.371790 5.814579 1.189074 3.633280 0.121704 -5.091464 3.060180 69.501821 -50.764417 1.677209 -46.574267 -5.252722 5.131609 -9.257460 0.726583 0.575862 -38.704296 -9.815724 5.105441 3.165950 4.205855 -0.249236 5.677896 -24.095165 14.599618 1.999543 2.673023 3.288279 -16.403198 0.766911 -1.435866 -12.876532 2.358844 5.230560 -0.297809 
-33.163660 4.915125 -2.668197 3.098022 0.507511 19.443830 -9.928312 -14.397378 73.136077 45.673379 -47.297816 -0.861246 29.861493 42.287683 -19.401347 -3.867261 201.542504 57.424467 22.713659 11.917930 31.363636 1.839789 -8.237875 -4.440636 5.974433 35.665789 4.228173 -1.425951 -20.153410 -0.676717 10.503350 5.895396 -32.414400 0.138691 15.593627 -0.672595 -14.544509 8.030255 -7.429440 2.702098 10.016374 -63.436925 -1.447668 1.804634 37.800950 -26.746434 -5.608607 4.788844 10.703457 -27.199569 -7.015269 -3.802853 2.026050 42.836804 5.275695 -1.761836 -22.425156 39.052981 15.445243 -8.891574 -43.090022 -21.843484 -0.843590 -9.197808 -6.962825 -19.680856 -12.194348 -3.724434 3.759763 -13.094955 -2.822805 0.025076 13.728423 7.557371 1.276377 4.772870 -12.819529 13.513155 -16.893122 -2.431577 13.337252 10.741178 13.813446 -22.304302 -18.917360 2.908573 -7.707955 -1.235898 3.655613 -6.496096 14.581391 -8.555257 -20.626658 14.991012 12.620224 -15.621746 -3.890412 12.100421 -10.248628 -2.115339 -28.498596 15.035146 -11.201400 -6.253918 -32.108553 6.935594 7.326325 7.615866 -90.855655 -58.506824 10.709571 13.375637 -23.645170 -2.941357 18.894336 -5.528289 -23.511432 10.519900 24.006866 -6.711462 -23.893074 -5.344819 18.049937 -14.539169 -6.291573 -35.265716 -9.169648 -14.107954 -18.837997 -17.110792 10.891188 -9.050569 -15.605288 -5.249530 10.247892 -2.672409 7.568468 0.506801 7.135847 6.610946 -3.225231 -35.888104 11.449836 -2.775145 -27.328102 1.016926 29.607484 -5.243265 -22.723921 -25.815941 6.464482 -5.619977 0.961103 -43.171519 13.540425 -21.694098 -13.361739 -21.834410 -4.005361 -10.661070 -5.539550 -5.042737 -12.689448 -2.178166 -2.888226 25.239366 24.794672 -8.490034 -99.558850 -9.724455 -13.403631 47.382276 -21.462349 36.452368 5.705412 11.572634 -27.350041 54.333064 16.488046 -0.354293 7.254443 -16.421224 -5.096463 3.089800 -119.468041 -15.175595 -29.763983 1.363957 21.109950 10.794772 -10.253581 4.856493 -2.445391 0.316752 10.896898 -3.939998 
-20.093078 15.043352 -9.946496 -21.333803 -35.620937 59.766382 -8.159894 23.542029 56.630550 66.640447 -41.691335 42.824984 24.169544 9.134400 55.695909 8.603154 57.424467 1451.445177 21.387761 12.866617 -0.596594 5.237356 29.308584 6.358006 5.257438 79.643562 -2.257046 -0.085125 -58.619769 119.092078 41.888472 -39.912520 6.960316 80.316656 51.515432 11.272333 2.716801 70.286034 24.703129 26.379495 -32.992049 73.330557 109.854294 -20.717294 -12.059678 -55.238237 106.961051 10.855998 -0.584451 -104.026410 41.778742 -14.702992 -25.276134 -14.861826 -22.580277 -24.301398 -69.277497 -16.024748 40.157172 -21.904203 45.651518 -11.940984 0.343754 8.736834 90.214488 -33.554014 -25.187422 12.381757 -63.969897 74.898394 -80.767669 -19.509198 39.318187 32.248520 10.069492 20.384955 66.808839 -0.908151 48.361734 15.426918 -90.255807 -25.051653 -33.401721 -1.222569 -47.973576 -58.765250 48.068072 -4.038487 17.308183 110.028804 83.024653 -10.913856 -52.708445 80.282810 -34.546210 8.473126 -4.894960 97.700641 -43.991591 1.770744 63.028798 -60.098456 69.214036 30.829418 38.801879 -5.499169 23.711065 42.506068 -79.381299 18.612524 -31.195431 59.936307 43.590483 -80.409975 80.394429 -2.680114 20.899173 -32.824591 94.939196 -15.391203 -102.394511 -26.937039 -50.914031 -14.342200 -33.657623 25.487327 -35.903090 27.785335 -18.223110 -8.190671 67.041531 -4.559440 -23.127557 -6.896233 -32.770612 -28.785116 11.391920 3.401640 -30.377931 -4.464464 73.777897 20.360931 27.034714 65.055353 5.882932 11.593788 -68.025731 34.737450 3.351098 -54.881953 -35.291672 11.604652 -13.452225 51.520001 80.423703 7.911309 60.469521 26.121681 29.181322 20.735504 -63.160956 -6.011842 -41.032855 -6.327881 47.896170 11.332220 71.869074 -56.590220 -41.249562 60.613902 -11.023101 14.923435 -17.596112 -46.927921 -106.820394 94.789098 38.868479 4.337945 -36.171117 23.452304 -11.867362 40.865535 63.783732 -15.447797 -34.534925 61.886163 50.650333 11.654331 -31.804854 55.725801 -30.455600 2.020888 79.838986 -106.958985 80.481941 -22.051294 
-21.323257 -7.194801 2.447951 -3.098344 -60.208608 -56.235508 -3.259184 -11.481068 -44.901707 29.937184 2.400403 -2.152773 -6.952391 -0.716968 86.407733 -5.444379 22.713659 21.387761 218.754490 -2.006951 27.419006 15.588473 82.751998 0.095115 10.089722 14.328119 7.022032 0.068749 -11.235351 -88.921776 7.318689 -9.294952 -31.971480 -8.044923 13.924084 -3.712175 27.386554 -3.762312 21.103714 -3.857923 6.694197 -45.004908 15.823960 -0.735218 12.862515 -68.007444 8.819669 2.884229 1.085956 47.013689 15.686848 3.423831 12.611107 57.692672 9.835317 4.728041 -11.775015 -1.000231 14.497715 -6.104840 87.352827 27.334839 19.219574 -2.859334 14.874437 30.434676 19.573398 2.103050 -15.327933 -5.372951 8.368082 -2.450424 30.627373 -27.207051 4.000544 5.548868 -1.464448 -25.354678 10.634516 0.121780 23.582804 -4.645854 8.740195 6.271465 -1.295746 11.127375 21.038192 -0.944308 -1.197215 11.065249 14.558981 2.152180 14.446783 -1.947960 -4.827244 19.686953 9.230651 -4.162058 -3.294525 4.604017 22.041387 -17.779221 20.354759 2.714175 10.822699 16.744476 -4.413006 7.996774 40.622924 -26.706976 -7.174339 -49.553093 24.440919 -26.049380 11.628079 -0.551250 -4.202097 -13.220629 -9.936015 1.361946 18.292140 8.468657 -6.251794 14.902789 18.517127 29.888953 -5.139526 0.502971 25.223399 18.113543 -15.036807 0.185316 1.826983 22.321350 -4.535626 14.788856 15.744359 0.222911 -19.098644 16.054460 38.764377 -6.145227 17.643944 10.300094 -32.667382 19.239575 -5.862021 2.552868 -16.621490 17.038451 3.811225 -5.248319 25.492847 -2.083803 8.184569 -22.415359 17.727463 -13.949100 1.128583 -24.871139 -11.885562 -4.034638 -6.157368 0.919608 -3.572532 10.769643 6.240677 15.335840 99.002657 74.164501 10.453106 24.737665 -36.133660 -22.417446 -4.514261 4.145088 -18.081741 -55.631837 1.792118 1.246181 -0.045070 -4.732266 4.177717 -13.642782 -59.787985 -8.837099 4.919843 -5.884192 1.680077 24.616733 20.111235 -4.669832 6.009408 29.535226 43.981016 -5.852788 
1.447724 2.052337 -0.993642 1.227531 -9.453470 7.172476 1.154958 2.049812 7.501396 2.811418 -5.834208 -1.104012 -17.619360 10.420475 -14.484148 6.527562 11.917930 12.866617 -2.006951 17.785525 2.037469 -7.690134 -4.499427 7.851451 0.667673 10.914441 -1.083889 -0.216574 0.866262 -43.736511 -0.705281 -0.144660 -5.664346 13.926884 -0.200699 0.599841 -10.606391 4.555748 -6.287094 -4.096512 -1.741673 -4.123287 -1.850939 -0.808023 4.573481 -4.313406 -1.040672 6.239568 -0.492442 9.313740 -5.560951 2.844177 0.559259 17.426170 0.071235 -0.015185 -2.054600 29.689822 -2.443088 -2.287068 -22.665229 1.148621 1.960912 -2.901111 2.488135 -1.198384 -2.763579 -4.517641 -2.885251 0.786721 -3.698747 0.528957 1.997678 -1.247849 -3.207180 1.721648 -7.894023 5.695441 -5.331243 -0.853664 0.413661 0.793420 6.656883 -4.987442 -0.227326 6.170240 -1.386290 -0.198333 0.146782 -0.996493 0.404438 -2.783889 -4.041221 3.792982 -3.000852 -4.723185 -8.270566 -2.679436 -6.024141 -2.457557 -3.735852 8.993522 -0.822057 -1.087282 -2.864983 7.432303 2.371300 0.181508 5.492269 4.952738 2.324599 5.934315 5.220705 6.939144 -6.578325 0.447531 -6.327314 4.529989 1.292547 -2.946759 -10.417638 -3.171493 1.846981 -3.625163 1.172619 -5.582596 -4.953183 0.462216 -4.969382 0.600548 7.925779 -0.656821 -2.513290 2.982107 5.628837 -0.759146 2.067520 -1.349214 -0.487616 -1.288321 -79.988974 -3.641936 -3.065118 0.988496 -4.974939 3.452177 5.010273 -0.542546 3.934489 -3.993166 3.156839 -0.466677 0.269769 -1.112519 1.391424 1.640403 4.445753 -0.173216 4.853247 -2.092604 -0.352930 -0.734506 -1.050398 -1.204259 -6.209359 -0.140959 -0.516643 -0.283616 99.615863 -34.966829 0.711325 -8.099391 -3.897754 -1.673786 -0.888430 2.206940 -4.826314 15.597076 -2.768381 -1.294072 0.104853 -0.424075 2.745883 0.857663 -24.084083 -4.252771 -3.324151 -0.359214 -8.267429 -4.016110 -4.685704 0.037355 39.777294 5.478771 -10.324964 1.157932 
