1964.843250 -0.000710 -0.002266 0.037796 -0.049175 -0.030753 0.033788 0.008815 -0.003482 0.000000 -0.025131 -0.050235 0.000000 0.000571 0.047751 -0.024597 0.000000 -0.011317 0.004381 0.002235 0.035694 0.040187 -0.004740 0.030351 -0.038010 -0.001356 -0.046947 0.001953 0.000000 0.000000 -0.021203 -0.043995 0.000000 -0.026042 -0.041499 -0.048515 0.026656 0.005251 -0.001286 -0.034553 -0.024885 0.026970 -0.029018 0.006082 0.000000 0.004732 -0.028754 -0.064214 -0.007983 0.023800 -0.005310 0.039605 -0.042119 0.006150 0.002999 0.027063 -0.036363 -0.002077 0.000000 0.015571 0.019652 0.027735 -0.033335 0.056291 0.009271 -0.000800 -0.018383 -0.011951 0.003303 -0.001034 0.002010 0.061921 0.000000 0.003231 -0.000132 0.037446 0.021893 0.050006 0.006199 0.006763 -0.034423 0.000000 0.056480 -0.004563 -0.011940 0.015009 -0.000966 -0.015711 -0.000479 0.000245 0.044818 0.001878 -0.037918 0.002871 -0.003171 -0.042651 -0.021921 0.000000 0.052293 0.036616 -0.008275 0.031498 0.011809 0.021234 -0.006868 -0.004422 0.013051 -0.036044 0.000000 -0.016016 0.044046 -0.004697 0.000000 0.000000 -0.007309 -0.000365 -0.039162 0.001741 -0.005761 0.016073 -0.018769 0.036403 -0.004269 -0.000439 -0.033438 0.013101 0.003710 0.005075 0.048489 0.005315 -0.004788 -0.017225 -0.056846 -0.001134 0.001433 -0.017604 0.000000 0.004785 -0.030945 0.007694 0.000000 -0.000235 0.002038 -0.000157 0.002975 -0.001074 0.007741 -0.053364 0.001151 -0.007263 -0.005057 0.011370 0.001037 0.008677 -0.022581 0.009575 -0.000355 0.037854 -0.048991 0.044249 -0.032497 -0.004283 0.000000 -0.006969 0.006313 0.003666 -0.003269 -0.010383 0.004773 0.000709 -0.001004 -0.002778 -0.027439 0.003503 0.000000 0.002653 0.000000 0.003178 0.017810 0.010347 0.002104 0.059102 -0.000668 -0.005255 -0.020779 0.059594 -0.060808 -0.012677 0.001252 0.045542 0.019052 0.025142 -0.005376 0.022821 -0.030623 -0.035952 
-0.000710 302.551558 0.000000 0.061505 0.040145 -0.020879 0.011192 0.057241 0.013794 -0.002869 0.053441 0.021262 -0.026732 -0.008703 0.000000 -0.034295 -0.013398 0.000730 -0.038156 -0.042460 -0.000765 0.000000 0.043470 0.062687 0.000634 0.003665 0.034841 -0.007424 0.002480 -0.001475 0.043021 0.000000 0.000000 -0.003329 -0.028300 -0.014192 -0.000644 -0.000179 -0.041236 -0.003602 0.002497 0.000000 -0.007354 -0.001807 -0.014642 -0.040436 0.006513 -0.006585 0.001772 -0.010484 -0.062611 0.012003 0.057160 -0.000419 -0.006236 0.000569 0.000000 0.000000 0.047433 -0.004685 -0.013462 0.058607 0.002175 -0.057894 0.025811 0.049046 -0.043688 -0.006012 0.003209 -0.002040 -0.010344 -0.029077 -0.004831 -0.002109 0.004203 0.049141 0.033213 0.000000 -0.011556 0.028144 -0.012315 0.000000 0.019246 0.000000 -0.029252 -0.038411 -0.061241 -0.019248 0.000000 -0.020293 0.054119 0.022257 0.013875 -0.001826 0.001026 0.002606 0.000000 -0.001407 0.003422 -0.003068 -0.006182 0.000567 0.006135 0.001051 -0.003230 -0.004694 0.000170 -0.041588 -0.018842 -0.006937 -0.006797 -0.014326 0.005267 -0.032463 -0.010653 -0.052311 -0.012334 -0.002264 0.003236 -0.025230 -0.022970 0.022853 0.008064 -0.001720 -0.017316 -0.014125 0.000000 0.000000 -0.011103 -0.053820 0.019931 -0.002736 -0.001659 0.001643 0.022168 0.007829 -0.007044 0.000894 -0.013393 0.000000 0.000000 -0.030849 0.035877 0.044943 0.040379 -0.057467 0.022369 0.002243 -0.019589 -0.042878 0.013033 -0.007931 -0.011197 -0.005692 -0.000269 0.024043 -0.009192 0.001522 0.012606 0.021066 -0.052666 -0.006161 0.000457 -0.050501 0.000000 -0.050424 -0.030279 0.046885 0.000481 -0.026426 0.000112 0.009442 0.015349 0.008758 -0.009834 -0.009412 0.008118 0.003811 -0.027075 0.005345 0.000000 0.020330 0.004737 -0.025507 -0.037277 -0.000439 0.001439 -0.039865 -0.011102 0.031318 -0.000520 0.004151 0.020214 0.006422 0.004156 -0.011628 
-0.002266 0.000000 5.558577 -0.020012 -0.038054 0.028301 0.016103 0.045612 -0.006432 0.005636 -0.046204 0.004291 -0.002863 0.003598 -0.021148 0.023341 -0.009044 -0.024887 -0.016211 0.034647 -0.020552 -0.028602 -0.005629 -0.022335 -0.003210 -0.002915 0.019785 -0.048074 0.004956 0.000987 -0.063373 -0.004639 -0.052581 -0.039553 -0.020014 -0.010776 -0.028576 -0.003587 -0.006182 0.000000 -0.005420 -0.000418 -0.033100 -0.034114 -0.001003 -0.000332 -0.011150 -0.062677 -0.003416 0.000282 0.004364 0.049911 0.008248 -0.038951 0.059363 -0.006187 -0.001707 -0.002595 0.029039 -0.004394 -0.012193 0.013166 -0.047824 0.042278 -0.002343 -0.029785 0.005770 0.004461 -0.013316 0.063655 0.004690 0.025506 0.051971 0.030679 -0.051529 -0.027180 0.031550 -0.002143 0.050094 0.001444 -0.024116 0.034477 -0.036530 0.025659 0.001094 0.002323 0.059848 0.007798 0.022811 0.017555 -0.045017 0.003012 -0.001285 0.000441 -0.002866 0.018516 -0.040610 0.002290 0.017591 -0.015988 0.000000 -0.018008 -0.031665 0.032321 0.001324 0.036399 0.005603 0.005115 0.006181 0.000000 0.007111 -0.001015 0.001606 0.030006 0.039494 0.005139 0.000110 0.004499 0.059219 -0.007586 -0.044054 -0.000534 -0.016410 -0.020840 -0.004952 0.000000 0.047028 -0.000576 -0.035991 0.006734 -0.025282 -0.040846 -0.028483 0.021211 -0.029177 0.003159 0.005968 -0.005194 -0.004473 0.000719 -0.027676 -0.002113 0.050826 0.003558 0.002545 0.018767 0.000871 0.008261 0.030445 0.031107 -0.060146 -0.061785 -0.018946 0.039865 -0.029751 0.016309 0.053333 0.008470 0.047180 0.005459 -0.041871 -0.003500 0.006458 0.009442 0.001938 -0.054941 0.037491 0.003908 -0.024998 -0.033260 0.014324 -0.002571 -0.009062 0.000000 -0.003537 0.004223 0.025762 0.017636 0.004495 0.025635 0.002449 0.038863 0.008857 0.048030 0.005180 0.049217 -0.012658 0.001673 -0.011470 -0.036325 -0.000636 -0.001500 -0.004339 -0.024360 -0.003178 -0.002469 
0.037796 0.061505 -0.020012 1.361684 0.036160 0.018707 -0.056309 -0.030668 -0.035480 0.047123 -0.026475 -0.007204 -0.001602 0.008271 -0.003874 -0.011676 0.006464 -0.023418 0.033655 0.045000 -0.000746 0.000239 0.052465 0.002924 0.002220 -0.002188 -0.025860 -0.048967 -0.035001 -0.025643 0.014571 0.021398 0.001223 -0.014867 0.043108 -0.018260 0.043778 0.000989 -0.025903 0.006206 0.010037 0.055835 0.017102 0.019854 0.039608 -0.003459 -0.008841 -0.003595 0.024476 0.004332 0.061907 0.024273 -0.035679 0.034646 0.010623 0.013255 -0.009516 0.053776 -0.025091 0.030832 -0.035001 -0.033501 -0.000743 -0.041222 0.001407 -0.049367 0.005989 -0.000811 0.001677 -0.004255 -0.049490 0.042793 0.038024 0.061797 -0.000835 -0.049210 0.020695 -0.000136 0.048687 -0.006702 -0.027862 -0.003593 -0.010048 0.025660 0.020458 0.037649 0.041113 -0.033271 0.013009 0.002140 0.008321 -0.050890 -0.030179 0.046864 -0.022211 -0.001157 0.009145 -0.010594 0.040624 -0.045914 -0.011359 0.000000 -0.006031 -0.000175 -0.016406 -0.006832 0.057788 -0.018711 -0.002581 -0.041255 -0.002634 0.011100 -0.038745 0.007743 -0.013946 -0.008875 -0.001036 -0.004857 0.009241 -0.015000 0.033704 0.001692 0.051665 0.023567 0.054054 -0.000309 0.031165 -0.013157 0.003585 -0.045905 0.011259 0.002315 0.005105 0.011437 0.012586 0.001082 0.006992 0.013508 -0.019784 0.060805 0.060270 -0.049185 0.036294 -0.004307 0.037180 0.057223 0.001720 0.002542 0.039218 0.031982 -0.026460 0.034172 0.039125 0.054592 0.034537 0.005839 0.023497 -0.008658 -0.014605 0.015809 -0.059416 0.034410 0.013155 0.014293 -0.007312 0.024030 -0.058091 0.024559 -0.025232 0.004377 0.055256 -0.057624 0.032121 -0.030882 -0.008012 -0.043066 -0.014780 0.023582 -0.021579 -0.045441 -0.045686 0.026907 0.054229 0.017433 -0.016873 0.054235 -0.039896 -0.013207 0.005715 0.017751 -0.003979 -0.027092 0.059365 -0.058534 -0.016135 -0.002136 
-0.049175 0.040145 -0.038054 0.036160 1.996338 0.031158 0.012864 0.000926 -0.004698 -0.000449 -0.046462 -0.034481 0.005003 0.023057 0.016971 -0.005519 0.050923 -0.052848 -0.036702 -0.039963 0.023508 -0.016764 -0.026191 -0.024232 0.027266 0.045613 -0.007233 -0.053070 0.044019 0.038369 -0.010682 -0.003796 -0.010562 -0.044783 -0.051574 0.031717 0.022980 0.000000 0.037861 0.060020 0.034936 0.043625 0.028165 -0.033768 0.005104 0.014200 0.000858 -0.000236 -0.012087 -0.045967 -0.007775 0.041360 -0.052256 -0.053241 -0.049091 0.029858 -0.063251 0.058500 -0.046891 -0.004418 0.010236 0.000000 0.019279 -0.004456 0.000000 0.023189 0.050260 -0.032479 0.009210 0.011560 0.042920 0.013246 -0.015063 0.015778 -0.000820 0.048682 0.025511 -0.044555 -0.006953 -0.004185 0.010303 0.019571 0.045079 -0.036379 0.048480 0.005313 0.015237 -0.023875 0.026395 -0.055451 -0.028891 -0.042220 -0.033764 0.055562 0.063934 0.037145 -0.005181 -0.014748 0.004859 -0.027246 0.027067 -0.029252 0.039429 0.043295 -0.041015 0.053488 0.036679 0.009174 -0.011683 -0.004549 -0.028556 0.002023 -0.000756 0.016238 -0.042581 -0.017417 -0.027530 0.010018 0.033058 -0.013662 -0.017684 0.053411 0.022068 0.023893 0.000959 -0.037119 -0.008777 -0.011286 0.026294 -0.015821 -0.056173 0.024695 0.041204 0.002347 0.034630 0.003866 0.034970 -0.011862 0.008924 0.056598 -0.007806 -0.054446 -0.055785 0.009933 0.014394 0.015029 -0.038457 0.019217 -0.037179 0.001779 -0.008827 0.005466 -0.000245 -0.001522 0.039494 0.013337 -0.025290 0.000265 0.019457 0.024647 0.018404 -0.040544 -0.058287 -0.057179 0.003648 0.003146 0.005472 -0.014065 0.028637 -0.007798 0.016558 0.004775 -0.020466 -0.060483 -0.045539 0.010470 -0.001356 -0.003546 0.003765 -0.004422 -0.035551 -0.003147 0.051114 -0.060425 0.037503 0.004267 -0.008873 0.014954 0.022306 0.034278 -0.045044 0.023594 -0.000163 -0.052142 -0.051005 -0.024935 
-0.030753 -0.020879 0.028301 0.018707 0.031158 0.149304 0.003502 -0.026242 0.033103 -0.021879 -0.012156 -0.020255 0.036568 0.008575 -0.021861 -0.008311 -0.000502 0.021101 -0.002459 -0.042977 -0.003095 0.011282 -0.021920 0.000127 0.055250 0.019169 0.007952 0.026241 -0.017839 -0.011506 0.000000 0.001469 -0.045520 0.005317 0.022596 0.000854 -0.011079 -0.061763 -0.011787 -0.015137 -0.018701 -0.004389 0.019266 0.035638 0.015287 -0.033378 -0.015281 0.003249 -0.002467 0.008134 -0.038970 0.024232 -0.001868 -0.045752 0.054848 0.003645 -0.032602 -0.053077 -0.031040 0.005977 -0.005284 0.034534 -0.006925 -0.000785 -0.007580 0.010479 0.006968 -0.049360 -0.057748 -0.023834 0.028862 0.046075 0.029474 -0.002456 -0.024416 -0.001129 -0.008983 -0.028854 -0.001113 0.043082 0.027145 0.009588 0.013790 0.028559 -0.010034 0.013088 0.012572 0.004466 -0.026202 0.017547 0.003289 -0.018566 0.026775 -0.035187 0.030644 0.022370 -0.009522 0.009667 0.030935 -0.011711 -0.046794 0.014138 0.013220 0.002640 0.018246 0.015208 -0.004277 0.007457 0.040839 -0.008737 0.061021 0.006385 0.041510 -0.021150 -0.020741 -0.014125 -0.023621 0.007719 0.012366 -0.003542 0.005389 -0.020458 0.011204 0.007642 0.005033 0.006194 0.031940 -0.011183 0.005544 -0.016492 0.021403 -0.028271 0.001471 0.024486 -0.011693 -0.014564 -0.013775 0.005488 0.006166 0.025780 -0.048938 -0.003735 0.035382 -0.028137 -0.000370 0.001783 0.049731 -0.030847 0.004389 0.038117 0.016953 0.004722 0.018563 -0.042601 0.003719 0.030094 -0.024675 0.025017 -0.015283 0.011640 -0.029496 0.010961 0.027156 -0.006227 -0.008261 -0.029493 0.005378 0.017820 0.016911 0.001304 -0.019327 0.021076 -0.031858 0.000363 -0.012002 0.005129 0.012923 -0.007832 -0.006478 -0.025525 0.004425 0.002247 0.002554 0.015131 0.007824 -0.038281 0.004709 0.028869 -0.011899 -0.057875 0.052427 -0.001370 0.025707 -0.013888 0.013961 -0.008823 
0.033788 0.011192 0.016103 -0.056309 0.012864 0.003502 0.040694 -0.001695 -0.007897 -0.013933 0.008732 0.020673 0.004146 0.060470 0.020763 -0.004826 0.003550 -0.002799 -0.021485 0.003959 0.014827 0.001206 -0.021436 0.003908 0.000416 0.001773 0.001255 -0.001291 0.017792 -0.004319 0.012895 -0.006048 0.000155 0.000317 -0.001867 -0.011135 0.029431 0.008427 -0.006382 -0.005234 0.008941 -0.004329 0.017876 -0.011802 0.002249 0.031333 -0.023916 -0.006202 -0.027899 -0.001798 -0.035575 0.020016 -0.030398 -0.005849 -0.014590 0.033821 0.022985 0.013678 -0.028395 0.013592 0.001147 0.006816 -0.006111 0.017094 0.007999 -0.008332 0.006090 0.009262 -0.000148 -0.015745 0.000000 -0.003453 0.051481 0.004022 0.004749 0.034556 0.037041 0.011254 -0.017397 -0.003257 -0.002015 -0.037909 0.037081 -0.002586 0.007248 0.005366 -0.005058 -0.016986 0.009259 0.061329 -0.009174 -0.059494 -0.023328 -0.045884 0.004056 -0.002891 -0.003009 0.001823 -0.042503 -0.011511 0.016599 0.000000 -0.001863 -0.002057 0.059635 0.059889 0.035204 -0.022527 0.003436 0.003672 0.004511 -0.023269 0.002802 -0.013224 0.032615 -0.001217 0.039709 -0.052624 -0.004236 -0.014617 -0.003461 0.004223 0.002414 0.000000 0.007216 -0.001707 -0.003323 -0.000715 -0.004149 0.021271 -0.022066 -0.055136 0.010601 0.025227 -0.028022 0.000956 0.000707 -0.018144 0.007818 0.000703 -0.007809 -0.037192 -0.015146 0.004473 -0.002944 0.005013 0.033438 0.013613 -0.027503 0.050710 0.016307 0.001315 -0.008334 0.008698 0.007759 -0.005402 -0.002727 0.004146 0.014753 0.000718 0.012827 0.006313 0.009542 -0.009981 -0.008002 0.003408 0.006628 0.003240 0.007332 0.053841 -0.046468 0.003413 0.025883 -0.054820 -0.027475 -0.023106 -0.008125 0.001291 -0.002963 0.008727 -0.005164 0.033388 0.020411 -0.023598 -0.022564 0.004343 0.008199 -0.025021 -0.026358 0.000000 0.017223 -0.003403 -0.005939 0.024082 0.007319 0.002146 
0.008815 0.057241 0.045612 -0.030668 0.000926 -0.026242 -0.001695 0.129567 -0.036628 0.046145 -0.015625 0.019270 0.004244 -0.005014 -0.022828 0.010178 0.013639 -0.033089 0.019166 -0.020679 -0.010953 -0.022784 0.009344 0.023437 -0.009211 -0.021446 -0.021800 0.001930 -0.042875 0.007038 -0.031211 0.002295 -0.011790 -0.021685 0.028121 -0.005465 0.010623 -0.001900 -0.030622 0.016911 -0.017062 0.017539 -0.056684 0.012489 -0.038347 -0.036833 0.000000 0.057592 -0.016482 0.003298 0.051582 0.000601 -0.005104 0.013337 0.022112 -0.008381 -0.015806 -0.004949 -0.017136 0.016999 -0.007038 0.006487 0.038311 -0.064156 -0.000273 0.011243 0.003992 -0.048729 0.007221 0.013583 -0.041385 -0.040881 -0.037185 0.009225 0.037895 0.049276 -0.014834 0.018424 0.002124 0.023749 -0.001339 0.002395 -0.063903 -0.007669 0.052028 -0.053638 0.046052 0.046150 -0.003662 0.005628 -0.020840 0.044634 0.010191 -0.016726 0.049000 0.000162 0.035868 0.007383 -0.007892 0.014018 0.003511 0.007287 0.005640 0.039471 -0.019953 -0.000719 -0.016996 0.001546 0.010553 0.029255 -0.008491 0.007644 0.004510 -0.055546 0.000000 0.030777 -0.054610 -0.009334 0.031168 0.028391 -0.030634 -0.006633 -0.013693 0.000300 0.016133 0.020865 -0.045789 -0.018608 -0.038287 -0.003900 -0.024573 -0.019855 0.027172 0.011774 0.011269 -0.007347 -0.008580 0.058842 0.026234 -0.030257 0.007987 -0.010146 -0.030151 -0.016666 -0.001107 -0.015325 0.012353 0.009034 -0.008072 0.011446 0.010670 -0.001111 -0.061906 0.028075 -0.038544 0.005030 -0.007516 -0.030511 -0.000717 -0.057619 0.005788 -0.002295 -0.002863 -0.005881 -0.021907 0.058520 0.003437 0.000926 0.041450 0.022466 -0.002816 0.013141 -0.009236 -0.020228 -0.038254 -0.044704 -0.010398 -0.014572 -0.002382 -0.004943 -0.050752 -0.000117 0.004904 0.034409 0.002210 0.010035 -0.011363 -0.033802 -0.026090 -0.003194 -0.036087 -0.017064 -0.016876 0.025735 -0.001386 0.000000 
-0.003482 0.013794 -0.006432 -0.035480 -0.004698 0.033103 -0.007897 -0.036628 259.056536 -0.025901 0.026276 0.004769 -0.001528 0.004153 0.053776 0.000608 0.011283 -0.004408 0.001008 0.000000 0.017839 0.000000 -0.000350 -0.050344 -0.062275 0.000374 -0.010843 0.013976 0.002902 -0.013285 0.029420 -0.000666 0.002843 0.014236 0.061699 -0.003748 0.000000 -0.009186 -0.000181 -0.000418 -0.007312 0.003350 0.001153 -0.016307 -0.000340 0.004474 -0.040319 0.031030 -0.001946 -0.017129 -0.001011 0.022091 0.016798 -0.005111 0.002753 0.004197 -0.048047 -0.000929 0.002690 0.001055 0.017024 -0.000382 -0.004453 0.036861 -0.000770 -0.022541 0.005046 0.026993 -0.001783 -0.000473 0.027385 -0.037304 0.031343 0.033946 -0.047366 0.039706 0.029833 0.031819 0.021188 -0.009740 0.013169 0.000935 -0.020002 -0.000402 -0.002365 -0.000838 0.007575 0.000237 -0.034583 0.061780 -0.023528 -0.055657 0.003395 -0.010152 -0.004482 -0.009802 -0.025457 -0.008874 -0.060480 -0.015350 0.028771 -0.008746 0.015515 0.000000 -0.000451 -0.047854 0.027049 0.000000 0.000000 -0.000721 0.004406 -0.034113 -0.004980 0.000000 0.038294 -0.001213 -0.003803 0.017813 0.009502 -0.017187 -0.030270 0.000778 -0.043856 -0.003150 -0.000863 -0.007061 0.019751 0.011473 0.007587 0.039516 -0.002597 0.015384 0.027114 -0.027471 -0.000837 -0.040540 0.006874 0.025710 -0.028102 0.000492 0.017247 -0.028829 0.000537 0.000499 -0.001468 -0.009779 -0.003881 -0.008237 -0.037564 0.000829 -0.020417 0.007385 -0.002715 -0.012319 -0.007643 0.001606 0.011900 0.008544 0.032377 0.000000 0.001130 0.000000 0.004998 0.028051 -0.001134 -0.035237 -0.010270 0.006354 0.009670 -0.031814 0.001922 -0.020370 0.006360 0.063499 -0.043654 -0.045840 -0.035279 0.000000 0.042104 -0.040406 0.000676 -0.002020 -0.001550 -0.020203 0.018733 0.061577 -0.014267 0.000538 0.000000 0.050929 0.056193 0.003139 0.002020 0.007763 0.030462 -0.001114 
0.000000 -0.002869 0.005636 0.047123 -0.000449 -0.021879 -0.013933 0.046145 -0.025901 12.390503 0.043558 -0.046100 -0.000483 0.002309 0.039623 0.044059 0.051529 -0.004433 0.047060 0.003170 -0.032924 0.058245 -0.030561 0.008082 -0.042494 -0.017453 0.000000 -0.003933 -0.027998 0.030365 -0.000543 0.012561 0.020598 -0.010294 0.039566 -0.018855 -0.023728 -0.004744 -0.031731 0.021521 -0.041382 0.001035 -0.003444 0.006301 -0.007118 -0.007706 -0.017279 0.051570 -0.054228 0.018561 -0.017213 0.042987 -0.039498 -0.040291 -0.022593 -0.062494 -0.018529 0.045488 -0.048010 -0.026242 0.032620 0.001401 0.028639 -0.020417 -0.018917 0.029604 -0.005759 -0.025088 -0.024821 -0.033421 -0.056338 0.011162 -0.005701 -0.039004 0.024968 -0.006946 -0.020993 0.004068 0.002132 -0.005313 -0.015318 0.056473 0.044251 -0.040590 -0.032200 -0.045615 -0.032161 -0.001141 0.055325 -0.016835 0.044592 0.013970 -0.051438 -0.002696 0.015094 -0.009640 -0.022903 -0.037859 0.035000 -0.007884 -0.016763 -0.058072 -0.002826 -0.006690 -0.010373 0.029669 -0.022509 0.063498 0.041535 -0.007613 0.045158 0.036787 0.062829 0.005086 0.020180 0.050884 -0.000360 -0.012937 0.024896 -0.043967 0.032381 0.027639 0.017442 -0.042922 -0.000331 0.016691 -0.003977 -0.036679 0.050148 0.015481 0.036396 -0.019438 -0.035349 -0.021319 0.062787 0.047594 0.024701 -0.058615 -0.018225 0.010967 0.058351 -0.039153 0.017158 -0.024167 -0.042524 0.032460 0.000718 -0.037421 -0.018216 -0.013306 0.001563 0.007294 0.004198 0.039771 -0.018574 -0.015352 -0.022075 0.003568 0.026396 0.032183 -0.007380 -0.017415 -0.005421 -0.018479 -0.010308 -0.002616 0.001158 -0.003405 -0.021683 -0.008219 -0.011124 -0.040391 -0.037786 -0.009620 0.044072 0.017762 0.007951 0.005148 -0.013423 -0.006562 -0.010981 0.033396 -0.045061 0.005060 -0.019938 -0.011992 -0.006836 0.007475 -0.012925 0.010731 -0.034218 0.043197 0.000672 0.034684 0.010396 -0.059478 
-0.025131 0.053441 -0.046204 -0.026475 -0.046462 -0.012156 0.008732 -0.015625 0.026276 0.043558 0.067078 -0.042281 0.027058 -0.002663 -0.033086 0.036430 -0.033413 0.016276 0.007823 -0.015789 -0.022798 0.017382 -0.012012 -0.044491 0.008228 0.004743 -0.045479 -0.001883 -0.021163 -0.003323 0.036781 0.003735 0.020450 0.045159 0.003212 -0.014722 0.039842 -0.003964 0.000943 -0.001564 -0.013161 -0.028380 0.050248 -0.014917 -0.014756 -0.018145 0.000000 -0.052671 0.008542 0.000254 0.025342 -0.004969 0.015793 -0.045926 -0.036492 -0.027670 -0.004384 -0.021667 0.008100 -0.024940 -0.054389 -0.038835 0.004073 0.022706 0.000000 0.003853 -0.002777 0.007770 0.022851 -0.035537 -0.037700 -0.009255 0.020477 -0.053235 -0.004386 -0.024779 -0.003101 -0.023257 0.005675 -0.053007 -0.010779 -0.060136 -0.007780 -0.037769 0.042346 -0.002383 -0.060878 0.010751 -0.027301 0.024211 -0.013774 0.011333 0.016055 0.019610 0.011548 -0.012328 -0.029289 -0.006597 -0.024366 0.009066 0.023090 -0.014426 -0.039641 0.008952 0.002132 -0.005087 0.003533 0.023794 0.000000 0.042643 -0.012594 -0.011189 -0.009570 -0.004516 -0.049684 -0.049517 0.017172 0.000621 -0.003449 -0.018043 0.025538 -0.007668 0.009265 0.001748 -0.017810 -0.000255 -0.002731 0.011003 0.034265 -0.035147 -0.013567 -0.005635 -0.024480 0.012012 -0.007342 -0.040081 -0.021471 -0.021393 0.007627 0.000742 0.028864 0.009521 0.000920 0.004327 -0.018386 -0.041456 0.000688 0.035864 0.045381 -0.026199 -0.002045 0.003246 -0.006903 0.003433 0.026344 -0.009751 0.041126 -0.020404 -0.040507 -0.002075 0.023151 0.026414 -0.007314 0.017062 0.015719 0.016446 0.011001 0.000000 0.034878 0.000298 -0.006819 0.057773 -0.002192 -0.017054 -0.056676 0.015165 -0.023429 -0.037593 -0.020733 0.016886 -0.042481 0.005688 0.000000 -0.013825 -0.001567 -0.005873 0.015608 -0.025914 0.001622 -0.002302 0.000578 0.013264 0.015507 -0.024589 0.012809 0.014437 
-0.050235 0.021262 0.004291 -0.007204 -0.034481 -0.020255 0.020673 0.019270 0.004769 -0.046100 -0.042281 1.197832 0.023209 0.016791 0.016934 0.005597 -0.044121 0.030876 0.016185 0.009829 0.021469 0.016084 0.001283 -0.047118 0.019786 -0.010764 -0.037923 -0.009271 -0.000620 -0.010687 0.006763 0.030127 0.046671 -0.040454 -0.052121 -0.002305 0.037876 0.000553 -0.054347 0.000617 0.033220 -0.036367 0.010695 -0.026806 -0.043731 0.059353 0.002887 -0.055292 0.001167 -0.012669 0.005626 0.004775 -0.004142 0.026571 0.030769 -0.026595 0.008344 0.000000 -0.003217 -0.002629 0.015848 -0.036703 -0.015817 0.015860 0.020603 -0.053800 -0.034174 -0.008673 -0.059617 0.028858 -0.050063 -0.040252 0.040899 -0.051736 0.021641 -0.033407 0.004127 -0.035329 -0.014055 -0.035667 -0.039326 0.043564 0.009465 0.023351 -0.016112 -0.024660 0.036148 -0.058203 -0.016837 0.002252 0.014890 -0.002513 -0.026194 0.006081 0.014339 -0.003516 -0.052470 0.001540 0.047319 0.045545 0.009442 0.030232 0.004138 0.036981 -0.006460 -0.052944 -0.012557 -0.023114 -0.043658 0.011836 -0.018101 -0.026386 -0.003688 0.005306 -0.020952 -0.046861 -0.034867 -0.000132 0.027115 -0.007087 -0.004279 -0.033150 0.005752 0.015559 0.000929 0.009176 -0.038753 0.016491 0.014058 -0.027005 -0.043741 -0.013873 -0.007350 0.062117 -0.023633 0.004841 -0.028807 -0.020821 0.013070 -0.008881 0.013335 -0.019800 -0.040927 0.052957 0.027479 -0.050567 0.024236 0.043968 -0.014583 -0.056534 -0.051077 0.037517 0.005037 0.010147 0.000524 -0.061428 -0.009201 0.007300 -0.011865 -0.031419 0.009359 -0.034453 0.045510 -0.032534 -0.055347 0.019860 -0.040568 0.027974 0.029554 -0.008405 0.038171 0.003700 -0.000295 0.024208 0.005574 -0.055801 -0.020252 0.058195 0.038492 0.017284 0.026841 0.007756 -0.022279 0.018488 -0.002426 0.028412 0.023077 -0.013676 -0.023303 0.015623 -0.026817 0.027040 0.000851 -0.015242 0.028705 0.011438 
0.000000 -0.026732 -0.002863 -0.001602 0.005003 0.036568 0.004146 0.004244 -0.001528 -0.000483 0.027058 0.023209 711.446295 0.023728 -0.024527 -0.000896 0.000000 0.022857 -0.011686 0.003065 0.001019 -0.013158 -0.047790 -0.053149 0.016194 -0.033996 0.000729 -0.002652 0.001216 0.000000 0.000956 0.060817 -0.000496 0.012749 0.010523 0.002071 0.050266 0.000000 0.051986 -0.000987 0.007669 0.000000 0.004184 0.049079 0.000000 -0.003645 0.004798 0.060424 0.000000 0.039525 -0.001122 -0.004691 -0.000574 -0.050030 -0.013467 -0.061419 -0.006304 -0.002129 -0.021275 -0.048230 -0.011166 0.008128 -0.010585 0.038205 0.006250 0.001978 0.000000 -0.001070 -0.002079 -0.015605 0.004949 -0.037968 0.062060 -0.008651 -0.060072 -0.006228 0.048246 0.009334 0.000000 -0.024467 -0.000423 -0.058948 -0.005721 -0.013871 0.017584 0.024425 -0.009235 0.018002 -0.000746 0.006608 -0.045701 -0.003323 0.000000 0.000000 0.003293 0.034210 0.016771 0.000000 0.002581 0.032080 0.000000 0.002216 -0.024641 0.030461 0.007909 -0.008785 0.031274 -0.043336 -0.061726 0.000000 -0.016180 -0.013945 0.005276 -0.001650 -0.011335 -0.030968 0.007710 0.002876 0.016305 0.011730 -0.016421 0.000275 -0.017167 0.004666 0.000000 0.007393 0.025877 -0.002900 0.019839 -0.024865 -0.039744 -0.059286 -0.023919 0.000000 -0.006895 -0.029827 -0.000174 0.019813 -0.018864 -0.003874 0.000000 0.000000 0.000271 -0.007274 -0.050365 -0.004737 -0.061904 0.012968 -0.023247 -0.000695 0.010324 0.000290 -0.017553 -0.000790 0.013587 -0.027726 -0.007384 0.002040 -0.006235 -0.011831 0.015250 0.062939 0.000000 0.003362 0.007468 -0.015122 0.009114 -0.006812 -0.003973 0.006939 -0.003767 -0.023149 0.000591 0.057886 -0.026006 0.024728 0.015222 -0.000117 -0.001417 0.047986 -0.019105 0.000000 0.006950 -0.028554 0.000000 0.002401 0.003225 0.054120 0.000000 0.035273 0.022261 -0.001268 0.000000 0.044456 0.050718 -0.009676 
0.000571 -0.008703 0.003598 0.008271 0.023057 0.008575 0.060470 -0.005014 0.004153 0.002309 -0.002663 0.016791 0.023728 31.793723 -0.001252 -0.013070 0.025038 -0.000997 -0.004242 -0.042570 0.051039 0.043056 -0.062540 0.002381 0.004364 0.000146 0.002870 -0.010783 0.000448 0.039466 -0.001511 0.003608 0.061758 -0.023196 0.059774 -0.005847 -0.014704 -0.013345 -0.044759 0.027953 -0.019340 0.023741 0.055749 0.015584 0.001594 -0.000318 -0.061644 -0.001064 0.001829 -0.000845 -0.040170 -0.045704 -0.043857 0.011616 0.014300 0.037187 -0.016939 -0.010306 0.000000 0.004229 -0.004337 -0.039529 -0.005560 0.042908 -0.015452 0.005292 -0.001809 0.037720 0.001066 -0.030649 -0.007460 -0.012860 0.000325 0.023396 -0.028865 0.027126 0.032995 0.017412 0.008322 -0.016692 -0.006485 0.063431 0.061947 -0.013399 -0.012556 0.002501 0.062084 -0.008300 0.030646 0.036102 -0.016859 0.004085 -0.025135 -0.022306 0.000000 0.023917 0.035082 0.015920 -0.011003 0.013201 -0.054355 -0.002480 0.014974 0.039407 -0.044715 0.000000 0.037207 -0.043421 0.023548 0.001163 -0.005784 -0.006622 0.004378 -0.027186 0.024911 0.001067 -0.025773 0.017931 0.050281 0.001455 -0.048562 -0.031422 -0.001365 0.041766 -0.001074 0.027658 -0.059065 0.054943 0.000289 0.042960 -0.059841 0.011178 -0.025735 -0.050503 0.015102 0.010683 -0.000103 0.060727 -0.046800 0.049078 -0.002582 0.019166 -0.003091 -0.044538 -0.000560 -0.048660 -0.010227 -0.013940 0.026179 -0.026698 -0.013482 -0.000608 -0.020616 -0.028203 0.006933 0.018075 0.002712 0.017288 -0.039544 0.045336 -0.046934 -0.000406 0.050442 -0.017308 0.000343 -0.001631 0.010563 0.000196 0.010682 -0.003123 0.019419 -0.024011 0.028822 0.043457 -0.039010 -0.036422 -0.039263 0.017664 -0.042530 -0.001332 0.031141 0.000139 0.001361 -0.003324 0.005393 0.000555 -0.023619 0.023790 0.000105 -0.001527 -0.036040 0.000573 -0.005833 -0.064358 0.055456 0.002033 
0.047751 0.000000 -0.021148 -0.003874 0.016971 -0.021861 0.020763 -0.022828 0.053776 0.039623 -0.033086 0.016934 -0.024527 -0.001252 8.203090 0.027152 -0.000150 0.000000 -0.060743 0.027266 -0.005275 0.002561 -0.021668 0.054465 0.019668 0.015964 0.002247 0.010230 0.000127 0.032059 0.057972 0.046210 0.060766 0.045727 0.034428 0.046862 0.003694 0.059104 -0.003075 -0.048325 0.000372 -0.002659 -0.001727 0.003749 -0.005755 -0.000754 -0.036534 0.055180 0.021905 -0.002898 -0.014984 0.003886 -0.001150 -0.029102 0.043790 0.043465 -0.021594 -0.013940 0.004198 -0.004061 -0.005323 0.050213 -0.000262 -0.006588 0.006691 -0.046752 0.002515 -0.003208 -0.000372 0.007828 0.008460 -0.033090 -0.002001 -0.015332 -0.018655 0.033744 0.016613 0.003586 -0.004862 -0.033984 0.041912 0.006680 -0.031833 0.000000 -0.012610 0.020671 -0.002466 0.043291 0.002980 -0.031255 0.054297 0.000161 -0.037819 -0.001521 0.002346 0.038948 0.048708 0.001585 0.050017 -0.057506 0.003481 -0.021330 0.015750 0.051301 -0.005923 0.039421 0.020227 -0.043902 0.039726 -0.057902 0.031870 -0.063579 -0.000133 0.010886 0.021980 0.041509 -0.026697 0.025126 0.010298 -0.013726 -0.034175 -0.002156 -0.024958 0.005523 0.052006 0.042296 0.033586 -0.015902 -0.016587 0.046903 -0.030360 -0.013878 -0.003464 -0.005582 0.028248 0.024985 -0.051793 0.001120 0.006794 0.009863 -0.052461 0.036972 0.003172 0.002314 0.060765 0.004660 0.062257 0.021162 0.025067 0.011040 -0.019156 0.008674 -0.049125 0.000146 0.029422 -0.007657 -0.002627 0.029768 0.056705 -0.031905 -0.017283 -0.004524 0.029324 -0.001349 0.057610 -0.031515 -0.024348 0.030186 -0.002831 -0.004484 -0.028420 0.002695 -0.007664 0.039104 -0.004684 -0.010227 0.014220 0.048505 0.012600 -0.011310 0.024809 0.063433 0.000139 0.011381 -0.015238 -0.005760 0.061661 -0.036496 0.011355 -0.007523 0.028786 0.004574 -0.003113 0.017221 0.002452 -0.002898 
-0.024597 -0.034295 0.023341 -0.011676 -0.005519 -0.008311 -0.004826 0.010178 0.000608 0.044059 0.036430 0.005597 -0.000896 -0.013070 0.027152 20.701148 0.058145 0.000678 -0.032080 0.018044 -0.039825 -0.000185 0.022869 0.055192 -0.002133 0.001910 -0.003095 -0.059963 0.022202 0.000189 -0.003330 -0.002486 -0.002470 -0.037744 0.009769 0.010648 0.037432 0.005006 -0.000605 -0.022781 -0.001776 0.042634 0.043286 -0.011803 -0.000910 -0.008852 0.017174 0.017979 0.004188 0.000000 -0.025639 -0.016364 0.000283 0.025490 0.000410 0.001066 0.023351 0.000429 -0.006412 -0.060312 0.048228 0.063915 0.000000 -0.020356 -0.021640 0.029337 -0.050207 0.020785 0.004799 0.034189 0.005862 0.005162 -0.015663 0.023287 -0.000297 -0.009782 0.000000 0.001117 0.017169 -0.000379 -0.014240 -0.000890 0.046244 0.024235 -0.014838 -0.033094 0.000000 -0.003115 0.008253 0.000000 -0.012189 0.034732 -0.028373 -0.000466 0.001286 -0.000370 -0.058265 -0.034536 0.000593 0.036079 0.002362 -0.004447 -0.024198 -0.042981 -0.008099 -0.017679 0.041631 -0.049515 0.000926 0.000906 0.002728 -0.024690 0.031299 -0.005793 0.019166 -0.010018 -0.000971 0.007891 -0.000955 0.023405 -0.011320 -0.016531 0.039954 -0.001951 0.001040 0.012458 0.041088 -0.020881 0.000121 -0.046138 0.056200 0.022466 -0.001695 0.009283 -0.041864 -0.008248 -0.000122 -0.013216 -0.003068 0.000869 0.027879 0.003659 0.002881 0.000627 -0.001539 -0.001992 -0.000747 -0.005099 0.002382 -0.012908 0.007903 -0.007711 -0.007267 -0.000144 -0.056417 0.008775 0.047875 -0.062183 -0.029030 0.022351 -0.036533 0.051183 0.029406 -0.005022 -0.063895 -0.002866 -0.047095 -0.000199 -0.003546 0.025989 -0.003039 0.032715 0.042107 -0.048182 -0.044654 -0.000689 0.044541 0.002796 0.006321 0.036757 -0.013681 0.000537 -0.008433 -0.044282 -0.014214 0.007312 -0.000666 0.008644 0.000000 0.003515 0.022731 -0.029507 -0.010541 0.006163 0.044710 0.000000 
0.000000 -0.013398 -0.009044 0.006464 0.050923 -0.000502 0.003550 0.013639 0.011283 0.051529 -0.033413 -0.044121 0.000000 0.025038 -0.000150 0.058145 5951.160788 0.002670 -0.009981 0.057358 -0.000255 -0.002990 0.001694 0.008662 0.000000 -0.045453 -0.002441 -0.053555 -0.014343 0.004096 -0.001622 0.002328 0.045294 -0.005092 0.020506 -0.014330 -0.001699 0.000594 0.047815 -0.013261 0.034211 0.000138 0.000207 -0.035554 -0.015456 -0.010210 -0.052626 0.041755 -0.001144 -0.000150 -0.000347 -0.002268 -0.001615 -0.013895 -0.031800 -0.037663 0.058268 0.001196 -0.046424 -0.002202 -0.004185 -0.018448 -0.009338 -0.020159 -0.000279 -0.001235 0.022175 0.016432 -0.029477 -0.048244 -0.001563 -0.029537 0.001385 0.017907 -0.031750 0.000000 0.049069 -0.000807 -0.008566 0.026430 0.023640 -0.003416 0.000135 -0.016063 0.043528 -0.007680 -0.004439 -0.002856 -0.026042 -0.001129 0.023751 0.019317 -0.055453 -0.012385 0.020788 -0.005233 -0.053562 -0.025038 -0.002487 -0.015670 -0.003529 0.001396 0.036991 -0.006735 -0.000470 -0.012275 0.013990 -0.001456 0.044289 0.055771 0.010626 -0.027450 0.013242 -0.000633 -0.006539 -0.018972 0.004219 0.002758 0.000436 0.051006 0.004873 -0.052226 -0.057501 -0.008966 -0.034108 0.014649 0.000612 -0.012300 -0.013438 0.020262 0.000000 -0.060258 0.000000 0.024001 0.008694 0.003151 0.003209 -0.003914 0.000000 0.000885 0.000000 0.000000 -0.000156 0.000000 -0.001810 0.000103 0.035192 0.036011 0.021969 0.023007 0.006540 0.001560 -0.029541 0.029772 0.001969 0.022528 0.000000 -0.061758 -0.019003 -0.023485 -0.044542 -0.000346 -0.000828 0.020440 0.000000 0.044364 0.040284 -0.025768 0.000000 -0.014269 0.020961 -0.000397 0.048187 -0.017554 -0.020242 0.006532 0.000372 0.000980 -0.010501 0.012542 -0.001529 0.000000 -0.000607 0.012931 -0.007105 0.000610 -0.001366 0.059205 -0.007890 0.013960 -0.009543 -0.008439 -0.011416 0.008100 0.026825 -0.018057 
-0.011317 0.000730 -0.024887 -0.023418 -0.052848 0.021101 -0.002799 -0.033089 -0.004408 -0.004433 0.016276 0.030876 0.022857 -0.000997 0.000000 0.000678 0.002670 244.101477 0.015066 0.000215 0.040904 -0.003149 -0.052427 0.027372 0.000000 -0.007668 -0.001053 0.000000 -0.046799 -0.016173 0.000167 0.006582 -0.007621 -0.019169 0.040842 -0.021030 0.000204 0.004668 -0.004172 -0.005546 -0.029706 0.057593 -0.008821 -0.026228 0.000000 0.029692 0.017129 -0.000527 0.000000 -0.000397 -0.041665 -0.028330 0.000959 0.000617 0.002877 -0.039650 -0.020632 0.002283 -0.022252 -0.012984 -0.014037 0.044239 0.010467 -0.006733 0.026660 0.000000 0.015426 0.000276 -0.010280 0.000000 0.039785 -0.062252 0.035071 0.001956 -0.047116 0.009408 -0.000811 0.002525 0.008144 -0.047074 0.000199 -0.021419 0.003422 -0.010053 -0.013376 0.017160 -0.058387 0.021723 0.000000 0.001166 0.033750 0.010806 0.003233 -0.018396 -0.004025 0.055884 -0.004345 -0.015332 0.013355 0.055185 0.006308 0.009108 -0.032185 -0.012445 0.009059 0.035907 -0.026498 0.026773 0.000000 0.000000 -0.062217 -0.034815 0.003688 0.001702 0.048469 -0.055333 -0.002944 0.048517 0.001535 0.003453 0.000000 0.000000 0.019100 -0.038174 -0.009704 0.059138 -0.001263 -0.022900 0.003019 -0.036305 0.012211 -0.004550 0.000233 0.000000 0.019885 0.000000 0.000000 -0.012108 -0.035094 0.055675 0.000000 -0.001320 0.000986 -0.031512 -0.001699 0.000000 0.005849 -0.016580 0.030834 0.022770 -0.047731 -0.000638 0.001296 0.017343 -0.043520 -0.017089 0.000000 0.008758 0.030318 0.013029 -0.020058 0.025682 -0.002769 0.004351 0.012626 0.032009 -0.025453 0.005866 -0.003271 -0.025354 -0.032880 0.003465 -0.034220 -0.054253 -0.017518 -0.000620 0.052186 -0.021536 0.045478 0.010052 0.000000 0.003338 0.001494 0.041374 -0.061385 0.000532 0.000000 0.033775 -0.041941 0.001376 -0.050474 0.026922 0.004897 -0.011734 0.014084 -0.047201 
0.004381 -0.038156 -0.016211 0.033655 -0.036702 -0.002459 -0.021485 0.019166 0.001008 0.047060 0.007823 0.016185 -0.011686 -0.004242 -0.060743 -0.032080 -0.009981 0.015066 0.316329 -0.010753 -0.039591 0.055016 0.009710 -0.020206 0.011072 -0.020951 -0.004033 -0.037584 -0.025134 -0.027649 0.008508 0.063179 -0.059899 -0.001421 0.013074 0.017031 -0.016092 -0.015898 0.002301 0.062140 -0.011434 -0.017298 -0.013454 0.007608 0.003200 -0.027895 -0.040436 0.005403 0.000000 -0.011475 -0.020435 -0.000496 -0.026718 -0.030393 -0.030570 0.005034 0.008951 0.000000 -0.036947 -0.021654 0.037618 0.039368 -0.006755 -0.021849 0.022351 0.000757 0.016323 0.006230 0.014854 -0.003495 0.043004 0.039097 0.003214 0.000000 0.006380 -0.008856 -0.026434 -0.060466 0.058575 -0.016831 -0.021768 -0.025952 0.056922 -0.001189 -0.003978 0.029536 -0.023183 0.021559 -0.053291 -0.024990 0.029364 -0.003185 0.003837 -0.002601 0.025833 -0.032861 0.007608 0.037255 0.013743 0.055187 0.013917 -0.024317 0.017664 -0.031032 0.003912 -0.018387 -0.061708 -0.010096 -0.063640 0.025596 0.001489 0.003754 -0.010076 -0.013522 0.051575 0.020531 0.008348 0.020561 0.016594 0.010434 -0.009164 -0.030739 -0.004390 -0.002189 -0.020275 0.038133 -0.036998 -0.009081 -0.005746 0.051212 0.052575 -0.051431 -0.000622 0.060154 0.030762 -0.041352 -0.063916 -0.007279 0.033711 -0.010764 0.001585 0.008629 0.039098 -0.036868 0.003868 -0.003827 0.005298 0.004669 0.049183 0.010940 0.012196 0.006028 0.062291 0.027056 -0.025248 -0.020795 -0.031140 -0.027079 0.005765 -0.060616 0.037642 -0.001780 0.017276 -0.020244 0.009339 0.013181 0.008314 0.003231 0.019575 -0.011137 -0.008330 -0.002785 0.056246 0.050501 0.002218 0.035801 -0.022881 -0.013620 -0.010025 0.002219 -0.041409 -0.007822 -0.021095 -0.035691 0.035684 -0.001302 0.011928 0.012262 -0.017919 -0.010924 -0.012361 0.043931 0.020974 -0.001104 -0.005202 0.010061 
0.002235 -0.042460 0.034647 0.045000 -0.039963 -0.042977 0.003959 -0.020679 0.000000 0.003170 -0.015789 0.009829 0.003065 -0.042570 0.027266 0.018044 0.057358 0.000215 -0.010753 632.549054 -0.019529 0.009566 -0.003932 0.049629 0.000000 0.000000 -0.000421 -0.053088 0.002549 0.000000 0.005103 0.007119 0.000000 -0.000526 -0.003342 0.009414 0.043491 0.002246 -0.004787 -0.048636 0.001888 -0.034701 0.023227 0.003491 -0.008458 -0.001034 0.002214 -0.020864 0.002877 -0.019668 0.002338 -0.031294 0.003059 0.000000 0.001752 -0.054925 0.005881 0.026946 0.000584 -0.048008 0.019813 0.004865 0.009229 -0.008963 -0.004537 0.001042 -0.006881 -0.001134 0.004883 0.000000 -0.000749 0.062543 -0.044042 0.004276 0.061425 -0.005505 -0.007064 -0.000245 -0.033500 0.010916 0.000000 0.005246 0.024311 0.059348 -0.021937 0.058584 -0.052015 -0.000230 0.022242 -0.000179 0.002823 0.032377 -0.025070 -0.003246 0.000470 0.021089 -0.057610 0.002870 0.017739 0.021009 0.000000 -0.018608 0.028512 -0.013527 -0.004349 0.008274 -0.032818 -0.046351 -0.000698 0.000000 0.034054 0.007947 0.000000 0.000000 -0.047136 0.029370 -0.016399 0.055719 -0.045213 0.000579 -0.025991 0.005158 -0.062967 0.007022 0.000000 -0.010447 -0.010092 -0.012151 0.000000 0.038365 0.029517 0.024496 -0.000448 0.018760 -0.013208 -0.014584 -0.004572 -0.001636 -0.006084 -0.003520 -0.001065 0.002354 0.000000 0.000000 0.022842 0.000000 -0.013631 -0.016125 0.019823 0.036383 -0.015248 -0.003491 0.008811 0.044453 -0.038888 0.004714 0.061165 0.053919 0.030871 -0.016092 -0.057418 0.002467 0.015629 -0.031992 -0.023045 -0.009152 -0.015965 -0.001280 -0.013529 0.009591 0.003319 -0.017089 0.000000 0.014393 -0.013653 -0.004231 -0.001445 -0.012755 -0.031126 -0.025343 -0.014499 0.000000 0.036749 0.015353 -0.001377 -0.005648 0.002691 0.008713 -0.007817 -0.043330 0.028469 -0.006669 -0.012750 -0.001283 0.000186 0.014090 
0.035694 -0.000765 -0.020552 -0.000746 0.023508 -0.003095 0.014827 -0.010953 0.017839 -0.032924 -0.022798 0.021469 0.001019 0.051039 -0.005275 -0.039825 -0.000255 0.040904 -0.039591 -0.019529 69.248790 0.010020 -0.024299 -0.021984 0.000000 0.000409 -0.001048 -0.010568 0.009838 0.040521 0.010661 -0.014958 -0.030591 0.009767 -0.036421 0.041644 -0.063127 0.039192 0.056508 0.058474 0.026707 0.000715 0.020176 0.014413 -0.002097 0.001756 0.057455 -0.044144 -0.046482 0.000000 0.001336 -0.029065 0.000000 0.058644 -0.059401 0.016902 0.059971 -0.035276 0.000657 0.004934 0.012478 0.001630 -0.001213 0.021406 -0.042668 -0.000809 -0.043359 -0.041807 0.022394 -0.000628 -0.007946 -0.004559 0.014078 0.022357 -0.027703 -0.035381 0.006168 0.000489 0.002657 -0.063731 0.000108 0.000000 -0.004320 -0.005489 0.031657 0.000124 -0.055291 -0.002793 0.048619 0.000128 0.022917 -0.031460 -0.022245 0.002094 0.055859 0.019071 -0.035290 -0.057946 -0.030078 0.022769 0.000559 -0.038956 0.000000 0.037729 0.002277 -0.000890 0.012413 -0.029038 0.000561 -0.002012 -0.015492 0.052085 0.000400 0.059895 0.055713 -0.008746 -0.021409 -0.005817 0.011967 0.049338 -0.022496 0.060911 -0.012089 -0.001398 0.000746 0.024918 0.002861 -0.023548 -0.003377 0.061772 0.033104 0.003236 0.000000 0.003523 -0.017712 0.009895 0.016089 -0.019852 -0.007186 0.013944 0.002045 -0.018485 -0.000361 0.002562 -0.009960 -0.059447 -0.002386 -0.001841 0.011351 -0.038211 0.031420 0.001363 0.059391 0.034295 -0.020549 0.014335 0.034617 0.019974 0.017177 0.025091 0.027783 0.058952 0.060968 0.002538 -0.018232 -0.003216 0.024595 -0.020539 0.000000 -0.010192 0.014433 -0.018149 0.011610 -0.013090 0.028291 -0.000788 0.000000 -0.001461 -0.032757 -0.010826 0.000730 -0.024932 0.000000 -0.008018 -0.011045 0.028050 0.016948 0.000000 0.029095 0.037456 -0.051256 -0.016301 0.010100 -0.018455 -0.048818 -0.002898 
