1527.342708 -0.000949 -0.003819 0.011162 -0.000530 -0.009968 -0.077356 0.081242 -0.016915 -0.010154 -0.001524 -0.000721 0.000868 -0.003452 0.032108 -0.001694 -0.003539 -0.036008 0.076273 0.065183 -0.018573 -0.001336 -0.004671 -0.002820 0.000000 0.001631 0.021411 -0.043815 0.000221 -0.018371 -0.004364 -0.004641 0.054095 -0.079979 -0.064680 0.002965 -0.020469 0.000000 -0.022038 -0.016428 0.000000 -0.024696 -0.001123 -0.004684 0.050447 0.000369 -0.029311 -0.000537 0.020973 0.043123 0.015237 0.082426 0.042925 0.004339 0.025495 0.037192 0.000000 -0.009807 -0.089913 0.000911 0.002447 -0.000657 -0.064775 -0.006185 -0.003215 0.000000 0.032727 0.089273 -0.036269 0.045842 -0.012748 -0.012911 0.003523 0.012815 0.043224 0.001752 0.005145 -0.064096 -0.073887 -0.007463 -0.004304 -0.001734 0.002200 -0.064791 0.040933 0.000000 -0.087922 0.055279 -0.000694 0.000492 0.000000 0.005119 -0.035238 -0.007653 0.004505 0.052887 0.079657 -0.006468 -0.009004 -0.023640 -0.019343 0.000230 -0.009376 -0.000236 0.073193 0.000000 0.029466 0.060842 -0.011198 0.013799 0.005837 -0.000370 -0.002928 0.084011 0.091635 -0.051030 0.067104 0.000000 -0.001045 -0.030668 -0.069787 0.045254 -0.035365 -0.055496 -0.061896 0.003405 -0.046099 0.006546 0.005487 0.000000 0.022250 -0.069951 0.000000 0.006562 0.066011 0.090424 0.000900 -0.004881 -0.082328 0.039980 0.003396 -0.000586 -0.076076 -0.062114 -0.045046 0.017000 -0.019861 0.032555 0.077592 0.013644 -0.004442 -0.013061 -0.035359 0.020403 -0.017866 -0.080238 0.069749 0.030384 0.002898 -0.020998 -0.005723 -0.002005 -0.012706 -0.021731 0.000000 0.000000 0.001434 0.079667 0.088458 -0.000290 -0.061713 0.011530 -0.046538 0.000000 -0.078414 0.082013 0.002765 0.001787 0.000000 0.000638 -0.091645 0.000000 0.002862 -0.086520 -0.001741 0.022100 0.000000 -0.019798 0.020647 -0.074125 0.000000 0.037712 -0.015385 0.002358 -0.059947 0.000000 
-0.000949 14269.882848 -0.001913 -0.028187 0.008078 -0.000682 0.082282 0.000260 -0.001048 0.000000 0.005363 -0.003155 0.031805 0.000000 0.051752 0.000000 0.000000 0.000000 0.026750 -0.000853 -0.011476 -0.010174 -0.074682 -0.041993 -0.002031 0.000000 -0.032723 -0.034915 0.021531 0.001645 -0.001103 0.004383 0.001318 0.015815 -0.067601 -0.000739 -0.028439 0.000000 0.040896 -0.057791 0.003790 0.041784 -0.003074 -0.008834 -0.018192 -0.001093 0.006491 0.087962 -0.005780 0.082111 -0.000719 0.095386 0.006878 -0.004197 0.026233 -0.036337 -0.042588 0.034722 0.000000 -0.049856 0.000000 0.036458 -0.002681 -0.079888 -0.047407 -0.001308 0.083809 -0.026894 0.013866 0.020121 0.018135 0.000000 -0.006086 0.000000 -0.055680 -0.013031 0.078792 0.063549 0.000000 -0.081648 0.031897 -0.007878 0.004117 0.003871 0.000353 -0.001864 0.000502 0.002430 0.023977 -0.000782 0.004983 0.029513 0.000487 0.001284 0.032664 0.063443 0.037418 0.000232 -0.027229 -0.007389 0.012119 0.078675 -0.004227 -0.083321 -0.015690 0.095729 -0.057181 -0.015167 0.000000 -0.024183 -0.039358 0.034651 -0.003994 0.000000 -0.014927 -0.041404 -0.016567 0.011023 0.000000 -0.053596 0.003034 0.058711 -0.057998 0.017678 -0.007093 -0.013582 0.001438 -0.041028 -0.024674 -0.018069 -0.013646 -0.092958 -0.000226 0.014285 0.091312 0.011061 -0.020586 -0.000495 0.039361 0.008701 0.007177 0.002101 -0.035568 0.012093 0.000838 0.006775 0.002777 0.066454 0.011851 0.063287 0.014705 -0.003993 0.045518 0.090738 -0.014496 0.000963 -0.011042 0.024892 -0.094541 0.010361 -0.000733 -0.060769 0.011491 -0.000491 0.000000 -0.014303 0.022977 -0.021601 0.003801 0.002972 0.042657 0.037240 -0.050897 0.001006 0.070960 -0.013953 -0.004936 0.002946 -0.026957 -0.001391 -0.008061 0.002806 0.039263 0.093488 0.000000 -0.000720 -0.002265 0.089216 -0.005982 0.018564 -0.021155 -0.076670 -0.013713 -0.038304 -0.001705 0.000000 
-0.003819 -0.001913 18.979402 0.001811 0.001753 0.000161 -0.009659 -0.000575 -0.005469 0.054628 -0.058166 0.000371 0.012149 0.062088 -0.015156 0.049870 0.000368 -0.004988 -0.029295 -0.001336 0.043295 0.053294 0.000324 -0.056327 0.073445 -0.000689 -0.005155 0.006663 -0.036365 0.071469 0.005690 0.009649 -0.007360 -0.091465 0.068786 -0.002649 -0.011689 0.068766 0.010789 -0.079929 -0.001449 -0.095643 -0.004138 0.015306 -0.019357 0.000000 0.061928 -0.081962 0.065582 0.044572 -0.028332 0.003187 0.081435 0.077522 -0.015739 0.006184 -0.001190 0.005208 0.005383 0.048419 -0.002028 0.010354 -0.017034 0.043991 0.000425 -0.002769 -0.059329 -0.033582 0.049698 -0.020923 -0.078116 -0.002575 0.052355 -0.005981 0.021667 0.074358 0.008288 0.033564 0.051627 -0.002307 -0.000495 0.086174 -0.001662 0.002550 -0.020989 0.074666 -0.044803 0.046788 0.001389 0.053724 0.000000 -0.078335 0.086729 0.004858 0.008561 0.017916 -0.004162 0.083206 -0.056737 -0.020403 -0.017007 -0.005721 -0.066538 0.009667 -0.035462 0.010776 -0.082806 0.023917 0.003848 0.005566 0.051861 0.002527 -0.083981 -0.018373 -0.084482 0.015157 0.029793 0.069947 -0.002294 0.051065 0.019897 -0.018024 0.050722 -0.085008 -0.030193 -0.001849 -0.052977 -0.005415 -0.000456 0.006418 -0.019539 -0.005045 0.052174 -0.030600 0.090414 0.012105 -0.001526 0.004027 0.022640 -0.065792 -0.072522 0.010639 -0.003377 -0.023161 -0.070479 -0.000856 -0.001658 0.059041 -0.001355 -0.046450 -0.027678 -0.016777 0.069979 -0.001977 -0.094345 0.002084 -0.015863 0.036199 -0.028188 -0.038761 0.068478 0.000246 -0.012224 -0.081065 0.000236 0.001126 0.025498 -0.006744 0.036624 -0.004913 -0.004968 0.005714 -0.026193 -0.003357 0.009541 -0.035506 0.000978 -0.064122 0.002670 -0.002332 0.005407 -0.039152 0.057012 -0.009536 -0.008480 -0.000493 -0.019751 -0.057536 0.010204 0.019054 0.007126 0.026012 0.031681 0.004223 0.009141 0.000000 
0.011162 -0.028187 0.001811 23.046466 -0.046587 -0.014502 0.068269 0.003594 -0.001160 0.006161 0.004918 0.085050 0.000194 -0.002793 0.023683 -0.031757 0.005231 -0.000124 -0.005422 0.004178 0.004569 -0.044583 0.081859 -0.085176 0.065896 0.008700 -0.006257 -0.061318 -0.056852 0.028068 0.007943 -0.014794 -0.077683 0.000837 0.003552 0.031836 0.065244 -0.029476 0.019636 0.005063 -0.018479 0.004555 0.018344 0.020511 -0.058434 0.051999 0.018677 0.021238 0.054144 0.000720 0.002519 0.048522 0.070823 -0.087446 0.073291 0.012297 -0.084313 0.000000 -0.002003 -0.006996 0.083381 -0.003205 0.001134 0.063071 0.022569 -0.087422 -0.068289 -0.014894 -0.084812 -0.017247 0.003393 -0.028306 -0.016341 -0.069034 0.038827 0.028241 0.002172 0.073907 0.089862 -0.053770 -0.008013 -0.003684 -0.003325 0.013360 0.010068 0.002204 -0.014487 -0.004345 -0.004080 -0.010239 -0.008495 -0.016217 -0.013838 -0.056473 0.010175 0.041324 0.038481 0.004040 0.051498 -0.084386 0.034792 0.005270 -0.002068 0.000820 0.043811 -0.073179 -0.040171 0.069572 0.081100 0.012292 0.068720 0.043041 0.011033 0.005576 0.070741 -0.012989 0.016495 0.021800 0.030875 -0.016645 0.050273 0.001115 0.046157 -0.007017 -0.023721 -0.012496 0.057545 -0.030582 0.024898 0.092337 0.032066 0.000000 0.021233 -0.057668 0.059373 -0.062295 -0.042877 0.064083 0.021412 0.007552 0.003405 0.036595 0.020443 0.043773 0.005185 -0.054518 -0.062490 0.037960 0.002068 0.004160 -0.056241 0.004344 -0.011277 -0.007730 -0.048831 -0.017893 0.001906 0.012011 0.051306 0.090649 0.087638 -0.000473 -0.005640 0.008824 -0.003035 0.023129 0.000220 -0.023661 0.001278 -0.018480 -0.000125 -0.068794 -0.011265 0.002226 -0.012219 -0.003665 -0.086658 0.001688 0.000000 -0.039975 -0.035455 -0.072754 -0.001040 -0.091839 -0.083041 0.058900 -0.002856 -0.000538 0.004219 0.017343 0.028916 -0.015557 -0.003513 0.010465 -0.012609 0.000000 
-0.000530 0.008078 0.001753 -0.046587 413.455389 -0.000933 -0.012491 -0.056909 0.001480 -0.002291 -0.056170 -0.005581 -0.052257 0.024557 0.039903 -0.050655 0.073500 -0.008202 0.000244 -0.002751 -0.026889 0.002576 -0.031804 -0.008558 0.000328 -0.000357 0.054217 0.007724 0.000803 -0.075348 -0.001552 -0.028899 0.045761 0.000000 0.008389 0.002921 0.021764 0.003648 0.001432 -0.051110 0.000000 0.000000 0.017655 0.046818 0.088905 0.000000 -0.029943 0.028931 0.049697 0.040249 0.010246 -0.060993 0.001071 0.000000 -0.089350 -0.079272 0.008050 -0.008856 0.006965 0.001113 -0.011564 -0.026973 -0.001592 0.044769 -0.016293 -0.003249 0.083365 -0.053115 0.012326 0.007363 -0.092759 0.005048 0.086855 -0.000839 0.030699 -0.016447 0.068016 -0.026460 -0.063582 -0.092111 -0.072060 0.000840 0.034268 0.067537 -0.017361 -0.036233 0.037708 -0.011989 -0.083802 0.000000 -0.024462 -0.046558 -0.035769 -0.003810 0.082763 -0.025954 -0.024439 0.009755 -0.040150 -0.087048 -0.073049 0.039654 0.014045 -0.081844 0.036674 0.000000 0.027058 -0.005371 0.000000 0.000884 0.044345 -0.000467 0.005438 -0.053879 -0.049660 0.002804 0.005023 -0.056939 0.012926 -0.005425 -0.030893 0.048919 0.074624 -0.043592 -0.079400 0.057670 0.063422 -0.025517 -0.010705 -0.003409 -0.024187 -0.019673 0.067641 0.001616 -0.040389 0.015660 0.081915 0.000719 -0.015729 0.016434 0.007305 0.030619 0.030854 -0.004072 0.033464 0.000000 -0.000247 0.003143 0.053994 -0.001552 -0.015413 0.010448 -0.050825 0.000976 0.067073 0.095834 -0.045896 -0.044663 0.036483 -0.003702 -0.084029 -0.031125 0.010550 0.035029 0.000000 0.000000 0.011639 0.016191 0.017017 0.010167 0.085851 0.003143 -0.018050 0.000000 0.017342 -0.063159 -0.000107 0.030784 -0.003769 0.045309 -0.028865 0.000462 0.000431 0.070448 -0.026841 -0.061546 -0.004660 0.004030 0.000000 0.018065 0.056094 -0.095818 -0.032370 -0.000952 -0.023660 0.000000 
-0.009968 -0.000682 0.000161 -0.014502 -0.000933 645.880734 -0.047272 -0.063028 0.000000 0.000574 0.012178 0.092908 0.000522 0.004435 -0.021434 0.000000 0.000000 0.021731 0.000000 0.001060 -0.008210 0.000000 -0.008940 0.061653 0.051175 0.000000 -0.080382 0.030296 0.046107 -0.016315 0.009444 -0.001216 0.030410 -0.005751 -0.061012 -0.026048 0.000910 0.000000 0.043585 -0.027659 -0.090173 -0.010620 0.019272 0.036050 -0.020976 0.000000 -0.078938 0.078365 0.026493 -0.007870 0.000000 -0.079393 -0.004244 0.001868 -0.012573 0.016644 0.000000 -0.016454 -0.055308 0.027781 0.035655 0.005130 0.010609 0.040161 0.000000 0.002328 -0.017978 -0.014050 -0.008895 -0.056446 0.005606 0.045579 0.021862 0.037175 0.018305 0.007913 0.002149 0.019488 -0.021266 0.065211 -0.026412 -0.005718 0.064423 0.044650 -0.000247 0.000991 -0.040341 0.055692 0.000192 -0.019146 -0.001342 -0.007653 0.001731 0.000000 0.031038 -0.052051 -0.071820 0.008155 0.000569 -0.083053 -0.045569 -0.065888 0.052733 0.019265 0.014966 0.003906 -0.006355 0.084454 -0.077422 -0.008455 -0.030899 0.002767 -0.027825 0.000349 0.057670 0.090067 0.001180 0.000812 -0.001448 0.024714 0.064450 0.000498 0.047674 0.024695 -0.040917 -0.000166 0.013232 0.017116 -0.013080 0.004081 -0.029759 -0.014588 0.016815 0.043800 0.025047 -0.060487 0.051587 0.000349 -0.049368 0.022053 0.014931 0.000000 -0.069436 0.027112 -0.006907 -0.059231 -0.036364 0.001434 -0.027944 0.063990 0.066782 0.028013 -0.080078 -0.075201 0.061564 -0.035284 -0.046335 0.050662 -0.006110 0.007144 -0.022678 -0.060822 0.034063 0.011622 0.000000 0.000249 0.006815 -0.000375 0.000000 -0.072663 -0.048181 0.000000 -0.011652 0.000000 0.069451 0.000212 0.000428 -0.001846 0.000342 0.009182 -0.004240 -0.006371 -0.000195 0.064055 -0.000349 -0.072492 0.032683 0.080116 -0.006318 -0.003331 -0.031900 0.009669 -0.037227 0.026707 0.009261 0.000000 
-0.077356 0.082282 -0.009659 0.068269 -0.012491 -0.047272 5.221033 0.039092 -0.054107 0.009340 0.005081 0.001613 -0.023177 -0.072867 0.012306 0.020633 -0.046811 -0.004537 0.068651 0.028692 0.009452 0.000000 0.004215 0.001579 0.039194 0.001145 -0.008977 -0.043710 0.070082 0.018196 0.034623 0.010068 -0.001216 -0.026903 -0.014436 -0.024568 0.021629 0.000509 0.031202 -0.050532 0.002959 0.002224 -0.082818 0.053035 0.047963 -0.003935 0.059855 -0.002636 -0.006499 0.095996 0.016682 0.042264 -0.039381 0.002514 0.067612 0.095507 0.062161 0.027781 -0.064493 -0.002784 0.064125 0.072227 0.018838 -0.056906 -0.038096 0.006005 -0.004686 -0.013342 0.067309 -0.001981 -0.064246 0.012020 0.035563 0.038620 0.005665 -0.059786 0.045792 -0.007940 -0.052904 -0.018025 0.049039 0.000000 0.014085 -0.066767 -0.064200 0.062020 0.036770 0.010888 0.001571 -0.019832 0.019100 -0.061045 0.070962 0.009479 0.034277 -0.062730 -0.017294 -0.003604 -0.050209 0.048238 -0.010501 -0.026107 -0.026494 0.036480 0.032029 -0.068257 -0.030919 0.007916 0.002893 -0.043205 0.038593 -0.001354 0.034316 -0.017140 0.031066 -0.009076 0.026063 0.056688 -0.084462 -0.071237 0.043466 0.005534 -0.037649 -0.000840 -0.004910 -0.015186 0.026420 -0.066027 -0.079727 0.007609 -0.014016 -0.064896 0.002141 0.031513 0.026713 0.021224 0.012857 -0.037728 0.000168 -0.093418 -0.027426 -0.003834 -0.010402 -0.014497 0.012930 -0.005727 0.080998 0.059418 0.058890 -0.057885 0.048851 -0.042841 0.020705 -0.008163 -0.010372 0.001249 0.027091 0.014690 0.003714 -0.043362 0.011854 -0.057541 0.017162 -0.038972 -0.000297 0.013607 -0.040654 0.025320 0.072716 0.000000 -0.063461 0.002038 0.016936 -0.009946 -0.030913 0.068428 0.063271 -0.006510 -0.036566 -0.082977 -0.051190 0.000232 -0.006401 0.083038 0.037580 0.000000 -0.055167 -0.057560 0.084059 0.005016 -0.047330 0.089355 -0.003550 -0.005959 0.012426 0.000000 
0.081242 0.000260 -0.000575 0.003594 -0.056909 -0.063028 0.039092 84.340196 0.001188 0.083023 -0.020105 -0.023844 0.015258 0.000000 -0.060343 -0.000736 0.009827 -0.001742 0.021169 0.004241 -0.057922 0.000415 0.014380 0.001248 0.001612 0.080537 0.004098 0.004238 0.002142 -0.003718 -0.061397 0.001420 0.017110 0.002821 0.005359 -0.014961 -0.001113 0.000587 -0.012107 -0.011274 0.000000 0.000518 -0.003052 0.025961 0.059952 -0.007337 -0.022608 -0.004449 0.032367 -0.054997 -0.017072 0.006434 0.000000 0.001454 -0.015224 -0.037883 0.001281 0.070946 0.000719 0.050691 0.057402 0.003804 -0.002342 0.015522 0.006108 -0.024276 0.000730 0.074292 -0.016684 -0.063994 0.004145 -0.014429 -0.030332 -0.050985 -0.012383 0.063705 -0.030968 -0.003467 0.062885 -0.058235 -0.012354 -0.035587 0.004966 -0.040735 -0.000736 0.084770 -0.001260 -0.066824 0.001471 -0.019134 0.051904 -0.014946 0.001720 0.047552 -0.001392 0.020787 -0.083139 -0.046852 -0.068679 -0.004052 0.020233 -0.002670 0.060117 0.006746 -0.004068 0.016627 0.008233 0.001529 -0.033312 0.000126 -0.079485 0.022914 0.000000 -0.002879 -0.007927 -0.048946 0.001042 -0.067284 -0.048185 -0.078475 -0.006840 -0.004967 -0.006832 -0.014222 0.010210 0.035567 0.020451 -0.029012 0.001989 0.000298 -0.027238 0.020662 0.004243 0.002696 0.021931 -0.021416 0.000123 0.090567 -0.003016 -0.001314 -0.000254 0.053163 -0.017557 -0.083103 0.066403 -0.000218 -0.002839 -0.037148 -0.031809 0.010154 -0.081358 0.081002 -0.008087 -0.037554 0.055627 0.011576 -0.023735 0.018030 -0.076116 -0.001611 -0.024812 -0.049818 0.023338 0.067205 -0.007759 0.031094 0.056360 -0.061734 0.000286 0.000000 0.027322 -0.003996 0.064720 -0.000860 -0.016671 0.092597 -0.039547 -0.000110 0.006980 0.012536 -0.002605 0.018760 -0.000372 -0.048392 0.000000 -0.000503 0.010139 -0.092927 -0.007870 -0.039004 -0.054915 0.022878 0.000582 0.023037 -0.002948 0.000000 
-0.016915 -0.001048 -0.005469 -0.001160 0.001480 0.000000 -0.054107 0.001188 121.108662 0.000000 0.000000 0.001429 0.013329 -0.000245 -0.059471 -0.003668 0.037139 -0.023635 0.006627 0.061864 -0.003200 0.000000 0.046456 0.001237 -0.015139 0.003300 -0.014976 -0.035148 0.000000 -0.000283 -0.013759 0.087470 -0.080139 -0.007611 0.039066 0.092801 -0.019431 0.015970 -0.030970 0.008873 -0.002763 0.000506 0.000929 -0.024718 -0.019957 -0.025152 -0.015904 -0.001958 -0.072061 0.010267 0.014550 0.028219 0.007827 -0.012523 0.004008 -0.014389 0.009386 -0.001460 0.084131 0.013349 0.026657 0.010422 0.047241 -0.017959 -0.068383 -0.019628 0.043087 0.001683 -0.044679 0.039528 0.004039 0.023137 -0.070382 -0.013281 0.086581 0.004201 -0.046608 -0.058288 -0.029829 0.001512 -0.085252 -0.019604 0.008203 0.068597 0.028219 -0.014543 0.000305 -0.084917 0.045725 -0.021001 0.042656 -0.029483 0.000368 0.002504 0.010535 -0.043606 0.048005 0.000000 -0.015602 -0.009683 -0.086110 0.018551 -0.044339 0.003523 -0.023437 0.000907 0.049481 -0.010882 -0.013436 0.006026 -0.030659 0.000000 -0.000980 -0.023317 0.032159 0.049995 0.010199 -0.002729 -0.006271 -0.002152 0.020781 0.007792 0.076980 -0.001181 0.003461 -0.001624 -0.074629 -0.022708 0.019465 -0.007542 0.056944 0.003499 -0.001003 0.010539 -0.002350 0.061244 0.000000 0.023911 0.022115 0.015551 -0.077439 0.083635 -0.007039 -0.039630 -0.042289 0.000000 0.040636 -0.015057 0.001265 0.000000 0.003772 -0.016151 0.005107 0.051368 -0.000849 0.046457 -0.006575 0.004768 0.011305 -0.006889 0.006905 -0.069198 0.029788 -0.056167 -0.001453 -0.008170 0.072353 0.023348 0.048386 -0.001610 -0.001416 -0.028763 0.008903 0.000136 -0.047560 -0.005916 -0.023035 -0.001020 -0.015433 0.024892 0.045462 0.012340 -0.001279 -0.049212 0.000000 -0.007676 -0.079261 0.057407 0.067216 0.015545 0.090479 -0.032994 0.038558 0.000000 -0.003976 0.000000 
-0.010154 0.000000 0.054628 0.006161 -0.002291 0.000574 0.009340 0.083023 0.000000 5492.058226 -0.007773 -0.082306 -0.012272 0.000000 -0.000130 0.000000 0.002284 -0.003267 0.051691 0.001441 0.024119 0.003563 0.006714 -0.007049 0.003258 0.000000 0.006488 -0.047549 0.000000 0.003681 0.000232 -0.027133 -0.002984 0.008815 -0.009744 0.000966 -0.022202 0.017480 -0.034618 0.036293 0.003207 -0.006062 -0.003496 -0.021834 0.011809 0.047178 0.008769 0.001500 0.003377 -0.026232 -0.004498 -0.020775 0.003854 0.000000 0.011577 -0.034213 0.003862 -0.009992 0.093277 -0.003107 0.021955 0.042660 0.009565 -0.042994 -0.000466 0.002618 -0.026045 0.004460 0.001816 0.074074 0.007192 -0.000788 -0.070644 -0.006427 -0.004399 -0.039145 -0.039305 -0.009718 0.013660 0.056683 0.024544 0.048268 0.002096 -0.002420 -0.023219 0.000000 0.006862 -0.020640 0.000725 0.000000 0.046222 -0.045013 0.047368 -0.011484 0.064629 -0.055449 -0.044704 0.057900 -0.073529 0.010474 -0.028889 -0.013634 0.005225 0.006879 0.009696 0.000000 -0.028592 -0.011768 -0.054296 -0.001562 -0.014146 0.006829 -0.021634 -0.033725 0.000908 -0.009651 -0.022292 0.000164 0.094233 -0.008847 0.083784 -0.068220 -0.004766 -0.013963 -0.019503 -0.015024 -0.000750 -0.033129 -0.024532 0.000000 -0.085311 0.083790 0.049005 0.070650 -0.055457 -0.005245 -0.074385 0.000000 0.015336 -0.010416 -0.057002 0.006197 0.041501 0.030360 0.058218 0.020487 0.006944 0.021821 0.011304 -0.014828 -0.052230 0.068101 -0.009601 -0.060408 -0.009139 0.000000 0.021647 0.043947 0.002155 -0.006305 0.011209 0.078756 -0.012327 -0.018260 0.001408 -0.001897 0.010705 -0.054948 0.000000 -0.001230 -0.095519 0.026928 0.003116 0.000000 0.051385 0.049012 -0.037096 0.001134 -0.008908 0.000205 0.053274 0.000789 -0.039431 0.045493 -0.049187 0.039113 0.042012 0.012337 0.016981 0.056868 -0.076450 0.008641 -0.003104 -0.002539 -0.037895 0.000000 
-0.001524 0.005363 -0.058166 0.004918 -0.056170 0.012178 0.005081 -0.020105 0.000000 -0.007773 43.351694 -0.005736 -0.000498 -0.004002 0.022040 0.049031 0.001740 -0.002994 0.016009 -0.013534 0.039648 0.005886 0.009165 -0.000894 0.000000 -0.031236 -0.023197 -0.056186 -0.004598 -0.001398 0.007314 0.003164 -0.085733 -0.009782 -0.006578 0.023617 0.008479 -0.027205 -0.021857 -0.005936 0.019535 -0.088186 -0.009055 -0.009195 -0.023972 -0.029302 0.051316 0.000000 0.024244 -0.065161 -0.075051 -0.017223 0.001440 0.090543 0.026989 -0.000579 0.007550 0.005405 0.026348 -0.089241 0.000544 -0.009575 0.025168 -0.002172 -0.028756 -0.017820 -0.062787 0.084994 -0.073633 0.064949 -0.001233 -0.019480 0.025902 -0.040375 -0.038915 -0.042738 -0.004762 0.087998 -0.034691 0.009885 -0.042580 -0.009074 0.005825 -0.034784 -0.009729 0.000970 -0.051930 -0.008553 -0.001429 0.011671 -0.035879 0.075053 -0.005539 -0.006760 0.056146 -0.015677 0.061943 0.004422 0.005429 -0.045808 0.031347 0.053220 0.007623 0.000687 -0.021216 0.017595 0.058519 0.029646 0.040220 0.089367 -0.019602 0.002573 0.004088 0.000220 0.062217 -0.056404 -0.013420 -0.055009 0.062417 -0.015962 0.033869 0.037856 0.036390 -0.006749 0.005517 0.027935 -0.000954 0.037755 -0.091321 -0.006336 0.009218 -0.063166 -0.010659 0.005671 -0.027112 -0.018760 0.007615 0.003376 0.055673 -0.049218 0.080799 0.037556 -0.001307 0.001783 0.009687 0.000142 0.009082 0.036303 0.026402 -0.020390 0.024006 -0.001071 0.000000 0.024453 0.001689 -0.074025 -0.063865 0.064273 0.061509 0.004055 0.083909 0.008526 -0.008033 0.044290 -0.029815 -0.007329 0.020154 -0.024211 0.079702 0.013169 0.027092 0.086993 0.002148 -0.001628 0.030364 0.017082 -0.011697 0.004062 -0.001824 0.001101 0.079483 0.059726 -0.024849 -0.007389 0.000000 0.012035 -0.012017 -0.060660 -0.053373 0.001822 0.074458 -0.065306 0.014308 -0.013126 -0.005789 0.000000 
-0.000721 -0.003155 0.000371 0.085050 -0.005581 0.092908 0.001613 -0.023844 0.001429 -0.082306 -0.005736 230.163584 0.002797 -0.016186 -0.087327 0.003143 0.006070 -0.003583 0.024674 0.007749 0.007304 0.000822 -0.002686 0.000198 -0.000446 -0.049903 0.052786 -0.045035 0.000663 0.000000 -0.018722 0.007598 0.050821 -0.018977 -0.001913 -0.050879 0.044767 0.000000 -0.018868 -0.004347 0.000341 0.005502 0.027974 0.005916 -0.013199 -0.018387 0.005096 -0.061777 0.011177 0.030776 -0.000725 0.024803 0.004210 0.001606 -0.071505 0.005073 0.000000 -0.001263 0.000760 0.027810 0.008566 -0.000384 0.061666 -0.071369 0.000000 0.007500 -0.009753 0.077805 -0.020677 0.012928 0.000875 0.008647 0.029052 -0.001776 -0.088976 0.017041 0.000391 -0.020436 0.022704 0.031847 -0.019635 -0.021733 0.001871 0.000000 0.024405 -0.006613 0.021319 0.061379 0.001981 -0.000980 -0.015054 -0.008607 -0.012226 0.005358 0.095871 0.010417 -0.071376 0.000000 0.003199 -0.004084 -0.075274 0.027282 0.042634 0.002452 -0.014834 0.000000 0.033580 0.006409 -0.010380 0.010388 -0.073057 -0.003313 0.026631 -0.000768 -0.045840 0.019833 0.021016 0.010935 -0.002043 -0.028748 0.053664 0.006720 -0.006407 0.000000 -0.019886 0.043819 -0.095457 -0.080814 -0.004655 0.017352 0.020050 0.002274 0.002312 0.055541 -0.005559 -0.015812 0.009793 0.000321 0.019256 -0.017348 -0.025214 0.077476 -0.037249 0.013386 0.028896 0.052385 0.014851 0.015739 0.061282 -0.051965 0.030008 0.018673 -0.026175 -0.061748 0.003447 0.013177 0.060130 0.086458 -0.023339 -0.029701 -0.011941 -0.085873 -0.013750 -0.002228 -0.014498 0.000000 0.016479 0.000962 0.012251 -0.000167 -0.011699 0.046743 0.008658 0.020556 -0.084362 -0.006453 0.000173 0.083051 0.000186 -0.066555 -0.020144 -0.001123 0.000000 0.010104 0.003821 -0.007422 0.000000 -0.023876 -0.058232 0.000123 0.022714 0.034150 0.000384 0.000663 0.009851 0.000000 
0.000868 0.031805 0.012149 0.000194 -0.052257 0.000522 -0.023177 0.015258 0.013329 -0.012272 -0.000498 0.002797 387.849086 0.017815 0.058958 0.072230 0.027397 0.001092 -0.006721 -0.068349 -0.007048 -0.000154 0.036772 0.011538 -0.039801 0.000000 0.041475 -0.029976 -0.025006 0.005988 0.000000 -0.002169 -0.092972 0.000776 -0.005217 -0.061185 -0.035221 0.000000 0.050547 0.053033 0.001954 -0.002089 0.019747 0.045542 -0.024233 -0.000639 -0.038795 0.001961 0.044600 -0.007793 -0.058354 -0.003688 -0.033750 -0.042874 -0.036829 -0.047832 0.000000 -0.029380 0.000559 -0.080154 0.000182 0.008895 0.005317 -0.011384 -0.001885 0.093718 -0.025049 -0.062758 0.002441 -0.044354 -0.009586 0.020951 0.056031 0.000000 -0.059878 0.083119 -0.001911 -0.080468 -0.029267 0.055936 0.001579 0.005679 -0.095001 0.006849 0.001282 -0.001368 0.049352 -0.017616 0.001057 0.000171 -0.001061 0.004511 -0.021931 0.001053 0.003882 -0.037867 0.052514 -0.019605 0.056333 0.047968 0.006963 -0.079115 -0.008006 0.011772 -0.020345 -0.002170 -0.047716 0.040225 -0.001098 0.002022 -0.050892 -0.012013 0.002668 0.000000 -0.038463 0.052344 0.041982 -0.061816 0.053989 0.032097 -0.019776 -0.006282 -0.069453 -0.031273 0.014914 -0.054276 0.018176 -0.007293 0.046080 -0.092757 -0.065868 0.002459 -0.008222 0.008996 0.039924 -0.008279 0.000000 0.004119 -0.075333 -0.021574 -0.024930 0.001206 -0.040242 0.058914 0.001442 -0.058561 -0.088178 0.012836 0.061311 -0.012671 -0.046453 0.061575 0.000178 0.040430 0.036552 0.006083 -0.025569 0.011640 -0.013892 0.008261 -0.000308 0.053578 -0.013000 0.001848 -0.002445 -0.022373 -0.084880 0.017976 0.000142 -0.016865 -0.000849 -0.000776 0.036675 0.000000 -0.000407 -0.061435 -0.045756 0.017782 0.001409 -0.048197 -0.042220 0.073526 -0.009659 0.036746 -0.000125 -0.004879 0.007182 -0.023471 0.008389 0.030963 -0.085989 0.026814 -0.001147 0.000000 0.015012 0.000000 
-0.003452 0.000000 0.062088 -0.002793 0.024557 0.004435 -0.072867 0.000000 -0.000245 0.000000 -0.004002 -0.016186 0.017815 7974.526538 0.025547 0.040177 -0.076637 -0.014450 -0.077269 -0.051436 0.018432 0.005676 -0.024054 0.056020 0.018086 -0.013438 0.001422 -0.062697 -0.035630 0.000000 0.043257 -0.003082 0.005784 0.000204 -0.094327 0.047980 -0.022299 -0.008022 -0.051678 -0.015947 -0.013115 0.070126 0.047346 0.023506 -0.029530 0.000000 0.001497 0.000318 0.013338 0.013074 0.003037 -0.018065 -0.028898 -0.019687 -0.090129 0.058232 -0.002920 -0.000456 0.016633 -0.055693 0.000000 0.014748 0.092037 0.011258 -0.001608 0.000784 -0.009184 -0.004177 -0.000853 0.023277 -0.007040 0.042681 0.007206 0.000000 0.014208 0.063077 -0.022089 0.012043 -0.028482 -0.005756 0.024264 0.001277 -0.003046 0.004508 -0.001438 -0.015542 -0.000847 -0.030250 0.049939 0.001964 -0.000978 0.005699 0.003812 0.000686 0.017711 0.025811 0.007241 -0.002929 -0.059539 0.086447 0.049417 0.076381 -0.080822 0.087225 0.094520 0.000000 0.080444 0.056786 0.063495 0.006488 0.049177 0.000000 -0.093459 0.000000 0.007441 0.019574 0.014348 -0.068643 0.083954 -0.034887 -0.035832 -0.041552 -0.001183 0.024536 -0.067140 -0.016461 0.019168 0.021284 -0.006951 -0.000353 -0.014824 0.025457 0.000831 0.018333 0.092083 0.070716 0.000348 -0.003891 0.000605 -0.021688 0.006538 -0.012314 -0.024580 0.033331 -0.014615 -0.005197 -0.065606 0.086885 -0.038701 0.070690 0.035026 0.044141 0.000390 0.006570 0.027230 -0.023441 -0.041667 -0.084460 -0.040078 -0.017287 -0.006340 0.000000 0.042142 -0.007945 -0.002177 0.008894 -0.005504 0.043021 -0.022862 -0.017250 -0.003945 -0.033599 0.000198 0.026734 -0.022435 -0.039872 -0.002938 0.001846 -0.041457 0.016365 0.063154 0.002215 -0.066397 -0.084588 0.066050 0.000000 0.000000 -0.059191 0.020201 -0.029476 0.003828 0.000000 -0.033414 -0.000159 0.011164 0.000000 
0.032108 0.051752 -0.015156 0.023683 0.039903 -0.021434 0.012306 -0.060343 -0.059471 -0.000130 0.022040 -0.087327 0.058958 0.025547 0.141366 -0.012763 -0.029475 0.074973 0.036427 0.025271 0.003174 -0.057575 0.061815 0.086925 -0.028302 -0.061793 -0.005785 -0.001268 0.017118 -0.047100 -0.042290 -0.058685 0.094362 0.006188 0.085290 0.007535 0.086587 0.031026 -0.056281 0.006004 0.019317 -0.053244 -0.012459 0.014361 0.019705 0.063043 -0.045419 0.000162 -0.005722 0.058247 0.043647 -0.008793 0.028143 0.009142 0.016656 -0.039493 -0.015270 0.028349 -0.094525 0.014326 -0.056502 -0.000793 0.015040 -0.022794 -0.061063 -0.065989 0.026964 -0.035272 0.000000 0.065225 -0.063456 0.005250 -0.040391 -0.049288 -0.011730 0.007022 -0.003664 -0.000515 0.003508 -0.008974 0.077711 -0.006274 0.007414 -0.062111 0.064284 0.050032 0.028154 0.038356 -0.007387 0.000000 0.000000 -0.000183 -0.009143 0.004532 -0.004403 0.029099 0.053995 -0.065625 -0.010245 -0.008587 -0.010735 -0.002948 -0.002025 -0.061871 0.051159 -0.004970 0.019119 -0.028886 -0.006785 0.003004 0.042898 0.042794 -0.000349 0.044052 -0.019561 0.034455 -0.058103 -0.080539 -0.074442 0.000835 -0.011051 -0.030031 -0.006573 -0.027715 -0.010297 0.012262 -0.032579 -0.019701 0.025773 0.007911 -0.038169 0.015414 -0.043589 0.000000 -0.022226 0.031316 -0.034022 0.031241 -0.024444 -0.021873 -0.004798 0.062483 0.079586 -0.037697 -0.031254 0.000000 -0.028507 -0.017156 -0.035363 0.014040 0.006047 -0.028469 -0.022312 -0.016801 -0.027359 -0.023055 -0.052862 -0.040420 -0.013354 -0.020726 -0.009365 -0.065137 0.062842 -0.041287 0.068132 0.000000 0.046082 -0.081702 0.043398 0.042819 -0.056659 0.061286 -0.010648 0.076536 -0.017136 0.009395 -0.000512 0.029049 0.020783 -0.070499 -0.029680 0.006486 -0.031160 0.088231 0.066955 -0.007850 0.059539 -0.005245 -0.023871 0.021516 -0.017701 -0.060213 -0.022272 0.068959 -0.004684 0.000000 
-0.001694 0.000000 0.049870 -0.031757 -0.050655 0.000000 0.020633 -0.000736 -0.003668 0.000000 0.049031 0.003143 0.072230 0.040177 -0.012763 1240.454763 -0.018564 0.000000 0.038635 -0.046610 0.091290 -0.000142 0.005953 -0.006825 -0.006483 -0.002399 -0.021066 -0.017532 0.016438 -0.058372 -0.017758 -0.002939 -0.022116 0.064309 0.002766 -0.095893 -0.047307 0.008527 0.050668 0.008297 0.003170 -0.005231 -0.020310 -0.091390 -0.014713 0.000721 0.036573 0.031274 -0.045782 -0.029768 -0.025077 -0.014133 0.015507 0.032742 -0.045048 0.000000 -0.046367 0.001932 0.020537 0.002624 0.000000 0.019075 -0.014243 -0.011571 -0.012324 0.000000 -0.039601 0.023398 0.030795 -0.050920 0.017662 0.008655 0.020875 0.049855 -0.008272 0.085108 0.074505 -0.069093 -0.053356 0.029184 0.013429 -0.003833 0.000000 0.006234 0.024459 0.000000 0.088192 -0.081870 0.000634 -0.003026 -0.016355 -0.079855 0.002178 0.000000 -0.000373 -0.090727 0.075830 0.005553 -0.085753 -0.018882 0.025763 0.045880 0.009404 -0.017368 -0.043658 0.000000 0.043749 0.035862 0.000000 -0.000421 -0.069872 0.016409 0.003779 0.000000 -0.004232 -0.010928 -0.050905 -0.006981 0.026589 -0.015480 -0.059455 -0.068664 0.062112 0.050829 -0.088457 -0.017029 0.047212 0.006678 0.004701 0.000000 0.000000 -0.005648 -0.051863 0.015706 -0.053407 -0.010766 -0.000850 0.000486 -0.000519 -0.002030 -0.016907 0.067913 0.057683 0.067219 -0.081506 0.000000 -0.078450 0.029125 -0.006969 0.009649 -0.026012 -0.003118 -0.068934 -0.038159 0.003179 -0.012254 0.010094 -0.062560 -0.014467 -0.036918 0.002053 0.066385 0.081084 -0.005400 -0.002412 -0.002047 -0.021907 0.006796 0.081173 0.000000 0.000305 0.059189 -0.012138 -0.070319 0.052128 -0.007848 -0.000460 0.016697 -0.000268 -0.001642 0.008144 0.006203 0.001452 0.018416 0.082608 -0.017724 0.012923 -0.049380 -0.069766 0.003888 0.000000 -0.024061 0.007442 -0.005198 -0.001414 0.000000 
-0.003539 0.000000 0.000368 0.005231 0.073500 0.000000 -0.046811 0.009827 0.037139 0.002284 0.001740 0.006070 0.027397 -0.076637 -0.029475 -0.018564 258.758824 -0.050180 -0.046482 0.017681 0.077571 0.000000 0.019169 -0.001234 -0.005310 -0.000185 -0.034132 -0.031835 -0.000728 -0.035239 0.000000 0.008723 0.061717 0.018496 0.006200 0.034172 -0.002388 -0.064019 -0.050084 0.025037 -0.025300 -0.039330 -0.031221 -0.026683 0.051042 0.000211 -0.023831 0.028721 0.000869 0.022239 0.008390 -0.063526 -0.009105 -0.006385 -0.024627 0.073696 0.031929 -0.020088 -0.020032 -0.003401 -0.001208 -0.000375 -0.002761 0.016584 -0.002411 -0.014581 -0.006243 0.046010 0.002341 0.045433 0.040753 -0.003883 -0.032831 -0.000311 -0.007446 0.052194 -0.011444 -0.021556 0.041109 0.052716 -0.085281 0.000153 0.051048 -0.048157 -0.050139 0.000000 -0.015345 -0.012226 -0.082167 -0.019979 0.049647 0.032612 0.015156 0.005219 0.090350 0.001589 -0.016572 0.044008 -0.039857 -0.059193 0.006074 0.020818 0.084031 0.029322 -0.013643 0.000253 -0.024011 -0.008738 0.000000 0.000000 0.014773 0.000565 -0.033802 -0.040549 -0.037899 -0.058993 0.081463 -0.001854 -0.006324 -0.011215 0.002153 -0.000757 0.024621 0.043224 -0.021243 0.014844 0.002001 -0.017113 -0.050003 -0.010100 0.072815 -0.064337 -0.000703 -0.007335 -0.006110 -0.034707 -0.001463 0.002598 0.020559 -0.005060 0.024663 -0.012482 -0.041371 -0.002423 0.039194 0.003449 -0.000858 0.074329 -0.035945 -0.001750 0.083231 0.050618 0.036064 0.048983 0.034243 0.016256 0.072463 -0.038871 -0.055402 0.003009 0.088927 -0.067086 -0.001490 0.062695 0.000000 -0.070551 -0.000359 0.030432 0.000000 0.005732 0.009206 -0.072148 -0.000399 0.083154 -0.015471 -0.000709 -0.025245 -0.028790 -0.000953 -0.009424 -0.061812 -0.083348 -0.005798 -0.009928 0.000585 0.001672 0.005649 -0.043668 -0.007189 0.011774 -0.019817 -0.015764 -0.000711 0.051863 0.001711 0.000000 
-0.036008 0.000000 -0.004988 -0.000124 -0.008202 0.021731 -0.004537 -0.001742 -0.023635 -0.003267 -0.002994 -0.003583 0.001092 -0.014450 0.074973 0.000000 -0.050180 852.926251 0.001307 0.001087 0.017175 -0.007421 0.000340 0.003133 0.013326 0.032763 -0.033730 0.001875 -0.025450 0.000000 -0.000314 0.001303 -0.060302 -0.000156 -0.081348 -0.021985 -0.012577 0.031609 -0.050050 -0.005452 0.057698 0.000000 -0.003443 0.007368 0.010386 0.016630 0.021894 -0.008297 -0.002212 0.007911 0.005987 0.027472 0.000000 0.000673 -0.034328 0.031244 0.000931 0.002262 0.058639 -0.045571 0.000000 0.012882 -0.064479 -0.025311 0.000308 0.029054 0.031764 -0.056660 -0.004601 0.039563 -0.007592 -0.019843 -0.008780 -0.001534 0.000136 -0.040063 0.058202 -0.061081 -0.002859 0.072091 0.009109 0.004187 -0.032473 0.030393 -0.076220 0.000000 0.000223 -0.091135 0.038200 0.013358 -0.052418 -0.044925 0.000628 -0.000570 0.014001 -0.024591 -0.063174 -0.012009 0.080814 -0.030770 0.081129 -0.047950 0.001411 0.008968 -0.031154 0.000000 -0.014490 -0.079840 0.049021 0.000994 0.031751 -0.092636 0.038455 -0.000474 -0.058968 0.047796 0.001704 0.001172 0.008563 0.079104 -0.028227 -0.042042 0.025570 -0.043214 -0.031861 -0.005167 0.006582 0.066160 0.007102 0.039094 -0.000199 0.028642 -0.019727 -0.023104 0.000713 0.084702 -0.002514 -0.000187 0.043755 0.032803 -0.064407 -0.038482 -0.011842 0.003169 -0.028511 0.001394 -0.029589 0.044893 -0.051465 -0.004991 -0.037767 0.027741 -0.021242 0.000205 0.002871 0.000000 0.036420 0.085844 0.027183 -0.000808 -0.014634 -0.001872 0.004667 0.016338 -0.053530 -0.000427 -0.022088 0.042283 -0.005182 0.000000 0.004532 0.026079 0.032804 -0.010731 -0.033841 0.001889 -0.004011 0.015921 0.000527 -0.001132 0.000419 -0.000437 -0.005876 -0.002915 -0.001254 0.053810 0.006745 0.016211 -0.008047 -0.036677 -0.014019 0.019330 -0.014426 -0.070583 -0.039526 0.000000 
0.076273 0.026750 -0.029295 -0.005422 0.000244 0.000000 0.068651 0.021169 0.006627 0.051691 0.016009 0.024674 -0.006721 -0.077269 0.036427 0.038635 -0.046482 0.001307 0.288370 0.029233 0.020393 -0.072117 -0.016083 -0.032808 0.012895 -0.042732 -0.024170 0.002438 -0.035135 0.010232 0.010775 -0.089137 -0.066126 -0.011349 -0.011670 0.004855 0.023328 0.032897 0.033543 0.006675 -0.061685 -0.042890 -0.017040 -0.064198 0.023783 -0.016771 -0.078221 0.083938 0.070182 0.051825 -0.013408 0.008850 0.052951 -0.008190 -0.086777 -0.019498 0.084764 0.015786 -0.009306 -0.058400 0.008149 -0.013961 0.072270 0.023994 0.027096 0.014892 -0.009809 -0.019583 0.030106 -0.023345 0.047118 0.034041 0.048793 0.034932 -0.039746 0.037767 0.037894 -0.082285 -0.045662 0.016844 0.003139 -0.001059 -0.003581 0.009052 0.021546 -0.002351 -0.016682 -0.009635 0.009824 -0.051866 0.028116 -0.065403 0.008561 0.063226 -0.019774 -0.012834 0.066200 -0.005721 0.061059 -0.042311 0.009080 0.045113 0.035577 0.015770 -0.019418 0.024161 0.013825 -0.082571 -0.025745 0.034138 -0.038546 -0.064912 0.021254 0.012525 0.018120 0.033665 -0.041755 0.038135 0.006332 -0.030942 0.041500 -0.001155 -0.062786 -0.027294 -0.010240 -0.005474 0.042458 -0.066198 0.032501 0.012064 -0.068069 -0.015276 -0.000123 -0.022637 0.029905 0.070236 -0.014038 -0.043152 -0.008261 -0.034575 0.000000 0.051480 -0.004788 0.023699 -0.017498 -0.028476 -0.017408 0.073442 0.020795 -0.040733 0.040325 0.004979 -0.018967 -0.034729 0.006611 -0.020638 -0.015140 -0.068061 -0.041693 -0.027951 0.002986 -0.016773 0.003678 -0.028211 0.013554 0.000000 -0.054280 -0.011094 0.027162 -0.074765 0.003421 0.051725 0.069218 -0.013895 0.005125 -0.024332 0.002750 0.000316 0.087275 0.012837 -0.023682 0.022549 0.010548 -0.059105 0.057748 0.017515 -0.024350 -0.050445 0.001588 -0.081164 -0.019987 -0.021006 0.000455 -0.016975 -0.007638 0.000000 
0.065183 -0.000853 -0.001336 0.004178 -0.002751 0.001060 0.028692 0.004241 0.061864 0.001441 -0.013534 0.007749 -0.068349 -0.051436 0.025271 -0.046610 0.017681 0.001087 0.029233 14.095261 0.001856 0.007891 0.002480 0.031519 -0.006533 0.019372 0.055843 -0.008985 0.036351 0.014146 -0.001014 -0.086332 0.052120 0.059033 -0.007665 -0.001881 0.066902 0.095806 -0.018821 -0.002456 0.046189 -0.005179 0.078272 -0.046248 -0.033898 -0.000806 0.081356 0.002916 -0.017029 0.053843 -0.010129 0.082073 -0.002864 0.063273 -0.088570 0.006867 0.003498 -0.004597 -0.090320 -0.000657 -0.002330 0.024684 -0.000885 -0.013795 0.045747 0.057978 0.010022 -0.005470 0.015056 -0.050354 0.011823 -0.003805 -0.040380 -0.092485 0.001658 0.021899 0.087997 0.047830 0.084703 -0.065410 -0.016964 0.072295 -0.015547 0.023721 0.042707 0.008065 0.072557 0.002817 -0.011075 0.001830 -0.037175 0.027307 0.050319 0.001680 -0.067723 0.009610 -0.058188 -0.075928 -0.025051 0.089176 0.073024 -0.019507 -0.065834 0.000000 0.000000 -0.023235 -0.019424 -0.022640 -0.089298 0.000936 0.061787 -0.010159 -0.005221 -0.011243 -0.003965 0.036826 0.028778 -0.010921 -0.013822 0.017481 -0.063271 -0.000745 0.018289 -0.074860 0.014376 -0.048455 -0.036275 -0.033339 -0.023541 -0.003405 -0.058061 -0.014039 -0.001335 0.014707 0.000407 -0.087263 -0.013854 -0.041865 0.045457 0.050700 -0.042943 -0.017236 0.023626 -0.017450 -0.015003 0.001574 0.053743 0.016871 0.023261 -0.013979 0.005661 0.007854 -0.007006 0.049090 0.011247 0.008865 0.028295 0.063888 0.005846 -0.007104 -0.046096 0.018366 0.068163 -0.015906 -0.088880 -0.003854 0.006168 -0.010860 0.013510 0.065302 -0.000243 -0.009748 0.079485 -0.034394 -0.083409 0.004148 -0.030732 -0.037364 0.066016 -0.003211 -0.053331 -0.008005 -0.001979 -0.010330 0.051030 0.000455 -0.036176 -0.061195 0.077747 -0.053471 -0.000886 -0.039878 0.000433 -0.040610 0.035258 0.000000 
-0.018573 -0.011476 0.043295 0.004569 -0.026889 -0.008210 0.009452 -0.057922 -0.003200 0.024119 0.039648 0.007304 -0.007048 0.018432 0.003174 0.091290 0.077571 0.017175 0.020393 0.001856 32.914655 0.011229 -0.002523 0.000000 -0.081032 -0.040418 0.019845 -0.045262 0.003550 0.015188 -0.001586 -0.001781 -0.008239 -0.044987 -0.052923 -0.066880 -0.036577 -0.005284 -0.011751 -0.049447 -0.000915 -0.056815 -0.016961 0.034930 -0.014906 -0.004593 -0.075583 0.018150 0.045980 -0.044967 -0.002050 -0.045400 -0.008896 0.064591 -0.033305 0.011577 -0.002854 0.023258 -0.004824 0.013320 -0.009028 -0.006137 0.036518 -0.033502 -0.003514 -0.032896 -0.064918 0.059302 0.041022 -0.079659 0.067793 -0.002262 -0.007559 -0.011641 -0.001913 0.034828 -0.060303 0.011398 -0.049232 0.033443 -0.063576 0.045648 -0.014290 -0.018371 0.006175 -0.031903 -0.067261 0.008746 0.001203 0.003723 -0.007122 0.040137 0.035743 0.034987 0.037240 -0.039855 0.025731 0.005776 0.034721 0.007123 -0.038545 -0.005832 -0.048149 0.000000 0.088027 -0.016765 -0.001622 -0.068888 0.020722 0.000000 -0.017082 -0.006725 -0.000528 0.003091 0.078260 0.055174 -0.013027 -0.015142 -0.015301 -0.031807 0.007710 0.000623 0.025191 -0.027904 0.000000 -0.075841 0.001317 0.050224 0.096010 0.086600 -0.062496 -0.000354 -0.018722 -0.000137 -0.066832 0.026816 0.017788 -0.006608 -0.007980 0.045295 0.088442 -0.018066 -0.039271 0.039220 -0.001460 -0.066732 0.024077 0.061248 -0.017899 -0.007865 -0.089056 0.026038 -0.006950 0.063299 -0.014099 -0.072411 -0.010949 -0.083016 0.031506 -0.001737 -0.002274 -0.081457 0.090657 -0.060958 -0.004325 -0.039668 0.000000 -0.034667 0.079124 0.000000 0.023757 0.018751 -0.049589 0.000000 -0.000208 -0.037126 0.004663 0.080396 0.012514 -0.031309 -0.005282 0.018727 0.077727 -0.020368 0.012144 -0.038091 0.092915 0.000000 -0.011332 -0.068440 0.041412 0.005750 -0.028749 0.014104 0.030742 0.000000 
