14.154877 0.015654 0.042291 0.009798 -0.030391 -0.008912 -0.064928 0.101837 -0.005135 -0.079822 0.005533 -0.017912 -0.045385 -0.007674 0.110314 0.053444 -0.057294 -0.019364 0.013487 -0.075577 -0.048937 0.082142 -0.023693 -0.001818 0.005222 0.077685 0.077145 -0.101031 -0.050358 0.006641 0.002356 -0.090701 -0.016859 0.043912 0.048523 0.026472 -0.004217 -0.121489 0.064465 0.028362 0.033866 -0.075964 0.018645 0.010513 0.018573 0.000757 0.008722 -0.069645 -0.066248 0.000775 -0.039587 0.074698 0.029552 0.023575 -0.012332 -0.095352 0.013243 0.045757 -0.054499 0.002043 0.021148 0.033885 -0.048863 -0.114119 0.076131 -0.092705 -0.101994 0.033207 0.000223 -0.067224 0.003497 -0.028800 -0.010765 -0.081539 -0.120036 -0.082339 0.018263 0.002723 0.039222 0.085675 -0.093622 0.006770 0.063117 -0.031621 0.001275 0.004966 -0.003414 0.002798 -0.053328 0.093349 0.079567 -0.026365 0.032272 -0.065029 -0.000857 0.023843 -0.014753 -0.000414 0.002145 0.039208 -0.012847 -0.030575 0.038307 -0.019009 -0.013022 -0.110997 0.031196 -0.087383 -0.064619 0.128231 -0.051888 0.017605 0.003680 -0.009817 -0.001207 -0.045332 0.000000 0.046582 -0.023382 0.017755 0.041573 0.034704 -0.001778 0.053011 -0.004243 -0.047486 0.094702 -0.013016 0.040913 -0.096044 -0.007146 -0.000896 -0.109621 0.039354 -0.035243 0.070878 0.001290 0.101693 0.000976 -0.094050 -0.055444 -0.000163 -0.026737 -0.110645 0.023065 0.062921 0.046992 0.040417 -0.117691 -0.014839 0.016812 0.009483 0.017057 0.011198 0.032502 -0.058636 0.011873 -0.109855 -0.026046 0.113081 0.015285 0.012718 0.048072 -0.060815 -0.000519 -0.027599 0.002259 -0.082676 0.074234 -0.090596 0.057716 0.119720 -0.004087 -0.043849 0.000000 -0.003559 -0.000975 -0.001233 0.007494 0.065742 -0.003997 0.129378 0.002246 -0.001969 -0.000144 0.118868 0.084419 0.078515 0.046347 -0.000829 0.070367 0.011043 0.001916 0.039953 -0.044151 0.034822 
0.015654 623.931861 0.054965 -0.098452 -0.022390 -0.112450 0.033967 -0.075632 0.000000 -0.015866 -0.044674 0.016893 -0.011517 0.000839 -0.058074 -0.051058 -0.021438 -0.032793 -0.040017 -0.117113 0.028292 -0.053655 -0.021724 0.081920 0.002854 0.062339 0.018304 0.098797 -0.129433 0.000000 -0.096922 0.029444 0.038779 -0.012903 -0.023228 -0.045512 0.019909 -0.016102 -0.038032 -0.041299 0.060379 -0.002643 0.014563 0.040855 -0.099259 0.000367 -0.093088 -0.036010 -0.036796 0.058138 0.064544 -0.018206 0.001115 0.000328 -0.059774 -0.006258 0.000000 0.027009 0.062104 -0.060451 0.036565 0.002827 0.032031 0.112165 0.049259 -0.008947 0.035737 0.088328 -0.001915 0.000374 -0.010180 0.061175 0.095079 0.001444 -0.040498 0.104223 -0.006841 -0.000724 0.079085 -0.001948 -0.001213 -0.009358 -0.013380 -0.000592 0.031704 -0.039086 0.002176 -0.043812 -0.000440 -0.119882 -0.116280 -0.070161 -0.127034 -0.097330 0.110420 0.005136 0.019973 0.075288 0.000794 -0.084047 0.067902 -0.011711 0.081849 0.040085 0.017697 -0.066413 -0.010258 -0.039809 -0.001073 0.020827 0.091101 0.023820 -0.005166 0.000000 -0.036199 0.098176 0.014333 -0.034470 0.118625 0.053073 0.000975 -0.002240 0.050597 0.066719 0.000508 -0.021500 -0.090565 0.075106 0.002079 -0.011558 -0.009904 0.001051 0.070627 0.000868 0.050763 0.022474 -0.003480 -0.013000 0.010329 0.024625 0.100230 -0.022498 0.002308 -0.107080 0.000983 -0.004002 0.000000 -0.006243 -0.024890 -0.017224 -0.003597 0.038885 0.062134 0.008320 -0.013558 -0.020156 0.059331 0.011849 0.024710 0.050597 0.004308 0.063593 0.000218 0.041313 -0.004238 0.010518 0.102943 -0.026267 -0.004457 -0.001903 -0.035044 0.032234 0.000122 0.001823 0.001596 0.020670 -0.029723 0.091426 0.018521 0.000116 0.000000 -0.012802 -0.016276 0.004369 0.000000 -0.105940 0.092155 -0.043080 -0.108748 0.000000 0.000000 -0.000180 0.000000 -0.039337 -0.003310 0.069024 
0.042291 0.054965 0.155559 -0.088733 -0.017910 -0.020486 0.087327 0.045650 -0.093397 -0.007680 -0.034581 0.034448 -0.004988 -0.008723 0.062014 -0.022355 0.014267 0.010202 0.050600 0.053578 0.026785 0.021170 0.075394 0.024805 -0.044248 -0.058277 -0.017695 -0.021930 -0.000415 -0.000743 -0.021204 0.017977 -0.029952 0.034964 0.100289 -0.010269 -0.095026 0.009225 0.059115 0.064400 0.018313 0.010502 0.097306 -0.032507 -0.049176 0.098443 0.070004 0.017532 0.015562 0.074137 0.024636 0.057615 -0.003781 0.011879 -0.059696 -0.013213 -0.016013 0.001022 -0.004455 -0.008449 -0.003115 -0.000687 0.053743 0.022290 0.013726 -0.067772 -0.071476 -0.062392 0.042970 0.103360 0.065506 0.007360 -0.024276 0.082327 0.011075 0.015599 0.047620 0.017975 0.047805 -0.005182 -0.002089 0.000000 0.105479 0.004491 -0.011280 0.064347 -0.001774 0.031626 0.002329 -0.009558 -0.026012 -0.018790 0.013368 0.005628 -0.034084 0.071863 -0.055232 0.010585 -0.001611 -0.031650 0.103946 0.059072 -0.019357 0.008798 -0.111155 0.031979 -0.098155 0.021872 -0.002829 0.041117 0.116060 -0.028592 -0.030634 0.007458 -0.005248 0.057851 0.092239 0.099420 -0.007756 0.005671 0.004193 -0.109922 -0.001096 0.017937 0.123529 0.000445 -0.004684 -0.014240 0.005149 -0.104356 0.031874 0.015145 0.039080 -0.025202 -0.032936 -0.003867 -0.011737 0.000619 0.007180 0.105415 -0.033090 0.041469 0.066513 0.014349 -0.031820 -0.015095 0.012426 -0.009339 0.015308 0.077044 -0.002239 0.012636 -0.004721 0.024115 0.010838 0.041998 -0.112517 0.023806 0.027268 0.014922 -0.000438 -0.004143 -0.019084 0.016705 -0.008788 0.008541 -0.004062 -0.008689 -0.076136 0.010558 0.016125 0.010713 0.022817 -0.003960 -0.021881 -0.042504 -0.059257 0.055531 0.025224 0.001991 -0.045412 0.013837 -0.001339 -0.013710 -0.042129 0.082998 -0.001890 -0.005598 0.059327 -0.077705 0.045242 0.009163 -0.116596 0.011711 -0.008123 0.018298 
0.009798 -0.098452 -0.088733 0.154108 -0.002608 -0.099390 -0.015578 0.000872 0.080529 -0.044744 -0.048256 -0.059878 0.006623 0.025823 -0.086800 0.035738 0.049523 0.054104 -0.020196 -0.071673 -0.016133 0.027446 -0.043822 -0.013338 -0.029624 -0.027923 -0.009887 0.064803 -0.000276 -0.079093 -0.023813 0.000710 0.032470 -0.004124 0.051187 0.014697 -0.018125 -0.024490 -0.034773 -0.021652 -0.049049 -0.020866 -0.002766 -0.043880 0.019938 -0.008104 -0.008653 0.021119 0.050333 -0.006703 0.039642 -0.078288 -0.002428 -0.002832 0.062649 0.004897 -0.018446 0.007476 -0.005931 0.010930 -0.046459 0.020120 -0.097192 -0.003861 -0.000600 -0.036384 -0.044703 0.097277 0.006269 -0.038986 0.012015 0.030838 -0.007685 0.022252 0.045923 -0.000292 -0.042036 0.057880 0.026633 0.021291 0.056524 0.002666 -0.090953 -0.006332 0.006556 -0.005347 0.003540 0.031458 -0.019378 0.022649 -0.006174 -0.058116 0.011816 0.006273 -0.078314 -0.077485 0.109849 -0.004099 0.007281 0.026596 0.020689 -0.061609 -0.007189 0.004795 -0.021867 0.023554 -0.014471 0.006657 0.018086 0.009702 -0.105044 0.008643 -0.104991 -0.005159 0.056737 0.099616 -0.011060 -0.072333 0.043398 -0.019068 0.097400 0.007012 -0.005452 0.008980 -0.077131 0.003886 0.007194 0.027628 -0.021489 0.042594 -0.017258 -0.014668 -0.046742 0.028262 0.047725 0.002852 -0.079813 0.038853 -0.005234 -0.017836 0.018198 -0.104228 0.000000 -0.016889 -0.012514 -0.011813 -0.001175 0.001633 -0.022649 -0.045577 -0.025002 0.025270 0.004984 -0.094824 -0.017632 -0.000689 -0.117729 -0.047029 0.008730 0.024721 0.016122 -0.021778 0.101265 -0.005696 -0.000646 0.048342 -0.110226 -0.001419 -0.048590 0.004174 0.035705 0.020793 0.012249 -0.000444 0.011167 -0.072838 -0.030327 0.018949 0.038235 0.037471 -0.049058 -0.001899 -0.000291 0.069458 -0.010060 0.019988 -0.033567 0.030067 0.007899 0.056568 0.045656 0.004899 -0.019119 -0.008017 -0.001719 0.021301 
-0.030391 -0.022390 -0.017910 -0.002608 173.539871 -0.002182 -0.053600 0.032333 -0.002556 0.099281 0.000522 -0.053878 -0.006402 0.002906 0.057796 -0.090177 -0.004615 -0.071361 -0.026907 -0.037692 0.004939 0.005371 -0.004347 0.025301 0.024518 0.128428 0.078189 0.007579 0.001597 0.022897 -0.035811 0.081603 -0.059302 0.004220 0.028125 -0.030921 -0.004166 0.004521 -0.011522 0.095561 -0.015738 0.012998 0.059404 0.000000 0.067414 -0.065386 0.026818 -0.056166 0.047424 -0.031952 -0.001503 -0.045356 -0.001306 -0.002348 0.085178 0.008698 0.062059 -0.003441 -0.001026 0.083923 -0.033453 -0.077512 0.064638 -0.017892 0.007171 -0.005930 -0.045855 0.075631 0.002683 -0.037961 -0.072099 -0.058812 -0.059936 -0.009853 0.005478 -0.050114 -0.106768 0.005320 -0.073709 -0.049071 -0.008792 0.001606 -0.100149 0.000124 -0.037298 0.001946 0.002388 -0.012365 -0.019180 -0.016641 0.019859 0.059227 -0.025334 0.074918 0.042753 -0.052364 0.039892 -0.002869 0.011157 -0.041284 -0.014922 0.048408 0.117741 0.080037 0.054624 0.029826 -0.035232 0.050378 -0.086074 -0.010009 -0.061833 -0.059628 -0.019419 0.002962 -0.000773 -0.093052 0.000000 -0.099026 -0.004608 -0.019890 0.071052 -0.025987 0.039720 -0.094944 0.002104 -0.076189 -0.007763 -0.033335 -0.010040 -0.053095 0.017441 0.005556 -0.076040 0.024009 -0.066069 -0.005009 0.010976 0.004569 -0.031045 -0.079539 0.000000 0.010497 0.054117 -0.090935 0.033718 -0.032567 -0.002993 0.004449 0.040483 -0.001975 0.027475 0.027448 0.000309 -0.061819 0.016120 0.121755 -0.024713 -0.027837 -0.125056 0.042772 -0.001116 -0.012884 -0.003527 -0.019994 -0.023528 -0.085392 -0.006133 0.068263 -0.001277 0.005173 -0.001988 -0.071187 -0.003033 0.001988 0.007641 -0.115918 0.000314 0.011559 0.000657 -0.020406 0.004404 0.000000 -0.129488 -0.076557 0.030798 -0.011030 0.118475 -0.018477 0.018162 0.010635 -0.018196 0.117288 0.000000 0.028621 0.066873 0.021757 
-0.008912 -0.112450 -0.020486 -0.099390 -0.002182 4.209732 0.032683 -0.036314 -0.034750 0.089042 -0.008804 0.022010 0.047823 -0.002993 0.068150 -0.020512 -0.085983 -0.023838 -0.054270 -0.021423 -0.060254 0.000912 0.079982 0.044125 0.023245 0.084445 -0.001615 0.025064 0.015394 -0.001129 -0.075222 -0.104498 -0.066982 -0.004589 -0.004833 -0.007747 -0.013091 -0.087356 0.095240 -0.007520 -0.084912 -0.097166 0.042799 0.013623 -0.047430 -0.004634 0.003712 0.063442 0.028629 0.003136 0.000655 -0.069150 -0.084932 0.054017 0.018214 -0.049002 -0.033968 0.117700 0.022383 0.001624 -0.011585 -0.045584 0.005796 -0.011465 -0.116730 0.003020 0.095064 -0.037276 -0.010500 0.075749 0.008179 -0.017002 -0.043323 -0.038040 -0.042205 -0.010058 -0.017802 -0.061866 0.002901 0.070580 0.050813 -0.040476 0.006209 -0.085896 0.094886 0.002079 0.009632 -0.003412 0.034239 0.004323 0.012112 0.128357 0.004128 -0.000954 -0.128909 0.033206 -0.001593 0.000511 -0.060587 -0.022147 -0.074529 -0.019907 -0.049953 -0.051818 -0.004689 -0.014665 -0.057178 -0.082577 -0.124079 0.109171 0.023080 -0.006008 0.016939 0.039930 -0.107590 -0.082892 0.009434 -0.124156 -0.020371 -0.091395 0.004352 0.066882 0.030837 0.001118 0.125482 -0.091213 -0.114519 0.067524 0.003230 0.117813 0.008411 0.122890 -0.037936 0.016796 0.063587 -0.010165 -0.011197 0.073660 -0.020025 -0.026887 0.116942 -0.115109 0.031754 -0.099011 0.009665 -0.053110 -0.008940 0.089740 -0.029069 -0.021382 -0.003477 -0.071237 0.025046 0.012748 0.026166 -0.008778 -0.018955 0.000000 -0.006069 0.055952 -0.077689 -0.053267 0.114556 -0.006720 -0.032358 0.009090 -0.065107 -0.059998 -0.008993 -0.000193 -0.023561 -0.042650 -0.065518 -0.027953 0.106253 -0.071732 -0.000493 0.027013 0.123707 -0.121332 -0.003842 -0.097447 -0.017616 0.069911 0.003340 -0.056589 0.009990 0.126460 0.016166 0.014417 -0.021656 -0.066093 -0.083432 -0.070327 0.003946 -0.071005 
-0.064928 0.033967 0.087327 -0.015578 -0.053600 0.032683 1.304288 0.091090 -0.005730 0.030895 0.025989 0.027602 0.029165 0.000000 0.023149 0.019079 -0.116003 -0.097947 -0.094095 -0.015634 -0.017026 -0.019663 -0.019551 0.029984 0.069851 -0.065786 0.012381 0.091636 0.010917 -0.064386 0.092316 0.028284 0.027093 -0.075300 0.065236 -0.129719 0.059756 0.020036 0.036364 -0.013191 -0.001357 -0.084921 -0.074119 -0.043907 -0.005996 0.008596 -0.022427 -0.107307 -0.083181 -0.113243 -0.083629 -0.030777 -0.026043 0.008916 -0.030032 0.031915 0.076231 0.044844 0.032637 -0.025773 0.111473 -0.018105 -0.032829 -0.112171 -0.036472 0.034937 -0.019707 -0.028385 0.019873 0.033489 -0.015976 -0.043045 0.037304 0.109955 0.107248 -0.123564 0.076043 0.025318 0.069254 -0.060844 -0.008377 0.026310 -0.013984 0.000000 -0.034439 0.002592 0.019042 0.107062 0.016816 -0.099487 -0.059908 -0.005711 0.025713 -0.025763 0.104809 -0.025468 0.035155 0.052999 -0.067145 -0.036649 0.019522 0.106749 0.002987 -0.003472 -0.074288 -0.052625 -0.037221 -0.101568 -0.017126 0.048706 0.039829 -0.018954 -0.004569 -0.083388 -0.109315 0.096151 0.083024 0.035426 0.034909 -0.078543 0.077304 0.095864 -0.006223 0.000829 -0.063280 -0.050146 -0.061722 -0.002421 -0.019332 -0.001481 0.032026 0.001150 -0.118831 0.101179 0.017761 -0.039354 0.069535 0.066976 0.000000 -0.023685 0.089506 -0.027747 0.110804 -0.062015 0.019234 -0.015765 0.002524 -0.007171 0.097529 -0.085021 0.032466 0.087426 0.035311 0.082912 0.046964 -0.045097 0.037108 -0.001492 0.009929 0.038491 0.112619 -0.089703 0.061408 0.100399 -0.059575 -0.006918 0.001605 0.010099 0.121991 0.092795 0.115476 0.033154 0.076272 -0.053058 -0.097975 0.080381 0.076693 0.024341 -0.040247 -0.051116 0.031019 -0.000811 -0.056596 -0.022143 0.056029 0.028296 -0.048540 0.012262 -0.026513 -0.030936 0.044833 -0.034692 0.028991 -0.069165 0.007155 0.032664 
0.101837 -0.075632 0.045650 0.000872 0.032333 -0.036314 0.091090 4.890317 0.027861 -0.052313 -0.054259 -0.026447 0.040899 0.082657 0.011572 0.024369 -0.021856 0.026014 0.042245 -0.011305 0.003043 0.074860 -0.009513 0.112674 0.001084 -0.060341 -0.072464 0.088035 -0.060405 0.093615 0.049239 0.067903 -0.102675 -0.000898 0.024678 0.107177 -0.034682 0.000000 0.000214 -0.042939 0.012083 -0.064543 -0.007182 0.014437 -0.028706 0.000299 -0.044923 0.046782 0.091851 0.000456 0.106889 -0.075876 0.005700 0.016365 0.093464 0.005248 0.083410 0.003311 -0.013452 -0.020159 -0.072709 -0.083524 0.096524 0.078536 0.110187 0.046097 -0.032273 0.036544 0.040243 -0.061837 0.034939 -0.122459 -0.032270 -0.110277 0.076970 0.086338 -0.075409 0.069354 -0.114894 0.002493 0.005692 0.062822 -0.015280 0.052236 -0.004997 0.009691 -0.070560 -0.082486 -0.017555 -0.012465 -0.032270 0.006570 0.114490 -0.091084 -0.014456 -0.055474 0.017968 -0.059051 -0.045703 -0.053516 -0.028767 -0.021658 0.102354 -0.026934 0.008876 -0.105779 0.067535 0.031154 -0.077851 0.061135 0.117829 -0.090521 -0.022163 -0.004586 -0.021233 0.053560 -0.121930 -0.000156 -0.128940 -0.071727 -0.043127 -0.005005 -0.032409 -0.021115 0.042853 0.103865 0.089320 0.076196 0.000225 -0.092452 -0.052043 -0.105520 -0.004030 0.013239 -0.006244 0.104284 0.020415 0.055268 -0.092899 -0.110618 0.071455 0.107842 -0.000391 0.096594 0.032208 -0.040215 0.083850 0.008115 0.007804 0.041200 -0.106411 -0.035658 0.018713 0.078206 -0.107715 0.120296 0.085477 0.007144 0.003872 0.015492 -0.033093 0.018962 0.045029 0.027736 -0.065649 0.002694 0.002134 0.068346 0.012381 -0.038858 -0.073173 -0.079131 0.052017 0.120340 -0.094930 0.013804 -0.034211 0.008193 0.000971 0.082326 -0.089926 0.031994 -0.031215 -0.051757 -0.077248 -0.006924 0.000261 0.083683 0.004180 0.022385 -0.051263 0.083344 0.000560 -0.081943 -0.123336 0.098327 
-0.005135 0.000000 -0.093397 0.080529 -0.002556 -0.034750 -0.005730 0.027861 1812.949891 0.000151 0.010016 -0.032714 -0.043547 0.018324 0.065716 0.106003 -0.007870 -0.067782 -0.030107 0.057171 0.011741 -0.000235 0.095280 -0.008634 -0.025859 0.076320 -0.013698 0.006312 -0.007412 0.014242 0.020327 0.060133 0.006904 0.000000 0.018172 0.037746 0.082368 0.001666 0.082921 0.051409 0.004378 -0.118247 0.008173 -0.006543 -0.059300 0.036104 -0.011871 -0.020820 0.025934 -0.013478 -0.067396 0.070851 -0.000897 0.000362 -0.068515 -0.065358 -0.011800 -0.023631 0.087213 -0.084609 0.002021 0.021682 0.030200 -0.070982 0.074687 0.097518 -0.098690 0.095352 0.000788 -0.083393 0.015876 0.016879 0.000832 -0.002302 0.059480 0.033565 -0.005556 -0.073307 0.008489 -0.112114 -0.000250 0.000000 -0.051626 0.000000 0.000000 0.000000 0.058579 -0.037486 -0.000223 -0.042281 0.011217 0.006820 0.001752 -0.015058 -0.128650 0.082572 0.036186 0.000481 -0.001549 -0.031699 0.083607 0.027639 -0.007979 -0.045795 -0.109714 -0.007719 0.016924 0.064596 0.009766 0.001274 -0.025710 -0.039543 -0.004646 0.001247 0.037692 -0.022578 -0.014288 0.006040 -0.001830 0.009010 0.000000 0.047342 0.021002 -0.005785 0.000342 0.095203 0.037141 0.076177 0.003940 -0.077961 0.049334 -0.087354 -0.045571 -0.034622 -0.082952 0.091493 0.000000 0.050685 -0.031742 0.087942 0.018206 0.000000 0.057843 -0.061108 0.092024 -0.017436 -0.092901 -0.076055 -0.001447 0.021696 -0.095564 0.037948 -0.000406 0.084459 0.024416 0.118268 -0.103464 0.020415 0.008296 -0.074567 0.012169 -0.104320 0.000979 0.053841 0.019429 0.052940 -0.019071 -0.087098 0.005002 -0.126784 -0.014818 -0.008170 0.002355 -0.001078 0.057411 0.093586 0.005864 -0.000196 -0.059581 -0.011455 0.000000 -0.028175 0.039929 -0.000328 -0.000223 0.074477 0.000000 0.033184 0.000000 -0.060034 0.006080 -0.103385 -0.002475 -0.047140 0.005979 0.036769 
-0.079822 -0.015866 -0.007680 -0.044744 0.099281 0.089042 0.030895 -0.052313 0.000151 1347.979853 -0.059498 0.000000 0.000000 -0.005414 0.004094 -0.010742 -0.000347 0.010097 -0.069022 0.038366 -0.088131 0.058884 0.000000 0.001660 -0.041412 -0.032341 -0.053490 0.013591 0.013068 -0.012658 0.000987 0.073155 0.113228 -0.000239 -0.035278 -0.029734 -0.000241 0.011182 -0.019336 0.069592 0.001643 -0.063487 -0.045959 0.004618 -0.005175 0.114287 -0.011053 0.051133 0.000596 -0.001037 -0.031795 -0.046609 -0.004842 0.001164 -0.080886 -0.000892 -0.007127 0.000000 0.001273 0.000000 -0.031247 0.005539 0.041936 0.021007 0.000000 0.035665 -0.012643 0.047926 -0.006577 0.002019 -0.006573 0.009998 0.000000 0.000000 0.000942 0.110226 -0.009684 0.003813 0.050137 -0.121574 -0.000975 -0.008143 -0.111358 -0.002855 0.000000 0.000000 0.019942 -0.029275 -0.000581 -0.049281 0.033709 -0.045781 0.009406 0.018436 0.005892 0.054386 0.000911 -0.003206 -0.001130 -0.008838 0.052684 -0.000356 -0.019092 -0.025113 -0.015240 0.013772 0.000158 -0.110576 0.009256 -0.002583 0.003069 -0.125407 0.008057 0.045549 0.018622 -0.051055 0.104987 -0.067559 0.038690 -0.010416 0.016204 -0.102516 0.119954 0.005026 -0.016113 -0.021161 0.042737 0.000919 0.018806 -0.012119 0.002355 -0.071127 -0.010257 -0.044315 -0.124477 -0.059016 0.115782 0.062743 -0.033414 -0.036819 0.038310 0.000000 -0.124436 0.001316 -0.094373 0.001219 0.001762 -0.072561 -0.001866 -0.017932 -0.003991 0.015098 -0.001183 -0.000673 -0.059324 -0.074215 0.057433 0.003158 0.078272 -0.096170 -0.053556 0.079843 0.004719 0.024800 -0.047463 0.052932 -0.002947 0.043436 0.000000 0.000616 0.029186 -0.001140 0.000259 -0.000454 0.009061 0.123325 0.000000 -0.044131 0.002186 0.056721 -0.000853 -0.009944 -0.117912 0.121256 -0.110611 0.096375 -0.001425 -0.082002 0.003216 0.001768 -0.056408 -0.066510 0.000000 -0.000991 0.003342 0.105357 
0.005533 -0.044674 -0.034581 -0.048256 0.000522 -0.008804 0.025989 -0.054259 0.010016 -0.059498 18.901882 0.025338 0.115423 -0.003099 0.016510 -0.119547 -0.029801 0.031904 -0.043289 0.033323 0.019620 0.122897 -0.077920 0.014717 -0.049027 -0.040348 0.027757 -0.023749 -0.047774 -0.075731 0.009818 0.023237 -0.004565 0.001905 -0.077807 -0.042064 0.001065 -0.102141 0.024856 -0.078409 -0.041726 0.080868 0.048479 -0.093837 0.076797 0.073615 -0.002100 -0.054052 -0.087066 -0.073008 -0.050500 -0.045626 0.046477 -0.092053 -0.062026 0.073808 0.003542 0.010909 -0.015479 -0.105013 -0.039105 -0.068376 -0.006710 0.083233 0.007718 -0.074903 -0.049082 0.117851 0.045786 0.041042 -0.081660 -0.028197 -0.055667 0.003445 0.057732 0.013838 -0.041940 -0.123852 0.055207 -0.000250 0.011092 -0.006598 0.081957 -0.000233 0.059529 0.111880 0.108384 0.108489 0.100978 0.020256 -0.033858 -0.035741 0.043880 0.013104 0.003329 0.027809 -0.022617 -0.051948 0.054029 -0.092145 -0.059528 0.066741 -0.111344 0.108619 -0.104343 0.108785 -0.088292 -0.050776 0.065102 -0.043603 -0.083064 -0.111239 -0.013760 0.012089 0.073970 0.127637 -0.003863 0.013945 0.063822 -0.058677 -0.015395 -0.116122 0.029717 0.028851 0.001428 -0.005954 0.081432 -0.004036 0.000755 0.003053 0.014745 0.014047 0.004654 0.122972 -0.035228 -0.031016 0.079616 -0.067173 0.005838 -0.092101 -0.002514 0.005085 -0.027840 0.107618 -0.016954 0.004222 0.000586 0.019171 -0.053757 -0.008988 0.005360 -0.037091 -0.015608 -0.090126 0.072508 -0.002180 0.035929 -0.043322 -0.054681 -0.111101 -0.051083 0.058797 -0.008940 0.006190 -0.017361 0.012198 0.015785 0.034375 -0.111624 0.059346 0.000505 0.045614 0.033231 -0.002994 0.000265 -0.007454 0.003943 -0.090727 -0.068595 0.098834 -0.060711 0.011737 -0.015480 0.010826 0.086105 0.006420 -0.095274 -0.016436 -0.000886 -0.061536 -0.008958 0.001243 0.064663 0.011651 0.103177 0.126091 
-0.017912 0.016893 0.034448 -0.059878 -0.053878 0.022010 0.027602 -0.026447 -0.032714 0.000000 0.025338 359.010250 -0.009662 0.003443 0.033152 -0.092667 0.093428 -0.003049 -0.047360 0.047642 0.034363 -0.078070 0.031543 -0.041964 -0.102834 0.091219 -0.056009 0.017354 0.102271 -0.001426 -0.033747 -0.057760 -0.065890 0.001117 0.120049 0.000388 0.000251 -0.002507 0.050811 -0.007878 -0.005144 0.006636 0.057619 0.043673 -0.043227 -0.008614 -0.006893 0.017286 -0.007070 -0.001140 -0.026056 -0.056671 0.025663 -0.054612 0.002087 0.056490 0.000000 0.024786 0.000000 0.002692 -0.008936 -0.000216 -0.014892 0.025716 0.056317 0.043268 0.018128 -0.059947 -0.002512 -0.064137 0.007930 0.015018 -0.011110 0.002340 0.001623 -0.035955 -0.021423 -0.031665 0.004077 0.061016 0.029171 -0.005999 0.025651 0.001780 0.067188 -0.001327 0.003053 -0.040849 0.021887 -0.023319 0.012907 -0.055013 -0.042887 0.025030 -0.023362 0.019192 0.000000 0.104604 -0.001375 -0.005099 -0.022205 -0.122926 0.008933 0.086965 0.004538 0.003155 -0.067711 0.046987 -0.009219 0.000000 -0.072911 0.005921 -0.018338 0.007465 -0.113397 -0.109154 0.010331 0.031654 -0.014982 0.009858 -0.065226 0.056509 -0.070212 0.008190 -0.092867 0.034356 0.059852 -0.001280 0.002069 -0.090824 0.097510 -0.065546 -0.050977 -0.109927 -0.127979 0.001822 -0.108341 0.016230 0.019276 -0.112951 0.001618 -0.001541 0.023954 0.025546 -0.081046 0.001145 0.077410 0.066041 -0.018564 -0.000661 0.087226 -0.004020 0.038130 -0.068507 -0.017346 0.077769 -0.037559 -0.021479 -0.127109 -0.040500 0.009002 0.007112 0.016437 -0.036762 0.005485 0.003435 -0.046457 -0.117196 -0.005656 0.000482 -0.000254 -0.081229 -0.001121 -0.003065 0.017853 -0.085354 0.000400 -0.002186 -0.047133 0.057577 0.000000 -0.037320 -0.018827 -0.122048 0.004117 -0.002737 0.039359 -0.016691 0.129407 0.000000 0.004391 0.116908 0.010176 0.083347 0.002638 -0.022995 
-0.045385 -0.011517 -0.004988 0.006623 -0.006402 0.047823 0.029165 0.040899 -0.043547 0.000000 0.115423 -0.009662 15433.923821 -0.022158 0.022526 -0.126391 -0.072152 0.033246 -0.047932 0.119370 0.010547 0.000332 -0.054040 0.105078 0.001358 0.061514 -0.045497 -0.110731 0.005004 0.000000 -0.063942 0.012694 -0.090081 -0.001070 -0.108253 -0.063325 0.001502 -0.045460 -0.030932 0.009857 -0.000147 -0.104388 0.004581 0.037046 -0.047765 0.002495 -0.022947 -0.096963 -0.000169 -0.101854 -0.006112 -0.092178 -0.056030 -0.000114 0.021363 -0.095997 -0.004792 -0.001886 0.000000 0.019772 -0.001328 -0.003163 -0.061563 -0.032968 -0.004887 -0.061474 0.061852 0.020673 0.000000 0.042704 0.013470 -0.086074 -0.000101 0.007585 0.013783 -0.127294 0.062204 -0.000596 -0.004332 -0.055161 0.000000 0.001471 -0.072764 -0.003602 0.018623 -0.005766 -0.002916 -0.000833 0.014416 0.121875 -0.009489 -0.049260 0.049964 0.006289 -0.043701 -0.023678 -0.001275 -0.037898 0.001802 0.013217 0.011191 0.037497 0.001763 0.000628 0.000107 0.002522 0.100489 0.024705 0.000000 0.000000 0.080580 0.081884 0.043459 -0.018914 0.000178 0.016485 0.002934 0.008583 -0.041959 -0.051736 0.004276 0.007203 0.016472 -0.003192 0.008973 0.010914 -0.075406 -0.025804 -0.015044 -0.068083 0.058943 0.003215 -0.091905 -0.070991 0.036384 -0.043280 0.000000 -0.116906 0.120741 -0.041537 -0.000253 -0.057425 0.075598 0.001754 0.036750 -0.006634 0.010262 0.000580 -0.000292 -0.048686 0.017056 0.001109 -0.017383 -0.039222 0.075309 -0.005909 0.039494 -0.047960 0.000000 -0.042267 -0.002471 0.030813 0.064196 -0.047536 -0.082688 0.000435 0.001594 -0.029491 0.000000 0.000000 -0.061417 -0.021368 0.002140 -0.022870 0.006169 0.001876 0.000000 0.078461 -0.036223 -0.127000 0.092976 0.018344 -0.129128 0.012737 0.009666 -0.058592 0.000537 0.118967 0.002066 -0.033293 -0.002450 -0.039069 0.001610 0.002193 -0.047047 0.091168 
-0.007674 0.000839 -0.008723 0.025823 0.002906 -0.002993 0.000000 0.082657 0.018324 -0.005414 -0.003099 0.003443 -0.022158 204.158937 -0.016056 -0.039988 -0.031239 0.070263 0.077685 0.080561 0.000790 -0.120982 -0.006110 -0.108029 0.052711 0.009853 0.001687 -0.084862 0.088097 -0.124653 0.044370 0.029167 -0.026072 -0.045395 0.018386 0.078715 0.008020 0.004904 0.064331 -0.017257 0.063177 0.021482 -0.055961 0.000000 -0.024839 0.000000 0.004422 -0.071031 -0.001097 -0.027201 0.000288 -0.067568 -0.108169 0.021025 -0.071764 0.094391 -0.084912 0.000232 0.000000 -0.003247 -0.003328 0.011895 -0.050468 -0.010628 -0.082508 -0.035696 -0.017392 0.002156 0.018903 0.000000 -0.008924 -0.076646 -0.074861 -0.010243 -0.000342 0.003873 0.052774 -0.000201 -0.009060 0.021202 -0.037681 -0.125220 -0.010905 0.013284 0.051852 -0.061187 0.070017 -0.064394 -0.000699 0.019935 0.015679 -0.025566 -0.002838 0.102407 0.090957 0.012454 -0.000180 0.002319 0.003254 0.068614 -0.009549 -0.092396 -0.001328 -0.025358 0.002352 -0.122905 0.043999 0.019341 -0.044750 -0.116550 0.089676 -0.014198 0.062234 -0.005882 -0.002858 0.024493 0.090564 0.013416 -0.001411 -0.081353 0.000000 0.071233 0.000000 -0.021339 -0.026714 0.011652 -0.010191 -0.065582 -0.075454 -0.066542 0.049550 -0.010199 0.058631 -0.004647 -0.051887 -0.046955 -0.099242 0.064354 -0.075306 0.081331 0.040135 -0.017543 -0.076621 -0.005173 0.087443 -0.065171 0.000524 -0.022743 0.016200 0.051317 -0.046441 -0.010330 -0.103335 -0.018819 0.067074 0.005948 -0.023395 -0.015260 -0.003257 -0.022254 -0.080947 -0.013586 0.001601 0.025723 -0.009523 0.000000 0.038174 0.020216 -0.005216 0.001545 -0.097520 -0.049408 0.000945 0.084530 -0.095843 0.120465 -0.004349 0.120430 -0.000988 -0.053302 0.000180 -0.016485 -0.098042 0.035096 0.014483 0.027358 0.033681 0.001408 0.000000 0.022826 -0.079876 0.000702 0.000000 -0.067799 0.014749 -0.025945 
0.110314 -0.058074 0.062014 -0.086800 0.057796 0.068150 0.023149 0.011572 0.065716 0.004094 0.016510 0.033152 0.022526 -0.016056 2.104165 0.017911 -0.002551 0.032509 0.078746 0.069095 -0.031458 -0.014620 -0.042473 -0.008216 -0.049266 -0.038874 0.018423 0.064675 -0.036529 0.045619 0.002804 0.059368 0.024446 0.041207 -0.028839 -0.103754 0.021257 -0.059857 -0.001951 -0.040455 0.048637 0.085237 0.016166 0.025165 0.075107 0.059575 -0.052083 -0.007452 0.034835 -0.016091 -0.015247 -0.061374 0.063474 0.047971 -0.061484 -0.015888 0.106801 0.101730 0.036476 -0.027883 -0.006698 -0.026018 0.099800 -0.016733 -0.069111 -0.037348 0.051425 0.002650 0.075915 0.027132 0.002807 0.045305 -0.069012 0.060631 0.091078 0.086733 0.091154 -0.015896 -0.009106 0.101700 -0.008735 -0.055826 -0.042585 -0.072409 -0.015161 -0.047091 0.039268 -0.058112 -0.025664 -0.045247 0.047046 -0.080948 -0.006045 0.065014 0.060166 0.022000 -0.005538 0.035587 -0.090954 -0.069091 0.014479 -0.061275 0.005213 -0.021335 0.035543 -0.049955 -0.024345 0.006091 -0.005119 -0.024044 0.030915 0.035104 0.041874 0.127868 0.090592 0.051795 0.010651 0.125056 0.004376 0.001856 -0.055634 -0.111992 0.017992 0.106266 -0.024284 0.039962 -0.001505 -0.074083 0.000372 0.018860 -0.033087 0.045913 0.064665 -0.001703 -0.054844 0.064739 -0.003948 -0.060170 0.051010 0.018442 -0.016135 -0.058861 0.039039 0.059054 0.122681 0.010157 0.023606 -0.050978 0.128363 -0.104610 0.048673 -0.022282 0.000721 -0.003674 0.064036 -0.034207 -0.026542 0.019844 -0.012760 0.094130 0.109526 0.041304 0.027780 0.063644 -0.043133 0.023052 -0.048877 0.007206 -0.041584 -0.028830 -0.058205 -0.034076 0.082108 -0.044239 -0.003347 0.010927 0.091605 -0.000514 -0.003470 -0.051236 0.073367 0.065821 0.100552 0.000000 -0.080312 -0.112157 0.125722 -0.116548 0.095792 0.079887 -0.011969 0.021445 -0.025574 0.015449 0.103589 0.082230 
0.053444 -0.051058 -0.022355 0.035738 -0.090177 -0.020512 0.019079 0.024369 0.106003 -0.010742 -0.119547 -0.092667 -0.126391 -0.039988 0.017911 46.769323 0.056105 -0.105004 -0.070600 -0.053048 -0.014316 0.009599 -0.002724 0.067702 0.102033 0.074325 -0.001400 0.095288 0.079987 0.005196 -0.004147 -0.011435 -0.031800 -0.001252 0.000000 -0.094182 -0.030942 -0.109064 0.028218 -0.023465 -0.081826 -0.050705 0.071480 0.019128 0.041075 0.000432 0.008390 -0.023670 -0.056374 0.062941 -0.003861 0.063271 0.001145 0.038727 0.041013 0.001960 0.014547 0.006756 -0.003644 0.001260 -0.014332 -0.005213 0.000137 -0.005890 -0.014754 -0.053810 -0.019035 0.073390 -0.017992 0.015646 -0.058009 -0.050850 0.005171 0.032936 0.028180 0.040468 0.000580 -0.092347 0.003815 -0.074155 0.052372 0.026845 -0.036237 -0.013693 -0.005981 -0.023395 0.017137 0.100749 -0.002366 0.002884 -0.078648 -0.011787 0.000245 -0.016801 -0.028213 -0.036271 -0.115305 -0.057319 -0.000413 0.063357 0.026859 0.012733 0.022852 -0.028160 -0.010947 0.026507 -0.060022 -0.024909 0.044859 0.030649 0.043054 -0.006225 0.001907 0.027821 -0.045588 -0.017214 -0.053808 0.085434 -0.029586 0.017661 0.038473 -0.039710 0.067070 -0.034994 0.035425 -0.030968 -0.083339 0.110815 0.016865 -0.113404 -0.024920 -0.000640 -0.090987 -0.076611 0.007266 -0.006611 -0.090921 -0.004031 -0.083779 0.004659 0.010732 -0.074942 0.062198 -0.041439 -0.024121 -0.007128 -0.062597 0.076064 -0.078341 -0.082473 -0.010249 0.072671 -0.007164 -0.035963 -0.020985 -0.099732 0.084361 0.081658 -0.021785 0.020828 0.127456 -0.043763 -0.014707 -0.064429 0.000000 0.027799 0.004091 0.013658 -0.009154 0.018905 0.000905 0.009030 -0.069391 0.095648 -0.062885 -0.026733 0.027275 -0.009585 -0.127604 -0.000266 0.021393 -0.036509 -0.066482 0.000467 0.025085 -0.083054 0.000288 0.000694 0.000000 -0.051321 0.000415 -0.010618 -0.100200 -0.007271 -0.051518 -0.006926 
-0.057294 -0.021438 0.014267 0.049523 -0.004615 -0.085983 -0.116003 -0.021856 -0.007870 -0.000347 -0.029801 0.093428 -0.072152 -0.031239 -0.002551 0.056105 712.025026 0.127751 0.064116 0.008123 0.050832 -0.029104 0.000000 0.018400 -0.050309 -0.005306 0.002083 -0.001398 -0.056160 0.110579 -0.113659 -0.047220 -0.001324 0.000629 0.004600 -0.024272 0.055683 -0.000141 0.008965 0.015654 -0.000677 -0.023189 0.003957 -0.000394 -0.031583 -0.002348 -0.100968 0.000000 0.105030 -0.034497 0.074994 0.002526 0.000439 -0.011179 0.098867 -0.063984 -0.000689 0.000000 0.011825 0.002172 -0.002784 0.021244 -0.024168 0.030480 0.004584 0.000412 -0.021266 0.025405 -0.016018 0.114447 -0.047898 -0.072329 0.084647 -0.000312 0.005231 0.031650 0.098536 -0.001484 -0.053663 -0.070808 -0.008293 -0.004103 -0.002117 0.001510 0.025633 -0.013572 -0.026993 -0.018554 0.000000 -0.000524 0.066156 -0.001598 0.003065 0.015485 0.056940 -0.024095 -0.005471 0.016737 0.072439 0.101003 -0.076548 -0.044389 0.032779 0.001328 -0.067158 -0.001160 -0.122108 -0.061289 0.021656 0.001742 -0.019890 -0.017565 0.025566 0.105513 0.076794 0.052381 0.000000 -0.001532 0.056943 -0.009784 0.024107 -0.041204 0.126271 0.012044 0.006779 0.051573 -0.011046 -0.096962 0.000336 0.050190 -0.004164 0.060970 0.040947 0.028815 -0.061522 0.123960 0.049322 -0.029368 -0.004043 -0.021074 0.000488 -0.001326 -0.033008 -0.006824 0.002663 0.005404 -0.001892 -0.105649 0.016830 0.015145 -0.005888 -0.065360 0.000000 -0.065069 0.039916 0.108138 -0.020787 0.033595 -0.009118 0.051016 0.094983 0.002859 -0.003164 -0.085532 -0.083237 0.001640 -0.029103 -0.058178 -0.000721 0.000172 0.000000 -0.001627 -0.000599 0.000000 0.113808 -0.030556 0.000000 -0.066633 0.000787 -0.033142 0.089388 0.018910 -0.008389 0.000000 -0.000985 0.007547 -0.017468 -0.117633 0.000254 -0.034337 0.000000 0.000709 0.042069 -0.016701 -0.127273 0.116051 
-0.019364 -0.032793 0.010202 0.054104 -0.071361 -0.023838 -0.097947 0.026014 -0.067782 0.010097 0.031904 -0.003049 0.033246 0.070263 0.032509 -0.105004 0.127751 6.823836 0.007786 -0.103275 0.038100 0.024777 -0.110978 -0.059395 0.117884 -0.042742 -0.026609 -0.111884 -0.001526 -0.072692 -0.056606 -0.031606 0.006804 0.028021 0.046265 0.008989 -0.059207 -0.006865 -0.017342 0.038301 0.032627 0.020141 0.003035 0.065503 0.008047 0.117479 0.000175 0.094126 -0.026569 0.054629 -0.038421 -0.015470 0.047496 -0.014596 0.009846 -0.013760 -0.063312 0.054353 0.020724 0.065193 -0.054183 0.004384 0.022661 0.112874 0.061724 0.005278 0.083660 -0.061413 -0.017508 0.097939 0.062620 -0.003393 0.030543 -0.009999 -0.074612 -0.003271 0.019296 0.004736 -0.008403 -0.071590 -0.059766 -0.022165 -0.053877 -0.020826 0.006663 0.072478 -0.015625 0.000820 -0.000364 0.050883 0.078586 0.100941 -0.121084 0.000953 0.005727 0.040051 -0.016143 -0.053732 0.099106 -0.060342 -0.016512 -0.091160 0.071386 0.012226 0.052109 0.016878 -0.113574 -0.013280 0.033526 0.021294 0.103706 -0.033335 0.001914 -0.008544 0.121775 -0.023610 0.061689 0.028102 -0.006162 0.100125 -0.036980 -0.052517 0.025588 0.088170 0.085665 -0.012659 -0.103662 0.013030 0.043741 0.004032 0.074941 -0.086349 -0.002417 -0.079083 0.028576 0.042566 0.005083 0.123506 0.006075 0.059733 -0.012376 0.101376 -0.068225 -0.039451 0.006593 0.082226 0.062876 -0.043269 -0.114774 0.117645 0.002918 -0.082354 -0.079302 -0.015662 -0.063528 0.116054 -0.017766 0.103459 0.006658 0.075149 -0.002292 0.032648 -0.030848 0.092874 0.117318 0.009922 0.105742 0.049854 0.064427 0.059451 -0.036123 -0.016853 0.002886 0.028287 0.042343 0.040467 0.001498 0.094572 0.072537 0.001119 -0.025484 -0.071376 -0.063630 0.031065 0.037971 0.069861 -0.021722 -0.001060 0.046996 0.004754 0.118979 -0.024798 -0.042958 -0.114064 -0.012564 -0.046894 
0.013487 -0.040017 0.050600 -0.020196 -0.026907 -0.054270 -0.094095 0.042245 -0.030107 -0.069022 -0.043289 -0.047360 -0.047932 0.077685 0.078746 -0.070600 0.064116 0.007786 0.327685 -0.101020 0.074112 -0.011420 0.070194 0.039055 -0.089140 -0.022137 -0.032668 -0.014229 0.052314 -0.022996 -0.030072 0.065587 0.088748 -0.024710 -0.072993 0.021710 -0.097236 0.030099 -0.005674 0.044268 -0.017718 -0.005727 0.022765 0.003821 -0.078236 -0.015878 0.059931 0.048305 0.083561 -0.005849 -0.011826 -0.013728 0.040379 -0.003952 -0.064036 0.063616 -0.061636 -0.031683 -0.124108 -0.008271 -0.091935 0.066850 0.025718 -0.000443 0.003309 0.046319 0.053797 -0.041065 0.050082 0.112846 -0.089596 -0.013775 -0.006843 -0.049411 0.002739 0.001326 -0.006382 -0.113968 0.118173 0.066771 0.019797 0.104118 -0.070487 0.014853 0.055991 0.002837 -0.109409 0.028120 -0.091676 -0.115505 0.115037 0.022569 -0.032998 0.066648 0.011283 0.075323 -0.065643 -0.034793 -0.129723 0.093566 0.048545 -0.021860 -0.085043 -0.012753 -0.045399 -0.010215 0.000922 -0.013298 0.000000 -0.066363 -0.105399 -0.030919 0.064665 0.061604 -0.002427 0.046376 0.090463 0.000538 0.065413 0.016417 -0.010059 0.005792 -0.122031 0.063870 0.035069 0.031453 -0.055449 0.024312 0.094401 0.034775 -0.047917 0.012861 0.074504 -0.033133 0.007681 0.013484 0.017241 -0.001297 0.113268 -0.027557 -0.000217 -0.027195 0.038355 -0.016408 -0.046569 0.035836 -0.085695 -0.041364 -0.103715 -0.042740 -0.039008 -0.007889 -0.031825 -0.023585 -0.001478 0.068642 0.035430 -0.011443 -0.033798 0.057987 0.039164 0.023042 0.056032 0.081724 -0.038173 0.004834 -0.017198 -0.059275 0.045831 0.045023 0.109543 0.057593 -0.010426 0.116467 -0.108301 0.019142 0.065143 0.000737 0.080445 0.098386 0.014801 -0.021277 -0.128550 0.016391 0.104101 -0.029393 0.103314 -0.062236 0.007911 -0.111016 -0.107082 -0.120356 -0.003151 0.081946 0.023049 0.054514 
-0.075577 -0.117113 0.053578 -0.071673 -0.037692 -0.021423 -0.015634 -0.011305 0.057171 0.038366 0.033323 0.047642 0.119370 0.080561 0.069095 -0.053048 0.008123 -0.103275 -0.101020 1.161981 0.067199 -0.003517 -0.015653 -0.033663 -0.023905 -0.040472 0.097552 0.008943 0.020679 -0.017368 -0.006513 0.083369 0.051486 0.017109 0.060463 0.111103 -0.067650 0.113879 -0.017132 0.040370 0.113200 0.113600 0.017415 0.018814 -0.038499 0.015287 0.035738 0.021666 0.021555 -0.053838 -0.045076 0.122743 -0.032766 -0.025264 -0.078901 0.073994 -0.063305 -0.073830 -0.014274 0.030407 -0.056420 -0.062336 -0.002533 0.099677 0.070359 -0.044257 -0.036349 0.028238 0.012198 -0.037396 -0.060339 -0.028608 0.067359 -0.031732 -0.011054 -0.012533 -0.027817 0.015628 0.006060 -0.091934 0.041284 -0.065644 -0.007168 0.011630 -0.017973 0.025927 0.036932 -0.072848 -0.108353 -0.021087 0.012313 -0.071838 0.038961 0.100557 0.100400 -0.004552 0.083257 -0.036318 0.049205 -0.075727 0.028532 0.085163 -0.036820 0.072816 -0.093795 -0.031512 0.001456 -0.049647 -0.014295 -0.077476 0.015912 0.113346 -0.092210 0.003900 0.039267 0.016789 0.046283 0.108968 0.015158 0.040425 -0.026311 0.082174 0.037296 0.011852 0.026701 0.072080 0.028817 -0.051437 0.102267 -0.119074 -0.008832 -0.067845 -0.013314 0.008171 -0.041278 -0.042041 0.041448 0.046381 0.028316 0.093636 0.037761 -0.064684 -0.056106 0.058112 -0.092884 -0.006287 -0.094002 0.058459 -0.074531 0.012659 -0.035491 0.000370 0.017636 -0.060895 -0.056166 -0.059923 -0.050040 0.003706 0.052298 -0.060813 -0.059959 -0.024515 0.053149 0.000000 0.102966 -0.111354 -0.056118 0.018486 0.048884 -0.048989 0.014533 0.021000 0.053600 -0.009519 0.018319 0.067457 0.074889 -0.001310 -0.006268 -0.020489 -0.004458 -0.106861 -0.005878 -0.020710 -0.093581 -0.066359 -0.059646 0.009798 0.007521 0.039301 -0.047447 0.123264 -0.081825 -0.067967 -0.030710 -0.001892 
-0.048937 0.028292 0.026785 -0.016133 0.004939 -0.060254 -0.017026 0.003043 0.011741 -0.088131 0.019620 0.034363 0.010547 0.000790 -0.031458 -0.014316 0.050832 0.038100 0.074112 0.067199 16.406321 -0.006808 -0.086040 -0.069668 0.003383 0.006760 -0.072582 0.014619 -0.058658 0.051050 0.086215 -0.105935 -0.003635 -0.049535 0.031853 -0.007179 0.019060 0.083985 0.061252 -0.006705 0.001253 0.042146 -0.069790 -0.016317 -0.044523 0.078365 0.124181 -0.073427 -0.053274 0.035769 -0.006798 -0.035233 -0.025356 0.012393 0.094504 0.078136 0.041881 -0.009058 -0.115909 -0.026449 0.003965 -0.000879 0.008172 0.021884 -0.092192 0.041784 0.085438 0.000640 -0.109872 0.032748 0.063737 0.063352 -0.002618 0.081047 -0.101958 0.033855 -0.094992 0.088220 -0.014816 0.091673 -0.001242 0.102042 -0.043379 -0.018289 0.022923 0.026586 -0.059495 -0.017993 0.030578 -0.044000 0.095316 -0.086881 -0.110338 -0.002029 0.125333 -0.022460 0.000000 0.021540 0.085647 0.072509 0.011993 0.090130 0.082987 -0.052499 -0.035437 0.084426 0.085359 -0.069321 0.000957 -0.051492 0.040648 -0.060895 -0.007870 -0.038291 0.011810 0.015711 -0.031659 0.009286 -0.081491 0.000637 -0.021948 0.015348 -0.057367 0.059492 0.110843 -0.006080 0.060738 -0.003432 -0.070548 -0.019652 0.115360 0.068948 0.013878 -0.022657 -0.006272 -0.035782 0.033524 0.102814 0.128784 0.009724 0.011322 -0.002772 0.079446 0.100934 0.009963 0.027516 -0.002221 0.098679 0.090902 -0.063569 0.079554 0.011822 0.091011 0.047180 -0.078888 0.006117 0.020781 0.018581 0.081409 0.074505 -0.057955 -0.030828 0.099623 0.070816 0.001301 0.017200 0.028142 -0.024011 -0.019891 -0.019921 -0.021782 -0.004574 0.009355 0.000000 -0.031329 -0.051262 -0.101879 -0.041272 0.021805 0.007754 0.000480 -0.006740 -0.049210 -0.098853 0.000702 0.013837 0.100382 -0.012070 -0.049932 -0.044035 0.015102 -0.000792 -0.014798 0.018122 -0.012116 0.033847 
