557.474529 0.001605 0.009765 0.002911 -0.010455 -0.000783 -0.017189 0.054702 0.000501 0.002929 0.000902 -0.060274 0.000000 -0.055828 0.004375 0.000000 -0.007611 -0.005472 -0.008663 0.000000 -0.000284 -0.071229 0.017885 0.045723 -0.004781 -0.014857 0.001844 -0.016505 0.009819 0.001131 -0.003325 0.029948 -0.033475 -0.005888 -0.002221 -0.007155 -0.027136 -0.061674 -0.014701 0.004783 0.000000 -0.004229 0.000000 -0.029142 -0.006523 0.000000 0.000000 -0.006451 -0.057103 0.005189 -0.005055 0.000391 0.034207 -0.004389 0.001249 -0.048239 -0.077466 0.032503 -0.036945 0.000289 -0.001200 -0.008683 -0.004052 -0.012213 0.056786 -0.007186 -0.043627 -0.063099 0.000459 0.000000 0.019192 0.015063 -0.047828 0.005482 0.007094 0.062848 -0.023165 0.001457 -0.053478 0.027018 -0.004406 0.000000 0.046310 -0.008747 -0.002532 0.000629 0.005457 0.018979 0.078293 0.000000 -0.014718 -0.046354 -0.049624 -0.001350 0.002134 0.017032 -0.045638 -0.010672 0.000000 0.068140 -0.013959 -0.019413 0.018679 -0.004776 -0.039193 -0.010005 0.033344 0.000000 -0.000714 -0.000980 0.006481 -0.006147 -0.011688 0.000577 -0.044528 -0.004624 0.013759 0.000000 -0.000790 -0.003305 -0.038053 -0.001504 0.008421 0.033716 -0.073536 -0.069024 -0.002528 0.003921 0.021805 -0.011510 -0.017335 -0.003168 -0.057267 -0.000214 0.066413 0.009035 0.000129 0.000000 0.028360 0.020677 -0.001687 -0.014595 0.010953 -0.031104 -0.045948 0.003089 -0.005151 0.009697 -0.016182 0.063869 -0.022313 -0.009727 -0.063054 0.032370 0.044526 0.005837 0.037147 -0.001430 -0.021278 0.003809 0.000000 -0.002942 0.012126 0.003169 -0.059064 -0.000957 -0.003114 -0.006314 -0.005321 -0.044358 -0.011613 0.001483 0.000460 0.016479 0.019927 -0.002572 -0.001328 0.039602 -0.001550 0.000000 0.003578 0.000000 0.005555 -0.035103 0.000182 0.000000 0.074633 0.001001 0.001753 0.041970 0.008107 0.028176 0.006570 -0.003010 0.000320 0.003599 
0.001605 18693.481951 0.000000 0.000445 0.023827 -0.002208 -0.002706 0.019263 -0.001445 0.008183 -0.009756 0.004927 0.011752 -0.004278 0.000000 -0.000686 0.007646 -0.052810 0.000000 -0.014133 -0.033250 0.000000 0.070929 0.009490 0.007672 -0.046022 0.040417 0.004971 -0.003067 -0.027462 0.047008 -0.010547 -0.015019 0.000365 0.004073 -0.004939 0.076195 -0.041999 -0.000145 0.045974 0.000000 -0.032595 -0.001559 -0.040360 0.015434 -0.031124 0.026997 0.003682 -0.000572 0.027832 -0.055488 -0.005514 0.031596 -0.008405 -0.005877 0.009637 -0.020315 -0.003558 -0.018114 0.019504 0.022127 -0.006684 0.030601 -0.050914 0.000000 0.000000 -0.002230 0.036954 -0.007430 -0.000608 0.017205 -0.020840 0.021427 0.000000 0.056369 0.012827 -0.037922 -0.001068 -0.047189 -0.025475 -0.029127 -0.007370 -0.002724 0.020518 -0.008960 0.000000 -0.038065 -0.030467 0.016424 -0.005384 -0.071835 0.041689 0.000000 -0.000332 0.000762 -0.043681 0.003145 0.000514 -0.001990 -0.010839 0.023285 0.000000 0.041145 0.006368 -0.001732 -0.001827 -0.003620 0.001556 -0.000263 0.000216 -0.046640 0.000000 0.008071 -0.001252 -0.054620 0.026722 -0.011636 -0.043973 -0.035144 0.053386 -0.003337 -0.015726 -0.014022 -0.032849 0.032285 -0.003662 0.048876 -0.010878 -0.045501 0.009273 -0.001164 0.007936 0.000271 0.000000 0.001566 -0.054493 0.000000 0.027708 -0.000392 0.013665 -0.001173 -0.006581 0.028165 -0.018220 -0.027614 -0.006502 -0.015678 0.035522 0.003497 -0.026072 -0.053426 -0.000725 -0.038292 -0.012189 -0.019729 0.038963 0.056897 0.003194 -0.066039 0.000143 0.043003 0.000000 0.058699 -0.041747 0.000000 -0.058702 0.002328 0.005000 -0.061422 0.000000 -0.055005 -0.072521 -0.009213 -0.003796 -0.008033 -0.001542 0.000000 0.000000 -0.006442 -0.000795 0.005663 0.000000 0.056628 -0.017566 0.010064 0.001534 -0.013614 -0.004358 0.043044 0.000000 -0.037766 0.011822 0.002064 -0.030645 -0.001590 -0.012590 
0.009765 0.000000 282.950573 0.000000 0.000000 0.000445 -0.062631 -0.004350 0.000000 -0.001054 -0.006179 -0.020866 -0.003103 -0.036255 0.071607 -0.003255 0.005270 0.005764 0.001306 -0.068769 -0.031820 -0.066131 0.027000 0.027819 -0.057901 -0.055885 -0.026688 0.045270 0.024973 -0.072913 0.050233 0.015173 -0.035261 0.000000 0.004053 0.000979 -0.038851 -0.067388 0.015176 -0.022452 -0.003223 0.009160 0.006398 -0.073837 0.004191 0.000000 0.009612 -0.030716 -0.062854 -0.032724 -0.055607 0.007102 0.005226 0.021609 -0.005451 -0.031872 0.006028 -0.017947 -0.004814 0.005632 0.013820 -0.007678 -0.060605 -0.000434 0.002101 0.013281 0.000000 0.014270 0.000000 -0.002607 -0.012937 -0.054754 -0.044364 -0.001250 0.014009 -0.068167 0.000215 0.017194 0.043422 0.043377 -0.012441 -0.011231 -0.021431 0.000000 0.024728 0.012403 0.012429 -0.029000 0.003613 -0.000801 0.001134 0.011855 0.006675 -0.000621 0.009920 -0.001623 -0.023228 0.000289 0.000000 0.058236 -0.000312 0.000000 0.069873 0.000303 0.011349 -0.004091 0.055739 -0.006959 0.001197 0.001291 0.020747 -0.000602 0.000000 -0.002904 0.000000 -0.063089 0.045361 0.000000 -0.006320 -0.067418 0.010509 -0.004229 -0.071005 -0.000203 -0.005775 -0.061163 0.010922 -0.023839 -0.076597 0.024076 0.007121 0.061755 -0.048454 0.009799 -0.023776 0.006574 0.056233 -0.068494 -0.004804 0.000888 -0.077103 0.002091 0.052687 0.007521 -0.010069 0.000000 -0.033917 0.000000 0.031447 0.004678 0.010575 0.003875 -0.002286 0.038580 -0.010452 0.000000 -0.003019 0.048522 0.006819 0.073648 -0.006511 0.005321 -0.011283 -0.057429 0.000000 0.007608 0.006983 0.000000 -0.006212 0.000000 0.020575 0.000520 -0.000995 -0.000461 0.002945 0.073566 0.002458 0.000578 -0.001974 -0.003754 -0.015779 0.000000 0.000000 -0.015610 0.000256 0.001664 0.013282 0.000922 -0.000734 -0.001155 0.000000 0.013467 -0.045373 0.028922 0.014323 0.014114 
0.002911 0.000445 0.000000 78.227210 -0.003638 -0.005320 -0.006026 0.009869 0.019828 0.012069 -0.006723 0.020335 0.048961 0.004323 0.007253 0.001710 -0.063996 0.041420 0.004369 -0.012812 -0.017212 -0.014642 -0.062713 -0.029891 -0.033642 -0.029238 0.011918 -0.021620 -0.024591 -0.000564 0.019846 -0.059195 -0.019265 -0.004351 -0.048062 0.014902 0.001056 -0.018612 -0.051424 0.026155 -0.001577 0.021720 -0.048754 -0.058999 -0.064222 -0.000135 -0.003342 -0.005963 -0.003844 0.014475 0.042498 0.025520 -0.004244 0.034973 0.041802 -0.008237 -0.024250 -0.010509 -0.010530 -0.014341 -0.009957 0.022891 0.039816 0.031964 0.062306 0.000690 -0.009331 0.010374 0.064231 0.025623 0.004790 0.045584 0.027531 0.001494 0.000164 0.005143 -0.020702 0.000000 0.001012 0.035858 0.028495 -0.057414 0.008005 0.000550 0.046156 0.019845 -0.006887 0.036522 -0.025371 0.031260 -0.004066 -0.041970 0.013355 0.012428 -0.022260 0.041323 0.008100 -0.001245 -0.000571 0.000000 -0.056296 0.017560 0.012169 0.001201 0.039703 0.047162 0.002954 0.017577 -0.034213 -0.000452 0.027402 0.000000 0.002247 -0.001216 0.000000 0.037472 0.006234 0.000353 0.058892 -0.001332 0.027546 0.000681 0.031735 0.019205 -0.009197 0.000000 -0.004928 -0.016045 0.001594 -0.040648 0.006469 0.047360 0.048973 0.008320 -0.012087 0.008344 0.022819 -0.022832 0.000384 0.000137 0.000000 0.000143 0.020656 -0.003370 0.022870 -0.007979 -0.016932 -0.036619 -0.001437 0.035740 0.002879 0.054252 -0.028667 0.058661 -0.010955 -0.004238 0.030257 -0.002476 -0.007338 0.000906 -0.056759 -0.003550 0.047452 0.015104 -0.000172 0.000274 -0.015628 -0.002383 0.000286 0.004838 0.061014 -0.024299 0.055557 -0.001526 -0.032403 -0.023636 -0.066375 0.000433 -0.004585 0.000000 0.000218 0.000112 0.039252 -0.064626 0.013979 -0.000533 -0.013771 0.000612 0.021739 -0.008717 -0.018024 0.004956 0.003850 -0.000396 0.000710 -0.002339 
-0.010455 0.023827 0.000000 -0.003638 92.466286 -0.005553 0.018981 0.000949 0.001134 0.021893 0.062073 -0.036397 -0.000350 -0.000392 -0.038906 -0.007598 0.000000 0.010463 0.076174 0.045002 -0.000118 0.000000 -0.054144 -0.032093 -0.006494 0.026532 -0.004872 -0.014048 -0.023392 -0.001950 0.006989 0.005160 -0.005289 -0.000475 -0.007138 -0.036374 -0.002184 0.025324 -0.023632 0.012546 0.000000 -0.064745 -0.004101 0.023318 -0.046684 0.061048 0.010956 -0.003759 -0.000799 -0.016298 0.035335 -0.020995 -0.017070 0.006334 -0.027862 -0.011670 0.000405 0.000000 -0.007123 -0.010845 0.023379 -0.012812 0.057497 -0.074633 0.000000 -0.041734 0.000000 -0.018688 0.002770 0.031273 0.016211 -0.075256 -0.001385 0.000000 -0.001486 -0.075201 -0.016662 -0.066538 -0.000646 -0.007740 0.011679 -0.006766 -0.040096 0.045832 0.002928 0.000000 -0.011926 0.016308 -0.076358 -0.008032 -0.000839 0.043979 -0.072980 -0.033211 0.021783 0.031429 -0.020781 -0.034184 0.000000 -0.001746 0.045489 0.005954 0.015369 -0.070884 0.027113 0.033637 0.007848 -0.000448 -0.016309 0.000210 -0.003841 0.000000 0.005692 -0.003561 0.041157 0.009122 0.009233 -0.005781 -0.062089 -0.006083 -0.056440 -0.028546 -0.002328 -0.051054 0.029884 -0.016579 0.057636 0.026903 -0.048695 0.001287 0.017785 0.035956 0.008498 -0.006796 -0.000891 0.014706 -0.056358 -0.009973 0.047131 -0.041601 0.006913 0.013986 0.032787 0.003770 -0.069668 0.000000 -0.041924 -0.053567 -0.012746 -0.027924 -0.001652 0.025499 0.036480 0.017477 0.030379 0.008779 0.018090 -0.042750 -0.051656 -0.064520 0.000110 0.016238 0.005067 0.008717 0.005538 -0.000570 -0.042560 0.014785 0.059506 0.003990 0.006862 -0.034109 -0.009698 0.003482 0.002223 -0.047628 0.001107 -0.000151 -0.021026 -0.008698 -0.022424 -0.044739 0.028118 0.043002 -0.002402 0.017849 0.000000 0.069747 0.046268 0.000000 -0.038949 -0.039754 -0.000742 0.077870 0.063782 0.003528 
-0.000783 -0.002208 0.000445 -0.005320 -0.005553 732.102964 0.000816 -0.017480 0.000000 0.022188 -0.010899 -0.020099 0.009850 -0.002613 -0.003569 0.000000 0.002699 0.043084 -0.000154 0.021959 -0.014345 0.000000 -0.061896 0.023648 0.066152 0.026302 0.019896 -0.010198 -0.000380 0.020372 0.001676 -0.008464 -0.003004 -0.021472 -0.013296 -0.001959 0.049389 -0.000951 0.000000 0.032588 0.024442 0.063352 -0.031976 -0.055236 0.000000 0.041779 -0.061142 -0.033206 -0.021056 -0.037475 0.054886 -0.021302 0.010445 -0.009731 0.003681 0.017707 -0.007309 0.000000 0.032126 0.060401 0.014432 -0.070115 -0.008791 -0.025659 -0.036560 -0.017779 0.000000 0.004930 -0.022491 0.057709 0.026984 0.016600 -0.015061 0.009448 0.062167 0.042229 -0.011510 0.026247 -0.031803 -0.007324 -0.066807 0.067277 0.013749 0.002822 -0.027680 -0.016607 -0.026515 0.058154 -0.000155 0.027752 -0.003342 -0.007049 0.071630 0.075166 -0.059077 0.039620 0.019952 0.000556 0.003489 0.024746 -0.057671 -0.054675 -0.067710 0.004576 -0.031676 0.072936 -0.053038 -0.030171 0.002665 0.001095 0.001376 0.001505 0.000000 -0.015867 0.000000 -0.003197 -0.010040 -0.001171 0.001961 0.017783 0.014145 0.019019 -0.006515 0.031796 -0.041881 0.000000 0.068302 -0.024149 0.038181 -0.070048 0.032079 0.034899 -0.012916 0.004792 -0.010979 -0.005128 0.000000 -0.004870 0.000000 0.048207 -0.004446 -0.018170 0.022752 -0.012512 -0.027936 0.020646 -0.075953 -0.000234 0.013016 -0.008814 0.012265 -0.000455 -0.000107 0.000000 -0.001827 -0.004664 -0.069871 -0.001025 0.040262 -0.003105 -0.059472 -0.000767 0.072227 0.008918 -0.008885 -0.001364 0.000000 -0.004614 -0.001469 0.000000 0.002951 0.009101 0.004279 0.000000 -0.061063 -0.034538 0.000000 0.000000 0.059514 0.000000 -0.002406 0.000000 0.054369 -0.000149 -0.001051 -0.067231 0.030295 0.000000 0.000396 -0.000853 0.050748 0.000000 0.006714 0.069443 -0.048976 0.000961 
-0.017189 -0.002706 -0.062631 -0.006026 0.018981 0.000816 16.421380 -0.014663 -0.006047 0.069385 0.001331 -0.046494 -0.069696 -0.001598 0.026445 -0.008531 -0.001944 -0.035505 0.000350 0.003434 -0.073693 -0.032107 0.020635 -0.013625 0.020392 0.000611 0.041093 -0.021874 0.053080 0.019138 -0.009253 0.017101 0.000000 -0.053468 0.000000 0.003316 0.006849 0.001031 0.000680 0.004181 -0.062618 0.017542 -0.002722 -0.038420 -0.011368 0.031601 0.027411 -0.042053 -0.037659 0.002515 0.022266 0.011432 0.022394 -0.004159 0.005090 -0.009631 0.066189 -0.003809 0.061589 0.015208 -0.034799 0.068742 0.020415 -0.008370 -0.004162 -0.000847 0.003334 0.006126 0.004350 0.057387 0.025482 0.029390 -0.014370 -0.025838 -0.039906 -0.046583 -0.051103 0.041424 0.001785 -0.056240 0.060842 0.008230 -0.017516 -0.014160 0.001339 0.010706 -0.038166 0.036454 -0.056185 -0.002406 0.029234 -0.031709 0.003334 -0.037738 0.000413 0.049055 0.066265 0.002724 -0.006509 0.001057 0.003651 0.003663 0.050470 -0.000591 0.026309 -0.034772 0.059910 0.052422 0.047972 -0.006772 0.005202 -0.058636 0.044062 -0.023585 -0.024497 0.021758 0.042094 -0.016743 0.000000 0.023422 0.023438 -0.003252 0.014688 -0.029159 0.017425 -0.004206 -0.038767 0.048072 0.054565 -0.033485 0.036415 0.040867 -0.055387 0.000000 0.075162 0.015579 -0.047430 0.057501 0.026160 0.029122 0.001945 0.001066 -0.000167 -0.042971 0.051133 -0.013910 0.000339 -0.011670 0.000000 -0.030589 0.034077 0.018428 0.064195 -0.033174 -0.006401 0.000725 0.009373 0.010896 -0.011331 0.001543 -0.003201 -0.003829 0.012558 0.066943 -0.001153 -0.003159 0.006778 -0.024447 -0.001920 0.051117 -0.059931 0.005262 0.003144 -0.041580 0.032834 0.003702 0.057047 -0.029996 0.006813 0.077483 -0.010098 -0.010537 0.000960 -0.034140 0.008326 0.002260 0.000182 -0.000943 0.049373 0.027949 -0.015986 0.018944 0.051076 -0.000855 -0.054973 -0.025003 
0.054702 0.019263 -0.004350 0.009869 0.000949 -0.017480 -0.014663 12.235326 -0.009909 -0.000999 -0.040680 0.035570 -0.011625 0.004821 0.007216 0.011497 0.021234 -0.059296 -0.000319 -0.017848 -0.012951 0.037380 -0.019270 -0.024223 0.001234 0.007493 0.002391 0.005125 -0.009038 0.011419 0.033760 0.023336 0.008208 -0.012540 0.032063 0.036462 -0.005819 -0.002706 0.041605 0.023967 -0.060049 0.025016 0.023564 -0.001734 0.005284 -0.000685 -0.051146 -0.016013 -0.003113 -0.063877 0.033424 -0.059952 0.073003 0.054497 -0.048777 0.000862 0.028948 0.042679 -0.023957 -0.001698 -0.006510 0.005210 -0.068818 -0.003741 0.000764 -0.001485 -0.074453 0.019901 -0.001200 0.006267 0.000000 0.011170 0.030138 -0.048672 0.069813 0.014614 -0.024161 0.001296 0.034417 -0.008921 -0.009586 -0.001604 -0.012921 -0.000319 0.048196 0.009544 0.006170 0.032252 0.025352 0.007027 0.014335 0.032480 0.027454 -0.004398 0.001376 0.024600 0.002287 -0.013250 -0.032858 0.015664 0.011936 -0.071067 -0.036917 0.050229 0.016523 0.005099 0.017569 -0.001298 0.008130 0.077723 0.003574 0.056556 -0.000326 -0.039565 -0.007014 0.005056 -0.024097 0.003235 0.005055 -0.033293 0.023306 -0.070887 0.029487 0.063692 -0.002749 0.026500 -0.010674 0.000640 -0.008768 0.010681 -0.002379 -0.005240 -0.039606 -0.037577 0.063220 -0.019948 -0.017136 -0.032114 -0.056479 0.038432 0.021926 0.001274 -0.046627 -0.010481 -0.009862 0.012370 -0.075677 0.008288 -0.006746 0.001646 0.001868 -0.013877 0.004537 -0.001199 -0.068663 -0.006962 0.025854 -0.009304 -0.063566 0.021896 0.029686 0.063008 -0.002074 -0.005743 0.028923 0.009079 0.050392 0.055590 -0.003387 0.000000 0.033648 0.008385 0.000000 -0.028694 -0.007142 -0.011454 0.041501 0.000303 -0.042200 -0.005226 -0.039718 -0.000323 0.018203 0.008743 -0.061957 0.045678 -0.070906 0.001460 -0.015629 -0.024926 0.022503 -0.001376 -0.030700 -0.000631 -0.000672 -0.071557 
0.000501 -0.001445 0.000000 0.019828 0.001134 0.000000 -0.006047 -0.009909 213.778552 0.000000 0.036709 0.071790 0.008023 -0.005020 -0.000934 -0.021905 0.001050 0.001053 0.006594 0.017105 -0.016681 0.000000 0.009332 -0.022275 -0.005194 -0.067550 0.035396 0.032226 -0.065600 0.000000 -0.050828 -0.003203 0.075952 -0.000160 -0.006672 -0.019671 -0.016889 -0.000225 0.000000 -0.005084 -0.039119 -0.002968 0.003761 0.012782 0.055614 -0.031120 0.035019 -0.001090 0.033576 0.026806 -0.014266 -0.007106 0.003124 0.028234 -0.030586 0.002113 0.000532 0.000448 0.049194 0.033143 -0.022004 -0.031553 -0.051080 -0.035171 0.000287 0.000000 -0.020749 -0.002449 -0.033084 -0.066931 -0.034722 0.000747 -0.017264 0.000000 0.003424 -0.032430 0.057368 -0.003148 -0.000587 -0.001131 0.017217 -0.029462 0.074524 -0.000397 0.011213 0.004250 0.004563 -0.074186 -0.040009 0.047609 -0.000386 0.018891 -0.035016 0.008919 -0.001747 -0.043857 -0.051654 -0.006671 0.000000 -0.030842 -0.028248 0.026233 -0.014028 -0.010963 0.014481 0.032678 -0.040012 -0.065512 0.000000 -0.062516 0.002536 0.000000 0.001005 -0.005789 0.007090 -0.001238 -0.044635 0.011078 0.059588 -0.024266 0.007071 -0.001792 0.006224 0.007051 -0.014447 0.025816 0.009323 0.036330 0.004963 -0.055695 -0.001140 0.064825 -0.042994 0.002757 -0.004834 0.031829 -0.056341 0.014164 -0.000769 -0.009345 -0.065955 0.048806 -0.055923 -0.049158 -0.027074 0.008201 0.047756 -0.049722 -0.022920 -0.000232 -0.027867 0.040759 0.011828 -0.013068 0.067526 0.000341 -0.027779 -0.013258 -0.044359 0.005198 0.011542 0.001422 0.013169 -0.012453 0.030899 -0.056433 0.024855 -0.066451 -0.000125 0.000000 0.035465 -0.043280 0.000206 -0.043489 -0.003707 0.007647 -0.002644 0.000249 0.001608 -0.004921 -0.011537 0.000000 0.001868 -0.002215 0.006413 -0.002103 -0.012095 0.009340 0.010192 -0.012770 -0.004191 -0.023210 0.002121 0.002465 0.036367 0.003845 
0.002929 0.008183 -0.001054 0.012069 0.021893 0.022188 0.069385 -0.000999 0.000000 89.187776 -0.001092 -0.013443 0.000527 -0.016866 0.000000 -0.018660 -0.003131 0.004516 0.057312 0.001406 0.000000 -0.059364 -0.016672 0.014582 -0.071644 0.039742 -0.014595 -0.013187 -0.016410 0.000000 -0.055200 -0.014912 -0.004060 -0.033720 -0.005833 0.002073 0.006224 -0.007353 -0.042479 0.003772 0.000000 -0.000315 0.006049 -0.010352 -0.000718 0.027923 -0.018291 0.016556 -0.001698 0.002755 0.052035 0.014999 0.028890 -0.022925 -0.005872 0.058209 0.039038 -0.018371 0.009157 -0.034641 -0.058513 -0.007759 -0.000946 -0.029158 -0.005203 -0.011273 0.009504 0.003470 -0.012448 -0.003313 0.031550 0.004649 0.000830 -0.001738 -0.019239 -0.034900 0.038290 0.057556 -0.002333 -0.005684 0.010877 0.027152 0.001851 -0.024985 0.005917 -0.000585 -0.034887 -0.036842 -0.039983 0.000967 -0.000419 -0.031948 0.039535 0.018095 0.055749 0.021227 0.048602 -0.053695 0.000201 -0.046539 -0.032133 -0.016563 0.056174 0.000000 0.011474 0.001336 0.008019 0.021776 -0.003661 0.001492 -0.007950 0.001918 0.000000 -0.033462 -0.004098 -0.032916 0.024415 0.000000 0.021040 0.002075 0.003903 0.000000 0.011649 -0.059035 -0.026603 -0.031683 0.025471 -0.009602 -0.003695 -0.039745 0.071931 0.025588 -0.014161 0.047648 -0.055739 -0.000833 0.000000 0.018057 0.015543 -0.068784 -0.001408 -0.007059 0.057384 -0.050368 0.051542 0.000202 0.016982 -0.025177 -0.016726 -0.007815 -0.001614 0.003457 -0.030054 0.013899 0.005034 0.001153 -0.003746 0.041737 0.000125 -0.002321 0.000000 0.000948 0.058287 -0.010586 -0.007019 0.017387 0.002322 0.014258 0.000000 0.003330 0.023729 -0.008247 -0.025961 -0.076561 -0.006270 -0.073987 0.000283 0.000832 0.001324 -0.060250 0.005630 0.000458 -0.001037 0.008692 -0.010154 0.069416 0.000788 0.031708 -0.002915 0.003068 0.000000 0.028251 -0.001777 -0.003462 -0.000185 0.001250 
0.000902 -0.009756 -0.006179 -0.006723 0.062073 -0.010899 0.001331 -0.040680 0.036709 -0.001092 468.185365 -0.045921 -0.003352 0.002296 -0.001488 -0.008728 0.000000 -0.006771 -0.000688 0.021913 -0.055910 0.014684 -0.001615 -0.002151 -0.031255 -0.070542 -0.007873 0.038120 -0.000130 -0.003465 -0.026364 -0.021002 -0.008604 -0.000980 -0.002076 0.011511 0.008434 -0.006527 -0.034695 0.011372 -0.005033 -0.006070 0.000000 -0.011770 0.037611 0.009793 -0.002493 -0.044466 0.021051 0.038114 -0.030334 -0.001037 -0.042225 0.006892 0.033978 -0.032324 -0.046396 0.072753 0.074315 0.029824 -0.046631 0.001257 -0.003684 0.033191 -0.001610 0.008034 0.013256 0.002317 0.002383 0.030317 -0.012696 -0.017249 -0.013692 0.000000 -0.001179 -0.045469 0.063088 -0.003325 -0.020643 -0.026203 -0.046081 0.016435 -0.001333 0.004527 -0.001689 0.000619 0.029835 0.032510 -0.010152 0.000808 -0.035836 0.021379 -0.013061 -0.006842 0.072004 -0.015913 -0.029663 0.000000 0.000000 -0.004852 -0.045640 0.000000 -0.036306 -0.012161 -0.004312 -0.077090 0.007618 0.003581 -0.055103 -0.015685 -0.045512 0.018437 0.000665 -0.000140 -0.002056 0.047886 0.025602 0.000000 0.003483 0.014829 0.030317 -0.038915 -0.030737 0.000176 0.028685 -0.024646 -0.007057 -0.008620 -0.014099 0.054692 0.076268 0.009561 0.021009 0.000289 0.049931 0.064079 0.000288 0.006461 0.000682 -0.011811 -0.002345 0.006338 0.000480 -0.000193 -0.061205 0.000990 0.001034 -0.045239 -0.076993 -0.047155 0.045733 0.000187 -0.002278 0.015723 -0.055493 -0.066052 -0.007556 -0.003194 0.025658 0.000000 -0.000658 -0.012757 0.009388 -0.008452 0.000000 0.000254 -0.041142 0.051017 0.005160 -0.005282 -0.024298 0.073515 0.026911 -0.002347 0.009307 -0.026133 -0.000264 0.001965 0.000148 0.010720 -0.000274 0.000000 0.047867 -0.032414 -0.059430 -0.006755 -0.003027 -0.009213 0.001975 0.003415 0.001651 0.017623 0.000000 0.000000 0.069442 0.000372 
-0.060274 0.004927 -0.020866 0.020335 -0.036397 -0.020099 -0.046494 0.035570 0.071790 -0.013443 -0.045921 2.007889 -0.024878 0.058965 -0.068414 0.009382 -0.030812 0.001677 0.022112 0.070922 -0.045781 0.028385 0.065519 0.016785 -0.020338 -0.036217 0.009306 -0.035078 0.040538 0.062540 -0.010027 -0.014038 0.004347 0.047948 0.019172 0.002786 0.044976 -0.038931 0.014088 -0.028125 -0.014096 -0.037145 0.027675 -0.014251 -0.036151 0.002468 0.004998 0.002247 0.017848 0.038492 0.025706 -0.012131 0.062782 -0.006647 0.031479 -0.013228 -0.071265 0.049358 0.043598 -0.013462 0.009753 0.012491 -0.010508 -0.011148 -0.017149 -0.017629 -0.034575 -0.019017 0.000000 -0.031782 -0.004520 0.056289 0.040666 -0.067322 -0.015487 0.023845 0.001235 -0.000327 0.037688 -0.073295 0.001610 -0.023679 -0.001250 -0.029616 -0.000802 0.058652 -0.049159 0.036660 0.015468 -0.037192 -0.033650 0.009203 0.000000 -0.046174 -0.010061 -0.059078 -0.026458 -0.069152 0.066197 -0.000490 -0.015008 0.022891 0.013809 0.048093 0.000000 0.007916 -0.063700 -0.029518 0.009335 0.023174 -0.024373 0.002942 -0.036028 -0.028305 -0.022092 -0.024681 -0.000166 0.035793 -0.013547 0.007133 -0.023564 -0.030390 -0.068992 0.002088 0.001193 0.030857 0.052555 -0.053362 0.041209 0.064320 -0.067702 0.006412 0.003378 0.037593 0.058738 -0.008984 -0.073527 0.035390 -0.000152 0.004630 -0.004359 0.020951 -0.041132 -0.009270 -0.050775 -0.045410 -0.016346 0.001258 0.038204 -0.020894 -0.004649 -0.029800 -0.061979 -0.002884 0.000439 -0.000433 0.045373 -0.039352 -0.029869 -0.021542 -0.053122 0.037754 0.022981 0.003199 -0.055441 0.039534 0.003783 0.044875 -0.071283 -0.006573 0.011830 0.029234 0.015466 -0.013507 -0.031996 0.023812 0.002637 -0.012148 -0.018972 0.002242 0.032871 0.047255 -0.062277 -0.005412 0.004341 0.031988 0.004963 -0.023031 -0.000570 0.021905 -0.035640 -0.013247 0.018596 0.028005 -0.009381 -0.017973 
0.000000 0.011752 -0.003103 0.048961 -0.000350 0.009850 -0.069696 -0.011625 0.008023 0.000527 -0.003352 -0.024878 1293.530758 0.000232 0.015999 0.002385 -0.001749 0.009595 0.002172 0.065716 0.000000 0.000849 -0.048565 -0.040158 -0.017839 -0.025035 -0.003983 -0.076339 -0.002550 -0.014515 0.023949 0.000000 -0.014093 -0.000577 0.001002 -0.037830 0.005397 -0.018062 -0.041388 -0.035163 -0.023818 -0.034192 -0.024402 -0.011145 -0.004560 0.000000 0.002421 0.003287 0.016876 -0.013636 -0.031570 -0.038215 -0.004328 0.039710 0.048814 -0.040512 -0.038808 0.013885 0.050264 -0.018075 -0.063026 0.036873 -0.070298 -0.025762 0.001574 -0.008327 -0.000502 0.009270 -0.001168 -0.000331 -0.009311 -0.070087 0.000000 -0.001374 0.059990 0.048794 0.050202 0.004382 0.021097 -0.018620 0.032574 -0.066679 0.027062 0.040714 -0.001411 -0.017557 -0.013497 -0.054064 0.012154 0.044330 0.022367 -0.007743 0.031408 -0.011389 0.002348 -0.062889 0.000256 0.000000 -0.014000 0.014368 0.041115 0.002468 0.009004 0.061296 -0.052351 0.000000 -0.053134 0.004053 -0.010511 -0.017765 0.041362 -0.000985 0.008486 -0.001878 0.000652 0.034018 0.074302 -0.045354 0.012004 0.046228 0.003038 0.041053 -0.011024 0.018196 -0.014701 0.012142 0.053890 -0.064110 0.002786 -0.032701 0.073884 -0.011656 -0.023189 -0.001942 0.000000 -0.033741 0.000881 0.004423 0.010468 -0.037628 0.002615 -0.012953 0.028992 -0.031744 0.005447 0.000000 0.066156 -0.010944 0.001963 0.006623 0.011061 -0.003245 -0.061943 0.008650 -0.006032 -0.027843 -0.069636 0.047824 -0.019166 -0.002499 0.009606 -0.000185 -0.019471 -0.037039 0.002620 -0.021239 -0.000777 0.021033 -0.047405 -0.004571 -0.069486 0.040860 -0.011014 0.021141 -0.004275 -0.007764 0.000000 -0.015754 -0.004439 0.024366 0.000341 0.000000 0.000000 -0.000469 0.000202 0.015721 0.000000 0.005325 0.058457 0.035854 -0.027182 0.009885 0.001226 0.004215 0.017797 0.013996 
-0.055828 -0.004278 -0.036255 0.004323 -0.000392 -0.002613 -0.001598 0.004821 -0.005020 -0.016866 0.002296 0.058965 0.000232 5720.991642 0.002754 -0.003830 0.055905 -0.009078 0.001041 -0.029400 0.004652 0.000000 0.010438 -0.002700 -0.021240 0.008376 -0.022029 0.000000 0.000000 -0.022128 0.006004 -0.019149 0.019579 -0.035133 0.001926 -0.010294 0.012637 0.003131 0.069610 -0.048004 -0.004637 -0.000671 0.003556 0.035245 0.019785 -0.013491 -0.031743 -0.066445 -0.058925 0.023521 -0.001783 -0.017047 0.019856 0.007075 -0.000425 -0.051825 0.010713 0.004562 -0.023586 -0.012230 0.000470 -0.016327 -0.053265 -0.045725 0.060288 0.000000 0.004683 -0.005998 -0.005450 -0.005390 -0.003462 0.002127 0.047673 -0.000472 -0.026627 0.011709 0.022722 0.010271 -0.070716 0.008062 -0.004523 -0.029068 -0.019163 -0.000398 -0.001180 -0.039393 -0.045339 -0.000279 -0.006682 0.013751 0.000555 -0.011220 -0.000845 0.028351 0.001947 -0.004132 -0.019447 0.001152 -0.000189 0.002463 -0.032024 0.002454 0.017394 0.004198 0.017061 -0.007006 -0.022305 0.017604 0.000000 0.000000 0.027838 0.003253 -0.008661 0.049426 -0.041469 0.043754 0.009321 -0.054693 0.076996 -0.013559 -0.026961 -0.006723 -0.066714 0.015628 0.053574 0.031281 -0.001711 -0.007635 -0.014101 0.040990 -0.024074 0.011836 -0.005088 -0.015246 0.038182 0.000641 0.003718 0.000000 -0.006503 -0.008438 0.002778 -0.071411 0.026196 0.024140 -0.073078 0.002156 0.000458 0.054702 -0.003693 -0.018089 0.054871 0.057663 0.000000 -0.053956 0.043214 -0.043298 0.068009 0.000437 0.009873 -0.002781 -0.000227 -0.003684 -0.004393 0.013104 0.000000 0.003845 -0.000173 0.009974 -0.000436 0.038791 0.043221 0.000908 -0.003906 0.028701 0.006340 0.018308 0.062317 0.000000 -0.000255 0.005476 0.004331 -0.013704 0.002627 0.005844 0.000000 0.040562 0.013439 -0.004781 0.012129 -0.076826 -0.003541 0.014516 -0.030892 -0.023636 0.003150 -0.005494 
0.004375 0.000000 0.071607 0.007253 -0.038906 -0.003569 0.026445 0.007216 -0.000934 0.000000 -0.001488 -0.068414 0.015999 0.002754 369.438198 0.000465 0.000000 -0.050885 0.000000 0.014198 -0.067785 -0.001342 0.016166 0.008199 0.006682 0.000000 -0.073895 -0.005386 0.000561 0.013088 -0.001635 0.070554 -0.051021 0.004762 -0.000376 0.012440 -0.024975 -0.010265 -0.048836 -0.000485 0.002707 -0.013665 0.000432 -0.014912 0.011569 0.000000 0.006964 -0.000466 -0.066295 -0.076656 0.014539 0.014370 0.022853 -0.012926 0.048509 -0.049256 0.011764 -0.016049 0.039135 0.020399 0.012477 0.031750 -0.051823 0.003011 0.001549 0.000000 0.016810 0.059310 0.000000 -0.070145 -0.071527 0.031922 -0.031539 0.000273 0.007544 -0.047421 -0.021742 -0.008198 0.056935 -0.003818 -0.074226 -0.002921 0.040724 -0.075065 0.000716 0.029793 -0.007023 -0.023974 0.000000 0.000000 0.062860 0.000684 -0.030516 0.034801 0.000486 -0.047659 -0.031299 0.013953 0.014962 0.012617 0.001859 0.003381 0.051923 -0.023004 0.004163 0.000000 -0.045781 0.001170 0.000134 0.054507 -0.016650 0.001080 0.000000 -0.038754 -0.001377 0.069605 0.039242 0.035818 -0.038104 -0.054006 -0.009804 -0.006604 -0.018595 0.000603 -0.021445 0.002963 -0.027593 0.006125 -0.018901 0.051666 0.006502 -0.010772 0.010671 0.000224 0.000171 0.059471 -0.028573 0.021396 0.012110 -0.067006 0.002014 -0.000477 -0.066638 0.000000 0.048955 -0.056238 -0.052358 -0.031634 0.019472 -0.033094 0.041858 0.010884 0.046107 -0.024121 -0.007097 -0.039503 -0.032543 0.028197 0.077770 0.045384 -0.000119 0.000000 -0.038160 0.006969 -0.019565 0.058315 0.076840 -0.004801 -0.001893 0.018138 -0.047062 0.057409 0.000000 -0.000553 -0.002450 -0.028150 0.000000 0.000000 -0.000748 0.000000 -0.005800 -0.017683 0.028771 0.009916 0.011160 0.004692 -0.012456 -0.020440 -0.000724 0.001633 0.001823 0.000000 0.000145 -0.001676 -0.004435 -0.007476 
0.000000 -0.000686 -0.003255 0.001710 -0.007598 0.000000 -0.008531 0.011497 -0.021905 -0.018660 -0.008728 0.009382 0.002385 -0.003830 0.000465 83.680600 -0.075194 -0.000918 0.051228 0.030652 0.000349 -0.038751 0.020061 0.022160 0.073672 -0.038989 0.007116 -0.013803 0.004597 -0.019657 0.009100 0.001526 -0.008921 0.045674 0.014750 -0.003158 -0.021531 -0.023328 -0.030994 0.005537 0.012270 -0.003277 -0.000986 0.012134 0.057564 0.070953 0.009696 0.046525 -0.000149 0.023850 0.000000 0.002876 0.051696 0.037272 0.009905 0.008630 0.021777 0.047624 -0.005971 0.001125 -0.000401 0.002923 -0.023008 0.039752 0.006700 0.004464 -0.017624 0.004914 0.001074 -0.003950 -0.026534 0.008331 -0.049889 -0.018665 -0.028957 0.039546 -0.043797 0.004359 0.000000 0.001319 -0.005449 -0.058949 -0.006061 0.072002 0.008916 0.000183 -0.009833 -0.056209 0.003314 0.000000 -0.075288 -0.028493 0.007637 -0.001051 -0.001328 0.026808 0.004646 0.009761 -0.003984 -0.010091 0.009089 0.000000 -0.031039 0.033780 -0.016658 0.007094 0.025113 -0.011069 -0.001519 -0.013935 0.022019 0.019795 -0.000395 -0.001139 -0.000563 0.048601 0.007959 0.001396 -0.000793 -0.073113 0.044167 0.000000 0.024707 0.022533 -0.026778 -0.000312 -0.004480 0.005039 0.002408 0.017457 0.003237 0.073699 0.002439 -0.011042 0.006577 -0.023892 0.000133 -0.027175 0.001512 0.000440 0.000000 -0.029813 -0.021423 0.001576 0.025748 0.000000 0.063205 0.045591 0.000444 0.003881 -0.020946 -0.060356 0.037138 0.053224 -0.018113 0.001198 0.046351 -0.000249 0.019384 0.000000 -0.035432 -0.069494 0.017055 0.019890 0.001206 0.005377 -0.041816 0.026114 0.000000 0.032990 0.022755 0.001007 0.001742 -0.025107 -0.006658 -0.001633 -0.026413 0.010137 0.023655 -0.006789 0.002036 0.019491 0.001541 -0.058741 -0.049424 0.050716 -0.016324 0.008991 -0.001563 -0.005358 0.005013 -0.070423 0.029094 -0.061845 0.017720 -0.022844 
-0.007611 0.007646 0.005270 -0.063996 0.000000 0.002699 -0.001944 0.021234 0.001050 -0.003131 0.000000 -0.030812 -0.001749 0.055905 0.000000 -0.075194 230.225261 0.000103 -0.035431 -0.044639 0.000190 0.001381 0.001281 0.045137 -0.004214 -0.007697 0.019630 -0.030581 0.000207 0.070960 0.009944 0.020119 0.003693 0.000000 -0.047206 -0.044735 -0.018056 -0.027421 0.020172 -0.035151 0.000000 -0.046780 0.016353 0.029517 -0.076185 -0.007967 0.000000 0.072543 -0.000233 0.045908 0.002984 -0.000735 -0.010017 -0.034575 -0.005023 0.022032 0.002406 0.075121 -0.002149 -0.001358 0.017001 -0.000230 -0.004836 0.007667 0.000000 0.010104 -0.001654 0.007204 0.015830 0.000275 0.051400 -0.009491 0.026039 -0.001642 -0.051307 0.030466 0.013359 0.000590 -0.000819 -0.000295 -0.003491 0.000556 0.012896 0.043455 0.025453 0.022077 -0.019309 0.003769 -0.000862 0.062965 -0.000436 -0.005730 0.047153 -0.036811 0.000177 0.009995 0.009011 0.000812 -0.022175 0.061287 -0.045191 0.000665 -0.019242 -0.026952 -0.025750 0.010018 -0.005889 -0.011012 0.064084 0.000000 0.004119 -0.020717 -0.000178 0.000000 0.000420 0.008613 -0.014770 0.000000 0.009278 -0.011692 -0.012785 -0.012311 -0.017499 0.003794 0.003576 0.001360 0.002618 0.009150 0.007800 0.001061 -0.030677 0.055702 -0.041109 -0.007501 -0.066335 -0.011234 0.008495 0.010365 -0.073183 0.016028 -0.068852 0.000323 0.013363 -0.017168 -0.002049 -0.001544 0.063763 -0.004334 -0.005815 0.043077 -0.057353 0.050813 -0.059416 -0.009309 0.075849 -0.022179 0.000144 -0.073822 -0.010346 0.000800 0.000163 0.001165 -0.021370 0.020903 0.000275 0.029967 -0.017862 -0.033251 -0.005271 -0.000237 0.018559 0.037045 0.007660 0.000440 -0.000137 0.000977 0.040102 0.000000 -0.014979 0.037911 0.004786 0.024054 0.022910 0.000000 -0.003561 0.000853 -0.004063 0.035668 -0.030261 0.033329 -0.040428 0.006871 0.001050 0.031628 0.022818 0.004532 
-0.005472 -0.052810 0.005764 0.041420 0.010463 0.043084 -0.035505 -0.059296 0.001053 0.004516 -0.006771 0.001677 0.009595 -0.009078 -0.050885 -0.000918 0.000103 109.007324 0.000000 0.006615 0.050018 -0.000966 0.047103 -0.006217 0.060838 0.015034 0.033193 0.000755 0.023702 -0.069998 0.012109 0.051855 0.006886 -0.001180 0.001220 0.012208 0.000664 -0.005736 0.040782 -0.034595 -0.070049 -0.025686 0.000276 0.016723 -0.001518 0.000668 -0.008355 0.073772 -0.029510 -0.053024 0.019006 0.001786 -0.000440 0.070844 -0.024651 -0.006341 -0.023669 0.002065 -0.020648 0.055456 -0.005755 -0.003198 0.009271 -0.002546 -0.005490 0.010890 -0.001011 0.044902 0.002371 -0.014868 -0.007697 -0.000872 0.002625 -0.027548 0.000000 -0.020711 -0.021115 0.001578 0.027140 0.004334 0.042142 0.012162 0.000390 -0.023661 0.011735 0.021801 0.003057 0.005217 0.027399 -0.007047 -0.000414 0.072755 0.002814 0.023549 -0.064735 -0.011672 -0.016509 0.025126 0.012718 0.037406 -0.043312 -0.006234 -0.007817 -0.029108 0.020850 0.007318 0.024813 0.002728 -0.001445 0.035881 0.004265 -0.003557 0.000323 -0.009285 0.000000 0.063535 0.067649 -0.016757 -0.001147 -0.026685 -0.002850 0.015088 -0.000593 0.001082 0.009795 0.043263 0.015563 -0.013905 0.007777 0.074665 0.015164 0.055924 0.045607 0.003349 0.005650 -0.043254 0.000000 0.000170 0.046354 -0.010104 0.003573 0.015147 0.020680 0.000159 0.031611 -0.056525 0.008199 -0.021480 0.001788 -0.062998 0.067836 0.044997 -0.018377 -0.002154 -0.008519 0.002016 0.023244 -0.000378 -0.061929 0.024324 -0.016819 0.000493 0.010142 -0.051557 -0.005851 0.000000 -0.002758 -0.039721 0.000000 0.005145 0.028839 0.001587 -0.000431 0.018972 0.001845 0.043466 -0.072414 0.028344 0.073301 0.002662 -0.055451 -0.011859 0.000520 -0.002103 0.000322 0.014692 -0.017537 0.011301 0.055479 0.045956 -0.007647 -0.011721 -0.066497 0.027952 -0.003061 0.018943 
-0.008663 0.000000 0.001306 0.004369 0.076174 -0.000154 0.000350 -0.000319 0.006594 0.057312 -0.000688 0.022112 0.002172 0.001041 0.000000 0.051228 -0.035431 0.000000 116.941393 -0.011146 0.000542 -0.000406 0.056191 0.031488 0.000278 -0.021365 -0.002105 -0.009150 -0.014275 0.038524 0.001800 0.006151 0.005643 -0.074851 0.001384 0.036097 -0.008825 -0.028416 -0.043931 0.042704 0.000000 -0.037052 0.036499 -0.034974 0.041387 0.000000 0.000000 -0.031641 -0.006170 0.023455 0.022570 0.006379 0.004463 0.070492 -0.002915 -0.017004 0.002095 0.000000 0.025342 -0.007224 0.003818 -0.001493 -0.009028 -0.057658 0.000000 0.000000 0.026814 0.025518 -0.054207 0.046206 -0.003710 0.002611 0.051827 -0.005537 0.002021 -0.027231 0.012328 0.000495 0.007537 -0.059338 -0.012013 0.043453 -0.036551 -0.048541 -0.003738 -0.009454 0.032188 -0.027234 0.034901 0.035653 -0.018449 -0.064658 -0.025844 0.014192 0.013755 0.036674 -0.036292 0.001787 -0.046610 0.007687 0.071831 -0.077760 -0.077044 0.018017 -0.004410 -0.009228 -0.020636 -0.002627 0.061145 -0.000359 0.000382 0.045851 -0.011328 0.005938 0.002056 -0.001424 -0.014927 -0.000704 0.023408 -0.041037 -0.020017 -0.017437 -0.036040 -0.043629 0.002499 -0.014228 0.013251 -0.002348 0.021321 0.029422 0.058599 0.016678 -0.001372 -0.001083 0.029977 -0.051041 -0.007997 -0.007154 0.005066 0.072863 0.000658 0.000000 0.074744 -0.024951 0.035800 -0.000708 0.001541 -0.047090 -0.019633 0.033714 -0.033819 0.007330 0.031430 -0.014937 -0.000726 -0.004307 0.016283 -0.001811 0.003981 0.000000 0.000000 -0.007362 0.001702 0.033144 0.007548 0.022012 -0.040843 -0.017889 0.077329 0.002668 0.016872 -0.017901 -0.062580 0.000788 0.009159 -0.067983 -0.070505 0.001409 0.008637 0.000347 0.000255 0.000526 0.000000 0.057285 -0.005944 -0.059323 -0.000237 0.074481 0.011293 0.044068 -0.007152 -0.005748 0.000876 0.003327 0.076157 0.052155 
0.000000 -0.014133 -0.068769 -0.012812 0.045002 0.021959 0.003434 -0.017848 0.017105 0.001406 0.021913 0.070922 0.065716 -0.029400 0.014198 0.030652 -0.044639 0.006615 -0.011146 2.865608 0.008008 -0.068459 0.039609 0.021800 -0.077866 0.023110 -0.009348 0.011022 -0.000121 0.000000 -0.051459 -0.005284 0.076614 0.038254 -0.026813 0.016130 -0.076740 0.054165 -0.042834 -0.016068 -0.016961 -0.048222 0.001419 0.019700 0.008292 0.041076 0.000000 -0.042110 -0.022946 0.025809 -0.033824 -0.013974 0.000754 -0.014517 0.031152 -0.015552 0.066919 -0.031637 -0.038672 0.044011 0.032318 0.002972 0.042209 0.029473 0.002962 -0.046721 0.023090 0.062500 -0.016591 0.004244 0.017590 -0.045376 0.015482 -0.048859 -0.041395 0.001014 0.003359 -0.015754 0.038569 -0.047391 -0.035209 0.050841 0.035411 0.038454 0.001953 0.005434 -0.028987 -0.035421 0.030201 0.000599 0.008930 0.016068 0.002065 0.069418 -0.000693 0.039222 -0.051728 0.020230 0.034286 -0.070959 0.011838 -0.077423 -0.013737 0.004851 0.058383 -0.010938 -0.002119 0.062826 0.001080 0.006700 -0.013066 -0.029879 0.016091 0.042759 -0.021619 -0.029945 -0.014779 -0.044403 0.068882 -0.027736 0.025333 0.011453 -0.027379 0.073431 -0.024947 -0.026559 0.028722 -0.029897 0.031559 -0.001295 0.016897 0.025822 0.043726 -0.001595 0.003698 0.031930 -0.057027 0.037099 -0.056941 0.007676 -0.047073 -0.003326 0.006842 -0.019727 0.059477 0.000000 -0.041139 -0.026926 -0.020539 0.029363 0.040990 -0.048979 -0.002106 0.037767 0.021159 0.027193 0.018132 -0.040297 -0.006229 0.014749 0.007598 0.033924 -0.008074 0.051342 0.014564 0.001864 0.067392 0.038976 0.023792 0.014537 -0.064876 -0.075239 0.040169 0.015461 0.041125 -0.020464 0.064912 -0.018718 -0.009308 -0.014479 0.021744 -0.029192 -0.010110 0.050949 0.019106 -0.032053 -0.055049 0.005747 -0.035434 -0.001893 0.042374 0.002004 0.003457 0.056630 -0.050375 0.031426 
-0.000284 -0.033250 -0.031820 -0.017212 -0.000118 -0.014345 -0.073693 -0.012951 -0.016681 0.000000 -0.055910 -0.045781 0.000000 0.004652 -0.067785 0.000349 0.000190 0.050018 0.000542 0.008008 328.357649 -0.003564 0.037025 -0.039378 -0.011834 -0.015569 -0.039383 -0.070320 -0.003567 0.000000 -0.001780 0.002694 0.001802 -0.010408 0.009492 0.052506 -0.007142 0.002498 0.010589 -0.003575 0.000000 0.008217 -0.059311 -0.043161 0.006057 0.000000 -0.013418 0.045871 0.044838 -0.029967 -0.060638 0.011956 0.018389 -0.046629 -0.001806 -0.002396 0.002577 -0.000177 0.055010 0.018663 0.000596 0.026453 -0.027879 0.029337 0.000000 -0.014644 -0.017489 0.002639 0.004819 0.022578 0.022995 -0.072255 -0.019521 0.039854 -0.055397 0.033458 -0.056046 0.042380 -0.009007 0.014004 -0.028503 -0.053636 0.008791 -0.056142 0.016452 0.001982 -0.013658 0.012656 -0.000640 0.076111 0.004797 0.067671 -0.006008 0.010210 -0.000107 0.002642 0.000241 -0.000663 0.000411 -0.006456 0.040739 0.000317 0.036233 -0.008281 0.037483 -0.001629 0.057593 0.000215 -0.000189 0.007115 -0.027291 0.007801 -0.003393 0.004768 0.000822 0.000191 -0.072748 -0.000732 -0.008182 0.004823 -0.048143 0.005728 -0.018057 0.000256 0.002978 -0.000263 -0.056383 0.007485 0.021597 -0.058946 -0.062655 0.002802 0.019994 0.024609 -0.054981 0.022049 0.059713 0.000633 0.001040 -0.006475 0.064927 -0.049077 0.054561 0.009151 0.036961 -0.024082 -0.052503 0.051012 -0.063135 -0.031686 0.062064 -0.007322 0.046754 0.063265 0.016645 -0.013233 0.071829 0.000621 0.021589 0.004458 0.009693 0.025439 0.003333 0.021015 -0.011794 -0.005459 -0.039207 0.028862 0.016211 0.000759 0.019161 0.021959 -0.022494 0.051851 -0.006016 -0.034288 0.000000 0.000000 0.006631 -0.000376 0.009951 0.000000 -0.006704 -0.018568 0.000000 0.003738 0.003846 0.007679 -0.017272 0.000272 0.045168 0.007634 0.002006 0.002754 -0.001923 0.006296 
