465.392652 -0.009623 -0.000223 -0.045054 -0.007320 0.000000 0.031653 -0.006767 0.000000 -0.004896 0.003754 -0.051972 0.007659 0.039529 -0.011672 -0.000635 0.000000 -0.008511 0.002952 -0.064307 0.000664 -0.006785 -0.007443 0.000000 -0.059154 -0.056023 0.024456 -0.004463 -0.000802 -0.063014 0.026937 0.004497 -0.000174 0.001977 -0.000755 -0.000201 0.011278 0.005577 0.000000 -0.026710 0.000000 -0.006866 -0.000340 0.062455 0.000000 0.001263 -0.002494 0.036309 -0.000734 -0.000277 0.051352 0.001405 0.020612 0.007545 -0.005743 0.001323 -0.041467 -0.012250 0.041115 -0.057867 -0.001003 0.033064 0.009622 0.004016 -0.050456 0.006527 -0.051826 -0.061733 -0.055086 0.004057 0.000582 0.031855 0.010915 0.024041 -0.014494 0.036459 -0.035907 -0.003127 -0.028939 0.005267 0.000000 -0.003003 0.025113 -0.029364 0.005407 -0.002519 0.000000 0.019991 0.044484 0.000000 -0.001118 -0.060543 0.002458 0.010727 -0.013811 -0.005538 0.000000 0.025184 0.015177 -0.048827 0.018197 -0.034731 0.005109 0.026390 0.044052 0.038947 0.038514 -0.027198 0.000000 0.008184 -0.044872 -0.002636 0.020725 0.000750 -0.003859 -0.048115 -0.062505 -0.030927 -0.055936 0.012945 -0.008443 -0.000356 0.002595 -0.013711 0.023578 0.008105 0.000000 0.000000 -0.009566 -0.017861 0.017611 0.046122 -0.003736 -0.030941 0.029097 0.003896 0.002428 0.006032 -0.004837 0.002159 -0.001470 -0.000577 0.000178 0.000000 0.012468 0.000359 0.022143 -0.014414 0.002124 0.009384 -0.024404 -0.006435 0.005956 0.047485 0.003934 0.005167 0.008805 0.050688 -0.007010 0.000000 0.000971 -0.008055 -0.006981 -0.000257 0.002926 -0.015690 -0.030558 0.014483 0.001585 -0.000509 0.006744 -0.034172 -0.016205 0.000320 0.003555 -0.039799 -0.002856 -0.026983 0.000000 -0.008625 -0.004826 0.000000 0.023602 0.006491 -0.000861 -0.003996 -0.020287 0.005376 0.000000 -0.027806 0.015237 0.000378 0.026560 -0.004643 -0.001302 0.027402 
-0.009623 2.040683 0.015233 0.028037 0.007251 -0.021118 0.029086 -0.009553 0.052027 -0.031782 -0.016495 0.005794 0.016609 0.003086 0.058590 0.007103 0.032638 0.054757 -0.057055 0.000000 -0.016032 0.017260 -0.044422 0.000000 0.037937 -0.020098 0.017343 0.029696 0.039017 0.018503 -0.005264 0.010883 -0.051752 0.017755 -0.013973 0.032011 0.031945 0.009328 0.052236 -0.001840 -0.024542 0.003579 0.035101 0.009437 -0.001694 0.004716 -0.015898 0.034518 -0.029346 -0.032192 -0.005259 0.000629 -0.003931 -0.018360 0.030023 0.036446 0.039293 -0.012213 0.032023 -0.054520 -0.023594 -0.028738 -0.046592 -0.003016 -0.016397 -0.033998 -0.001551 0.004420 -0.018889 -0.011948 -0.051193 -0.038213 0.029576 -0.006148 0.031585 -0.000921 0.049581 -0.000504 -0.003930 -0.005804 0.029092 0.000000 0.031283 0.007599 0.010728 -0.013094 0.001213 0.027717 -0.017115 0.008432 -0.043690 -0.001855 -0.013346 -0.021757 -0.049003 0.044389 0.045283 -0.015280 -0.016643 -0.009018 -0.005114 0.047964 -0.034972 0.029125 0.019802 0.000000 0.043656 -0.008970 0.042175 0.041398 0.002577 0.023962 0.007607 -0.026992 -0.044695 -0.018820 -0.001439 -0.016987 -0.017644 0.017331 0.017924 -0.010720 -0.007867 -0.008638 0.011758 0.033058 0.029357 0.000552 -0.025088 0.023976 0.000210 0.010036 -0.032782 -0.004231 -0.039226 -0.000946 -0.003535 0.034605 -0.011650 0.031415 0.035384 0.000158 0.009634 -0.004333 -0.046549 0.007558 0.013959 0.007930 0.045027 0.009134 -0.034383 -0.050854 0.012328 0.011955 0.044230 0.001175 0.005483 0.008496 0.029520 0.000000 -0.041470 0.029903 0.017642 0.001737 0.009735 0.016522 0.001112 0.018203 0.042873 -0.044062 -0.002250 -0.054465 0.061579 -0.007021 -0.050669 -0.014410 -0.042167 -0.051752 0.011849 -0.010431 0.025471 -0.027374 -0.037748 -0.060220 -0.026863 -0.034106 0.041317 0.047190 0.037061 -0.027747 0.004040 0.021039 0.055477 -0.020983 0.002375 0.010655 
-0.000223 0.015233 0.167789 0.010429 -0.058737 -0.019070 -0.029420 -0.005363 0.021836 -0.023991 0.023417 0.018810 0.010312 -0.003221 -0.014893 -0.039000 0.000000 -0.046842 0.022134 -0.028911 -0.007149 0.007840 0.005219 0.005761 -0.004261 -0.056418 0.006607 -0.034266 -0.007413 0.062286 0.016905 0.003386 -0.011348 -0.025137 0.000000 0.007513 -0.001436 0.026986 0.000000 -0.003651 -0.052275 0.026563 0.013198 0.001191 -0.037580 0.056520 -0.016190 -0.052272 -0.007223 0.056639 -0.027075 -0.051207 0.020630 -0.058977 0.015548 0.027712 -0.063181 0.004849 0.040452 0.021858 0.049733 -0.011754 0.033033 0.001036 0.029384 -0.023443 0.005377 -0.007507 -0.003706 0.016976 -0.049541 0.036722 0.039014 -0.023820 0.035728 0.056996 -0.036671 0.059712 -0.011397 0.009152 0.025203 0.002156 -0.013915 0.050568 -0.034714 0.006993 -0.018138 -0.042245 0.048737 0.028286 -0.027911 0.003779 0.000000 0.027138 0.033617 0.025644 -0.042947 -0.007939 0.021439 0.058430 0.007349 -0.009991 -0.000644 0.003594 -0.013438 0.027123 0.034578 0.015961 -0.005449 0.058084 -0.041661 -0.006024 -0.033597 -0.055094 -0.051590 -0.012513 0.031690 -0.029274 -0.001019 0.005054 -0.045254 0.021103 0.012600 -0.020852 0.033465 -0.002574 -0.021970 -0.005543 -0.005674 -0.004529 -0.001324 0.000000 0.052181 -0.060125 -0.001628 0.002104 0.059373 0.040462 0.037727 -0.015520 -0.044369 0.014097 0.007273 -0.053174 0.036779 -0.024275 0.044880 0.014112 -0.032246 -0.020394 0.010182 -0.012532 0.006449 0.028118 0.030237 -0.031758 0.002766 0.004082 0.004118 0.000000 -0.034026 0.061348 0.023806 0.008554 -0.053026 -0.000254 -0.023185 0.040971 -0.026925 -0.024468 -0.033627 0.000000 0.000000 0.005924 0.019242 0.009489 -0.040436 0.021071 0.035265 -0.028512 0.021182 -0.022130 -0.052137 0.001936 0.009866 -0.046958 -0.029759 0.014398 0.004054 0.059210 0.032192 -0.001772 0.034645 0.029022 -0.000315 0.050134 
-0.045054 0.028037 0.010429 0.023183 -0.004230 -0.026546 0.046981 0.016988 0.002312 -0.000926 0.020987 0.008321 -0.000554 -0.008413 -0.003071 0.001774 -0.000112 -0.001300 0.062999 -0.001096 0.058910 0.005840 -0.006021 0.031161 0.041408 -0.002721 0.003166 -0.028309 -0.030580 -0.011714 0.029449 0.008631 -0.001368 0.000704 -0.014228 0.009007 0.048767 -0.056822 0.000871 0.019171 -0.007266 -0.011597 0.058285 0.013881 -0.001712 0.000949 -0.003737 -0.001708 0.001783 -0.000911 0.003133 0.001895 0.060396 0.000114 0.006700 -0.002650 0.000000 0.000000 -0.046621 0.007879 -0.005222 0.000000 -0.008064 0.001576 -0.001628 0.034491 0.002048 0.005560 -0.001088 -0.009471 -0.029289 -0.005152 -0.064218 -0.002834 -0.015784 -0.007762 -0.003014 0.016494 0.001992 -0.010469 0.031565 -0.002164 0.003130 0.000000 0.061440 0.002005 0.019438 -0.000452 0.032461 0.000761 0.003035 -0.007527 -0.001767 0.000751 0.002005 0.003620 0.009616 0.001043 -0.043144 -0.001861 -0.006028 0.002180 0.006441 -0.009231 0.005453 -0.000324 0.003752 -0.003214 -0.005007 -0.009268 -0.035577 0.020394 -0.049584 0.001224 -0.003824 -0.003974 -0.058227 -0.006570 0.008558 0.011773 -0.008278 0.009065 0.022790 -0.005679 0.054007 0.000949 0.028339 0.003611 -0.000170 -0.001230 -0.008888 -0.000186 0.001893 -0.021963 -0.003345 0.000607 0.000000 -0.010460 0.002237 0.042521 -0.001251 -0.002472 0.017429 -0.002315 -0.000417 -0.008455 -0.014925 0.004591 -0.010114 0.004828 0.001503 -0.000331 -0.055854 0.005522 -0.007448 -0.002599 -0.039365 -0.006189 0.005576 0.000000 0.020503 0.000979 0.004394 0.013711 -0.004056 -0.002789 -0.008088 -0.008327 0.005032 0.024065 -0.020292 -0.006935 0.008563 0.013659 0.024130 -0.004547 0.039798 0.002221 -0.001269 -0.004373 0.003283 0.010647 0.006487 0.003203 0.010787 0.059753 -0.014461 -0.039599 0.023857 0.029281 0.034352 0.049524 -0.015061 0.011410 0.000772 0.000000 
-0.007320 0.007251 -0.058737 -0.004230 42.010587 0.001266 -0.035756 0.007148 -0.000309 -0.022231 -0.014133 0.018660 -0.000844 -0.000155 0.002732 0.026434 0.027605 0.002424 0.044107 0.006738 -0.046435 0.011517 0.028849 -0.000326 -0.007604 0.003291 0.001364 -0.020801 0.002776 -0.033493 -0.011962 0.000000 0.032539 -0.023304 -0.002009 -0.017166 -0.044581 -0.000257 -0.009446 0.017924 -0.011235 0.004160 -0.000405 0.006751 0.000955 0.001493 0.001207 0.007338 0.000000 -0.001945 0.017296 -0.005276 0.006571 -0.000259 -0.008294 -0.032495 0.011570 -0.003021 -0.028911 -0.021523 -0.057765 0.004613 -0.007242 -0.001367 -0.001420 0.001448 0.057887 -0.034654 -0.001070 0.056866 0.052030 -0.001375 -0.000999 0.018993 0.007440 0.008054 0.000329 -0.050482 0.046602 -0.024023 -0.007970 0.005827 -0.010827 -0.000909 -0.004788 0.005662 -0.000155 0.019240 0.003906 -0.042693 0.008476 -0.022016 -0.002825 0.009503 -0.006953 0.017491 0.002195 0.007077 -0.000588 0.000843 0.021038 -0.038140 -0.016952 0.002922 0.021521 0.010142 0.041772 0.041235 -0.000308 0.000822 -0.000399 -0.037017 0.000969 0.003258 0.045335 0.002401 -0.006875 0.000207 0.014582 -0.050036 -0.000137 -0.031343 0.055524 0.026029 -0.006447 -0.004323 -0.001409 -0.024277 -0.034043 -0.004370 -0.011399 0.008786 -0.005915 0.041352 0.063720 0.011720 -0.008576 0.014279 0.001082 -0.048397 0.000108 0.000000 0.017143 0.000118 -0.001035 0.000000 0.008779 -0.043933 0.017114 0.009084 0.000525 0.005511 0.009672 0.062964 -0.004249 0.006167 0.002055 -0.002861 -0.021034 0.000000 -0.055391 -0.015116 0.018297 -0.041701 -0.043065 0.001032 -0.050223 0.000359 0.062665 0.038664 0.001867 -0.003723 -0.000529 0.000666 0.063003 -0.061302 -0.001452 -0.025994 -0.002508 0.034222 -0.000257 0.000782 0.016254 -0.008851 -0.029647 0.007651 -0.003222 -0.036488 0.000740 -0.009779 -0.001591 0.000000 0.006359 -0.000703 0.052385 -0.025224 
0.000000 -0.021118 -0.019070 -0.026546 0.001266 6.844247 -0.017724 -0.014861 0.006554 -0.001918 -0.043746 -0.007740 0.027244 -0.007357 -0.003254 0.013362 -0.029148 -0.004333 0.002002 0.000484 0.001854 -0.013404 -0.041925 -0.017348 0.021964 0.029956 0.010915 0.011384 0.023914 -0.019050 0.057013 0.013689 0.002300 0.024925 -0.048631 0.030244 -0.012802 0.030441 -0.032982 -0.014232 0.002374 0.032617 0.019971 0.000949 0.011177 0.000000 -0.042252 0.004783 0.041398 0.002605 -0.047449 -0.002488 -0.046224 0.013421 -0.007078 -0.032050 -0.026138 -0.021648 -0.031240 0.055717 0.022771 -0.059583 0.014779 -0.022275 -0.052399 -0.005734 0.002509 0.042913 -0.023229 0.002853 -0.015951 0.008612 0.005175 0.000000 -0.007900 0.002024 0.022804 -0.017719 -0.012781 0.035950 -0.008620 0.010835 -0.022904 -0.008277 0.005348 0.008650 -0.006662 0.051343 -0.032175 0.032822 -0.030177 0.009621 -0.007808 -0.044249 0.031356 0.013846 -0.034431 -0.023734 0.019122 0.009253 0.036408 -0.053634 0.010491 0.001720 -0.007687 -0.021448 -0.041107 0.013015 -0.000634 0.000947 0.040867 0.010407 0.014785 0.005576 0.008698 0.028512 -0.047141 -0.048559 -0.009686 -0.001176 -0.015891 0.015142 -0.005555 -0.019211 -0.043974 -0.020787 0.035862 0.027949 -0.028151 0.004633 0.030471 0.008045 -0.050959 -0.052163 -0.002848 0.002478 0.010187 0.045238 -0.035394 -0.004791 0.009000 0.011137 -0.030864 -0.008657 0.000716 -0.013010 -0.007956 -0.002245 -0.023439 0.036931 0.015758 0.005522 -0.046161 0.016985 -0.027606 -0.034232 -0.011248 0.038562 0.005781 0.000000 -0.028968 0.010172 -0.039219 -0.033114 -0.009612 -0.002667 0.017439 0.004266 -0.009505 0.033124 0.045370 -0.010437 -0.028479 -0.028525 0.002031 -0.007479 -0.040433 -0.009930 -0.008442 -0.029535 -0.011129 -0.039016 0.033755 0.025215 0.051415 -0.025167 0.003348 0.000000 -0.011083 0.002887 -0.007762 -0.002437 -0.010730 -0.006902 -0.017309 -0.043124 
0.031653 0.029086 -0.029420 0.046981 -0.035756 -0.017724 15.988646 0.017591 0.017898 0.003020 -0.039120 -0.055821 0.013725 -0.002243 0.012974 0.007186 0.021173 0.012990 0.002904 0.010354 -0.006575 -0.000804 -0.032229 -0.007979 -0.018698 -0.004977 0.037142 -0.003241 -0.002668 0.008628 -0.017996 0.004484 0.044329 0.062701 0.012748 0.000748 0.000842 -0.023886 -0.013708 0.000000 0.029807 0.000420 -0.003140 0.029603 0.062386 0.023122 0.018299 -0.004656 0.007713 0.000559 0.047824 -0.013761 -0.003643 -0.049987 -0.050160 0.014675 0.024579 -0.003368 0.009431 0.060079 -0.000542 -0.011803 0.030984 0.035069 0.026977 0.001959 0.002105 0.011408 -0.002066 -0.008762 0.004652 -0.000306 0.024573 0.005568 0.037689 -0.011062 -0.004572 -0.042794 -0.009667 -0.012146 -0.001693 -0.051228 -0.057223 -0.055030 0.025598 -0.037467 -0.005230 0.049500 -0.001496 0.018638 0.003926 0.008092 0.006742 0.020242 -0.002892 -0.043762 0.001180 -0.043137 -0.019200 -0.049893 0.011705 -0.037194 -0.023898 -0.044954 0.001969 -0.004374 -0.012495 0.039461 0.010367 0.003553 0.059255 0.021370 -0.005702 -0.000205 -0.029942 0.007923 0.040761 -0.006743 -0.052268 0.006899 -0.012744 -0.001249 -0.044971 -0.014951 -0.000340 0.002148 -0.059808 0.011921 -0.000188 -0.061549 0.017518 -0.009038 0.000000 0.026447 -0.003406 0.001462 0.001306 -0.029411 0.001392 0.008754 0.006578 0.047232 -0.062088 0.034508 0.010486 -0.023232 -0.005959 -0.021583 -0.000223 0.004787 0.015866 -0.042683 0.050270 0.015968 0.034515 -0.001771 -0.006960 0.050044 -0.016393 0.000000 -0.005113 0.007608 0.005786 -0.003347 -0.021634 0.008793 -0.020002 -0.017250 0.000531 -0.063195 0.000000 -0.006272 0.000144 -0.023176 -0.001815 0.001824 0.062092 0.037063 0.035421 -0.026536 0.000909 0.029902 0.003194 0.010176 -0.008330 0.014344 0.011399 -0.018737 0.007034 0.001722 0.004637 -0.006394 0.000000 -0.045572 -0.053518 0.017957 
-0.006767 -0.009553 -0.005363 0.016988 0.007148 -0.014861 0.017591 0.050478 0.029517 -0.002545 -0.000674 0.014307 -0.022652 -0.003273 -0.002156 -0.000433 0.000833 -0.027582 -0.012817 0.011981 -0.000413 -0.001502 -0.010228 0.016716 0.023711 0.014242 0.001873 -0.059221 0.003135 0.008443 0.026162 0.007362 0.011465 0.064408 -0.024431 0.011809 0.033986 0.001427 -0.023479 -0.005789 -0.000605 0.028909 0.002796 -0.031150 0.051767 0.004625 -0.005925 -0.023053 -0.027729 0.000781 -0.001009 -0.001205 0.044090 -0.004268 0.004284 -0.007905 -0.004266 0.029132 0.012971 -0.001281 -0.042632 -0.000135 -0.002072 0.000943 0.011439 -0.032303 -0.005440 0.011440 -0.002391 -0.037785 -0.008863 -0.002685 -0.015810 -0.009376 0.001336 -0.026190 -0.004394 0.024655 0.007781 0.031171 0.001775 0.005619 0.006871 -0.004720 0.014276 -0.019868 0.000688 -0.000695 -0.039707 -0.001421 0.016282 -0.018293 -0.018614 0.033432 0.009732 -0.001712 0.010848 0.008196 0.029019 -0.007160 -0.015907 0.013049 -0.002325 -0.017248 -0.001159 -0.017562 -0.015234 -0.010407 -0.006513 -0.010259 -0.050634 -0.004861 0.001010 -0.000644 -0.037064 0.011454 -0.015189 -0.045450 -0.059816 -0.018170 -0.000509 0.025797 0.017184 -0.012808 -0.063349 0.046471 -0.035745 0.000804 0.011696 -0.005122 -0.007552 -0.001574 0.000535 -0.016016 -0.026666 0.000000 -0.042413 0.023721 -0.003677 0.033175 -0.001515 -0.001083 -0.004179 0.062524 -0.028605 0.003343 -0.052597 -0.063020 0.003782 -0.000251 0.009396 0.000698 0.000671 -0.008361 0.001823 -0.000764 -0.010828 -0.004168 0.007370 0.000000 0.024831 0.004506 -0.019650 0.008146 0.018766 -0.013870 0.011563 -0.004494 0.027416 0.019744 -0.058763 -0.005633 0.052751 0.000000 0.057592 -0.034890 -0.000936 0.050856 0.030483 0.002330 0.051313 -0.000266 -0.032808 0.004727 0.023452 0.017020 -0.035005 0.031766 0.057677 0.024987 0.003864 0.013073 -0.016774 0.011000 0.002309 -0.044973 
0.000000 0.052027 0.021836 0.002312 -0.000309 0.006554 0.017898 0.029517 543.492651 0.004768 0.061450 0.001042 0.006529 -0.024123 -0.002866 -0.053902 -0.000967 0.004204 -0.013994 -0.008129 0.026487 0.014234 -0.036700 0.028577 -0.026077 0.007280 0.004191 0.037366 0.015847 0.053119 -0.003410 -0.000510 -0.030685 0.000000 -0.012515 -0.016012 0.007921 0.000000 0.001663 0.031926 0.000000 0.005038 -0.000512 -0.014202 -0.031636 0.028105 -0.003069 -0.032409 0.045973 0.001057 -0.000407 0.059292 0.015793 0.040651 -0.020658 0.000000 -0.012749 0.006722 -0.003337 0.035389 0.000479 -0.005816 0.000000 -0.015197 -0.005085 0.000412 0.001399 0.000000 -0.000687 0.036839 -0.016770 0.003364 0.063865 0.043825 0.003437 0.010408 0.005186 0.003012 0.014394 0.005320 0.035143 -0.048976 -0.020577 -0.059191 0.015900 -0.000677 -0.008917 -0.022821 0.017563 -0.006201 -0.023423 0.023186 0.000310 0.000538 0.016755 -0.015892 0.021528 0.000000 0.009611 0.053857 0.002515 0.039239 -0.062587 -0.003037 -0.002224 0.040775 0.004353 -0.012950 0.000000 0.011377 0.013738 -0.041554 0.000637 0.002860 -0.003436 -0.000244 0.000000 0.000000 -0.041475 0.001312 -0.001897 -0.061198 -0.021328 0.008230 -0.064498 0.006696 0.000267 -0.007284 0.025970 -0.004786 -0.005112 0.000000 -0.045729 -0.003741 -0.029518 -0.002448 -0.000830 -0.005722 0.014073 0.052447 -0.000322 0.002421 0.011165 0.001584 0.044157 0.001745 0.009565 -0.016089 0.036544 -0.013655 0.051549 -0.057825 -0.017657 -0.007974 0.011980 -0.001712 -0.013291 -0.019623 0.029457 0.000000 0.062982 -0.021200 0.048805 -0.003686 0.053872 0.002116 -0.028739 0.000000 0.000000 0.000000 0.012969 0.002565 0.000000 -0.028585 0.026243 0.007861 0.041125 -0.008741 -0.008126 -0.009655 0.000000 -0.029389 0.022858 -0.006311 -0.064276 0.000412 0.019793 -0.048035 0.002344 0.000000 0.000000 -0.000181 0.000000 0.003632 0.033742 -0.034021 
-0.004896 -0.031782 -0.023991 -0.000926 -0.022231 -0.001918 0.003020 -0.002545 0.004768 405.509328 -0.063865 -0.019970 -0.003501 0.000000 0.000190 0.018785 -0.001724 -0.015281 0.030613 0.045542 0.000000 -0.004646 0.013319 -0.000347 -0.055355 0.035397 -0.032694 0.029441 0.011326 0.008166 0.027425 0.000359 0.000000 -0.002112 -0.052099 0.012665 0.005170 0.000000 -0.000326 -0.016884 0.011741 -0.013224 0.016075 -0.013651 0.014555 0.000000 0.024371 0.056461 0.003138 0.024480 0.021059 -0.000412 0.002935 0.007300 -0.018849 0.000507 0.035300 0.000593 -0.017373 -0.014702 0.000000 -0.025773 0.000000 0.022147 0.046670 -0.008094 -0.003392 0.019010 0.000733 -0.022937 0.000000 -0.027774 0.010316 -0.015939 -0.003022 0.025084 -0.032471 0.014756 -0.014653 0.000000 0.059404 0.004211 -0.044852 0.004167 -0.044173 -0.000236 0.000000 -0.013539 0.039735 -0.028581 0.040905 -0.001217 0.037088 0.000487 -0.000313 -0.012637 0.000000 -0.000959 0.031837 0.003218 0.000000 0.003753 -0.002194 0.026457 0.000000 -0.018584 -0.010017 0.011377 0.000671 0.000493 0.017409 0.010796 0.000204 -0.004235 -0.055204 0.002024 -0.005208 -0.001109 0.028892 0.000000 0.000000 0.001901 0.006074 -0.026553 -0.004598 -0.018205 -0.028805 0.013079 0.012874 -0.003808 0.003154 0.000000 -0.017243 0.003644 -0.016648 0.019091 -0.000707 -0.006843 0.002197 0.012454 -0.017831 0.000000 -0.032808 -0.002160 0.003531 0.001785 0.059135 0.003860 -0.003207 0.014459 -0.029058 0.016870 -0.005722 0.000282 -0.013528 -0.021058 0.028158 0.047868 0.028243 0.000000 0.002066 -0.017068 0.005524 -0.002067 0.000000 -0.000445 0.019651 0.006349 0.000000 -0.002378 0.011196 -0.000444 0.002109 0.019228 0.031922 0.042833 0.001147 -0.039693 0.009398 0.031446 0.000000 0.009184 0.049742 -0.008261 0.000000 0.000699 0.002184 -0.032785 -0.002972 0.041715 0.000635 -0.000969 -0.000303 -0.017764 0.019396 -0.020227 
0.003754 -0.016495 0.023417 0.020987 -0.014133 -0.043746 -0.039120 -0.000674 0.061450 -0.063865 8.897750 -0.005448 -0.041494 -0.055596 -0.005836 -0.005724 -0.003740 0.056117 0.057272 -0.000872 0.005756 0.010657 0.008879 -0.000622 0.036351 -0.010100 -0.006862 0.045337 0.000000 0.000118 -0.034940 0.007792 0.009781 0.004154 0.008049 0.002391 -0.025895 -0.011972 0.010803 0.022607 0.001244 0.015239 -0.062386 0.055332 0.003242 0.058617 -0.012729 0.006723 0.001178 -0.000266 -0.012913 0.002367 0.000000 0.046985 -0.002252 -0.012303 0.048746 0.000000 0.002688 -0.021393 -0.044957 -0.056195 0.006301 0.019992 -0.006774 -0.040692 -0.044418 0.039167 -0.002283 -0.010922 0.002008 -0.024156 0.020460 -0.020834 -0.005092 -0.001120 -0.003408 -0.051844 0.030982 0.002137 -0.060502 0.003611 -0.004410 -0.006981 0.007417 -0.026468 -0.003600 -0.042811 -0.002884 -0.024655 -0.037212 0.020029 -0.000535 0.001101 0.016944 -0.021033 0.005011 0.014904 0.027137 -0.037779 0.025950 -0.026463 0.037994 -0.002910 -0.013537 0.037954 -0.008316 0.021641 0.039696 -0.045233 0.000000 0.038902 -0.001037 0.000000 -0.018534 0.007253 -0.023144 0.022451 -0.003057 0.040725 -0.000879 0.038602 -0.000431 0.021099 -0.015177 -0.004714 -0.036303 -0.059429 -0.016257 -0.025872 -0.036627 0.005794 0.018130 -0.000669 0.001149 0.007748 0.011847 0.017488 -0.010470 0.004136 0.045647 0.024810 -0.000244 -0.019825 0.058500 -0.004027 -0.027938 -0.001034 -0.019736 0.001111 -0.013097 -0.054131 -0.045198 -0.043251 -0.047427 0.006158 -0.064433 -0.052499 -0.025251 0.000000 0.051276 -0.062847 -0.021417 0.059256 -0.004912 0.000998 0.028563 0.017947 -0.004975 0.022311 -0.014499 -0.021948 -0.005186 0.005220 0.048730 0.012276 -0.000545 -0.006557 -0.011444 -0.002239 -0.003650 -0.002756 0.007460 0.002697 0.006833 0.019030 -0.022529 -0.005153 -0.017407 0.041565 0.000196 -0.030253 0.008066 0.028790 0.003639 -0.011924 
-0.051972 0.005794 0.018810 0.008321 0.018660 -0.007740 -0.055821 0.014307 0.001042 -0.019970 -0.005448 0.149779 0.034704 0.052628 0.051351 -0.013488 0.026180 -0.023405 -0.015449 -0.005005 -0.004132 0.023784 0.014818 0.029053 -0.038911 -0.000486 -0.002212 -0.023759 -0.003181 -0.038348 -0.050443 0.002645 -0.002087 -0.000857 0.009597 0.006454 0.005957 -0.014179 -0.017828 0.001539 -0.047863 0.060390 0.028722 0.031087 -0.026049 -0.052562 -0.025016 -0.003524 -0.017910 -0.005184 0.014894 0.003294 -0.018581 -0.009422 0.011176 0.059932 0.019953 0.038964 0.029333 0.035414 -0.049315 -0.024138 0.022195 -0.003567 0.003304 -0.003328 -0.057708 0.014408 0.055902 0.044695 0.058818 0.007081 0.009702 0.046051 -0.043086 -0.006304 0.004670 -0.025018 -0.020993 0.015741 -0.047774 0.044627 -0.054101 -0.011472 0.053561 0.007630 0.009645 0.040781 -0.058528 0.007688 0.018008 0.001663 -0.040770 0.002922 -0.005325 0.001916 0.000000 -0.029122 0.020386 0.019276 -0.009978 0.042800 0.007320 0.005129 -0.009248 -0.048187 -0.044437 0.002873 0.055486 -0.058804 -0.003521 -0.017589 0.012977 -0.052306 -0.015732 -0.022357 -0.009734 0.015410 0.013060 -0.033700 0.029597 -0.023353 -0.027667 -0.004426 -0.056532 0.040643 -0.001315 0.009044 0.022523 0.007889 0.017389 0.000475 -0.014141 -0.030153 0.033222 0.019236 0.054483 0.002806 -0.020837 0.030657 0.017187 0.000904 -0.036099 0.028749 0.018482 -0.032584 0.000000 -0.013634 -0.036523 0.000000 -0.012102 0.011094 -0.040251 -0.040853 -0.028078 -0.003148 0.008484 0.038419 0.033302 0.000000 -0.014412 0.019342 -0.055475 0.012822 -0.027389 0.041967 -0.049997 0.019687 -0.060313 0.008252 -0.042471 0.012284 0.001620 -0.013097 0.041026 0.040002 0.024825 0.028935 0.057784 0.029026 -0.036611 0.003164 -0.006530 -0.012812 -0.022646 0.004928 -0.004245 -0.011871 -0.009615 0.013060 0.025625 -0.025723 0.039278 0.040508 -0.042917 -0.017353 
0.007659 0.016609 0.010312 -0.000554 -0.000844 0.027244 0.013725 -0.022652 0.006529 -0.003501 -0.041494 0.034704 93.809651 -0.009094 0.030148 -0.038042 -0.000811 0.003786 0.004597 0.000867 -0.033069 -0.019480 -0.014219 0.000000 0.047711 0.006135 -0.023564 -0.000391 -0.001835 -0.044407 0.000000 0.002995 0.035697 0.001549 0.000000 0.003607 -0.001376 -0.000917 0.028647 -0.016241 0.002096 0.001612 -0.005141 0.039896 0.016852 0.046610 0.014876 0.041252 0.009928 0.007675 0.022512 0.000000 0.032731 -0.002104 -0.021657 0.027142 0.000000 0.004786 -0.012601 -0.010097 -0.000255 -0.000527 0.038952 0.025703 -0.009762 -0.009951 0.050156 -0.002944 -0.004708 0.019794 -0.036326 -0.064251 0.009195 0.018811 -0.000616 0.001157 0.001668 -0.042636 -0.005168 -0.001247 0.000000 0.010853 0.038239 -0.022325 -0.008887 0.000000 -0.009310 -0.021370 -0.019440 0.002882 -0.040784 0.045845 0.016870 0.003414 0.008929 -0.015888 0.060815 -0.042218 -0.016124 -0.027944 0.026849 -0.047964 -0.031889 0.022637 -0.030552 -0.013112 -0.053440 0.020751 -0.001034 0.026581 -0.002905 -0.028827 -0.017758 0.031320 0.005022 0.063541 -0.002934 0.014843 0.011515 0.050426 -0.038921 -0.002239 0.008756 0.020178 0.004487 0.012813 -0.002322 0.008878 0.008685 0.007343 0.020902 0.000000 0.042661 -0.041991 -0.048938 -0.008190 0.002775 0.022335 0.007227 0.051141 0.000000 0.000909 0.024771 -0.005339 -0.016227 0.000000 0.006963 0.009507 0.004139 -0.003424 0.005254 0.003158 -0.051516 0.010508 -0.049786 -0.032779 0.017056 0.000000 -0.007851 0.000000 -0.000768 0.043252 -0.012660 -0.001259 -0.043499 0.003244 0.021503 0.017002 -0.003688 -0.006410 0.023417 0.054451 0.003180 0.062857 0.034050 -0.029412 0.004864 0.059480 -0.002001 0.010751 0.000000 -0.000206 -0.031108 -0.041357 0.004829 -0.040419 0.004642 0.002358 -0.012887 0.000949 0.001609 0.000520 0.010755 -0.005160 0.000000 -0.038275 
0.039529 0.003086 -0.003221 -0.008413 -0.000155 -0.007357 -0.002243 -0.003273 -0.024123 0.000000 -0.055596 0.052628 -0.009094 123.789758 -0.001305 -0.029683 -0.018861 -0.005948 0.001610 0.013633 0.048732 -0.054954 0.020827 0.000000 -0.012183 -0.005591 -0.003093 0.050222 0.000000 0.063073 0.003805 0.000000 -0.008884 -0.035760 0.000457 -0.000222 0.034197 -0.027213 0.000000 0.014557 0.000980 0.064402 -0.000543 -0.004138 0.000639 0.000000 -0.011040 0.037105 0.000000 0.008865 -0.000436 0.021781 0.000000 -0.039919 0.034176 -0.021942 -0.040270 -0.004636 -0.032535 0.035638 0.000721 0.000814 0.000000 -0.000298 0.000000 0.022478 0.051008 -0.054991 0.006342 0.017267 0.007510 0.024972 -0.016070 -0.006699 0.021054 0.025222 0.001823 0.042863 -0.004890 0.047718 0.005616 0.019938 -0.030976 0.003517 -0.010890 0.004766 0.000784 -0.007196 0.011186 -0.062241 0.024843 0.006308 -0.003897 -0.007044 0.000000 -0.003926 0.013689 0.021533 0.049773 0.044411 -0.000685 0.001306 -0.023833 -0.007058 -0.008661 -0.005773 -0.004201 0.027912 0.018664 0.000120 0.000136 0.019812 0.012118 0.000000 0.005616 -0.058990 0.000000 -0.001232 0.040079 -0.002213 0.000894 -0.000963 0.026358 -0.000180 -0.004476 -0.001506 0.000639 0.002589 -0.002700 0.006457 0.000752 0.000874 0.014636 -0.046654 0.022415 0.016671 0.000000 -0.001195 -0.055361 -0.009555 -0.012500 -0.009934 -0.003177 -0.058770 -0.038050 -0.002524 0.001023 0.001345 -0.015648 -0.002279 -0.007421 0.045846 -0.057723 -0.039479 0.000000 -0.011241 -0.004805 0.005097 -0.040471 0.000000 0.000000 -0.019919 0.051181 -0.025590 -0.001101 0.000862 -0.019471 0.022614 0.000000 0.002110 -0.009102 -0.006069 0.009935 -0.001659 -0.011407 0.059908 0.000471 0.050590 0.003415 -0.048753 0.039386 -0.024541 0.056932 -0.030070 0.000889 -0.046236 -0.002095 -0.002963 0.000743 -0.010477 -0.013219 0.054512 0.026476 0.044877 -0.000927 -0.028852 
-0.011672 0.058590 -0.014893 -0.003071 0.002732 -0.003254 0.012974 -0.002156 -0.002866 0.000190 -0.005836 0.051351 0.030148 -0.001305 90.203581 0.001749 0.002111 -0.006735 -0.044419 -0.001887 -0.057973 0.003170 0.015219 0.000000 -0.046761 0.004062 -0.017318 -0.030633 -0.000365 -0.014917 0.051157 -0.000469 0.004068 -0.025407 0.000568 0.001488 0.008201 0.003343 0.000000 -0.008286 -0.001460 -0.004998 0.000203 0.057940 -0.001633 0.000000 -0.025276 -0.032382 -0.033086 0.008194 0.024287 0.060573 0.003025 -0.000229 -0.004397 -0.036422 -0.000456 0.002741 -0.007454 0.003896 -0.022592 0.032568 -0.053631 -0.023592 -0.006133 0.000492 0.012489 -0.021149 -0.041918 -0.008497 -0.008150 0.018064 0.006369 -0.004143 -0.000499 -0.030394 -0.000678 0.005826 -0.040172 -0.007366 0.002699 -0.032462 -0.007094 0.000859 0.026997 -0.005811 0.001133 -0.058882 -0.003344 -0.002201 -0.003218 -0.008816 -0.029481 0.002182 -0.044887 -0.030278 -0.005583 -0.003659 0.014939 0.000000 0.017908 0.011881 0.000150 -0.003054 0.000000 0.044222 0.047445 0.034515 0.000852 0.002370 0.011815 0.048059 0.002659 -0.058972 0.010020 0.034504 -0.017860 -0.001461 0.024442 -0.001687 0.005888 0.013760 0.035997 0.039955 -0.016121 -0.030795 0.014893 0.011740 -0.025201 0.049296 0.000393 0.054579 0.016137 0.033772 -0.038775 0.012544 0.023976 0.023890 -0.007721 -0.000577 0.000000 -0.031821 0.002804 0.009023 -0.004374 0.012548 -0.021866 -0.015311 0.003188 0.000000 0.055014 -0.016310 0.001460 -0.006550 0.001621 0.007691 0.034850 0.014163 0.039340 0.000000 0.009892 0.005933 -0.057176 -0.011113 -0.000447 -0.031409 0.005995 0.011436 0.000558 0.000000 -0.043773 0.003818 -0.000353 -0.005427 0.013453 -0.041650 0.001268 -0.000321 0.008736 -0.042472 0.001307 -0.014954 0.026306 -0.033152 0.005037 0.058968 0.006032 0.019859 0.003037 0.000000 -0.002972 0.004623 -0.003028 0.000000 0.000000 -0.024836 
-0.000635 0.007103 -0.039000 0.001774 0.026434 0.013362 0.007186 -0.000433 -0.053902 0.018785 -0.005724 -0.013488 -0.038042 -0.029683 0.001749 4.893912 0.049153 -0.036283 -0.059655 -0.025565 -0.006491 -0.013147 0.000473 0.024082 -0.042312 -0.004514 0.034463 -0.018751 -0.025862 -0.001411 0.023389 -0.015017 0.033989 -0.038821 0.032526 0.006568 0.025064 -0.021498 0.008225 0.032857 -0.010268 -0.020539 -0.041666 0.052773 -0.003896 -0.015716 0.010265 0.041669 -0.043470 0.045439 0.031109 0.005474 0.007008 -0.001255 0.057412 -0.046927 0.022844 -0.015001 0.021696 -0.026110 -0.002025 -0.032324 0.002902 -0.022558 -0.000565 0.047425 0.013081 -0.062847 0.005516 0.000320 0.031950 -0.005643 -0.054164 0.017272 0.001626 0.005946 -0.005533 -0.001782 -0.005339 -0.051682 -0.011003 0.013928 -0.059316 0.012548 -0.000834 -0.040665 -0.048577 0.017971 -0.059159 -0.009506 -0.017156 0.008570 0.022407 -0.005975 0.003639 0.052485 -0.001854 -0.040049 -0.022673 0.049165 0.021691 -0.000913 -0.052241 0.022439 -0.033106 0.014513 -0.060240 -0.027643 0.034542 0.040196 -0.026317 -0.029191 0.038035 -0.003144 0.042141 -0.005381 -0.040821 -0.046660 0.000271 -0.012692 -0.006367 -0.045855 -0.018923 0.026256 -0.039419 0.062531 -0.003404 -0.010552 0.025370 0.053113 0.012463 0.012908 0.039190 -0.060324 -0.030517 -0.037853 -0.020397 -0.006244 0.026460 0.049412 0.032486 -0.007768 -0.056609 -0.022691 -0.000338 -0.055107 -0.001326 0.009729 0.058337 0.048070 0.030323 -0.060539 -0.001647 0.028988 -0.007066 -0.028591 -0.017905 -0.008135 -0.011890 0.000000 -0.014713 0.026399 0.047204 0.001115 0.044349 -0.030830 0.025571 0.022485 -0.018348 0.001940 0.000760 0.055739 -0.047234 -0.056231 -0.003116 -0.009005 -0.000883 -0.000869 -0.010388 -0.047680 -0.008489 -0.024568 0.027659 0.016290 -0.004983 0.045069 0.006633 -0.012967 -0.012717 0.009609 0.011186 -0.018523 0.057113 -0.021160 -0.007065 0.002871 
0.000000 0.032638 0.000000 -0.000112 0.027605 -0.029148 0.021173 0.000833 -0.000967 -0.001724 -0.003740 0.026180 -0.000811 -0.018861 0.002111 0.049153 687.912119 -0.043829 0.016916 -0.054012 0.000568 -0.061339 0.024533 0.002425 0.039843 0.035969 -0.057899 -0.046917 -0.033196 0.030510 0.001670 -0.025584 0.004285 0.041650 -0.011370 -0.019826 -0.009080 0.000000 0.000000 -0.019904 0.000000 0.004612 -0.047397 -0.058673 0.000000 0.000000 -0.017495 -0.001396 -0.001500 -0.024041 -0.021559 -0.004290 0.000000 0.000449 -0.023746 0.000721 -0.006716 0.000251 0.012686 -0.026656 -0.000192 -0.059300 0.037176 -0.015112 -0.041284 0.001227 0.003718 0.007497 0.012321 0.002080 0.000961 0.059030 -0.001893 -0.008501 -0.002380 -0.053270 0.010929 -0.034195 -0.052086 -0.001518 0.000000 0.002052 -0.012206 0.002447 -0.002012 0.000000 0.007266 -0.010459 0.000000 0.000000 0.000000 0.025771 0.000000 -0.007837 0.000000 0.018714 -0.005334 0.008573 0.019631 0.026679 0.000154 -0.030788 -0.000132 0.000368 -0.048198 -0.012085 -0.002896 -0.007839 0.009426 0.005518 0.057941 -0.009229 0.000000 0.007930 -0.042640 -0.003321 0.000000 0.000000 0.006833 -0.046088 0.000000 -0.000518 0.020987 0.008042 0.035330 0.003403 -0.010908 0.003107 0.035099 0.008387 -0.016600 0.000159 -0.054073 0.019188 -0.013085 -0.007451 -0.042648 -0.013954 0.010318 0.014335 -0.021785 0.001148 -0.012282 -0.002466 0.015821 -0.004365 -0.012887 -0.012703 -0.002789 -0.003401 0.000977 0.035780 0.001285 0.005742 0.037576 -0.006613 0.038489 -0.044248 0.047632 0.000000 0.052331 -0.017850 0.023681 0.003157 -0.002520 -0.036040 -0.008971 0.043802 0.000000 0.001895 -0.021998 0.000179 0.000000 0.043379 -0.047993 -0.004922 0.000000 0.000000 -0.000108 0.054071 0.021381 -0.024972 0.007075 0.046380 -0.001875 0.034247 -0.024964 0.056868 0.000000 -0.044086 0.003403 0.000000 0.000000 0.013877 0.000000 -0.002431 
-0.008511 0.054757 -0.046842 -0.001300 0.002424 -0.004333 0.012990 -0.027582 0.004204 -0.015281 0.056117 -0.023405 0.003786 -0.005948 -0.006735 -0.036283 -0.043829 1308.745629 -0.060940 0.042101 -0.051707 0.031735 -0.033791 -0.040096 -0.000218 -0.000389 -0.047794 0.032469 0.000817 0.000320 -0.045111 0.004609 0.021214 -0.000690 0.009308 0.024134 -0.006506 0.000000 0.000000 -0.011491 -0.002083 0.002595 0.000000 -0.008306 0.000000 0.000000 -0.026514 -0.032520 -0.000258 0.002972 0.000000 -0.003797 0.000000 0.027353 -0.011726 0.000000 0.000000 -0.001024 -0.054487 0.048089 -0.000432 -0.001226 0.058727 0.014409 0.000000 -0.000134 0.018547 0.000000 -0.002119 0.054316 -0.018310 -0.025745 -0.000665 -0.013042 0.013947 0.037293 -0.020473 -0.010316 0.017491 0.053138 0.017967 0.018857 -0.043401 -0.003293 0.002134 0.000000 -0.034070 -0.010109 -0.001628 0.022780 0.021246 -0.061951 0.000116 0.002371 -0.006452 0.047018 0.000600 0.035487 -0.043042 -0.001001 0.001075 -0.002132 0.013396 -0.000493 0.000993 0.007772 -0.045966 -0.016108 0.000000 -0.010597 -0.019251 0.058397 -0.001398 0.000000 0.002196 -0.000818 0.000000 0.032194 -0.034226 0.055576 -0.009117 0.033364 -0.000437 -0.056966 -0.031370 0.001800 0.001357 0.016332 0.049038 0.034262 0.033985 0.002477 0.030961 0.055718 -0.001800 -0.008940 0.000000 0.016008 0.058009 -0.005435 -0.033795 -0.002348 -0.046136 -0.001666 -0.004268 0.000000 0.055713 -0.013073 -0.002659 -0.016584 -0.037102 -0.009151 -0.015878 0.025171 -0.035080 -0.032756 -0.016321 -0.024359 0.051504 0.000000 -0.004549 -0.000255 0.002230 -0.026598 0.000000 0.000317 0.013648 0.021081 -0.029326 -0.002107 -0.054787 0.012057 0.025585 0.000151 -0.063101 0.063504 0.000664 0.000424 0.000771 -0.061658 0.004337 -0.002484 0.016178 -0.006221 0.031547 -0.006539 -0.011346 0.058694 -0.005612 0.000000 0.000788 -0.012720 0.000000 0.001330 -0.007799 0.042510 
0.002952 -0.057055 0.022134 0.062999 0.044107 0.002002 0.002904 -0.012817 -0.013994 0.030613 0.057272 -0.015449 0.004597 0.001610 -0.044419 -0.059655 0.016916 -0.060940 9.026170 -0.026790 -0.001048 0.044446 0.017869 0.024522 0.013124 0.000644 0.051287 -0.036025 0.000575 0.009101 -0.034091 0.020328 -0.006180 -0.009060 -0.027225 -0.007279 -0.016112 -0.040562 -0.002300 -0.058523 -0.003176 0.060592 -0.000288 -0.024800 -0.005335 0.010253 -0.017553 0.015517 0.014126 -0.009277 -0.033893 -0.049595 -0.012698 0.000539 0.003412 -0.001987 0.008799 -0.017401 -0.007693 0.011986 0.005141 -0.008184 0.062885 -0.040523 0.035497 0.007449 -0.002537 0.039144 -0.007319 0.038109 -0.002611 -0.028009 0.040772 -0.000553 0.004371 0.006279 0.008348 -0.007904 0.022252 -0.055781 -0.011975 0.024222 0.033605 0.032271 -0.000666 -0.004729 0.020117 -0.051765 0.013583 -0.001974 -0.016396 0.010994 -0.012050 0.057840 0.026637 0.006868 0.023131 0.000000 -0.004241 -0.013657 0.015895 0.050112 -0.062822 -0.008774 0.025721 0.013689 0.017933 -0.025711 -0.002750 -0.047083 0.006717 -0.011496 -0.001668 0.001263 0.027891 0.037778 0.000000 -0.007768 -0.027226 0.046291 -0.053135 -0.031880 0.000123 0.001711 0.018038 -0.033057 -0.026376 0.053867 -0.028792 0.042751 0.019656 -0.011718 0.057761 0.027422 0.010617 0.003878 -0.004709 -0.012493 0.009828 -0.044903 0.037802 0.028787 -0.000373 0.000428 -0.021346 -0.001982 -0.007034 0.001429 0.032960 0.005252 0.007387 0.043559 -0.019671 -0.003533 -0.015713 -0.001410 0.013070 0.030631 -0.042595 0.000000 -0.003219 -0.004949 -0.002847 -0.035510 0.024555 -0.003444 0.031430 0.011613 0.000250 -0.023723 -0.031398 -0.000750 0.027252 -0.056984 -0.006622 -0.007442 -0.033333 0.001778 -0.000178 -0.039851 -0.000439 -0.013948 -0.010621 0.008442 0.024461 -0.030242 -0.008911 0.020056 -0.000438 -0.006509 0.045767 0.000935 0.000870 -0.060661 -0.006410 0.032311 
-0.064307 0.000000 -0.028911 -0.001096 0.006738 0.000484 0.010354 0.011981 -0.008129 0.045542 -0.000872 -0.005005 0.000867 0.013633 -0.001887 -0.025565 -0.054012 0.042101 -0.026790 9.590260 0.054403 -0.037329 0.049957 0.029484 0.015531 0.001124 -0.031436 -0.002551 -0.026048 -0.007494 -0.020513 -0.000944 -0.002103 -0.063419 0.046037 0.004467 -0.018269 -0.058469 -0.006307 -0.048147 -0.002441 -0.044377 -0.000292 0.019627 0.016896 -0.007581 -0.005707 0.044407 0.018540 -0.002140 -0.047034 -0.000530 0.011885 -0.010223 0.031742 0.015423 0.062846 0.009552 0.036014 0.040592 0.009368 0.001525 -0.001108 0.016898 -0.015150 -0.004396 0.004760 0.004384 -0.057414 -0.009801 0.018789 -0.047796 -0.009550 0.025119 0.001439 -0.016961 -0.000184 -0.010226 0.035043 -0.041387 0.010416 -0.032748 0.008828 -0.002296 -0.018136 0.000795 -0.011191 0.015998 0.001006 0.017714 -0.042169 0.024635 -0.034794 -0.004553 -0.000684 -0.006380 0.001140 0.023050 -0.004326 0.022179 0.006607 -0.016698 -0.008688 0.019305 0.041732 0.033181 -0.005872 -0.016717 -0.008121 0.014571 0.048020 0.000953 0.004954 -0.000625 -0.026082 0.049680 0.001488 0.009233 0.000489 -0.006690 -0.059904 0.001717 0.001251 0.027021 0.011302 0.041718 -0.008185 0.031517 -0.020784 -0.001845 -0.003177 -0.001885 -0.002640 -0.042429 -0.008393 0.002804 0.059653 0.000000 -0.052518 -0.005096 -0.005537 0.057979 0.015945 0.000000 -0.016172 0.005035 -0.028895 -0.022888 0.059835 0.031986 0.007018 0.000581 0.012519 -0.013094 -0.002886 -0.003707 -0.041439 0.050558 -0.034195 0.000000 -0.003059 0.028106 0.001490 -0.000115 -0.010937 -0.004270 -0.003924 -0.049765 -0.023237 -0.024203 0.045603 -0.058092 -0.001907 0.052735 -0.017508 0.013056 -0.002364 -0.000218 -0.000458 0.034055 -0.000555 -0.001280 -0.000465 0.035722 -0.001904 -0.041099 -0.002460 0.028550 -0.004939 -0.003608 -0.036402 0.001257 -0.032914 0.058368 0.003118 0.040527 
0.000664 -0.016032 -0.007149 0.058910 -0.046435 0.001854 -0.006575 -0.000413 0.026487 0.000000 0.005756 -0.004132 -0.033069 0.048732 -0.057973 -0.006491 0.000568 -0.051707 -0.001048 0.054403 109.266283 0.026382 0.003232 -0.012978 0.004125 0.002441 0.060191 -0.033725 0.000423 0.050590 -0.001204 0.005088 0.064270 0.008444 0.047024 -0.002161 0.003608 0.000000 0.001267 -0.062280 -0.003101 0.037770 0.000000 0.027789 0.000000 0.000000 -0.047481 0.038232 -0.029792 -0.013173 0.028344 0.015852 -0.000809 0.002667 0.027129 0.000325 0.004302 -0.013724 -0.001336 -0.047679 -0.001919 0.002080 -0.007128 -0.021206 -0.006801 0.000404 -0.018483 -0.056440 -0.063664 -0.012753 0.014814 -0.035668 -0.060702 -0.013125 -0.002632 0.021036 0.000200 0.019723 -0.014656 -0.016003 0.000000 -0.016149 -0.001135 -0.001297 0.009499 0.000000 0.000667 -0.030397 0.000356 -0.002743 0.000310 -0.023325 0.000000 0.007968 -0.013988 -0.037256 0.000586 -0.012602 -0.016147 0.020550 -0.002030 0.028014 0.046530 0.053419 0.005171 0.026069 -0.059013 -0.044345 0.001029 0.005154 0.000805 0.005689 -0.000148 -0.005944 0.008364 -0.008803 -0.060779 0.019389 -0.044967 -0.003721 0.001021 0.002870 0.008370 0.001380 -0.020082 -0.008881 -0.040909 -0.011165 0.011379 0.010076 -0.016802 -0.046744 0.045443 0.010647 -0.013884 -0.000174 -0.001198 0.000000 0.009693 -0.000999 -0.060237 0.006334 0.005197 0.002365 0.005829 -0.001247 0.000294 -0.002721 -0.004398 0.046942 0.020606 -0.012192 0.044254 0.053674 0.023339 -0.038209 0.061869 0.039842 -0.029452 0.000000 -0.021055 0.006419 0.000000 0.003654 -0.000416 0.001454 -0.016767 0.003347 0.000000 0.002358 -0.006669 0.027705 0.000320 0.001215 0.035306 0.000213 0.003602 0.000138 -0.000545 0.000832 -0.017261 0.000648 -0.022048 0.026881 0.006916 0.000000 0.052829 -0.000426 0.000000 0.000000 -0.000399 -0.003197 0.010562 0.000000 -0.006809 0.027479 
