11.656827 -0.203489 0.191820 -0.155243 -0.011425 0.085498 0.043216 -0.019049 -0.006008 -0.004419 0.017147 0.075841 0.002147 0.000941 -0.105008 0.150728 0.161806 0.008471 0.044467 0.041226 -0.009183 0.053795 0.053565 -0.162446 -0.175755 -0.158603 -0.060872 -0.089478 -0.166488 0.189360 0.086734 -0.036945 0.191067 0.006029 0.025323 0.154762 -0.191889 -0.053962 0.032701 -0.168474 -0.036201 0.038813 0.148749 0.030670 -0.126391 0.026226 0.183131 0.020891 0.004613 -0.059204 -0.042314 -0.041434 -0.004739 0.191872 0.066331 0.089062 -0.016529 0.071612 0.036772 0.052439 0.106389 -0.186748 -0.071239 -0.002520 -0.113696 0.046287 -0.007522 0.005982 -0.075048 -0.008657 -0.010932 0.132452 -0.038191 0.051270 0.161289 0.036435 -0.052669 0.149361 0.121000 0.115494 -0.019270 0.006518 0.061299 0.114950 -0.010413 0.003100 -0.159400 0.163502 -0.076075 0.010702 0.058751 0.067296 -0.025634 0.072766 -0.016203 -0.126754 -0.056630 -0.148447 0.127965 0.090443 -0.172662 -0.151301 0.002773 0.086391 -0.007402 -0.039410 0.155206 0.119187 0.012864 -0.127964 0.110893 -0.047710 -0.002213 0.043282 0.039589 0.171664 -0.018774 -0.166691 0.107837 -0.010810 -0.024868 0.006878 -0.029504 0.008477 0.131068 -0.128987 0.004754 -0.109910 0.109640 -0.032143 -0.006464 0.033845 -0.095963 0.027222 -0.072330 0.158209 0.043324 -0.029698 0.146773 -0.010156 -0.020982 -0.032736 0.115812 0.184096 -0.166191 0.037722 0.093561 0.061699 0.009762 0.000000 -0.046594 0.076649 -0.062201 -0.055870 -0.000818 0.008304 -0.093749 -0.003810 -0.133216 0.103833 0.055479 0.099286 -0.034752 0.102601 0.149427 0.103679 -0.070523 -0.010138 -0.096267 0.156668 0.012953 0.032142 -0.014360 -0.079820 0.174457 -0.169032 -0.001203 0.010127 0.024523 -0.056863 -0.181044 0.132247 0.013520 0.010980 -0.009046 0.005073 0.064631 -0.172854 0.078079 0.094765 0.022265 -0.095857 0.014119 0.044115 -0.141394 0.009223 
-0.203489 1744.859370 -0.133831 0.000000 0.092564 -0.029537 -0.031224 -0.087564 -0.011806 -0.000795 0.000282 0.000269 -0.000389 0.187280 0.094462 0.011719 -0.024966 0.063267 0.175064 -0.188014 -0.006342 0.088208 0.029520 -0.175610 0.044283 0.000000 0.021489 0.118781 -0.010746 -0.012921 0.170925 0.093120 -0.014605 -0.095619 0.158349 -0.022748 0.046128 0.134206 -0.136195 0.107271 -0.134525 0.000568 0.021154 0.000000 -0.000151 -0.192071 0.025476 0.160057 -0.044747 0.120845 0.057199 0.095142 0.008731 0.000351 0.000000 -0.149520 0.000000 -0.004436 0.000000 0.132263 -0.000517 0.002469 -0.071495 -0.117937 0.002709 0.001107 -0.067033 0.106229 -0.204053 -0.002368 0.192775 0.005086 -0.194045 -0.005740 0.115572 -0.004542 -0.193055 0.000000 0.036280 -0.138260 -0.055667 0.000000 -0.000948 -0.010839 -0.032716 -0.001068 0.039060 -0.113020 0.000000 -0.172777 0.010413 0.015915 0.034931 -0.066269 0.066243 0.026400 0.007387 0.030415 0.011111 0.116996 -0.003882 0.031502 -0.011195 -0.035255 -0.001269 -0.056970 -0.051389 -0.129691 0.012402 0.040856 0.100268 0.147790 0.123577 -0.008610 0.129101 -0.080808 -0.068168 -0.053196 0.024430 0.001893 0.030233 0.049346 0.063942 0.054419 0.106300 0.172741 -0.113543 0.004051 0.122740 -0.003087 0.178941 0.000663 0.010210 -0.001414 -0.038483 -0.003864 -0.037035 0.142296 -0.006120 -0.035197 -0.016027 -0.000760 -0.050314 0.046887 -0.001824 -0.006183 0.028860 -0.057328 -0.045347 -0.073184 -0.188874 -0.013300 0.042608 0.016402 -0.056894 -0.184325 0.097328 0.078366 -0.021866 -0.142368 0.006087 -0.000664 0.062589 0.091617 -0.022731 0.000000 -0.021272 0.009370 0.000000 0.114780 -0.010898 0.139861 -0.130989 0.041219 0.058604 0.195348 0.050224 -0.009997 0.151929 -0.012574 0.009040 -0.001930 0.004432 -0.016490 0.036078 -0.046871 0.082213 0.056182 0.000000 -0.031455 -0.176839 -0.068004 -0.014790 0.078211 -0.088061 -0.126784 
0.191820 -0.133831 2.893065 -0.006782 0.000000 0.047608 0.008274 0.020426 -0.016814 0.063489 0.129023 0.098465 -0.198528 -0.025746 -0.000706 0.085184 -0.053844 -0.008751 -0.027110 -0.036102 0.036612 0.052122 -0.049290 0.053049 -0.067617 0.018194 0.007888 -0.142963 -0.030610 0.098618 0.005755 0.000000 -0.037206 -0.106463 -0.144691 0.108932 -0.061372 -0.118634 0.000542 0.170053 0.006349 -0.052533 -0.014653 -0.000896 -0.043556 -0.004566 -0.062090 0.002728 -0.086333 -0.046468 0.090435 0.143361 -0.000578 0.038587 -0.066029 -0.032108 -0.100172 0.011611 0.103268 0.075983 0.111561 0.187997 -0.017598 0.015825 0.098070 -0.004055 -0.136058 -0.070832 -0.021839 -0.017704 0.144648 -0.031874 -0.135575 -0.050322 0.052553 -0.028727 -0.011565 -0.157765 -0.001360 0.138630 -0.088385 -0.028510 0.156206 0.117919 0.080252 -0.021231 0.188945 -0.138177 0.126442 -0.044188 0.075976 -0.005799 0.107938 0.016209 -0.027904 -0.026632 0.037378 0.085531 -0.113475 -0.067884 0.196903 -0.103330 0.101957 -0.075952 0.068133 0.095824 -0.084849 -0.086767 0.002687 0.000948 -0.109870 -0.122864 -0.004010 0.035229 -0.067716 0.028397 0.150381 -0.017771 0.102912 0.074453 -0.090151 -0.123224 -0.019992 -0.190503 0.081319 -0.009862 0.082430 0.160753 0.191164 -0.009113 0.008288 0.105774 0.026109 0.010167 0.054356 0.055980 0.002724 0.096449 0.065984 -0.072088 -0.162078 0.004659 -0.018528 0.123645 -0.029816 -0.195016 -0.010730 -0.001145 -0.178125 -0.158535 0.102826 0.000801 -0.000773 -0.104066 -0.150343 0.039232 0.117204 0.006188 0.004193 0.006024 0.128082 0.007096 -0.005379 -0.067656 -0.145724 0.015913 0.117013 -0.065205 -0.146216 0.182383 0.084648 -0.058010 0.046236 0.096414 0.006236 -0.070303 0.052021 0.000384 0.178108 0.072997 0.096553 -0.064726 0.134675 0.022033 -0.123932 -0.171925 -0.027140 0.064637 0.166725 0.089583 -0.021985 0.065471 -0.109492 -0.102273 0.104917 0.132644 
-0.155243 0.000000 -0.006782 0.464256 -0.126409 0.023615 0.116193 0.036408 -0.056349 0.018934 0.060777 0.139206 0.000000 -0.094844 0.001944 0.007646 -0.087781 -0.052412 0.078024 -0.003597 0.020732 0.007911 0.075772 -0.008020 -0.015570 0.040861 0.029363 0.025794 0.026196 0.147601 0.022457 0.071378 0.150048 -0.017064 -0.005438 -0.007271 0.163996 -0.076518 -0.016294 0.055086 -0.042703 0.083439 -0.025142 0.071044 -0.033242 -0.157047 -0.044489 -0.024273 -0.022839 0.063636 -0.094109 -0.155114 -0.058421 -0.002351 0.005110 0.099629 -0.015229 -0.060700 0.067485 -0.086572 0.059075 -0.022256 0.073567 -0.094020 -0.012134 0.195823 -0.131633 -0.118410 -0.112943 0.033156 -0.124458 0.031995 0.037547 0.137287 0.119618 0.037219 -0.124333 -0.015566 -0.029143 0.066571 -0.062672 -0.179465 0.150910 0.068853 0.020587 0.016057 -0.007849 0.027412 0.009824 -0.007816 -0.042183 -0.033436 0.025462 -0.094354 -0.001372 -0.081416 -0.005848 -0.094655 0.091463 0.035522 -0.046512 -0.086357 -0.077777 0.096167 0.133167 0.009980 -0.001428 -0.130909 0.000142 -0.114989 0.073697 0.011031 -0.052358 -0.066646 0.004975 -0.033813 0.096423 -0.056668 -0.114027 0.070394 0.145420 -0.072702 -0.012303 -0.095860 -0.063796 -0.000918 -0.063326 0.160641 0.038660 -0.081261 0.107390 -0.062119 -0.024441 0.000970 0.061240 -0.021343 -0.074950 0.086593 0.119243 -0.048194 0.047505 -0.021904 0.101115 0.017420 -0.099829 -0.139206 0.148617 0.114982 -0.034642 0.017425 -0.163523 -0.070298 0.041760 -0.007892 -0.196749 0.038450 0.009252 -0.030533 -0.061089 0.166498 -0.023636 0.147589 0.011750 0.057947 -0.192804 0.007598 0.112013 0.160653 0.094250 -0.076826 -0.020902 0.021970 0.154016 -0.023445 0.010853 -0.095103 -0.152990 -0.039253 -0.046644 -0.053500 0.065952 0.137360 0.091194 0.142504 -0.007223 0.012037 0.137464 0.002361 0.000000 0.029479 0.128999 -0.059669 -0.141642 0.180537 0.114907 0.045839 
-0.011425 0.092564 0.000000 -0.126409 7618.753782 0.001535 -0.001897 0.004604 0.001066 -0.000264 0.006224 -0.078891 -0.115265 -0.188083 -0.025179 0.119712 0.169550 0.026028 0.094413 -0.173171 -0.054492 -0.175711 0.070294 0.004465 -0.006146 0.057615 0.000876 -0.084152 -0.000572 -0.053998 0.036657 0.014077 0.094999 -0.000120 -0.144727 -0.027868 -0.021853 -0.002874 0.057420 0.014896 0.002683 0.100182 -0.101386 0.193818 0.008763 0.088034 -0.137852 -0.107220 -0.187214 0.015981 0.066352 -0.000114 -0.003648 0.000000 0.113618 -0.022808 0.027148 0.010928 -0.006843 0.025044 -0.002100 0.041667 -0.044059 0.094578 -0.045092 0.000215 -0.137858 0.178353 0.181556 -0.014761 0.171941 0.040213 0.038958 -0.003249 -0.069486 -0.197363 -0.000557 -0.046893 0.001472 0.003975 -0.013234 -0.123790 -0.006486 -0.018300 -0.004543 0.000000 -0.188842 0.005937 0.001562 0.011143 -0.151796 -0.014113 0.068484 -0.081643 0.094700 -0.004746 0.202968 -0.005924 0.034137 -0.060465 -0.122176 0.000000 -0.001807 0.024500 0.118261 0.001854 0.152578 0.054230 -0.095113 0.128534 -0.112549 -0.002378 0.000000 0.019080 0.191100 0.035970 0.039982 -0.120437 -0.066868 -0.155528 0.042123 -0.013293 0.002632 -0.096412 0.106972 0.006249 0.017296 -0.070591 0.153454 0.138458 0.052918 -0.158315 0.161807 0.184151 -0.143753 -0.137849 -0.023140 0.002012 -0.006438 0.025330 -0.001218 -0.005717 -0.130398 0.017415 -0.204053 0.067765 -0.087727 0.132054 0.046974 -0.055851 0.186272 -0.088145 0.000495 -0.001794 -0.040070 0.000000 -0.163588 -0.008589 0.039576 0.000000 0.016197 0.053567 0.044794 0.000000 0.011287 0.168920 0.023809 -0.007039 -0.000943 0.000493 -0.154857 -0.034000 0.156727 -0.019216 -0.072111 0.017976 -0.002623 0.040550 -0.076072 -0.003481 0.003494 -0.000383 -0.161063 -0.012176 -0.025251 0.009111 -0.072861 0.050445 -0.138947 -0.067342 -0.001472 0.000000 0.015113 0.001801 -0.082144 -0.073212 
0.085498 -0.029537 0.047608 0.023615 0.001535 102.053465 0.024382 -0.091156 -0.092884 0.002539 -0.180307 0.000000 -0.093213 0.100356 0.068806 -0.096242 0.008708 -0.071303 -0.142827 -0.015157 -0.169896 0.078365 -0.079922 -0.014506 -0.034277 -0.028619 -0.191839 0.006743 0.064374 0.153197 -0.007140 -0.146686 -0.013571 -0.065862 -0.087208 0.087431 -0.147213 0.062201 -0.170017 -0.006809 0.003034 -0.055468 -0.032585 -0.174556 0.003901 -0.010943 -0.066455 0.082297 0.155520 -0.019658 -0.007049 -0.029576 -0.003104 0.032515 -0.174702 0.124408 -0.082404 -0.035360 0.092887 0.096690 -0.002904 0.004373 0.042959 0.133821 -0.032640 -0.000717 -0.122425 0.005780 0.073442 -0.042803 -0.012228 -0.023532 0.148993 0.042947 -0.003283 0.046629 0.036844 -0.019095 -0.031559 -0.000970 0.057488 -0.004964 0.029212 0.103597 -0.058148 0.016562 0.028683 0.118386 0.035934 0.146883 -0.035605 0.006519 -0.057755 0.106509 -0.009720 0.014156 -0.007059 0.022758 0.001976 0.043382 -0.050342 -0.009448 -0.058584 -0.044081 0.100702 0.000000 -0.084571 -0.002605 0.010474 0.000000 0.138792 0.036568 0.065596 -0.198429 0.090767 0.103484 0.000956 -0.021491 0.064099 0.082798 -0.022644 -0.193419 0.074510 -0.121450 0.059213 0.116251 -0.003479 -0.144033 0.174800 0.058780 0.091117 0.107085 -0.172494 -0.016007 -0.140058 -0.012545 0.006416 0.011054 -0.003345 -0.006818 0.122231 0.005240 0.002573 0.006074 0.051109 -0.096826 0.001855 -0.023217 -0.020017 0.030902 -0.054891 -0.133359 -0.035263 -0.118007 0.092485 -0.106180 -0.022746 0.177590 0.000773 -0.163407 -0.000381 0.050229 -0.138867 -0.077176 0.005826 0.009696 -0.066582 0.001916 -0.001082 -0.097933 0.182518 -0.007471 0.147820 -0.021862 0.028020 -0.038022 0.006102 -0.056488 0.080759 -0.010268 0.012888 0.070838 -0.012330 0.001267 0.003089 0.000000 -0.016716 0.153792 -0.009455 -0.108554 0.034282 0.065236 -0.000490 0.033481 -0.106330 -0.005679 
0.043216 -0.031224 0.008274 0.116193 -0.001897 0.024382 54.073288 -0.032176 -0.003357 -0.000326 0.010056 0.106153 0.011101 0.001778 0.001839 -0.052649 0.001602 0.031850 0.167926 0.136704 0.183039 0.091534 0.083072 -0.089566 0.051497 0.026797 0.023434 0.006786 0.009303 -0.113644 -0.007335 0.051864 0.020854 -0.147927 -0.005771 -0.108770 -0.026144 0.114843 0.082097 -0.004946 -0.118135 -0.151320 0.023920 0.060551 -0.116239 0.151443 0.115147 0.081395 -0.068152 -0.089267 -0.043734 -0.083392 -0.002453 0.008014 -0.108920 0.001174 0.200480 0.028215 0.013838 0.060131 -0.001407 0.162480 -0.017839 -0.014020 0.115790 0.000534 -0.162979 -0.038448 0.203508 -0.023577 0.017841 0.001886 -0.004553 0.167744 0.150449 0.100902 -0.002100 -0.000393 -0.062897 -0.148412 0.033995 0.002485 -0.058187 0.024011 -0.094535 0.034680 0.018625 0.082233 -0.011466 -0.081393 0.000000 -0.136893 0.175047 0.101668 -0.084618 -0.001231 0.032186 -0.018993 -0.057059 -0.011035 0.188903 -0.017707 0.148284 -0.163931 0.024823 -0.076821 0.096780 0.068971 0.000000 -0.013568 -0.111443 0.009656 -0.024711 0.035376 -0.076360 -0.075361 0.041416 0.012689 0.074250 -0.094358 0.042164 0.114745 0.079664 0.029225 0.006491 -0.030570 -0.067993 0.114327 -0.038272 0.009022 0.059430 -0.006779 -0.007054 -0.042676 -0.070087 -0.037399 -0.036806 -0.017931 -0.006262 -0.101993 0.005541 -0.028965 0.042729 -0.097890 0.083399 0.000488 -0.013325 0.040986 0.084723 -0.011269 -0.020727 0.001019 0.061917 0.019920 0.000647 0.024851 0.004238 0.060593 -0.162313 -0.094211 0.004619 0.007425 -0.042730 0.041199 0.025942 0.003926 -0.078122 0.171208 0.043485 0.089593 -0.030198 -0.055089 -0.032855 -0.031221 0.175379 -0.194679 0.014050 0.001289 0.046986 -0.099475 -0.012922 0.003888 -0.019993 -0.009390 0.175023 0.013406 -0.013039 -0.006132 -0.004969 -0.103475 0.152158 0.001437 0.007471 -0.033397 0.137248 -0.113454 
-0.019049 -0.087564 0.020426 0.036408 0.004604 -0.091156 -0.032176 9.935204 0.065349 0.052009 -0.010210 0.011472 -0.025551 -0.056006 0.078850 -0.047049 -0.005959 0.065527 0.005605 -0.056836 0.123575 -0.102407 0.013074 -0.073851 0.020061 -0.052446 -0.082971 -0.071469 0.022261 0.059179 -0.109205 0.114831 -0.021319 -0.042974 -0.061039 -0.155531 0.057527 -0.165610 -0.008110 -0.007722 -0.047264 0.092167 0.085716 -0.142144 0.131870 -0.061866 0.032400 -0.096905 -0.203411 -0.013216 0.099863 0.039471 -0.009327 0.152768 0.021981 -0.093422 0.083625 -0.120432 -0.108991 -0.088574 -0.020119 -0.043972 0.006600 -0.025855 -0.138896 0.009173 0.109225 -0.097462 0.103660 -0.033321 -0.083382 -0.008516 -0.105575 -0.070295 0.186746 0.049886 -0.145543 -0.068717 0.072931 0.018321 0.083723 -0.149486 -0.062796 0.076355 0.003598 -0.060146 -0.002313 0.101815 -0.127050 0.032703 -0.021530 -0.075547 0.038713 -0.128797 0.099424 0.016562 0.078798 -0.029396 -0.004725 0.084241 -0.061899 -0.136101 -0.036718 -0.023020 -0.075989 0.161331 -0.025557 0.145753 0.011401 0.169908 0.036803 0.036028 0.042210 -0.031509 0.059399 -0.010142 0.000000 0.000537 -0.044196 0.026656 -0.068517 -0.112042 -0.032437 -0.201686 -0.003838 -0.035315 0.071965 0.037489 0.127062 0.107352 -0.012393 -0.065386 0.011746 0.096409 -0.011021 -0.136957 0.057471 -0.046103 0.069395 -0.052801 0.050286 -0.105305 0.002878 0.044783 -0.070114 -0.051271 -0.001830 -0.014474 0.171171 0.040332 -0.121354 -0.141275 -0.027327 -0.106513 -0.189872 -0.039376 0.026680 0.103285 -0.035944 0.038307 0.001501 0.066882 -0.084195 0.024715 -0.104289 0.000000 0.020127 0.151037 -0.053738 -0.006343 -0.027456 0.193698 -0.044607 0.068665 -0.094405 -0.063144 0.094111 0.061828 -0.020567 -0.092517 0.121550 0.167831 0.009967 0.065855 -0.011231 -0.017094 0.004847 -0.161260 -0.037310 -0.072214 0.015722 0.156603 -0.156240 0.124272 0.055050 -0.049695 
-0.006008 -0.011806 -0.016814 -0.056349 0.001066 -0.092884 -0.003357 0.065349 2238.440901 -0.003026 -0.054094 -0.042805 0.002477 -0.017656 -0.076286 0.072602 -0.021215 -0.019615 0.082393 -0.002847 -0.000899 -0.064852 -0.097044 0.092367 0.188177 -0.075953 0.000000 0.050670 -0.039869 0.001963 -0.008215 -0.035953 0.185106 -0.002468 0.000460 0.013015 -0.129062 0.052739 -0.014026 -0.050967 -0.003574 -0.002363 0.083375 0.060859 -0.046433 -0.019749 -0.001939 0.151607 -0.096753 0.027828 0.105070 0.002552 -0.004012 -0.165637 0.006094 -0.000255 0.100617 0.046735 -0.027153 0.109440 -0.005248 -0.079011 0.003459 -0.086769 0.029317 0.002609 -0.128555 0.001695 -0.009795 -0.013402 -0.145359 -0.063288 0.054114 0.102959 -0.106302 -0.008898 -0.012294 0.004629 0.023606 0.003840 0.000533 0.000000 0.151982 0.011311 0.196574 -0.011685 -0.109516 -0.035928 0.049684 0.008059 -0.001197 -0.008706 0.059410 -0.021543 -0.016622 -0.017674 -0.033388 0.008679 -0.010191 -0.040624 -0.008068 0.000000 -0.049597 0.083690 -0.001177 -0.005403 0.136448 -0.090655 -0.000910 0.002322 0.031810 0.003693 -0.063491 -0.000676 0.076276 0.141120 0.039738 0.041356 0.008044 -0.026515 -0.007938 0.010325 -0.135797 0.190309 0.029132 -0.003424 0.067540 0.159137 0.021005 -0.189751 -0.073450 0.012254 0.099545 -0.104837 0.068161 0.000000 -0.010069 0.104878 -0.037353 0.068199 -0.003958 -0.196194 -0.037332 0.090923 -0.038341 -0.018850 0.028230 0.077303 -0.069207 -0.008255 0.041130 -0.139114 0.007669 0.084853 0.011986 -0.029458 -0.086011 -0.004068 -0.163673 0.042784 -0.043252 -0.054292 -0.056962 -0.042278 0.001353 0.000000 0.005954 -0.123255 0.019569 0.000349 0.014146 0.001354 -0.147062 -0.110364 -0.057481 0.194107 0.000000 0.078013 -0.052905 0.122557 0.094284 0.001570 -0.136054 -0.026471 0.000855 0.000284 -0.083419 -0.087144 0.000000 0.004838 -0.146249 0.032900 -0.113083 0.011564 -0.152701 0.073170 
-0.004419 -0.000795 0.063489 0.018934 -0.000264 0.002539 -0.000326 0.052009 -0.003026 463.437585 0.023248 0.000000 0.001594 0.013606 0.097693 -0.088079 -0.168965 -0.002104 -0.026421 0.001709 0.040614 -0.009245 0.107307 -0.034102 -0.034630 -0.010346 -0.053329 -0.141621 0.011435 0.000642 0.095930 -0.140506 0.023647 -0.166761 -0.154247 -0.030843 -0.108843 0.008133 0.019862 0.166619 -0.091561 0.086509 0.077141 -0.149375 0.007658 0.126467 0.019006 0.050914 -0.005063 -0.001035 0.056121 -0.018537 -0.059352 -0.148021 0.071499 0.001153 0.067132 -0.003697 -0.066186 0.001480 0.055034 0.015569 -0.023858 -0.030672 -0.172718 0.000000 -0.036929 -0.004194 0.018578 -0.062275 0.049831 -0.017539 -0.126005 -0.014968 0.000926 -0.056602 0.019123 0.000000 -0.019377 0.136577 0.179811 0.026124 0.017356 -0.000291 -0.003446 -0.005919 0.002275 -0.051015 0.000588 0.045197 -0.000940 -0.023006 0.032301 0.009955 0.071672 0.014305 -0.010704 -0.014410 0.038846 -0.079775 0.000000 0.000725 -0.002138 -0.016210 0.026591 0.110792 0.012000 -0.114159 -0.000219 -0.010223 -0.017129 0.063869 -0.000220 0.003175 -0.110740 0.008342 0.016060 -0.027606 0.018439 -0.055529 -0.090681 0.048384 0.075753 -0.040703 0.012609 0.010602 0.174954 -0.058570 0.000262 0.106579 0.057497 -0.090050 0.040018 0.006472 0.080849 0.175268 0.161240 -0.022254 0.000000 0.008818 0.061397 0.028340 0.148429 0.115741 -0.192226 -0.000107 0.112430 -0.002063 0.043710 -0.171418 -0.005505 -0.110102 -0.008728 0.001338 0.063045 -0.024498 -0.018004 0.179011 -0.140702 0.018101 -0.017228 0.004597 -0.014361 -0.143789 -0.021334 -0.025831 0.034886 -0.003692 0.000000 -0.181326 -0.149720 0.047860 -0.001621 -0.019976 -0.022606 -0.006743 -0.164358 0.171423 -0.089926 0.029462 0.126731 -0.018751 -0.002505 -0.028093 0.000000 0.049901 0.034608 -0.003444 0.001034 -0.002600 -0.004707 0.006695 0.003992 -0.006206 -0.186817 0.081177 
0.017147 0.000282 0.129023 0.060777 0.006224 -0.180307 0.010056 -0.010210 -0.054094 0.023248 389.615913 0.008820 -0.069559 0.009068 0.001721 -0.020969 0.000312 0.030122 0.179979 -0.024890 0.007408 0.006602 0.010555 0.001401 -0.000920 -0.172880 -0.015729 0.078990 -0.000616 -0.001327 0.013815 -0.027905 0.100126 0.093917 -0.018227 -0.027255 -0.002306 0.057963 -0.001833 0.193020 -0.003964 -0.194911 0.027981 -0.015541 -0.002006 -0.078012 -0.039067 0.000652 -0.101661 -0.062415 -0.096277 -0.139317 -0.068052 -0.000370 -0.081734 -0.004343 -0.164027 0.000000 0.024480 -0.085180 -0.004517 0.088632 0.014704 -0.095169 0.013760 -0.007866 -0.068987 0.037867 -0.013502 -0.029420 0.180680 0.031298 0.000000 0.016132 0.192145 0.018422 -0.000317 -0.001132 0.004568 -0.000506 -0.000321 0.000000 0.026512 -0.010352 0.093908 0.030428 0.078033 0.091756 0.085000 0.147942 0.020308 -0.027039 0.061858 -0.056480 0.076503 0.018166 0.002207 -0.000540 0.026927 0.113639 -0.000823 0.006161 0.081238 -0.070739 0.000000 0.140949 -0.070743 -0.071504 -0.084027 -0.015413 -0.009468 -0.083068 -0.013665 0.000343 0.001066 -0.057180 0.179163 0.000000 -0.146802 0.010897 0.092208 -0.071130 0.000537 -0.088043 -0.000206 0.002548 0.052516 -0.059569 -0.035675 0.175609 -0.166703 0.007791 -0.003563 -0.009419 -0.028287 0.036280 -0.019693 0.016934 0.049582 -0.063116 -0.189416 -0.000521 -0.003035 0.037436 -0.003823 -0.003825 0.145030 -0.106770 0.039878 -0.100751 -0.017496 0.033919 0.009851 -0.104464 0.004112 0.172466 0.033226 -0.051094 0.068182 -0.007628 -0.108490 0.036304 -0.014232 -0.181834 0.002965 0.000000 -0.052862 0.001502 0.004273 -0.013954 0.119795 -0.004211 -0.039222 0.005900 0.078208 0.064373 -0.023346 0.001816 0.008724 0.181782 -0.123415 -0.009851 0.147493 0.165832 -0.117073 0.000000 -0.121293 0.183356 -0.132014 -0.019293 0.086844 0.000000 -0.001132 0.000650 0.066212 0.006040 
0.075841 0.000269 0.098465 0.139206 -0.078891 0.000000 0.106153 0.011472 -0.042805 0.000000 0.008820 36.739245 0.156212 0.019521 0.006736 -0.066586 0.028358 -0.001010 -0.005705 -0.111706 0.118763 0.026607 -0.019978 -0.075086 -0.096340 -0.194946 0.148305 -0.007431 -0.050352 0.179927 -0.059241 0.105199 -0.000834 0.004817 0.003328 -0.124936 -0.038900 0.007585 -0.139428 -0.039732 -0.183439 -0.140888 0.033077 0.004400 0.067331 -0.019379 0.002402 0.019120 0.016627 -0.084500 -0.003138 0.099136 -0.075188 -0.006439 -0.048183 0.103235 0.184202 0.000632 0.087162 0.115080 -0.014772 0.002027 -0.000937 -0.075741 0.128423 0.000000 0.026519 -0.003878 -0.119394 -0.000217 0.071959 0.144102 -0.060248 -0.201208 -0.015178 -0.021275 -0.108912 -0.002164 -0.163922 -0.004065 -0.036660 0.110406 -0.061324 0.198606 -0.117467 0.100164 -0.034077 -0.105834 0.003540 -0.006790 -0.013574 0.090936 -0.025213 -0.000682 -0.045761 0.201740 -0.180810 -0.016438 0.048147 0.078789 0.011994 0.036238 -0.000521 0.113926 -0.018401 -0.002894 0.130930 0.129209 -0.003984 0.168862 0.090850 -0.012748 0.009458 -0.160049 0.000430 -0.108072 -0.031583 0.196956 0.113592 -0.065180 0.130628 -0.107777 0.166394 -0.060843 -0.051916 0.121736 0.039321 0.015597 0.117014 0.033769 0.000000 -0.003657 -0.013287 -0.149597 -0.000765 -0.100213 0.052595 -0.064116 0.063825 -0.014618 -0.017883 -0.001889 0.054585 -0.012428 0.171768 -0.100565 -0.063545 -0.000786 -0.050340 -0.012681 0.062511 0.040081 0.041456 -0.075553 0.079875 -0.144862 -0.057180 -0.039908 -0.161169 0.109095 0.028193 -0.001057 -0.012285 -0.000276 -0.017986 -0.140500 -0.058818 -0.158531 0.017111 0.038682 0.021549 -0.003340 0.019433 0.140349 -0.017743 0.022051 -0.026625 0.101879 -0.062138 -0.065308 -0.006499 0.048872 0.001887 -0.100039 0.076873 -0.034180 0.028898 0.022546 -0.000200 0.060909 -0.004734 0.024308 0.001996 0.175117 -0.177397 -0.109389 
0.002147 -0.000389 -0.198528 0.000000 -0.115265 -0.093213 0.011101 -0.025551 0.002477 0.001594 -0.069559 0.156212 370.159680 0.000288 -0.114106 0.164686 -0.028810 -0.010253 0.025197 0.100006 -0.013571 -0.150109 -0.146051 0.193462 0.055944 -0.011224 0.108827 -0.010847 0.011608 -0.043270 -0.041150 -0.058943 -0.000571 0.072517 -0.128368 -0.131880 -0.017139 -0.077208 -0.005110 0.059774 -0.052893 0.082081 -0.155014 -0.188982 0.006572 -0.138514 -0.032819 0.039825 0.001378 -0.000277 -0.115752 -0.000579 0.085480 0.000239 -0.040877 -0.018207 0.004338 0.002216 -0.068524 -0.003940 -0.007246 0.001960 0.001596 -0.018492 -0.178495 0.000573 -0.121207 -0.024341 0.035080 0.000645 0.015864 -0.000566 0.089973 0.013789 0.131315 0.063487 -0.001589 -0.000759 0.005023 0.025039 0.093316 0.004201 0.068063 -0.005805 -0.068550 -0.009931 -0.000681 0.093595 -0.011660 0.113778 0.095408 0.178626 -0.023669 -0.084330 -0.018179 -0.132810 -0.059333 0.027096 -0.193764 -0.068996 0.002318 0.079628 0.159703 0.100836 0.063022 0.032458 -0.130307 -0.061803 0.000000 -0.012319 -0.130696 0.062842 0.000000 -0.060830 0.016110 0.103377 0.001748 0.164996 -0.152362 0.105083 -0.072551 -0.107195 0.199951 -0.036982 0.144863 -0.000658 -0.123856 0.016414 0.118464 0.081390 -0.115679 0.009947 0.156990 0.005841 0.043908 -0.000596 0.120976 0.000000 0.121686 -0.175765 0.199532 0.084076 -0.016341 0.005363 -0.001809 0.023979 -0.185702 0.000523 0.032539 0.020770 -0.018079 -0.199776 -0.022764 -0.006740 0.000110 -0.189359 0.002694 -0.000395 -0.094125 -0.019889 0.017301 -0.013833 0.062110 -0.000416 0.065436 0.000000 -0.027880 0.127209 0.006465 0.186678 0.004999 0.021262 0.009204 0.045787 -0.052127 0.038179 -0.000225 -0.003061 -0.056073 0.040612 -0.002567 0.000459 0.007935 0.044066 0.035008 0.002178 -0.009484 -0.143075 0.007560 -0.010411 0.001438 0.018812 0.023248 -0.024731 -0.078520 0.030774 
0.000941 0.187280 -0.025746 -0.094844 -0.188083 0.100356 0.001778 -0.056006 -0.017656 0.013606 0.009068 0.019521 0.000288 2091.963151 0.074114 0.006559 0.001592 0.002755 0.084096 -0.168032 0.038726 0.033825 0.110858 0.000664 0.116702 -0.024484 -0.009498 -0.015225 -0.013566 0.000000 -0.016780 0.000000 0.182392 -0.004642 0.051884 -0.015195 -0.040128 0.000000 -0.161310 -0.093478 0.133905 0.047770 0.052626 0.099032 0.069281 -0.193198 0.036205 0.029897 -0.010178 -0.039588 0.092143 -0.082599 0.013459 0.004677 0.051315 0.001007 -0.028553 0.000000 0.090381 0.025813 0.002811 0.072585 -0.043825 0.170841 -0.001999 0.018797 -0.145169 0.018972 -0.045072 -0.003475 -0.001012 0.125407 0.026282 0.046110 -0.172880 -0.040488 0.000699 0.000000 0.028685 -0.078017 -0.038365 0.192776 -0.170788 -0.010100 -0.015016 0.062356 -0.017129 0.130933 -0.105634 0.003458 0.043550 -0.048126 -0.073852 0.071204 0.110531 -0.010182 0.001487 0.025420 0.061033 -0.001245 -0.001812 -0.033632 0.000466 0.178018 0.000000 -0.140122 -0.149651 0.116112 0.000000 0.000539 0.181368 0.071430 -0.001983 0.001402 -0.006808 -0.096725 0.142098 -0.002284 -0.014863 0.012800 -0.009682 0.000000 0.038161 -0.162042 -0.025757 -0.000510 -0.112372 0.058721 -0.050259 -0.125617 -0.105132 -0.191608 0.054897 0.110707 0.197695 0.057222 -0.050285 0.000834 0.115493 0.045846 0.020738 -0.093342 -0.070791 0.047641 0.065981 0.067862 0.106739 0.059945 0.022937 0.102665 -0.006326 -0.082736 -0.027118 -0.000651 0.000743 0.002513 -0.001293 0.000265 -0.012899 -0.011484 -0.071292 0.000299 -0.117145 0.103032 0.039915 -0.018907 0.079161 -0.001138 0.188421 -0.132046 -0.201086 0.011947 0.015727 0.000178 0.019810 0.023587 -0.056007 0.002067 0.193012 -0.127326 -0.001284 0.000000 0.001339 -0.037540 -0.003423 0.000000 0.077436 0.146248 0.000000 0.000572 0.000000 0.008948 0.000442 -0.005359 0.001102 -0.004591 
-0.105008 0.094462 -0.000706 0.001944 -0.025179 0.068806 0.001839 0.078850 -0.076286 0.097693 0.001721 0.006736 -0.114106 0.074114 14.314818 0.114395 0.062107 -0.046883 -0.153710 0.108878 0.143488 -0.051723 -0.081580 0.100536 0.051336 0.125381 0.053523 0.086765 0.004348 -0.106084 0.013961 -0.035538 -0.000509 0.008128 -0.088005 -0.046624 -0.009681 -0.002988 0.000000 -0.033947 0.141899 0.103244 -0.176373 0.198915 -0.019204 0.013602 0.173914 0.046821 0.135205 -0.037120 -0.077045 -0.061390 0.050294 -0.047465 -0.040229 0.021694 -0.140133 0.048730 0.011436 0.015821 0.110207 0.096926 -0.167509 -0.146225 0.081010 -0.059890 -0.063634 -0.002205 -0.048815 0.103401 -0.000373 -0.004078 0.059891 0.072737 0.068883 -0.115150 0.150409 0.037851 0.000531 0.037608 -0.179747 0.020309 0.043939 0.102697 -0.027940 -0.082255 0.194000 0.002519 0.061224 0.097128 -0.007426 -0.145163 -0.035729 0.020850 -0.025821 -0.000803 0.004032 -0.038402 -0.000919 0.044769 -0.089425 0.016091 0.172588 -0.081498 -0.040366 -0.000377 0.081111 0.009013 -0.003469 -0.170451 -0.015366 -0.051739 -0.119439 -0.003323 0.164530 -0.031830 -0.155243 -0.038920 0.000182 -0.004810 -0.042666 -0.006737 0.015015 -0.078881 -0.076478 -0.061439 -0.117878 -0.021478 0.000238 0.009400 -0.104862 0.036033 0.088195 0.022416 -0.024647 0.200669 0.031298 -0.039527 -0.192625 0.085529 -0.033654 -0.001605 -0.023693 0.074134 -0.141930 0.058616 -0.049281 -0.194387 -0.111305 -0.058409 -0.113992 -0.016529 -0.066581 0.005369 0.171626 0.066285 -0.151379 -0.092008 -0.140332 -0.097342 -0.144662 0.109400 -0.119416 0.145961 -0.002325 0.015781 -0.162044 -0.128872 0.025736 -0.172826 0.141309 0.071624 0.000739 0.192805 0.001298 0.052167 0.001928 -0.097511 -0.116320 -0.088300 -0.082867 -0.015616 -0.193979 -0.020256 0.003229 -0.204803 0.000000 0.144410 0.038936 0.006763 -0.095885 -0.096996 -0.050913 -0.058072 0.006239 0.157083 
0.150728 0.011719 0.085184 0.007646 0.119712 -0.096242 -0.052649 -0.047049 0.072602 -0.088079 -0.020969 -0.066586 0.164686 0.006559 0.114395 0.406565 0.040644 -0.001496 0.029873 0.037653 0.039081 0.093734 -0.093558 -0.062085 -0.132241 -0.142564 0.104521 -0.054478 -0.014267 -0.000163 0.040575 0.153878 -0.045026 0.151226 0.140338 0.159566 -0.004067 0.013731 -0.111655 0.029894 -0.000336 0.032612 0.015463 -0.039054 -0.029056 0.035622 0.003380 -0.047605 0.057439 -0.008558 -0.010545 -0.006755 -0.045063 -0.002034 0.054188 -0.013546 0.000788 -0.190931 0.186210 0.162520 -0.173006 0.011300 0.156924 0.004992 0.109356 -0.060543 0.061623 0.049370 -0.073300 -0.015150 0.002663 -0.107837 0.008239 0.046684 0.178204 0.086770 -0.101683 -0.142354 0.043169 -0.001617 -0.015147 -0.150647 -0.016065 -0.084477 -0.051665 -0.015700 -0.104638 0.022980 0.079207 -0.017520 -0.124341 0.099585 -0.036999 0.054316 -0.090267 -0.001515 0.000000 -0.065710 -0.014766 -0.021424 0.123030 -0.019428 0.004823 -0.010207 0.088934 -0.003173 -0.025003 0.036180 0.023791 -0.111500 0.140154 -0.021702 0.109522 0.027674 -0.168183 0.038055 -0.153506 -0.110566 -0.138612 0.015314 0.061302 -0.024008 0.074014 0.045614 -0.072635 0.099154 -0.027568 0.147178 0.049787 0.008056 0.058836 0.065306 0.076649 0.009052 -0.062180 0.015293 -0.123623 0.006018 -0.121663 -0.118631 -0.011512 -0.023242 0.029687 0.029738 0.052841 -0.006819 -0.032382 0.172738 0.019648 0.030315 0.069662 0.127799 0.021268 -0.062689 0.128289 -0.011605 0.004273 -0.006059 0.057637 -0.034854 -0.184847 -0.001315 -0.129234 0.116866 -0.011136 0.041777 0.038625 0.117930 -0.030473 -0.000527 0.119526 0.017077 -0.008473 -0.104371 -0.051215 -0.012699 0.157275 0.085376 0.027787 -0.157093 -0.014419 0.071294 0.012679 -0.110439 0.027869 -0.034622 -0.022744 -0.149053 -0.159101 -0.002533 0.032571 -0.058706 0.010758 0.086741 -0.055009 -0.015528 
0.161806 -0.024966 -0.053844 -0.087781 0.169550 0.008708 0.001602 -0.005959 -0.021215 -0.168965 0.000312 0.028358 -0.028810 0.001592 0.062107 0.040644 84.522194 0.177531 0.072807 -0.048645 0.002989 0.007688 0.036412 0.078530 0.182165 -0.186342 0.179214 -0.197359 0.081033 -0.081595 0.092807 0.000745 0.117376 0.103447 0.003037 0.075221 -0.087874 0.126075 0.068681 0.001607 0.033039 0.202353 0.057861 -0.065979 0.180095 0.033518 0.077334 -0.187534 0.000118 0.086674 0.005961 -0.159732 0.034835 -0.026191 0.167523 -0.021429 -0.012646 -0.003364 0.178086 0.015557 -0.015651 0.165662 0.037876 0.096816 0.053278 -0.000412 0.044049 -0.120065 -0.159504 0.000703 0.052882 0.006084 -0.056342 0.028051 -0.040760 0.007221 -0.047794 -0.013005 -0.083405 0.000000 0.014995 0.082562 0.023535 -0.012185 -0.027885 -0.183167 -0.023275 0.072014 -0.012007 0.167476 -0.008262 0.157311 0.057143 -0.186841 -0.140059 -0.103775 0.133183 0.023596 -0.103640 0.025419 -0.009921 0.119975 -0.148287 -0.017952 -0.059446 -0.032334 0.003774 -0.183443 0.000000 0.001032 0.099000 -0.045036 -0.004282 0.132007 -0.104849 0.119070 0.014565 0.066815 0.130640 0.063242 0.013369 -0.002626 -0.099550 0.091570 0.163011 -0.000449 0.005737 0.046703 0.106177 0.095889 -0.063271 -0.157117 -0.003973 -0.039597 -0.058219 0.025293 -0.019746 -0.092371 0.135936 -0.089695 0.032898 0.011663 -0.012484 -0.036752 -0.016697 0.003602 0.037171 -0.026317 -0.114110 -0.125957 -0.049793 -0.003674 -0.135835 -0.166877 -0.075495 0.152936 0.023856 0.004366 -0.171995 -0.006605 0.071917 -0.021740 -0.002816 0.107111 -0.120459 0.078494 0.039064 0.002313 -0.000128 0.017642 0.075608 -0.182834 0.061573 0.029986 0.129665 0.067810 -0.154907 -0.011314 -0.009144 0.012400 -0.011997 0.004253 0.004188 0.005721 0.095130 0.109031 -0.000228 0.082056 -0.015195 -0.001267 0.031619 0.039635 -0.110879 0.007834 0.096608 -0.042531 
0.008471 0.063267 -0.008751 -0.052412 0.026028 -0.071303 0.031850 0.065527 -0.019615 -0.002104 0.030122 -0.001010 -0.010253 0.002755 -0.046883 -0.001496 0.177531 1386.766649 -0.091385 -0.154854 -0.100033 -0.149980 0.021140 0.084030 -0.138572 0.129051 -0.001022 -0.092136 0.000292 -0.014522 0.008856 0.151164 -0.003747 0.155497 -0.021163 0.130350 -0.049000 -0.035148 -0.054077 0.003120 0.110321 -0.149838 0.039011 0.008646 -0.190253 -0.017343 0.072701 -0.057811 -0.181240 -0.000494 -0.030420 0.066073 -0.024599 0.000782 -0.058947 0.001742 0.000253 0.000000 0.006382 -0.056554 -0.001323 0.085480 -0.054346 -0.028322 -0.000408 0.013369 0.000000 0.164909 -0.166667 -0.030798 -0.047183 -0.018766 0.115318 0.007327 0.109810 -0.167387 -0.018565 -0.001253 -0.091443 0.002493 0.000532 0.001842 0.002116 -0.002150 0.135171 -0.009802 -0.097007 -0.024143 0.009944 0.107676 -0.011674 -0.071113 -0.162022 -0.161845 -0.085796 0.025223 0.000000 0.169484 0.058209 -0.065496 0.001555 -0.002078 -0.180150 0.021759 0.000151 -0.001585 0.054990 -0.141368 -0.070401 0.006085 0.135436 0.033086 0.022413 0.000610 0.014758 -0.012692 -0.057708 -0.039424 0.100414 0.103025 -0.046940 0.028481 -0.055534 0.008577 -0.010348 0.000000 -0.147773 -0.004803 0.025236 -0.143560 -0.160461 0.008986 0.040134 -0.005491 -0.103101 0.095107 0.187319 0.000851 0.004931 -0.185244 -0.198620 0.000000 0.093391 -0.019729 -0.068596 -0.049020 -0.016948 -0.039073 -0.032697 0.085164 -0.134330 0.089611 -0.004500 -0.058274 0.000477 -0.078243 0.187242 0.001216 0.030304 -0.011054 -0.059531 -0.001049 -0.004541 -0.000308 0.011775 0.000000 0.034872 0.001065 -0.017353 0.000151 0.000457 0.014582 0.131300 0.016296 0.175346 -0.006989 -0.000400 -0.005788 0.163634 0.043042 -0.001578 0.000000 -0.076806 -0.033446 0.000000 -0.004391 -0.056983 -0.047259 0.005718 0.000421 0.039646 -0.000272 -0.060655 0.001565 -0.073169 -0.036564 
0.044467 0.175064 -0.027110 0.078024 0.094413 -0.142827 0.167926 0.005605 0.082393 -0.026421 0.179979 -0.005705 0.025197 0.084096 -0.153710 0.029873 0.072807 -0.091385 8.717516 -0.010140 0.042814 0.137703 0.088171 -0.027898 -0.122865 0.055051 0.027569 0.114417 0.031363 0.013981 -0.057493 -0.057206 0.001550 -0.136668 -0.117440 0.138363 -0.085230 -0.030105 -0.160116 0.023682 0.006146 0.054832 0.083426 -0.084571 -0.144901 -0.004030 0.015608 -0.092561 -0.177868 0.005970 -0.050858 0.053636 -0.010885 -0.063286 -0.005758 -0.077771 -0.030373 -0.026972 0.028146 -0.017343 -0.043049 -0.131613 0.003822 -0.058334 -0.031710 0.039701 -0.012155 -0.054936 0.064147 -0.013914 0.051523 -0.001395 0.140038 0.001549 0.075452 0.002196 -0.081056 -0.028557 -0.007000 0.158697 0.060314 -0.146376 -0.029411 -0.073603 0.119188 -0.038748 0.064776 -0.021286 -0.085988 -0.095378 0.066303 -0.048760 0.103557 -0.068728 -0.000228 -0.141048 -0.068873 0.109332 0.095011 -0.058933 -0.078486 -0.028908 0.003280 0.080582 0.093511 0.062679 0.128453 0.034930 0.044673 -0.012552 -0.046389 -0.021012 -0.083504 0.119479 0.175354 0.059057 0.102852 -0.145283 -0.143532 -0.018503 -0.102695 -0.078649 0.017118 -0.044758 0.023426 -0.195092 0.065094 0.133656 0.038155 -0.010895 -0.050061 0.109581 0.086605 -0.081156 0.064751 0.069611 0.103661 -0.079766 -0.136495 -0.018389 0.071494 0.000000 -0.090662 0.000000 0.013554 -0.002888 0.093430 0.060516 0.021074 0.040699 -0.077845 0.033566 0.073299 -0.075607 -0.054445 0.174868 -0.050533 0.006665 0.036483 -0.041656 0.008745 0.002625 -0.100955 -0.092484 -0.019897 -0.045773 0.074968 -0.049556 0.046459 -0.076969 -0.087146 0.033635 -0.108918 0.024584 0.002632 -0.143578 -0.156986 -0.055441 -0.041219 -0.063336 0.020579 0.017624 -0.110455 -0.095329 0.046830 0.056893 0.137926 0.056184 0.143057 0.035390 -0.053982 0.056044 0.018669 0.087809 0.188173 0.012473 
0.041226 -0.188014 -0.036102 -0.003597 -0.173171 -0.015157 0.136704 -0.056836 -0.002847 0.001709 -0.024890 -0.111706 0.100006 -0.168032 0.108878 0.037653 -0.048645 -0.154854 -0.010140 6.860621 -0.126490 0.056501 0.074820 -0.125024 -0.023966 -0.001872 -0.108382 -0.061569 -0.137883 -0.105385 0.001826 0.153655 0.196530 -0.011737 0.080071 -0.154104 0.026487 -0.003257 0.014902 0.131973 -0.023720 -0.006016 0.050627 0.055541 -0.096028 0.001347 -0.072285 -0.118515 -0.016217 -0.099194 0.085519 -0.083664 0.010870 0.173337 -0.064514 0.201750 -0.013085 0.059944 -0.034255 0.076450 0.009659 0.191879 -0.021928 0.107476 -0.101249 0.004446 0.113638 -0.004064 -0.162080 0.154972 -0.113439 0.162647 -0.124802 0.047078 0.063776 0.172623 -0.029965 0.113927 -0.032915 -0.032958 -0.120671 -0.183241 -0.151276 0.137437 -0.046006 0.040872 0.086443 -0.023476 -0.016002 0.089803 0.021805 0.014787 0.034467 0.136790 -0.007908 -0.010895 0.166721 0.113940 0.171810 -0.157613 0.168628 -0.084798 -0.102978 -0.073291 0.008407 -0.009140 -0.052101 -0.000356 0.031178 0.173961 0.035709 0.004545 0.013687 -0.155092 0.053760 0.107598 0.067435 -0.100836 -0.163868 0.000386 -0.014338 -0.092864 -0.184181 0.081617 -0.039892 -0.051724 0.165170 -0.089878 0.004334 0.089665 0.002013 0.064434 -0.158054 0.015276 -0.017995 -0.061468 -0.065755 0.023725 0.022397 0.026881 0.038417 0.075392 0.024748 -0.008947 0.170030 0.168480 -0.108972 0.013505 0.078394 0.116594 -0.032434 0.063061 0.056172 0.159404 -0.100902 -0.169316 -0.020119 -0.084899 -0.096509 -0.117984 0.007654 -0.147301 -0.060971 -0.117531 0.000289 -0.159467 -0.047751 0.007589 -0.193393 0.003780 0.031908 0.021207 0.077429 0.055377 0.096768 0.081368 0.051580 -0.050763 0.185489 -0.189403 0.025114 -0.025506 0.124901 0.022905 0.009412 -0.001944 -0.121508 -0.189113 -0.056402 0.003059 -0.179434 -0.109166 -0.015414 0.014932 -0.018580 -0.006218 
-0.009183 -0.006342 0.036612 0.020732 -0.054492 -0.169896 0.183039 0.123575 -0.000899 0.040614 0.007408 0.118763 -0.013571 0.038726 0.143488 0.039081 0.002989 -0.100033 0.042814 -0.126490 630.846080 -0.098465 0.131929 0.126793 -0.089097 0.000000 -0.098695 -0.079383 -0.002280 -0.003228 -0.000577 0.129461 0.140862 -0.098790 -0.002772 -0.094742 -0.184799 0.131535 0.045383 0.158677 -0.090212 0.101448 0.151125 -0.159438 -0.005036 0.028643 0.026011 0.048683 0.028651 -0.108967 -0.023369 -0.029120 0.003882 0.001566 0.193029 -0.004798 -0.002281 -0.000471 -0.085315 0.066243 0.002825 -0.055148 -0.014807 0.107560 -0.003246 -0.024748 0.138411 0.121817 0.142792 0.007018 -0.081924 0.050229 0.001201 -0.046648 -0.126364 -0.162742 -0.000201 -0.020622 -0.001826 -0.014426 0.002036 0.001070 -0.067023 -0.128305 -0.130619 -0.141995 -0.002537 0.054165 0.018470 0.109150 0.007914 0.078521 -0.018335 0.040559 0.001547 0.041897 -0.012263 0.010897 -0.171578 -0.091551 0.050253 0.000000 0.169263 -0.014002 0.012301 -0.002810 0.084267 0.071268 0.000000 0.000000 -0.041554 0.160611 0.000000 0.001330 0.003952 0.074139 -0.128943 0.001360 -0.124573 0.031672 0.010593 -0.058958 0.074142 0.109116 -0.000750 -0.000284 -0.005221 -0.087311 0.154982 0.144297 0.061322 -0.008469 -0.016327 -0.008914 -0.114561 0.096737 0.097525 0.062876 -0.035464 -0.028219 -0.121802 0.101542 -0.021786 0.083234 0.167639 0.200041 0.019075 -0.002942 0.046692 0.000000 0.144541 0.115850 0.023744 0.033822 0.020387 0.001730 0.101193 -0.003938 0.037504 0.001934 0.027175 -0.115739 -0.018617 -0.013253 -0.004964 -0.001128 -0.056035 0.038594 0.000000 0.044786 -0.186646 0.033418 -0.006621 -0.084233 0.032865 0.199073 -0.010002 -0.014746 -0.036963 -0.030478 -0.005534 -0.000892 -0.133025 0.029656 -0.001094 -0.057768 0.057270 -0.108258 -0.063975 -0.043917 -0.057945 -0.007675 -0.128949 0.000000 -0.053548 0.005601 
