26.024455 0.000000 1.831494 -2.746410 33.202346 18.981922 1.696421 3.265952 -11.373484 7.008707 -3.546781 2.311532 -42.986217 -5.148449 -3.608729 -0.984288 2.613691 -1.824673 3.893977 8.482568 35.845532 -1.922323 5.085681 16.022179 10.072818 -1.189757 -0.094564 3.319778 19.603423 -12.871425 -1.410539 -9.541846 20.503977 -23.329546 0.921605 -4.703084 -0.785337 -0.212132 2.126351 -0.664737 -4.245018 21.169804 1.007584 -0.593677 5.771911 1.808031 -2.012180 5.567235 11.439164 -11.852505 -0.097582 13.088586 7.141316 -9.028296 -0.071302 5.408013 13.285259 28.440105 0.582810 -0.883046 10.616441 -3.635149 1.834433 -1.613170 -6.902516 6.946057 0.747555 -3.238996 20.798558 -2.719238 -0.756968 -4.497280 15.356106 -10.189027 -0.998703 -4.150106 -1.263078 -8.004818 -0.120810 2.067875 -4.904103 -11.932296 0.184462 8.672889 20.870650 10.661200 1.189593 -0.097879 9.817717 2.693443 -3.500440 0.135958 -13.401220 -2.068459 -5.535919 -0.266329 16.779795 -9.107597 -1.383294 -2.853917 4.228806 -7.694312 1.865664 -8.963682 -9.726915 -2.270192 -0.218814 -5.087392 -2.155526 -0.036866 0.164206 8.671384 18.178809 14.729516 5.860842 0.005358 1.433548 2.198645 -7.394756 -0.008122 -8.739719 -3.775141 -5.080467 -0.057054 19.982245 -1.179260 6.626419 -0.072468 -6.535944 -2.490898 3.712388 -3.780707 -19.981689 -1.791390 0.159307 -3.706556 -5.970016 6.331157 -0.846235 -1.913140 2.092022 9.706427 3.134254 -0.696130 -1.894837 0.161823 -3.303961 -1.369181 3.723018 0.131433 2.100493 -4.304997 23.370096 2.244368 10.088139 -0.924628 -12.661199 -2.504190 -0.060782 -0.726254 -22.335928 -2.498135 -0.567323 -1.205171 -9.120969 -1.784760 -0.631941 -1.647827 15.410192 0.475153 -0.316681 1.849659 6.766385 21.993489 -0.481224 11.160987 9.820741 8.477322 12.684031 -13.716731 17.985576 -29.101638 4.708535 -14.166438 -10.105162 -26.831041 -9.359292 -1.748619 -21.596001 -7.955778 -5.707833 -0.001501 -6.891689 -0.276649 -0.092501 -0.223995 
0.000000 112.718477 7.023168 8.729014 5.472847 99.141212 4.147850 5.439317 -28.228179 68.572146 -2.358002 -1.558603 19.294312 66.458229 -6.166617 6.340495 60.113347 21.872092 0.906803 10.573275 -1.855188 -17.479306 3.401979 -14.085700 -9.274820 -21.409205 -1.484950 -23.887610 47.474849 162.822823 2.308133 21.844768 0.090938 78.640829 -5.201337 16.074450 -62.194154 20.969052 -14.129134 4.580871 8.747087 -17.471413 -1.827654 4.706821 62.727479 -21.706107 1.039385 11.190682 31.544471 6.629815 -1.840283 3.400815 -17.981141 -14.667951 -1.197916 -18.853195 -5.280266 -88.160592 -22.603512 0.050745 35.005373 -59.136240 -19.634278 2.463992 1.933763 -42.738421 -22.621070 -3.288674 69.940791 -74.982174 -7.417178 -6.628482 39.832886 -38.746312 -1.513277 -7.960436 17.352331 5.837497 -1.490724 12.075646 -38.421234 20.701799 -1.755684 22.314671 10.125333 -110.530144 -13.088347 -4.980941 3.932129 -38.153925 -8.418471 -6.340337 -18.548575 -12.194364 -16.720402 -3.757998 61.743489 -8.622990 0.512767 -3.969399 -0.167750 -2.094993 -2.805954 -4.036935 -12.119835 -0.263466 -4.532237 6.409953 -28.368934 15.897789 -2.568677 22.216578 41.633824 12.077644 12.645517 -0.877184 -34.866698 14.669814 -26.584306 -1.349723 5.060742 24.161064 -7.125433 -0.538570 27.839653 7.761522 8.290714 -0.823369 -29.126195 6.955425 -10.314595 4.493473 5.374401 1.696926 -3.849838 5.293288 -10.143397 2.557391 -0.878435 5.566205 43.491283 22.416222 -2.825592 4.712676 -1.165405 28.243324 -19.505409 5.397217 60.758414 32.421399 3.326282 6.280804 1.960311 14.013528 2.817594 1.302669 -48.214367 6.269477 -19.935325 1.239153 23.476460 3.176818 -3.312965 2.130069 9.900538 1.385025 0.207849 1.324541 45.077343 23.917983 -2.738595 8.528126 16.629992 46.471250 -2.209196 20.582949 12.172743 32.845469 16.263975 20.047254 -48.785702 3.370229 -28.398180 10.641560 -57.853084 33.215055 -17.536823 2.224698 31.259905 14.038085 6.653677 -0.018518 8.643434 -0.104866 0.182125 -0.282352 
1.831494 7.023168 1.016389 0.161111 2.717500 8.707222 0.916944 0.457222 1.409444 6.750556 -0.170556 0.304444 -0.902500 3.418333 -1.120278 1.282778 1.673333 0.619722 0.336111 1.151944 2.866389 -0.989444 0.640278 0.060556 -1.469167 -1.881389 -0.121667 -1.977222 5.395556 16.484444 1.366667 0.098333 1.075833 5.826944 0.695556 0.581111 -4.754444 1.220833 -0.630833 0.482778 0.691944 0.200833 -0.324722 2.465833 5.110833 -2.182778 -0.293333 1.479167 5.776111 -1.214167 -0.141667 1.705278 -1.331667 -2.608333 -0.095833 -1.813056 1.268056 -3.122778 -1.533889 -0.282500 4.208889 -5.840833 -0.535278 -0.144444 0.913333 -3.847500 -1.158889 -0.562500 9.732500 -7.889444 -1.061667 -0.160278 5.248333 -5.074167 -0.371389 -1.381667 2.046111 -0.986389 -0.134167 1.399444 -2.401944 -0.931667 -0.171389 0.908333 2.240000 -10.264444 -0.121944 -0.462500 1.592500 -3.895000 0.831111 -0.600833 -3.586111 -2.058611 -1.470833 -0.340000 9.175556 -2.520000 -0.286667 -0.703333 -0.039444 -1.401667 -0.113889 -1.557778 -2.307222 -0.419722 -0.440000 0.511944 -0.564167 0.096667 -0.239444 3.899722 5.824722 1.846111 3.005556 -0.082500 -3.718333 0.240556 -1.161944 -0.130833 -2.338056 0.575833 -1.148056 -0.052500 6.623056 0.197500 1.748333 -0.063889 -3.669722 0.010000 -0.605000 -0.220278 -3.195000 -0.148333 -0.496944 0.105278 1.288333 1.900556 0.205278 3.163611 3.683611 2.295278 0.634167 0.136389 -2.570833 0.815000 -1.733889 0.049167 2.723611 1.364444 0.735278 -0.299444 4.579167 0.691944 2.170000 -0.083333 -6.102500 -0.036389 -1.746944 -0.017500 -2.039444 -0.144167 -0.483056 -0.023333 -0.260000 1.130833 0.205833 0.483333 2.488611 -0.529167 -1.003056 0.696389 0.707500 4.260278 -0.231944 2.518056 2.774167 2.672500 4.598889 -1.239444 -1.447778 -5.266667 -0.206111 -1.583889 -6.640000 -1.937222 -3.201944 -0.100833 -1.032500 -0.155833 -0.430556 -0.001667 -0.548333 -0.090000 -0.015833 -0.085833 
-2.746410 8.729014 0.161111 1.498765 -0.330247 4.707407 -0.045062 0.633333 -1.983951 2.104938 -0.277778 -0.165432 5.109259 5.134568 0.168519 -0.369136 6.802469 1.840123 0.077778 -0.214198 -4.554938 -1.959259 0.243827 -1.907407 -5.214198 -2.154938 -0.102469 -3.435802 0.718519 14.014815 -0.355556 3.937037 -1.067284 7.327778 -0.950617 2.251852 -4.404938 3.756173 -1.064815 0.502469 2.770988 -2.638889 0.109259 -0.593210 5.183333 -2.149383 0.419753 -0.788272 -0.423457 2.967284 -0.129630 -0.994444 -5.033333 0.500000 -0.083333 -3.516667 -0.887037 -7.746914 -1.801235 0.366049 0.879012 -3.368519 -1.904321 0.720988 -0.214815 -3.067284 -1.997531 0.227778 2.480864 -4.769136 -0.702469 -0.132716 0.188889 -1.225309 -0.004321 -0.295062 -0.401235 2.246296 -0.099383 1.334568 -2.773457 3.709877 -0.135185 3.571605 -0.503704 -8.051852 -1.358642 -0.342593 -0.336420 -2.665432 -1.069136 -0.445062 -0.502469 -0.447531 -1.425309 -0.251852 3.269136 1.049383 0.071605 0.224691 -1.193827 1.450617 -0.616049 1.459259 -1.855556 0.480864 -0.375309 1.333951 -1.252469 3.254321 -0.218519 3.136420 1.708025 0.458025 -0.377778 -0.061111 -2.779012 0.892593 -2.082099 -0.096914 0.995679 1.811728 -0.120370 -0.038889 -0.248765 0.585802 -0.095062 -0.055556 -1.341358 0.901235 -1.912346 1.153704 2.435802 0.512346 -0.693210 1.003086 -1.939506 -0.388889 -0.152469 -0.743827 1.374691 2.541358 -1.033951 0.820370 -1.227778 1.850617 -1.902469 1.024074 2.720370 1.725926 -0.278395 1.334568 -3.274691 0.235185 -1.520988 0.244444 -2.436420 0.772222 -2.394444 0.253704 5.537037 0.782099 -0.447531 0.427160 1.207407 -0.310494 -0.069753 -0.160494 -2.801852 0.464815 -1.862346 1.173457 -1.540123 4.535185 -0.741358 1.794444 -2.732716 2.624074 -0.585185 4.625926 -6.032099 5.071605 -4.255556 3.862963 -2.777778 7.828395 -0.585802 0.547531 6.810494 2.817901 1.643210 -0.001235 1.727160 -0.066667 -0.011728 -0.063580 
33.202346 5.472847 2.717500 -0.330247 1504.431451 177.870926 102.381265 74.750556 1432.198210 182.308210 -1.466111 94.255802 -1076.862870 -159.502531 -199.013241 -26.669938 -416.326173 -87.945586 -54.175000 -39.450895 -19.192377 -22.227963 -14.010957 -109.390926 -165.037562 -111.876821 -12.417716 -237.323272 49.155926 336.259630 58.372222 -7.126481 752.682377 -34.719722 150.073210 23.304815 361.892346 174.805401 -55.959352 62.673272 -500.039414 400.864167 -111.473981 59.588302 28.389722 -88.944877 -39.663827 64.419290 138.552531 -38.084043 -10.056481 69.717500 -87.577222 -118.825000 -8.440278 -117.777500 178.416204 532.891173 24.443642 23.379599 417.842469 -248.586759 56.986080 26.247531 -65.414074 166.607932 -82.796173 -29.390278 38.608673 79.791173 -149.942160 65.587623 349.027222 -270.228117 -37.494475 6.660432 -141.379691 -37.664907 -12.851821 65.004136 156.214475 -34.213025 -21.245093 275.234877 281.022593 -169.021481 -16.757006 1.524537 552.460772 -199.368086 -42.237160 -12.126512 -272.379938 -173.002562 -318.621451 -29.117037 180.067160 -177.230123 -102.680123 -30.246173 322.169568 -76.949321 -45.412654 -46.535926 -313.483889 -16.729105 -48.275062 -7.534599 363.398673 93.779753 -21.074259 249.890340 499.619660 79.522160 56.116667 5.558611 123.969198 -41.175370 -218.756142 -7.112438 -304.716698 -58.587377 -202.202130 -8.320278 204.999969 -24.737562 -22.024012 -2.925000 206.526451 -19.649753 -121.120802 2.357130 -212.882284 1.636358 -73.795586 0.951451 63.289321 54.292778 -13.220772 53.060401 101.537438 153.880216 -117.448179 14.887130 -230.548611 -16.721543 -201.442160 0.400648 -226.635648 -42.052593 -79.018179 -8.160309 170.768673 -50.822130 -99.935309 0.494444 266.856883 -12.890833 -196.236944 2.593241 -81.868704 -7.136636 -48.145895 0.485432 -46.971852 -5.157932 -12.995895 -0.843210 -216.247315 -221.566204 -152.959969 -2.525586 -299.202747 -88.338241 -98.675772 5.862500 -266.199043 -175.813796 -54.172593 -0.013148 135.251358 -4.056790 -101.887222 86.688704 248.720000 58.485123 -24.210216 4.103117 -15.342623 -17.785586 -22.483025 -0.275247 -83.456235 -13.130000 -1.475957 -12.258549 
18.981922 99.141212 8.707222 4.707407 177.870926 154.823333 13.474259 14.167778 62.535926 132.228148 -15.854444 7.482593 -153.012778 40.193704 -39.195000 4.673704 22.478519 11.524259 -5.916667 16.401296 54.153519 -14.413333 2.600926 -8.863333 -32.849815 -39.620926 -2.810741 -56.066296 71.448889 204.021111 14.655556 10.226667 109.598704 70.910556 16.408148 13.113333 -52.577037 50.804630 -28.609444 13.260741 -57.672037 57.533889 -22.768333 24.447593 67.235000 -35.673704 -8.091852 21.599074 61.995185 -9.079815 -3.355556 21.501667 -32.737778 -32.511111 -2.169444 -31.721667 29.208333 4.884815 -18.644815 -0.917963 92.967037 -104.760556 -14.079074 4.146296 -3.180000 -39.811296 -34.505926 -9.469444 104.830926 -85.920741 -31.726296 9.730185 109.415556 -100.369815 -8.467963 -7.078519 -3.008148 -13.759444 -3.904259 19.884815 -35.836481 0.469630 -4.349444 61.570370 45.854444 -125.707778 -19.166481 -6.775000 91.469074 -65.659630 -24.210741 -8.602407 -39.818519 -37.985370 -62.162037 -7.671111 116.559630 -50.276296 -12.404074 -9.361481 58.382963 -27.838148 -6.875926 -14.958889 -72.423333 -8.427963 -13.469259 2.202407 9.599815 24.644074 -5.868889 65.294259 101.359074 7.114074 8.094444 -1.205000 3.411852 6.584444 -62.580185 -2.877963 -19.317963 12.230185 -34.850556 -1.373889 89.620926 2.455741 16.708148 -1.944444 -9.072407 -0.011852 -19.579259 1.410556 -56.961481 -1.634074 -17.081296 3.905370 8.873704 20.785556 -3.866852 14.431296 70.533519 8.735741 -23.973519 1.370556 -15.191667 25.056296 -45.220741 3.666111 38.713889 32.380000 -1.446852 -0.660741 58.095370 10.153889 10.094815 -1.205556 -38.438704 -1.709444 -40.662778 0.860556 -20.963333 -1.210926 -14.083148 1.260370 16.026667 3.516852 -0.399815 4.107407 79.701667 22.025000 -8.896481 9.353148 -2.937593 34.238333 -7.393519 20.369444 2.134630 7.565000 19.828889 -2.224444 8.673704 -38.407407 -29.474444 -2.991111 -50.432222 2.364074 -40.023519 -0.302407 0.048704 3.638704 -3.648148 -0.015926 2.110370 0.051111 0.670926 1.096481 
1.696421 4.147850 0.916944 -0.045062 102.381265 13.474259 22.385525 1.309444 117.420802 20.590802 23.626111 2.923951 -75.734537 -3.923272 -15.170463 1.899321 -41.638765 -9.096883 -5.125000 -4.800710 8.331142 -9.212407 -1.382253 -14.147593 0.775957 -18.682191 -1.101790 -16.890679 9.341481 59.067407 12.311111 -0.190926 52.776636 11.145278 23.395802 1.833704 2.007531 20.537809 5.228981 3.807346 -39.125895 48.721389 -9.301204 15.601451 5.389167 -9.453025 -4.541235 14.396142 16.567716 -9.382747 -1.023148 3.255833 6.270556 -20.591667 -0.915278 -10.814722 23.480093 16.282654 8.949938 2.034969 44.113951 -43.751759 11.269228 2.060494 -19.848519 3.049969 -4.778765 -4.970833 7.138488 -17.784012 -13.622901 10.885586 46.101667 -33.546821 -3.727994 5.806358 -6.330062 -8.721019 -1.223858 1.728951 31.423549 -10.357840 -1.982315 25.833025 40.369259 -38.572593 6.567623 0.993981 46.864290 -28.576605 5.617654 -2.446698 -48.881790 -25.167932 -33.000154 -2.719259 19.770123 -28.633086 -10.105309 -3.467654 43.303642 -15.000802 -3.755247 -8.757037 -25.631667 -5.503735 -4.419877 -3.869969 49.957377 5.513827 -0.247593 25.360154 73.476512 23.955123 20.033333 1.332500 -7.848951 -6.922037 -24.042994 0.057377 -47.677994 -6.100525 -23.509352 -0.564167 21.783117 -2.129599 1.237469 -0.541667 22.190710 -2.698272 -6.295617 -1.238981 -26.009321 -1.578827 -6.935772 -0.962068 8.303025 3.988333 1.382377 5.178364 16.334290 27.117068 -11.053920 3.254352 -31.012500 -6.356358 -28.584012 5.960093 -21.982870 0.159630 -7.571698 5.116728 21.786265 -2.593796 0.152840 1.483333 16.848179 -1.246944 -13.541944 0.108241 -17.186481 -1.956451 -6.587932 -0.207531 -5.797407 0.177809 -0.565710 -0.874691 -22.792315 -30.674537 -16.008673 3.304228 -26.330340 2.054537 -11.569290 15.031944 -14.737747 -3.096574 -0.769259 13.702407 11.237284 -15.636420 3.961667 9.532037 5.245556 -6.520802 -8.632623 0.049599 -7.526142 -2.432438 -4.997840 -0.026728 -6.360309 -0.776667 0.012747 -0.876512 
3.265952 5.439317 0.457222 0.633333 74.750556 14.167778 1.309444 15.078889 37.521111 4.446667 -6.887778 16.801111 -54.940556 -3.326667 -9.095000 -1.330000 -3.051111 -1.490556 -1.305556 2.171667 -13.698333 -5.818889 0.036111 -5.696667 -33.051667 -12.195000 -0.814444 -22.931111 2.121111 14.526667 0.494444 1.021111 30.239444 -3.817222 1.887778 4.546667 14.621111 10.397222 -3.776111 6.047778 -18.096111 10.017222 -2.218333 3.027222 16.218333 -7.486667 -1.712222 5.497222 4.598889 2.262778 -0.883333 4.623889 -29.915556 -1.983333 -0.536111 -15.527222 1.408333 33.703333 -1.496667 1.645000 13.857778 -5.571667 -1.438333 0.588889 8.181111 1.146111 -5.052222 -0.619444 11.749444 -5.102222 -3.368889 -1.227222 17.793333 -10.305000 -1.349444 -2.087778 -1.721111 4.551667 -0.528333 14.070000 -11.010556 4.017778 -1.071667 16.955556 6.532222 0.092222 -3.785000 0.225000 22.678333 -3.596667 -4.070000 0.243889 0.288889 -5.665000 -10.363889 -1.026667 17.863333 -3.980000 -2.330000 -2.713333 3.670000 0.487778 -2.250000 -4.286667 -9.767778 2.423889 -2.160000 5.933889 2.907222 11.892222 -1.607778 25.729444 3.990556 4.495556 1.200000 0.917222 14.426667 1.567778 -4.489444 0.651667 -3.260556 -1.799444 -5.400556 -0.362778 15.245000 -0.951667 0.165556 0.033333 -4.826111 0.167778 -8.514444 0.049444 -4.402222 1.528889 -3.473889 0.868333 2.181111 7.202222 -1.187222 9.290556 -4.790556 17.461667 0.428333 2.215000 -2.163889 5.010000 -3.668889 -0.878333 -4.852778 -2.158889 -2.195000 -1.536667 11.452778 -2.218333 -5.231111 -0.516667 -3.351667 -0.365000 -10.079444 -0.028333 -0.224444 0.681667 -1.479444 -0.015556 0.321111 -0.229444 -0.590556 2.161111 -14.915000 -4.463889 -6.226111 -0.267222 -9.167222 0.105000 -1.925000 -0.447222 -6.395000 -16.168333 2.223333 -4.141111 7.447778 -2.538889 -11.368889 1.464444 4.773333 6.606667 -4.366111 0.121667 1.628333 0.790556 0.105556 -0.012222 -3.104444 -0.660000 -0.099444 -0.629444 
-11.373484 -28.228179 1.409444 -1.983951 1432.198210 62.535926 117.420802 37.521111 4294.714691 472.250247 241.893333 156.316173 249.475741 -36.939383 -191.223519 46.728765 -1314.108765 -223.931049 -153.816667 -228.559321 -456.787469 -60.144074 -39.772531 -483.462593 -348.097099 -174.274136 -3.942346 -518.709012 41.577037 687.858519 86.600000 -6.547037 503.107469 214.922778 302.198025 -7.609630 1090.026420 102.711420 156.335370 62.647901 -345.748951 766.305000 -223.752037 177.228951 -130.312778 44.095309 -87.800123 74.150309 348.222716 -67.887469 -5.648148 6.676111 10.176667 -272.400000 0.069444 -177.228333 262.423148 1153.234321 81.551605 1.685247 408.565062 -13.309815 194.700062 31.988272 80.222593 -47.632531 -38.885432 -31.552778 7.099321 148.317654 -321.832346 118.502531 700.251111 -365.554877 -60.433272 65.640247 -30.135062 -126.536852 -29.451914 57.997284 438.282160 -195.307284 -16.687593 524.974691 138.149259 -526.795926 -63.624877 -39.410185 792.906235 -382.874938 44.829877 -55.396975 -63.951235 -402.867099 -385.529321 -48.388148 149.671235 -451.917531 -204.450864 -77.246543 680.360864 -182.629136 -80.319136 -90.044815 -283.665556 -41.841790 -89.933210 -18.769691 608.352654 98.618272 -2.790370 427.019321 459.066235 -165.666543 48.816667 -9.428333 159.706049 -20.965926 -168.676605 -30.947346 -450.066605 -75.986358 -237.129074 -10.753889 128.405617 -39.080432 -55.757531 -10.172222 418.047099 8.988395 -178.908395 -0.430926 -211.163210 8.282840 -121.158827 -5.091790 120.943580 44.953333 -14.180679 118.062531 237.441790 211.906235 -81.603642 6.231296 -303.691667 -2.068025 -233.215679 -27.834630 -471.623148 -101.828148 -122.991420 -59.601605 105.257099 -84.244630 -128.507160 -11.527778 480.536235 -9.346111 -222.487222 5.130185 -98.712593 -17.810062 -75.747099 -2.254198 0.054815 31.304753 -11.947099 -10.630247 -150.199815 -59.628704 -92.796728 12.234506 -453.894506 -129.712407 -125.676235 -44.263889 -657.357469 -373.883519 -76.888148 -204.229259 126.997284 -258.758642 -36.064444 53.189259 335.998889 14.474198 17.003765 17.082654 -22.003642 -55.467716 -57.150617 -1.005062 -125.837531 -10.184444 -1.509198 -40.427346 
7.008707 68.572146 6.750556 2.104938 182.308210 132.228148 20.590802 4.446667 472.250247 326.412469 21.257778 14.491728 -1.715370 141.102840 -63.094630 20.088765 -168.856543 -22.249938 -34.255556 -20.724877 70.142531 3.121481 -8.933642 -34.941481 17.556235 -43.973025 -6.535679 -18.207901 70.340370 303.938519 30.605556 4.510741 75.623025 134.596111 58.044691 3.052593 43.478642 38.411420 6.520926 16.141235 -26.551173 153.148333 -54.626481 70.457840 33.467222 -28.936914 -26.681235 36.516975 25.758272 -32.674136 -5.181481 3.745000 10.435556 -63.438889 -3.330556 47.365000 55.878704 140.727654 0.122716 3.478580 80.416173 -99.894259 8.276728 1.860494 -7.050741 -152.752531 -26.880988 -19.775000 132.428210 -162.166790 -72.589012 55.501420 222.586667 -183.711543 -27.556605 8.904691 -52.309506 -47.062407 -8.711914 -9.509383 -17.307840 -41.215062 -4.349815 101.863580 43.695926 -234.830370 -19.921543 -6.321296 135.971790 -126.031605 -17.991235 -15.406975 -27.023457 -98.520432 -97.523765 -15.434815 183.672346 -134.235309 -30.413086 -8.558765 174.804198 -71.860247 -9.174691 -23.732593 -147.296667 -22.861790 -27.802099 -23.376358 -27.672901 14.194938 -0.547037 52.915988 143.585123 6.403457 15.666667 -1.485000 -22.969506 25.392963 -76.364383 -7.067346 -83.434383 9.501420 -53.739074 -3.317222 158.676728 -0.310432 27.389136 -3.766667 51.310432 -2.508272 -29.518395 -3.418704 -131.697654 -9.174938 -38.694383 -3.195123 -35.190864 2.254444 -7.339568 -2.863025 92.184012 42.766235 -27.054753 4.684630 -107.902778 32.311975 -70.761235 5.999815 -33.228704 33.289630 -6.679198 -12.150494 110.945988 15.197593 20.266173 -5.694444 -1.577099 -4.332778 -69.367222 1.436852 -73.263704 -5.762284 -29.665988 0.465802 12.651481 -1.836358 -1.082654 -1.330247 105.602407 82.737963 21.461049 13.452284 -35.654506 41.322037 -8.554012 34.208333 -70.261914 81.025370 24.048519 -20.374815 10.879506 -50.336420 -32.398889 -15.600741 -47.397778 -27.439136 -74.097346 1.555988 -27.354753 -7.054383 -18.772840 -0.158395 -10.167531 0.596667 1.084136 -4.240679 
-3.546781 -2.358002 -0.170556 -0.277778 -1.466111 -15.854444 23.626111 -6.887778 241.893333 21.257778 113.967778 -15.304444 168.359444 41.990000 50.149444 -0.491111 -107.145556 -25.346111 -8.955556 -28.395000 -37.620556 -34.857778 -3.741667 -65.780000 23.526111 -37.183889 0.541111 -61.864444 3.626667 39.248889 13.438889 0.171111 -1.166111 30.438333 34.321111 -2.025556 33.454444 5.808333 60.068333 -4.307778 3.092778 41.267222 2.981667 18.777222 -8.603889 -21.425556 -12.078889 14.536111 41.710000 -19.292778 -0.188889 -4.881667 53.867778 -53.661111 1.925000 -46.205000 27.147222 -0.557778 7.986667 1.995000 28.130000 -35.266111 25.667222 2.750000 -29.452222 -2.437222 12.308889 -6.097222 -12.406111 -10.441111 -28.213333 23.467222 51.065556 -45.632778 -5.071667 14.223333 -3.237778 -23.409444 -3.100556 7.808889 80.178333 -24.037778 4.806111 58.633333 31.560000 -71.352222 0.553889 4.547222 50.967222 -47.291111 35.146667 -4.722778 -80.311111 -34.515000 -27.775000 -3.776667 5.480000 -22.007778 -15.457778 0.470000 80.386667 -7.773333 -0.677778 -6.670000 -46.517778 -12.881667 -9.843333 -3.371667 81.190556 8.436667 7.347778 71.890556 105.451667 3.073333 39.738889 1.750556 -20.367778 -18.187778 -3.861667 -3.026111 -109.171667 -11.505000 -34.300556 -2.635000 19.445000 -2.123889 5.976667 -1.072222 43.618333 -1.543333 -3.492222 -1.317222 -43.496667 -4.854444 -17.590556 -1.637222 26.520000 0.524444 5.657222 21.107222 72.259444 38.206111 2.767222 9.992778 -33.386111 -20.956667 -39.074444 11.338333 -57.919444 -7.047778 -14.511667 3.068889 28.730556 -8.368333 17.024444 0.322222 16.026111 -2.770556 -11.923889 0.255000 -35.496667 -4.207222 -15.390556 -0.765556 11.337778 1.881667 1.259444 -1.005556 -7.409444 -22.402778 -15.026111 11.099444 -16.689444 -6.850556 -19.675000 20.091667 -25.489444 7.709444 0.301111 18.731111 17.658889 -31.744444 19.397778 -5.107778 -12.548889 -31.532222 -13.649444 -0.478333 -21.810556 -5.831667 -12.511111 -0.112222 6.012222 3.178889 0.178333 -4.196111 
2.311532 -1.558603 0.304444 -0.165432 94.255802 7.482593 2.923951 16.801111 156.316173 14.491728 -15.304444 60.138765 -78.552593 -19.139012 -30.744074 27.639136 -55.053580 2.394321 -8.033333 -0.711358 -28.996173 10.379259 -3.388272 -9.039259 -7.384691 32.829383 -1.784198 -4.317531 0.047037 13.911852 -0.466667 -1.493704 24.215062 -11.086667 11.416173 1.789259 62.709383 -13.295062 0.008148 9.884198 -10.514321 27.697778 -11.135926 9.384321 9.043333 31.601605 2.129136 5.782716 -1.427654 5.531605 0.768519 -4.956667 -42.987778 4.805556 -0.327778 -14.163333 7.948148 66.939136 -0.273210 2.570617 0.017654 6.738519 13.579877 -3.254321 17.951481 -25.833827 0.350864 -0.261111 4.782469 -4.899753 -0.521975 -8.408395 24.415556 16.211975 -0.964568 -2.087160 28.063457 13.052593 0.123827 11.057654 -34.395432 -2.692099 -2.394815 -12.232716 11.152593 6.938519 -5.379136 1.087037 7.634198 -16.481235 -8.056420 -1.858272 28.269136 -22.853580 -4.341358 -2.413704 -9.494691 -24.246049 -3.907160 -8.115802 -17.763951 -7.796173 -2.089506 -7.145926 40.365556 12.373580 4.265309 10.013827 -20.737531 15.810123 -1.444815 7.345802 -8.948025 -5.140247 -11.922222 0.481111 12.927901 -6.369259 -3.637901 0.440247 15.102099 -6.897284 10.178148 0.595556 -27.020123 -3.951358 -4.600494 -0.283333 -22.609753 -0.894568 -6.990988 0.242963 38.534198 6.427654 8.599877 1.229136 -14.551605 7.957778 -1.720864 6.981605 -20.556914 13.950864 0.231728 0.858519 4.955556 8.520494 10.739136 -0.777407 -0.853704 -1.429259 0.458395 -1.715679 -33.080864 -2.784074 -15.043457 -1.333333 -0.262469 -1.328889 0.756667 -0.129259 38.538519 4.919012 10.509753 -0.292716 -8.952963 -3.371728 -0.601358 -0.233951 -11.299259 8.140741 15.061235 -3.065679 -14.007654 -23.010741 4.524691 -2.483333 -20.926173 -62.634074 -8.952593 1.249630 -29.831235 12.361728 -26.524444 12.918148 35.456667 31.156049 21.189136 -0.023086 21.398395 -1.463457 8.517901 -0.049877 -13.626049 -2.248889 -0.123827 -2.235309 
-42.986217 19.294312 -0.902500 5.109259 -1076.862870 -153.012778 -75.734537 -54.940556 249.475741 -1.715370 168.359444 -78.552593 3408.605278 586.611296 464.428611 47.185741 391.169259 75.507130 94.191667 -144.623241 -1147.609907 -197.027222 -4.152315 -610.866111 -479.402130 -205.217685 17.312407 -493.059815 18.787778 356.848889 7.061111 33.396111 -897.637870 567.592500 -71.738148 -3.186667 -360.408519 52.657870 208.883611 -77.201296 1170.253426 -295.059167 242.105278 19.394352 231.741944 -0.713519 9.950741 -35.528241 71.522037 52.920648 18.952778 -71.046944 -58.751667 -55.091667 22.804167 -204.211944 7.301389 -109.480926 -79.517963 -30.168426 -479.379259 531.254722 -83.387870 -3.429630 -35.502222 -170.442315 76.712593 -5.601389 254.383241 -586.119815 46.235741 61.283426 -47.403889 -121.136019 -25.457315 93.727963 35.746481 -16.671944 -16.126019 69.357963 93.008426 27.835370 21.385278 242.626852 -314.656667 -752.707778 -160.516019 -45.818056 -525.130463 -141.986481 66.170741 -52.977870 260.126852 0.048426 306.632870 6.562222 19.522593 -71.233704 81.194074 48.584815 -28.829074 45.883148 4.689815 103.152222 -44.853889 40.268796 -21.417407 24.877870 173.435463 116.001481 46.633889 211.216019 -363.862685 -169.975741 67.883333 -1.359167 -471.950185 110.431667 383.783241 -10.014537 -27.740648 127.102870 259.378611 -2.616944 -54.201759 47.881204 29.414630 1.058333 -2.231204 47.402963 3.919815 5.961944 27.559815 -4.727593 -30.759537 -8.739537 203.324630 37.899444 34.099352 31.237315 46.406204 171.627870 346.981574 -4.133611 -174.431944 53.749815 210.952407 0.586944 -1.937500 35.841111 74.341574 -15.815370 -106.924537 74.855278 68.609630 -11.038889 -101.568796 34.344722 27.116389 0.514722 7.133889 12.878426 9.756204 -3.841481 132.365556 34.597870 23.939537 -25.074074 347.458611 639.598611 277.442870 49.341574 117.176759 284.192500 125.508796 38.551389 91.048981 515.958056 152.173333 48.633889 -295.905926 249.735185 12.756111 -93.799444 -235.354444 -26.314630 -1.326759 -8.050093 -1.418426 -0.695093 2.117593 -0.766852 95.561296 30.345556 3.837130 -31.492870 
-5.148449 66.458229 3.418333 5.134568 -159.502531 40.193704 -3.923272 -3.326667 -36.939383 141.102840 41.990000 -19.139012 586.611296 341.099877 87.203148 16.628025 100.996420 84.452654 17.894444 -31.036358 -112.760062 -41.237407 -2.224383 -114.511481 55.840309 -43.928951 -3.178642 -41.317531 44.552593 218.445185 15.500000 16.828519 -180.971049 213.432778 4.566173 11.278148 -202.907284 66.235494 57.838704 -11.199136 228.377346 -5.216111 62.505741 27.325988 152.646111 -26.315062 -0.970864 35.513272 11.505679 -8.243395 0.685185 -39.609444 22.834444 -12.772222 -0.513889 30.011667 30.617593 -113.533086 -29.973210 -4.271049 -50.371235 27.330185 -21.784012 3.612346 -26.098519 -151.481049 0.634198 -18.402778 135.435247 -336.855309 -19.560864 16.944383 108.371111 -152.179691 -14.934012 -3.192716 -11.380988 -1.511296 -3.145617 -14.014568 -41.531543 28.930123 1.002407 38.417284 -21.808519 -374.989259 -48.093025 -10.621296 -47.596358 -113.597901 13.904691 -15.605494 -25.236420 -39.978580 11.683642 -6.074815 92.049753 -37.896049 9.215062 10.878642 -10.613951 9.209383 6.477160 13.615185 -72.645556 18.020802 -10.262469 -8.377840 -54.273642 26.454568 8.594074 -3.340309 41.226975 29.037531 64.300000 4.678333 -159.266543 44.158519 47.864877 0.587469 -91.511790 41.805494 17.175370 -2.551667 63.910432 19.351420 24.755062 -0.544444 -38.484753 9.110988 -3.463210 0.690185 -37.315802 -5.350123 -17.364012 -1.151420 2.609506 -7.414444 9.587469 -11.871173 105.929198 121.525864 87.023395 4.122407 -109.608333 27.709383 -13.733086 13.364259 -4.367593 57.081852 6.922284 8.739877 21.649691 63.107593 22.912099 -2.066667 -85.859691 17.851667 -31.185000 0.495741 -17.372593 6.399568 3.056975 -0.487160 36.380370 3.836605 11.056975 -4.111728 218.364630 256.887963 93.458457 25.053765 27.784012 121.569815 12.438580 57.936111 1.043272 242.485370 18.580741 63.077407 -116.720123 120.639506 -81.274444 -13.587407 -105.921111 21.617160 -59.963642 -1.320309 0.917840 9.983765 5.073457 -0.188765 23.207284 8.478889 3.151173 -5.471420 
-3.608729 -6.166617 -1.120278 0.168519 -199.013241 -39.195000 -15.170463 -9.095000 -191.223519 -63.094630 50.149444 -30.744074 464.428611 87.203148 174.380833 -8.631296 116.216296 30.054537 64.591667 -29.522870 -191.857315 -36.918333 4.855093 -104.812778 -33.419537 -6.250648 1.588704 -68.105741 -10.913333 -40.230000 -3.977778 3.972778 -149.882685 39.622500 -25.031852 1.187778 -95.328148 -14.627315 50.454722 -17.338704 198.602685 -112.000278 89.528611 -19.946019 33.601944 -14.518704 15.045926 -24.296759 -9.086481 5.651019 5.613889 -40.153611 16.560556 9.513889 4.376389 -63.219722 -20.226389 -96.625741 -21.105370 -1.552130 -90.552963 73.063611 -20.316019 1.624074 -29.843333 8.791759 28.102963 -0.418056 5.942870 -62.859074 26.429815 7.334907 -81.721667 20.654352 2.336759 2.353148 14.629074 7.715833 -0.747870 0.457593 8.471019 27.195741 9.355278 -14.793519 -40.746667 -53.926667 -15.750093 -4.162500 -97.034537 12.024259 30.402593 -6.357130 -12.599074 32.278796 63.369907 3.946667 -56.115926 46.565926 21.360370 16.575185 -57.110926 43.119074 8.793519 37.610000 14.428333 12.713981 3.642963 6.562685 4.202870 13.825185 8.726111 23.166759 -39.471204 4.045741 31.294444 0.488611 -95.414259 -0.056111 78.342870 -3.486019 -36.635463 10.632130 38.558611 -2.438056 -53.285463 7.674907 -1.373519 0.775000 -6.397130 6.239259 13.453519 2.436389 27.911296 -1.419074 1.898981 -1.638796 37.129815 -0.142778 6.327870 12.262130 22.977685 47.001574 53.620093 0.439722 -31.270833 1.624630 33.113148 6.116944 -22.504167 12.248889 10.490093 2.194259 -48.922685 9.828611 18.885926 -0.822222 -22.352870 8.082500 23.328611 -0.338611 12.003889 4.422130 6.338796 -0.971852 14.836667 1.508241 6.683241 -2.548148 47.263056 62.081944 26.467685 2.317870 49.999352 37.428056 22.977315 10.218056 40.788241 110.336944 22.663333 38.831667 -69.417407 72.898148 26.442778 -14.140556 -42.725556 -3.737593 19.700648 -2.973796 0.764537 3.050093 5.210185 -0.103148 4.114259 3.135556 0.664537 -4.978796 
-0.984288 6.340495 1.282778 -0.369136 -26.669938 4.673704 1.899321 -1.330000 46.728765 20.088765 -0.491111 27.639136 47.185741 16.628025 -8.631296 42.471728 -16.292840 13.447469 -3.583333 7.036605 -22.321543 8.391481 -2.242901 -10.549259 -14.644506 7.244012 -0.981605 -3.209383 6.700370 23.126296 4.427778 -0.245926 -32.244012 11.531667 9.273210 -0.400741 -25.629877 -20.979321 9.469815 -0.046173 28.570309 -4.870556 -0.008704 14.628580 26.877222 23.107901 2.336173 15.148457 7.783086 2.928457 1.368519 2.199444 -35.446667 -11.088889 0.469444 -0.287222 5.945370 -24.939383 5.451975 1.261543 -20.590864 -20.618704 17.093025 -3.785802 -10.675185 -46.579568 2.459383 -3.797222 19.982284 -65.111605 1.071728 -5.302654 23.913333 -9.887840 -2.268086 -2.775679 29.578642 2.058704 -0.039321 9.556914 -38.334136 -3.410247 -1.063148 -10.862346 10.128148 -14.465926 4.261049 3.767593 -34.376728 -22.437531 -0.453827 -0.452901 -1.154938 -17.928951 6.335494 -2.105926 7.372716 -14.902346 6.375432 -5.573951 -16.683210 -9.813210 0.140123 -6.813704 33.274444 1.822284 2.908272 5.941790 -9.316605 8.424198 1.084074 7.533395 1.659938 1.702716 -2.433333 1.823889 -23.766914 -4.778148 0.934136 3.338951 9.531914 1.636235 16.602037 1.011667 -5.756975 -0.122284 7.645432 -0.238889 -19.583272 -1.205309 4.498642 -0.588704 20.003827 -0.405309 5.641914 0.461173 2.653210 10.434444 0.605617 11.495123 0.922160 0.434383 11.500432 -0.875370 8.375000 -1.052099 9.210617 3.863148 26.710185 6.569630 8.291543 2.525802 -13.674383 3.720926 4.386914 -1.316667 -14.566728 -2.672778 3.411667 -0.133148 18.861852 -0.624136 6.172160 -0.270123 -5.688519 -1.509321 0.033272 -0.470988 30.651296 40.515741 33.902531 1.250802 15.645864 13.385370 10.881173 15.369444 11.888457 20.826481 2.210741 22.206296 -45.337531 20.465432 -12.578889 2.058148 -2.730000 8.093457 5.946728 -0.389938 13.117099 -2.814753 5.269753 -0.039136 -9.003457 -1.113333 0.072654 -1.265494 
2.613691 60.113347 1.673333 6.802469 -416.326173 22.478519 -41.638765 -3.051111 -1314.108765 -168.856543 -107.145556 -55.053580 391.169259 100.996420 116.216296 -16.292840 1359.990617 213.357531 114.988889 250.526173 45.583210 -23.440370 7.401235 132.322593 -640.783827 -208.392346 -10.063951 -338.258395 27.952963 42.077037 -11.705556 21.677037 -205.368765 117.664444 -125.003210 26.821852 -505.139012 55.804321 -106.402593 -11.391605 291.184691 -435.742222 95.063704 -64.949136 346.412222 -239.825679 41.550494 50.343210 153.053580 40.233210 10.731481 242.173333 -410.778889 2.555556 1.083333 -142.775556 -43.470370 -443.031728 -49.134198 -7.596543 -150.554691 -18.899630 -137.555802 -8.819753 -103.345926 101.524568 -85.186049 -0.355556 162.402716 -284.853951 37.029383 12.206543 -287.410000 -58.908272 -9.278025 -19.616543 16.890247 75.275185 0.574321 174.455309 -213.200864 135.701358 8.167037 139.117901 -2.624815 13.905926 -4.567160 -4.053704 -262.902716 43.066420 -52.875062 2.121235 -25.895062 163.196173 81.100617 8.463704 160.981728 234.875679 90.531235 61.097284 -337.399012 123.588765 -14.284568 76.245926 -42.771111 56.417160 0.221728 93.706543 64.406049 83.321358 6.405926 181.300494 -157.898272 134.110617 -27.111111 6.380000 -36.790864 30.197037 6.078642 23.528272 211.505309 66.178765 93.088519 8.193333 184.710864 21.888395 62.269012 5.761111 -238.021728 2.885309 -10.321975 16.984815 -17.508272 6.807531 3.535309 39.733827 248.575679 72.864444 16.733827 110.922099 -118.894938 -141.624938 -10.779877 -1.425185 227.977778 -13.016790 46.868272 31.121852 257.264815 58.757037 77.137901 38.139753 96.054938 38.800741 33.617531 2.772222 -272.572716 12.578889 -45.501111 -0.204074 25.750370 12.856914 17.438395 9.494568 109.791852 38.386543 10.843951 67.237654 423.471481 53.887037 80.153580 34.728642 374.805802 248.638519 119.849383 80.705556 238.779877 302.150741 141.030370 92.561481 -139.950247 118.095679 -53.820000 -5.445926 -258.440000 71.153210 -99.081728 -10.336173 34.825679 29.198642 31.519136 1.431358 169.850123 11.571111 1.492346 62.798272 
-1.824673 21.872092 0.619722 1.840123 -87.945586 11.524259 -9.096883 -1.490556 -223.931049 -22.249938 -25.346111 2.394321 75.507130 84.452654 30.054537 13.447469 213.357531 182.315154 37.625000 56.326142 -78.592006 83.882037 4.618673 -2.286481 -55.519414 28.922438 -1.486975 -58.053642 7.730370 3.384074 -3.600000 6.053519 -59.205772 57.031389 -18.167160 13.617037 -125.179506 10.381327 -7.707130 3.325864 53.806512 -59.403611 45.123796 -20.992068 110.391944 2.832160 23.034691 4.989660 25.569568 46.260772 6.382407 -3.858056 -97.996111 75.597222 3.981944 -5.256389 -16.711574 -210.496975 -33.381543 -8.569660 -24.104568 -51.332315 -26.046512 1.417901 18.768148 -37.332438 -13.826914 0.176389 35.744969 -130.952531 25.036358 -26.293117 -8.820556 12.207809 13.400710 -42.717716 61.605123 46.426204 6.364105 0.415988 -135.460710 43.560679 0.737130 -32.613272 -17.225185 -87.594815 -33.455525 -6.381019 -54.236636 -28.700679 -8.317531 0.198673 -14.772531 14.792253 37.371142 0.091852 -30.239136 35.781728 27.426173 3.206420 -125.372284 32.362160 5.735494 7.670741 70.612778 25.074969 11.659753 18.284660 -56.669475 8.943457 0.491296 -34.027809 -22.452191 48.562531 8.211111 4.651944 -43.735988 11.611296 19.046821 12.008302 12.578488 16.537438 25.487870 7.460833 -50.643735 8.397253 -1.692160 1.252778 -98.591698 0.933210 -5.049321 7.252685 85.792531 2.380432 19.209599 5.955525 31.056728 8.432778 5.766636 -2.078117 4.555586 44.771698 42.969228 -0.531759 -8.298611 16.023272 14.041914 24.279537 45.058796 41.159630 4.973673 40.309321 -65.479475 40.686759 -17.971235 9.177778 -78.302747 11.816944 3.599722 0.472130 82.113519 8.881512 26.400031 0.551728 13.208148 11.254660 5.066698 -1.800617 151.893796 123.217130 80.518179 7.982932 -13.464599 30.546204 17.353858 24.279167 -10.060895 61.011759 -23.341481 51.935741 -110.581235 126.272840 -87.327222 30.515370 -47.960000 90.019938 12.757191 0.272747 49.952562 18.512932 33.092901 -0.024877 -5.745494 -0.926667 1.163673 -0.447809 
3.893977 0.906803 0.336111 0.077778 -54.175000 -5.916667 -5.125000 -1.305556 -153.816667 -34.255556 -8.955556 -8.033333 94.191667 17.894444 64.591667 -3.583333 114.988889 37.625000 55.161111 -3.119444 -73.997222 -10.594444 6.919444 -38.161111 -40.136111 -3.747222 -1.005556 -33.961111 -1.361111 -20.750000 -2.872222 1.055556 -48.963889 13.552778 -15.072222 4.266667 -74.372222 -1.091667 3.213889 -4.133333 73.391667 -53.541667 47.280556 -12.158333 35.108333 -8.822222 18.533333 -11.658333 -16.661111 5.391667 4.783333 -19.647222 -30.416667 11.011111 1.825000 -20.541667 -11.291667 -83.022222 -12.655556 -3.597222 -36.394444 12.880556 -13.969444 0.844444 -17.783333 12.475000 7.022222 -0.102778 10.391667 -44.438889 23.305556 -5.669444 -38.594444 18.963889 1.980556 -4.694444 13.922222 9.263889 0.836111 2.261111 -14.908333 21.038889 3.197222 -5.216667 -7.222222 -11.061111 -2.563889 -5.363889 -52.986111 14.388889 7.233333 -3.502778 -10.844444 18.475000 31.808333 2.038889 -18.277778 18.472222 15.527778 4.633333 -45.605556 16.688889 2.816667 12.483333 24.361111 6.375000 5.300000 3.713889 -10.463889 12.466667 1.766667 -2.075000 -25.158333 21.361111 7.477778 -0.308333 -43.661111 -0.183333 27.991667 -0.619444 4.952778 4.958333 25.491667 0.025000 -20.858333 3.008333 0.388889 0.977778 -16.063889 0.116667 9.594444 1.036111 19.461111 -0.850000 6.302778 -1.552778 8.372222 2.177778 0.352778 0.963889 -19.141667 34.325000 19.952778 -0.608333 -15.319444 10.772222 20.883333 11.247222 -1.197222 15.050000 10.608333 7.188889 -20.358333 6.375000 4.061111 1.166667 -10.775000 1.986111 9.063889 -0.208333 12.850000 0.947222 5.491667 -0.388889 -2.494444 -0.819444 1.341667 -1.872222 34.686111 35.263889 22.702778 -0.958333 23.341667 31.913889 19.375000 18.352778 12.358333 53.608333 10.438889 30.022222 -33.266667 41.227778 -2.588889 2.750000 -9.616667 14.233333 1.391667 -1.441667 9.208333 2.030556 6.494444 -0.027778 -8.888889 -1.083333 0.136111 -1.430556 
8.482568 10.573275 1.151944 -0.214198 -39.450895 16.401296 -4.800710 2.171667 -228.559321 -20.724877 -28.395000 -0.711358 -144.623241 -31.036358 -29.522870 7.036605 250.526173 56.326142 -3.119444 144.442562 32.911821 23.989074 1.408179 111.435370 -188.787438 -44.737068 -3.582284 -81.065617 6.005185 -42.254074 -5.433333 -1.795741 7.848179 -50.749722 -19.539877 4.139630 -74.309012 -35.252623 -36.548981 2.048951 -60.902253 -72.311389 -24.434352 -10.318858 38.690833 -48.021790 -5.230617 47.500154 43.430802 13.753488 2.639815 121.379722 -170.739444 5.158333 0.593056 -60.758611 -16.368981 -67.807840 -14.304753 4.084290 -6.136914 -85.521574 -18.422191 -1.891975 -31.413704 11.933735 -27.326049 -0.212500 9.649660 1.919938 -9.685617 -5.895957 -58.699444 -3.330216 -2.041636 -15.282654 -1.275864 19.189907 2.015710 79.179198 -133.411698 12.007469 -2.163241 42.209568 29.121852 132.671481 6.326451 13.056019 0.058673 26.845864 -24.201728 10.990401 -30.153395 47.749784 -23.831327 1.033704 36.438395 76.785679 8.019012 7.812840 -91.714012 22.527099 -2.109568 8.230370 -16.771667 6.004105 0.741728 33.909599 19.209660 18.403580 -5.386852 99.029105 -5.144660 49.422284 -24.622222 4.610833 72.691914 -4.952407 -57.413302 14.142994 66.425031 -1.593179 -25.583981 4.884167 55.352809 -1.365216 9.396235 0.175000 -59.173673 -3.928025 -4.045864 3.373426 -20.584383 0.546975 4.642809 8.356883 65.844012 33.607222 0.173549 45.442377 -33.090216 -79.216327 -46.054599 0.054537 95.112500 -16.878457 -26.474506 10.457685 86.838426 2.852593 4.243179 14.249198 46.200772 -4.158426 5.424198 2.627778 -62.587438 -4.478611 -6.510278 -0.223796 -2.281296 1.061636 2.954228 0.909012 12.844074 13.310710 0.009784 10.570988 35.277870 -67.114352 -25.176142 3.728364 90.933302 58.774352 7.917438 19.690278 19.501821 63.055463 15.122593 18.013148 -18.401358 -9.532099 7.553889 10.872407 -60.181111 1.142654 -12.753673 -2.017006 -0.065710 3.688364 4.944136 0.169691 10.339568 -0.825556 -0.182377 7.489105 
