16017.972105 -0.001130 0.010826 -0.001688 -0.007110 0.000292 -0.020811 0.039419 0.000000 -0.023258 0.027240 0.007345 0.001609 -0.038543 -0.000700 0.021045 -0.007262 0.007107 0.000000 -0.011039 0.012943 0.000000 0.021960 -0.049045 0.000000 0.041838 0.003585 0.000125 0.017919 -0.035957 -0.006964 -0.078739 -0.019871 -0.025941 -0.041246 -0.034491 0.000144 -0.003646 -0.020674 -0.015040 0.014660 -0.004865 0.027759 -0.059542 0.000416 0.000715 -0.009837 0.050949 0.000167 0.027069 -0.054877 -0.041803 0.000000 -0.016956 0.005312 0.000682 0.000000 0.034984 0.019854 -0.018831 0.005336 0.055007 -0.028352 -0.007876 -0.000513 0.009716 0.002181 -0.002314 0.000000 0.060207 -0.008034 0.038921 0.001329 -0.001700 -0.044550 0.031071 -0.043882 -0.000440 -0.064890 0.046344 -0.001233 -0.000309 0.034492 0.010445 -0.018777 -0.000239 -0.007531 0.033161 -0.044544 -0.009836 -0.017858 0.046569 -0.010512 0.000812 0.000000 -0.054504 -0.000526 0.004302 -0.057504 -0.015997 -0.018271 -0.000348 -0.026733 -0.008469 -0.002369 0.000494 -0.038545 -0.065463 -0.014971 0.014499 -0.048139 0.036357 -0.007785 -0.035957 -0.003413 -0.003999 -0.000200 -0.043056 0.021700 0.026813 0.075295 0.009906 0.001533 0.000000 -0.006684 -0.000640 0.005053 0.009901 0.042012 -0.029504 -0.033654 0.001518 -0.009465 -0.046919 -0.050462 0.000000 0.053444 -0.002701 0.003527 0.007970 -0.029157 0.006014 -0.011981 -0.017401 0.054313 0.064801 -0.006302 0.011384 0.000000 0.000207 0.006332 -0.034822 -0.038666 0.033639 -0.055612 0.026872 0.026059 0.001686 0.007778 -0.050911 -0.000286 -0.002925 -0.019544 0.015725 0.042875 0.000572 0.000000 -0.002630 -0.032725 0.000000 -0.009238 0.000937 0.000000 0.001260 -0.010873 0.006509 0.001212 0.010807 0.053912 0.000787 -0.067707 -0.013586 0.025301 -0.005137 -0.066224 0.066789 -0.003313 -0.001214 -0.008836 0.000000 -0.000612 -0.019303 0.000783 0.000000 0.039361 0.038984 
-0.001130 5674.802806 -0.003251 0.004090 -0.000975 -0.003763 0.022061 0.000000 0.002238 -0.006344 0.021370 -0.040733 0.000000 -0.009436 -0.015931 -0.017658 0.000000 0.014158 0.004573 -0.005981 0.000000 0.054525 0.001289 0.057828 0.000000 -0.009760 -0.018869 0.002346 -0.062025 0.000000 -0.031299 0.002976 0.000219 -0.035751 -0.046768 0.042850 0.005416 0.000142 -0.048919 0.057780 -0.029353 -0.002831 -0.055592 0.029959 0.001471 -0.022204 0.057926 0.042955 -0.048230 -0.005132 0.009018 0.034893 0.016820 -0.001145 0.000108 -0.021144 0.036854 0.000229 -0.028423 0.020303 0.011392 0.045205 -0.019263 0.075321 0.047055 -0.000681 -0.012459 0.075759 -0.000292 0.000000 0.000715 0.009289 0.000340 0.000000 -0.000156 -0.070327 0.000335 -0.028590 0.011477 0.037866 -0.000555 0.028266 0.000000 -0.001664 0.010285 -0.046563 -0.029585 -0.003922 0.048640 0.026944 0.000943 -0.047784 -0.006999 0.012887 0.025610 -0.000495 0.000689 0.020031 -0.000204 -0.027332 0.025033 -0.001250 0.035857 0.048465 -0.021533 -0.009970 -0.021968 -0.003331 0.013961 0.003777 0.039300 0.040951 -0.022699 -0.000795 -0.000480 0.027348 0.000000 0.005409 0.047863 0.030638 -0.028239 -0.037109 0.000390 0.000000 -0.013326 0.057278 0.000855 0.019219 -0.002084 0.037697 -0.017844 0.014704 -0.002501 -0.001818 0.005389 0.000000 -0.000803 0.000000 0.035110 0.052098 0.002708 -0.020016 0.058117 -0.017051 -0.026715 0.000000 0.007866 0.026006 0.000000 0.004043 -0.018256 -0.015995 -0.016955 0.007727 -0.000770 -0.054365 0.002308 -0.001793 -0.062380 -0.053648 -0.007481 0.003224 -0.006404 -0.063851 0.010767 0.000717 0.067084 0.004370 0.008266 0.000000 0.047983 0.000677 0.000377 0.055051 0.026805 -0.003960 0.000000 0.000319 0.033005 -0.002061 -0.065808 0.004029 -0.005146 0.010461 0.022299 0.055551 -0.007196 0.000000 0.000000 -0.006848 -0.001900 0.019827 0.039259 0.000000 0.051194 -0.029754 
0.010826 -0.003251 20.147958 -0.029677 -0.075996 0.002807 -0.057274 -0.000842 0.023867 -0.001678 -0.022879 0.057344 -0.004840 0.014279 -0.042548 0.066576 0.000438 -0.028884 0.000000 -0.017282 -0.000612 -0.001737 -0.049650 -0.021408 0.063352 0.041942 0.015902 0.040999 -0.041665 0.001878 -0.062400 -0.003918 0.006804 0.029025 0.035079 -0.034230 0.000000 -0.041074 0.050873 -0.014748 -0.067269 -0.009431 0.058255 0.060724 -0.025557 -0.009849 -0.002543 -0.000222 0.000000 -0.001052 -0.006671 0.021579 0.031417 -0.078286 0.049724 -0.002466 0.003075 -0.001524 -0.042375 -0.007607 0.001103 0.058978 0.014315 0.000141 0.013723 0.000790 -0.013555 0.021887 -0.007603 -0.072871 0.011968 -0.045083 0.003265 0.000763 -0.052435 0.034035 -0.003033 0.045133 0.002636 0.040123 -0.063027 -0.000388 0.073659 -0.011170 -0.007989 -0.003268 0.021633 -0.010839 0.077014 0.065447 0.043430 -0.018231 -0.008290 -0.000435 -0.009205 0.003766 0.008931 -0.017191 0.001060 -0.070703 -0.030596 -0.059514 0.011554 -0.020053 0.030775 -0.005309 0.048146 0.009242 0.024128 0.016521 -0.015257 -0.077306 -0.061518 0.004266 -0.013592 0.058761 0.000730 -0.003752 0.019273 0.011345 0.002460 -0.019124 -0.017151 -0.044736 0.011736 -0.046904 0.037737 -0.031734 0.056462 0.007050 -0.000313 0.017793 0.000000 0.051507 -0.003632 0.000000 -0.000691 -0.030171 0.058084 0.008103 0.041047 -0.000938 0.057143 -0.042680 -0.039964 -0.006222 0.019512 -0.002849 0.063833 0.014491 -0.014887 0.001918 -0.034816 -0.021682 0.068663 0.026487 -0.063499 0.039287 0.072034 -0.006815 -0.073651 -0.049247 -0.027269 -0.005619 0.003434 -0.007154 -0.016671 -0.044960 0.006715 -0.007894 0.006652 0.000706 -0.004040 -0.044694 -0.023107 -0.023888 0.009290 0.014812 0.052662 0.022504 -0.025108 0.007357 0.054946 -0.018138 0.065694 -0.031810 0.006050 0.069738 -0.050510 -0.015808 -0.012665 0.006496 -0.025641 0.000422 -0.001009 -0.027781 
-0.001688 0.004090 -0.029677 107.336976 -0.002683 -0.000593 0.035168 -0.054140 -0.004688 -0.000164 0.001184 0.060098 0.000000 0.023964 0.019152 0.003324 0.000000 0.011489 -0.004429 -0.036348 -0.016975 -0.038235 -0.041113 -0.023569 0.000000 -0.037021 -0.004545 0.024718 0.066148 -0.044562 -0.011810 -0.006100 0.066256 -0.019761 0.037758 -0.011757 0.012577 0.004756 -0.029266 -0.049021 -0.040036 -0.003287 0.074092 -0.006816 -0.003395 0.003053 0.040696 0.004698 0.025016 0.033014 0.010073 -0.002864 0.000000 0.000367 -0.031441 -0.058743 0.035316 -0.007366 -0.059873 0.000000 0.001335 -0.019662 -0.000755 -0.066106 -0.001644 -0.058191 0.002640 0.000402 -0.001119 0.075773 0.031781 0.015920 -0.000294 -0.043867 0.078542 -0.002407 0.025529 0.004153 0.000551 0.035762 0.002765 0.001586 -0.003796 -0.008450 -0.000562 0.024350 -0.015523 0.000000 -0.000789 0.010784 -0.056916 -0.064350 0.002696 -0.039582 0.074404 0.025428 -0.005022 0.001425 0.000606 0.057875 0.025115 0.045046 -0.024977 0.021398 -0.014516 0.033344 0.049028 0.013692 -0.014896 0.036809 -0.013024 0.014023 -0.000333 -0.059344 0.063127 -0.078763 0.000000 0.001373 0.023445 -0.028133 -0.022937 -0.010030 -0.012623 -0.042797 0.002557 0.002562 0.003131 -0.002375 0.033008 0.032459 -0.024325 0.000000 0.003427 -0.059285 0.025523 0.000000 0.012948 -0.012404 0.000232 0.034045 0.000000 0.000753 -0.027732 -0.043077 -0.062800 0.000381 -0.007799 -0.001395 0.000217 -0.034620 -0.015825 0.068923 0.001025 0.022018 -0.000132 0.034880 0.049801 0.000000 -0.018951 0.012675 0.003248 -0.058361 -0.005500 -0.000515 -0.010474 -0.031284 0.000000 0.014587 0.000303 -0.000425 0.029604 -0.041043 0.076961 0.001812 0.075858 -0.000773 0.000000 0.000548 0.011143 0.000697 0.000646 0.052815 -0.000450 -0.067893 0.027300 -0.005541 0.008879 0.054274 -0.007483 0.000000 -0.001852 -0.009545 -0.002309 -0.053881 0.006326 -0.039932 
-0.007110 -0.000975 -0.075996 -0.002683 3527.240837 -0.011975 0.012326 -0.040495 0.001598 0.012045 0.015328 -0.004606 0.000000 0.009661 -0.024867 -0.023044 0.003083 -0.018932 -0.025300 0.006491 -0.019003 -0.020455 -0.064916 -0.001615 0.017796 0.047553 -0.037981 -0.004440 -0.000488 0.000542 -0.035840 -0.052818 0.047487 0.044683 0.025900 -0.019959 0.048505 0.061192 -0.008930 -0.039689 0.060791 -0.003388 -0.000779 -0.047764 0.015995 0.031459 -0.003547 -0.054293 0.022557 0.000000 0.031060 -0.023614 -0.000981 -0.070179 0.002278 0.001106 0.000000 0.000139 0.001637 0.030040 0.011618 0.042595 0.043784 0.069676 0.000137 0.004443 -0.055872 0.000000 -0.002891 0.002799 0.010033 -0.003031 -0.002457 0.017415 0.000000 0.025318 0.001448 0.016797 0.007771 -0.050990 0.005658 -0.036055 -0.025657 -0.002496 -0.044687 0.000000 -0.006733 -0.020440 0.000000 0.035583 0.000370 -0.046722 -0.001074 0.000000 -0.029085 -0.068932 0.012705 0.001982 0.075424 -0.064903 0.026558 0.008140 0.008837 -0.023260 -0.003437 -0.007954 -0.011287 0.001144 0.002155 -0.022629 0.031619 -0.051851 0.020045 0.024534 0.000252 -0.049996 -0.002732 -0.001045 -0.062204 0.012424 0.011093 0.028672 0.040922 0.013241 0.008240 0.025601 0.016902 -0.007177 -0.049991 -0.024946 0.057811 -0.019790 -0.013523 0.000290 0.001915 0.000000 0.079215 0.002770 -0.000554 -0.001573 0.007812 0.000000 0.012417 -0.010324 -0.033043 -0.006442 0.007013 -0.040353 0.000447 -0.047551 0.005150 0.014104 -0.013881 0.044375 0.045590 0.030672 0.028697 -0.004185 -0.026722 -0.004040 0.018762 0.031491 -0.037279 0.009389 -0.056568 0.053573 -0.026423 0.064058 0.000187 0.008293 0.017810 0.000000 0.000000 -0.002931 0.000574 0.000463 0.003851 0.014526 0.008930 -0.011754 0.000000 -0.000635 0.023017 0.001546 -0.010736 -0.055458 0.034242 -0.012854 0.037532 0.000000 0.026192 -0.043132 -0.011319 0.008640 0.008570 -0.001781 
0.000292 -0.003763 0.002807 -0.000593 -0.011975 528.334736 0.023852 -0.000170 0.002086 -0.011552 -0.036209 -0.005823 -0.007559 0.015384 -0.005046 -0.002586 0.000000 -0.016022 -0.001083 0.009466 -0.035344 -0.015315 0.016549 0.009851 0.051731 -0.007870 0.064109 0.001543 -0.026038 -0.014851 0.052201 -0.065888 -0.023255 0.018269 -0.042263 0.005278 0.073823 0.001087 -0.030077 -0.001260 -0.045749 -0.014832 0.021384 0.011152 0.076913 -0.000821 0.000000 0.048151 0.000304 0.006257 -0.011175 0.008442 0.035039 0.005725 -0.005916 0.032021 0.000424 -0.037457 -0.001060 -0.009475 0.037081 0.035121 0.032733 -0.019648 -0.001876 -0.023010 0.008535 -0.000116 0.046783 -0.008806 0.000571 -0.008514 -0.050276 0.001026 0.000000 -0.002722 -0.062795 -0.004559 -0.055990 0.037120 0.001857 0.075853 -0.001842 -0.029131 0.031354 0.000000 -0.064879 -0.009212 -0.017908 0.004026 -0.077028 -0.016491 -0.003727 0.001388 -0.026292 -0.005274 0.008486 0.007372 -0.000410 0.070092 -0.025145 -0.067733 -0.027685 0.009913 0.012018 -0.047760 0.045104 0.037392 0.024680 0.003452 -0.007998 0.000306 0.000000 0.009743 0.042156 -0.024222 0.002927 -0.044437 -0.015676 0.014770 0.028235 0.001396 -0.012357 -0.013787 -0.000218 0.031555 -0.029344 -0.007398 0.015911 0.049688 -0.033237 -0.078508 -0.018860 0.068731 0.045523 0.000000 0.063359 0.000000 0.066240 -0.030905 -0.000679 0.000000 -0.035822 0.002472 0.074169 0.000000 0.001719 -0.003500 0.000000 0.033957 0.001057 -0.016614 -0.017966 0.039337 -0.071823 -0.041509 -0.070109 0.012349 0.020344 0.029378 0.000359 0.054945 -0.024529 0.033623 0.006860 -0.018598 0.000473 0.067064 -0.000670 -0.000214 0.010398 -0.003540 0.003096 0.040116 0.007033 0.000590 -0.000608 0.023061 0.011975 0.049728 -0.043992 -0.000977 0.045914 -0.075083 -0.001045 0.020914 -0.059559 0.064110 -0.010263 -0.073419 0.000997 0.065397 0.000000 0.000000 0.050037 0.034842 
-0.020811 0.022061 -0.057274 0.035168 0.012326 0.023852 2.105460 -0.057945 -0.033295 -0.007441 -0.003451 0.006044 0.001790 -0.022099 -0.014176 -0.039960 0.007688 -0.027717 -0.044771 -0.002973 0.009060 0.037187 0.024541 0.051122 0.000410 0.070007 0.058835 0.024180 -0.033389 0.019391 -0.018219 0.012083 0.001647 -0.046431 0.044387 -0.026536 -0.048233 -0.054521 0.002136 0.005272 0.039216 0.076972 0.071211 0.005525 0.002841 0.040812 0.027934 -0.011689 -0.037107 -0.038138 0.014414 -0.058443 -0.036031 0.042667 -0.031033 -0.036146 -0.002510 0.000797 0.071670 0.040422 -0.059082 -0.001787 -0.026718 0.001795 -0.036844 0.073285 0.039835 -0.017822 -0.054435 -0.005210 0.015076 -0.054790 0.002022 0.009099 -0.003205 0.061816 0.057088 -0.002568 0.040429 0.035643 -0.034411 -0.056083 -0.022630 0.000000 0.000000 0.012734 -0.047517 -0.038798 0.011042 -0.008339 -0.045293 -0.041922 0.069870 -0.054664 0.010515 0.005629 -0.017536 -0.021258 0.073789 -0.063990 0.066351 0.078240 0.021329 0.042787 0.009414 -0.018827 0.060212 -0.075867 0.050750 0.000000 0.016453 -0.028013 0.020344 0.005993 0.045183 -0.064184 0.010236 -0.002622 0.008422 0.065729 -0.069884 -0.007852 0.001611 -0.066170 0.008951 -0.006546 -0.045961 0.009220 -0.048857 -0.000753 0.021918 -0.014439 -0.019639 0.018084 0.048226 0.000000 -0.011749 -0.059836 -0.025587 0.009750 -0.032590 0.005520 -0.012348 0.002466 -0.031511 -0.006445 -0.033194 -0.005000 0.001065 0.058712 -0.000526 -0.033921 0.027497 -0.029856 0.043222 -0.019232 -0.071046 0.037156 -0.012905 0.011861 0.040718 0.028555 -0.025427 0.068332 0.032297 0.000000 -0.006336 0.063554 -0.026344 -0.030577 0.040802 -0.007000 -0.054907 -0.048451 -0.022265 0.014448 -0.015578 0.046900 0.040825 -0.027696 0.061399 0.055198 -0.034659 -0.002150 0.006600 -0.034457 -0.041472 -0.013513 -0.049708 -0.002515 0.028982 -0.030649 -0.036864 -0.070090 -0.003118 0.054896 
0.039419 0.000000 -0.000842 -0.054140 -0.040495 -0.000170 -0.057945 11.122802 -0.011502 -0.007401 -0.017813 0.012468 -0.073089 0.001827 0.024853 0.024407 -0.003341 0.010446 -0.034401 -0.025978 -0.001864 -0.001291 0.065479 -0.011093 -0.036159 0.057817 -0.066914 -0.078260 -0.008068 -0.048115 -0.007914 -0.069164 -0.039379 0.049599 -0.010304 0.002193 -0.040104 0.007051 -0.005011 0.003471 0.005048 -0.032407 -0.018507 -0.001692 0.064278 -0.025151 -0.020405 0.016324 -0.003625 -0.033995 0.018173 0.029204 -0.004091 0.026746 0.061069 -0.061141 -0.041821 -0.019460 0.013640 -0.004274 -0.012274 -0.053750 0.009171 -0.008211 -0.000970 0.013468 0.046676 -0.003627 -0.002657 0.003189 0.035655 0.013442 0.002295 0.020445 0.069974 0.018029 -0.023845 -0.015598 -0.000364 0.032821 -0.015751 0.003312 0.020511 0.049447 -0.008472 0.003941 0.029877 0.035186 -0.004873 0.075841 0.040931 -0.027747 -0.004534 0.026667 0.064068 0.042031 0.071146 -0.061550 -0.038792 0.016385 0.004312 0.050688 -0.038502 0.000970 0.010449 0.010121 -0.000788 0.002640 -0.006763 0.062552 -0.055881 0.005628 -0.003044 0.006596 -0.049294 -0.004440 -0.000604 -0.017449 0.000000 -0.073044 0.003192 -0.005394 0.074661 0.057506 -0.003658 0.035145 0.002369 0.002876 0.033540 0.007320 0.044558 0.042183 0.001003 -0.006807 0.033781 0.000000 -0.062688 -0.068339 0.029380 0.000000 0.005896 0.024742 0.020111 0.056557 -0.032196 0.026458 -0.014572 0.052472 0.004740 0.045200 0.068039 -0.013799 0.007841 0.000348 -0.012447 -0.033665 -0.043056 -0.001471 0.024830 -0.009562 0.042384 0.002824 0.000661 -0.038886 0.005331 -0.006230 0.007438 -0.000141 0.057102 0.020649 -0.015056 -0.002951 -0.039542 0.040030 0.075381 0.032290 0.055761 -0.033581 0.019736 -0.035668 -0.000639 -0.019746 -0.027317 -0.007714 0.002674 0.011908 -0.012220 0.027423 -0.044610 0.006178 0.044115 -0.009225 -0.031805 -0.000765 0.005521 -0.009491 
0.000000 0.002238 0.023867 -0.004688 0.001598 0.002086 -0.033295 -0.011502 975.814246 -0.000110 0.032704 0.027994 0.067724 0.026059 0.005939 -0.008790 -0.000767 -0.005239 0.000000 0.026138 0.000000 0.000226 0.005837 0.012466 0.000000 0.000664 -0.000136 -0.053308 -0.010995 0.042514 -0.038634 0.052967 -0.000879 -0.047381 0.018986 0.050065 -0.055405 0.007172 0.004205 0.000554 0.011730 -0.000261 0.044794 0.008752 -0.000435 0.007560 -0.004502 0.035053 0.025556 0.004912 0.000910 0.063046 -0.001043 0.012700 0.057263 0.047029 0.036168 0.000000 0.018187 0.010938 0.001601 -0.000136 -0.012467 0.005864 0.000000 0.030601 0.033729 -0.008061 0.020951 0.004930 -0.000167 -0.068520 0.003897 0.000000 0.033563 -0.021055 -0.054679 -0.002833 -0.006643 0.009704 -0.018764 0.013061 -0.015524 -0.009689 0.005766 0.001644 -0.030416 -0.052487 0.000000 0.000269 -0.006337 0.021922 0.051519 0.000751 0.000000 0.051263 -0.010764 -0.013467 -0.007637 0.003306 0.016589 -0.000708 -0.064681 0.000000 -0.023342 -0.006912 0.001732 0.001199 0.053961 0.003215 0.001392 0.035709 0.036871 -0.019673 -0.002819 -0.006662 0.037220 0.034874 -0.031336 0.019233 -0.001281 -0.018396 -0.013677 -0.035044 -0.002010 -0.004969 0.005443 -0.042696 0.030150 0.012507 0.016423 -0.002785 -0.010530 -0.001637 0.024615 0.000000 0.053988 -0.021679 -0.029453 0.059853 -0.000665 0.000000 -0.017749 -0.033018 -0.006105 0.040005 -0.043029 0.000675 0.003474 -0.021870 -0.014755 0.052542 0.008825 0.002549 -0.032035 0.000000 0.062627 0.002524 -0.016597 0.078182 0.065764 -0.073029 -0.008035 0.017104 -0.004002 -0.001237 0.071777 -0.005328 0.030890 0.000000 0.068395 0.034001 0.000000 -0.000811 0.053746 0.000000 0.000000 -0.024700 -0.006705 0.023155 -0.000801 0.016577 -0.066246 0.028116 0.000000 0.025845 -0.010793 -0.021099 -0.029407 0.023300 0.003254 -0.032921 0.000228 0.000000 0.000000 -0.000283 
-0.023258 -0.006344 -0.001678 -0.000164 0.012045 -0.011552 -0.007441 -0.007401 -0.000110 13.895582 0.036396 0.074859 -0.017889 0.007399 0.023204 -0.001499 0.041398 0.014380 -0.004449 -0.010209 0.013769 0.006455 0.040868 0.006781 0.001665 0.058015 -0.003945 0.048341 -0.046769 -0.013562 0.075848 -0.007782 -0.038605 -0.027375 0.038622 -0.065124 -0.006018 0.061794 -0.005344 0.035320 0.012605 -0.048813 -0.003237 -0.004889 -0.004619 0.006510 0.000000 -0.016335 -0.001568 0.000405 -0.000270 0.021550 0.001469 -0.001308 -0.045506 -0.037529 0.010554 -0.026288 -0.047738 -0.001634 0.001664 -0.010725 0.010270 0.031962 -0.007930 0.005627 -0.048744 -0.001927 -0.000456 0.032855 0.046826 -0.001417 0.000909 0.002462 0.014007 -0.032641 -0.042585 0.021992 -0.034686 -0.007524 0.024976 -0.000641 0.015075 0.011390 0.040308 -0.012019 -0.028947 0.016481 0.075239 -0.031184 -0.004289 -0.054324 -0.000160 0.003260 0.058316 -0.019892 0.025740 0.042226 -0.012864 0.024894 0.017763 -0.039786 -0.017770 -0.001314 0.000000 0.026024 -0.007114 0.003493 0.002376 0.032858 0.023646 -0.005563 -0.013615 -0.020771 0.057455 0.001535 -0.025695 0.006303 0.016335 0.000000 -0.028137 -0.028823 0.003379 -0.053936 0.023073 -0.004571 0.002003 -0.019882 -0.019723 0.003223 -0.028069 -0.030513 -0.009411 -0.036527 0.008864 0.000000 -0.029995 0.055988 0.036269 -0.037538 0.042033 0.019465 -0.065513 -0.068578 0.000786 0.011189 0.030537 0.003328 0.008942 0.009049 0.004610 0.044094 -0.025277 0.000000 -0.035064 0.067204 -0.021134 -0.058902 0.021258 -0.048844 0.013262 0.001229 0.013641 -0.000153 -0.007332 -0.064043 -0.002426 0.024104 0.002960 0.055759 -0.048544 0.069246 0.019180 -0.015886 0.008682 -0.049427 -0.047553 -0.024281 0.004957 -0.051978 0.043353 -0.008816 0.032228 -0.013271 0.001270 -0.018423 -0.051908 -0.018321 0.006122 0.006363 -0.018891 -0.013568 -0.047656 -0.008175 -0.057475 -0.003011 
0.027240 0.021370 -0.022879 0.001184 0.015328 -0.036209 -0.003451 -0.017813 0.032704 0.036396 0.724071 0.005808 -0.046727 -0.007973 0.049074 0.047337 0.026352 -0.000246 0.029141 0.004025 0.011659 -0.056669 0.038053 0.018046 0.002119 0.016760 -0.005953 0.004198 0.036859 -0.002879 0.015727 -0.039671 0.002501 -0.023590 -0.000213 -0.062206 -0.021037 0.056244 -0.004091 -0.003148 -0.060219 0.002781 -0.060365 0.002075 0.048558 -0.048930 -0.028171 0.040034 -0.002393 0.074965 -0.001636 -0.005082 -0.005236 0.014103 -0.041850 0.040768 0.013149 -0.008117 -0.015285 -0.029604 -0.054614 -0.005188 -0.016687 0.052937 0.023905 0.040935 0.004132 0.055200 0.030636 -0.032612 0.003375 -0.048716 0.002522 -0.055091 0.031731 0.029051 0.046340 0.043429 -0.027574 0.027463 -0.000975 -0.004583 0.047534 -0.000699 -0.009415 0.003632 -0.006502 0.013080 -0.011149 -0.005705 -0.041172 -0.050748 -0.067405 0.064595 -0.001485 -0.001302 -0.054122 0.058428 0.038828 -0.003630 -0.010875 -0.004406 -0.041382 -0.038156 0.010121 -0.070952 -0.001540 -0.028254 0.008671 -0.067791 -0.009919 -0.034859 0.022202 -0.079151 -0.000660 -0.034024 -0.011670 0.019766 -0.047084 -0.047833 0.064661 -0.066384 0.008982 -0.003274 0.039243 0.053430 -0.043659 0.008938 -0.008017 0.041234 0.019471 0.009998 -0.005079 0.017656 -0.044308 0.000000 -0.001888 0.068653 0.048724 0.001526 -0.034712 0.017150 0.061128 0.054723 0.034197 -0.034839 -0.004271 -0.008845 0.027135 -0.019291 0.005490 -0.075791 -0.009033 0.017738 -0.014253 -0.012119 -0.002508 0.037983 0.003095 0.000891 -0.013732 0.060587 -0.002784 -0.042945 -0.013615 -0.045941 0.052588 0.011882 0.023646 -0.034516 -0.003820 -0.037423 0.009398 -0.030988 0.018518 0.025072 0.024504 0.016070 0.007565 0.034154 0.063880 0.049880 -0.036759 0.014538 -0.046904 -0.037869 -0.068587 0.005010 0.044696 -0.041805 -0.046777 -0.007567 0.004478 0.001071 0.009256 -0.014419 
0.007345 -0.040733 0.057344 0.060098 -0.004606 -0.005823 0.006044 0.012468 0.027994 0.074859 0.005808 0.272079 -0.003051 -0.019074 0.036086 0.018382 0.055028 -0.012831 -0.062311 0.013184 0.000292 0.041995 0.002292 0.044546 -0.032567 -0.003212 -0.004237 -0.022406 0.009634 0.008960 0.013024 0.066977 0.007370 -0.016727 -0.018942 -0.016181 0.008073 -0.000166 0.015818 -0.008974 -0.050612 -0.055759 -0.012709 0.032017 0.006190 0.024021 0.042748 -0.033837 -0.036912 -0.047557 0.031774 -0.029455 -0.019922 0.054016 0.033347 0.073273 0.015775 -0.005319 -0.011443 -0.020571 0.041606 -0.012582 -0.000230 0.004724 0.021371 0.000000 0.040935 -0.002590 0.062737 -0.011973 0.015024 0.030103 -0.017757 0.004555 0.008316 -0.009335 0.004860 -0.062826 0.047647 0.030796 -0.047759 0.013985 0.002726 -0.014849 0.007068 0.001749 0.001356 0.000498 -0.064358 -0.002307 -0.008652 0.067093 0.026054 0.032975 0.056491 0.016727 0.026110 0.072381 -0.032188 0.021926 -0.060483 -0.028096 -0.000129 0.005776 -0.027963 -0.002373 -0.001612 0.000000 0.032751 0.019646 0.038006 -0.009107 0.030274 -0.019574 -0.020126 -0.032128 0.048772 0.009107 -0.024198 0.066586 0.052131 0.064483 0.069101 -0.006318 0.025740 0.060801 0.005253 -0.013269 -0.040095 0.016546 -0.045671 -0.014804 -0.008057 0.002637 -0.007814 0.000000 0.014150 -0.006993 0.017920 -0.017892 -0.034691 -0.029761 -0.016216 -0.055914 0.014559 0.000995 0.011095 0.008414 0.015186 -0.049638 0.020701 -0.026465 -0.039567 0.005888 -0.011582 0.016642 -0.022366 -0.002181 -0.036042 0.017210 0.044732 -0.025395 0.039929 0.010934 -0.074375 -0.006937 0.029929 -0.026288 0.058499 0.037949 -0.037554 0.019286 -0.001671 0.021601 0.026820 0.040126 -0.040703 0.070484 -0.016603 0.017266 -0.031542 -0.027993 0.028845 -0.040904 -0.043445 0.039916 0.038723 -0.000853 0.056365 -0.013070 -0.000112 0.044831 -0.063950 -0.021283 0.023789 0.067186 
0.001609 0.000000 -0.004840 0.000000 0.000000 -0.007559 0.001790 -0.073089 0.067724 -0.017889 -0.046727 -0.003051 224.225526 -0.071599 -0.001797 -0.032313 0.000000 -0.017686 0.067728 0.030871 -0.006063 0.000000 0.043242 -0.019344 -0.002896 -0.003959 0.000643 0.003561 -0.069268 0.000000 -0.010523 0.000104 0.001201 0.009689 0.021780 -0.074984 -0.023339 0.000333 0.055420 -0.026256 0.041181 0.003249 -0.058963 -0.021865 0.003758 0.006844 0.000749 0.029464 0.055236 0.066720 0.010511 -0.067765 -0.000396 -0.028319 -0.049790 0.040904 -0.006874 0.000000 0.002651 -0.013209 0.001370 -0.003132 0.001233 0.043406 -0.010048 0.070829 -0.044769 0.058306 0.000804 -0.022811 -0.001405 -0.032122 -0.004475 -0.048759 0.014807 0.008427 -0.000829 0.076242 -0.003903 -0.025700 -0.049289 0.000000 0.000000 -0.016051 0.005297 0.000000 -0.003080 0.064671 0.003294 0.000618 -0.025220 -0.031709 0.000447 0.000000 -0.012589 -0.006162 -0.031182 0.012080 0.000482 0.000617 0.059457 0.021580 -0.003768 -0.025550 0.005749 0.067292 0.003353 -0.002609 0.018113 -0.001314 -0.059462 -0.022118 0.000000 -0.012074 -0.013477 0.064229 0.004286 0.000000 0.004164 0.041154 0.006270 0.065651 -0.023239 0.000000 0.012021 0.008993 0.007513 -0.002577 0.018871 -0.012234 -0.053219 0.000000 0.004525 0.000632 -0.005009 0.000000 0.000000 0.039204 0.003824 0.036330 0.010208 -0.034972 -0.029632 0.014044 0.012012 -0.016139 0.073454 0.014345 -0.008979 -0.004629 0.021446 -0.018884 -0.011235 -0.000710 -0.009478 -0.028214 0.011524 -0.072335 -0.014114 0.035210 0.052960 0.053577 0.042191 0.036467 -0.039415 0.000000 0.007531 -0.031095 -0.006836 -0.059680 0.040574 -0.000824 0.000570 -0.000359 0.044816 -0.002801 0.067910 0.072217 -0.058031 -0.009244 0.000892 0.001875 0.066342 -0.052036 0.025222 -0.051826 -0.055595 0.034579 0.016716 0.000000 -0.044532 -0.030189 0.005207 0.018543 -0.007859 -0.002843 
-0.038543 -0.009436 0.014279 0.023964 0.009661 0.015384 -0.022099 0.001827 0.026059 0.007399 -0.007973 -0.019074 -0.071599 0.159917 0.016851 0.006515 0.014456 0.019281 -0.004474 -0.023591 0.015572 -0.071198 0.052651 -0.027944 -0.009196 -0.039551 -0.027179 -0.031481 0.060901 -0.014889 -0.007319 0.020654 -0.068178 -0.062751 0.004430 -0.033494 -0.012413 0.074134 -0.047502 0.065459 0.045509 -0.020957 0.014284 0.007152 -0.073336 0.000701 0.034733 0.014125 0.050394 0.005458 0.025300 0.003687 -0.051999 0.061770 0.064284 -0.003094 -0.010960 0.068881 0.030146 0.062736 0.008309 -0.006115 0.000860 0.008770 0.012832 0.046964 -0.062328 0.007150 -0.013380 0.044203 -0.000367 0.019013 -0.023499 0.002743 0.070827 -0.045174 0.048927 -0.003803 0.021697 0.015714 -0.011827 0.000208 0.008931 0.026908 -0.004105 0.012921 -0.002875 -0.054364 -0.075042 0.014730 0.047102 0.025403 -0.034484 0.076672 0.023366 0.074713 -0.012501 -0.002885 0.019545 -0.058611 0.000000 0.037836 -0.027884 -0.014274 0.037174 0.000697 -0.000135 0.025971 -0.004679 -0.029016 -0.014259 0.000756 -0.018498 0.060515 0.002710 -0.009479 0.063646 -0.030412 -0.023026 0.024627 -0.022582 -0.028380 -0.030441 0.025560 -0.026221 -0.023191 0.040072 -0.019010 0.044127 -0.008981 -0.015875 -0.008901 0.000000 0.002006 0.002693 0.000000 0.018884 -0.059759 0.013082 0.039588 0.004740 -0.021373 0.036516 -0.019355 -0.052268 0.052228 -0.056766 -0.071518 -0.017283 -0.029024 -0.012893 0.029702 -0.034224 -0.018690 0.013368 0.066230 -0.024264 0.042471 0.019535 0.030985 0.000403 0.024562 -0.022488 -0.019230 0.041815 0.020957 0.031087 0.005064 0.055999 -0.017858 -0.027158 -0.016245 -0.038863 -0.011505 0.028196 0.000000 0.028044 0.030699 0.005364 -0.019428 -0.032138 0.006971 0.000259 -0.001911 -0.025469 -0.074673 0.027567 -0.008066 -0.046576 0.004803 -0.046309 -0.030027 0.022607 -0.043492 0.010186 0.058327 
-0.000700 -0.015931 -0.042548 0.019152 -0.024867 -0.005046 -0.014176 0.024853 0.005939 0.023204 0.049074 0.036086 -0.001797 0.016851 0.197764 0.001535 0.031073 0.032510 -0.003172 0.018945 0.051557 0.028770 0.010110 0.001778 -0.013321 0.068569 -0.028393 -0.074341 0.012980 -0.032512 0.000000 -0.002796 0.004252 0.023554 0.016950 0.002563 0.003572 -0.032644 -0.000317 0.063183 0.033285 0.011390 0.032851 0.001387 0.049182 -0.075419 -0.069781 0.018472 -0.028151 0.028256 0.009814 0.031630 0.016820 -0.023354 -0.032956 -0.059529 -0.025680 -0.020882 -0.018075 -0.073016 0.018935 -0.040441 -0.012337 -0.013101 -0.010979 0.076448 0.061177 0.020834 -0.043649 -0.034923 0.041438 0.000294 -0.013259 0.064427 0.056947 -0.010782 -0.011215 0.044391 0.067222 0.001423 -0.010662 0.016635 0.008340 -0.032097 -0.003881 0.032632 -0.038227 0.002156 0.017425 0.021577 -0.000762 -0.060851 0.073355 0.021474 0.014988 0.006883 0.022419 0.051015 -0.007744 -0.008571 -0.026394 -0.028172 0.029947 -0.016216 0.019996 0.014344 0.051580 0.001796 0.000000 0.040422 -0.011464 -0.009636 -0.014769 -0.019087 0.036310 0.000936 -0.012487 0.030581 -0.038530 0.034882 0.060232 -0.058732 -0.035323 0.003386 -0.018203 -0.043532 -0.025341 0.005088 0.039674 -0.023867 -0.020867 0.002789 -0.006380 0.031109 0.047317 0.000000 -0.001785 0.013654 0.045047 -0.038715 0.015310 -0.029007 0.037369 0.045567 0.073430 0.017521 0.001301 0.033828 0.047168 -0.013426 0.012448 0.003437 0.014966 0.000000 -0.006193 0.004222 0.013595 0.005337 -0.023682 0.008694 0.020044 0.024522 0.011054 -0.031649 -0.002122 0.065377 0.026125 -0.008020 -0.025787 -0.015033 0.017817 -0.017047 0.043774 0.024353 -0.002125 0.028183 0.014862 -0.013387 -0.035064 0.005831 0.018084 -0.012454 0.028926 0.021496 -0.020301 -0.041398 -0.023615 0.041586 0.000832 0.015328 -0.020981 0.016657 0.023512 -0.066456 0.014939 -0.001260 
0.021045 -0.017658 0.066576 0.003324 -0.023044 -0.002586 -0.039960 0.024407 -0.008790 -0.001499 0.047337 0.018382 -0.032313 0.006515 0.001535 0.112154 0.029767 -0.013056 0.031805 -0.006183 -0.003153 -0.000125 -0.012851 0.049815 -0.077287 0.032852 -0.000489 -0.063384 0.067148 0.058356 -0.034385 -0.000597 0.054621 0.002068 0.000958 -0.057591 -0.024680 0.042735 0.035849 -0.057654 0.071388 0.007883 0.000744 0.030340 -0.067557 0.031870 0.006805 0.014786 -0.001294 0.003315 -0.012807 -0.003101 0.003291 0.003896 -0.000805 0.004714 0.047329 0.061956 0.012439 -0.049532 0.001195 -0.012228 0.015099 -0.000678 0.044251 0.020324 0.015616 -0.003880 0.004637 -0.056604 -0.055218 0.001482 -0.003159 0.048998 0.045804 -0.072618 0.057865 0.031961 0.026627 -0.032084 -0.003868 -0.022129 0.000377 0.011053 -0.004555 0.004014 -0.061241 0.065691 0.015270 0.008714 0.020206 -0.007033 0.001039 0.046221 -0.044911 -0.012144 0.033928 -0.001044 0.056509 -0.030721 -0.029800 -0.018738 -0.040086 -0.023021 0.012657 0.006225 0.040154 0.008526 -0.011292 -0.066219 0.001839 0.002311 0.037205 -0.002674 -0.010899 0.018723 -0.002417 -0.001675 -0.011152 -0.000384 0.040359 -0.000319 0.008622 0.011253 0.043112 0.033485 0.034568 0.009850 0.026587 -0.014472 0.017735 0.010083 0.000310 -0.007566 -0.028532 0.000000 0.039258 -0.073899 -0.033171 -0.003934 -0.007972 -0.053673 0.007836 0.007246 0.020484 -0.045892 -0.068258 -0.012927 0.013015 0.046018 0.003886 -0.045415 -0.047640 0.004011 -0.010958 -0.012622 0.008935 0.000000 -0.035726 -0.018543 0.001088 -0.039473 0.015917 0.003734 0.075687 0.043963 0.065047 0.008546 -0.053118 -0.044020 0.012976 0.009247 -0.007488 -0.000134 0.017986 0.000845 0.001855 0.057958 -0.000618 0.003986 0.070255 0.066275 0.001241 -0.001982 0.009110 0.029271 -0.001351 0.037458 0.036839 -0.007799 -0.026893 0.060050 -0.052028 -0.069232 0.000258 0.001708 
-0.007262 0.000000 0.000438 0.000000 0.003083 0.000000 0.007688 -0.003341 -0.000767 0.041398 0.026352 0.055028 0.000000 0.014456 0.031073 0.029767 272.955319 0.038776 0.000000 0.060368 0.000000 -0.075561 0.039049 0.002110 0.030500 0.000000 0.017247 0.007469 -0.002679 0.003479 0.057238 -0.034666 0.000000 0.030489 -0.050512 0.021245 0.000666 0.022405 0.050890 -0.004157 0.007732 0.021062 -0.006789 -0.027287 0.007300 0.008395 0.020076 0.024238 0.036932 -0.002118 -0.009578 0.023991 -0.027492 0.049631 -0.028523 -0.001818 0.024142 -0.011226 0.000325 -0.017915 0.013185 -0.017760 -0.071093 -0.006934 0.021293 -0.003511 0.025477 0.000000 0.000694 0.005713 0.013394 0.032978 0.001450 -0.048472 -0.035240 0.063321 0.000372 0.031128 -0.034376 0.037616 0.008679 -0.018898 0.000295 -0.061217 -0.014838 0.002094 -0.030565 0.001407 -0.009017 -0.007796 -0.000157 0.006448 -0.000489 0.002910 -0.000404 0.048720 0.014887 0.029235 0.004515 -0.004811 -0.001448 -0.008909 -0.036992 0.004531 0.050355 -0.046605 -0.008996 -0.011285 0.037157 -0.000419 0.053772 -0.038393 -0.004795 0.000538 -0.048103 -0.025154 0.011276 -0.001808 -0.000205 -0.003147 -0.002612 0.002999 -0.006104 -0.035208 0.000000 -0.003099 0.027477 0.001897 0.009257 0.004427 -0.006463 0.000000 0.012412 0.000970 -0.069515 0.000000 -0.028901 -0.014029 0.066131 -0.011870 -0.000949 0.007347 -0.019837 0.007877 0.068745 -0.000729 -0.007994 -0.031946 0.004917 -0.003097 0.025347 -0.039680 -0.074574 0.000000 -0.038389 -0.039643 -0.051521 -0.011915 0.020492 0.005886 -0.012242 0.036539 0.046209 -0.008598 0.042848 0.001687 0.042694 -0.065390 -0.009539 0.029305 -0.049715 0.000614 -0.063715 0.017827 -0.007274 0.014870 0.002993 -0.037712 0.071002 -0.007674 -0.000327 0.000000 0.020583 -0.002756 0.057050 0.020936 0.035133 0.013210 0.000000 -0.007309 -0.000805 0.032352 0.000000 -0.004148 -0.000320 0.000000 
0.007107 0.014158 -0.028884 0.011489 -0.018932 -0.016022 -0.027717 0.010446 -0.005239 0.014380 -0.000246 -0.012831 -0.017686 0.019281 0.032510 -0.013056 0.038776 9.072077 0.018300 -0.060361 0.010385 -0.051677 -0.033948 0.011112 -0.012868 0.013069 -0.061892 -0.013329 -0.001948 -0.010736 -0.029419 -0.004276 0.026653 -0.015736 0.045596 0.003002 -0.033756 -0.077095 0.002154 0.052304 0.055783 0.012255 -0.065831 0.024974 -0.016036 0.000000 0.071822 0.047807 -0.055215 -0.003646 0.008839 0.029036 0.026435 0.066262 0.000000 0.043568 -0.020322 0.039837 -0.013330 -0.037059 0.041525 0.034110 0.006254 0.046484 0.022695 0.035815 0.061181 0.000876 -0.000473 0.024247 0.071117 -0.027858 -0.048203 0.002929 0.012818 -0.006986 -0.031045 0.060253 0.002690 0.034727 0.016348 0.026447 -0.005972 -0.018136 0.062181 -0.057896 0.026603 -0.017243 0.065050 -0.010630 -0.025328 0.041337 -0.072397 0.001989 -0.016615 0.071935 -0.070984 -0.038891 -0.048118 0.014137 -0.077012 -0.027853 0.006144 0.062729 0.027929 -0.013055 0.041126 0.000000 0.061951 0.000260 0.060802 0.021827 -0.031859 0.039857 -0.074101 0.036111 -0.013860 0.049727 0.034851 -0.018991 -0.001661 -0.000279 0.029500 0.072258 0.006375 -0.044982 -0.035219 -0.033883 -0.003952 -0.027076 -0.058987 0.008681 -0.045240 -0.076849 0.012692 0.000000 0.059243 -0.024628 0.006497 0.004966 0.006732 -0.066359 -0.044138 -0.030050 -0.074666 0.059581 0.044217 0.014303 -0.013201 -0.013741 0.005964 -0.010456 0.052982 0.000000 -0.020135 0.031690 0.037872 0.024936 -0.018459 0.014378 0.024462 0.002278 -0.003772 0.034750 0.006910 -0.027430 -0.001162 0.034971 0.004225 -0.001296 -0.027905 -0.036746 -0.035802 0.002364 -0.034705 -0.054232 0.066417 -0.056014 0.036710 0.003354 -0.074688 -0.011075 0.061483 0.048724 -0.014960 -0.011559 -0.007964 -0.059615 -0.019900 -0.033607 0.008480 0.002939 -0.015613 -0.077008 -0.002748 0.035581 
0.000000 0.004573 0.000000 -0.004429 -0.025300 -0.001083 -0.044771 -0.034401 0.000000 -0.004449 0.029141 -0.062311 0.067728 -0.004474 -0.003172 0.031805 0.000000 0.018300 116.563221 -0.037611 0.000838 0.002301 -0.000218 -0.066852 -0.004056 0.015144 0.000546 0.007901 -0.020746 -0.001319 -0.016289 -0.007038 -0.029476 -0.003285 -0.020483 -0.022756 -0.015307 -0.000279 0.037432 0.049527 -0.061244 -0.002070 -0.003450 -0.006411 0.000135 0.009098 -0.002282 -0.001413 0.001843 -0.016902 -0.006989 -0.005182 -0.000528 -0.067976 0.000000 0.078489 0.002238 -0.002375 -0.007279 -0.035258 0.000000 0.037471 -0.008195 0.064596 -0.000621 0.021105 0.004441 0.004442 0.051143 -0.000719 0.056508 -0.008659 0.001622 -0.005699 0.079319 -0.017621 0.000268 0.000000 -0.062998 0.034981 0.056207 0.003882 -0.026374 -0.027247 0.010701 0.048522 -0.012159 0.056537 0.000000 -0.037245 -0.001095 0.000336 0.000919 0.000807 0.001279 -0.001394 0.009976 0.000000 0.034499 -0.055245 0.046334 0.001496 0.045471 -0.009565 0.012514 0.032374 0.060957 -0.006867 -0.002237 -0.069079 0.038140 -0.015936 -0.004539 -0.003371 -0.076774 -0.031032 0.000000 0.002900 0.001941 0.016122 -0.016114 0.000000 0.003043 -0.019974 -0.016363 -0.066073 0.003220 -0.052859 -0.054675 0.030014 0.065569 -0.003557 -0.010293 0.024528 0.036135 0.000000 -0.023193 -0.001532 -0.023113 -0.057425 -0.034297 0.024554 0.011746 -0.003673 -0.003871 0.005657 -0.014021 -0.008089 -0.005082 0.005654 0.047609 0.007288 -0.014568 0.018145 -0.037452 0.074615 0.010087 -0.015672 -0.033777 0.002129 -0.001354 0.008315 0.033986 0.023695 0.001402 -0.000529 0.070536 -0.012836 0.075432 -0.029553 0.009539 0.053999 -0.005106 0.042125 0.049673 0.008068 -0.001014 0.005909 -0.032071 -0.000931 0.042137 0.014085 -0.069276 -0.017148 -0.024096 -0.015474 0.040778 0.000384 0.001885 0.000000 -0.026383 0.016529 0.025104 -0.003371 -0.047757 -0.000537 
-0.011039 -0.005981 -0.017282 -0.036348 0.006491 0.009466 -0.002973 -0.025978 0.026138 -0.010209 0.004025 0.013184 0.030871 -0.023591 0.018945 -0.006183 0.060368 -0.060361 -0.037611 0.108432 0.019200 0.035500 -0.062519 -0.000597 0.013270 0.045468 0.034816 -0.025278 0.049532 0.020014 0.025825 0.023923 0.007457 0.020938 0.039374 0.025826 0.006507 -0.019486 0.021241 -0.029571 0.042670 -0.024340 -0.003998 -0.008486 0.036478 -0.013977 0.010493 -0.049724 0.003667 0.050257 -0.054509 0.017167 0.000000 -0.007880 -0.064517 0.054099 -0.016929 -0.013244 0.012956 -0.016991 0.011498 0.041595 0.009411 0.048994 -0.012429 0.056179 -0.012533 0.022134 -0.021341 0.039767 -0.002733 -0.032634 0.003627 -0.027029 -0.002910 0.026616 -0.037021 -0.011791 -0.028904 -0.031722 0.051461 0.020996 -0.020787 -0.007594 -0.056477 0.002416 -0.002614 0.015587 0.074316 0.052477 0.001031 0.008750 0.011543 -0.001712 0.009401 -0.012158 0.020827 0.030111 0.076521 0.043507 -0.044611 -0.018354 0.071767 0.029360 -0.035411 0.004111 -0.044646 -0.000761 -0.000773 -0.016369 0.013999 -0.002960 0.014985 -0.008981 0.003751 -0.024348 0.041384 0.061073 -0.078754 0.001185 0.026107 0.000000 -0.013783 -0.034896 -0.029254 -0.001629 0.012108 0.017233 -0.011614 0.010339 -0.015083 0.011212 -0.006044 -0.059968 -0.013812 0.000000 -0.038870 -0.038447 -0.009014 -0.026301 0.009814 -0.023811 0.026258 -0.047412 0.004474 -0.002142 0.044027 -0.039612 0.017014 0.001152 0.024152 0.052835 0.020066 -0.028285 0.013174 -0.010508 0.002478 -0.014834 0.003339 0.057799 0.017791 0.002044 -0.000159 -0.002007 -0.009086 -0.015071 0.006044 0.026424 0.012998 -0.016139 -0.007706 0.015769 -0.016639 -0.007617 -0.034114 -0.049858 0.035856 0.057509 0.008353 -0.048069 -0.030289 0.004985 -0.012944 -0.007702 -0.002325 -0.028394 0.000000 0.012350 -0.008824 -0.034727 -0.014189 -0.017992 -0.041707 -0.068935 -0.009117 -0.027993 
0.012943 0.000000 -0.000612 -0.016975 -0.019003 -0.035344 0.009060 -0.001864 0.000000 0.013769 0.011659 0.000292 -0.006063 0.015572 0.051557 -0.003153 0.000000 0.010385 0.000838 0.019200 1319.496943 0.076304 0.009874 -0.041017 0.001239 0.068062 -0.001887 -0.026134 0.008257 0.001984 -0.045548 0.000000 -0.052144 0.043793 0.045322 0.017511 0.013796 -0.008524 0.045985 0.027202 0.031440 -0.032911 -0.063173 0.004432 0.001730 0.000000 0.030372 -0.058884 0.025483 -0.018116 -0.010146 -0.022196 0.000000 0.000000 -0.042604 -0.037964 -0.048869 0.000000 -0.000232 -0.023235 0.029917 0.008426 -0.002664 0.061590 -0.022979 -0.013076 -0.001351 0.000000 0.056177 -0.008723 -0.036848 0.007581 0.033024 0.000000 0.005460 -0.060180 -0.060620 0.001424 0.000000 -0.008117 0.005347 -0.032131 -0.040832 0.003177 0.023177 0.047710 -0.003469 -0.060480 0.000167 -0.031526 -0.000600 0.009864 0.000902 -0.011833 -0.018023 -0.003510 0.002939 0.013071 0.048040 0.046869 0.042986 -0.031099 -0.035553 -0.013246 0.028159 0.045793 -0.011465 -0.002603 0.012602 0.011371 -0.018602 0.000161 -0.001054 0.005166 0.004575 -0.002957 -0.005794 -0.009325 -0.051869 0.035726 -0.000881 -0.000647 0.021502 -0.021863 -0.000687 -0.072897 -0.003315 0.001012 -0.044775 -0.005254 -0.050986 0.000281 0.001773 -0.058238 0.024073 0.000000 0.012055 -0.000137 -0.026198 -0.008134 0.044276 0.000000 -0.014514 -0.056430 0.026607 0.005297 -0.022430 -0.001244 0.000000 -0.029819 0.061779 0.000813 -0.015898 0.000796 -0.033477 -0.046915 -0.023618 0.035632 0.029875 0.033075 -0.073673 0.017549 -0.004248 0.000000 0.043575 0.009969 0.000564 -0.077367 0.020868 0.000000 -0.060788 -0.005428 -0.058787 0.017119 -0.009005 0.013528 -0.012741 0.058930 -0.053023 0.001751 0.018154 0.000000 -0.012028 0.002303 -0.014050 -0.025666 -0.014778 -0.003280 0.070304 0.006202 -0.061565 -0.035042 0.075195 0.000000 0.018965 -0.009407 
