0.257816 0.054175 -0.015745 -0.004479 -0.001660 0.086263 -0.074691 -0.047060 -0.017785 -0.038393 -0.001349 -0.030666 -0.071240 0.080879 -0.003973 0.058330 -0.075960 0.069945 -0.009893 -0.056866 0.007056 0.014939 -0.013726 0.038241 0.002104 -0.025127 0.042391 0.006088 -0.003291 -0.025291 0.002253 -0.001367 0.039983 -0.021757 -0.009756 0.036422 0.053160 -0.035740 -0.036904 0.024447 -0.005374 0.009685 0.006828 0.008790 0.060794 0.042581 0.014133 0.038285 0.011720 -0.063566 -0.070428 -0.081427 0.017154 -0.005962 -0.065631 -0.019647 -0.005205 -0.010506 -0.008691 -0.016018 0.028602 0.023403 -0.011268 0.006137 -0.082762 -0.011094 0.014269 0.027814 -0.042140 -0.073997 0.007607 -0.082404 -0.057607 0.012932 0.035690 0.070585 0.020353 0.002579 0.069304 0.030563 -0.035648 -0.010150 0.044410 -0.014087 -0.059218 -0.043961 0.040566 -0.005003 0.064802 0.028429 -0.031347 0.027640 -0.004846 0.057911 -0.050577 0.047048 0.010633 0.004904 0.033206 0.000676 -0.027724 -0.002041 0.004662 0.006199 -0.059040 0.003054 0.014671 0.010219 0.026487 -0.003650 0.010389 0.000000 0.000000 0.019755 0.012359 0.009517 0.039936 0.002771 0.003836 0.011433 -0.039973 -0.039765 -0.052123 0.027038 -0.034758 -0.029616 -0.040581 -0.015762 0.016133 0.057629 0.040379 -0.016547 0.008752 -0.048407 -0.006757 0.015153 -0.017283 0.052297 0.019755 -0.013353 0.059573 0.063249 0.003951 0.049877 -0.051794 -0.004519 -0.004327 -0.078201 -0.019882 0.000820 -0.012584 -0.052537 -0.004508 0.065145 0.029945 -0.036004 0.001642 -0.075526 0.018919 -0.040252 -0.013716 -0.031653 -0.076788 -0.064168 -0.027636 -0.005919 0.075229 0.004182 -0.028644 -0.002686 -0.047397 0.079009 0.041382 0.068178 0.085432 -0.001609 -0.021777 0.008299 -0.055672 0.047202 0.068760 -0.010274 0.035984 0.023669 -0.029879 -0.001645 -0.001625 -0.000266 -0.026034 0.028451 -0.002331 -0.067212 0.074880 -0.019411 -0.019944 -0.024333 
0.054175 0.272074 -0.026427 0.027384 0.026433 -0.028876 -0.062054 0.016462 0.008320 0.049177 0.042327 0.013558 0.002715 -0.007614 -0.053882 0.009987 -0.052582 -0.013017 -0.024173 0.032453 -0.086137 0.037151 0.071936 0.007983 0.002991 0.013116 -0.015742 -0.018056 0.015340 -0.049868 -0.010374 -0.001390 0.031617 -0.013869 -0.037040 0.041754 -0.010309 -0.080118 0.060612 0.046452 -0.016527 0.062596 -0.008269 0.030742 0.069029 0.007578 -0.044550 -0.009169 -0.033673 -0.016807 -0.065083 0.015183 0.035525 0.057580 -0.003193 0.053327 0.010805 0.072815 0.021923 0.002727 0.041907 -0.010362 0.003104 0.016518 0.013587 0.000000 0.030799 0.014674 -0.069866 0.004190 0.010967 0.084389 -0.062239 -0.008027 0.052062 0.038597 -0.049330 -0.046534 -0.049308 -0.007011 0.054162 0.007082 0.080749 0.006029 0.010874 0.001431 0.057808 -0.010493 0.013770 -0.020500 -0.031299 0.000492 0.019503 0.002680 0.026208 0.012161 0.011823 -0.035376 -0.015269 0.043058 0.000000 0.001213 0.038188 0.036921 -0.055308 0.073613 0.003877 0.045234 0.015200 0.012181 0.009153 -0.003923 -0.049804 0.003484 0.005010 0.046215 -0.006705 -0.036293 -0.030429 -0.028449 -0.037661 -0.057917 -0.027754 0.045080 -0.056335 0.071361 -0.001276 -0.000678 -0.009129 0.078915 0.001289 0.001057 -0.004871 0.075477 -0.028559 -0.077667 -0.020450 -0.018697 0.037720 -0.021449 0.072118 -0.020592 -0.083171 -0.003091 -0.007031 -0.023765 0.009131 0.000796 0.061893 0.006965 -0.058217 -0.026306 -0.039870 -0.034679 0.020054 -0.006442 -0.021749 -0.006156 0.044698 -0.022972 0.010630 0.003511 0.009947 -0.054372 0.004712 -0.006011 -0.010294 0.038144 0.069644 -0.065474 0.000663 -0.034095 0.001896 0.023083 0.049670 0.017227 0.002586 0.047031 0.020223 -0.013908 0.041881 0.085940 0.070686 -0.058952 0.055571 0.022672 -0.000762 -0.002275 -0.028728 0.085529 0.057517 0.061563 -0.010389 0.009395 0.048883 -0.014159 
-0.015745 -0.026427 0.037079 -0.002108 0.012245 0.000000 0.034140 0.049883 0.044246 -0.028315 -0.014718 -0.034720 0.005118 -0.006491 0.001494 0.007918 -0.012527 -0.004484 -0.003785 -0.011384 -0.059372 -0.053582 -0.052424 -0.037091 -0.005194 -0.007762 -0.039473 0.021811 0.000152 0.004171 0.001817 -0.001518 0.019040 0.083611 -0.003377 -0.002258 0.001705 0.011516 -0.046597 -0.003254 0.007630 -0.022560 0.002882 -0.069416 0.046504 0.006126 -0.006938 -0.027550 -0.027171 0.007445 0.006003 -0.001303 -0.004261 -0.007139 -0.028711 -0.017764 -0.001093 -0.039957 -0.009687 0.000959 -0.003877 -0.011091 -0.006917 -0.018358 -0.086407 -0.071804 -0.022981 -0.003010 0.004800 0.040634 0.058070 0.001099 -0.000504 -0.021181 -0.034067 -0.034621 0.005029 -0.014883 0.012409 0.009999 -0.003234 -0.014501 0.002611 0.000915 -0.030743 -0.014108 0.032724 0.004763 -0.006150 -0.001867 0.001117 -0.011689 -0.000672 -0.003214 0.010625 -0.018254 -0.014062 0.002090 0.004717 0.086150 -0.003759 0.007074 0.015505 -0.026084 -0.032528 -0.039659 0.006331 -0.008711 0.003095 -0.027338 -0.000541 0.006089 0.000000 -0.003903 0.036911 0.003180 0.006757 0.002317 -0.003846 0.025352 0.004849 -0.001951 0.007353 -0.020933 -0.005776 -0.001952 0.017206 -0.082658 0.016632 0.015572 0.000500 0.043454 0.036071 -0.017928 0.010100 -0.006114 -0.071485 -0.001783 0.001507 -0.032022 0.012921 0.011089 0.013402 0.005773 -0.002020 -0.017551 0.042223 -0.020219 -0.032188 0.018512 -0.005098 0.012032 0.006643 -0.002167 -0.000386 0.025524 0.002498 0.010055 -0.012043 0.076995 -0.000317 -0.006696 0.008685 -0.002207 -0.010026 0.017963 0.001371 -0.014035 -0.054265 0.001191 -0.002715 -0.000491 -0.011541 -0.010572 0.081576 0.071124 -0.002132 0.080326 0.052420 0.000833 0.007433 0.049843 -0.048739 0.031122 0.007840 0.004269 0.063242 -0.015780 -0.006939 -0.054496 -0.048397 0.024561 -0.016453 -0.010465 -0.031121 0.013497 
-0.004479 0.027384 -0.002108 0.027070 -0.037305 0.074947 0.003184 0.003613 0.000717 0.001613 0.000000 -0.024145 -0.005467 -0.001445 -0.005575 0.002633 -0.018106 -0.021653 0.000133 -0.034233 0.002995 0.007345 -0.003275 -0.006122 0.028457 0.001353 0.005548 0.004610 0.011350 0.005016 -0.006153 0.000148 0.001573 -0.004744 -0.009642 0.006062 -0.003556 -0.048947 0.057000 0.007166 0.000000 -0.031969 0.030554 -0.003621 0.002246 0.017662 0.015793 -0.008490 -0.032861 -0.078362 0.007153 -0.000482 0.018190 0.000000 -0.014418 -0.017539 0.005166 0.010956 0.001576 0.001945 0.009522 0.015706 -0.003352 -0.001816 -0.004213 -0.002449 -0.001683 0.004293 -0.001060 -0.000235 0.076917 0.062324 -0.004706 0.007081 0.043402 0.000549 -0.034994 -0.001498 -0.004398 0.001194 0.070926 -0.081287 -0.030456 -0.040321 0.058349 0.000000 0.014342 -0.003204 -0.002284 -0.024700 0.001675 0.004369 0.029486 0.060737 -0.006182 0.005363 0.001053 -0.001946 0.027043 0.000601 -0.001163 -0.000733 0.004009 -0.012257 -0.054583 -0.002981 0.001243 0.003222 0.006380 0.002530 -0.000550 0.010951 -0.031943 -0.073256 0.000934 0.007517 -0.001201 -0.024509 0.034060 0.026582 -0.034063 -0.009178 0.000532 0.069904 0.038347 -0.001302 -0.035960 0.008498 0.009641 -0.006676 0.001435 0.002083 0.029930 0.001075 -0.006813 -0.078718 0.008391 -0.005185 0.008076 -0.058377 -0.034437 0.008141 -0.024400 -0.056961 -0.066338 0.044427 -0.063078 -0.003594 0.002437 -0.061602 0.002511 -0.006279 -0.012428 0.056846 -0.065077 -0.042995 -0.018244 0.005154 0.016040 -0.049191 -0.020197 0.004780 -0.001467 0.060677 0.000494 -0.036721 -0.005493 -0.010489 -0.003698 0.004375 -0.006293 -0.002619 -0.000507 -0.002609 -0.041166 -0.082873 0.069547 0.076415 0.074570 0.001818 0.001426 0.032382 0.002554 0.010926 0.062486 0.000000 -0.003683 0.074221 0.009750 0.002407 0.055008 -0.037048 -0.025667 -0.000584 0.005990 -0.008322 
-0.001660 0.026433 0.012245 -0.037305 487.006133 0.027164 -0.008045 -0.023087 0.000518 -0.087820 0.000000 0.040015 0.000000 0.015299 -0.015664 -0.000138 0.068704 0.008657 0.003261 -0.054875 -0.085770 -0.010613 -0.066991 0.006858 0.001121 -0.002506 0.041928 -0.005486 0.011535 -0.056891 0.002525 0.000375 -0.007112 -0.004253 0.001970 -0.047521 0.003934 0.000000 0.039996 0.000122 -0.002034 -0.019479 -0.023737 -0.036298 -0.014656 -0.059119 -0.013023 -0.001025 0.056059 0.084777 0.002379 -0.000575 0.004884 -0.005073 0.001253 0.012618 0.038492 -0.012255 0.066847 -0.000763 0.066058 0.000555 -0.001153 0.001045 0.000183 -0.001686 -0.012763 0.034124 -0.024487 -0.040242 0.004457 -0.080078 0.018941 -0.000857 0.047141 0.033247 -0.035249 0.000000 -0.015330 -0.028822 0.012918 0.002412 0.070882 0.058752 0.052112 0.000197 -0.010568 0.042397 -0.054089 -0.033281 -0.039032 0.023567 0.012647 0.009573 0.051737 -0.007565 -0.059277 -0.019888 0.025235 -0.020471 0.000000 -0.041682 -0.051982 0.006686 0.083510 -0.008809 0.006365 -0.030978 -0.002135 0.011488 0.000289 -0.032656 0.000000 0.020680 0.028528 0.001173 0.018411 -0.069871 -0.022175 0.044318 -0.007756 0.020052 0.014621 0.000399 -0.000943 -0.059831 -0.067747 0.055369 -0.059014 0.000000 -0.006148 0.002473 -0.081011 0.000000 -0.021116 0.031056 0.006068 -0.004904 0.064216 0.005021 -0.008737 -0.018120 0.048764 -0.022048 0.001586 -0.007492 0.007923 -0.044657 -0.046509 -0.002973 -0.029098 0.021169 0.000000 0.056792 0.058896 -0.005377 0.007490 0.031005 0.021416 0.000419 -0.064887 0.000000 -0.056541 -0.058334 0.003720 -0.005252 0.000736 -0.015486 0.000000 0.001146 -0.006448 -0.000713 0.000000 -0.065453 0.041923 -0.004675 0.000000 0.023372 -0.024372 0.063251 0.000988 -0.000179 -0.057636 -0.023757 -0.039873 -0.003386 -0.018708 -0.032413 0.052473 -0.000326 -0.002349 -0.041509 0.061283 -0.007570 0.067052 -0.001651 
0.086263 -0.028876 0.000000 0.074947 0.027164 51.113086 -0.013059 -0.014502 -0.004168 0.018213 -0.080364 0.021932 -0.075232 0.021022 0.001378 -0.042569 -0.016035 0.000000 -0.019640 0.031404 -0.002685 0.018628 -0.002116 0.057117 0.006638 0.002716 0.008978 0.001867 -0.019687 0.019649 -0.028002 -0.000106 0.012779 0.053150 -0.002874 0.046950 -0.031731 0.003957 -0.042529 0.058590 0.012071 0.000259 0.001032 0.004274 -0.037542 -0.013114 0.000405 0.011445 0.021590 -0.072118 -0.068067 0.000000 0.026779 0.002445 0.017893 -0.011800 -0.029533 0.010795 0.009033 0.058457 0.025709 -0.062253 0.000000 0.013928 -0.005086 -0.008976 -0.006469 0.046473 0.025756 -0.008448 -0.022696 0.017002 0.001936 -0.081072 -0.000466 -0.085316 -0.060484 0.007565 -0.027121 0.041029 -0.049948 -0.079219 -0.035068 -0.030182 0.013297 0.071203 -0.070487 0.013322 -0.025972 0.039362 0.006999 0.089154 -0.004517 0.002931 0.005374 0.068268 0.004730 0.014243 -0.048642 -0.065020 0.001044 -0.043429 0.005296 0.060673 -0.080664 -0.025057 -0.014607 0.056058 -0.035500 0.000110 -0.020398 0.040073 -0.026664 -0.013401 -0.023458 0.015440 -0.003926 0.043177 0.046498 0.067122 -0.004814 -0.056703 -0.024387 -0.056562 -0.072128 -0.006481 0.058593 0.021557 0.011409 0.019753 0.062559 0.044944 -0.001751 0.001113 -0.018264 -0.021874 -0.004371 0.029580 -0.000245 -0.045258 0.020261 -0.006707 -0.007119 0.031967 0.000000 0.009227 -0.035869 -0.030745 -0.022062 0.011877 -0.037170 0.075363 0.000474 0.011874 -0.022933 0.009133 -0.001146 0.025318 0.045142 -0.019154 0.000449 -0.005285 -0.005405 0.002942 -0.000997 -0.000227 -0.061664 -0.026774 -0.009623 -0.018134 0.017194 -0.039192 0.012082 -0.003712 0.015144 -0.002994 0.006940 0.006668 -0.020776 0.000000 0.011601 0.000141 -0.004069 0.064979 0.000785 0.004399 -0.037550 -0.086031 -0.025976 0.008054 -0.071160 0.048997 -0.077582 0.001104 0.020810 0.027338 
-0.074691 -0.062054 0.034140 0.003184 -0.008045 -0.013059 0.133364 0.046563 0.014494 0.002826 -0.009547 -0.021432 -0.065004 0.024755 -0.017428 0.014447 0.007848 -0.052294 0.004513 -0.005755 0.030250 0.014149 0.013457 -0.081774 -0.059689 0.011017 -0.030823 0.028282 -0.002128 0.041839 -0.002313 -0.001215 -0.036898 -0.035858 0.011063 -0.016618 0.013290 -0.008048 -0.057098 -0.005493 -0.002078 0.059984 0.028270 0.002351 -0.009403 0.083027 -0.005334 0.065472 -0.052073 -0.013354 0.004398 0.027995 0.022658 0.013145 -0.070206 0.028252 -0.002821 -0.006820 0.009818 0.000142 0.000720 0.036295 -0.003328 -0.024462 0.045469 0.000000 -0.016279 -0.043334 0.057077 0.008607 0.004568 -0.006074 -0.010768 0.048999 -0.019554 -0.003436 -0.022482 0.002090 0.040255 -0.017568 0.018548 0.006155 -0.059889 -0.032666 0.034505 0.040460 0.038296 0.013364 -0.033264 -0.007372 0.021300 0.009280 -0.009633 -0.004482 0.062261 -0.065002 -0.067241 0.003686 0.031564 -0.027467 0.039481 -0.029682 0.060987 0.042357 0.047209 -0.041383 0.016357 -0.017187 -0.030909 -0.003259 -0.003888 0.001864 0.077727 0.060862 -0.002436 -0.040617 -0.084141 0.024956 -0.002578 0.025276 0.070411 -0.005220 0.001045 -0.010686 -0.018200 -0.070696 -0.079607 0.001183 0.004998 -0.030997 0.011234 0.048696 0.022314 -0.028140 0.019836 -0.011527 0.004437 0.064203 -0.006560 0.013465 -0.024096 -0.003429 -0.044947 -0.009249 0.015419 -0.021800 0.028144 0.056575 0.028797 0.016519 0.023996 0.026679 0.012578 -0.000698 -0.001134 -0.007082 -0.000693 0.003074 -0.020874 -0.007804 0.002728 0.003811 -0.002411 0.033041 0.000133 -0.026686 0.009817 0.012482 0.009958 0.079431 -0.007976 -0.005204 0.028591 0.037112 0.018254 -0.052886 -0.060669 0.085401 0.021114 0.057941 0.011595 0.078176 -0.015722 0.080579 0.053448 0.069005 -0.016881 -0.073355 -0.059520 -0.042776 -0.078782 0.012106 -0.012546 -0.001414 -0.069399 -0.002411 
-0.047060 0.016462 0.049883 0.003613 -0.023087 -0.014502 0.046563 1.690360 0.030855 0.047184 0.020848 0.023372 0.000237 0.036947 0.039095 -0.016668 0.003405 -0.031865 0.003002 -0.071646 -0.001275 0.066153 -0.054878 -0.038529 0.004253 -0.003038 -0.022538 0.062939 0.000000 -0.042686 -0.005038 -0.003816 -0.065663 0.002200 -0.061699 0.016706 -0.012741 0.039257 -0.010418 -0.007513 0.037492 0.028750 0.057222 0.040388 -0.084370 -0.014075 0.039969 -0.034913 -0.007907 -0.067401 0.061003 -0.063037 0.013348 -0.041135 0.031434 -0.049725 -0.000187 -0.031283 -0.014792 0.002910 0.040883 0.010376 0.000000 0.013634 -0.042435 0.004800 -0.072392 -0.062717 -0.059651 0.013355 0.008925 -0.028496 -0.047424 0.011176 -0.009535 0.048959 -0.041788 -0.074198 -0.014188 0.066077 0.063949 0.030765 -0.015194 0.037411 -0.037937 0.005322 -0.023992 0.006555 -0.064014 0.003317 -0.040513 -0.058421 0.008531 0.002019 0.007739 -0.084369 0.031287 0.030753 0.018773 -0.019754 0.017998 0.042556 0.010955 0.003959 -0.056869 -0.017799 0.022344 0.027027 -0.085744 -0.005867 0.033230 0.031062 0.004571 -0.023237 0.020282 -0.037859 -0.004761 0.012285 0.066501 0.058168 0.031239 -0.066023 0.023602 0.037989 0.006817 0.016484 0.005762 0.055714 -0.078071 0.050419 0.006278 -0.035205 -0.014372 0.021639 0.006521 0.074449 -0.015313 0.001735 0.086101 0.035815 0.051356 -0.050747 0.016582 -0.045840 -0.069525 -0.014803 0.038951 0.055484 0.006684 0.005029 -0.028289 -0.000920 0.010476 -0.032482 -0.079554 -0.000862 0.050258 0.032580 -0.009271 -0.049720 0.017277 0.002674 0.070380 -0.023566 0.004079 -0.061584 -0.004241 0.020957 0.028906 0.023224 0.036247 0.029206 0.022659 0.017129 -0.043014 0.012968 -0.039882 -0.048127 -0.025730 0.006997 -0.006787 0.042094 -0.050847 0.022988 -0.026583 -0.067973 0.045299 -0.007299 0.050465 -0.006348 -0.004404 0.008326 -0.013586 0.006221 -0.060498 -0.016790 
-0.017785 0.008320 0.044246 0.000717 0.000518 -0.004168 0.014494 0.030855 11226.572291 0.000342 0.040993 0.077554 0.000000 0.067209 -0.020977 -0.000843 -0.027243 0.000000 0.018741 0.017145 0.000000 -0.008389 0.009129 0.058348 -0.007387 0.026114 -0.003933 -0.008762 -0.014517 0.019628 0.015595 0.000257 -0.048820 -0.052996 0.009423 -0.036528 -0.027700 -0.042776 0.010097 0.010481 -0.010700 -0.000301 -0.044233 0.012628 0.000000 -0.007479 0.007047 -0.027271 -0.072156 0.041796 0.000205 -0.016289 -0.005384 0.000000 -0.003281 -0.014145 -0.080263 0.028512 0.002667 0.000350 -0.020368 -0.001482 -0.016239 -0.027415 0.000197 -0.077038 -0.049685 -0.055302 -0.009340 0.018738 0.016488 0.027073 0.057692 0.000000 0.000635 -0.001023 0.081323 -0.049584 0.013227 0.021408 -0.049033 0.058218 -0.049212 0.045520 -0.020374 -0.000452 0.081992 0.006866 -0.003849 0.032486 -0.000686 0.027510 0.042679 -0.002563 -0.022197 -0.043276 0.068804 0.065401 -0.024260 -0.049946 0.000000 -0.007134 0.034663 0.004425 0.005600 0.021424 0.073496 -0.005291 -0.015131 -0.000643 0.000207 0.010949 0.014824 0.000000 -0.001434 -0.005918 0.016845 0.002259 0.020354 -0.055188 -0.002537 0.018235 0.000710 0.000776 -0.002817 0.012125 0.000000 0.000000 0.013058 -0.008473 -0.007586 0.001752 0.007860 0.071929 -0.079302 0.052903 0.015829 0.002016 0.028148 0.009043 -0.007513 -0.003726 0.051714 0.068917 0.045160 0.000000 0.057083 0.027601 -0.038200 -0.002870 0.000000 0.018755 -0.060361 0.000000 -0.035810 -0.011831 0.011293 -0.021037 0.042177 0.029266 -0.001950 0.031854 0.079803 0.001926 -0.000831 0.042779 -0.015604 0.027012 0.042655 0.000000 0.046851 0.038609 0.000310 0.000000 0.027177 -0.003475 0.000000 0.022057 -0.025586 0.013040 0.000000 0.000000 0.020396 0.027810 0.010191 -0.059979 0.029131 -0.001160 0.000526 0.008200 0.004383 -0.001008 0.000000 -0.002706 0.037086 0.052744 
-0.038393 0.049177 -0.028315 0.001613 -0.087820 0.018213 0.002826 0.047184 0.000342 69.731051 0.018887 -0.039997 -0.000152 -0.005258 -0.000535 0.028103 -0.004271 -0.000778 0.033601 -0.053395 0.044035 -0.000667 0.049646 -0.086781 0.000000 -0.004946 -0.021852 -0.074576 0.025002 0.066920 0.005155 -0.012583 -0.000585 -0.019051 0.003612 -0.033527 0.008435 -0.012732 0.067216 -0.087354 -0.061847 -0.005874 -0.032586 0.030944 0.001249 -0.008804 -0.067173 -0.026353 0.062255 0.009812 -0.000144 -0.000319 0.028551 0.002482 0.000000 -0.008818 -0.009522 0.045031 -0.030947 0.084529 0.058371 -0.005279 0.005026 -0.013094 -0.001451 -0.004708 0.034911 0.050146 -0.064453 -0.008411 -0.007234 -0.077471 -0.002280 0.003442 -0.005903 0.073287 -0.046004 -0.026828 -0.013630 -0.009675 -0.020402 -0.000945 0.027688 0.000000 -0.011403 -0.069778 -0.067661 0.027810 -0.004350 0.007204 -0.019816 0.084201 -0.087677 0.001923 0.011668 0.022247 -0.077499 0.000000 -0.000583 0.059086 0.011679 0.000594 -0.006872 0.005048 -0.000387 0.015154 -0.073304 0.048483 0.027520 0.003064 -0.030160 -0.000659 0.000000 0.038731 0.011130 0.012411 0.020465 0.065236 -0.071273 0.008206 0.011989 0.028315 -0.011809 0.038382 -0.001242 -0.000134 -0.037706 0.000544 -0.072042 0.039730 -0.071680 0.000894 0.010612 -0.000391 0.008276 -0.005725 0.055080 0.019490 0.030834 -0.020425 0.000202 0.017263 0.006014 -0.010027 -0.024826 -0.021690 -0.018919 -0.002618 -0.076071 0.004652 0.023074 0.043700 -0.016433 0.001942 -0.027336 0.022574 0.001325 0.000000 -0.065687 -0.023318 0.014712 0.001185 -0.083733 0.001226 0.062951 0.000312 -0.049928 -0.058090 0.061793 0.001355 0.004363 -0.001870 0.004039 0.002338 -0.027529 -0.034847 -0.052823 -0.023925 0.007050 -0.024223 0.046731 0.001628 0.065686 -0.018762 0.000289 -0.001067 0.045135 0.006377 -0.016605 0.020888 -0.013297 -0.012651 0.000215 -0.003128 -0.004520 -0.016961 
-0.001349 0.042327 -0.014718 0.000000 0.000000 -0.080364 -0.009547 0.020848 0.040993 0.018887 0.122547 0.040032 0.013852 -0.014811 0.005319 0.013654 0.007645 -0.054256 0.060554 -0.046114 0.011358 0.032521 0.078685 0.010554 -0.037207 0.025403 0.000218 -0.041813 0.004097 0.000000 -0.004738 0.000000 0.079931 0.013590 0.005271 0.015369 0.024879 0.000000 -0.054010 -0.040151 0.070885 0.000160 0.002438 0.002654 0.035096 -0.018310 -0.038109 -0.026503 -0.027948 0.015979 0.016063 -0.045875 0.000000 0.000000 -0.082036 0.057043 0.003651 0.027460 0.008555 -0.004288 0.013776 0.048373 0.011389 0.006591 0.041981 0.044625 0.027523 -0.026463 0.057694 0.008283 -0.029493 -0.039404 0.041942 -0.007299 -0.007535 -0.073437 -0.023960 0.059185 0.021273 -0.033055 0.008469 0.053123 -0.003362 0.021075 -0.017865 0.018165 0.009220 0.023065 0.006044 -0.031233 -0.025764 0.003075 0.000242 0.014197 0.033845 0.014505 -0.064253 0.007407 -0.032500 -0.009285 0.086426 -0.001582 0.010053 -0.010830 0.011164 0.087685 -0.004201 0.004115 0.017018 -0.058945 0.001243 -0.046179 0.000000 -0.022938 -0.071607 0.001334 0.012729 0.005050 -0.031542 0.077177 -0.050889 0.018645 0.019099 -0.006883 -0.024412 -0.000647 0.028949 0.041537 0.002722 0.010218 0.016813 0.012742 0.074272 0.016269 -0.006172 -0.024361 -0.014053 0.030268 0.019439 0.001388 -0.079055 0.023269 0.028641 -0.040641 -0.069643 0.006639 -0.027726 0.023205 -0.002508 0.008317 -0.021377 -0.015010 0.031820 0.000000 -0.044920 -0.085324 -0.017733 0.007797 0.024910 0.008014 0.040793 0.050596 -0.019257 -0.024365 -0.040982 0.051608 0.010331 -0.049580 0.015220 -0.031413 0.014373 0.002147 -0.067916 -0.062950 0.045555 -0.081202 0.000000 -0.046431 0.018172 0.016110 -0.014065 -0.072862 0.017970 -0.015375 -0.066832 -0.044990 -0.021993 -0.071531 0.038705 -0.077838 0.046473 0.039677 -0.066715 0.000000 0.053065 0.021836 
-0.030666 0.013558 -0.034720 -0.024145 0.040015 0.021932 -0.021432 0.023372 0.077554 -0.039997 0.040032 24.810949 -0.014123 0.000422 -0.001512 -0.083531 0.036219 -0.018725 0.063697 -0.073514 -0.044197 0.020440 -0.027173 0.057837 -0.050334 0.015357 -0.070691 0.045062 0.008837 -0.002886 -0.039088 0.080160 -0.012491 0.005380 0.047709 -0.042660 0.018754 0.054035 -0.017729 0.068428 0.022397 -0.052185 0.016223 0.000487 -0.039432 0.001058 0.025125 -0.000612 0.059666 -0.032993 -0.067810 -0.055899 -0.005053 -0.004802 -0.027710 -0.023163 -0.003940 0.020076 0.041184 -0.076589 0.006328 0.006776 -0.012271 0.018126 -0.032851 -0.048749 0.057949 0.024393 0.022289 0.008883 0.060824 -0.030239 -0.002328 0.003964 -0.037481 -0.001619 -0.081073 -0.004339 0.045099 -0.025962 -0.063311 -0.003398 -0.062300 0.041234 -0.014208 0.060036 -0.023653 0.008829 0.013213 -0.081294 -0.024256 -0.039136 -0.018516 0.048904 -0.011098 0.025825 0.022093 -0.050853 -0.039562 0.024791 -0.001803 0.001222 -0.049710 -0.073717 0.059897 -0.075623 0.039445 -0.047070 -0.012066 0.007756 0.049911 0.045436 -0.062149 0.041187 -0.009327 0.015717 -0.040880 -0.082374 -0.077473 0.021613 0.053341 0.070115 -0.034961 -0.002297 -0.003302 -0.078352 0.079989 0.073103 -0.018008 -0.029433 -0.008172 0.069721 0.006621 0.007495 0.077523 0.018804 0.019709 0.018669 0.005114 0.081577 0.008720 -0.019252 -0.013930 -0.004418 -0.005209 -0.045100 -0.000255 0.044836 0.003700 -0.065686 0.028163 0.017920 0.007800 -0.018397 0.007007 0.007347 -0.062037 -0.015152 -0.065550 -0.021461 0.000592 0.008692 -0.010535 -0.003229 -0.012654 0.038849 -0.055216 0.074114 0.054591 -0.002713 0.000175 -0.005643 0.000797 -0.012008 0.085714 -0.021072 -0.080425 0.000000 -0.001361 0.008403 -0.044687 -0.004851 -0.025006 -0.006125 -0.052863 -0.035187 -0.000939 0.024039 -0.057312 -0.035933 -0.074109 -0.062639 -0.010585 0.017937 0.002893 0.065350 
-0.071240 0.002715 0.005118 -0.005467 0.000000 -0.075232 -0.065004 0.000237 0.000000 -0.000152 0.013852 -0.014123 3229.322139 -0.069741 0.000000 -0.015291 0.037575 0.000000 -0.019993 -0.049222 -0.010490 0.000000 0.066101 0.009637 -0.001112 0.000000 -0.055709 0.028568 -0.015320 0.018414 0.001765 0.000589 0.086225 0.010863 -0.004022 0.019347 0.008320 -0.041737 0.051235 -0.006281 0.000000 -0.016963 0.004412 -0.045572 0.000000 0.005644 0.024129 0.021344 -0.029444 -0.070027 0.001838 -0.002829 0.058098 0.000000 0.081723 0.002456 0.013192 -0.056700 -0.000480 -0.083755 0.053285 0.025775 0.032568 0.000000 -0.001290 0.004641 -0.011210 0.002615 0.028348 -0.002988 -0.007751 0.001522 0.001261 0.001631 -0.021393 -0.004904 -0.049719 -0.074118 0.025338 0.027151 -0.000395 -0.015518 0.072552 0.056877 -0.002861 0.083667 0.051515 -0.014394 -0.015280 -0.002099 -0.031696 -0.005995 -0.026931 0.044608 0.032165 0.000000 0.003316 -0.014287 -0.013375 0.013905 0.002391 0.000192 -0.006627 -0.011573 0.006228 -0.000905 -0.057410 -0.044337 -0.074095 -0.020844 -0.004435 0.001499 0.000000 0.000767 0.001185 -0.020606 -0.004008 0.000225 0.033940 -0.079728 0.049064 0.000519 0.009703 -0.033429 0.000970 0.010668 0.070779 0.010736 -0.001019 0.008359 0.011407 -0.007410 0.032968 0.028726 0.071809 0.005519 -0.052035 0.000000 -0.045251 -0.042123 -0.017856 0.000000 -0.001088 0.004991 0.058268 -0.075124 -0.003778 -0.000267 0.004390 -0.055857 0.024178 -0.044186 0.000874 0.001236 -0.068905 -0.079132 -0.073869 0.016178 0.047777 -0.023724 -0.047420 0.000143 0.043819 -0.009466 -0.011343 0.000000 -0.007159 0.000383 -0.006109 -0.015781 -0.038059 -0.008621 0.080176 0.000000 0.047122 0.003673 0.003687 0.002771 0.025475 -0.006051 0.007366 -0.000175 -0.001313 0.000000 0.000237 -0.003737 0.019893 0.013537 0.004282 0.062674 0.021600 -0.013013 -0.004290 0.000000 -0.005737 -0.025350 
0.080879 -0.007614 -0.006491 -0.001445 0.015299 0.021022 0.024755 0.036947 0.067209 -0.005258 -0.014811 0.000422 -0.069741 787.859406 -0.030604 -0.001852 0.000814 0.022518 -0.002626 0.000368 0.006872 0.004512 -0.002883 -0.015193 0.029030 -0.006532 0.067540 -0.025980 -0.028680 -0.016989 -0.025121 -0.000477 -0.064491 -0.046468 -0.032548 -0.005673 0.016087 0.006353 0.038172 -0.020798 0.004015 0.029323 0.038142 -0.006651 -0.031639 0.014742 0.085455 0.032053 -0.063979 -0.081874 0.000000 0.021078 0.025457 -0.002025 0.058361 0.000261 -0.000666 0.019199 0.019834 0.000300 -0.059031 0.018560 0.010453 0.030852 0.002783 0.080945 -0.053223 0.002119 0.002250 -0.009145 -0.057417 0.046745 0.004642 0.000000 -0.002682 -0.008799 0.000000 0.000000 0.009763 -0.059236 0.025518 0.000000 -0.047295 -0.018131 0.077504 -0.009633 0.047978 -0.026481 -0.059682 0.022010 -0.029023 -0.057472 0.003284 0.064508 0.036226 -0.057812 0.062640 -0.006779 -0.047646 0.027013 -0.030358 -0.001587 -0.063918 -0.017381 0.007917 0.053192 -0.025021 -0.018609 -0.018967 -0.000590 0.014217 0.000927 0.051099 -0.019857 0.000337 0.000609 0.002353 0.019542 -0.065222 -0.002359 -0.036181 -0.021401 0.002919 -0.050224 0.001069 -0.000260 0.036127 0.004320 0.000000 -0.000175 0.056788 -0.032301 -0.000423 -0.025461 -0.040009 0.029788 -0.004903 -0.001604 0.008984 -0.029494 0.000000 -0.026478 0.023995 -0.025450 0.002219 0.000000 -0.054189 -0.001276 0.057129 -0.008342 -0.019450 0.027576 -0.000611 -0.016048 0.040351 -0.002577 -0.003117 -0.019532 -0.009030 -0.047208 0.003350 0.065114 0.031355 0.002211 -0.015855 -0.084467 -0.045766 -0.070983 -0.002834 -0.000587 -0.006798 0.044949 -0.068653 -0.001078 -0.061062 -0.005944 -0.003848 0.005647 -0.030683 0.002645 0.026356 0.000000 0.000000 0.032519 -0.044239 -0.060213 0.016798 0.052389 0.087013 -0.004938 -0.062332 0.000169 -0.007190 0.000000 0.038340 0.050557 
-0.003973 -0.053882 0.001494 -0.005575 -0.015664 0.001378 -0.017428 0.039095 -0.020977 -0.000535 0.005319 -0.001512 0.000000 -0.030604 136.811923 0.033226 0.000000 0.000000 0.006700 0.069421 0.062683 -0.001693 0.001276 -0.036937 0.002599 0.007226 -0.021471 -0.015362 0.001559 0.000408 0.000378 0.000000 -0.019668 -0.045065 0.017771 -0.044589 0.000648 -0.051263 -0.039259 -0.039791 -0.004757 -0.069063 -0.022279 -0.006043 -0.064658 -0.067260 0.001590 0.080209 0.072936 -0.005799 0.005093 0.031084 0.008746 -0.074270 0.030985 -0.023833 -0.008344 -0.007923 -0.013058 0.000554 -0.027529 0.006552 0.001077 -0.052302 -0.016772 0.010110 0.001934 -0.005941 0.019723 -0.063336 0.022388 0.000694 -0.001781 0.007005 -0.030815 0.018263 -0.012972 0.000000 0.078259 0.024832 -0.005836 -0.008813 -0.053465 -0.013124 -0.012656 0.058186 -0.045091 -0.000517 0.016986 0.017421 -0.020510 -0.037147 -0.008770 0.019642 -0.001684 -0.041616 0.005513 0.060744 -0.009379 -0.008583 0.000000 -0.004914 -0.027032 -0.063096 0.003195 0.007324 0.016715 0.004053 0.015426 0.030823 -0.001018 -0.025109 0.008597 -0.018636 0.068204 0.012030 -0.023187 0.051772 0.067849 0.051606 -0.000734 0.001154 -0.000573 -0.069623 0.010853 -0.026988 0.032533 -0.053396 0.000280 -0.004600 -0.027294 -0.017954 0.012009 0.040085 0.003743 -0.000618 0.074253 0.029622 0.003121 -0.021150 0.003190 -0.018722 0.068001 0.000000 0.047262 0.000622 -0.006148 -0.007748 -0.052166 0.001705 0.008791 0.005373 -0.000348 0.001288 -0.002058 0.012812 -0.041731 -0.001331 -0.015563 0.002291 -0.014926 0.000616 -0.024889 -0.023394 -0.001562 0.001416 0.073086 0.005226 -0.000546 0.003772 -0.000988 -0.001108 0.017053 0.018414 0.004857 -0.000142 0.030006 0.031132 -0.059051 0.038577 0.005823 0.000991 0.016478 0.052547 0.000947 0.000000 0.000687 0.010377 0.005924 0.000000 0.005337 0.004798 0.000000 0.000180 -0.077849 0.000000 
0.058330 0.009987 0.007918 0.002633 -0.000138 -0.042569 0.014447 -0.016668 -0.000843 0.028103 0.013654 -0.083531 -0.015291 -0.001852 0.033226 61.875236 0.006029 0.000251 -0.069097 0.043267 -0.000751 -0.006215 -0.020759 0.021104 -0.009435 0.007033 -0.006267 -0.007670 0.022136 0.004322 -0.002311 0.023880 -0.055251 0.014362 0.012760 -0.051838 0.009702 0.000887 0.031840 -0.053306 -0.003024 0.004116 0.012240 -0.002013 -0.003507 -0.000503 0.062987 0.035667 -0.076060 0.075672 0.002555 0.000909 0.070236 0.000630 0.003001 -0.001541 0.001502 0.005744 -0.000451 -0.040324 0.015591 -0.000768 -0.015759 0.054325 0.032747 -0.025019 -0.013012 0.051695 -0.002221 -0.016609 0.015638 -0.000561 0.001575 0.001972 0.026527 0.072888 0.079644 0.038671 0.028584 -0.025433 -0.075038 -0.021460 0.057302 0.012071 -0.072012 -0.016701 0.036275 0.050271 -0.053596 0.016557 0.025340 0.075646 0.012116 0.049394 0.023846 -0.028798 0.043225 0.014957 0.045786 0.000760 0.000107 0.001221 0.048041 -0.039680 -0.032208 -0.073102 -0.026407 0.000162 0.001804 -0.001980 0.000154 0.006913 -0.002577 0.004874 0.001088 0.056209 -0.001355 0.043495 -0.080328 -0.022597 -0.006603 0.006189 -0.002326 -0.014140 -0.034814 0.000146 -0.033243 0.088077 0.003134 -0.000297 -0.007657 -0.000669 0.002927 -0.034693 -0.009736 0.000951 -0.009848 -0.000486 -0.005934 0.036362 0.017785 0.001041 -0.035634 0.040962 0.015479 -0.001280 0.075975 0.002013 0.015502 0.003893 0.030203 0.037054 0.000000 -0.006124 0.031133 0.015210 0.001748 0.043746 -0.033698 -0.014449 0.007627 0.000000 -0.028777 0.008307 -0.007852 -0.064076 0.008699 0.009212 0.001743 0.033348 0.027188 0.009097 0.000510 -0.029005 0.000262 0.004219 -0.010774 -0.014601 -0.003903 0.002919 -0.036235 0.011005 -0.003010 -0.015799 0.000424 -0.024876 0.056181 0.001761 0.065274 -0.013148 -0.015695 0.001342 0.000000 -0.000860 -0.004264 0.000304 
-0.075960 -0.052582 -0.012527 -0.018106 0.068704 -0.016035 0.007848 0.003405 -0.027243 -0.004271 0.007645 0.036219 0.037575 0.000814 0.000000 0.006029 378.743796 -0.000447 0.009675 0.008961 -0.000484 -0.002477 -0.009162 -0.008409 -0.004061 -0.009101 0.000000 0.018320 -0.077289 -0.000814 -0.001412 0.002040 -0.001394 0.038727 0.015269 0.000000 -0.006462 -0.052292 0.054161 -0.003725 -0.001108 -0.037928 0.054856 -0.048934 -0.006321 -0.011852 0.033756 0.021789 0.005153 -0.045626 0.003131 -0.048702 -0.019116 0.031888 -0.011871 0.002595 0.002155 -0.015082 -0.028778 -0.000242 -0.022156 0.002827 -0.052134 0.041210 0.032783 0.000354 -0.075537 0.080204 -0.000924 -0.000497 0.055300 0.002238 0.005495 0.002542 0.001720 0.068735 -0.004413 -0.028288 0.023831 -0.052664 0.051198 -0.036992 0.071692 0.018691 -0.015571 0.007874 -0.001634 -0.008671 0.017566 -0.003638 0.007484 -0.001595 0.047908 0.019836 -0.040914 0.014055 0.001230 -0.003055 0.000000 0.025151 0.000629 -0.008380 -0.012979 -0.037407 0.000000 0.071220 0.004265 0.022700 0.023934 0.042352 -0.001232 -0.019690 0.049419 0.013747 -0.002496 -0.034355 0.002082 -0.060402 0.034493 0.040858 0.043410 -0.000463 0.007959 0.034778 -0.000132 0.001979 0.049150 0.000326 -0.057058 0.000499 0.035427 0.000415 -0.050032 0.002685 -0.009300 0.001396 0.043155 0.000000 0.032222 -0.073746 0.000000 0.073385 -0.012529 0.020452 0.078785 0.088021 0.063019 0.000000 -0.000459 0.017920 0.019793 0.071773 0.000408 0.021653 -0.001781 -0.000832 0.001180 0.042616 -0.004889 -0.052158 0.011822 0.017262 0.052063 -0.001812 0.011273 0.004403 0.078353 -0.053761 0.037547 0.000000 0.056053 -0.035264 0.008611 0.035174 -0.076921 -0.002530 0.000000 0.038935 0.023571 0.033888 0.000000 -0.008076 0.000000 0.043346 0.002151 -0.009764 0.003364 0.008182 -0.003739 0.024055 -0.058970 -0.006926 0.000201 0.000000 -0.023229 0.045988 
0.069945 -0.013017 -0.004484 -0.021653 0.008657 0.000000 -0.052294 -0.031865 0.000000 -0.000778 -0.054256 -0.018725 0.000000 0.022518 0.000000 0.000251 -0.000447 1818.362195 0.000000 0.023983 0.010192 0.041439 -0.065187 -0.080121 0.015658 0.023133 -0.005952 0.049781 0.011615 0.048981 -0.072217 0.000000 -0.009352 -0.005875 -0.064859 -0.040470 0.056490 0.004554 -0.048503 -0.052434 0.083614 0.016045 0.015909 -0.013981 -0.001170 0.000000 0.005074 -0.011919 -0.058874 0.000534 0.002165 -0.013101 -0.032288 0.000166 0.010133 -0.000769 -0.001132 0.004927 -0.005992 -0.014754 0.000000 -0.008708 -0.017516 -0.006683 -0.027073 -0.057049 -0.016799 0.000000 0.000000 -0.007529 0.016120 0.019098 0.001303 0.000000 -0.036165 0.001829 0.025040 -0.011663 0.054215 0.039324 0.004389 0.001002 -0.066305 0.019398 -0.033692 -0.061705 0.070002 0.007604 -0.001303 0.025703 0.013281 -0.040596 0.013805 0.048952 0.020276 0.000603 0.000000 -0.012503 -0.001488 0.062257 0.000148 0.000530 -0.054980 0.079766 0.007370 -0.034226 -0.066951 0.000000 -0.059971 -0.028381 0.003429 0.061154 0.007423 0.000000 -0.044934 0.005924 0.002688 0.000279 -0.011622 -0.019531 -0.004650 0.000763 0.001671 0.024561 0.030584 -0.031661 0.068126 -0.035506 0.000000 0.000961 -0.065890 0.004078 0.001347 0.001904 0.038182 -0.005782 -0.031764 0.006918 0.010206 0.054473 -0.008020 0.014847 0.047197 0.000302 0.000000 0.000000 -0.044404 0.000237 0.038957 0.000673 -0.019874 0.009745 -0.000396 0.000000 -0.011413 -0.005941 -0.073816 0.000000 0.020106 -0.068893 0.000000 -0.014977 0.009727 0.003183 -0.002487 0.080056 -0.068299 -0.001978 -0.002387 0.000000 0.059303 0.048388 0.016839 0.003083 0.050676 0.000734 0.085248 0.056034 0.019008 0.064764 0.000000 0.000000 0.003607 0.075811 0.008999 0.003940 0.040608 0.022266 0.034060 0.006556 -0.034975 0.044921 0.000000 0.009029 0.000834 0.030513 
-0.009893 -0.024173 -0.003785 0.000133 0.003261 -0.019640 0.004513 0.003002 0.018741 0.033601 0.060554 0.063697 -0.019993 -0.002626 0.006700 -0.069097 0.009675 0.000000 84.919460 -0.001976 0.050615 0.000746 0.002635 -0.068814 0.007096 0.027108 0.002541 0.028385 -0.018423 -0.001332 0.002443 0.048184 0.005001 0.016548 0.063809 0.003204 0.069179 -0.001140 -0.004521 -0.014472 -0.030110 -0.000355 0.005677 -0.059884 -0.041463 -0.006513 0.064810 -0.011275 -0.049630 0.063014 0.029765 0.051104 0.031181 0.025316 -0.004527 -0.021418 0.000411 0.014179 0.001008 -0.068077 0.005531 -0.001281 0.022574 0.014816 0.020646 0.022213 -0.043138 -0.062551 -0.000136 -0.003786 -0.014306 0.000400 -0.085669 0.005256 0.059948 -0.085612 0.004269 0.001644 0.040168 0.062582 0.014781 -0.000214 -0.087846 -0.001814 -0.074322 0.030391 0.057495 0.046868 0.027149 0.000249 -0.045088 -0.010346 0.042459 0.014420 -0.086205 0.066820 0.000000 -0.063989 0.031202 -0.006127 -0.007376 -0.000113 0.004098 0.073276 -0.001027 -0.025099 -0.008353 -0.039406 -0.061278 0.000000 0.051114 -0.059868 -0.070617 -0.030619 -0.084643 0.022869 0.067628 0.005779 0.065800 -0.002441 0.041195 0.057049 0.006774 0.084672 0.004896 -0.002886 0.001890 0.020527 0.000782 0.000571 0.019541 0.067737 0.083363 -0.002107 -0.053580 -0.001409 0.017539 -0.000747 0.004764 -0.014086 0.004112 -0.030171 -0.041732 0.028642 0.000734 -0.082300 0.002103 -0.014063 0.000000 0.003211 -0.045638 -0.018687 0.000342 0.005508 0.000000 0.001329 0.000434 -0.000606 -0.022653 0.058892 0.000000 -0.008710 -0.052168 -0.001011 -0.027429 -0.004521 0.013155 0.001808 0.006115 0.014858 0.005658 0.009483 -0.030513 -0.000673 -0.040650 0.000000 -0.027676 -0.029641 0.038405 -0.029093 -0.000495 -0.001478 -0.075298 0.061582 -0.003489 -0.050709 -0.008010 -0.001436 0.001519 0.064498 -0.008057 -0.007216 0.004280 0.000000 -0.001835 -0.000446 
-0.056866 0.032453 -0.011384 -0.034233 -0.054875 0.031404 -0.005755 -0.071646 0.017145 -0.053395 -0.046114 -0.073514 -0.049222 0.000368 0.069421 0.043267 0.008961 0.023983 -0.001976 7.442085 -0.000328 -0.072476 -0.029571 0.054359 0.000514 0.039506 -0.026274 -0.008469 0.005840 0.000147 0.075003 -0.022125 0.005099 -0.025191 -0.008891 -0.002362 -0.041678 0.000000 0.019628 0.052585 0.062073 0.078116 -0.001489 0.022623 0.005733 -0.009877 -0.002213 -0.070000 0.040730 -0.003333 0.009345 0.023037 0.058473 0.046328 -0.071474 -0.023569 0.051180 -0.029434 -0.004775 -0.038123 0.000705 0.008293 0.033067 0.001555 0.049154 -0.001012 -0.028744 -0.012024 0.026123 0.003882 -0.029172 -0.026684 0.008565 -0.064847 0.004056 0.013186 -0.055203 0.000000 0.044726 0.016164 0.087493 0.008725 0.024084 -0.013127 0.061650 0.009188 -0.059811 0.012908 -0.050426 0.032058 -0.035720 -0.007172 0.035587 0.010991 -0.004201 0.024706 -0.006217 0.001591 0.063399 0.040174 0.011997 -0.022750 0.058812 0.072757 -0.065179 0.051917 0.038761 -0.029386 -0.029138 0.001130 0.054969 0.050198 0.028798 0.056323 -0.053322 0.062360 0.007892 0.000000 0.044406 -0.032317 0.037303 -0.020432 0.006962 0.030172 0.069585 0.031204 0.004666 0.005751 0.000739 -0.039408 -0.035769 0.013600 -0.068037 0.048718 -0.055964 -0.047912 0.002978 0.016000 -0.067967 0.035287 0.008206 -0.015621 -0.001620 -0.058775 0.063186 0.038840 -0.000238 -0.046732 0.010335 0.011174 -0.025519 -0.011951 -0.026004 0.047980 -0.047277 -0.065434 -0.007421 0.001127 -0.010160 -0.059058 0.005678 -0.001545 -0.069846 -0.010144 0.072190 -0.001708 0.072950 0.005130 -0.019614 0.000289 0.015413 0.058327 0.001343 0.022664 0.001115 0.086349 -0.007782 -0.039359 0.051453 0.060795 -0.008398 0.006704 0.011596 -0.016707 0.023730 -0.000270 0.011988 0.045170 -0.000124 0.001970 -0.062673 -0.010287 -0.077701 0.003038 0.010557 0.008328 
0.007056 -0.086137 -0.059372 0.002995 -0.085770 -0.002685 0.030250 -0.001275 0.000000 0.044035 0.011358 -0.044197 -0.010490 0.006872 0.062683 -0.000751 -0.000484 0.010192 0.050615 -0.000328 14.996095 -0.063334 -0.013418 0.007708 0.055695 -0.055631 -0.070451 0.002811 0.000839 0.022773 -0.030001 0.018790 -0.006585 0.084155 0.000138 -0.000866 0.007067 -0.054680 -0.004568 -0.007617 0.029704 -0.002601 -0.034117 -0.005192 -0.010362 0.003902 -0.010906 -0.033923 0.061584 0.000000 -0.024330 0.001921 0.085927 -0.072773 -0.013031 -0.050576 -0.003164 0.063939 0.023382 0.019293 -0.057006 0.000150 0.001606 -0.021280 -0.080779 -0.002637 0.062192 -0.001789 0.018211 -0.020296 -0.017521 -0.029379 0.008919 -0.041696 0.000342 -0.004239 0.007977 0.019397 -0.025350 0.009308 -0.051168 -0.001225 0.037662 0.083111 0.045608 0.077245 -0.001144 0.007096 -0.023583 -0.009128 -0.011406 0.027347 -0.078438 0.000000 -0.006186 -0.025094 0.005950 -0.067437 0.029320 0.005017 -0.050740 -0.014192 0.066889 -0.023448 0.058056 -0.049558 -0.003975 -0.036271 -0.038805 0.032956 -0.064645 0.009103 -0.022960 -0.002661 -0.050981 -0.005512 -0.033629 0.086848 -0.061789 0.000000 0.056881 0.000293 0.009030 0.013890 -0.030158 -0.002367 -0.057499 0.011907 -0.006996 -0.053335 -0.031481 -0.014537 0.003210 0.002716 0.032343 -0.005298 -0.005454 -0.002078 -0.017481 0.002020 -0.000633 -0.000575 0.056982 0.021951 0.032508 -0.060128 -0.018975 0.034073 0.038453 -0.012383 -0.022215 0.028132 -0.012261 -0.001203 0.023989 -0.003534 0.000000 0.000472 -0.016436 -0.077605 0.031625 0.061571 0.064812 0.000000 0.001685 -0.041035 0.001992 0.036254 -0.020182 -0.014486 -0.008600 -0.005777 0.008883 0.036644 -0.011013 0.001172 -0.034699 -0.002695 -0.021533 -0.003963 0.000000 0.000695 0.017731 -0.031309 -0.021878 0.050786 0.019136 -0.066171 0.011941 -0.000658 0.039099 0.003745 -0.041713 0.079188 0.034931 0.000134 
