26.433622 -0.017261 -0.008229 -0.005149 0.000175 -0.042712 0.086919 -0.047901 0.000000 0.012219 -0.029783 -0.011208 -0.021934 -0.000951 -0.000136 0.005673 0.000370 0.000583 -0.010596 0.002029 -0.000509 -0.081898 -0.013255 -0.002746 0.072108 -0.005160 -0.021167 -0.076621 0.010019 -0.000139 -0.004000 -0.063677 0.028675 0.019462 -0.001027 0.093830 0.004294 -0.003233 -0.019524 0.029207 0.007229 0.075154 0.002205 0.030240 0.006498 -0.027476 0.012906 0.010192 -0.025663 -0.016917 0.100453 0.049913 -0.003812 0.002130 0.052560 0.006588 0.001798 0.022621 0.024680 0.092435 0.057588 0.000458 0.052596 0.023898 -0.004463 -0.088792 -0.076661 0.071568 0.000161 -0.003062 0.074373 -0.048131 0.004784 0.056510 0.068381 -0.052318 -0.006646 0.040927 -0.012036 0.020667 -0.011726 0.000103 -0.005310 -0.047121 0.076938 0.003182 0.037053 -0.058563 -0.003098 -0.000187 0.014542 -0.000641 -0.004467 -0.068748 0.039567 0.006063 -0.027243 0.013811 0.019299 -0.037887 -0.003160 0.021120 -0.008790 0.000000 0.097915 0.068908 -0.033893 -0.006558 0.065348 0.100802 0.005556 -0.006718 0.002063 -0.022567 0.001375 -0.029314 0.010405 -0.019250 0.086247 0.014867 0.003090 -0.000256 0.003825 0.076104 -0.034084 -0.002203 -0.039129 0.031161 0.001799 0.000000 -0.029052 -0.009223 0.054658 0.050966 -0.062015 0.048343 0.056417 0.040936 0.008935 0.029270 0.079393 0.005415 0.000000 0.069633 0.023138 -0.002864 0.004487 0.081345 -0.004357 0.071994 -0.002959 0.042290 -0.002161 -0.067489 -0.008492 -0.050791 -0.007571 -0.029956 0.062319 -0.068343 0.001211 -0.084736 0.002896 0.064619 0.011714 0.001335 -0.062114 0.049903 0.088445 0.089767 0.065169 -0.092909 0.021007 -0.008852 -0.000696 -0.069633 0.003990 -0.020975 0.010379 -0.002297 0.014451 0.004845 -0.056019 0.000239 0.000000 -0.003763 0.024364 0.004167 0.058516 -0.003851 -0.000189 -0.074771 -0.062614 -0.003712 0.000395 -0.090678 
-0.017261 1148.242868 0.000000 0.017132 0.000000 -0.074571 0.006354 -0.035699 0.000000 0.000000 -0.035628 -0.042214 -0.073301 -0.048543 0.000429 0.007271 0.004470 -0.025876 -0.000484 0.044501 -0.000228 0.000000 0.000427 -0.014099 0.015412 0.057200 -0.053996 -0.001923 0.036892 0.000000 -0.003250 -0.003483 0.082090 0.002155 0.019248 0.064203 -0.002431 0.000000 -0.014382 -0.021552 0.010355 0.061092 0.062628 -0.013235 -0.023109 0.000846 -0.031985 0.002646 -0.050255 -0.022709 0.054258 0.041571 0.001119 0.071743 0.075287 0.037349 0.003518 0.038980 0.000000 0.064874 -0.022749 -0.036730 -0.017425 0.086974 0.000895 0.001179 -0.016228 -0.021579 0.000000 0.000000 0.095064 -0.007061 0.086120 -0.001983 0.011382 -0.013989 -0.090968 -0.035300 0.033200 -0.063197 0.023127 0.087780 0.054183 -0.096374 -0.026442 0.047662 0.000236 -0.087926 -0.001278 -0.003595 0.054029 -0.027002 -0.005473 0.058044 0.015816 0.042761 -0.092427 -0.067180 0.083120 -0.045035 -0.025966 0.013076 -0.088269 0.008284 0.009113 0.008167 0.016726 0.006973 0.034581 0.016514 -0.001025 0.024347 -0.028015 0.000819 0.001298 0.083214 0.009071 0.018735 0.023873 -0.002913 -0.086891 -0.011171 -0.005200 0.000885 0.097903 0.002394 -0.018676 0.057950 -0.031436 0.000000 0.013158 0.013343 -0.046452 0.002970 -0.036665 0.003763 0.000000 0.018404 0.033953 0.000000 -0.052483 0.000000 -0.005771 0.024795 0.001331 -0.002920 -0.071912 0.014224 0.000403 -0.007647 -0.008618 0.030574 0.000436 0.042346 -0.027878 0.015631 -0.015756 0.001323 -0.051921 -0.001903 -0.000308 0.061861 0.030968 -0.019858 0.008322 0.000000 -0.006282 -0.065839 -0.070038 -0.004224 -0.082364 0.077807 -0.002373 -0.000226 0.017354 0.005229 0.013293 -0.060475 0.001895 0.010137 0.010002 0.000000 -0.004852 -0.001219 0.006766 0.000000 -0.003225 0.001763 -0.015181 0.039165 0.036550 -0.020395 0.014973 -0.022750 0.056788 -0.011008 
-0.008229 0.000000 0.685020 -0.002242 0.026114 0.031693 0.030223 -0.092839 0.053948 0.029576 -0.009974 0.071344 0.042786 -0.080069 0.024909 0.000000 0.059844 0.058429 -0.054222 0.004283 -0.021156 -0.069267 0.095253 -0.034423 -0.088171 0.030956 0.028661 -0.033681 0.034319 -0.025984 0.050238 -0.015540 0.045206 0.008054 -0.010021 -0.021870 0.027573 -0.059188 0.009202 -0.024997 0.016597 0.001930 -0.021464 0.038534 -0.006223 -0.057579 -0.046306 0.004829 -0.009051 0.036180 0.011290 -0.049597 -0.035179 0.001530 -0.061685 -0.060257 0.010231 0.002691 0.023094 0.051558 0.053196 0.030303 -0.031556 -0.098544 -0.014601 0.008531 0.054176 -0.042094 -0.047952 0.014538 -0.045952 -0.004882 -0.044821 0.024684 0.003062 0.020241 0.026265 -0.019441 -0.082409 -0.038578 -0.046489 -0.066641 0.024740 0.041103 0.000884 0.030617 -0.078251 -0.007346 -0.011484 -0.045274 0.002801 -0.033100 -0.047118 -0.064074 0.003002 0.000101 0.028234 -0.083513 0.009267 0.001067 0.000000 0.014237 -0.018337 0.040160 -0.025990 0.060744 -0.007671 -0.025870 -0.049352 -0.046721 -0.012968 -0.005434 0.014565 0.077389 0.045080 -0.014713 0.006177 0.049273 0.030981 0.049683 0.019280 0.019424 0.002458 -0.013245 -0.031905 -0.076079 -0.025627 0.058708 -0.088005 0.016858 0.042754 -0.017901 -0.051245 0.077159 -0.005556 0.076543 0.013024 0.057893 0.036809 -0.010254 0.018788 -0.030401 -0.011421 0.010271 0.002770 -0.031450 0.029045 0.101615 0.003812 -0.067081 0.034551 0.063935 0.011518 0.020073 -0.016188 -0.010431 -0.019386 0.031265 0.004324 -0.041092 0.000000 0.058808 -0.025057 0.059269 0.000786 0.023145 -0.041804 0.065384 -0.083908 0.067630 -0.037033 0.057061 -0.073204 -0.001938 -0.025869 0.031347 -0.084071 0.054020 -0.012298 -0.056022 0.096870 0.005350 -0.017118 0.014281 -0.037527 0.004920 0.000683 0.051778 -0.053786 0.048119 0.016872 0.037749 -0.046418 -0.008545 0.069939 0.044585 
-0.005149 0.017132 -0.002242 0.242393 0.016037 0.044204 -0.026283 -0.028249 0.040321 -0.004450 0.054035 0.001566 -0.016195 -0.058185 0.008521 0.001642 0.011313 -0.000436 0.005748 0.034248 -0.041543 0.057233 -0.001973 -0.061214 0.013332 -0.009868 0.013332 0.087124 0.019178 0.068389 -0.035543 0.073185 -0.021368 0.075638 0.022911 -0.027541 0.023762 -0.004046 0.020056 0.020786 0.014518 -0.012983 0.014831 0.031647 -0.013646 -0.015062 -0.020547 -0.006230 0.046432 -0.091498 0.013598 -0.024559 0.014815 -0.036638 0.040354 0.016191 -0.009133 -0.054326 -0.080221 0.021583 -0.092234 0.005388 0.024387 0.013593 -0.027750 -0.040720 -0.015142 -0.022364 0.001910 -0.003805 0.058988 -0.007606 0.069032 -0.035550 -0.006978 -0.011866 -0.019244 -0.000886 0.076179 -0.019780 -0.026474 0.098641 0.053576 -0.036532 0.019768 0.017744 0.023013 0.034235 0.061592 -0.048210 0.007656 -0.079621 0.081766 0.038484 -0.064688 0.032283 0.025500 -0.009088 -0.025765 -0.022364 -0.004607 0.010120 0.020164 -0.085899 0.025181 0.080630 0.047407 -0.071406 -0.033658 0.019417 -0.070858 0.013238 -0.021735 -0.044211 -0.029988 0.002518 0.073430 0.017536 -0.003368 -0.012206 0.001900 -0.060081 -0.083094 -0.018447 -0.047048 0.004591 0.003753 0.024196 0.011773 0.011415 0.026601 0.080279 0.012713 -0.007003 -0.059775 0.001936 -0.022622 -0.010568 0.035833 0.036598 0.044923 -0.037188 0.002058 0.035209 0.030829 -0.040086 -0.051231 0.011064 0.003026 -0.021663 -0.087656 -0.047902 -0.032740 -0.088768 -0.021732 -0.013687 -0.075335 -0.034932 0.008141 -0.000173 0.057729 -0.038145 0.010001 -0.000828 -0.035960 -0.053971 -0.083267 -0.003832 0.003692 -0.015490 0.007438 0.082618 -0.001065 -0.038454 -0.009324 -0.007880 0.019654 -0.037001 0.039975 0.000183 0.077738 -0.012257 0.084221 0.000966 0.052844 0.011704 -0.007884 -0.059050 -0.026044 -0.013044 -0.092660 0.011138 -0.101622 0.022848 0.015409 0.013624 
0.000175 0.000000 0.026114 0.016037 849.641687 -0.014908 -0.021650 -0.039144 -0.008012 0.000000 -0.053228 0.001963 0.004899 -0.004095 0.038695 -0.004819 0.005129 -0.004933 0.057256 0.063433 -0.000486 0.060744 0.000736 0.013865 0.004674 0.013654 0.048850 -0.026863 0.056981 0.002869 0.051764 0.040649 -0.053212 0.009815 0.015191 -0.034243 0.000255 -0.000471 0.032010 0.074963 -0.005787 -0.011697 -0.077041 -0.027544 0.000147 0.040584 -0.005035 -0.005354 -0.001538 0.017105 -0.000469 0.031495 -0.001969 0.036210 0.041032 0.066396 0.045188 0.003325 0.095532 0.000000 0.019030 0.009707 0.004817 0.028899 -0.077209 -0.097918 -0.096159 0.011280 -0.023444 0.000000 0.026900 -0.021085 0.003762 -0.055272 -0.023864 0.005524 -0.063940 0.000649 0.016548 -0.082243 0.039956 0.000000 0.065851 -0.021921 -0.001866 0.000000 0.014906 0.022435 0.003003 -0.001294 -0.074885 -0.044689 0.006693 0.000000 -0.079367 -0.008029 0.006379 0.007195 0.090863 -0.000703 -0.072306 -0.020300 -0.084478 0.019706 -0.075830 0.013918 0.020385 0.016400 -0.043444 -0.095503 0.036560 -0.004127 -0.001685 0.000000 -0.002178 0.048803 0.008154 -0.018403 -0.001767 0.012468 -0.060469 0.000000 0.043590 0.000858 0.019171 0.030084 0.067638 0.006256 -0.006463 -0.001964 0.000000 0.023698 0.049600 -0.000911 -0.043254 0.002409 -0.000996 0.000000 -0.006745 0.090319 0.060363 0.025205 -0.035108 -0.018072 -0.028002 -0.003092 -0.015662 0.079378 -0.009194 -0.001190 0.032558 0.054541 0.042176 -0.009145 -0.037547 0.040478 -0.036158 -0.026387 -0.045894 -0.005778 -0.042695 -0.006335 0.000297 -0.001143 0.001721 -0.001029 -0.001762 -0.005186 -0.029104 -0.016105 0.036944 -0.001487 0.021170 -0.000742 -0.002810 -0.001691 0.000000 -0.008590 0.001376 0.000000 -0.044008 0.001627 0.003333 -0.000808 -0.007217 -0.000684 0.000000 -0.032786 -0.047671 -0.012714 0.000381 0.046810 -0.006923 -0.002822 0.000189 0.014000 
-0.042712 -0.074571 0.031693 0.044204 -0.014908 41.942447 -0.051788 0.010200 0.000000 -0.016240 -0.002316 0.002073 -0.000438 0.002193 0.025342 0.000000 -0.000348 0.064210 -0.008386 -0.001633 0.056147 0.000000 -0.035899 -0.009997 -0.001451 0.041885 0.081833 -0.016204 0.013804 0.043209 0.014351 -0.068420 0.087928 -0.000702 0.051859 0.030798 0.072482 0.022122 -0.005606 0.098844 0.022036 -0.000125 -0.008483 0.008361 -0.001940 0.001780 0.009931 0.015028 -0.000441 0.016835 0.012423 -0.032160 -0.000359 0.000638 0.060514 0.003138 -0.001681 -0.004557 -0.030515 -0.011579 0.037652 0.014156 -0.100372 0.002090 0.001300 -0.000809 -0.000475 -0.049243 -0.026915 0.020087 0.097558 0.017742 0.032849 0.067091 -0.022359 -0.028958 0.076308 0.038789 0.017463 0.014211 -0.023842 -0.010373 -0.000501 -0.043125 0.097464 0.022112 0.001017 0.048166 0.038255 -0.039572 -0.058016 -0.010675 -0.021869 -0.000972 0.025655 0.000000 0.040683 -0.008680 0.069477 0.009811 -0.004294 -0.037437 -0.078760 -0.021778 -0.042564 0.036898 -0.002746 -0.097010 0.001990 -0.002006 0.002002 -0.007914 0.047958 0.000000 -0.047776 -0.077422 0.031785 -0.009451 -0.055934 0.041363 0.034259 -0.039582 0.016599 -0.041947 0.031568 0.039087 -0.015443 -0.026553 -0.001604 -0.022480 0.039991 0.023658 0.019327 -0.003266 -0.069081 -0.001980 0.036585 0.011263 -0.013750 0.024345 0.009048 0.076324 -0.099138 0.000845 0.030785 -0.009214 0.061886 0.033059 0.016347 -0.003398 0.020540 -0.031523 -0.048243 -0.035365 -0.074065 -0.014200 -0.044025 0.000319 0.000000 -0.029483 -0.032142 0.000485 -0.035598 -0.034335 -0.000879 0.001698 0.000504 0.041675 -0.024682 0.006916 -0.013637 0.047054 0.080198 -0.000519 0.050273 0.001255 -0.001959 -0.049735 -0.037308 0.000000 -0.046589 -0.004914 0.037860 0.037706 -0.083394 -0.002795 -0.076206 0.091118 0.044313 -0.014325 0.015099 -0.021300 -0.028933 0.019624 0.081352 -0.035312 
0.086919 0.006354 0.030223 -0.026283 -0.021650 -0.051788 4.256320 -0.053857 -0.038676 -0.067271 0.006115 0.098330 0.097642 -0.050937 -0.074220 0.032450 -0.074346 -0.042832 -0.026921 0.000000 -0.080032 0.021600 -0.036919 -0.042987 -0.021220 0.007393 -0.019971 0.036437 0.005222 -0.001738 0.099642 -0.000203 -0.070449 -0.015903 -0.007488 -0.045705 -0.006665 -0.059552 0.037047 0.008988 -0.009339 0.012869 -0.019068 -0.052415 0.060354 -0.065294 0.037705 0.000000 -0.053373 0.029526 0.025483 0.087743 0.005504 -0.020608 0.011220 0.021771 0.016507 0.009284 0.031547 -0.015424 -0.082461 0.027232 -0.053932 0.074566 -0.082761 -0.098722 -0.023390 0.092933 0.000956 0.024224 -0.046401 -0.009331 0.005673 -0.072235 -0.054055 -0.047796 -0.013331 -0.035512 0.067693 0.008066 -0.047423 0.082713 -0.081730 0.081059 -0.011447 0.016643 0.042073 0.032469 -0.026465 -0.053639 -0.063634 -0.047645 0.038461 -0.008781 0.016003 0.005508 -0.008301 0.050533 0.020868 -0.062066 0.020874 -0.002949 0.000000 0.093032 0.058064 -0.014294 0.047470 -0.000314 -0.007966 -0.029751 -0.057834 -0.070044 0.053122 -0.001288 0.039408 0.017007 0.004643 0.005034 0.013275 0.043211 -0.022164 0.023978 -0.081240 0.051695 -0.001862 0.061213 0.022444 0.010112 0.012576 0.045576 -0.079866 0.001666 -0.029722 -0.051785 0.077138 0.076243 0.006178 -0.071811 0.005155 0.045669 -0.000392 0.028314 0.034070 -0.019762 -0.008215 0.016096 -0.060376 0.010258 -0.024780 0.040236 -0.027286 0.000720 0.025420 -0.019799 0.073766 0.055864 -0.027435 0.010627 -0.100402 -0.027824 0.011396 -0.098352 -0.001901 -0.052345 0.015490 0.024554 0.004546 0.064091 0.017354 -0.042436 0.032252 0.005042 -0.056918 0.021261 0.019199 -0.067474 -0.006470 0.075600 -0.047292 -0.033446 -0.040996 0.067440 -0.047591 0.019400 0.001746 -0.011616 -0.026123 -0.034063 -0.005944 0.032070 -0.021182 -0.073156 0.072252 0.039413 0.006968 -0.001941 
-0.047901 -0.035699 -0.092839 -0.028249 -0.039144 0.010200 -0.053857 0.162847 0.022411 0.002874 0.068137 -0.079317 0.017007 -0.072416 -0.024495 0.000000 -0.012578 -0.023791 -0.004024 0.027599 -0.067385 0.031304 -0.052063 0.011984 0.006065 0.024302 -0.020128 -0.033342 0.020533 0.002240 -0.009754 0.002111 -0.028775 -0.004391 0.000128 -0.001948 -0.039275 -0.095402 -0.067069 -0.009426 -0.016613 -0.016664 -0.015166 0.054910 0.022830 -0.022430 0.012577 0.030648 0.013537 0.007773 -0.068651 0.027424 -0.041664 0.011694 -0.002057 -0.030707 0.000223 0.029173 0.044414 0.015653 0.009015 0.012928 -0.029585 0.031724 -0.027178 -0.017197 0.026911 0.025877 -0.077657 -0.010782 0.013101 -0.007454 -0.025481 0.029876 -0.014728 0.016480 -0.017934 -0.015241 -0.042448 -0.050294 0.002908 0.008064 -0.019470 -0.035965 0.068484 0.039421 -0.086948 0.015229 -0.000426 -0.076272 -0.075863 0.064127 0.063143 -0.017875 -0.010658 -0.011071 0.065115 0.017639 -0.030847 -0.009506 0.007598 -0.062387 -0.073477 -0.019921 0.011831 0.063455 0.022139 0.006472 -0.009867 0.002608 -0.047469 0.008297 0.053580 -0.032893 -0.015561 0.050135 -0.026419 -0.037902 -0.001413 -0.010983 -0.027465 -0.074743 -0.015485 0.008284 -0.010041 0.064107 0.000302 0.014552 0.052285 -0.012265 -0.054357 0.044950 -0.015245 0.019092 0.009955 0.072960 0.078850 0.066652 0.025503 -0.029776 -0.097626 0.003718 -0.014631 0.017045 0.010875 0.066380 0.003274 0.035485 0.004038 0.007783 0.010697 -0.001004 -0.009618 0.004758 -0.003641 0.025024 0.100513 0.029314 -0.005679 0.008682 0.043896 0.024523 0.088682 -0.008399 -0.002360 -0.022267 -0.058408 0.025114 -0.018126 -0.019739 -0.098524 -0.005532 -0.014731 0.046240 0.025304 -0.033997 0.045989 -0.014660 0.011022 0.016134 -0.001239 -0.101679 0.031486 0.017072 -0.005694 -0.034400 0.009329 -0.053395 -0.003716 -0.095464 0.006935 -0.005627 0.078954 0.003277 -0.100370 -0.020127 
0.000000 0.000000 0.053948 0.040321 -0.008012 0.000000 -0.038676 0.022411 8626.305574 0.000000 0.083600 -0.029504 0.000000 0.000883 0.001144 0.064614 -0.016912 -0.053673 0.001086 -0.001384 -0.085808 0.000000 -0.028364 -0.005385 0.019070 -0.001204 0.007303 -0.022362 0.086996 0.000000 0.002479 -0.000251 -0.063025 0.026662 -0.017800 0.049177 0.000000 0.000342 -0.048995 0.066523 0.004147 -0.040364 0.016944 0.044574 0.019769 -0.009410 -0.007441 0.026458 0.005606 -0.065595 -0.020071 -0.047291 0.033751 0.000000 0.013004 -0.088118 0.000000 -0.026648 -0.034871 0.000000 0.002658 0.011767 0.016410 -0.026109 0.002181 0.061507 0.000307 0.006166 0.000281 0.045241 0.044284 0.050253 0.022013 0.000000 0.009292 -0.090812 -0.000347 -0.004700 -0.045819 -0.013140 -0.101016 0.000000 0.007494 0.006553 0.016230 0.007863 0.021451 0.000502 -0.001026 0.000000 -0.001093 0.008570 -0.018560 0.035095 -0.000472 0.019658 0.007730 0.003002 -0.025796 0.088905 0.004807 -0.091641 0.040751 0.011439 0.000000 0.056333 -0.005481 0.026180 -0.000290 -0.006429 0.069478 -0.072673 -0.000824 -0.047903 -0.075851 -0.078985 0.000362 0.000000 -0.038145 -0.017684 -0.061943 -0.093503 -0.010922 0.011593 -0.096890 -0.018322 -0.053141 -0.013799 -0.016823 0.000991 0.015278 0.000799 0.001248 -0.005801 -0.032494 -0.020025 0.000225 -0.000879 -0.033682 0.019036 -0.015395 -0.000660 0.078282 0.036799 -0.001362 -0.003826 0.000000 0.008941 0.016096 -0.004042 0.013265 -0.065580 0.005121 -0.027887 -0.026044 -0.013494 -0.057800 0.002013 -0.025895 -0.037088 0.020269 -0.003129 0.014353 -0.058930 -0.002918 0.000280 -0.070046 0.037573 0.062420 0.006859 0.067633 0.013528 0.000000 -0.033084 0.000000 0.000436 0.036536 0.000000 -0.035263 0.006420 0.008053 0.000443 -0.016345 0.002569 0.004460 -0.054895 -0.001567 -0.012719 0.021210 -0.023323 0.044565 -0.005178 -0.071913 -0.039683 -0.000176 0.003727 
0.012219 0.000000 0.029576 -0.004450 0.000000 -0.016240 -0.067271 0.002874 0.000000 258.595389 -0.025565 -0.000567 -0.000280 -0.002928 0.000798 -0.002165 -0.000589 0.001579 0.031462 0.000293 0.002290 -0.072992 0.002808 0.004238 0.015208 -0.001617 0.044924 0.034463 0.016537 0.003279 0.007004 0.000330 -0.058115 0.000000 0.072738 0.088487 -0.016678 0.031601 0.006442 -0.092488 -0.006061 -0.000163 -0.012341 -0.056130 -0.099681 -0.008046 0.034569 0.016403 -0.011416 -0.001861 0.059254 -0.052278 -0.089531 -0.033792 -0.007876 -0.002319 0.000000 0.007593 -0.016276 0.092923 0.000319 0.015465 0.094729 0.008081 0.008893 0.074979 -0.098593 0.027127 -0.004772 0.020709 0.004859 0.057951 -0.001519 -0.041264 -0.011171 0.010661 0.043602 0.032443 -0.024502 0.031843 -0.087583 0.000000 0.000989 0.039943 0.029216 -0.000240 -0.035548 0.012999 -0.063155 -0.000340 -0.017611 -0.082890 0.004648 0.046518 -0.003449 -0.023503 -0.030957 0.000835 0.043741 0.089388 0.009380 0.049040 0.047347 0.019330 -0.007207 -0.006682 -0.023605 0.063898 0.000573 0.001461 0.044908 0.036687 -0.014512 0.000000 0.040166 -0.069798 -0.001978 -0.004693 0.001307 -0.046811 0.099471 0.021983 0.066895 -0.032406 0.073432 -0.010516 -0.065096 -0.088896 -0.056961 0.025398 -0.002025 0.073604 0.080164 0.021572 -0.066084 0.036969 -0.025499 0.036605 -0.040813 -0.030306 0.067452 0.025940 -0.018736 0.020411 -0.032590 0.001432 -0.032146 -0.049710 0.011861 0.028667 -0.030610 -0.002928 0.068015 0.057766 -0.018180 -0.001821 0.015812 0.016113 0.038729 -0.012864 -0.010378 -0.000339 -0.036849 0.008519 0.027719 0.002870 0.059113 0.006639 -0.007927 -0.000622 -0.010638 0.001548 0.088374 0.002021 0.027509 0.048601 -0.002764 0.011848 0.022149 0.059441 -0.004176 -0.027419 0.000238 0.015731 -0.039943 0.000000 -0.029745 0.020124 0.002958 0.019250 -0.082138 0.002338 -0.088560 -0.081037 0.000143 0.001059 
-0.029783 -0.035628 -0.009974 0.054035 -0.053228 -0.002316 0.006115 0.068137 0.083600 -0.025565 1.706051 -0.018501 0.003794 0.019886 -0.022450 0.035376 0.000860 -0.075125 0.002884 0.049862 -0.054989 -0.012280 -0.000584 0.050473 -0.017866 0.009640 -0.085275 -0.009890 -0.005831 0.049578 -0.022954 -0.091282 -0.073866 0.026445 -0.009191 -0.012476 -0.011419 0.000251 -0.020895 -0.055014 -0.026647 -0.036559 0.008689 0.003891 0.052129 -0.030092 0.054813 -0.032159 0.001158 0.079019 0.074048 0.065327 -0.047020 0.035934 -0.001110 -0.011389 -0.006095 0.008935 0.017586 -0.037588 0.036854 0.000125 -0.038630 0.053211 -0.020218 0.015072 0.074664 -0.044008 -0.020479 0.005019 0.032284 -0.047980 -0.016607 0.074232 0.069344 0.033214 -0.078923 -0.031253 0.007813 0.063563 0.010718 0.029073 0.048373 -0.023020 -0.004766 -0.043142 -0.000662 -0.089514 -0.042788 0.049580 0.008314 -0.012056 -0.019521 0.057437 0.009628 -0.022533 0.100941 -0.038614 0.056648 -0.066778 0.011705 0.026432 0.042136 -0.023608 0.094009 -0.085772 0.031833 0.026990 0.057081 0.052763 0.046392 0.067898 -0.033101 0.090787 0.042829 0.059933 0.013982 0.009144 -0.015720 0.000582 -0.003877 -0.075834 0.018004 -0.022634 -0.003321 -0.023516 0.039319 0.063253 -0.023599 0.065911 -0.000798 0.054924 -0.082618 -0.035489 -0.005789 0.048979 0.062023 -0.012626 -0.032003 -0.020418 -0.012483 -0.022993 -0.038812 -0.050606 -0.019137 0.023129 0.019620 -0.048065 0.063487 -0.032359 0.013371 0.004416 -0.034459 0.002627 -0.088604 0.020149 -0.036165 -0.045178 0.025067 0.009513 -0.037110 -0.047250 0.024393 -0.065014 0.053028 -0.037736 0.032478 -0.009477 -0.013865 0.006635 0.027654 0.030085 0.020531 -0.074724 -0.012392 0.014112 -0.097697 -0.022537 -0.052213 -0.037876 -0.007190 0.026334 -0.057102 -0.037395 0.028434 -0.069453 -0.058584 0.000000 -0.030316 -0.010433 0.037797 -0.053007 -0.096662 -0.038390 -0.094424 -0.083176 
-0.011208 -0.042214 0.071344 0.001566 0.001963 0.002073 0.098330 -0.079317 -0.029504 -0.000567 -0.018501 19.349719 0.003012 0.025324 0.091522 0.002342 -0.002439 -0.000842 -0.003026 0.004268 -0.001859 0.001750 -0.045942 -0.015149 -0.002308 -0.006071 0.063326 0.081822 0.061184 0.004222 0.053324 -0.007775 0.008731 0.005363 -0.011053 -0.047124 0.000000 0.000000 0.038132 -0.030023 -0.092515 0.004998 -0.024827 0.026894 -0.035618 -0.007385 -0.062814 -0.002438 0.054750 -0.091078 0.001321 0.007336 0.005895 0.050288 0.033283 -0.006197 -0.007123 0.002990 -0.001236 -0.038919 -0.031059 0.010318 -0.088528 0.040669 -0.021113 -0.001573 0.102063 0.032047 -0.032885 0.036825 -0.032061 -0.092119 -0.001304 0.017577 0.079362 0.042955 -0.000831 0.000262 0.031643 0.022262 0.001339 -0.002764 -0.082548 0.002986 -0.006315 -0.062731 0.050424 0.010016 -0.000945 -0.005490 0.033598 -0.006525 0.003120 0.047947 0.026929 0.038293 -0.064193 0.074652 -0.029721 0.027309 -0.042726 0.009926 0.051001 -0.020916 -0.005747 0.001247 -0.010029 -0.050162 0.003350 -0.067391 0.016815 0.032581 0.018860 0.002373 0.066321 0.028657 -0.007214 0.075367 -0.074572 0.053406 -0.041001 -0.001986 0.027996 -0.004004 -0.011771 -0.030557 0.037543 -0.065308 0.007476 -0.008425 0.063709 0.001421 0.006030 -0.024932 0.084084 -0.080378 -0.021081 -0.002594 0.010123 -0.007668 0.006854 -0.003391 -0.051270 -0.007805 -0.014321 -0.002955 -0.015060 -0.085642 0.075142 0.000923 0.058212 0.022538 -0.026798 -0.003917 0.019049 0.006070 0.004934 -0.061215 -0.022478 -0.000409 -0.004432 0.042443 -0.030321 0.004435 -0.035883 0.099435 -0.028977 -0.060218 0.064030 -0.003595 -0.067950 -0.007601 0.002601 -0.025279 0.077901 0.095320 -0.067632 0.017918 -0.006437 -0.068269 0.028920 -0.015574 0.001147 -0.081358 -0.037640 0.001742 0.018144 -0.005547 -0.006280 0.000781 0.000466 -0.079805 -0.002656 0.032174 0.000321 -0.084687 
-0.021934 -0.073301 0.042786 -0.016195 0.004899 -0.000438 0.097642 0.017007 0.000000 -0.000280 0.003794 0.003012 2118.423690 0.000000 -0.002136 -0.053394 0.000736 0.001390 -0.049300 0.047818 0.030305 0.000000 0.084186 0.007165 -0.000329 0.000000 -0.025188 0.000000 -0.012741 0.000000 -0.099021 -0.024157 -0.036822 0.019069 -0.018246 -0.033897 -0.003892 0.000000 0.033032 -0.021008 0.016939 0.039835 0.013731 0.048536 -0.000934 0.014775 -0.000131 -0.097713 0.020154 -0.030419 0.002130 0.049873 0.000000 0.000000 0.027281 0.023454 0.018082 0.000000 -0.000126 -0.086579 0.027517 -0.008629 -0.006793 0.016997 -0.007033 0.000000 0.000910 0.090261 -0.000282 0.004105 0.025920 0.061326 -0.000989 -0.074800 -0.028022 0.043092 0.067749 -0.071318 -0.005641 0.055765 -0.003614 0.000000 0.002721 0.026085 0.005043 -0.000304 0.067198 0.056466 -0.011353 0.026149 -0.056839 -0.015564 0.001245 0.040836 -0.002250 0.043254 0.000000 0.000000 0.007784 0.006598 -0.052792 -0.083385 -0.005713 0.070656 -0.050276 0.014339 -0.003902 -0.083508 -0.003693 0.006410 0.051158 -0.003216 0.016611 0.089330 -0.001022 -0.022546 0.005181 0.008599 0.016146 -0.054235 0.005063 0.001933 -0.001018 -0.073318 0.033641 -0.004825 -0.005095 0.027580 -0.001450 0.000000 0.080167 -0.055631 -0.044704 -0.012364 0.060723 -0.060603 0.002227 0.001824 0.070814 0.000000 0.005871 -0.021957 -0.041114 -0.029768 0.007192 0.049382 0.043975 -0.076452 -0.000197 -0.003380 0.075981 0.054818 -0.042232 -0.044747 0.058531 -0.056412 0.030897 0.000000 -0.054680 -0.008527 -0.058845 -0.001320 -0.063893 -0.099832 0.000000 0.005325 -0.037103 0.053154 -0.011975 -0.100498 0.049496 -0.012453 -0.026915 0.006296 -0.011837 0.000960 0.012400 0.000000 -0.073573 -0.089848 0.035949 0.000000 -0.005524 -0.001403 -0.002027 -0.002351 0.000000 -0.006726 0.051524 0.000293 0.000400 -0.031011 -0.043620 0.000000 0.026048 0.001062 
-0.000951 -0.048543 -0.080069 -0.058185 -0.004095 0.002193 -0.050937 -0.072416 0.000883 -0.002928 0.019886 0.025324 0.000000 722.788297 0.007235 0.082249 0.000000 0.000423 -0.035213 -0.008521 0.038270 -0.000438 0.008934 0.039459 -0.006594 0.000000 -0.080801 0.032411 0.083518 -0.024770 -0.008926 -0.036253 0.027124 -0.012688 -0.036125 0.011648 -0.001813 -0.044384 0.072158 -0.029184 0.002267 0.000138 -0.056607 0.080097 0.024869 0.000000 -0.044264 0.001110 0.004962 0.001807 -0.006858 0.013119 0.077168 0.001823 -0.007795 -0.001752 0.000000 -0.003372 0.080010 0.000472 0.018018 -0.038685 0.016168 0.006903 0.001067 0.064802 0.035060 0.008315 0.099988 0.009734 0.064643 -0.069597 0.054637 -0.049863 0.022954 -0.036078 0.000000 -0.028418 0.007304 0.017646 0.032373 0.000000 -0.034729 0.094211 -0.034278 -0.015156 -0.039200 -0.022193 0.000000 0.000574 -0.080339 0.069044 -0.003310 -0.006603 -0.001163 0.049256 0.038540 -0.009811 0.011221 -0.032302 -0.045576 0.009535 0.024304 0.000000 0.078982 -0.011513 0.096257 0.004100 -0.000950 -0.084878 -0.043523 0.001759 -0.031919 0.000000 0.096835 -0.022554 0.000418 0.000152 -0.046227 0.050379 0.021948 -0.008638 -0.041051 -0.057029 0.024688 -0.064710 -0.003959 0.018902 0.067785 0.000000 -0.052182 -0.007814 -0.019058 -0.006660 -0.035542 0.000849 -0.003622 0.009251 -0.080027 -0.003957 0.082329 0.004666 -0.002562 0.077781 -0.026600 0.004165 -0.029211 -0.084852 0.042697 0.014042 0.015645 0.029501 0.007289 -0.043976 0.030141 -0.014721 -0.012895 0.012613 -0.027368 0.000803 -0.068477 0.002660 -0.010457 0.006703 0.083767 -0.039006 -0.056873 -0.003272 0.010341 -0.001689 0.073950 -0.083806 0.036303 -0.003469 -0.000835 -0.008394 -0.001032 0.000000 -0.023157 -0.061611 -0.002631 0.000422 -0.033862 0.004252 -0.077153 -0.001163 0.000000 -0.007446 0.000777 -0.018697 -0.006769 0.009368 0.102054 -0.000315 0.000000 0.003547 
-0.000136 0.000429 0.024909 0.008521 0.038695 0.025342 -0.074220 -0.024495 0.001144 0.000798 -0.022450 0.091522 -0.002136 0.007235 68.545494 0.021057 -0.069952 0.054394 -0.068028 -0.004399 0.003861 -0.001300 0.000322 -0.032232 -0.000160 0.091550 -0.053051 0.047098 -0.010938 0.002720 -0.001239 0.008651 -0.006935 -0.090707 -0.098260 -0.003315 -0.019165 0.006148 -0.007971 -0.048957 0.002943 0.029873 -0.014128 -0.025079 0.018420 -0.005528 -0.005302 -0.006543 0.014555 -0.005656 -0.001503 0.047609 -0.100272 -0.001955 0.006006 0.034937 -0.000662 -0.024871 0.030933 0.004642 0.005280 -0.009669 0.004681 0.012203 0.005806 0.067594 -0.000727 0.000473 -0.000127 -0.005695 -0.015039 0.032416 -0.016378 -0.085771 -0.012813 0.092416 -0.066687 -0.000384 0.009385 -0.018344 0.000657 -0.097244 0.058517 0.090511 0.003463 -0.030742 -0.014367 -0.051726 -0.065274 -0.004059 -0.024404 0.028237 0.048664 -0.000357 -0.001802 -0.045373 -0.099213 0.006407 -0.000469 0.018399 -0.000162 0.021930 0.004885 -0.036935 0.042126 -0.021966 0.010689 -0.040727 -0.029569 0.058674 0.016493 0.005278 -0.009984 -0.019788 -0.000344 0.021378 0.030005 0.001284 -0.029852 0.031253 -0.024622 -0.003888 -0.051453 0.000000 0.036384 -0.002092 -0.001635 -0.003812 -0.007725 0.009394 0.092249 -0.011364 0.078799 -0.017421 -0.053097 0.038211 -0.003133 0.000000 -0.005841 0.007946 0.057922 0.005110 0.086716 0.028053 -0.080219 0.000000 0.027584 -0.020927 0.050679 -0.014867 0.017361 0.000363 -0.001295 0.062390 0.023294 0.022474 -0.034227 -0.017021 -0.080906 0.081783 -0.066872 -0.053540 0.025491 0.018787 0.000000 0.039175 0.046728 0.057825 0.019539 0.013349 0.060649 0.084059 -0.066220 -0.063174 -0.001793 -0.070228 -0.053525 0.000000 0.050362 -0.010095 0.004351 0.001837 -0.053964 0.000985 -0.100983 -0.028086 0.060910 0.026695 -0.001956 0.000000 -0.000629 -0.006827 -0.001970 0.043517 -0.046331 0.000000 
0.005673 0.007271 0.000000 0.001642 -0.004819 0.000000 0.032450 0.000000 0.064614 -0.002165 0.035376 0.002342 -0.053394 0.082249 0.021057 36.420046 -0.006180 -0.024517 -0.046713 -0.004495 -0.017660 0.037240 -0.002568 0.008862 0.009119 0.009133 -0.032193 -0.031751 0.006615 -0.007345 0.000000 -0.001285 0.024981 0.001880 -0.022508 0.008225 -0.003726 0.039876 -0.013036 -0.018534 0.040568 -0.037235 0.028997 0.018938 -0.000646 -0.074644 0.000133 0.016119 -0.055963 -0.027480 -0.016188 0.004738 -0.079165 0.007797 -0.013737 -0.035126 -0.094305 -0.001333 0.029302 0.003312 -0.012011 0.006350 -0.065551 -0.050638 -0.098208 0.092435 -0.065476 0.006578 0.062972 0.017770 0.026254 0.024834 -0.039816 0.004650 0.003077 -0.025710 0.045611 -0.025840 0.052816 0.006422 -0.018551 0.000349 0.061556 0.001148 0.029143 -0.054260 0.011157 0.062372 0.001202 -0.079273 -0.001823 -0.096129 -0.041443 -0.011539 0.042267 -0.064304 0.006536 -0.006050 -0.055504 0.025022 -0.001355 0.066977 -0.010278 -0.019083 0.082038 -0.003888 0.018573 0.021073 0.062431 0.001340 0.003154 0.074296 0.011111 0.000122 0.026123 0.100660 0.001675 0.007428 0.055424 -0.001872 -0.081497 0.000000 0.066882 -0.040599 0.027464 -0.035065 0.000638 -0.013999 -0.067980 -0.006256 -0.017249 -0.003544 -0.071750 0.086609 0.026800 0.001168 0.005848 0.000771 -0.047771 0.002540 -0.083596 0.000713 -0.087692 -0.066532 -0.042416 -0.002365 -0.068433 -0.057898 -0.004726 0.015886 0.027155 0.028961 0.042477 -0.012988 -0.000268 0.055696 0.004599 0.071621 -0.062102 -0.006881 0.046921 -0.000169 -0.005344 -0.003376 0.007512 -0.025243 -0.037883 0.060605 -0.031023 -0.007011 -0.005472 -0.093676 0.088773 0.005115 -0.027264 0.014067 -0.011245 -0.011121 0.021756 0.046392 -0.010617 -0.005030 0.001697 0.028290 -0.018486 0.003769 -0.007739 0.038637 -0.078290 -0.017129 -0.006673 -0.002162 -0.001747 0.066640 0.000579 -0.004920 
0.000370 0.004470 0.059844 0.011313 0.005129 -0.000348 -0.074346 -0.012578 -0.016912 -0.000589 0.000860 -0.002439 0.000736 0.000000 -0.069952 -0.006180 377.544728 -0.007980 -0.099153 -0.002243 -0.038758 0.000000 -0.002721 -0.038412 -0.000357 0.001023 -0.076350 -0.000218 -0.056282 0.032554 -0.027563 -0.090235 -0.013049 -0.007123 -0.048906 0.015748 -0.004766 0.048073 0.039064 0.034525 -0.038681 0.090196 -0.092560 -0.011741 -0.029990 0.000773 -0.009828 0.081226 -0.001903 0.013833 -0.031296 -0.004009 -0.027062 -0.041405 -0.000950 -0.023688 0.000000 0.000179 -0.034750 0.051738 0.005618 -0.014856 0.005786 0.004802 0.000000 -0.049258 -0.004022 -0.006467 0.000000 -0.017443 -0.021765 0.046760 -0.043848 0.000000 -0.101234 -0.010083 0.009991 0.070236 -0.025839 -0.057877 -0.012937 0.000126 0.000392 -0.051666 -0.000995 -0.005140 0.041286 0.082994 0.001022 0.043142 -0.003621 0.017676 0.014148 0.038982 -0.037865 0.020110 -0.045369 0.000000 0.011720 0.040886 0.069225 0.013884 -0.091771 0.030744 0.076543 0.000000 0.079657 0.083436 -0.009585 0.029572 0.024403 -0.010422 0.043806 0.000000 -0.036098 -0.045841 -0.001865 -0.002890 -0.034239 -0.013290 0.000194 -0.013779 -0.061770 0.024619 0.092976 -0.003429 0.001536 -0.000214 -0.012390 -0.000753 -0.066951 -0.034150 0.065058 0.056406 0.023757 -0.000445 0.000000 -0.005441 0.068213 0.001967 -0.026040 -0.024607 -0.011604 -0.060970 0.002261 0.000000 0.099390 0.031393 0.098239 -0.008231 0.001254 0.017846 -0.052403 -0.069059 0.024375 0.042301 -0.038457 -0.015002 -0.002182 -0.046535 0.003687 0.008842 0.000883 0.019658 -0.035829 -0.072861 -0.013313 0.022897 0.004925 0.004066 0.041675 0.063785 0.098414 -0.029399 -0.022233 -0.086939 0.000695 -0.011083 0.001933 -0.006972 0.032912 0.099448 0.013089 -0.035508 -0.006132 0.023918 -0.000518 -0.078180 -0.051620 0.000738 0.002052 -0.006928 0.054795 0.000251 -0.002538 -0.022397 
0.000583 -0.025876 0.058429 -0.000436 -0.004933 0.064210 -0.042832 -0.023791 -0.053673 0.001579 -0.075125 -0.000842 0.001390 0.000423 0.054394 -0.024517 -0.007980 32.423437 0.000931 0.095834 0.000941 -0.075390 0.024167 -0.022539 -0.092757 -0.044810 -0.062223 0.002273 0.062410 -0.001926 -0.002907 0.001962 -0.063638 0.001038 -0.000929 0.073690 0.031405 -0.006461 0.072945 -0.022369 -0.061184 0.000913 0.035388 0.057666 -0.087582 -0.101882 0.004096 0.008216 0.015208 0.043897 -0.006960 0.006299 0.015109 -0.011360 0.064113 0.002507 0.037060 -0.007522 -0.051161 0.009116 -0.032529 -0.074327 -0.018432 0.070620 -0.000379 0.074476 0.013116 0.015101 -0.043456 -0.000116 0.000000 -0.034577 -0.065529 -0.064320 0.012717 -0.009125 0.000528 -0.000411 0.068087 -0.061481 0.036293 -0.015473 0.002034 -0.027020 0.011183 0.002849 -0.038404 0.047679 0.015445 -0.029756 -0.037506 0.011859 0.021940 0.007476 0.001024 -0.077313 -0.062389 -0.029763 0.025912 -0.031948 0.015411 0.076160 0.046948 -0.052555 0.005858 -0.009339 -0.036785 -0.000220 0.000000 -0.007066 -0.019438 -0.000186 0.015462 -0.000245 0.051118 -0.065053 0.002458 -0.036560 0.044300 -0.023764 0.000000 -0.021541 0.000000 -0.002314 -0.010317 0.044671 -0.052108 0.048726 -0.002238 0.065587 0.037193 -0.055590 -0.004876 0.033646 0.079419 0.057152 -0.001479 -0.048060 0.092140 0.040930 0.065974 0.050785 0.001376 0.022836 0.021513 -0.015017 0.010764 0.027064 0.032978 0.006625 0.033575 0.006518 -0.055602 0.045520 -0.020926 -0.005543 -0.004861 0.014999 -0.058128 -0.048123 -0.008433 0.000477 -0.009439 0.012951 0.022997 -0.015407 -0.034991 -0.073968 -0.070983 0.072169 -0.026403 0.082158 -0.015181 0.034097 0.005702 0.001492 0.008919 0.019398 -0.004875 0.091211 0.092187 0.005804 0.007001 -0.078101 0.000117 -0.009450 0.056107 0.028154 0.044802 -0.015569 -0.052840 -0.007534 0.000812 -0.039731 0.002912 -0.010023 
-0.010596 -0.000484 -0.054222 0.005748 0.057256 -0.008386 -0.026921 -0.004024 0.001086 0.031462 0.002884 -0.003026 -0.049300 -0.035213 -0.068028 -0.046713 -0.099153 0.000931 167.028525 -0.013729 0.000313 0.000000 0.006176 0.006356 -0.090986 0.001572 0.007469 0.057503 -0.022200 -0.039393 0.003232 0.081452 -0.013614 -0.014689 0.024085 -0.006951 0.078108 -0.000736 0.017356 0.094228 0.000000 0.000189 0.009652 0.013892 0.054574 -0.000439 -0.100201 -0.037429 -0.096380 -0.030848 0.038055 -0.003530 0.004279 -0.004125 -0.023846 -0.003345 0.001190 0.079743 -0.050884 -0.046851 0.004721 0.005729 0.003839 0.014637 -0.004885 0.001965 -0.015180 0.000774 0.000000 0.001346 -0.099886 -0.003441 0.011201 0.028666 0.026893 -0.004879 0.050941 -0.099212 -0.057728 -0.047109 -0.099127 0.000000 0.061075 -0.053312 -0.012978 -0.002925 0.013823 0.005390 0.000846 -0.059791 -0.007703 -0.015013 0.001850 -0.052616 0.009608 0.011750 -0.001241 -0.089733 0.004776 0.083834 0.003326 -0.004433 0.101901 0.091552 -0.011845 -0.021804 -0.016783 -0.022182 0.023895 -0.008576 0.024109 -0.044025 0.044785 -0.050327 0.083504 0.017417 0.000151 0.000000 -0.007546 -0.032562 0.048605 -0.022626 -0.032113 -0.014718 0.027411 -0.026075 0.039836 -0.063510 -0.028839 0.033639 -0.053056 -0.046919 0.005588 -0.014645 -0.025464 0.033546 -0.000987 -0.000922 -0.002877 -0.011721 0.015804 0.010037 0.025590 -0.040954 0.016876 0.000000 0.082261 -0.081222 0.064246 0.002380 -0.011091 -0.004372 0.020667 0.027007 -0.042250 -0.021199 -0.085360 0.073492 0.073414 -0.003221 0.012710 0.004148 -0.016980 0.045664 0.000000 0.003150 0.011097 -0.090006 0.080091 0.003556 -0.041870 0.032875 -0.063443 -0.005491 0.026711 -0.045397 0.007988 0.000000 0.006385 -0.001754 -0.067518 -0.012341 -0.001210 -0.000310 0.068453 0.013721 0.000572 0.019392 -0.095657 0.025485 -0.000731 0.006861 0.033067 -0.014811 -0.041258 0.000779 
0.002029 0.044501 0.004283 0.034248 0.063433 -0.001633 0.000000 0.027599 -0.001384 0.000293 0.049862 0.004268 0.047818 -0.008521 -0.004399 -0.004495 -0.002243 0.095834 -0.013729 28.926530 0.006323 0.064298 0.000794 0.035658 0.008421 0.090576 0.049334 0.012971 0.074383 0.045837 0.027300 0.011952 0.012688 -0.001419 0.031463 0.008389 -0.000718 0.077853 -0.028861 -0.020580 -0.078074 -0.010877 -0.033722 0.056478 -0.086504 -0.098476 -0.002374 0.019180 -0.013061 0.002785 -0.022459 -0.065442 0.007238 -0.064425 -0.001518 -0.071141 0.096701 0.000625 -0.000437 0.018592 0.000000 -0.007188 -0.055632 0.050247 0.020102 -0.030825 -0.017367 -0.009803 -0.004501 -0.028091 0.091872 0.067528 0.059797 -0.050071 -0.055600 -0.035418 -0.049779 0.012332 -0.084092 0.008856 -0.048832 0.060773 0.016137 0.026375 -0.037832 -0.001763 0.052787 0.044101 0.007393 0.011166 0.017061 0.070367 0.000000 -0.002496 0.009294 -0.005250 0.091552 0.005253 -0.088561 0.037017 0.034828 -0.039177 -0.033476 0.007227 0.053365 0.037253 -0.024236 0.088193 0.008322 -0.000764 0.006569 -0.054693 -0.072842 0.060481 0.005888 -0.101676 -0.009403 0.000984 0.091199 -0.044333 0.065116 0.005011 -0.000376 -0.062794 0.099819 -0.006059 0.006074 0.060512 -0.000230 0.004052 0.070729 -0.008320 0.021625 -0.003646 0.048208 0.008265 -0.095528 -0.030250 -0.006968 0.011956 0.008454 -0.002041 0.057231 -0.017439 0.009080 -0.017211 -0.047251 0.014962 0.002953 -0.010325 -0.017267 -0.000600 0.001391 0.013926 -0.031510 -0.043200 0.029932 -0.003827 0.002427 -0.003371 0.001682 0.023098 0.016162 -0.057254 0.040729 0.024431 -0.041241 -0.101946 0.005217 0.005259 0.043360 0.042958 -0.087838 0.000000 0.018165 -0.038137 -0.004431 -0.001803 0.024720 -0.040008 0.083519 -0.018970 0.084531 -0.003261 0.035786 0.010981 0.010222 -0.066671 0.024002 -0.012843 0.005593 -0.045373 -0.000202 -0.016006 -0.016574 0.003335 
-0.000509 -0.000228 -0.021156 -0.041543 -0.000486 0.056147 -0.080032 -0.067385 -0.085808 0.002290 -0.054989 -0.001859 0.030305 0.038270 0.003861 -0.017660 -0.038758 0.000941 0.000313 0.006323 119.206346 -0.000174 -0.001734 -0.076810 -0.021371 -0.037255 -0.010644 -0.013209 -0.035945 0.023711 0.000744 0.008095 -0.064583 -0.003986 -0.021655 -0.079674 0.000000 0.000348 -0.090046 0.056200 0.006280 -0.000298 0.000000 0.007320 0.026458 0.000000 0.025439 0.025149 0.002355 -0.012221 -0.025530 -0.079071 -0.031346 0.000533 -0.003133 -0.096309 -0.047795 -0.000517 0.006897 -0.053666 0.031498 -0.092637 0.022595 0.025468 0.000000 -0.078877 0.049969 -0.048158 0.000000 0.000280 -0.014816 0.025659 -0.020150 0.029241 0.041582 0.025013 -0.060171 0.038425 0.075484 -0.051482 -0.004266 -0.000459 0.019005 -0.014153 0.000318 -0.034404 -0.065276 -0.059420 -0.032055 -0.003809 -0.038261 0.001510 0.002073 0.024552 0.023696 0.073022 -0.015293 0.000376 -0.068004 0.083023 -0.045833 -0.062927 0.013500 -0.023702 0.060345 0.073706 0.025450 -0.048802 0.002671 -0.001117 -0.025343 -0.034430 0.042523 -0.024147 0.002224 0.007211 0.000813 -0.000194 0.008591 -0.000101 -0.044715 0.030571 0.013147 0.000000 -0.021762 0.003011 -0.006602 0.073534 -0.001171 -0.031499 0.019956 0.024872 0.078925 0.051490 -0.029698 -0.004787 -0.002396 -0.000848 0.001266 -0.003600 -0.081699 -0.099135 0.004380 0.008930 0.070930 -0.000260 -0.056636 -0.052151 -0.035466 0.000000 -0.010834 -0.084664 -0.054717 0.011924 0.031273 0.006114 0.023130 0.002022 0.004205 -0.032593 -0.057629 -0.036548 -0.013927 0.073901 -0.000197 0.002068 -0.082702 -0.051729 0.008612 0.024180 -0.049188 0.049425 -0.039446 -0.009694 0.041379 0.073648 -0.001942 -0.002565 0.008302 -0.027675 -0.001742 -0.000203 -0.027448 -0.000212 0.002146 0.000506 -0.026330 0.001520 -0.000905 0.003183 0.036540 0.048044 -0.003158 -0.030169 0.000000 0.018363 
