27.207718 0.118497 0.035257 0.075106 -0.072669 -0.043579 0.066203 -0.000660 -0.119584 -0.043892 -0.011855 0.069633 0.034164 0.131403 -0.134734 0.007212 -0.043245 -0.004659 0.090845 0.064245 -0.036231 0.120175 0.002902 -0.004770 0.067101 -0.065139 -0.026650 -0.158371 -0.023873 -0.098772 -0.085805 -0.026979 0.039701 -0.044084 -0.001051 0.008969 0.071674 0.034488 -0.007362 -0.152171 -0.048748 0.080922 -0.012075 -0.053524 0.104413 0.123898 -0.063763 0.018867 0.021330 0.006111 -0.016019 -0.016871 -0.061321 0.067836 -0.036469 -0.050793 0.114616 -0.015442 0.073724 -0.117958 -0.099960 -0.050862 -0.031634 -0.071766 -0.010040 -0.000771 0.001885 0.106671 -0.079708 0.000287 0.052562 -0.033176 0.074466 0.071847 0.082615 0.046772 0.127699 0.077683 -0.155059 -0.114695 0.003988 -0.101546 0.064957 0.077745 0.018528 0.129363 0.053801 0.004126 -0.008508 -0.083582 0.075877 0.137924 0.032979 -0.070869 0.020331 -0.078714 -0.022596 0.100418 0.000000 -0.135978 0.079084 -0.071140 -0.037792 -0.019087 0.003335 -0.096635 0.143970 0.071963 0.052977 0.064807 -0.007342 -0.123562 -0.062497 -0.053820 0.008995 -0.024635 0.123829 0.093806 -0.003083 0.123199 0.038489 0.024888 -0.080656 -0.000446 -0.000338 0.041315 -0.092104 0.023608 -0.156806 0.083809 0.005332 -0.091646 -0.001421 0.069626 0.126605 0.089945 -0.009207 -0.028222 0.000525 -0.000527 0.025874 -0.098514 -0.085577 -0.110183 -0.121617 0.004827 0.079466 0.099015 0.022380 -0.115854 0.004011 -0.021194 0.025086 -0.081060 0.067148 -0.049075 -0.001870 -0.035264 0.007689 -0.073722 -0.093160 0.060028 0.115270 0.064266 0.033752 0.014680 0.126880 0.050195 0.111759 -0.062346 0.000888 0.018858 0.147132 0.160951 -0.007947 -0.058385 -0.005586 0.164919 0.103173 0.023830 0.068375 0.002733 0.154313 -0.106149 -0.160719 0.013824 -0.011221 0.053837 0.046867 -0.004142 0.092473 0.008243 -0.127453 -0.004623 -0.075740 -0.009434 
0.118497 4314.198658 0.156416 -0.003969 0.030314 0.011701 -0.128081 0.028372 -0.029155 0.010462 0.006192 -0.095903 -0.147730 -0.003342 0.100004 0.015479 0.006267 -0.025170 0.029789 -0.164472 0.077735 0.000000 -0.101403 0.021082 0.010166 -0.022224 0.135049 0.007531 -0.154446 0.000000 -0.075840 -0.055970 0.010600 -0.003248 -0.001640 0.075857 0.148327 -0.005340 -0.031152 -0.098290 -0.032212 0.011430 0.065736 0.073259 -0.001221 -0.003821 -0.033033 -0.028154 -0.023378 -0.008759 -0.144691 -0.031047 -0.056911 0.000000 -0.084304 0.084977 -0.078737 -0.032539 -0.034954 -0.039500 -0.057600 0.000000 -0.006151 0.098575 -0.144277 -0.005032 -0.000909 -0.090651 0.028902 0.019557 -0.063905 -0.099167 -0.025837 0.000000 -0.168980 -0.025961 0.013812 -0.001288 0.071971 -0.166967 0.127233 0.082143 -0.133011 0.000257 -0.001965 -0.018675 -0.024146 -0.135705 0.046815 0.002473 -0.033225 0.035901 0.031885 0.000000 0.097074 0.070276 0.039336 0.010749 0.078310 0.042268 -0.004542 -0.002659 -0.008012 0.051417 0.001935 -0.003940 0.067477 -0.046277 -0.102645 0.000000 0.001271 0.136679 -0.083485 0.002546 -0.006929 -0.104621 -0.053399 -0.001678 0.116070 -0.045785 0.054402 -0.001005 0.000524 -0.081851 -0.010475 -0.065939 -0.048664 -0.012957 0.031111 0.000228 0.160744 0.146037 -0.043826 -0.059563 -0.092825 0.146870 0.013421 0.032620 0.015605 0.094310 0.047156 0.003181 -0.012693 -0.026225 0.068598 0.000000 0.066690 -0.002504 -0.156938 0.000000 -0.011521 0.010483 -0.000529 -0.060835 0.035215 0.104436 -0.000563 0.085658 0.029734 -0.065656 -0.166802 -0.019000 -0.126163 0.102861 0.010962 0.103291 0.007731 -0.156258 -0.000417 0.000000 -0.166849 -0.097426 -0.041640 0.000000 -0.089113 0.000849 -0.001198 0.000000 -0.042458 0.056340 -0.003534 0.000000 -0.011666 0.155059 0.029993 -0.014214 -0.003136 -0.042497 0.034653 -0.002757 -0.088227 0.070908 -0.017569 0.000000 0.108355 0.017010 
0.035257 0.156416 0.525139 -0.004773 0.033250 0.122916 -0.135921 -0.004531 0.073404 0.011535 0.087388 0.095712 0.085274 0.000000 -0.004336 0.068704 -0.067713 0.008342 0.007774 0.001955 -0.050008 0.017259 -0.053279 -0.063579 -0.015411 -0.040940 -0.038724 0.003773 0.017891 -0.069418 0.016825 -0.006619 -0.105454 -0.012522 -0.065291 0.152581 0.018443 0.158342 0.049567 0.004036 -0.028244 0.044566 0.162338 -0.126402 -0.008309 0.030175 -0.057634 0.089138 -0.054450 0.000000 -0.040136 -0.047986 0.083028 -0.030978 -0.101422 -0.120367 -0.011878 -0.052846 -0.052019 -0.003173 0.007367 -0.057415 -0.046825 -0.080879 0.007563 0.047623 -0.058423 -0.005292 0.038041 -0.129021 0.122794 0.052609 -0.151370 -0.071641 0.127891 -0.012857 0.037453 -0.087347 0.062127 0.068905 0.002710 -0.124546 0.065935 -0.133630 -0.112380 -0.013832 0.034533 0.006527 0.039147 0.007814 0.040232 0.064666 0.001180 -0.007508 0.060429 0.019666 0.017542 0.034600 0.049393 -0.001345 -0.026195 0.052501 0.146672 -0.019165 0.027377 -0.025002 0.061935 -0.031895 -0.087256 0.111455 -0.073098 -0.031160 0.044809 0.140940 0.047557 0.025109 -0.117721 0.096752 0.046845 0.030729 0.012647 0.026629 -0.039974 0.044086 -0.036255 -0.017314 -0.043511 0.073873 0.064040 0.108306 0.129424 0.098793 -0.013464 -0.040378 0.046481 0.040961 -0.029901 -0.120333 -0.020930 0.023701 0.028858 0.055474 -0.043447 -0.165183 -0.065524 -0.144695 -0.007143 0.043606 -0.061228 -0.099828 -0.161204 0.083575 0.149761 0.041268 -0.095256 0.025930 -0.009844 0.020500 -0.090721 0.062762 0.053029 -0.090767 0.056432 -0.054425 0.097408 -0.073624 0.064684 0.001563 -0.003163 0.082032 0.068522 0.026676 0.019568 0.113677 -0.069379 0.033944 -0.002522 0.021581 -0.069220 0.011950 -0.037013 0.087076 -0.034716 -0.089868 -0.036367 0.073414 -0.113174 0.158013 0.004456 -0.031154 0.022156 -0.011513 0.107165 -0.093263 0.110849 -0.077012 
0.075106 -0.003969 -0.004773 0.442754 0.067261 -0.144747 -0.067886 0.010107 -0.139668 -0.091073 0.073800 0.015596 0.163491 -0.030500 0.011751 0.095021 -0.137220 -0.004107 0.053248 0.059230 0.009670 0.045060 -0.044719 0.000527 0.109660 -0.142225 0.050349 0.072425 0.053462 -0.044341 0.003201 0.067965 -0.042633 0.024817 0.041825 -0.150323 0.012536 -0.001759 -0.031222 0.038705 -0.017399 -0.036378 -0.019213 0.000526 0.006278 0.023630 0.008820 0.072897 0.033217 0.006573 -0.048255 0.108715 0.018628 -0.037363 -0.021883 0.134214 0.030062 -0.002086 -0.080612 -0.154632 0.036058 0.018478 0.022980 0.149334 0.011430 -0.015246 -0.120332 0.069652 0.104184 0.035469 -0.056975 0.090370 0.016720 -0.148967 0.111116 0.066503 -0.049488 0.138124 -0.045573 -0.038729 -0.013311 -0.032527 -0.124666 0.055073 -0.056359 -0.044514 -0.030651 0.157404 -0.089301 -0.047116 -0.064006 0.022365 -0.081749 0.072648 0.095539 0.126339 0.024148 -0.137998 0.107058 0.073963 0.035178 -0.006849 0.069257 -0.098567 -0.007461 0.012661 -0.040422 -0.098230 -0.055952 0.074140 -0.026767 0.019095 -0.067172 0.042401 0.115950 0.021009 0.089599 0.030960 -0.003487 0.096131 -0.141470 0.072295 -0.027376 -0.013679 0.038003 0.004369 0.014813 -0.032951 -0.057378 -0.034311 -0.028982 0.037975 0.061059 0.004701 -0.005538 0.099614 0.086057 0.037569 0.034457 -0.057165 0.014181 -0.015153 -0.136672 -0.104288 0.050864 -0.057137 0.070771 0.134157 -0.045332 -0.031076 0.036393 -0.067079 0.053235 -0.013093 0.050745 -0.019451 -0.145372 -0.046754 -0.089933 -0.022283 -0.053116 0.142239 0.117127 0.089005 -0.015920 0.035385 0.044801 -0.129649 0.053012 -0.127351 0.107887 0.045630 0.000000 -0.000191 0.000000 0.038937 -0.062111 -0.017968 -0.006099 -0.123566 0.023941 0.125854 0.006493 0.003222 0.029616 -0.075192 0.110262 -0.074341 -0.164160 0.024504 -0.106464 -0.018996 -0.067623 0.142393 -0.148544 -0.026333 
-0.072669 0.030314 0.033250 0.067261 149.163097 0.027373 -0.017244 -0.003834 -0.021183 -0.019714 -0.007012 0.009214 0.000000 -0.000767 0.071497 -0.053924 -0.001594 0.001536 -0.006365 -0.161493 -0.025433 -0.169693 0.010772 0.149039 -0.147784 -0.020702 -0.077771 0.106496 -0.135627 0.022842 -0.028279 0.066723 0.053638 0.000118 0.060522 -0.130653 0.085790 0.009832 0.101775 0.109911 0.096127 0.000748 0.044460 0.064559 0.000000 -0.008481 0.088111 0.052088 0.034949 0.047337 0.070962 -0.032795 -0.107109 -0.000225 0.074295 0.044659 0.009076 -0.054634 0.084216 -0.100602 -0.082854 0.024655 -0.009698 -0.003224 0.069453 -0.004936 -0.048770 0.029284 -0.001199 0.002980 0.077087 -0.141353 -0.022521 0.078264 0.145564 0.003871 0.094169 0.047910 0.002427 -0.083758 -0.145734 -0.060573 0.029012 -0.004854 -0.015246 -0.138392 -0.134961 0.007386 0.014124 0.000191 0.006047 -0.025623 0.009340 0.030833 -0.142426 -0.027266 0.035516 -0.081992 -0.038751 -0.039190 0.000000 -0.021316 0.110818 0.018728 0.116222 0.162652 -0.023368 -0.144140 -0.036530 -0.000167 0.003842 -0.043139 -0.021114 -0.027110 -0.080231 0.151886 0.029912 -0.164954 -0.015006 -0.040863 0.092523 0.004778 0.078678 -0.009465 0.001026 0.023394 -0.028686 0.055743 -0.016696 -0.027820 -0.040501 0.098449 -0.015756 0.003890 0.065648 0.166408 -0.111428 -0.057564 -0.018441 -0.012788 0.107759 -0.022839 0.015321 -0.023524 -0.004046 0.000000 -0.032663 0.000000 -0.041553 0.007197 -0.105283 -0.012039 -0.068124 -0.039552 0.021298 -0.088322 -0.005181 -0.000614 0.007415 0.016876 0.015359 -0.015863 -0.000746 -0.100423 -0.053014 0.000000 0.002448 0.018712 -0.087618 -0.005504 0.061410 -0.070382 -0.041442 0.011182 0.025746 -0.079041 0.032624 0.033804 0.156532 -0.020915 -0.020382 -0.035851 -0.043879 0.000000 0.080262 -0.094384 -0.080500 -0.008758 -0.004861 -0.013872 0.052265 0.043513 0.005201 0.000154 -0.000141 -0.075793 
-0.043579 0.011701 0.122916 -0.144747 0.027373 122.120987 0.137181 -0.030011 0.101568 -0.061753 -0.009208 0.080854 -0.157950 -0.133276 -0.129698 0.058817 -0.009282 0.013092 0.061220 0.128269 -0.010911 -0.008914 0.077712 0.160382 -0.116639 -0.001415 0.128121 -0.108701 -0.082105 -0.002605 -0.080974 0.121966 -0.000202 0.109506 0.066187 0.094825 -0.144744 0.002287 -0.082140 -0.000652 -0.011510 0.001037 0.064291 0.122896 -0.028513 0.122613 -0.113991 -0.092624 -0.026655 -0.008011 -0.000836 -0.141031 0.018617 0.075116 0.007475 0.105265 -0.083407 -0.042557 0.085491 -0.069966 -0.050363 0.018084 0.033485 0.013759 0.012781 -0.049305 -0.119237 -0.076824 -0.000154 0.016053 0.085676 0.164437 0.064629 -0.111809 -0.067750 -0.001906 0.039176 0.000867 0.067183 0.064840 0.150305 0.021051 -0.000570 0.040734 -0.023635 -0.033897 -0.043735 0.108339 -0.075321 0.000000 0.080157 0.019394 -0.052763 -0.058353 0.058909 0.022643 -0.069426 0.000264 0.000802 -0.020573 0.134019 -0.016788 -0.009668 0.009296 0.114980 0.021249 -0.013363 0.007879 0.088961 -0.012489 -0.016843 -0.004012 0.102505 -0.030286 -0.074006 0.022414 0.053965 0.033764 0.064378 -0.129601 0.135453 -0.005831 0.150422 0.158617 0.055414 -0.057180 -0.070513 0.120516 0.012455 -0.015006 0.002876 -0.001377 -0.101401 -0.054511 0.146446 0.005834 -0.000131 0.020023 -0.098960 0.008090 -0.002026 0.160959 -0.105490 0.102457 -0.045642 -0.007621 0.125169 0.103918 0.034892 -0.082671 0.086554 0.014406 0.067068 -0.000934 0.150726 -0.021147 0.000960 -0.141485 0.010835 0.078855 -0.015356 0.005002 -0.051705 0.081306 -0.137296 -0.092283 0.008095 0.007743 0.003820 0.001074 0.110518 -0.038428 0.090763 -0.049983 0.028848 -0.000598 0.000128 0.016599 -0.006103 0.030295 0.002672 0.002075 -0.087798 -0.106964 -0.013304 0.096326 0.028249 0.071882 0.048569 -0.000729 -0.134146 -0.066659 -0.129005 0.015529 -0.049655 0.080081 
0.066203 -0.128081 -0.135921 -0.067886 -0.017244 0.137181 5.218413 0.003078 0.033412 0.011145 -0.150656 0.016255 0.003203 0.080744 0.000000 -0.002664 0.036428 -0.035644 -0.079644 -0.013731 -0.044203 -0.035119 0.138995 0.162788 0.017663 0.019751 -0.167890 0.110025 -0.007618 0.135546 0.060302 -0.057106 -0.018851 -0.025620 -0.059236 0.014771 -0.064837 -0.049542 0.106179 -0.022623 -0.012787 0.013943 -0.004862 -0.005266 0.025551 0.013129 -0.124884 0.139102 -0.129753 -0.006993 -0.050465 -0.042964 0.007658 -0.007747 0.066536 0.051947 0.107190 0.091259 -0.151024 -0.077345 0.105743 -0.078394 0.039663 -0.051011 0.121406 -0.017559 -0.098582 0.012529 0.012725 0.063636 -0.074511 0.006380 -0.014727 -0.012352 -0.084033 0.049519 0.014633 -0.079848 0.113351 0.090895 0.032222 0.075627 0.128465 -0.031405 -0.126191 -0.005986 -0.030089 -0.019345 -0.032259 0.128502 0.091151 -0.125659 -0.006885 0.015170 -0.054209 -0.027367 0.165208 0.115478 0.002381 0.026202 0.008583 -0.092196 0.055246 0.031334 0.038043 0.106296 -0.130010 -0.061410 0.135178 0.009198 -0.090680 -0.074414 -0.086095 0.144911 -0.054528 0.069888 0.128971 0.024052 -0.023432 0.007249 -0.088998 0.003566 0.081863 -0.037344 -0.045983 -0.015950 -0.039798 -0.064161 -0.086937 -0.006063 0.042141 0.069434 0.131586 0.014135 0.148626 -0.045294 0.043135 -0.007804 0.103670 -0.146023 0.018840 0.117382 0.147460 -0.157197 0.005162 -0.017794 0.025624 -0.023919 -0.137430 -0.066121 0.032303 0.124964 0.048898 -0.066320 0.028039 -0.070563 -0.008171 0.028154 -0.064390 -0.042549 -0.077952 -0.021726 0.088888 0.003277 -0.032408 -0.051765 -0.088868 0.094745 0.017284 0.000000 0.092946 0.067612 0.019353 0.031929 -0.100333 -0.004303 0.085584 0.003133 -0.133282 -0.042068 -0.069324 -0.011665 0.012185 0.028430 -0.037060 0.013864 0.001871 -0.081098 -0.036794 0.116800 0.011621 0.156145 0.000337 -0.126714 -0.020989 0.096388 
-0.000660 0.028372 -0.004531 0.010107 -0.003834 -0.030011 0.003078 53.953258 -0.004322 -0.115761 0.004879 0.146330 -0.019734 -0.016330 -0.145287 -0.102525 0.128003 0.022127 0.051822 -0.002176 -0.164618 -0.148293 0.115346 -0.124715 0.153308 0.108942 0.000000 0.051462 0.000204 -0.000304 0.087882 0.065511 -0.016652 0.007498 0.016496 -0.042020 0.014839 -0.005727 -0.011871 0.005020 0.050093 0.096394 -0.089365 0.161145 -0.027503 0.103356 -0.051378 0.103244 0.116262 0.010849 -0.009493 0.003423 0.075448 0.087568 0.053460 0.019095 0.007794 0.072996 0.082349 -0.136590 0.103871 -0.018319 0.078104 -0.085570 -0.003434 0.070813 0.011973 -0.159666 0.008029 -0.005256 -0.019267 0.082802 -0.016419 0.081309 0.006538 -0.002404 -0.087297 0.104471 -0.003290 0.066760 -0.029630 0.028439 0.099845 0.013145 -0.002806 -0.013826 0.093867 -0.017186 0.074857 0.092969 0.078387 -0.024980 -0.025968 -0.028767 -0.092882 -0.114702 0.117538 -0.122560 0.003271 0.000763 0.032705 0.145497 -0.023325 -0.010738 -0.028288 -0.139728 0.013878 0.002206 -0.006002 -0.020209 0.000198 0.008111 0.046906 0.008596 -0.057564 0.006838 0.032583 -0.015124 0.023960 -0.011745 -0.039510 0.037443 0.044880 -0.113489 -0.150443 -0.021709 -0.020900 -0.152492 -0.125345 0.094163 0.137732 -0.149527 -0.010695 0.054392 0.023618 -0.001661 -0.151613 0.049075 0.117064 0.114974 0.008017 0.001053 -0.013874 0.014398 0.154822 0.103290 0.047843 0.121002 -0.030931 0.029911 -0.159167 -0.056684 0.151887 0.004412 0.012209 0.127240 -0.136679 -0.000146 0.089770 0.151380 -0.006467 -0.062206 -0.155074 0.031089 -0.004099 0.051340 -0.003751 -0.120507 -0.036161 -0.004004 -0.154203 0.118725 0.130465 -0.001339 0.101595 0.073241 -0.000351 0.145741 0.080570 -0.001197 0.020778 -0.014391 -0.010011 -0.021997 0.025751 0.004867 -0.100894 0.044151 -0.127474 0.056350 0.094843 0.067555 0.156838 0.000000 0.140144 0.002920 
-0.119584 -0.029155 0.073404 -0.139668 -0.021183 0.101568 0.033412 -0.004322 128.256990 0.057401 0.013537 -0.001076 0.038318 -0.008884 0.030664 0.006947 -0.069847 -0.014399 0.008432 -0.106719 -0.021275 -0.026448 0.015710 -0.108551 0.012882 0.000519 0.025989 0.147423 -0.017294 -0.022080 0.099214 0.001236 -0.058275 0.015489 0.164800 -0.163028 -0.015016 0.075240 -0.001933 0.036833 -0.003422 -0.006684 -0.108402 -0.126323 -0.007629 -0.014464 0.020241 0.035338 0.047006 0.000663 0.000000 0.066641 -0.011354 0.011834 -0.091623 -0.106592 -0.060772 0.000000 0.132366 0.071837 -0.024689 0.004313 -0.039990 -0.018163 0.006168 0.027797 0.028135 -0.008425 -0.000692 0.047223 -0.018475 -0.023386 0.095649 0.000000 0.091017 0.011258 -0.011231 -0.002500 -0.129012 0.140306 0.000668 0.015427 -0.015363 0.000000 0.124508 0.099277 -0.021047 -0.098247 0.015685 0.021406 -0.046884 0.006497 0.071322 0.006118 0.046475 -0.098804 -0.051116 -0.027953 0.026746 0.150696 0.004776 -0.141021 0.045792 -0.061443 0.052366 0.036745 -0.088144 0.072862 -0.170224 -0.040600 -0.127731 -0.038765 0.001953 -0.005223 0.090665 0.085643 -0.085155 -0.023904 -0.033092 0.003600 0.008485 0.000750 0.043693 -0.022418 -0.086596 0.102457 0.092993 0.002862 0.139150 0.003003 -0.111882 -0.024953 -0.039783 0.018350 -0.018274 -0.005888 0.000000 -0.012964 0.093414 -0.079163 0.062006 0.136713 0.008175 0.124111 -0.046814 -0.000630 -0.005059 0.089279 0.013451 0.096288 -0.160559 -0.104916 0.002987 0.007837 0.105885 0.061826 0.016002 0.005205 -0.007804 0.040141 0.105083 0.000301 -0.020342 0.154568 -0.072085 -0.001043 0.003535 -0.135918 -0.048223 -0.006975 -0.028984 -0.119083 -0.000502 -0.003266 -0.019208 0.005150 0.000237 -0.007796 0.026770 0.001524 0.022345 -0.004233 -0.069453 -0.098608 0.008361 -0.049833 -0.033088 -0.022663 -0.000106 -0.022138 0.066397 -0.034307 0.000000 0.000000 -0.112349 0.152493 
-0.043892 0.010462 0.011535 -0.091073 -0.019714 -0.061753 0.011145 -0.115761 0.057401 1222.494115 -0.005453 0.000000 -0.035274 0.072536 -0.061004 0.148641 -0.029305 -0.146240 0.041003 -0.041477 0.000000 -0.001570 0.155548 0.001632 0.042048 0.000000 0.020615 -0.001702 0.009508 0.003726 0.118861 0.001780 -0.002029 -0.002318 0.069925 0.014950 0.000739 0.003319 -0.126805 0.019201 -0.008990 -0.007472 0.004336 0.158000 0.012716 0.101746 -0.098632 -0.124528 0.003485 0.018024 -0.010579 0.021711 -0.005304 -0.002295 -0.067792 0.097226 0.146418 -0.058079 -0.122061 0.168590 0.056026 0.000000 -0.097154 -0.143892 -0.128876 0.008539 0.008811 0.032382 0.007923 -0.122746 -0.061551 0.040521 0.009968 -0.000268 0.048305 0.009639 0.013730 -0.099775 -0.054329 -0.130584 0.087227 0.036527 -0.010881 -0.138187 -0.008872 0.000000 0.009109 -0.151724 -0.098622 -0.000240 0.039913 -0.098932 -0.005828 0.000000 0.000000 0.043905 -0.048962 -0.043496 -0.100701 -0.099830 0.000385 0.002098 0.076718 -0.131558 -0.121071 -0.012299 -0.000429 0.140279 -0.096402 0.000000 0.083604 0.023996 -0.021566 0.000825 -0.008406 0.028110 0.033857 0.100956 -0.016575 0.135241 0.015373 0.001805 -0.133312 -0.024818 -0.001354 -0.042782 -0.121274 -0.150563 -0.038950 -0.000139 0.118061 -0.011846 -0.018459 0.022359 0.000000 0.001290 0.000000 0.000000 -0.122126 -0.004472 0.000000 -0.002255 -0.004545 -0.024989 0.041369 0.071231 -0.011416 -0.131848 -0.029802 -0.170339 0.000611 0.049186 -0.000150 0.080082 0.063784 -0.018629 0.021078 0.000000 -0.024900 0.055785 0.002550 -0.032057 -0.001230 0.053827 0.057566 0.042660 -0.015942 0.117802 0.021251 -0.157864 0.073593 0.013980 0.038613 -0.007500 0.043615 -0.008225 -0.005466 0.016799 0.001879 0.002807 -0.009741 -0.000666 -0.147236 0.000000 0.001208 0.116453 -0.060312 0.107931 -0.007908 -0.079305 0.000000 -0.036097 0.071900 0.000000 0.123885 0.000000 
-0.011855 0.006192 0.087388 0.073800 -0.007012 -0.009208 -0.150656 0.004879 0.013537 -0.005453 21.586458 0.054323 0.129523 -0.146863 0.040833 -0.045005 0.000250 -0.004175 -0.100620 -0.002649 0.008514 0.000000 -0.022762 0.143073 0.010699 0.003438 0.010981 -0.054354 0.005242 -0.075812 -0.000756 0.021019 0.029326 0.127041 0.024644 0.065442 -0.169827 0.048546 -0.014256 -0.009197 0.000937 -0.070898 -0.000317 0.045430 0.000000 0.036098 -0.089799 -0.062030 -0.002244 -0.015967 0.039694 0.001249 -0.043514 -0.021438 -0.028638 -0.120482 0.031655 0.030482 0.023310 -0.014715 0.039429 -0.052101 0.037989 -0.154802 -0.014629 0.000000 -0.000631 0.111248 0.002668 0.159723 0.008534 0.043891 -0.094911 -0.121327 0.030203 -0.022756 -0.131858 -0.008309 -0.007230 -0.024176 0.050500 -0.000511 0.035563 0.090494 0.162942 0.159651 0.050429 0.109229 -0.082270 0.003797 0.002527 -0.018190 -0.043192 0.071655 -0.037320 -0.036898 -0.006022 -0.043624 -0.084752 -0.106392 0.127926 -0.137036 -0.128659 0.057049 0.003009 0.051139 -0.090170 0.110839 -0.011644 -0.133546 0.108859 0.011532 0.003880 -0.003040 -0.054709 -0.108368 -0.012401 0.084723 0.145845 -0.005129 0.044271 0.026482 0.039141 -0.078747 -0.122613 0.081874 -0.040439 0.089836 -0.048796 -0.117365 0.042506 -0.105377 -0.158659 0.067514 0.029570 0.098251 -0.016507 -0.090135 0.008426 -0.003896 0.046524 -0.040192 -0.000870 0.130418 0.025528 -0.030262 -0.008666 0.007132 0.094559 0.067692 0.168362 -0.030636 -0.148500 0.000401 0.025686 0.139933 0.055800 0.003765 -0.015416 0.098222 -0.065145 0.008260 -0.156784 -0.069523 0.110748 -0.013127 0.072712 -0.067060 -0.059730 -0.035969 -0.007449 -0.054678 -0.019895 -0.003437 -0.132856 -0.044364 0.007901 0.026421 0.001888 -0.014408 0.020712 0.001855 0.003903 -0.134774 0.121751 -0.024229 0.159607 -0.119789 0.006594 -0.097298 -0.074880 -0.049488 -0.158686 -0.000394 0.012036 0.036751 
0.069633 -0.095903 0.095712 0.015596 0.009214 0.080854 0.016255 0.146330 -0.001076 0.000000 0.054323 54.158220 0.050078 0.034370 -0.170049 -0.010473 -0.021588 -0.004149 0.005147 0.015098 0.003971 -0.000249 -0.002989 -0.008093 -0.002779 -0.005946 0.016210 0.006168 -0.116646 0.045360 0.000256 0.088643 0.151361 0.011304 0.000624 -0.013178 0.006141 0.000121 -0.147951 0.014969 -0.052886 0.065608 -0.052545 0.022265 -0.128980 -0.027011 -0.026209 -0.012034 -0.047389 0.031186 -0.122391 0.144129 0.021655 -0.009372 -0.090528 0.159523 -0.157839 -0.011183 -0.021788 0.012399 0.001701 -0.005331 0.000000 0.052935 -0.060169 -0.003146 0.084287 -0.038471 0.006261 0.051811 0.090059 -0.004441 -0.137696 0.005473 -0.004793 -0.001889 0.113587 -0.002132 -0.033140 0.003964 0.048148 -0.002433 0.026453 0.001954 -0.052062 -0.013562 0.102152 -0.027387 0.001894 0.026901 -0.102659 -0.073106 0.044718 -0.000220 0.079858 0.122330 0.008006 0.003651 0.004892 -0.112144 -0.001468 -0.123751 -0.085418 0.070483 -0.003025 -0.009037 0.080655 0.024988 -0.089656 0.010887 -0.074312 -0.008790 -0.058901 0.001132 0.002293 0.008075 -0.017762 0.000622 -0.143782 -0.095135 0.166007 0.161918 -0.007858 0.083412 0.000000 0.055441 -0.000512 -0.105559 0.002872 0.031644 -0.002011 -0.065846 -0.012405 0.003339 -0.015847 -0.054147 -0.166282 0.000000 0.060037 0.002108 0.076995 -0.035381 0.008554 -0.133745 0.043510 -0.001486 0.026726 0.108103 0.017745 0.033399 0.096209 -0.010577 -0.006077 -0.005420 0.005894 -0.016209 0.055422 0.001994 0.114671 -0.005917 0.007880 0.000232 0.039763 -0.097885 -0.069388 0.000732 0.068233 0.043722 0.010567 -0.000883 -0.138919 0.141302 0.002301 -0.013541 0.043604 0.115352 0.003173 0.004777 -0.001160 0.011714 0.050948 0.000000 -0.005012 0.003842 -0.004368 -0.070530 0.019184 -0.074881 -0.006161 0.043878 0.003424 -0.042522 0.021749 -0.114078 0.116395 -0.002833 
0.034164 -0.147730 0.085274 0.163491 0.000000 -0.157950 0.003203 -0.019734 0.038318 -0.035274 0.129523 0.050078 2311.120187 0.028973 0.002635 -0.045931 0.000000 -0.001029 -0.103109 -0.152768 -0.017641 -0.024672 0.053520 -0.111708 0.009355 0.007809 0.102316 0.022819 -0.103576 0.045092 0.084630 0.104405 0.014878 0.000755 -0.100321 -0.004929 0.165398 -0.000420 -0.097235 -0.021766 -0.072434 -0.036422 0.071020 0.123978 -0.070523 -0.023901 0.069852 0.064137 0.021930 0.053957 0.010176 0.088385 -0.000582 0.073334 0.014505 0.122532 -0.085262 0.021671 -0.048799 -0.061822 -0.132765 0.000000 -0.136539 0.127245 0.072410 -0.043509 -0.074231 0.081811 0.097627 -0.140997 -0.124274 -0.000674 0.007742 0.000000 0.136885 0.049240 0.016230 0.013893 0.024970 -0.106730 0.156274 -0.010410 0.057451 -0.129359 -0.025509 0.000000 -0.134847 0.071074 -0.073736 0.158686 -0.112512 -0.011177 0.042028 0.001786 -0.033607 0.101256 0.000616 -0.038552 0.168649 -0.013271 -0.008570 0.000000 0.062128 0.103989 -0.013855 0.071290 0.160397 -0.051492 -0.068812 -0.003171 -0.008009 0.158552 0.158072 -0.042486 0.013531 -0.029751 0.131453 -0.001275 0.126231 -0.115049 -0.170338 0.000283 -0.113778 -0.033980 -0.032879 -0.026430 0.094162 0.077225 -0.025180 -0.001023 -0.051761 0.107355 0.002402 -0.019870 -0.114427 0.086148 0.037454 0.000537 0.032214 -0.059849 -0.003989 0.000000 0.090786 0.082400 0.050213 0.008855 -0.068918 0.062119 0.056931 -0.002940 0.054554 -0.015670 -0.008995 -0.007248 -0.000870 0.027505 -0.012310 0.000000 0.162595 0.134897 0.013548 0.024266 -0.003269 0.039170 -0.009626 0.153266 -0.036721 -0.000556 -0.010941 -0.129276 0.039156 0.005812 0.001124 -0.016778 -0.093527 0.019320 0.001666 0.097607 -0.105772 0.005577 -0.032821 0.000000 0.135793 0.104393 -0.003575 0.091390 0.073302 0.045072 0.011286 0.005872 0.088720 -0.017855 0.011376 0.093191 0.034742 0.002680 
0.131403 -0.003342 0.000000 -0.030500 -0.000767 -0.133276 0.080744 -0.016330 -0.008884 0.072536 -0.146863 0.034370 0.028973 532.443086 -0.020651 -0.084633 0.000512 -0.001019 0.087653 0.030599 0.003475 0.000000 -0.118510 -0.048326 0.000000 -0.008529 0.114225 -0.043504 -0.113970 0.059547 -0.015987 0.025356 -0.078594 -0.001133 0.006441 -0.044210 -0.067886 -0.039610 -0.079390 0.001974 0.110572 -0.021509 -0.004956 -0.072809 0.038552 -0.001016 0.147380 -0.056325 0.011279 0.000000 0.096454 -0.104910 -0.000203 0.001775 -0.138410 -0.026290 0.057102 0.001916 0.155475 -0.113610 -0.091601 0.007735 -0.046165 -0.092710 -0.141573 0.003074 0.001372 0.120909 -0.007954 -0.135710 0.029564 0.060959 -0.016761 0.000378 0.003367 0.084700 0.048193 0.018372 -0.006761 0.128585 -0.025501 -0.046481 -0.017788 -0.096509 -0.124433 -0.004163 0.160497 0.017277 -0.026933 0.111037 -0.097626 -0.169787 0.063249 0.024770 -0.082280 -0.024628 0.120057 -0.000164 0.042127 0.090960 -0.087228 0.000000 0.140401 -0.030953 0.003680 -0.076941 0.166380 0.025532 0.001749 -0.035403 0.029755 0.006480 0.014426 0.001020 -0.052854 -0.054172 -0.103041 0.004366 -0.041515 0.096423 0.128965 0.003868 -0.007713 0.075739 -0.006296 0.115568 -0.101441 -0.064080 -0.032025 -0.037394 0.102547 -0.056073 -0.023910 0.001004 -0.121808 -0.103112 0.040519 -0.027896 -0.016067 0.121188 0.001088 0.000000 0.066321 0.052248 0.076081 -0.136571 -0.078619 0.047237 0.006504 0.000307 -0.039589 0.056437 -0.045379 0.054313 0.019536 -0.107152 0.000864 0.000000 -0.008881 -0.141904 0.000417 -0.008392 -0.015255 -0.064332 0.000243 -0.083527 -0.018338 0.167839 0.000000 -0.000849 0.000150 0.022397 0.000225 0.012940 0.018232 0.013227 -0.088237 0.001994 0.009692 -0.007022 -0.009666 0.000000 0.023513 0.000000 0.000784 0.044626 -0.060462 -0.072909 0.000000 -0.038891 -0.003997 -0.100268 0.001955 0.081316 -0.096135 -0.141820 
-0.134734 0.100004 -0.004336 0.011751 0.071497 -0.129698 0.000000 -0.145287 0.030664 -0.061004 0.040833 -0.170049 0.002635 -0.020651 37.216554 0.001056 -0.163088 0.054408 -0.103772 0.001594 -0.008740 0.106848 -0.013043 -0.025518 0.038349 0.029716 0.059346 0.004040 0.000736 -0.166253 0.104885 -0.128319 -0.004547 -0.000549 -0.016525 0.038450 -0.053687 -0.000429 0.056101 -0.114458 -0.024609 -0.103025 0.003534 0.040032 -0.003467 -0.013505 -0.012237 -0.064919 -0.034943 0.022160 0.120646 -0.068749 -0.020375 -0.048551 -0.112439 -0.007893 0.083839 -0.008423 0.027089 0.130906 -0.016145 -0.000936 0.068725 -0.144536 -0.013527 -0.002092 -0.002821 0.023300 0.008038 -0.036002 0.092146 0.043974 0.015756 0.064398 -0.019286 0.010891 -0.073709 -0.018938 -0.021953 0.014540 -0.084886 0.033820 0.067947 -0.010511 -0.032157 0.003867 0.004736 0.020791 -0.045504 0.096328 -0.129148 0.055165 0.017765 -0.001909 -0.075454 -0.044289 -0.017869 0.008400 0.096862 0.009988 -0.000825 -0.107308 -0.145961 0.117615 0.009588 -0.115833 0.045216 0.024732 0.001637 -0.006464 0.099692 -0.007563 0.000000 -0.034545 -0.035592 -0.101872 0.004275 -0.006065 -0.135663 -0.081982 -0.086039 0.001000 -0.057850 0.024943 0.045353 0.004699 -0.144708 0.044218 -0.053361 0.000000 -0.010134 -0.083776 0.001348 0.073182 0.095586 0.000000 0.006420 -0.050498 0.083428 -0.163298 0.000760 -0.001048 -0.129200 0.000513 -0.116556 0.016980 -0.102177 -0.135068 -0.033092 0.045903 -0.030302 0.102402 0.099406 -0.000201 -0.142559 -0.018213 0.004332 -0.128043 0.005434 -0.065234 0.004539 -0.030403 -0.146629 -0.004490 -0.040580 -0.099400 -0.025647 -0.000187 -0.001549 0.000000 -0.041481 0.109066 0.002491 0.000000 -0.075231 -0.143238 -0.021170 -0.006258 -0.058734 0.146479 -0.032367 0.031399 -0.055987 -0.051583 0.032431 -0.085893 -0.062872 -0.079800 0.132311 0.012157 0.075572 -0.158844 0.152792 -0.000226 0.079824 -0.095107 
0.007212 0.015479 0.068704 0.095021 -0.053924 0.058817 -0.002664 -0.102525 0.006947 0.148641 -0.045005 -0.010473 -0.045931 -0.084633 0.001056 47.370905 -0.000316 -0.006466 0.065866 0.107660 -0.018053 0.052628 -0.003367 0.130762 0.141939 0.072018 -0.065752 -0.044765 -0.030000 -0.127080 0.022049 -0.105128 -0.019282 -0.001699 -0.088699 0.032991 0.139123 -0.058195 0.038299 0.032361 0.024268 -0.111421 -0.001860 0.122676 -0.057109 -0.002029 0.140282 0.093007 -0.074770 -0.000484 0.043393 -0.121939 -0.124244 -0.016619 -0.077975 0.054300 -0.035025 0.106018 -0.019582 -0.079580 0.148458 0.094439 0.004713 0.020885 -0.070774 0.026081 -0.018161 -0.073425 -0.084222 -0.106787 0.053705 -0.109976 0.000893 -0.084591 -0.004893 -0.126814 -0.096973 0.020038 0.078699 -0.153089 -0.003811 -0.042466 0.012788 0.000000 0.004975 -0.045145 0.166316 -0.080466 0.064386 0.028931 -0.054003 0.072426 -0.014896 0.002961 -0.002888 0.017723 0.025908 0.007007 -0.026739 -0.164310 0.150878 -0.023882 -0.131372 -0.058685 0.037318 -0.059975 -0.168315 0.118053 -0.068988 0.033293 0.010808 -0.063642 -0.082170 -0.088203 -0.102124 0.071434 0.013949 0.027410 0.151893 0.007069 -0.055288 0.024431 -0.017891 0.082865 -0.088416 -0.030745 -0.081448 -0.002828 0.020708 0.050620 -0.118391 -0.048562 0.001174 0.017734 0.084901 -0.166600 -0.079117 0.023823 -0.159142 0.004896 0.024748 0.011334 0.013291 0.080696 0.005958 -0.005047 0.065581 -0.001824 0.073634 -0.043281 -0.045770 0.030141 0.016362 -0.078655 0.098886 -0.087483 -0.156043 -0.014983 -0.097616 0.119781 0.074648 -0.169270 -0.036991 -0.078265 0.004035 0.027580 -0.068829 -0.001434 -0.052324 -0.033919 -0.098207 0.007937 -0.013009 0.016920 0.017569 -0.054115 -0.008047 0.000000 0.133972 -0.007498 0.001056 0.017210 -0.000946 0.132598 -0.101739 -0.002987 -0.035037 -0.118879 0.102105 0.001453 -0.024002 -0.031844 0.103112 -0.032623 -0.001689 -0.069702 
-0.043245 0.006267 -0.067713 -0.137220 -0.001594 -0.009282 0.036428 0.128003 -0.069847 -0.029305 0.000250 -0.021588 0.000000 0.000512 -0.163088 -0.000316 3097.839157 0.000000 0.102513 0.046352 -0.031267 0.000869 0.052831 -0.093420 0.156284 0.006173 -0.020913 0.034876 -0.110140 0.000000 0.023589 0.088783 0.002041 -0.015893 -0.003673 0.005971 -0.131859 -0.164626 0.025577 0.020707 0.004541 -0.003814 -0.005565 -0.025385 0.006308 -0.047218 0.100507 -0.070216 -0.001791 -0.003004 0.106527 0.132412 -0.072328 -0.003074 -0.035757 0.053434 -0.022286 0.000000 -0.106389 0.096595 -0.103723 0.000346 0.000127 -0.090919 -0.007221 0.001687 0.010371 0.055032 -0.006282 -0.023800 -0.083020 0.034621 -0.082364 -0.107920 -0.000340 0.032752 0.031463 0.000000 0.001118 -0.027598 -0.011274 -0.018269 -0.062058 0.132958 -0.018829 0.098594 -0.030483 0.070910 -0.111904 -0.165974 -0.012034 -0.082213 -0.015029 -0.022016 -0.036717 -0.015664 -0.021442 0.007594 0.033940 -0.064176 -0.023084 0.023934 0.007277 -0.159504 -0.002543 -0.094557 0.012803 0.011513 -0.008617 0.002027 -0.118730 0.044362 0.005127 0.000000 -0.065402 -0.010292 0.004634 -0.090441 0.019126 0.064491 0.003187 0.015984 -0.000136 -0.090954 0.025773 -0.142752 -0.030469 -0.076100 -0.005085 -0.081024 -0.016101 0.018479 0.051066 0.010701 -0.018400 -0.078820 0.028386 -0.015537 -0.008022 -0.063200 0.000000 -0.161681 0.006125 0.053924 -0.043188 0.044021 0.155034 -0.018679 0.003130 0.036239 0.005460 0.067642 0.025538 0.013674 0.099495 0.054230 0.112237 0.105003 0.083352 -0.040447 -0.066041 0.042988 -0.038114 0.042037 0.073804 -0.004318 -0.010015 -0.000453 -0.065153 0.001133 0.093685 -0.045013 0.000703 0.000000 -0.113199 0.024460 -0.110391 0.042964 -0.009658 -0.060029 -0.000213 0.000000 -0.021854 -0.084742 -0.010436 0.064609 0.010767 0.006775 0.000000 0.000492 0.017541 -0.031273 0.000000 0.002686 0.126530 -0.089342 
-0.004659 -0.025170 0.008342 -0.004107 0.001536 0.013092 -0.035644 0.022127 -0.014399 -0.146240 -0.004175 -0.004149 -0.001029 -0.001019 0.054408 -0.006466 0.000000 1813.795986 0.074640 0.100506 0.058325 0.002091 0.163212 0.017024 -0.106637 0.001627 -0.001442 0.012301 0.063644 0.005086 -0.102373 -0.081570 -0.013068 -0.005472 0.140071 -0.040123 -0.040922 0.106828 0.039263 0.079171 0.000000 -0.015792 -0.157945 0.161745 -0.026455 -0.003927 -0.049683 0.031452 0.054752 0.000000 0.023233 0.005547 0.002022 0.107478 -0.057496 0.159327 0.045515 0.013717 -0.035758 -0.085229 -0.087830 -0.000239 -0.010925 -0.015555 0.002372 0.063966 -0.072388 -0.105814 0.001340 -0.013906 -0.061333 0.126342 0.101442 -0.005451 0.001676 -0.001197 0.158852 -0.029935 -0.025018 0.097174 -0.023103 0.059100 -0.000245 -0.054847 0.000220 0.000000 0.003513 -0.078486 -0.019950 0.000000 0.016544 -0.014237 0.039828 0.003594 0.085512 -0.067744 0.031666 0.000000 -0.015919 0.072595 0.000116 -0.008217 0.086667 0.088683 -0.007483 0.010505 0.020964 0.054057 -0.002545 0.163247 0.080299 0.085614 -0.000662 -0.000368 0.002884 0.070515 -0.061306 0.044183 -0.005703 0.013762 0.072724 0.007878 -0.154587 -0.135671 -0.125360 -0.045609 -0.158357 -0.000889 0.138860 -0.037077 -0.131509 0.124725 -0.008965 0.004482 -0.002235 -0.061824 -0.001284 -0.000422 0.012057 -0.140955 0.008716 0.000503 0.001143 -0.110839 -0.048471 -0.038972 0.097931 -0.083859 0.001255 0.000000 -0.040517 0.020297 -0.137121 0.000736 0.153138 -0.092963 0.000371 -0.015589 0.011040 0.099190 -0.029951 0.151936 -0.064000 -0.149446 -0.004540 0.000161 0.093943 -0.005511 -0.007730 0.002030 -0.076127 0.052299 -0.056690 0.000859 0.032177 0.000000 -0.022427 0.030247 -0.085790 -0.103832 0.006034 0.000000 0.040177 0.033983 -0.006113 -0.000940 0.027373 -0.029607 0.042554 -0.012030 -0.015340 -0.007154 0.000000 0.065996 -0.103837 -0.003315 
0.090845 0.029789 0.007774 0.053248 -0.006365 0.061220 -0.079644 0.051822 0.008432 0.041003 -0.100620 0.005147 -0.103109 0.087653 -0.103772 0.065866 0.102513 0.074640 5.702288 0.010157 0.036424 -0.049594 0.000995 0.047469 -0.106879 0.009408 0.071469 -0.027793 0.156960 -0.078147 0.063126 -0.163170 -0.007213 0.088199 0.110931 -0.130147 0.096998 0.029971 0.030054 -0.010442 -0.001694 0.003309 0.003125 0.084741 0.060756 0.006371 0.059395 -0.095586 0.014615 -0.121922 0.101839 0.104420 0.000000 0.027644 -0.048711 -0.113853 -0.030227 -0.042909 -0.066772 0.088676 -0.008149 -0.016554 0.093573 -0.053479 0.002446 0.091366 0.031416 0.031099 -0.011741 0.062285 0.060098 -0.128502 0.051088 -0.064114 0.087337 -0.055129 0.145517 -0.096857 -0.001564 -0.015012 -0.097990 -0.136280 -0.104618 -0.077666 0.066239 0.037512 -0.000217 -0.048578 -0.003829 -0.005585 -0.160206 -0.000101 -0.052817 -0.043787 -0.037697 -0.006647 -0.136716 -0.022773 -0.112992 -0.033628 0.145311 0.045531 -0.023801 0.025344 0.051910 -0.087789 -0.026020 0.015451 0.092768 -0.009293 -0.030161 -0.104696 0.077794 -0.032668 0.169126 -0.046870 -0.118673 -0.034859 0.002866 -0.091731 0.015398 0.000636 0.150810 0.006341 -0.034096 -0.117626 0.029127 0.053684 0.101742 0.161308 -0.155419 0.032973 -0.008039 -0.008429 -0.071192 0.022676 0.047297 -0.079564 0.127095 -0.007598 -0.008124 -0.105782 0.046011 0.018098 0.017199 0.000000 0.169483 0.125071 0.027928 -0.047928 -0.034577 -0.015304 -0.092926 0.018616 -0.041244 -0.168333 0.007656 0.048123 0.008720 0.134418 -0.027367 0.123794 -0.054581 0.160946 0.063362 -0.128850 0.092945 0.164834 -0.039983 -0.123095 0.149099 0.080270 0.088236 -0.005322 -0.001449 -0.002694 0.078095 0.043207 0.011143 -0.078078 -0.103206 0.028453 -0.115277 0.076676 0.005952 0.028732 0.028026 0.121567 -0.140770 -0.037489 0.038677 0.126519 -0.006155 -0.118089 -0.083641 0.115888 
0.064245 -0.164472 0.001955 0.059230 -0.161493 0.128269 -0.013731 -0.002176 -0.106719 -0.041477 -0.002649 0.015098 -0.152768 0.030599 0.001594 0.107660 0.046352 0.100506 0.010157 14.923475 -0.092064 0.039244 0.057625 0.156443 0.022490 -0.083270 -0.102488 -0.150565 -0.031239 -0.041592 0.035147 -0.018956 0.006359 -0.035398 0.085848 0.058948 -0.045252 0.078103 0.062126 -0.005564 0.001691 0.126270 -0.006952 0.099712 -0.082487 0.092881 0.030143 -0.007384 -0.084913 0.022417 0.070593 -0.133327 -0.063284 -0.018097 -0.092588 -0.151166 0.003968 0.013942 0.090330 0.064785 -0.033517 0.075035 0.017950 -0.142286 0.063198 0.054978 0.077771 -0.096624 -0.162650 -0.064780 0.101426 0.080514 0.055491 0.121622 0.013188 0.014496 0.101005 0.027504 -0.034191 0.081902 -0.074170 -0.024601 0.068206 0.058551 0.034182 0.070538 0.074875 -0.140824 -0.030287 -0.088649 -0.072464 -0.098263 -0.094520 -0.103629 0.055503 0.117148 0.142480 -0.015821 -0.013500 0.012965 -0.064548 0.027664 -0.134102 -0.003608 -0.049786 0.003705 -0.058389 0.099522 0.069794 -0.158807 0.109883 0.027619 0.079145 -0.123425 -0.041046 -0.037518 0.082685 0.090749 -0.162438 -0.065378 0.061956 -0.122141 -0.128768 -0.145313 -0.039717 -0.149521 -0.002809 0.080321 -0.127009 -0.031032 0.039775 0.147633 0.103761 0.046318 -0.075097 -0.005974 -0.080650 -0.043472 0.035883 0.168238 -0.047348 -0.078097 -0.113517 0.142196 0.086594 0.007516 -0.037782 -0.022224 -0.101809 0.003213 -0.070691 0.009388 0.110240 -0.023380 -0.043745 -0.089724 0.004656 0.049796 0.076759 0.065376 -0.093534 0.001444 -0.004388 -0.003475 -0.071470 0.014909 0.096509 -0.133156 0.057376 0.021301 -0.085324 0.087399 -0.038812 0.106387 -0.036745 0.168699 -0.003351 0.014505 0.144234 -0.036485 0.069326 0.101590 0.031922 0.089299 0.161362 0.017088 -0.045914 0.134470 -0.047594 -0.154007 0.021985 -0.075285 0.104305 0.094723 -0.143491 -0.073184 
-0.036231 0.077735 -0.050008 0.009670 -0.025433 -0.010911 -0.044203 -0.164618 -0.021275 0.000000 0.008514 0.003971 -0.017641 0.003475 -0.008740 -0.018053 -0.031267 0.058325 0.036424 -0.092064 175.894768 -0.000101 0.000190 0.039946 0.066594 -0.061409 -0.094065 0.013005 -0.038253 0.012721 0.043089 -0.016782 -0.078547 -0.000442 -0.004287 0.019770 0.045183 -0.123475 -0.031622 0.053460 0.000000 0.001793 -0.070792 -0.006394 0.006683 0.084078 0.054891 0.097289 0.023011 0.000362 0.006540 -0.010796 -0.146118 0.012824 0.064781 0.027460 -0.016376 -0.014096 0.000000 -0.107696 -0.133059 -0.000168 -0.057773 -0.031257 0.013788 -0.005021 -0.050909 0.005058 -0.039738 0.037081 -0.051654 0.093671 -0.144381 0.000000 -0.015091 0.021384 -0.020730 -0.079990 0.015175 -0.075668 -0.168773 0.021552 0.012747 -0.049054 -0.006826 -0.017928 0.000000 0.033172 0.012821 0.022066 -0.027121 -0.025834 0.098562 -0.000183 0.057842 -0.133869 0.054259 -0.001026 0.122390 -0.052617 0.004968 0.004688 -0.065582 0.133782 0.014301 0.100359 -0.000630 0.036211 0.013973 0.000000 0.049111 0.020731 -0.052779 -0.000114 0.132937 -0.002426 0.039144 0.002820 0.046645 0.013211 0.001438 0.004109 0.011439 0.103554 0.001622 -0.012924 -0.035738 0.135724 -0.054853 0.000757 -0.041559 -0.028021 -0.026793 -0.001755 -0.025785 -0.162296 -0.009434 0.006938 0.064100 -0.002140 0.100811 -0.010241 0.130133 -0.055483 0.008917 0.103950 -0.052026 -0.064819 0.092397 -0.011992 -0.139138 0.052194 -0.014669 -0.009596 0.006922 -0.124101 -0.017545 0.002157 0.152326 -0.042486 -0.101411 -0.002127 -0.072388 -0.060096 0.065033 0.126620 -0.025813 -0.013616 -0.015291 -0.113435 0.076086 -0.038974 -0.003541 -0.003649 0.037544 0.079904 -0.013155 0.019389 -0.091667 0.118559 -0.012150 -0.001921 -0.001086 0.019988 0.026829 0.113795 -0.050117 0.009591 0.002108 0.012792 -0.115075 0.071179 -0.014169 -0.000129 0.009438 -0.060764 
