3029.687133 0.030921 -0.074276 -0.031055 -0.020320 0.017143 -0.026605 -0.000529 0.015036 0.086622 -0.055216 0.000000 0.004136 -0.001860 -0.039472 0.093166 0.000000 0.075910 0.116414 0.113546 -0.004289 -0.078217 0.000000 0.060911 -0.012567 0.003655 -0.000718 -0.015901 0.001807 0.000000 0.036930 0.036052 -0.005166 0.003481 -0.021930 0.000000 -0.044839 0.025422 0.006314 -0.039752 0.011694 -0.070836 0.044770 0.001351 -0.000375 -0.046292 0.000178 -0.007878 -0.004457 0.069702 0.054560 0.012112 -0.007206 0.011723 0.038313 -0.023649 0.098557 0.000000 -0.009306 0.000000 -0.096949 0.000403 0.000735 -0.002644 0.001355 0.000000 0.000286 0.013898 -0.000230 -0.003637 0.000000 -0.042295 0.002405 0.028841 -0.002439 0.019088 -0.039168 -0.008488 -0.048462 0.029217 0.051729 -0.000874 0.026988 -0.032351 0.003962 0.000000 0.034326 -0.002323 0.012141 0.018395 -0.002894 0.004714 -0.000881 -0.045572 -0.040968 0.005844 0.077587 -0.001759 0.031470 0.026291 0.018172 0.008035 -0.013957 -0.008563 0.037723 0.083716 0.074871 -0.022879 0.002718 -0.060567 -0.009478 0.064363 -0.000910 0.021908 -0.004200 -0.080354 -0.022549 -0.015646 0.007452 0.032259 -0.076539 -0.074902 0.006349 -0.109894 -0.016109 -0.013144 -0.067022 0.009729 -0.064861 -0.104044 0.000806 0.037723 -0.036571 0.001924 0.039045 -0.001473 0.001612 0.002540 -0.101141 -0.032042 0.090878 0.090519 0.024405 0.112625 0.064635 0.054422 0.077721 0.025864 0.034910 0.041509 0.049628 -0.036552 0.014000 0.039309 0.068743 0.096144 -0.005420 -0.076622 0.000764 -0.065583 -0.001614 0.018750 -0.019258 -0.027164 -0.010201 0.053223 -0.023063 -0.021099 -0.030671 0.023545 -0.058866 0.041626 0.052392 -0.028707 0.001165 -0.051379 -0.080006 -0.000988 -0.101676 0.054266 0.000513 -0.001481 0.023213 0.011894 0.065803 0.055343 -0.004798 -0.035800 0.001981 0.000000 0.030685 0.001702 0.000000 0.036017 0.101924 -0.007977 
0.030921 7841.820627 0.011311 0.007346 0.005504 0.000000 -0.040606 0.035171 0.017772 0.011395 0.030215 -0.039535 -0.006984 0.000000 0.035901 0.026384 0.000000 -0.010025 0.048441 -0.107960 0.000000 0.045434 0.000000 0.000000 -0.000601 0.000420 -0.105908 0.022509 0.013026 0.000000 -0.015784 -0.001945 0.003265 0.024193 0.009632 0.000801 0.011316 -0.000744 -0.042272 0.000316 -0.040090 -0.050277 -0.022394 -0.041934 0.044330 0.000983 -0.079299 0.019499 0.052189 -0.058961 -0.069131 0.000000 -0.000843 -0.002278 -0.048200 -0.016985 -0.098087 0.061163 -0.014107 -0.116254 -0.003657 0.000407 -0.004807 -0.002569 0.007402 0.005023 0.000103 -0.022103 -0.078917 0.000000 0.000000 0.064315 0.024107 0.000139 0.077067 -0.023344 -0.094343 0.029063 -0.037540 0.026758 0.083045 -0.000543 -0.024732 -0.004709 -0.008656 0.001292 -0.016152 0.007578 0.080628 -0.002105 -0.021254 -0.008228 0.005656 -0.001321 0.007147 0.021084 -0.057011 0.005760 0.004678 -0.056176 -0.061328 0.081541 0.083898 -0.020750 0.029825 -0.002318 -0.087936 0.062002 0.000000 -0.005374 0.000169 -0.009219 0.046209 0.000000 0.009358 -0.003641 0.012954 0.022469 0.062657 -0.001803 0.072147 0.000639 0.007264 -0.008106 -0.032115 0.000000 -0.092381 -0.007121 -0.023605 0.081154 0.002218 0.090221 -0.001089 -0.035192 0.019752 -0.055904 0.000000 -0.079782 -0.111809 -0.013792 0.013507 -0.002881 0.019907 0.000554 -0.048356 0.101630 0.082691 -0.027968 0.044011 -0.040815 -0.046257 -0.021676 -0.110643 -0.094883 0.083354 0.064528 -0.003299 0.046745 0.105898 0.004659 0.002455 0.042638 -0.025137 0.059268 -0.008259 -0.046065 -0.045555 0.044869 0.006978 0.013644 0.000318 0.087056 -0.071218 0.093627 0.003546 0.004792 -0.006462 0.006274 -0.017775 0.028948 -0.070907 0.000000 0.068547 -0.043609 0.040072 0.033023 -0.024691 -0.054003 0.000499 -0.115389 0.113019 -0.003814 -0.001964 0.000000 0.005096 0.000680 
-0.074276 0.011311 7.085762 -0.000959 0.032587 -0.030664 0.015184 -0.087064 -0.045361 -0.078516 -0.010606 0.087099 -0.016364 0.051276 -0.038452 0.076373 0.038411 0.100643 -0.001889 0.055578 0.005948 0.083403 0.040576 0.046608 0.000135 -0.105283 0.065423 0.057907 -0.028595 0.020311 0.018775 0.004308 0.003887 0.088017 0.031004 -0.010464 -0.026489 -0.037503 -0.024769 -0.007398 -0.024520 -0.070905 -0.102342 -0.012408 0.023230 0.004664 -0.024409 0.018897 -0.089641 -0.035650 -0.047438 -0.009453 -0.034485 -0.006342 -0.061611 -0.022369 -0.023827 0.002520 0.026100 -0.038733 0.090828 -0.101969 0.110515 -0.034503 0.072159 -0.085514 0.007134 0.042735 0.064018 -0.038657 0.024830 -0.000271 -0.000548 -0.110269 -0.008718 0.000000 -0.032436 -0.086921 -0.064969 -0.033356 -0.023071 0.040067 0.027886 -0.116571 0.070111 -0.085487 -0.106066 -0.094377 0.090351 -0.094695 -0.028102 0.102809 0.000000 -0.021633 -0.103871 -0.072037 -0.098982 -0.015695 0.003052 -0.030363 0.005178 -0.000735 -0.032990 0.052380 -0.064281 0.089585 -0.106063 0.009883 0.037777 0.097590 0.005394 -0.035519 0.005208 0.003612 0.030432 0.019816 -0.016457 0.002510 0.000930 0.038788 0.088473 -0.086927 0.027162 0.014175 -0.079239 0.038418 -0.014603 -0.115259 0.015357 -0.037144 -0.021277 -0.005666 -0.065351 0.016064 -0.098064 0.002268 -0.027080 0.003118 0.003449 -0.004468 -0.077371 0.070282 -0.037439 0.069426 -0.022708 0.052719 -0.008143 -0.105646 0.078467 -0.003409 -0.046612 0.090057 0.091984 0.033355 0.087374 0.000249 0.041968 -0.087832 0.041696 -0.013806 0.015387 -0.079077 -0.045850 -0.008236 0.031178 0.067195 0.054561 -0.074163 0.087395 -0.033704 -0.074206 -0.007295 0.101991 -0.068483 0.006470 0.024621 0.070147 -0.008578 -0.011791 0.082481 -0.011514 -0.078482 0.081137 -0.017628 0.016639 0.040765 0.001425 -0.066753 -0.086452 -0.063656 0.039753 -0.000284 0.080148 -0.021214 -0.027708 0.046843 
-0.031055 0.007346 -0.000959 229.222285 -0.100666 0.000000 0.006685 -0.008926 -0.047393 -0.060074 -0.026863 0.005052 0.000727 0.039125 -0.004095 0.082174 0.025670 0.000915 -0.064052 -0.009839 -0.028727 0.000000 0.000000 -0.004387 0.013093 -0.000245 0.064976 0.027922 0.006144 0.000000 -0.015959 0.089676 0.000901 0.018780 -0.066399 0.000000 0.006890 -0.000719 0.032547 0.011378 0.066119 -0.026512 0.098425 0.049563 0.074913 -0.000561 -0.001821 0.001635 0.036008 -0.056316 0.000298 -0.068428 -0.062037 -0.092497 -0.051105 0.009465 0.035166 -0.007515 0.078137 0.038010 -0.098739 -0.062620 0.044913 -0.039401 -0.098191 0.001076 -0.001167 0.027904 0.023379 0.023690 0.000000 -0.055243 0.031313 -0.019601 -0.019981 0.002267 -0.001490 -0.002100 0.089860 -0.024149 -0.027315 0.001530 -0.096328 -0.001862 0.000000 -0.023283 -0.079572 -0.061546 -0.003320 -0.012830 0.032380 -0.077654 0.000279 -0.001723 0.005741 -0.073649 0.021106 -0.001144 0.031776 -0.023233 0.007831 0.053492 -0.110434 -0.092318 -0.027607 0.000512 -0.119436 -0.088350 0.000177 -0.029397 0.097132 -0.021027 0.001343 0.031919 0.077489 -0.008524 0.045384 -0.049148 0.004297 0.108061 0.105253 0.000552 0.090260 -0.031211 0.033584 0.000387 0.037758 0.091078 0.012720 -0.048518 -0.045762 0.008567 0.049488 0.000346 0.043877 0.026205 0.021660 0.027449 0.026122 -0.088393 -0.117210 0.000237 -0.019431 -0.009384 -0.024618 0.060751 -0.035553 0.023482 0.029539 0.007648 0.012273 -0.017572 -0.008900 -0.028518 -0.026451 -0.049129 -0.010559 0.060568 0.036460 0.007831 0.000423 -0.018847 0.035860 -0.012182 -0.006510 -0.002021 -0.098730 -0.009497 0.017506 -0.109137 -0.026739 0.009625 0.006665 -0.027638 0.000739 0.042045 0.008569 0.000580 -0.010793 -0.006422 0.005890 -0.036706 -0.026018 -0.012027 0.077429 0.021671 0.053705 -0.031247 -0.001697 0.087922 0.095569 -0.048713 0.076422 0.017597 -0.003882 -0.071836 
-0.020320 0.005504 0.032587 -0.100666 779.416967 0.000735 0.108334 0.007977 -0.004728 -0.000146 0.071100 0.000400 0.050670 0.000000 0.029483 0.020977 0.000000 -0.003224 0.042305 0.020652 -0.005604 0.001532 0.021479 0.026064 0.000000 -0.016391 -0.001282 0.090128 0.004024 0.074094 -0.093756 0.000000 0.048097 -0.001340 -0.001791 -0.000801 0.000495 -0.000510 -0.072982 0.042100 0.107743 -0.004242 -0.074536 0.002874 0.087454 -0.057246 0.090705 -0.002424 -0.098350 -0.028883 0.077873 -0.081655 0.023604 0.000000 0.027475 -0.022176 0.009658 -0.003241 0.018781 -0.039176 0.006962 -0.009614 -0.042681 -0.100978 0.003265 0.000000 -0.034013 0.116721 -0.058706 -0.106605 0.000000 0.038762 0.011454 -0.058901 -0.108800 0.039436 -0.073310 -0.001041 -0.071570 -0.053304 0.043603 0.000225 -0.040057 0.063151 0.038828 0.045319 0.017310 0.041329 -0.020760 0.005082 0.061208 0.082107 -0.003406 -0.004229 -0.080658 -0.000165 0.005430 0.001492 -0.026531 -0.015202 -0.030830 0.050193 -0.023973 0.108587 0.000837 -0.000204 -0.003713 0.081203 -0.000134 -0.065939 0.004557 0.049445 -0.006441 0.000000 -0.002064 -0.012783 -0.070326 0.010358 0.003492 -0.041429 0.078424 0.006567 0.058003 0.034271 -0.032512 0.000000 -0.034186 -0.109079 -0.022332 0.002664 -0.000435 0.009428 0.000000 -0.060761 0.040636 0.020733 -0.028152 -0.082379 -0.023569 0.078292 0.001177 -0.073714 0.070003 0.001929 0.055248 -0.085539 -0.106453 -0.025711 -0.006443 -0.010096 -0.065907 0.029493 -0.033213 -0.005176 0.000147 0.000000 -0.000598 -0.015266 0.001078 -0.054475 -0.038417 -0.116697 -0.013636 -0.002923 -0.065041 -0.007776 0.036949 -0.011141 -0.034257 0.003405 0.019549 -0.102318 -0.116754 -0.073593 -0.063039 0.018021 0.024397 0.001473 0.047844 0.001065 -0.043664 -0.083989 -0.000826 0.020425 0.064729 0.045431 -0.004553 0.094346 0.013698 0.000000 0.036169 -0.002765 0.067256 0.009031 0.062756 0.009758 
0.017143 0.000000 -0.030664 0.000000 0.000735 2868.700338 -0.009375 -0.027032 0.096813 -0.024574 -0.061959 -0.091046 -0.022234 -0.000425 -0.061677 -0.024789 0.002359 -0.079304 0.082334 0.090788 0.000000 0.000867 -0.016652 -0.029959 0.026112 0.000000 0.113449 -0.049456 0.004225 0.000000 0.072866 -0.013440 0.076276 0.023193 -0.059246 0.000000 -0.005088 -0.062255 0.011407 0.118971 0.072277 -0.016476 0.052949 -0.058102 0.004172 0.019719 -0.071579 0.067565 -0.053459 -0.002990 -0.038747 0.034640 0.057675 0.003336 0.003746 0.048085 0.001423 -0.003252 -0.074448 -0.029611 -0.016371 -0.108631 -0.000137 -0.001701 -0.029608 0.006540 0.004450 0.075118 0.012481 0.041850 0.000000 -0.045942 0.006275 0.092010 -0.048819 0.000547 0.001678 0.036462 -0.056260 0.024508 0.042785 0.000000 -0.046306 -0.057608 0.004272 0.000000 -0.086983 0.016278 -0.001838 0.006798 0.027875 0.024420 0.025323 0.098598 -0.005514 0.004520 0.011871 0.000228 0.008793 0.089354 0.016387 -0.058791 0.017422 -0.076591 0.106877 0.000000 0.011160 0.018029 -0.000192 -0.009559 -0.000646 -0.087122 -0.000650 -0.002169 0.057112 -0.053341 0.022191 0.000000 0.036781 0.111942 0.081226 0.014747 -0.002472 -0.078026 -0.002830 0.000000 -0.064510 0.089961 0.020773 -0.018915 -0.013948 -0.019280 0.006945 -0.080686 -0.007820 0.016695 0.001119 0.013896 -0.112149 -0.015855 -0.019074 -0.111127 0.097733 0.034633 0.008634 -0.062660 -0.007009 -0.028661 -0.119762 0.002938 0.035795 -0.050748 -0.000968 0.000138 -0.015149 0.076363 0.000000 0.024396 0.000000 0.035437 -0.106125 0.074370 -0.003037 -0.051558 0.006154 0.009534 -0.105882 0.001612 0.022543 -0.017561 0.000642 -0.035882 0.000571 0.038222 -0.029091 -0.070376 -0.039872 0.000000 -0.029224 -0.041096 0.003967 -0.004040 0.095744 0.055623 -0.056385 0.000957 0.095474 0.000000 0.000824 0.039246 -0.062371 -0.002488 -0.088862 -0.017480 0.000000 0.001852 
-0.026605 -0.040606 0.015184 0.006685 0.108334 -0.009375 0.254169 -0.069971 0.105677 0.079513 0.008767 0.103351 -0.026963 0.028306 0.087109 0.019870 -0.003501 0.012461 0.006115 0.000000 -0.000525 -0.010302 0.048081 0.009097 0.001340 0.011443 -0.056315 -0.031827 -0.118244 0.002195 -0.013496 -0.061666 0.053588 -0.046258 -0.003152 0.099113 0.084277 -0.108411 -0.003196 0.024711 -0.080322 -0.004504 0.025346 0.037444 0.092249 -0.028301 0.016428 0.006569 0.015083 0.023634 0.036149 -0.024989 0.039504 -0.013007 0.030726 0.010182 -0.028938 0.016556 -0.014953 -0.101766 0.004306 0.084335 -0.085093 -0.014356 -0.106656 0.115842 0.109599 -0.052206 -0.100286 0.037791 -0.019071 0.023340 0.046050 0.044963 -0.046994 0.028571 -0.089476 0.044419 -0.033188 0.008026 -0.049555 0.017900 0.003452 0.055032 -0.036614 0.081549 0.032967 -0.008561 0.018165 0.065159 -0.027352 0.021995 0.084098 -0.111589 0.010105 -0.006364 0.012738 0.043378 -0.074956 -0.074234 0.098774 0.046158 -0.063165 -0.027596 -0.027874 -0.089985 0.015700 0.051051 -0.018518 0.067106 -0.011875 -0.008410 0.019032 -0.050614 -0.005250 0.042789 0.020704 -0.001276 0.001367 0.001235 -0.030862 -0.039947 0.007752 0.042854 -0.049545 -0.016401 0.073924 0.051844 -0.017033 -0.049979 0.018547 0.013393 0.008603 0.064240 0.037590 -0.006582 -0.040110 0.000000 -0.053775 0.066234 -0.026801 0.041886 0.033077 -0.066195 -0.033453 0.058676 0.064582 -0.038362 -0.002654 -0.087147 0.046879 -0.068436 -0.011679 0.000106 0.103003 -0.003725 0.027926 -0.088096 -0.043001 0.059940 -0.108854 0.005218 -0.045044 -0.017814 -0.087685 0.012804 -0.012530 0.006430 -0.055673 -0.034016 -0.018273 -0.026094 0.014180 0.043263 0.004189 -0.004389 0.017194 -0.051188 -0.032720 0.048644 -0.059046 0.034420 0.067175 -0.008159 -0.027686 0.050164 0.089469 0.039486 0.031137 0.056562 -0.082112 0.016425 0.000892 -0.007592 0.027915 0.040957 
-0.000529 0.035171 -0.087064 -0.008926 0.007977 -0.027032 -0.069971 144.466141 -0.011584 -0.026583 0.068144 -0.031332 -0.001440 -0.000615 0.012739 0.044095 -0.009248 0.098029 0.030064 -0.039471 0.004415 0.000000 0.064567 -0.010739 0.045783 0.000000 0.000000 0.007833 -0.056068 0.001101 0.075704 -0.083482 0.001323 0.004499 -0.019859 -0.001064 0.009053 0.027359 -0.008768 0.062194 0.006140 0.006471 -0.040347 0.067871 0.018545 0.000000 -0.033759 -0.023868 -0.070209 -0.019456 -0.040113 -0.011310 0.060148 -0.068576 -0.041969 0.026014 -0.004067 0.008672 -0.064852 0.000000 0.005824 0.112146 -0.000774 0.017534 -0.005505 -0.001593 -0.005598 -0.004149 0.000000 0.000000 0.001637 0.028570 -0.044580 0.008124 -0.014460 0.052662 -0.033911 -0.005826 -0.095719 0.001881 -0.018958 0.000194 -0.002629 -0.089149 -0.028805 -0.069729 -0.048792 0.010975 -0.064130 -0.020138 0.039484 -0.046159 -0.006843 -0.001015 -0.089513 0.090149 0.003649 0.003943 0.061553 0.000804 -0.071539 -0.000414 0.018358 -0.039589 -0.042927 -0.010689 -0.058392 -0.000805 0.002159 -0.003009 0.000000 -0.021628 0.086930 0.001568 -0.006519 -0.005241 0.081886 0.055625 0.064563 0.063854 0.010559 -0.000529 0.093983 -0.031278 0.031716 -0.020622 0.005002 0.000000 0.000000 -0.003842 -0.000952 -0.077541 0.001382 0.002741 -0.007810 -0.002496 0.000620 -0.001693 -0.027626 0.013985 0.089015 -0.015256 -0.003939 0.016660 0.075897 -0.070957 -0.016774 -0.033263 0.001516 -0.089961 0.031500 0.116117 0.000320 0.000000 0.064493 -0.041952 -0.001719 0.001297 0.003235 -0.025869 -0.007403 -0.079348 0.008511 0.068429 0.090071 0.036269 0.010475 0.006131 -0.050249 -0.095278 0.008612 0.004380 -0.056847 0.036701 0.011315 0.026510 0.008974 0.013727 0.034461 0.000492 -0.024396 -0.013397 -0.086523 -0.102970 0.015945 -0.000249 -0.028023 -0.059904 -0.000471 -0.000132 0.103587 0.002146 0.031281 0.000000 -0.034459 0.000000 
0.015036 0.017772 -0.045361 -0.047393 -0.004728 0.096813 0.105677 -0.011584 133.547912 -0.090963 -0.070970 -0.000492 0.024542 0.022867 0.076917 0.016648 0.006517 -0.069773 0.020843 -0.013877 -0.050868 0.001875 0.006033 0.001119 0.009784 0.014800 -0.043399 0.002431 -0.000744 -0.003490 0.035877 -0.015170 -0.044144 -0.093255 0.040208 -0.047861 0.085471 -0.004785 -0.064696 0.016104 -0.053759 0.044765 -0.020444 -0.035433 0.004404 -0.114881 -0.017341 0.002508 0.011958 0.059450 0.015961 0.104493 -0.088769 -0.016542 -0.014979 -0.004107 0.055983 0.009638 -0.033005 0.066680 -0.010069 -0.048802 -0.001021 0.000000 0.000666 0.012476 0.001828 -0.102219 -0.011706 -0.006640 0.009442 0.000000 0.000000 0.026211 -0.029344 -0.002185 -0.063616 0.015148 0.068275 -0.010786 -0.075400 -0.005865 0.041787 0.030517 0.052401 0.000450 0.109620 -0.032950 -0.109063 0.008203 0.000755 -0.024508 0.000940 -0.007615 0.047616 -0.036476 0.003446 0.036376 -0.021576 -0.102049 -0.026055 -0.030714 -0.055999 -0.003150 -0.029041 -0.116341 0.120726 -0.013956 -0.004634 -0.003158 0.000754 0.071462 0.038724 0.023530 0.021335 0.003083 -0.033260 0.023246 -0.006628 -0.032370 0.030414 -0.078491 0.015484 0.028956 -0.094154 0.000347 -0.011830 -0.052821 -0.004684 0.087040 -0.079481 -0.102683 -0.005447 0.103139 0.002190 0.003382 0.000928 -0.022780 0.106389 -0.010704 0.102427 -0.000351 -0.031191 -0.002087 0.035297 -0.025127 0.006578 0.019673 0.007823 0.047672 0.025140 0.072198 -0.002390 0.002199 -0.095409 0.001111 -0.014252 -0.019404 0.000000 -0.024941 -0.001577 -0.015618 -0.052250 0.000362 -0.091413 -0.003205 0.049588 -0.016671 0.044353 -0.000237 0.015533 -0.012034 0.053048 0.063552 -0.016949 -0.002957 -0.023871 -0.052263 -0.092289 -0.015077 0.007206 0.001151 -0.014116 0.000542 0.115860 -0.009823 -0.089215 -0.000556 -0.022731 -0.013059 0.010200 -0.014634 -0.009696 0.000000 -0.004198 -0.012003 
0.086622 0.011395 -0.078516 -0.060074 -0.000146 -0.024574 0.079513 -0.026583 -0.090963 67.153149 -0.066583 -0.002641 -0.047279 -0.065877 -0.077222 0.004933 0.001237 -0.001102 0.046132 -0.008524 -0.002868 -0.001842 0.000000 0.000000 0.042898 0.001004 -0.000296 -0.015433 -0.034322 0.010749 0.039582 0.000129 -0.094663 -0.003805 -0.076547 0.041595 -0.023601 0.038749 0.019961 -0.011541 -0.068830 0.014182 0.043694 -0.032215 0.007665 0.000000 -0.018336 -0.120408 -0.047103 -0.091420 0.009971 0.099328 -0.077001 -0.012918 0.051015 -0.098028 -0.095700 0.109853 0.028261 0.071722 0.062711 0.000474 -0.000967 -0.094465 -0.002357 -0.005286 -0.108741 0.027874 0.036331 -0.002497 0.000186 -0.110121 0.023619 0.000312 0.026696 -0.010863 -0.032490 0.012818 -0.009103 -0.015444 -0.016256 0.005183 -0.044924 -0.007689 0.000677 -0.106088 -0.002744 -0.050253 -0.033546 -0.001160 0.010452 0.002124 -0.013639 0.014739 -0.003428 -0.075204 0.023257 0.006576 -0.078491 -0.070091 -0.055106 0.008854 0.017153 0.001101 -0.022155 -0.000374 0.002155 -0.013095 -0.007752 -0.003245 -0.037923 -0.025342 0.055881 -0.001000 0.011347 -0.009291 0.097765 -0.048744 0.000178 0.100278 0.003315 0.000704 0.057575 0.003710 0.105138 -0.011433 -0.009864 0.013964 -0.000219 -0.009232 -0.033860 0.036076 0.046277 0.003144 0.069705 -0.081312 -0.040857 -0.011848 0.043519 -0.000795 0.015300 0.078768 -0.047157 0.013066 0.098021 -0.109736 -0.070843 -0.001870 -0.045719 -0.003220 -0.032779 0.089920 0.022862 0.002114 -0.002630 0.007887 0.034193 0.000256 -0.000441 -0.010586 -0.010596 -0.091212 0.025629 -0.095940 -0.007997 0.019702 0.012528 -0.015306 -0.016485 -0.096062 -0.024215 -0.019239 -0.044672 0.020841 0.039940 0.002688 -0.006625 -0.019070 -0.003969 -0.041907 -0.007697 -0.030579 0.024861 -0.041201 0.032912 -0.001769 -0.075621 0.041961 -0.052872 -0.063773 0.068454 0.029238 -0.006381 -0.008637 -0.004696 -0.002981 
-0.055216 0.030215 -0.010606 -0.026863 0.071100 -0.061959 0.008767 0.068144 -0.070970 -0.066583 0.620307 -0.023319 -0.005772 0.055486 0.007827 -0.041274 0.004376 -0.052210 0.060415 -0.089015 -0.087402 -0.028254 -0.092045 -0.020061 0.014443 -0.004090 0.024666 -0.066042 -0.043419 0.000597 -0.016413 0.089842 -0.017253 0.068448 -0.047263 -0.087493 0.068207 -0.068083 0.061566 0.036268 -0.032861 -0.002999 0.002937 -0.047222 -0.014486 0.006477 -0.031596 -0.017849 -0.053221 0.037291 0.068054 0.005623 0.062189 -0.000603 -0.014216 0.086295 -0.040010 0.082504 0.001609 0.062784 0.026319 0.102008 0.062518 0.043408 -0.014617 0.003170 0.000000 -0.033417 0.107043 -0.042877 0.000902 -0.033315 -0.091324 0.049811 0.028535 -0.040746 -0.031420 0.067055 0.004938 -0.033577 -0.047006 0.032781 0.101421 0.021150 0.005230 -0.020547 -0.119490 0.018475 -0.060214 0.011952 -0.075114 0.019634 0.084453 0.080074 0.021692 0.023470 0.001757 0.049614 -0.016339 -0.056596 -0.034711 0.000244 -0.052162 -0.111790 -0.048173 0.047120 -0.011774 -0.023325 0.012762 0.000000 -0.110993 0.028516 0.015002 -0.058878 -0.045846 -0.050340 0.051943 -0.037927 0.022120 -0.027417 0.011217 -0.004321 0.084746 -0.030817 -0.020915 -0.004317 0.069094 0.057577 -0.001998 0.044473 0.027181 0.030284 -0.007110 -0.007040 -0.059685 0.031437 0.085750 0.003545 -0.062509 -0.058781 -0.048563 -0.049283 -0.050401 0.066594 -0.071183 0.014526 0.029506 0.010705 -0.012085 -0.001825 -0.038978 -0.010544 -0.010532 0.035684 0.050992 -0.010862 0.018501 0.078872 -0.053063 0.039938 0.100158 0.015986 0.000000 0.034873 0.019340 0.049707 -0.031521 -0.023474 -0.018916 0.032054 -0.063956 -0.034078 -0.041206 -0.054550 -0.016201 -0.109692 0.036195 -0.090841 -0.013164 0.035367 0.082006 0.104978 -0.007011 -0.052137 -0.058332 0.031408 0.010344 0.075532 0.054014 -0.014740 -0.091302 -0.016465 0.013790 -0.019326 -0.043060 -0.064922 
0.000000 -0.039535 0.087099 0.005052 0.000400 -0.091046 0.103351 -0.031332 -0.000492 -0.002641 -0.023319 19.471329 0.000450 0.023624 0.049819 -0.055554 0.027913 0.000000 -0.012822 0.035628 0.000822 0.001791 0.037690 -0.029970 -0.077242 -0.000409 0.038899 0.048462 0.004708 0.047517 0.011907 -0.113610 0.045934 0.030860 0.007800 -0.083058 -0.004425 -0.004266 0.078533 -0.016661 -0.028990 0.073068 0.000119 -0.014771 0.025122 0.002813 0.090272 -0.058260 -0.046729 0.015360 0.006282 0.062777 0.015678 -0.000877 0.039525 -0.009644 -0.050209 0.002576 0.016322 0.085576 0.002089 -0.040314 -0.008160 0.002657 0.012167 -0.073166 -0.000137 -0.028183 0.002419 -0.055769 -0.032196 0.005077 0.084674 -0.000421 0.024358 -0.112317 0.093206 -0.028179 -0.062862 0.022165 -0.003796 0.024409 -0.077610 -0.067073 -0.002076 -0.054810 0.072033 0.046776 -0.050762 -0.016560 -0.007643 -0.002329 0.004419 0.017705 0.089562 -0.055276 -0.076765 -0.085583 0.087328 0.018868 0.035176 -0.001326 -0.077837 0.068050 -0.107559 0.006846 0.026570 -0.002929 0.036182 -0.001836 -0.065530 0.040127 -0.004048 0.022116 0.000000 -0.004205 -0.044912 0.014073 0.073113 -0.004756 -0.002152 0.019362 0.000177 -0.003978 -0.039288 -0.004844 -0.110055 -0.026259 0.032476 -0.002516 -0.065581 -0.057892 0.032668 -0.000492 -0.002055 -0.005016 -0.035846 -0.001043 0.045548 0.005401 0.026552 -0.024148 0.002424 -0.037696 -0.027685 0.061652 0.031997 -0.077603 0.016625 -0.004608 -0.037913 -0.056283 -0.075199 -0.026942 -0.089034 0.022664 -0.010373 0.017678 0.113889 0.091584 0.021626 0.006328 0.002613 -0.005381 0.012732 0.029864 0.046615 -0.030889 0.072528 0.007729 -0.001873 0.079842 -0.037633 0.006391 -0.076229 -0.104829 -0.103478 -0.086058 -0.025889 0.024860 0.094304 0.000000 -0.027446 0.118771 0.015358 0.002239 -0.045767 -0.061641 -0.008627 0.112343 0.057750 0.013844 0.074257 -0.001049 -0.004471 -0.033837 
0.004136 -0.006984 -0.016364 0.000727 0.050670 -0.022234 -0.026963 -0.001440 0.024542 -0.047279 -0.005772 0.000450 139.126837 0.019865 -0.065457 0.105067 0.000751 -0.015675 -0.005930 -0.048815 -0.025873 0.064740 -0.008402 0.001961 -0.011328 0.043337 -0.000460 0.085375 0.059111 -0.005603 -0.034036 -0.015911 0.000000 -0.000599 -0.051126 0.001914 -0.032386 -0.022841 0.043709 0.109177 -0.014751 0.001395 -0.084934 -0.058409 0.110461 0.003275 -0.014711 -0.103386 -0.015676 0.076867 0.018223 -0.032289 -0.016503 0.000000 0.073461 -0.023163 0.040024 0.065668 -0.029217 0.041628 -0.008310 0.000411 -0.013768 0.003004 0.044574 -0.003114 -0.032629 -0.031036 0.014211 -0.037714 0.012167 -0.033348 0.020160 0.001978 0.072703 -0.027955 0.016810 -0.010948 0.050653 -0.060484 0.026483 0.000218 -0.004575 0.079805 -0.070719 0.015625 0.007754 -0.100916 -0.003614 0.077827 -0.000642 -0.000215 0.004067 -0.067109 0.004271 0.033353 0.010764 -0.001655 0.030205 0.071306 0.037000 0.031171 -0.018508 0.017967 -0.119266 0.027545 0.117747 -0.043294 -0.030386 0.045095 0.004901 -0.032823 0.000999 0.009393 -0.086164 0.000699 0.001429 -0.053142 0.000000 0.104959 -0.011169 0.036718 -0.036053 -0.038844 0.016019 -0.004410 -0.112089 -0.013446 0.013875 0.020829 -0.000486 -0.027988 -0.004231 0.026472 0.080194 0.054524 -0.003448 -0.009309 -0.040214 0.039360 -0.065664 0.023820 -0.013599 0.001261 0.017995 0.060541 0.000000 -0.024826 -0.010328 0.000234 -0.006748 -0.098231 -0.007411 -0.015823 0.013424 -0.074908 0.035119 -0.079878 0.049720 -0.008195 -0.049687 0.001691 0.072688 -0.084801 -0.009304 0.086875 -0.006819 -0.018173 0.001374 -0.026613 0.023878 0.038011 0.036234 -0.043041 -0.009784 0.093886 -0.111894 0.017494 -0.009103 -0.057002 0.000000 -0.025752 -0.012728 -0.117609 0.000684 -0.033145 0.115413 0.024236 -0.032967 -0.010506 0.036194 -0.086957 0.044575 -0.021701 -0.026881 -0.000241 
-0.001860 0.000000 0.051276 0.039125 0.000000 -0.000425 0.028306 -0.000615 0.022867 -0.065877 0.055486 0.023624 0.019865 375.929066 -0.023063 -0.086110 0.035209 -0.098090 0.028402 -0.065903 0.000588 -0.001851 -0.002599 0.026489 0.000467 -0.109539 0.003704 0.077287 0.000887 0.042780 0.039807 -0.108008 0.010870 0.000710 -0.000727 -0.033146 0.000851 -0.060042 -0.002335 -0.060911 -0.081189 -0.072947 0.060547 0.046645 0.028674 0.013541 -0.073501 -0.012685 0.058062 0.018613 0.061785 -0.013508 -0.029459 0.001782 -0.018599 0.020131 0.089106 -0.001121 -0.061240 -0.096631 0.001479 0.018054 -0.004368 -0.001425 -0.000539 -0.002311 -0.023416 0.003419 -0.007797 0.002035 -0.047997 -0.011087 0.051119 -0.013385 -0.009238 -0.082673 0.030086 0.000853 0.027214 -0.070123 -0.000995 0.000000 0.076368 0.109424 0.063616 0.003091 0.016408 -0.000126 0.018924 0.091637 0.001788 0.070617 -0.035283 -0.000897 0.000741 -0.080790 -0.009310 -0.032206 0.113986 -0.035501 -0.003300 -0.044050 -0.007850 0.038387 0.000761 -0.001475 -0.000546 0.000000 0.001011 -0.019996 -0.001215 0.002871 0.000000 -0.000178 -0.046115 0.018961 -0.000401 -0.060405 0.000000 0.019861 0.000000 0.011502 -0.000427 0.039235 0.068800 0.000000 -0.017850 -0.002479 0.015026 -0.024482 -0.002327 -0.046463 0.003609 0.020365 0.053269 -0.017607 0.000297 0.114954 0.004340 -0.048776 0.000000 0.000000 -0.099271 -0.078167 -0.021276 -0.011279 -0.017388 -0.057018 0.033734 -0.040162 0.116485 -0.074350 -0.037897 -0.087546 -0.003766 -0.000234 0.001550 -0.005276 -0.069957 0.072374 -0.007812 -0.102943 -0.042604 -0.060790 -0.067234 -0.002948 0.012677 0.043828 0.007702 0.003320 -0.025445 -0.028631 0.090076 0.039650 -0.023542 0.001966 -0.102825 0.000000 -0.029428 0.064923 -0.013206 0.000383 -0.018201 -0.003348 0.015076 -0.087333 -0.105163 -0.086377 0.001304 -0.003893 -0.018455 0.000000 0.004443 0.000000 0.006627 0.000424 
-0.039472 0.035901 -0.038452 -0.004095 0.029483 -0.061677 0.087109 0.012739 0.076917 -0.077222 0.007827 0.049819 -0.065457 -0.023063 3.239273 -0.095276 0.049089 0.008919 -0.062738 -0.002803 -0.009236 0.028456 -0.017924 0.054720 0.079879 -0.056354 -0.003382 -0.030198 0.009018 -0.011896 -0.070293 -0.003484 0.098717 0.020578 0.106706 -0.054205 0.064845 0.083420 0.080711 0.091130 -0.100391 -0.054770 -0.024381 0.030365 0.004818 0.117295 0.071986 -0.014151 -0.107639 -0.027013 -0.014745 -0.001711 0.004320 -0.017369 0.004885 -0.000690 -0.023372 0.045893 -0.049549 0.039778 0.085741 0.040002 -0.082570 -0.000704 -0.012755 0.036442 0.056917 -0.090397 0.069484 0.010487 -0.036173 -0.110719 0.095026 0.009863 -0.024635 -0.033215 -0.029557 -0.002801 0.048925 0.107335 0.020113 0.091282 -0.006347 -0.073083 0.101575 0.000611 0.068493 -0.095093 0.010581 -0.021317 0.000218 0.001746 0.011219 0.001100 -0.051316 0.072606 0.080212 -0.106028 -0.004310 -0.026868 -0.017237 -0.000183 -0.034597 -0.006431 -0.024518 0.021642 0.056044 -0.018642 0.110644 0.079916 0.072010 -0.044291 0.004624 0.081758 -0.058960 -0.074584 -0.051101 0.089243 -0.000882 -0.035752 0.071383 0.072999 0.078684 -0.066395 -0.095244 0.056820 -0.100110 0.070163 0.066025 -0.003476 -0.019632 0.017422 -0.030599 0.042213 -0.008126 0.003286 -0.043349 0.054700 0.024601 0.015304 -0.072957 -0.045934 0.049269 0.037778 0.039680 -0.009546 0.005485 -0.070633 0.092700 -0.098839 -0.089449 -0.057103 0.061600 -0.054557 0.000899 -0.058317 -0.016207 -0.048379 -0.077332 0.030304 -0.090005 0.060588 0.071719 -0.041527 0.010508 0.038056 -0.017041 -0.002433 -0.005952 0.083894 0.109817 0.003202 -0.026480 -0.068795 0.073790 -0.032185 0.045593 0.078487 -0.046494 0.003126 -0.006962 -0.080573 0.053744 0.008627 -0.007882 -0.100012 -0.009691 0.026797 0.108812 -0.104944 -0.083181 0.022268 0.004510 -0.083438 0.009264 0.084831 
0.093166 0.026384 0.076373 0.082174 0.020977 -0.024789 0.019870 0.044095 0.016648 0.004933 -0.041274 -0.055554 0.105067 -0.086110 -0.095276 0.291159 0.005550 0.003281 0.020798 0.053957 -0.021744 0.093945 0.075280 -0.008605 -0.091813 -0.021732 -0.044343 -0.024109 0.017493 0.055083 -0.039595 -0.026998 -0.032321 0.078579 -0.064028 -0.054316 0.062598 0.019612 0.049298 0.018083 -0.012887 0.057802 0.014425 -0.049846 -0.004176 -0.031464 0.107540 -0.013772 0.013374 -0.041155 0.025803 -0.009365 -0.074345 0.002785 0.061552 -0.020915 -0.002364 0.084744 0.031380 -0.028343 0.020253 0.110493 0.013282 -0.100562 -0.088888 -0.057784 -0.013110 -0.096527 -0.000489 -0.033283 -0.076113 -0.010270 -0.076090 -0.071471 -0.040752 0.061182 0.052785 0.055687 0.001234 -0.012630 0.023416 0.005263 -0.029254 0.017148 -0.116740 -0.032961 0.020511 -0.062714 -0.009449 0.100261 0.036748 -0.027144 0.023824 -0.031894 -0.040022 -0.051606 0.047642 -0.021066 -0.020676 0.070636 0.026675 -0.028892 -0.051010 0.052837 -0.028071 0.020341 0.009256 0.056102 -0.052995 0.083625 0.005154 -0.092486 0.061938 0.034802 -0.033004 0.028338 0.099904 0.081223 0.047979 0.032258 0.014534 0.035768 -0.014669 0.032042 0.034967 -0.061744 0.042582 -0.039850 0.102237 -0.111051 0.051301 0.015574 -0.051953 -0.084223 -0.003483 -0.075141 0.113004 -0.072994 -0.041259 -0.015665 -0.060970 -0.110886 -0.088808 0.022657 -0.052281 0.015542 -0.031829 0.023426 -0.021509 -0.000319 -0.046155 0.044465 -0.070981 -0.038052 -0.095632 0.024902 0.037320 -0.056939 -0.020235 0.111035 -0.004544 0.079952 0.025357 -0.005497 0.036037 0.029938 -0.005323 -0.004934 0.002706 -0.058960 0.040875 0.004413 -0.014897 -0.025229 -0.010717 0.016659 0.016743 0.003311 -0.037021 -0.001902 -0.029410 -0.086450 0.038773 -0.008523 0.097057 -0.119802 -0.046499 0.000000 -0.093463 -0.044708 0.088181 -0.086396 -0.031751 -0.030523 0.067095 0.033760 
0.000000 0.000000 0.038411 0.025670 0.000000 0.002359 -0.003501 -0.009248 0.006517 0.001237 0.004376 0.027913 0.000751 0.035209 0.049089 0.005550 1707.170020 -0.100740 0.031120 -0.032370 -0.012928 0.000824 -0.002607 -0.000756 0.001781 0.000000 -0.006874 0.040557 -0.000478 0.000000 0.022333 -0.040114 0.052316 0.000000 -0.010780 0.056185 0.014797 -0.112059 -0.030094 0.008726 0.036735 -0.085480 0.035809 0.068512 -0.015820 -0.055636 -0.020461 -0.008546 -0.062560 0.074112 -0.066786 0.021346 0.027766 -0.016242 0.041331 0.012865 0.022166 -0.042226 0.005562 0.002008 0.000000 -0.055419 0.082925 -0.026265 0.000000 -0.023100 -0.018564 0.084555 0.030189 0.002447 -0.049057 -0.041002 -0.057683 -0.000130 -0.030097 -0.115344 0.056839 -0.033064 -0.010297 0.004248 0.016495 -0.000246 -0.015259 0.022710 0.033525 -0.001338 -0.004088 0.044931 -0.120373 -0.007336 0.002677 0.016987 0.057346 0.000732 0.064310 -0.003283 0.001798 -0.051595 0.007279 0.019302 0.060407 0.001603 0.104162 -0.013154 -0.076130 -0.000308 0.025665 0.024120 -0.021023 0.002886 0.000603 -0.092590 0.000000 -0.010631 0.000958 -0.021222 -0.089183 0.102128 -0.019309 -0.010265 0.039675 0.001727 -0.009337 0.066775 0.034639 -0.006793 -0.059939 -0.002922 -0.002018 0.000000 -0.079112 0.099533 -0.001727 0.001180 -0.003225 -0.030784 -0.000240 0.000245 -0.000510 -0.018802 0.084460 -0.007203 0.015720 -0.003127 0.071977 -0.017588 0.042757 -0.002378 0.082244 0.000149 -0.105295 -0.065289 -0.050509 0.018370 0.003495 0.002246 0.000000 -0.002264 -0.014641 0.091983 -0.010713 -0.023129 -0.043239 -0.022993 0.034514 0.011801 0.017083 0.011463 -0.006407 -0.111487 -0.024518 -0.043111 -0.002189 0.073309 -0.004928 -0.055838 0.066889 -0.001681 0.064202 -0.015480 -0.053530 0.000000 0.043506 -0.011984 -0.104912 0.000000 0.005739 0.037041 -0.000294 0.000000 0.046361 -0.100364 0.000000 -0.064630 0.000000 -0.069914 
0.075910 -0.010025 0.100643 0.000915 -0.003224 -0.079304 0.012461 0.098029 -0.069773 -0.001102 -0.052210 0.000000 -0.015675 -0.098090 0.008919 0.003281 -0.100740 17.303498 0.006750 0.024687 0.089302 -0.099554 -0.057758 0.023635 0.011478 0.000449 0.049053 0.049129 -0.006198 -0.001263 -0.102236 0.007073 -0.052953 -0.000285 0.099852 0.020085 -0.088012 -0.048865 0.004869 0.006730 -0.010427 0.016638 0.027575 0.064549 0.071981 0.092190 0.020482 -0.014392 -0.055116 0.098161 0.037869 -0.022364 -0.075536 0.108766 0.050068 -0.001214 -0.038617 0.023073 0.053990 -0.073921 -0.063633 0.047616 -0.119064 -0.102939 0.065137 -0.008727 -0.011025 0.002782 0.010448 -0.001265 0.088441 -0.042937 -0.102482 -0.000930 -0.022067 -0.050994 0.096232 0.069168 -0.058537 0.082241 -0.003194 -0.001730 -0.008748 -0.009536 -0.002708 0.020820 -0.073316 -0.045962 -0.078940 0.015126 0.063558 -0.049928 -0.120577 -0.004116 0.028459 -0.041325 0.002674 -0.011454 -0.029232 0.000000 -0.061826 0.037270 0.079412 -0.105548 0.002426 -0.082058 0.058037 -0.046702 0.013701 0.054054 -0.032580 -0.034347 -0.081196 0.062831 -0.116629 -0.027096 0.006168 0.020692 -0.049165 -0.015392 -0.011617 0.006056 0.033791 -0.071070 0.024265 -0.103818 0.053639 0.033412 0.038571 0.005346 0.026662 -0.054626 0.002232 -0.056200 0.024242 -0.035584 -0.024696 -0.035527 -0.013042 -0.049012 0.030037 0.052998 0.020292 -0.074913 0.063568 0.000256 -0.009277 -0.112980 0.013872 0.063203 -0.031740 0.037235 -0.081446 0.030292 0.043153 -0.002858 -0.001866 -0.096411 0.005210 -0.057661 0.091935 0.073816 0.103677 -0.012423 0.043939 -0.039313 0.009623 -0.065652 -0.052455 0.009968 -0.043692 -0.046181 0.000000 -0.017489 -0.002472 0.038853 0.006679 0.003276 0.038319 -0.066868 0.097144 -0.009753 -0.118015 0.102210 0.035072 -0.036111 -0.069211 -0.094943 -0.094139 -0.101983 0.021520 0.118389 -0.059490 -0.046400 -0.006160 0.088367 
0.116414 0.048441 -0.001889 -0.064052 0.042305 0.082334 0.006115 0.030064 0.020843 0.046132 0.060415 -0.012822 -0.005930 0.028402 -0.062738 0.020798 0.031120 0.006750 6.995210 0.051559 0.080050 -0.009235 0.029098 -0.021353 -0.026342 0.001627 0.037770 0.050597 0.075110 -0.043454 0.033897 -0.006118 -0.014068 -0.050680 -0.078138 -0.009006 0.001636 -0.028591 -0.044540 -0.111108 0.000755 0.093123 -0.023436 0.017427 0.022926 -0.081879 -0.005778 -0.024466 0.057106 0.033250 -0.081621 -0.010562 -0.042185 0.096129 0.050496 0.018764 -0.110766 0.006380 0.000000 0.072419 -0.021411 0.061528 0.023295 -0.100604 0.002355 -0.001500 -0.021946 0.080323 -0.012019 -0.050525 0.061464 -0.026624 0.044885 -0.061533 0.042719 -0.086705 0.093005 0.000847 -0.041793 0.015938 -0.005875 0.020481 0.033823 -0.022734 -0.075169 -0.035035 -0.003823 -0.062657 0.018940 0.008419 -0.017414 0.017278 -0.037024 -0.118199 0.094110 -0.034368 -0.010158 -0.038608 -0.070111 0.025715 -0.007872 -0.001482 0.022283 0.064473 -0.010364 -0.019051 -0.002119 0.020191 -0.018441 -0.107371 -0.066013 -0.043665 0.024091 0.021837 -0.004291 -0.084714 0.060110 -0.043455 0.018396 0.106663 -0.005507 0.007780 -0.029479 -0.034422 -0.056957 0.057899 0.027664 0.015637 0.006142 -0.008811 0.097049 -0.049881 0.045116 0.038072 -0.051703 -0.007137 0.022842 -0.017194 -0.037685 0.032244 0.067836 0.015380 -0.112747 0.028843 -0.000470 0.038083 0.044729 -0.064652 -0.069198 0.031204 0.043975 0.062743 0.001162 0.021790 -0.007035 0.020500 -0.000104 0.053135 0.000271 -0.064083 -0.070807 0.057895 0.050671 -0.005210 -0.016083 0.048441 0.105985 -0.002131 0.089576 -0.111045 -0.070074 -0.037712 0.011515 0.074119 -0.095182 -0.014566 0.103691 0.020030 -0.028220 0.076770 0.040234 -0.061120 0.015616 0.069840 -0.026905 -0.030286 0.005536 0.007336 -0.092635 0.043436 -0.036729 0.008077 0.031094 0.042630 0.072486 -0.006237 
0.113546 -0.107960 0.055578 -0.009839 0.020652 0.090788 0.000000 -0.039471 -0.013877 -0.008524 -0.089015 0.035628 -0.048815 -0.065903 -0.002803 0.053957 -0.032370 0.024687 0.051559 1.444830 -0.000178 -0.001044 0.002271 0.014980 -0.011941 0.052930 0.005827 0.022427 0.086318 -0.007437 -0.063743 0.008567 0.032385 0.043258 0.111965 -0.010571 0.062256 0.008791 -0.009391 -0.039766 0.008270 -0.005452 -0.075359 -0.000869 -0.111057 0.069401 -0.016021 -0.001290 0.009194 -0.113423 -0.039472 -0.053277 -0.061298 -0.068997 -0.081510 -0.107223 -0.108214 -0.022986 -0.051948 -0.112099 0.006830 0.017187 0.017969 0.101310 -0.102247 -0.012320 -0.013600 -0.075941 -0.005393 -0.033812 -0.057731 0.070335 -0.038171 0.088337 0.084222 0.078459 0.034884 -0.001102 -0.104285 -0.041225 -0.020311 0.005676 0.016422 0.074706 -0.069387 -0.015393 -0.005365 -0.032952 0.004931 -0.053612 -0.001381 0.043178 -0.031667 0.064456 0.049286 0.036482 -0.050139 0.001092 0.010603 -0.028696 -0.026345 -0.000670 0.000944 -0.044838 0.011839 0.007279 0.096155 -0.060523 -0.072474 -0.054908 0.045571 -0.058059 -0.005329 -0.018704 -0.032827 -0.038140 -0.033726 0.088385 0.002869 -0.063001 0.010211 -0.034774 -0.004414 0.068283 -0.099850 0.003893 0.035308 -0.103398 -0.058023 -0.031415 -0.105083 -0.026498 0.061412 -0.104736 -0.056885 -0.103590 -0.062094 -0.052366 0.038381 -0.030004 0.087341 -0.049824 -0.053554 -0.106245 0.084962 0.027722 0.097167 0.009357 -0.079033 -0.090217 0.055973 0.040767 -0.085809 0.038435 -0.017960 -0.043969 0.023268 0.000946 0.030479 -0.080127 -0.002708 -0.044809 -0.100205 -0.071713 -0.006279 0.109767 0.102384 0.067484 0.031653 0.073312 0.037899 0.023760 0.061194 -0.055101 0.074124 -0.022154 0.035583 0.022090 -0.017655 -0.067264 0.107259 0.004895 -0.022435 0.034179 -0.046841 -0.058789 -0.032497 0.000790 0.081607 0.013256 -0.027097 -0.002153 0.000000 -0.042417 -0.032247 -0.017669 
-0.004289 0.000000 0.005948 -0.028727 -0.005604 0.000000 -0.000525 0.004415 -0.050868 -0.002868 -0.087402 0.000822 -0.025873 0.000588 -0.009236 -0.021744 -0.012928 0.089302 0.080050 -0.000178 623.415226 -0.003174 0.012648 -0.002800 0.074052 0.000661 -0.034221 -0.005493 0.000000 0.028444 0.063651 -0.008424 -0.000734 -0.001946 0.043634 0.000000 -0.009586 0.059015 -0.002654 -0.018883 -0.007616 0.043593 -0.033228 -0.043403 0.014135 0.073410 0.014202 0.020506 0.009384 0.016374 0.069223 -0.083073 -0.015894 0.000226 -0.013557 0.050986 0.045407 0.006386 0.072846 0.090206 -0.021096 -0.041131 0.001962 -0.000142 0.000000 0.001224 0.000300 0.033139 -0.038539 0.023443 -0.002000 -0.001239 -0.001549 0.000000 -0.009706 0.105869 -0.007133 -0.013271 0.032723 -0.003937 0.081869 -0.002516 0.000349 -0.097523 -0.000214 -0.002030 0.001829 0.006058 0.001260 -0.030012 0.001024 0.012124 0.028263 -0.005172 0.005383 0.048131 0.007586 0.005037 -0.000655 0.054037 0.009413 0.000000 -0.064080 -0.034778 0.034759 -0.003989 0.000000 -0.082536 0.001388 0.000000 -0.074149 -0.087526 0.025533 -0.000763 -0.000819 -0.007948 -0.041795 -0.036698 0.092418 0.008137 -0.075129 0.005931 -0.094754 -0.013611 0.051373 -0.103236 -0.091539 -0.071292 0.006495 0.003501 -0.032833 0.026021 0.035522 -0.006419 0.042079 -0.032542 0.009644 -0.049802 -0.025340 -0.002161 -0.001611 -0.006993 0.054264 -0.044864 0.012912 0.046848 -0.045104 0.001897 -0.037580 0.067045 0.031431 -0.057841 0.000519 0.006460 -0.081678 -0.029650 -0.032250 -0.029770 -0.101118 0.022892 -0.000587 -0.066668 -0.003463 -0.044941 0.078466 0.000455 -0.041929 0.028108 -0.022239 -0.046284 -0.070490 0.051627 0.000000 -0.023408 -0.013294 -0.066652 -0.047216 0.004417 0.022684 0.006985 0.000732 0.070880 0.025314 -0.000223 -0.007368 0.000000 0.044061 -0.000877 0.039027 0.047442 0.048853 0.002772 -0.001931 0.002213 0.013189 0.000866 
