108.459212 -0.004228 0.005084 0.005208 0.024509 0.000000 -0.043308 0.087812 0.146320 -0.089962 -0.005898 0.041636 -0.000804 0.083862 0.000406 -0.050230 -0.002199 0.014724 0.077591 0.002615 0.095716 0.006806 0.057606 -0.123445 -0.086752 -0.007334 -0.011559 -0.083917 -0.054229 -0.003948 0.071334 0.116074 -0.001452 0.000000 0.003448 0.003068 -0.089129 0.045326 0.036990 -0.008322 0.001181 0.018184 -0.079758 0.112763 -0.130262 0.034320 -0.001714 -0.054407 -0.020556 -0.002241 -0.049221 0.003437 0.000665 -0.130765 -0.042135 0.048930 0.075175 -0.000217 0.044288 -0.003518 -0.032686 0.055257 -0.100876 0.077356 -0.028439 0.030764 0.087808 -0.068293 0.006405 -0.026646 -0.113424 0.022161 0.002291 -0.017970 0.149276 -0.105056 0.004923 -0.020790 0.073772 -0.026520 -0.088663 0.002979 -0.091623 0.009606 -0.120923 0.006070 0.000441 -0.000426 -0.111303 -0.144598 0.089957 0.002613 0.005366 -0.002810 0.000952 -0.016853 0.066994 -0.118682 -0.136980 -0.072169 -0.021934 -0.066566 0.004480 -0.010140 -0.027763 0.058310 0.017750 -0.000846 0.007756 -0.000758 0.001761 -0.003368 -0.001712 -0.015161 -0.044417 0.136250 0.000946 -0.020779 0.016623 0.013942 0.003078 0.080550 -0.123768 -0.023057 0.001129 -0.022335 -0.115073 -0.111163 0.026448 -0.005593 -0.039997 0.111984 0.032812 -0.071094 -0.014080 0.004466 -0.153780 0.109166 -0.016559 -0.140574 -0.148329 -0.000171 0.068072 -0.041892 -0.083760 0.000130 0.107815 0.099701 0.012003 0.083889 0.007437 0.105632 0.022404 0.021031 -0.053713 0.038870 0.083807 -0.048807 0.065825 -0.036717 0.087592 0.054763 -0.000720 -0.146760 -0.037185 0.131542 -0.013089 -0.029321 -0.004056 -0.019861 -0.113615 -0.038117 0.004492 0.000783 -0.003949 -0.084052 -0.138154 -0.099897 0.041814 -0.032275 -0.003610 0.111950 0.092221 0.153970 0.082577 -0.034819 0.000242 0.014218 -0.001423 -0.113991 -0.058264 -0.054138 -0.093042 -0.039898 0.062368 -0.075224 
-0.004228 12055.672908 -0.043225 0.018369 0.009638 -0.008274 0.112185 0.063193 -0.001210 -0.000689 0.000196 -0.002035 -0.002271 -0.023128 -0.050242 -0.014124 0.006676 -0.084910 0.068487 0.148992 0.019708 -0.057172 -0.069680 -0.063573 -0.004403 -0.000789 0.000299 -0.125893 0.127946 -0.129389 0.006154 -0.017811 0.019059 -0.001599 -0.071812 0.008449 -0.048765 0.018596 0.066537 -0.095341 0.000000 -0.097135 0.005212 -0.074965 -0.123822 0.126664 0.116042 -0.051719 0.015921 0.025941 -0.009664 0.010826 -0.115414 -0.008696 0.002313 -0.114694 -0.097601 0.000000 -0.040466 0.010642 0.008545 0.057334 -0.018819 0.023354 0.000000 0.036927 -0.004619 -0.053824 0.009227 0.046828 -0.097563 -0.014596 -0.028252 0.004883 -0.023704 -0.003478 0.092368 0.003188 -0.001445 -0.020477 0.082121 -0.000141 0.049167 -0.042796 0.017066 -0.006210 0.061721 0.016849 0.047286 0.011863 -0.017252 0.033956 -0.001223 -0.000443 -0.007588 0.072222 0.001067 0.091572 -0.064630 0.013863 0.113264 -0.008657 -0.005522 0.100800 0.001643 0.009544 -0.074297 0.009741 0.000000 -0.008248 -0.004968 -0.000270 0.000000 0.000000 -0.038900 -0.013336 -0.010128 -0.009686 -0.067982 0.148530 -0.153183 0.115278 -0.001251 0.026736 -0.069561 0.096117 -0.023738 -0.061063 0.000000 0.008439 -0.019024 0.111693 0.000697 -0.033067 0.149836 -0.091901 0.001816 0.036563 -0.073478 0.031470 -0.052433 0.000000 -0.011785 0.050019 -0.061948 0.111734 0.002852 -0.063405 -0.152009 -0.093843 0.046459 -0.017519 -0.064219 0.075492 0.112076 0.003073 0.020509 -0.091603 -0.086471 0.003273 -0.001277 -0.035873 0.034646 0.022893 0.138636 0.096754 -0.051215 0.007844 -0.071143 -0.001712 -0.123447 -0.000593 0.007680 0.006175 -0.112156 -0.012046 -0.135108 0.037162 0.032922 0.051242 0.050140 -0.001082 -0.093743 -0.038080 -0.057889 -0.013688 0.000000 0.121960 -0.042348 0.068610 0.009525 0.096116 -0.003390 0.142234 -0.067781 0.079966 
0.005084 -0.043225 90.381649 0.002685 0.038968 -0.118864 0.086313 -0.084529 0.001243 -0.015363 -0.034898 0.002205 0.014514 -0.075269 0.000169 0.097162 -0.126196 -0.001419 -0.012412 -0.123008 -0.005594 -0.021334 -0.025491 0.041884 -0.009789 0.047227 0.000339 0.006117 0.000495 0.000000 -0.017122 -0.087280 -0.092475 -0.007511 -0.030876 0.036066 0.000000 0.001969 0.071109 -0.002037 -0.024036 0.115003 0.026931 0.126633 -0.005629 -0.012513 0.004149 0.089578 0.027130 -0.001465 -0.012845 0.064081 -0.059728 0.146241 0.121587 -0.050311 -0.093530 -0.020315 -0.138504 0.075232 -0.002847 -0.098690 -0.010584 0.005577 0.083785 -0.000342 -0.127071 -0.096230 0.013779 0.013535 0.014655 0.037643 0.090377 0.001793 0.096559 0.005433 0.059996 -0.000257 -0.132143 -0.009063 -0.048089 0.000550 -0.007447 0.020744 -0.149040 -0.038744 -0.006016 -0.033161 0.014029 0.023552 -0.114832 0.066701 0.069860 0.119310 -0.054964 -0.013954 0.065648 0.000161 -0.118199 -0.114368 0.098759 -0.040660 0.016759 -0.063308 -0.003743 0.085522 -0.148658 0.002813 0.055302 0.052691 0.003974 0.047309 -0.068372 -0.050434 0.149044 0.078762 0.002123 0.140360 -0.030997 0.034107 -0.002562 0.011741 -0.060984 0.098483 0.000645 0.023403 0.055431 0.012803 -0.131087 -0.060780 0.043207 0.119852 0.021194 0.048157 0.014686 -0.066662 0.000829 0.041890 -0.060899 0.020309 -0.008721 0.001659 0.020300 0.011145 0.086776 0.031646 -0.008416 -0.011059 0.000000 -0.024217 -0.006028 0.023908 0.006990 -0.025152 0.033883 0.097047 -0.078493 0.030505 0.006456 0.008058 0.038535 0.006791 0.145173 0.086154 0.001118 0.032378 -0.041762 -0.124038 0.004432 0.000547 0.017921 -0.006589 0.004987 -0.079464 0.000123 0.142395 -0.104048 0.025739 -0.002920 0.131395 -0.032118 -0.001028 -0.138917 0.097026 -0.005447 0.024119 0.004565 0.016903 -0.001826 -0.077138 -0.002857 0.100127 -0.066947 0.059101 0.121750 -0.000624 
0.005208 0.018369 0.002685 94.733719 -0.012849 -0.004430 0.113856 0.060543 -0.001890 -0.000152 0.015036 0.000000 -0.017144 -0.003415 0.053490 -0.034479 -0.010167 0.025516 0.036641 -0.002660 0.028724 -0.040416 -0.130292 0.088303 0.001463 -0.128254 0.002902 0.076276 0.074165 -0.025786 -0.127434 0.032811 0.000125 0.082610 0.030683 -0.041588 0.005566 -0.016466 0.032924 0.097476 -0.010721 0.071735 0.034846 -0.005854 0.048448 -0.032511 -0.077804 0.000000 -0.009621 -0.025295 -0.055153 -0.005348 -0.000402 0.111802 -0.091807 -0.012056 0.111561 0.028065 -0.011245 0.002972 -0.007698 -0.061389 -0.110812 -0.045721 0.007735 -0.006450 0.008219 -0.077622 0.042330 -0.009664 0.022513 -0.039460 -0.001723 0.053500 0.014893 0.082887 -0.002973 -0.020442 -0.045695 0.085592 0.001020 0.012305 0.017216 -0.138931 0.000813 -0.154151 -0.089832 -0.014818 0.003807 -0.000157 0.010604 0.042544 -0.017434 -0.012336 -0.152125 0.089104 0.136632 0.107147 0.038112 -0.028956 0.089137 0.096403 -0.027393 0.097524 0.058023 -0.005744 -0.005865 -0.137198 -0.011899 -0.000215 0.019186 0.000297 0.009282 -0.002397 0.002143 -0.044846 -0.071260 0.004791 -0.057722 -0.006782 -0.010479 -0.015340 0.000529 -0.135823 -0.003293 -0.088402 -0.105687 0.065885 0.122255 0.063394 0.107783 0.036540 -0.023695 0.037351 -0.062314 0.020032 0.041684 -0.144257 -0.084684 0.015104 0.102603 0.000923 -0.121893 0.002314 0.074000 0.111156 0.042310 0.064733 -0.064291 0.146441 0.009262 0.103901 0.038238 -0.067461 -0.101322 -0.010063 0.033765 -0.057932 0.104064 0.000995 0.000120 0.001611 0.128738 0.025777 -0.056764 0.023979 0.079193 0.142171 0.000503 -0.001815 0.001606 -0.006262 0.058083 -0.050826 -0.040426 0.108018 -0.061217 0.057612 -0.023562 -0.000714 -0.004955 -0.021172 0.077298 -0.077717 0.035391 -0.013067 0.000925 -0.119375 0.099440 0.071348 -0.002966 0.003230 -0.043719 0.124676 -0.000193 -0.049269 
0.024509 0.009638 0.038968 -0.012849 842.333629 0.002648 -0.024727 0.107981 0.000000 0.038076 -0.000116 -0.026401 -0.005108 0.051268 0.000000 -0.041355 0.000000 0.072641 0.006546 -0.120681 -0.004437 0.003376 -0.054524 0.024666 0.001997 0.008285 0.008877 -0.121011 0.097395 0.003251 0.002356 0.044041 -0.134612 -0.001087 -0.041526 0.152538 0.000000 -0.002082 0.033937 0.038934 0.000000 -0.022656 -0.129686 -0.009368 -0.133034 0.000998 0.047829 0.055979 0.001142 0.013124 -0.108525 0.008537 -0.040396 -0.134089 0.004530 0.109000 0.053260 0.129610 -0.034180 -0.140778 -0.000919 0.029459 0.001697 0.035965 0.000000 0.030558 0.019681 -0.003101 -0.048321 -0.006648 0.043785 -0.148134 0.078445 0.021386 -0.020609 0.126765 -0.001310 0.000000 0.017673 -0.029781 0.030698 -0.073071 -0.004296 -0.056488 0.000000 -0.042159 -0.065857 -0.001622 -0.011567 0.000257 0.075720 -0.051821 0.021372 -0.016774 -0.100878 0.013136 -0.065178 -0.063621 -0.055360 0.059347 0.056583 -0.030874 0.018598 0.072784 -0.096682 -0.009738 0.096954 0.028526 -0.041708 -0.000886 0.051469 -0.004602 -0.035017 -0.001919 -0.004717 -0.079107 0.117418 -0.001825 0.086074 0.078066 0.001838 -0.000569 -0.042085 -0.140710 0.034515 0.004361 -0.068854 0.005913 0.000536 -0.002514 -0.108039 0.010263 0.083565 0.005644 0.106888 0.015918 0.142353 0.003286 0.084233 0.000352 -0.087262 0.011809 0.005431 -0.002828 0.033726 -0.044745 -0.045589 0.055566 -0.001747 0.114948 0.000000 -0.003284 -0.012247 0.008967 0.015884 -0.001683 -0.000395 0.007027 0.135261 -0.049482 0.035542 -0.010267 0.001157 -0.029005 -0.054319 -0.030681 -0.139716 0.001938 -0.010253 0.086262 0.069752 0.040567 -0.006498 0.000000 -0.003149 -0.096325 0.056111 0.002360 -0.034699 0.018732 0.000000 0.023761 -0.046155 0.011639 -0.000504 0.004955 0.000326 0.064660 -0.001933 0.026303 -0.061672 -0.059724 -0.000419 0.022254 -0.002513 0.001655 
0.000000 -0.008274 -0.118864 -0.004430 0.002648 2575.285875 -0.035269 -0.002617 -0.074770 0.000000 -0.068279 -0.143952 0.025749 -0.001339 -0.000298 -0.061697 0.002148 -0.100155 -0.075064 -0.082773 -0.108958 -0.127373 -0.014810 0.123051 0.001425 -0.092069 -0.024449 0.017752 -0.022401 -0.056241 -0.033544 0.100651 0.037821 0.011495 0.128962 -0.111130 -0.000312 0.047447 -0.025863 0.119462 -0.000560 -0.072743 0.017964 -0.092192 -0.001033 -0.123903 -0.020553 -0.077888 0.018027 -0.067597 -0.020455 0.000112 -0.000871 0.000000 0.030108 0.045509 0.137688 0.004844 -0.078103 -0.068568 -0.010455 -0.082596 0.003433 -0.047632 0.000000 0.044162 -0.005033 0.005554 0.031049 -0.020083 -0.040712 0.007192 0.005240 0.011140 0.151266 0.041527 0.127175 -0.047090 -0.098631 0.097820 -0.025365 -0.000581 -0.001938 -0.064496 0.002235 0.056020 0.127738 0.087029 -0.075286 0.014765 -0.131182 0.011972 0.001012 0.001536 -0.139348 0.004842 -0.000873 -0.095129 0.009409 0.051772 0.025184 0.003043 -0.122452 -0.010716 -0.005412 -0.007152 0.048051 -0.078213 -0.029521 0.000000 -0.026979 -0.008901 0.011425 -0.022313 -0.000296 0.091765 0.056040 -0.074882 0.023388 0.043522 -0.036661 -0.045286 -0.004187 0.087684 -0.005947 0.076729 0.090667 -0.042653 0.011830 0.149889 0.081947 0.026907 0.000176 -0.034383 0.080247 -0.020768 0.013810 -0.012319 0.028539 0.021097 -0.000152 0.068176 0.043343 0.005812 -0.151475 0.028784 -0.057554 -0.074113 -0.124488 -0.037652 -0.005856 0.030956 0.039017 -0.118866 -0.087557 0.002991 0.151074 -0.019594 0.050454 -0.000665 -0.046372 0.007752 -0.002722 -0.064156 -0.143530 0.110768 -0.000901 0.130892 0.000215 0.000000 -0.045091 0.000000 0.128090 0.006947 0.000000 -0.118429 -0.003297 0.005942 0.000000 -0.004640 0.038163 0.012501 -0.016899 -0.019845 0.000000 0.000000 -0.020072 0.064708 -0.025874 -0.139048 0.004783 -0.053265 0.001960 -0.037475 0.066968 -0.000311 
-0.043308 0.112185 0.086313 0.113856 -0.024727 -0.035269 15.201643 -0.007469 -0.050165 0.117139 -0.071088 -0.052749 0.000000 0.025828 0.100133 0.037755 -0.002706 -0.018089 0.023205 0.154237 0.126102 0.085611 -0.073373 0.122992 -0.011231 -0.015525 -0.043632 -0.027263 -0.129373 -0.023850 0.021644 0.089766 0.098385 0.015815 0.011218 0.033737 -0.127123 0.017414 -0.018479 -0.006188 -0.024470 -0.057496 0.034473 0.030697 -0.143979 -0.025502 0.020182 0.035257 -0.007538 0.114754 -0.027219 -0.017409 -0.036513 -0.057807 -0.030003 -0.040072 0.033206 -0.017478 -0.093396 -0.120140 0.000000 0.123441 -0.016221 -0.109349 0.021574 0.005196 -0.058538 0.007646 0.070470 -0.049264 -0.004142 0.123114 -0.034677 -0.136214 -0.060736 0.051504 0.005484 0.002626 -0.028619 0.143369 0.047671 0.017575 -0.013829 -0.135719 0.005668 0.028809 0.006613 0.120190 0.039574 0.058811 0.136833 -0.003865 0.003811 0.038186 0.001466 -0.030087 0.023985 0.126767 0.019777 -0.045034 0.059952 -0.022468 -0.086334 0.022127 0.015960 -0.000732 -0.018004 0.004327 -0.011026 -0.090303 0.140810 0.026542 0.000000 -0.073038 0.025147 -0.037896 0.000000 0.051800 0.140011 -0.058025 -0.013554 0.086602 0.119016 0.050539 0.046117 0.138733 -0.081991 -0.037216 -0.014335 -0.052132 -0.081697 0.061756 0.139954 -0.123523 -0.040405 -0.063942 -0.064883 -0.070944 0.029034 0.023451 -0.031996 -0.126672 0.006541 0.038966 0.033520 0.092016 -0.031327 0.091393 -0.008690 0.032283 -0.111757 -0.060472 -0.093780 0.057412 0.118771 0.059884 -0.043176 -0.007478 0.033167 -0.140942 0.021932 0.013098 -0.121885 -0.041467 -0.025093 0.011394 -0.046420 -0.010345 -0.051454 0.004402 0.128147 -0.004632 0.049269 -0.066573 0.017516 0.037096 0.147853 -0.024386 0.042943 -0.000943 0.035437 0.134033 0.006921 -0.039942 -0.011640 0.090252 -0.013290 -0.074910 -0.045448 0.019350 0.006405 -0.024673 0.069006 -0.042216 0.042670 -0.016522 
0.087812 0.063193 -0.084529 0.060543 0.107981 -0.002617 -0.007469 4.255540 -0.126004 -0.003337 -0.018427 0.020182 -0.004885 0.000000 0.057639 0.089643 -0.067626 0.133577 -0.128885 0.087849 0.100096 -0.018388 -0.074932 -0.049618 -0.005918 -0.052145 0.054749 0.009166 0.034834 -0.003432 -0.076532 0.126620 0.055364 0.001910 0.031476 0.113046 0.040331 -0.003488 0.133510 0.028012 -0.018836 0.034695 0.093924 -0.021845 -0.060389 0.038328 0.135174 0.051188 0.112900 0.008591 -0.045855 -0.092654 -0.023220 0.062682 0.023493 -0.041672 0.116434 0.115487 -0.006311 0.001640 0.059575 0.049290 0.148058 -0.003841 -0.009571 0.024702 -0.033347 0.136919 0.027693 0.072039 0.041870 -0.149698 0.012771 0.055928 0.026142 0.037105 0.105834 0.016505 -0.139132 -0.008816 -0.061287 0.139354 0.133938 0.060448 -0.073018 -0.089825 0.058992 -0.025484 -0.092041 -0.105725 -0.151643 0.125897 0.017489 -0.004169 -0.041456 -0.028448 -0.051620 -0.015464 0.056045 0.015958 -0.004857 0.066349 0.009083 0.003999 0.067575 -0.049337 0.001252 -0.001007 0.079744 -0.110456 -0.070477 0.018921 0.070997 0.008459 0.090631 -0.072262 -0.109853 0.109083 -0.143804 -0.088114 0.065387 -0.014188 -0.009230 0.032080 -0.070187 -0.132816 0.081560 -0.005402 0.137427 -0.011116 0.088072 0.126966 0.004592 0.069297 -0.039609 0.072006 -0.134730 0.147816 -0.077496 0.124367 -0.041089 0.017337 -0.076081 0.036525 0.018144 0.037477 0.129954 0.002690 0.013004 0.098508 0.002764 0.000000 -0.136900 0.079948 -0.020847 0.000576 0.055400 -0.044412 -0.073782 -0.081406 -0.037124 -0.050902 -0.029856 0.119491 -0.083926 -0.082847 -0.028627 0.051129 0.086911 -0.017591 0.111303 0.028156 -0.000705 0.006265 0.075922 -0.006864 0.006440 0.016348 -0.071626 0.087098 -0.035115 -0.141328 0.131646 0.034040 -0.118865 -0.058359 0.008853 0.058403 0.056171 0.065701 -0.023828 0.026075 -0.049594 -0.038813 -0.010083 0.096616 
0.146320 -0.001210 0.001243 -0.001890 0.000000 -0.074770 -0.050165 -0.126004 743.461380 0.002130 0.000000 0.055619 0.000000 0.006622 0.020604 -0.006340 -0.003663 -0.015075 -0.018460 -0.111196 -0.023828 0.018079 0.070339 -0.063851 0.000836 -0.036192 0.029048 0.013529 0.068236 -0.004346 0.018742 -0.024484 -0.012799 0.050383 -0.095066 0.121540 0.000000 0.008771 -0.006809 0.038480 -0.023264 -0.097144 0.138577 0.142439 0.073792 -0.024194 0.106052 0.085282 0.000000 -0.013809 0.001129 -0.010271 -0.056231 0.067986 0.123630 -0.040814 0.109121 0.032642 -0.070261 -0.030806 -0.012536 -0.037678 0.001548 0.053093 0.000546 0.078005 -0.039598 0.007856 -0.136681 0.064587 -0.010544 0.038358 -0.100422 0.000486 -0.007829 -0.103675 -0.094155 -0.038992 -0.107540 0.088306 0.001780 0.027418 0.000450 -0.007400 -0.016684 -0.000389 -0.065627 0.070446 -0.097886 0.034297 0.000000 0.114738 -0.150204 0.114364 -0.060992 0.040355 -0.004277 0.003185 0.094552 -0.129988 0.048619 -0.050448 0.115641 0.000895 -0.109118 -0.006542 0.085053 -0.015016 0.017695 -0.074036 -0.001592 0.105313 -0.004526 0.077450 -0.082859 0.083481 0.130529 -0.000500 -0.003732 -0.033239 -0.055175 0.070109 -0.004729 -0.000969 0.000592 0.053191 -0.000913 0.065415 0.000000 -0.032340 0.001476 -0.066698 0.008996 0.062261 -0.100128 -0.006014 0.002383 -0.000231 0.007069 -0.005630 -0.128261 0.049979 0.014465 0.050741 0.060039 0.142563 -0.003158 -0.038807 -0.149872 0.053728 -0.034184 0.004216 0.006251 -0.046337 -0.131675 0.010607 -0.016374 -0.078538 -0.049215 -0.016994 -0.000986 -0.068850 0.133333 0.024483 -0.020147 -0.047543 0.010899 0.063207 0.000000 0.000649 -0.057417 0.000000 -0.123129 -0.063465 0.100122 -0.008917 0.073805 0.044279 0.000000 0.054059 0.078726 0.001148 0.070636 0.071477 0.122242 -0.065751 0.017733 -0.017256 0.000000 0.137723 -0.068607 0.009193 -0.002381 -0.075013 0.085986 0.026320 
-0.089962 -0.000689 -0.015363 -0.000152 0.038076 0.000000 0.117139 -0.003337 0.002130 10747.314626 0.004206 -0.086748 0.003822 -0.002020 -0.084296 0.002291 0.013939 0.006819 0.129688 0.024505 -0.000566 0.045003 0.124041 0.023517 0.000000 0.021238 0.076822 0.000000 -0.093944 -0.007299 -0.005470 0.077107 -0.047090 -0.005804 0.107207 0.016208 -0.001078 -0.050038 0.050996 0.008241 0.095513 0.106018 0.064062 -0.034786 0.002551 0.000000 -0.083635 -0.000137 0.011908 0.083756 0.010122 -0.149700 0.046313 0.030176 -0.059914 0.021282 0.055279 -0.004504 -0.082466 -0.030298 0.033267 -0.041286 -0.019920 0.071462 0.093580 -0.024653 -0.122542 0.139779 -0.046104 0.141321 -0.042409 -0.012205 0.034321 -0.004315 -0.006869 0.128897 0.002414 0.002091 -0.000434 0.071620 -0.003423 0.000000 0.012376 0.002000 -0.015428 0.058713 0.024253 0.023268 0.111101 0.002115 -0.046280 0.073458 -0.036841 -0.125808 -0.051624 0.109139 0.103894 -0.018960 -0.008697 0.044924 -0.003011 -0.108180 0.019792 -0.000351 -0.031188 0.008140 0.030147 -0.001312 -0.004691 -0.004689 -0.040225 0.050886 -0.007045 -0.118402 -0.002712 0.040824 -0.008111 0.003358 -0.000743 -0.041120 -0.029494 -0.040021 0.010180 -0.032674 0.000163 -0.022513 -0.088984 0.096986 -0.000632 0.068014 -0.067910 -0.024634 0.004285 -0.029893 -0.005105 -0.107426 -0.011629 0.012012 -0.020868 0.000662 -0.138206 0.000000 -0.004729 0.000297 0.036329 0.098063 0.008503 0.136858 -0.002532 -0.067677 0.001234 0.001269 0.144521 0.078790 -0.035651 -0.010689 0.086960 0.007555 0.127791 -0.089068 0.000230 0.012979 -0.007525 0.046538 -0.029120 0.103686 -0.016665 -0.006797 -0.046195 0.000000 0.020994 -0.014398 -0.004377 -0.109942 -0.000641 0.001044 -0.009449 -0.004582 -0.018594 -0.140488 0.075388 0.093174 -0.032222 -0.016735 0.000000 0.011616 0.008441 0.078806 0.000000 0.008029 0.019454 0.015681 0.000376 0.147267 -0.011116 0.007610 
-0.005898 0.000196 -0.034898 0.015036 -0.000116 -0.068279 -0.071088 -0.018427 0.000000 0.004206 498.793940 0.015773 -0.000510 -0.038052 -0.015909 -0.152485 -0.002392 0.021344 0.098521 0.078233 0.000000 0.014518 0.026703 0.117936 -0.010527 0.001026 -0.060393 0.048611 0.000000 0.000705 0.009699 -0.001218 -0.019606 0.000421 0.030808 -0.006525 -0.001100 -0.001157 0.122774 0.014080 0.000000 -0.138200 -0.049653 -0.111669 0.092191 -0.137219 -0.008869 -0.120941 0.002252 0.025840 -0.018512 0.012875 0.000207 -0.034560 -0.064567 0.039742 -0.008647 0.000000 -0.037119 -0.066037 0.002028 0.097157 0.110100 0.001775 0.002693 -0.144170 0.061452 0.034309 0.000863 -0.000881 0.115266 -0.092003 0.042881 0.026061 -0.068510 -0.120607 0.014943 0.025566 -0.003951 0.002147 -0.008568 0.000158 -0.000680 -0.001397 0.000000 0.000613 -0.126446 0.042714 0.032013 -0.147211 -0.031317 -0.008066 -0.024670 0.001985 -0.002187 -0.002008 0.012346 0.002235 0.022825 0.082717 0.007096 -0.001273 0.018476 0.029017 0.016923 -0.150764 -0.010786 -0.002953 -0.039899 0.045305 0.001070 -0.003515 0.024416 0.004154 -0.021056 -0.024634 0.000000 -0.008489 -0.004473 0.054700 -0.089084 0.062327 -0.006282 0.030760 -0.049984 0.000235 0.006267 0.037584 0.000376 0.034297 -0.022810 -0.081734 0.024359 0.032636 -0.123832 -0.041172 -0.142211 -0.011964 0.000171 0.122287 0.001269 0.000000 -0.022422 0.000000 -0.002887 -0.004018 0.045663 -0.010050 -0.057155 -0.068094 -0.015989 -0.095599 -0.092287 -0.071374 -0.134035 -0.001492 0.000529 0.114266 -0.027747 -0.033339 0.010339 -0.009758 -0.051722 -0.063722 0.005195 -0.009763 -0.001967 -0.064077 0.000000 -0.010937 -0.004298 -0.005334 0.000000 -0.008918 0.035710 0.108834 0.002626 0.000000 -0.007196 -0.078374 0.005504 0.076029 0.009312 -0.049158 -0.003130 -0.049137 -0.023047 0.008805 0.026280 0.017805 0.028960 0.039192 -0.008759 -0.003529 -0.009490 -0.033850 
0.041636 -0.002035 0.002205 0.000000 -0.026401 -0.143952 -0.052749 0.020182 0.055619 -0.086748 0.015773 46.562590 0.000831 0.000430 -0.001833 0.101229 -0.003084 -0.010283 -0.005907 -0.108608 0.001234 0.138462 0.039731 -0.009639 -0.012240 0.008804 0.097748 -0.043002 -0.095904 -0.140583 -0.002709 0.106869 0.059029 0.000270 -0.126187 -0.012984 -0.001326 -0.009301 0.007392 -0.011930 0.002826 -0.003772 0.063650 0.049745 -0.084469 0.012921 -0.042174 0.017743 -0.068522 -0.013590 -0.111971 -0.024152 -0.018754 0.079798 0.041922 0.146933 -0.079395 0.074155 -0.073966 -0.000865 -0.022677 -0.114923 0.025677 -0.038826 0.007900 0.045093 -0.130625 -0.004370 0.004575 0.014062 -0.063510 -0.148434 0.057474 -0.036889 -0.035844 -0.068275 0.029846 0.038148 0.024628 -0.005646 -0.100714 -0.001054 -0.062534 -0.042077 0.039498 0.105812 -0.001870 0.005570 -0.038405 -0.019438 0.083851 -0.031994 -0.004174 -0.108759 -0.022194 -0.103488 -0.114477 0.044226 0.147689 -0.058848 0.067519 0.011922 -0.079641 -0.028747 -0.002541 -0.013862 0.143580 -0.000347 -0.147219 -0.003319 -0.033468 -0.102828 -0.001626 -0.014059 -0.052828 0.127404 -0.065036 -0.023155 -0.039154 -0.071460 -0.004745 -0.142146 0.062460 0.139765 0.145364 0.007652 -0.002477 0.002074 -0.002256 -0.091671 0.025472 -0.109156 -0.047007 0.015119 -0.091028 -0.020586 0.001071 0.081124 -0.013060 0.008618 -0.028831 -0.021119 -0.002549 -0.143037 0.072878 -0.018064 0.004184 -0.018605 0.027753 0.059290 0.000437 -0.000443 0.081757 -0.105102 -0.046722 0.056426 0.070335 -0.120227 -0.111295 0.117961 -0.151400 0.073307 -0.027856 0.144805 -0.002165 -0.098840 0.111355 0.009850 -0.120800 0.000000 -0.019137 0.007306 -0.001942 -0.005517 0.028870 0.018606 -0.004772 -0.003463 0.010854 -0.069268 0.004373 0.089024 0.010332 0.024550 0.000778 0.000622 -0.023683 -0.045145 -0.007370 -0.013062 -0.006888 0.059749 -0.001209 0.056267 0.032879 -0.003245 
-0.000804 -0.002271 0.014514 -0.017144 -0.005108 0.025749 0.000000 -0.004885 0.000000 0.003822 -0.000510 0.000831 2246.101218 -0.002974 -0.025945 -0.065869 0.000207 0.011617 -0.000487 0.055329 -0.000799 -0.001765 -0.059987 0.027427 0.000000 -0.001419 -0.047842 0.135159 -0.131731 -0.133594 0.012527 -0.063786 0.106593 0.000000 0.033797 0.032287 0.008617 -0.077047 -0.011087 0.061053 0.038802 0.023355 0.051015 -0.087013 0.000000 -0.001301 -0.057998 -0.019556 0.002777 0.000115 -0.018357 0.066243 0.000000 -0.051862 -0.108262 -0.137792 0.086856 -0.023206 -0.009151 0.061097 0.078607 0.021813 0.057200 -0.082335 -0.004930 -0.032338 -0.070948 -0.008918 -0.006696 -0.115945 -0.001776 -0.080301 0.056143 -0.021124 -0.104169 0.046655 -0.001266 -0.004846 0.002550 -0.134081 -0.012210 0.021136 -0.000124 -0.035228 -0.001172 0.125237 0.057973 0.018315 -0.019772 0.052297 -0.016565 -0.041747 0.058104 -0.008954 0.034626 0.008198 -0.000134 0.010557 -0.119897 -0.117836 0.018004 -0.129716 0.091910 0.000633 -0.008162 0.000000 0.003421 -0.012645 -0.001856 -0.019988 -0.021389 0.010116 0.000770 0.000000 0.008316 -0.028188 -0.013297 -0.053345 -0.011655 -0.046835 0.044228 0.047067 0.084654 0.043697 0.006662 0.014230 -0.004517 -0.041590 -0.007548 0.005136 0.000479 0.057983 0.000179 0.016195 0.114831 0.026189 0.001223 0.000000 0.046597 0.003815 -0.001003 0.083743 0.007216 -0.147985 -0.068626 -0.000329 0.004700 0.137002 -0.082942 0.025992 -0.000177 0.130976 0.140392 0.089682 -0.006383 -0.006658 -0.077062 -0.005887 -0.002916 -0.097713 -0.086777 -0.010095 -0.013390 0.018311 -0.048959 -0.059799 -0.139752 0.000000 -0.035220 -0.125673 -0.002584 0.000000 -0.000550 0.000000 0.000000 -0.036770 0.151770 0.001692 0.005855 0.123466 -0.036005 -0.007855 -0.033712 0.066252 -0.033596 -0.000435 0.006853 -0.062242 0.004451 -0.002937 -0.039132 0.114911 0.004425 -0.035490 -0.112090 -0.006159 
0.083862 -0.023128 -0.075269 -0.003415 0.051268 -0.001339 0.025828 0.000000 0.006622 -0.002020 -0.038052 0.000430 -0.002974 196.933630 -0.018404 0.048016 0.044686 0.012553 0.023836 -0.008010 0.087579 0.006663 0.057226 -0.123602 -0.062332 -0.142308 0.033891 -0.011710 0.037852 0.002665 0.095053 0.060882 -0.005865 0.000881 -0.035544 0.070830 0.009106 -0.001118 -0.004000 -0.072493 -0.051739 0.050960 0.056300 0.041800 0.004489 -0.005670 0.001299 0.084748 0.021645 0.074265 -0.060387 -0.002592 0.018813 -0.018133 -0.142006 -0.003472 -0.108115 0.006228 -0.038872 -0.005536 -0.004487 -0.075389 -0.048423 -0.108507 -0.004288 -0.001862 -0.008526 -0.034306 0.006187 0.007231 0.102309 0.007570 0.027767 -0.022402 0.028487 0.012450 -0.012011 -0.000238 0.002049 0.000650 -0.006991 0.035173 0.085842 -0.000302 -0.006638 0.000000 0.000000 0.080466 0.011642 -0.005708 0.152531 0.149723 -0.128612 0.006863 0.000000 0.007831 -0.003923 0.111406 -0.063480 -0.027447 0.030365 -0.026080 0.009106 0.116858 0.034093 0.000369 0.027219 0.062844 -0.003973 -0.013236 0.010933 0.000860 0.041132 -0.021265 -0.001759 0.019248 -0.019786 0.000000 -0.028838 -0.089387 0.075295 -0.032457 -0.030882 0.088105 -0.151935 0.000557 0.053600 0.068957 -0.036762 0.038515 -0.101591 -0.016624 0.000509 -0.123659 0.088718 0.048082 -0.000831 -0.041312 -0.046833 -0.028742 0.104640 -0.075131 0.000000 -0.000414 0.022967 -0.000661 -0.045402 -0.128683 0.003658 0.007479 -0.033277 -0.040006 -0.004411 -0.044095 -0.031432 -0.020113 -0.022783 -0.094208 0.024317 -0.006245 -0.036557 -0.113569 -0.000804 0.041578 -0.000641 0.099935 -0.014366 0.004681 0.093770 0.058994 -0.041788 -0.042055 0.000000 -0.000244 0.000000 0.002390 -0.077148 -0.034216 0.073900 -0.005706 0.113023 0.026686 0.000368 -0.001425 -0.094503 -0.070840 -0.022685 -0.016925 -0.078058 0.042223 -0.000819 -0.073263 -0.058912 0.009855 -0.030342 -0.120325 
0.000406 -0.050242 0.000169 0.053490 0.000000 -0.000298 0.100133 0.057639 0.020604 -0.084296 -0.015909 -0.001833 -0.025945 -0.018404 137.859242 -0.023338 0.119651 0.026310 0.133253 -0.045813 -0.001995 0.088753 -0.103330 -0.019015 0.000000 -0.116621 -0.148542 -0.083892 0.064461 0.029077 0.006842 0.099914 0.056488 0.003292 0.000000 0.058488 0.060460 0.006160 0.007006 -0.125203 -0.040690 -0.001839 0.006060 -0.011284 0.000000 -0.007683 -0.037104 -0.050023 -0.000537 0.000156 0.002691 -0.005988 0.000393 -0.032215 -0.132138 -0.071556 0.000670 -0.026800 -0.012656 -0.006002 0.001135 -0.058707 -0.030499 -0.039396 -0.003884 -0.006454 0.000000 0.024553 0.004276 0.094119 0.061181 0.002599 0.038961 0.059392 -0.066962 0.022497 0.000765 -0.003172 0.016303 0.035513 -0.001701 -0.030056 0.003976 0.008569 -0.001851 -0.014584 -0.067478 -0.038604 -0.000817 -0.140484 -0.011599 0.083735 -0.034133 0.073025 -0.014203 0.001080 0.010922 0.046458 -0.141678 0.066389 0.026220 0.152291 0.074372 0.049909 0.002509 -0.018534 0.065669 -0.029432 0.009558 -0.018966 0.004351 0.025897 -0.018272 -0.116552 -0.001414 -0.028242 0.125505 0.000335 -0.027131 0.051745 0.011172 0.028004 -0.108080 -0.056957 -0.032765 -0.111226 0.119654 0.006409 0.002907 0.000000 -0.018199 -0.107931 0.000945 0.107194 0.007401 -0.095901 -0.039739 -0.001210 0.028911 0.001229 0.001809 0.007040 -0.076118 0.037260 -0.048403 -0.000260 -0.037101 -0.071527 -0.135232 -0.036524 0.003037 0.033359 0.142362 -0.037537 0.006411 -0.008017 -0.018869 0.119263 0.085229 -0.120048 0.025372 0.002542 0.083004 0.047305 -0.102757 -0.012984 -0.072290 -0.000699 0.000000 -0.001708 0.001087 -0.024651 -0.001432 -0.000359 -0.014924 0.106256 0.010852 0.001336 -0.101004 -0.023647 0.000119 0.057887 -0.004706 -0.011658 0.101132 -0.006786 -0.000813 0.144088 -0.072704 0.116056 0.045932 0.060042 -0.018599 0.070008 0.140221 -0.031680 
-0.050230 -0.014124 0.097162 -0.034479 -0.041355 -0.061697 0.037755 0.089643 -0.006340 0.002291 -0.152485 0.101229 -0.065869 0.048016 -0.023338 16.038373 0.095347 0.094169 0.133600 0.000409 -0.014415 0.059176 0.007241 0.012630 -0.015876 0.020444 -0.034592 -0.022874 -0.029423 -0.028988 0.086823 -0.030011 0.095292 -0.049564 -0.044376 -0.024924 -0.064128 0.143800 -0.022770 0.047008 -0.027165 -0.114576 0.106266 -0.014124 -0.082052 -0.149628 0.013332 -0.111320 -0.039398 -0.033799 0.015939 0.037945 0.028287 0.105933 -0.001327 0.062865 -0.129814 0.002048 -0.099490 0.143445 -0.001771 0.120391 0.004216 -0.001877 0.053237 -0.008223 0.027989 -0.006020 0.044257 0.007312 0.114683 0.071694 0.001397 -0.002788 0.059467 -0.119396 -0.018685 -0.112977 0.029011 -0.114693 -0.050006 0.000000 0.089286 0.119133 0.079241 0.018741 -0.089117 0.073602 0.000150 -0.008987 0.102403 0.012640 -0.013075 -0.029097 -0.024502 -0.014022 0.017416 -0.001796 -0.070527 0.079453 -0.077635 -0.019364 -0.036620 0.069132 0.124964 -0.153537 -0.118778 -0.041017 0.071856 0.000495 -0.022289 0.005047 -0.006774 0.025954 0.114275 0.042801 0.003314 -0.023701 0.056276 -0.044165 0.009066 0.018954 0.093813 0.076905 -0.056461 0.026394 0.062892 0.023047 0.002884 -0.061232 -0.044495 -0.014065 -0.100874 0.154133 0.103054 -0.087020 -0.001049 -0.048572 -0.109573 -0.001708 -0.002047 0.014064 0.004404 -0.003905 -0.117569 0.007439 0.014373 -0.139451 0.038164 -0.035608 0.102204 0.095460 0.036277 0.017199 -0.069903 -0.101005 -0.138995 0.025369 0.006858 -0.012960 -0.082581 -0.039935 -0.133323 -0.060952 -0.024250 -0.051393 -0.024243 0.000543 -0.141704 0.108754 -0.011452 0.047150 0.050157 -0.061815 0.129601 0.034142 0.093040 0.031695 0.138560 0.034626 -0.012267 -0.021035 0.016638 -0.051767 0.005947 0.021446 0.030827 0.124964 -0.005031 0.066615 -0.119420 -0.008347 0.019917 0.022000 -0.024446 0.000000 
-0.002199 0.006676 -0.126196 -0.010167 0.000000 0.002148 -0.002706 -0.067626 -0.003663 0.013939 -0.002392 -0.003084 0.000207 0.044686 0.119651 0.095347 673.846401 0.153958 -0.145697 0.069438 -0.139887 0.000600 -0.082901 0.057872 -0.014162 0.047310 -0.092034 0.035053 0.036391 -0.002180 -0.024018 -0.042291 0.000267 -0.000305 0.055107 -0.101319 -0.084170 -0.005645 0.130555 -0.063197 0.002072 0.090242 0.003856 -0.094004 -0.013955 -0.000453 -0.103224 -0.035987 0.000185 -0.026045 0.112436 -0.000534 -0.096397 0.054765 -0.009559 0.028581 0.057525 -0.017547 -0.141444 0.002815 0.000000 0.006100 -0.003028 0.144575 0.001878 0.002549 0.077207 -0.035324 0.020195 -0.066625 0.057834 -0.001214 -0.006738 -0.017392 0.004733 0.043330 0.001395 -0.027482 -0.015954 0.085253 0.000000 -0.000272 0.072904 0.000206 0.039996 -0.090325 -0.001555 -0.062797 0.004959 0.025596 0.132200 -0.064177 -0.003955 -0.105805 0.000890 0.071593 -0.013609 -0.003138 -0.081539 -0.000370 0.005285 -0.009369 0.097578 -0.004274 0.081658 -0.000246 -0.014334 0.059783 0.016558 0.000000 -0.005350 0.005107 -0.089802 0.001457 -0.048392 0.048175 -0.008524 -0.028299 -0.002867 0.050156 0.028109 0.034150 -0.009551 0.130626 -0.082182 -0.001995 0.076491 -0.030149 -0.047726 0.005651 -0.076884 0.015189 0.005736 0.009221 -0.035575 -0.096179 -0.000482 -0.006665 0.001481 0.043945 0.123329 0.000000 0.019149 0.002159 -0.116497 0.129490 -0.000316 0.001669 0.032205 0.007086 0.139201 -0.111622 -0.045111 0.073189 -0.072795 0.003241 0.050867 0.009939 0.063616 -0.075069 -0.128281 0.005410 0.049500 -0.054796 0.004426 -0.014701 0.028964 -0.065221 -0.017126 0.001508 -0.036065 0.001606 0.000000 -0.000228 0.102413 -0.011954 0.002617 0.023571 -0.124025 -0.029605 0.016081 -0.008013 0.003454 -0.049703 -0.022363 -0.007917 0.035266 -0.112597 0.000000 0.005956 -0.001155 -0.016119 -0.008703 0.015186 0.079613 -0.113525 
0.014724 -0.084910 -0.001419 0.025516 0.072641 -0.100155 -0.018089 0.133577 -0.015075 0.006819 0.021344 -0.010283 0.011617 0.012553 0.026310 0.094169 0.153958 23.500034 -0.071519 -0.084571 0.069774 0.010924 -0.080553 0.005344 0.149008 0.000000 -0.032733 0.041656 -0.008662 -0.018868 -0.105734 0.027592 0.038582 0.087899 0.038784 0.138298 -0.046585 0.008295 0.122790 0.113519 -0.078087 0.038970 -0.153594 -0.045943 0.033212 0.131243 0.006256 -0.109357 0.000983 -0.001050 -0.089031 -0.034869 -0.081578 -0.001416 0.022006 -0.002610 0.052157 -0.052917 -0.045524 -0.036409 0.038712 0.002111 -0.037159 -0.013692 0.091916 -0.047894 -0.094767 0.106873 0.036519 0.145457 0.000477 0.043446 -0.003021 0.020315 -0.015205 -0.063576 -0.071142 0.022653 0.095603 0.029938 0.097451 0.005029 0.091360 0.013122 0.099276 -0.003311 0.067971 -0.032841 -0.132185 0.109117 0.079016 -0.000968 -0.021656 0.000821 0.011883 -0.082373 0.001976 -0.001757 -0.092297 -0.028797 -0.022497 -0.013348 0.108430 -0.024882 -0.000760 -0.021011 -0.113740 -0.024322 -0.100356 -0.103930 -0.007246 -0.135971 0.085627 0.131143 0.046556 0.004612 0.099646 -0.006158 0.077983 -0.069598 0.010268 -0.004171 0.060897 -0.089188 0.053817 0.036959 -0.000583 0.147701 0.094812 -0.048385 0.010614 -0.018775 -0.034943 -0.038828 0.022815 0.088028 -0.093154 0.111639 0.030452 0.045447 -0.001752 -0.002701 -0.001081 -0.000128 -0.128130 0.068210 0.013275 0.025499 0.019030 -0.041286 0.053646 0.009648 0.079403 0.112905 0.106380 0.104796 -0.003866 -0.011338 -0.116464 0.000140 -0.123222 -0.026000 -0.076686 0.004994 0.026166 -0.016801 0.011509 -0.116397 0.121263 -0.001592 -0.026585 -0.025341 -0.003809 0.082243 0.021573 -0.015234 0.018938 -0.014671 -0.113860 0.024240 0.096170 0.001390 0.008637 -0.116844 0.054150 0.016166 -0.001047 -0.110706 0.007675 0.064628 -0.022819 -0.057548 0.001131 -0.123843 -0.025499 0.027480 
0.077591 0.068487 -0.012412 0.036641 0.006546 -0.075064 0.023205 -0.128885 -0.018460 0.129688 0.098521 -0.005907 -0.000487 0.023836 0.133253 0.133600 -0.145697 -0.071519 2.285702 -0.145891 -0.018061 -0.054294 -0.013564 -0.091853 -0.147847 -0.022471 -0.026663 0.013753 -0.041124 0.013704 0.103239 -0.070018 0.048449 -0.144421 0.077078 -0.132091 -0.117019 0.077929 -0.060167 -0.098011 -0.019039 0.060561 0.035833 -0.039896 -0.104637 -0.029476 -0.130871 -0.049604 0.111183 -0.136682 0.067436 0.014514 -0.077712 -0.039163 0.028161 0.001301 0.003117 0.053165 -0.017242 0.031346 0.031605 0.138423 -0.015075 0.033411 0.035014 0.045535 -0.014754 -0.097281 -0.001552 0.060927 0.107045 -0.005278 0.042288 0.017678 -0.015671 -0.138740 0.045012 -0.141217 -0.087100 0.044921 -0.114047 0.017903 -0.153602 0.014257 -0.068474 -0.141963 0.000000 -0.010218 0.100733 0.028731 0.022515 -0.003446 0.012912 -0.000365 -0.068290 -0.019659 -0.000293 -0.003451 0.025012 -0.075230 0.000660 0.151751 -0.082799 -0.048236 0.002810 -0.011992 0.070386 0.026467 0.115677 0.116053 0.043587 -0.047974 0.001366 0.111820 -0.087878 0.083095 0.111809 0.002890 0.038982 0.042521 -0.116143 0.111976 0.113614 0.011905 -0.012193 -0.001094 0.068918 0.010922 0.077764 0.001226 -0.017532 0.063095 0.108549 -0.093898 -0.026787 0.020368 -0.027057 0.108352 0.035338 0.051326 0.064627 -0.115889 -0.052167 0.021827 0.057278 -0.095708 0.111819 0.079027 0.059495 0.120390 0.124057 0.075049 -0.007962 0.109929 0.027826 -0.020418 -0.040600 0.069652 -0.056294 0.029681 0.001641 -0.018902 0.001034 0.132812 0.073289 0.052585 0.042873 0.089865 0.000000 -0.122216 -0.055958 -0.002932 -0.084189 -0.075274 -0.028254 -0.115389 0.000600 -0.092545 -0.136563 0.067587 -0.049985 0.010129 -0.015145 -0.003380 -0.016891 0.034784 0.000000 -0.011709 -0.033317 -0.042024 0.020897 0.113135 0.054191 0.061270 0.015126 0.046213 
0.002615 0.148992 -0.123008 -0.002660 -0.120681 -0.082773 0.154237 0.087849 -0.111196 0.024505 0.078233 -0.108608 0.055329 -0.008010 -0.045813 0.000409 0.069438 -0.084571 -0.145891 9.197393 -0.000708 0.107193 0.013141 0.135183 0.001779 0.129253 0.045970 0.131378 0.088088 0.060641 0.025442 -0.002835 0.147081 -0.098450 -0.122210 0.006106 -0.000467 -0.011009 0.014540 0.100801 0.000000 -0.004457 0.029522 -0.076394 -0.004153 0.068214 -0.059950 -0.005035 0.105557 0.043563 0.025488 -0.006047 -0.060013 0.124287 -0.059977 0.071386 0.055383 0.048054 0.029508 0.153975 0.114786 -0.089167 0.037895 0.141757 -0.044877 0.129961 0.007487 0.040222 -0.026834 0.103049 -0.025011 0.011300 0.005754 -0.009283 0.057645 0.028934 -0.038997 -0.141922 -0.121782 -0.067933 -0.130176 -0.005614 0.135311 -0.071097 -0.032939 0.030060 0.012452 -0.003863 0.044257 -0.034362 0.034797 -0.088890 0.001393 -0.053308 -0.032388 -0.009014 -0.007333 -0.082435 0.105166 -0.023150 -0.037432 0.000147 -0.030915 -0.138472 -0.046048 0.005378 -0.097230 -0.023946 0.038658 0.009674 -0.151577 0.010918 0.096843 0.000000 -0.054686 0.010873 0.092385 0.024111 0.000000 -0.136781 0.079376 -0.123673 0.090667 -0.003876 0.026338 -0.059857 0.083016 0.025580 0.039344 0.078183 0.122448 -0.078618 0.038809 0.052482 -0.112309 -0.000179 0.096642 -0.006940 0.038529 -0.073022 -0.085331 0.013467 0.004182 0.085918 0.100239 0.086277 -0.012322 -0.074304 0.021855 -0.062031 -0.042785 0.003349 0.055236 -0.039204 0.065274 -0.035365 -0.000928 -0.010768 0.045800 0.101216 0.149526 0.006425 -0.062751 -0.051417 -0.066918 0.056237 -0.001783 0.000000 0.103602 0.130366 0.011804 -0.098102 0.019821 -0.003404 0.009143 0.017134 0.007396 0.075124 -0.014226 0.111370 -0.144504 0.000117 -0.137106 -0.010135 -0.039959 -0.113841 0.104435 0.060099 0.001864 -0.091134 -0.000309 0.046015 -0.126144 0.029579 0.039687 0.010975 
0.095716 0.019708 -0.005594 0.028724 -0.004437 -0.108958 0.126102 0.100096 -0.023828 -0.000566 0.000000 0.001234 -0.000799 0.087579 -0.001995 -0.014415 -0.139887 0.069774 -0.018061 -0.000708 2941.472299 0.004113 -0.060726 0.111560 0.033181 0.013718 0.047000 0.002818 0.010989 0.000483 -0.072725 0.047745 0.079848 -0.025510 -0.067829 -0.019453 -0.000505 0.012044 -0.010534 0.010007 0.023092 -0.001532 -0.010567 0.017973 0.000000 0.046079 -0.043243 0.023743 -0.034038 0.014751 0.020209 -0.006094 0.022437 0.000862 0.037458 -0.091377 0.041207 0.000000 -0.034525 0.009242 0.000587 0.041566 -0.079004 0.004087 0.082416 0.000000 -0.046467 -0.027223 0.008430 0.000596 -0.044851 0.056399 0.128975 0.039806 -0.031883 -0.079269 0.015896 -0.000206 -0.020048 0.038063 0.031917 0.038015 -0.000636 -0.093653 0.039100 0.136225 -0.013571 0.119815 0.108882 -0.001656 0.026847 -0.001149 0.027794 -0.050807 -0.001979 -0.030249 -0.003922 0.000403 -0.072951 -0.019508 -0.000682 -0.032478 -0.023208 -0.007596 -0.085630 -0.006069 -0.037846 0.024254 0.000000 0.000000 0.009555 -0.007068 -0.000841 0.135199 0.003961 -0.063878 -0.000756 0.007000 0.000197 0.124757 -0.031968 -0.023993 -0.051608 0.032689 -0.007840 -0.087983 -0.113191 -0.119328 0.071546 0.000133 -0.037568 0.022642 0.001979 -0.099303 -0.049417 0.024378 -0.028254 0.018252 -0.052216 -0.010107 0.139384 0.002813 -0.060136 0.011068 0.025597 0.001910 -0.000592 -0.067765 -0.004401 0.047370 -0.004975 0.029984 0.004293 -0.007905 0.090598 -0.005705 0.016686 0.017130 0.000000 0.033870 0.000236 0.135379 0.059869 0.057441 0.045293 -0.081208 -0.036868 -0.001110 0.000000 0.000000 0.118164 0.124191 -0.001024 -0.002217 0.017769 0.060660 0.006814 -0.003967 0.006259 -0.025356 -0.122736 0.034085 0.027210 0.041746 -0.000866 -0.000579 -0.038216 -0.014790 -0.000429 -0.018979 0.016629 0.030436 -0.000565 -0.094430 -0.025735 0.001220 
