24.757321 0.564170 0.673843 -0.078694 0.823305 -0.435354 -0.126726 0.065224 0.848039 0.056521 0.693078 -0.324398 -0.779045 0.646684 -0.034135 -1.193922 0.930395 -0.410483 0.812678 -0.191162 0.000000 1.284348 1.253611 -0.063441 -0.896681 -0.215707 -0.631121 -0.181713 -0.603295 -0.760874 -0.833694 -0.133466 -1.544017 0.901547 0.163848 -0.144821 1.182688 0.141521 -0.893837 -0.350634 -1.805268 -0.727766 0.615960 0.769923 0.461063 -0.941962 -0.006094 0.944147 0.129412 -1.194547 -1.070435 1.060533 -0.762028 1.503922 -0.966480 -0.356491 -0.789662 0.521220 -0.736638 0.200809 -0.741882 0.007600 -0.434827 -0.987863 -0.594385 -1.145254 -0.308497 -0.811878 -0.215231 0.738063 -0.034822 -0.071014 0.666217 0.429966 0.132600 -0.064261 -1.029607 -0.379042 -0.346566 0.238538 1.169277 -0.105185 1.188739 0.506763 0.466992 1.682344 0.328851 0.234481 -1.615904 0.374154 1.311026 0.246254 -0.053060 0.555003 0.128979 -0.572653 1.001423 0.384128 1.603797 -1.331983 -0.748123 -0.102951 -1.076958 -1.029878 -0.809488 -1.232517 0.254709 1.328198 1.153800 -0.662548 -0.585322 1.486669 -0.991984 0.179031 -0.444263 0.715069 -1.448673 0.645710 1.165082 0.787478 -0.890404 -0.426487 1.140189 -0.757886 1.551928 -0.680814 -0.518565 -0.275055 1.672447 0.168780 0.967297 0.347590 -0.428932 1.684743 0.596048 -0.316569 -0.072306 -0.556642 1.390539 0.062465 -0.658932 0.206283 -0.570084 1.122456 0.567217 0.021380 0.321609 0.237848 -0.198860 0.404705 -0.830770 -1.013562 0.308914 -0.546146 0.695311 0.506008 -1.557611 -0.652241 0.230196 0.750524 -1.288786 -0.015623 0.843840 0.158755 0.206055 -0.513541 1.000550 -1.192836 0.452778 0.085237 -0.481008 -0.508708 -0.772834 -1.190915 -0.609839 1.298947 -0.872057 0.135204 -0.269442 0.483429 0.962356 -0.198334 -1.055509 0.573451 -0.471948 -0.864985 -0.698996 -1.328949 0.406334 0.179441 0.980985 0.418145 -0.000516 -1.330280 1.019826 0.190652 
0.564170 232.976514 0.207082 -0.334385 -1.118060 0.093950 0.331319 0.743926 -0.428381 1.284470 -1.337182 0.085460 -0.146836 -0.437793 -0.179581 0.145071 0.047266 -1.127877 -0.132905 0.085476 -0.536120 -0.264979 -0.026845 0.760552 -0.519407 -0.120026 -0.695594 -0.038346 -1.263107 0.110530 -0.183407 -0.485048 0.675613 0.021402 -0.637624 -0.424089 -0.741127 0.416657 0.333460 -1.413218 -0.918931 -0.544579 0.804590 0.481659 0.048511 -0.766152 1.144231 1.069439 -1.075738 -1.351151 0.151111 0.739141 -0.264703 -0.650988 0.455008 0.324289 -1.840979 -0.446980 1.056072 0.035127 -1.379367 0.832058 -1.314141 1.316023 -0.159802 1.232585 -0.151096 1.604259 0.097302 -1.067790 0.205270 -0.849882 1.288935 -0.209432 0.449644 0.333264 0.515896 0.739701 0.069507 0.110871 -0.095457 -1.501720 0.976886 -0.408490 -0.096894 0.252426 -0.428885 -0.102552 0.511637 -0.018450 1.552381 -0.061109 -0.125323 0.581947 0.237106 -1.670129 0.320884 0.128918 -0.027515 -0.195953 0.553803 -0.039248 -0.120775 -1.533210 0.056349 0.854781 1.356992 0.724096 1.724417 -0.366342 0.977042 -0.008040 -0.130093 0.225564 0.065255 -0.253120 -1.279741 0.723501 0.259119 0.709942 0.002759 0.143640 -1.779789 1.534891 0.886744 0.246074 -1.093749 0.677828 -0.037496 -0.998363 -0.324515 -0.716769 0.875404 1.041329 -0.044988 -0.540928 0.790949 0.110322 0.529587 0.237352 -0.674513 0.699964 0.873588 0.547860 -0.050843 0.871020 1.608425 -0.902975 -1.725767 0.224051 0.944916 -1.132928 0.094918 0.102172 -0.468216 1.432687 -0.426729 1.624529 1.313596 -0.748171 0.557035 -0.401477 -0.281250 0.227882 -1.331832 0.028725 1.060536 1.051063 -0.393601 -0.110004 -0.033732 0.782338 0.000000 0.790666 0.099873 1.344886 -1.713345 0.429318 0.068273 -0.067670 0.013843 1.076238 -1.016290 -0.523891 -0.759536 -1.457112 -0.141751 1.819501 0.996394 0.012762 -1.064806 0.853688 -0.830184 0.192867 0.515679 0.890995 
0.673843 0.207082 2.227773 -0.373021 -0.247947 -0.165791 0.581492 0.144574 0.547114 0.909822 -0.266982 -0.482639 -1.176949 -1.829724 -1.761851 -0.094161 -0.396113 -0.530147 -0.343917 -0.424316 -1.090863 0.498635 0.592222 -0.030069 -0.265173 0.190514 -0.096914 0.043992 1.209748 -0.311985 0.155355 1.001753 -0.183856 0.065997 -0.127648 -0.575095 1.428986 0.067620 0.092929 -0.117433 -0.314926 -0.386039 1.213837 -0.435607 1.065529 0.690525 0.479831 -0.144903 0.889498 -0.031401 0.373615 -0.224592 0.322784 0.099287 0.201762 -0.090771 0.106212 0.224703 -0.924896 0.068606 0.498273 0.041790 0.144459 -0.064373 -0.598820 0.122130 -0.562718 0.317113 1.002805 0.070644 -0.505355 -0.232121 1.009593 0.326789 -0.594935 0.383294 -0.068982 1.062152 -0.135069 -1.372559 0.691051 0.175054 0.045545 -1.208378 -0.435836 1.185071 -0.025356 0.035939 0.150399 -0.195813 -0.070571 0.189923 0.025564 0.248281 -0.060152 0.175887 0.528736 1.066674 -0.893969 -0.381307 -0.494551 0.460210 -0.257788 0.158636 -1.567493 -0.267467 0.008087 0.227494 -0.023620 -0.098721 0.385856 -0.125105 -0.202492 -0.371292 0.093705 0.074320 0.668896 0.489651 0.422302 0.155466 0.041894 0.722464 0.295057 0.110876 0.088631 -0.141831 0.094395 0.532220 -0.264485 0.563491 0.511896 0.103884 -0.120273 -0.303574 -0.215564 0.106746 0.077716 -0.878005 -0.120212 -1.143710 0.030233 1.011066 -0.069783 -0.066925 -1.768548 0.063033 -1.324123 -0.520461 -1.513223 0.141267 -0.479717 0.006338 0.173160 -0.245361 -0.879313 0.023849 -0.249012 -0.030928 0.392491 -0.289234 0.037913 -0.728486 0.335376 0.178921 -1.381235 -0.615425 0.247839 0.287379 -0.594706 -1.317183 0.214981 0.307836 -0.305215 -1.028134 0.649675 0.395321 -0.001939 -0.125593 0.319722 0.186681 1.392498 1.430238 -1.175923 -0.771625 0.085691 0.209666 -1.361384 -1.537742 0.092131 0.076365 -0.109023 0.000473 -0.967041 -1.059850 0.237152 -0.211439 
-0.078694 -0.334385 -0.373021 2.400044 -0.142927 -0.946001 -0.327104 0.268488 -0.236715 -0.277661 -0.004162 -0.462080 0.040207 -0.258290 0.567056 0.593174 0.211810 0.695948 -0.012482 0.058057 0.144085 -1.245618 0.352608 0.115934 -0.057841 -0.409315 -0.141263 -0.049436 -0.796913 -0.292010 0.197098 -0.250242 0.124861 0.662591 1.605745 -0.245166 1.740799 0.176996 -0.473175 0.153619 1.068991 0.239183 -1.322905 0.044657 -0.926446 -0.321613 -1.706142 -0.003207 0.165297 0.406617 0.157545 -0.103857 0.014208 -1.529913 -0.180959 -0.030763 0.208092 -0.397923 0.053061 -1.284504 0.036064 0.353281 0.048255 -0.844345 0.390936 1.219479 0.125998 -0.090052 -0.994253 -0.582406 -0.288863 0.280285 -0.053864 -0.995982 0.262676 0.095007 -0.415501 0.278560 -0.199206 0.046478 -0.541679 -0.610392 0.014644 0.085149 0.201759 0.037482 0.659445 -0.037745 -0.514734 -0.260001 -0.104270 0.144897 0.432818 -1.004548 -0.598227 -0.354085 0.890292 -1.427674 0.296578 0.101773 1.160233 0.102121 1.540813 -0.074943 0.705082 -1.003872 0.574721 0.358197 -0.207461 0.116797 0.298685 -0.164399 1.722514 -1.052402 -1.181799 -0.090795 -0.168545 0.411146 -1.167847 -0.391737 0.064466 -1.201519 0.222189 1.094639 0.072953 -0.483127 0.105105 0.323368 0.094441 0.330152 0.475197 -0.599659 0.092065 0.066953 -0.204286 0.119841 -0.253945 0.341343 0.413311 -1.229430 0.078205 0.587114 -0.171820 0.512869 0.758802 0.065512 0.412486 0.224934 -1.483098 0.390540 0.725992 -0.452836 0.002826 0.346236 0.124522 -0.896026 -0.597937 -0.150767 0.157414 -0.119784 -0.169590 0.731342 0.510491 0.023933 -0.120653 -0.224056 0.138946 0.291798 0.213816 -0.096362 0.048372 -0.325170 1.690995 -0.328263 -0.258087 0.168643 1.171321 -0.541844 0.302457 -0.626126 -0.426130 0.060595 0.879111 1.708530 -0.123052 -0.597138 1.186163 -0.023281 0.596035 -0.139164 0.209131 -0.399275 0.728061 1.489017 0.167417 -0.034487 
0.823305 -1.118060 -0.247947 -0.142927 447.645479 0.279242 0.064862 0.363298 -0.320343 1.103326 1.303104 -1.536148 -0.500195 0.728310 -0.685219 0.431861 0.005964 -0.057884 -0.580477 -1.624545 -0.941989 1.372267 0.558786 0.183455 -1.331752 -0.313030 -0.176571 -1.430570 1.107324 -0.267165 1.483481 0.854845 -1.794574 1.206693 -0.294923 0.545794 -0.229405 -0.769270 0.884681 0.841921 0.064740 0.197791 1.026081 0.614077 -0.678695 0.348174 0.964523 -0.358137 -0.534964 -0.893079 -0.003303 0.568517 -1.032655 -0.606099 -0.186057 0.097512 1.607019 -0.092776 -0.991770 0.784052 0.607147 -0.243745 0.316340 0.313959 0.093741 -0.931159 -0.320944 1.109004 0.503972 0.194918 0.551940 -1.500298 0.725494 -0.339038 -0.535711 0.706433 -0.052145 0.837339 -0.092330 0.419186 -0.051913 -0.116157 1.279972 0.906520 -0.991644 0.789190 0.796172 -0.411482 1.034429 -1.106915 -0.047574 -0.159063 1.505039 -1.435416 1.325774 0.116697 -0.912997 -0.649574 0.100962 -0.313652 1.578046 0.509944 0.050880 0.274239 1.335047 0.028888 -0.265839 0.062729 0.040167 0.083050 -1.078186 -0.465314 1.744526 -1.178370 -0.293824 -0.024405 1.176040 -1.658264 -1.292085 -1.641972 -0.393321 -0.160600 0.675655 0.003853 -0.164235 -0.538250 0.707535 0.386674 0.161654 1.476709 0.172938 0.299582 0.095667 1.126974 0.056433 -0.073809 0.424418 0.461664 -0.444617 -0.202682 -1.656740 -0.254429 -0.144209 0.007191 0.034006 1.021442 0.991405 0.563825 -0.124428 -0.487485 1.606814 -0.978235 0.144683 0.817014 1.101437 1.500356 -0.132381 -0.142854 0.588771 -0.406885 -1.097965 1.275830 0.114232 -0.618752 1.403916 -0.888231 1.239415 0.405097 -0.286647 0.428197 1.598342 0.685000 0.003408 1.527702 0.249542 -1.163293 -0.853552 -1.621082 -0.244499 0.004433 0.820540 -0.284710 0.063004 -1.255934 1.579102 -0.007195 0.212618 -0.156600 -0.448625 0.683656 0.536322 0.963696 0.822112 0.492749 -0.182167 0.775890 
-0.435354 0.093950 -0.165791 -0.946001 0.279242 1354.521176 0.808443 -0.080349 0.307030 -1.152865 -0.449141 -0.953276 0.017743 0.276784 -0.420955 0.013947 0.067648 0.587645 0.450309 -0.075753 -0.045615 0.103257 1.441673 0.005789 0.402113 0.240294 -0.000650 -0.005325 0.693620 -0.658546 0.936084 0.461173 0.195221 0.339350 -0.752202 -1.462860 -1.504602 -1.227071 -1.201707 0.262329 -0.567001 0.228792 -0.515854 -0.017240 -1.066268 -0.845267 0.393419 -1.247230 -0.826718 -0.000621 0.481178 0.067296 -0.081362 -0.602721 -0.038514 0.170382 1.559687 0.054761 0.876475 -0.088397 -0.722108 0.146857 0.893040 -0.005467 0.008003 0.034821 1.574970 0.435199 -0.237204 -0.126622 -0.304573 -0.390777 -0.064303 0.120370 -0.885481 -0.964836 0.586680 0.297973 -0.114570 -0.160840 0.253131 -0.219369 0.015693 -0.537646 -0.843648 0.054965 0.088493 -0.092235 -0.592356 0.541152 0.674881 -0.368142 1.839042 0.071321 0.049144 -0.335255 1.754234 0.003731 1.003790 0.688366 0.872474 -1.842181 1.013948 -0.105287 0.289336 0.008420 0.022010 0.080651 -0.012026 -0.147230 0.329059 1.657524 -0.033217 0.507117 -0.134600 0.542739 -0.499930 -0.232212 1.117221 0.365135 0.003239 0.590334 0.258892 0.199186 -0.479549 -0.846942 -1.441622 1.074650 -0.764123 0.953413 0.352052 -0.072742 -0.805136 0.144140 -0.589709 -0.666525 -1.135875 1.573582 0.359630 -1.261502 -0.265284 -0.210187 0.482526 -0.015817 1.428963 -0.627190 -0.558766 0.831367 -1.083139 -0.994189 1.042730 -0.222924 0.766354 0.679690 0.852535 -0.032832 -0.204364 -0.021064 0.177065 -0.016062 0.789554 0.126023 0.031297 -1.117691 -0.105628 0.287792 -0.424317 0.575832 0.568389 0.231146 0.809815 0.499696 0.072340 0.208969 0.788064 0.768157 -0.160966 -0.026369 0.000005 -0.191513 1.803551 0.704292 1.107257 1.542365 -0.002914 -0.832106 -0.220177 -0.082880 0.293347 -0.479328 -0.892887 0.065962 0.160413 -0.768041 -1.150180 -0.002821 
-0.126726 0.331319 0.581492 -0.327104 0.064862 0.808443 5.871092 -0.350821 -1.068509 1.220577 -0.033006 0.324208 1.256556 -1.000951 -0.931123 -0.726646 0.997497 -0.293300 0.798169 0.277287 0.544464 -0.260363 -0.782717 -0.219919 0.458787 1.091171 1.410148 -0.142874 -0.737766 -1.509268 -0.389416 -0.264740 -1.755718 0.011485 -0.053841 -0.731324 0.601651 -0.100246 0.570220 0.129050 0.818933 -0.228919 -0.003860 -0.151475 0.883682 0.235758 0.605371 0.071286 0.470103 -1.468432 -0.187847 0.441248 -0.168218 -0.071491 0.523872 0.276305 0.187406 0.770898 -1.304540 0.171349 0.153927 -0.120624 -0.263139 0.142670 0.839745 -0.135632 -0.843508 0.049272 -1.176212 0.669985 0.635697 -0.862933 0.833455 -0.705790 0.006253 0.876149 0.622713 0.682806 0.511089 0.363532 0.976241 -0.162436 -1.192621 0.565223 -0.554053 -1.043230 0.577425 0.024178 -0.287212 0.544285 -0.701130 0.158068 0.371656 1.115159 0.024526 1.055253 0.136106 0.738422 1.233862 -0.085523 -0.367394 0.823077 -1.430682 -0.732426 0.380269 -0.137447 -0.232146 -0.200740 0.158072 0.379013 0.310016 -0.432906 -0.008018 -1.077856 -0.750005 0.062506 -0.137818 0.935807 -0.905570 -0.051794 0.074870 -0.805315 0.303578 -0.958001 -1.713863 -0.313920 0.782613 0.231482 -0.659221 -0.285942 0.197993 -0.050595 -0.325800 -0.388331 0.105848 0.634264 1.116876 0.871602 -0.124047 0.443169 -0.354123 0.010784 -0.052072 0.400986 -1.406101 -0.019548 1.322363 0.700630 -0.357195 -0.940063 -0.945974 -0.869574 -0.324036 0.114622 0.337655 -0.146771 -0.798951 -0.324713 0.024409 0.390512 -1.265163 0.000927 0.342236 0.281880 -0.665356 -0.807290 0.768077 -0.322117 -1.395048 -0.199904 0.054590 0.602136 0.056421 0.133587 -1.109607 0.222507 0.055194 0.652319 -0.082319 -0.413924 -0.839500 0.000000 0.743084 0.181644 1.200839 -0.163072 -1.223473 0.036838 1.500425 1.107711 0.341575 0.850644 0.776675 -0.410040 -1.005654 -0.068407 
0.065224 0.743926 0.144574 0.268488 0.363298 -0.080349 -0.350821 12.891029 -0.006836 0.017841 -0.464251 0.693484 -0.004333 0.091382 1.119329 -1.188064 -0.035010 -0.362703 0.416130 0.166178 0.565146 -0.590382 1.010295 0.488451 -0.061204 -0.255203 -0.022867 -0.035048 -1.681127 -0.561489 -0.615278 -0.172838 -0.176417 0.552912 0.632318 0.392732 1.000965 0.555253 -0.844756 -0.912200 -0.000374 0.601602 -1.759145 0.132229 0.240091 0.017451 0.356143 -0.771066 0.736226 -1.483906 1.177175 0.172862 -0.177825 1.074653 -0.151157 1.027359 0.406057 -0.945463 0.420014 -0.734825 0.581341 1.015497 0.172421 -0.418482 -0.382938 -0.775142 0.133994 -1.244253 0.294830 1.346994 -1.715015 -0.121283 -1.064612 0.017375 -0.221706 1.022600 0.439089 0.997699 -1.040420 -0.244349 0.306758 0.243679 -1.336889 1.154077 0.609696 -0.506918 -1.160540 0.043424 0.177590 0.437850 0.661861 -0.280732 -0.972735 1.471107 0.383941 -0.068612 0.805131 0.498445 -0.412132 0.023279 -0.576578 0.688175 1.499942 1.605927 1.606489 0.000000 0.284047 -0.436536 0.931304 1.065579 -0.267919 -0.016518 -0.430676 -0.892888 -0.868473 0.240930 0.235810 -0.222857 -0.650347 -0.470262 -0.992654 0.149203 0.672148 1.401467 0.024763 -0.623354 -0.495182 1.087080 1.309949 1.270951 -0.972202 -0.191336 0.855258 0.564693 1.417031 -0.060925 0.169955 1.189634 0.461199 0.313156 0.599316 0.113516 0.491007 -0.534949 -1.813516 -0.685171 0.833317 -0.185687 -0.315855 0.762350 1.065083 0.243947 1.172173 1.405803 -1.251551 0.108473 -0.738391 1.111262 0.839486 1.068903 0.164103 1.233957 1.418750 0.648643 -0.644220 0.206803 -0.403501 1.712041 1.120527 -0.202362 0.626099 -0.144385 0.594623 0.174385 -1.480838 -0.245248 -0.663442 -0.073404 -0.024552 -0.042180 -0.892272 0.046679 1.538179 1.438261 -0.439122 -0.888711 0.763613 0.150114 -1.676391 0.066825 0.742181 -0.562103 -1.044651 -1.078349 1.177615 0.202189 
0.848039 -0.428381 0.547114 -0.236715 -0.320343 0.307030 -1.068509 -0.006836 2240.380968 0.326055 0.016017 1.094569 0.320161 0.425218 0.323384 -0.155940 -1.246846 -1.760005 -0.266721 -0.465917 -1.632243 1.447450 -0.004805 0.436456 1.807990 -1.538254 0.338114 0.023327 -0.010635 0.001445 -1.363746 0.941686 1.366086 0.686589 -0.515576 0.652599 -0.691892 -1.768534 -1.315188 -0.000453 -0.187178 0.492700 -0.040641 -1.648465 -0.757091 0.451384 -0.283267 -0.216922 0.506693 -0.129082 0.388667 0.839248 -0.172236 1.144640 0.156529 -0.025855 0.099375 -0.696703 -0.121534 1.580470 -0.023552 -0.129222 -1.654029 0.197842 0.238878 0.023620 1.074612 -0.351677 -1.702060 -0.070014 0.306381 -0.529638 -0.413911 0.666811 -0.046030 1.079893 0.608531 -0.003224 -1.080315 -0.282787 0.535087 1.246622 -0.686699 0.904969 0.140184 -0.012158 1.736650 -0.001190 -1.213599 0.246198 -1.498971 1.799076 0.683066 -0.062588 -0.811172 -0.636311 -1.345061 0.361730 0.062336 0.920103 -0.696648 -0.353973 -1.053062 -0.469072 -0.483970 -0.544309 -0.039672 -0.476879 0.026973 0.016222 -0.195609 -1.050050 -0.044679 1.022285 -0.181627 1.667652 -1.236025 0.840183 -1.489087 -0.711529 1.417199 0.541371 0.071229 -0.346707 -0.282299 0.021333 0.272714 -0.180849 -1.408243 1.136594 0.010054 -0.438875 -1.216021 0.072425 0.085615 1.539286 -1.572075 -0.403267 -1.116547 -1.640671 -0.004263 -0.643335 -0.193953 0.000088 -0.040263 -0.112760 -0.054965 0.231170 -0.814955 -0.059761 -0.319469 -1.318653 0.533679 1.203258 -0.000000 0.062686 -1.302945 -0.047222 -0.378755 0.406943 -0.095044 -0.620754 -0.045575 -0.087327 1.737208 1.363263 0.401190 -0.042478 -0.014009 -0.005639 0.562449 0.036454 0.006139 0.270513 -1.633278 0.972790 -0.576958 -1.235057 -0.446333 1.225949 0.250628 0.298872 -1.275966 -0.587438 0.190512 -0.774134 -0.016284 -0.007625 0.249963 -0.721136 -0.022685 -0.076936 0.502917 0.768148 -0.015538 -1.262186 
0.056521 1.284470 0.909822 -0.277661 1.103326 -1.152865 1.220577 0.017841 0.326055 85.331268 -0.132123 0.260325 0.292977 0.026966 1.294899 1.034135 -1.168022 0.499556 0.446114 -0.869819 0.981956 -0.880461 -1.170550 0.282709 0.006091 -0.464924 -0.732664 -0.253350 -1.591925 0.126394 -0.556190 1.279955 0.573220 0.076624 -1.004072 0.015035 -0.471976 -0.209084 0.726998 -0.643182 0.276679 0.100243 0.344901 0.769143 0.953772 0.656068 -0.183778 -0.442545 1.524196 0.042807 -1.449708 -1.116130 0.398044 -0.326998 0.059199 0.010920 1.519888 -1.693012 0.741904 0.200049 1.064507 -1.714934 0.533678 1.777102 0.258368 1.187543 -1.060780 0.275200 0.030388 1.047511 -1.642612 1.649947 -0.664586 1.658323 -0.225637 -0.245565 0.002849 -1.171916 -0.682711 -1.291012 0.123178 0.561004 0.211851 -0.872549 -0.650411 1.151923 0.268729 -0.244547 0.173191 -0.286627 -1.093397 0.975300 0.526980 0.025687 1.579525 0.931822 -0.800101 -0.876578 -0.624642 -1.415648 1.694817 1.092026 -0.000457 -0.658935 -1.602874 -1.740063 -0.113127 0.531352 -0.424663 0.906779 0.101490 1.037947 1.590585 -0.574646 0.574321 -0.221247 1.131554 1.612582 -1.550137 -0.545938 -0.055052 0.222768 -0.404481 0.990100 -0.033199 -0.934415 -0.386952 1.012451 -0.322664 0.169205 -0.531431 -0.612743 -0.564297 -0.007115 0.831759 -0.132728 -0.396419 -0.773563 0.199930 0.748508 -0.287855 -0.231672 1.291412 1.221380 -0.614581 1.146337 0.219520 -1.320711 -0.130737 1.074068 0.184026 -0.817151 -0.371989 -0.086624 -1.143465 0.000113 -1.225751 0.266226 0.249704 1.698059 -0.366186 0.001946 1.146930 1.757169 0.003991 -0.988960 0.834363 -0.257431 -1.387441 -0.292526 -0.101985 -1.194852 0.303992 1.512627 -0.299267 0.893062 1.136305 0.044480 1.210341 -1.501033 -0.746254 0.319514 0.210201 -0.224698 0.158521 -0.577722 -0.458541 0.026773 0.292171 0.018494 0.942987 0.240928 -1.661070 -0.609392 -0.173912 -0.653973 
0.693078 -1.337182 -0.266982 -0.004162 1.303104 -0.449141 -0.033006 -0.464251 0.016017 -0.132123 110.409705 1.524643 -0.919456 1.091618 -0.761488 -1.091651 0.749137 -0.013629 -1.740141 -0.333177 0.826154 -0.183290 -1.255238 -0.013944 -0.121115 0.401919 1.291403 -0.118456 0.698181 -0.302488 1.566374 0.472269 0.673683 0.053650 0.084650 0.536080 0.111662 -0.740928 1.685283 0.655431 0.112673 -1.149731 0.519361 0.248821 -0.000771 1.600466 -1.467752 -0.787481 -0.146865 -1.778873 -1.283470 0.257713 0.354293 0.073337 -0.231085 0.078626 0.125582 -0.015053 0.473321 -0.014361 -1.300760 -0.148825 0.066745 -0.020142 0.587748 0.000798 0.051638 -0.873328 0.067854 -0.709632 0.042124 -0.469435 0.485206 0.208654 -0.927140 0.219771 1.618762 -0.105406 1.069247 -1.113666 -0.036680 1.273970 0.029443 0.597579 -0.131370 0.108149 -0.259374 -0.716402 0.350497 0.052671 -0.282756 -0.183016 -0.504475 0.689129 -0.243641 -0.634340 -0.545959 -0.046373 -0.043957 0.215671 1.127483 -1.739090 -0.210404 0.116259 0.038084 -0.338826 1.169090 1.606405 0.175138 0.309502 0.001906 -0.513746 0.175692 1.324154 1.487470 -0.528299 0.431674 0.441633 0.956646 0.867177 -0.046150 1.058735 0.067330 -1.413008 -0.296798 0.316251 1.085648 0.123639 0.420434 0.221052 0.370043 -0.128073 -1.267913 1.126925 1.208954 0.308950 0.691984 -0.033999 0.077034 1.570661 0.830882 1.705239 -0.483648 -0.090837 -0.058272 0.100072 1.546335 0.786157 -0.071490 -0.140501 -1.421343 -0.826594 -1.402334 -0.059570 0.130289 -1.154064 0.042541 0.016685 -1.277663 1.042591 -0.709908 0.158667 -0.207529 -0.355057 -0.011475 0.094881 -0.070784 1.480443 0.880023 -0.247270 0.281646 -0.172022 -1.446148 0.434506 0.150694 1.151959 1.045940 0.043712 1.050947 -1.777486 -1.190685 -0.266626 1.064824 0.052741 1.121128 -0.155073 0.033477 -0.563922 1.014451 0.449031 -1.110145 1.365767 1.516885 0.817697 1.130421 -1.276144 
-0.324398 0.085460 -0.482639 -0.462080 -1.536148 -0.953276 0.324208 0.693484 1.094569 0.260325 1.524643 38.958909 0.039323 1.550249 -1.084651 -1.230007 0.523633 0.544794 0.120938 0.082975 -0.291067 0.754317 0.036997 -1.453777 0.330925 1.385773 1.265301 -0.171705 0.052007 0.552551 -1.103532 0.102177 -1.403139 0.707969 -0.411808 0.855974 -1.547284 -1.304169 0.149268 -0.261708 0.313154 -0.107792 1.219836 1.083406 -0.062639 -0.704947 0.881885 0.797444 -0.081012 -0.171671 -1.489418 -0.545603 0.130515 0.145115 0.645616 -0.534552 -1.130036 0.242745 0.540283 1.358391 -0.599506 0.220635 -0.389939 1.069126 0.094992 0.766336 -1.591761 -0.716716 -0.054797 -0.379764 -1.100562 -0.831856 -1.344852 -0.839196 -0.754590 0.061325 -0.120014 -0.113130 1.326411 -0.941358 -0.813374 -0.282609 0.976676 1.080281 -1.136836 0.530619 -0.329404 0.501232 -1.101207 -0.599068 -1.047710 1.433702 1.048741 0.111453 0.734406 0.341514 -0.869245 0.710708 0.964019 -0.553726 0.271772 -0.743594 1.257734 -0.017260 0.237277 -1.647892 0.309387 0.808563 0.514980 0.829417 -1.283599 -0.015993 -0.592718 -0.232276 0.802143 0.299967 0.050607 0.464959 -0.114377 -0.015631 0.447482 -0.319276 -1.119633 0.187123 1.052919 0.653467 1.794608 0.321751 0.355631 0.024931 0.397082 0.288043 -0.185756 0.872715 0.346693 0.679600 1.201274 -0.072135 -0.483283 -0.013175 0.163299 -1.228044 -0.488312 0.753150 -1.604053 -0.699339 -0.295177 -0.653050 -0.276933 1.040180 -0.122416 0.407418 -1.170020 0.122225 -0.408513 -0.072397 -1.207906 1.815077 1.346481 -0.330284 -1.204460 0.219263 -1.198560 0.502399 0.469145 -0.198907 -1.582926 0.307577 -1.769604 1.429823 0.613777 0.364958 -0.989171 -0.461332 -0.477223 0.019847 1.788432 0.334252 -0.947016 1.112709 1.362636 0.846780 0.414923 -0.739021 -1.440604 0.581004 -0.260607 1.146157 -0.855369 0.187462 -0.131470 0.119745 0.273435 0.466255 1.113438 -0.975116 
-0.779045 -0.146836 -1.176949 0.040207 -0.500195 0.017743 1.256556 -0.004333 0.320161 0.292977 -0.919456 0.039323 2067.832043 1.093730 0.091817 -0.181601 -0.844953 -0.760204 -0.809853 0.094311 -0.978488 -0.043024 -0.050845 0.121378 -0.945798 1.508993 1.038604 -0.000847 0.192418 -0.088796 0.466318 -0.944659 0.946139 0.042064 1.485698 -0.489612 -1.040228 0.003562 -0.438301 -0.300090 1.064431 0.174847 0.920544 0.113609 -0.443191 -0.006673 -0.601566 0.408219 -0.379678 0.034450 -0.408002 -0.367459 -1.278039 0.187623 0.682796 0.133468 -0.021706 -1.751589 -0.204726 0.467208 -0.048886 1.042019 -0.578467 0.930637 0.458758 -0.136543 1.266610 -1.071025 0.854371 -0.302875 -0.602416 -0.532475 0.096410 -1.537525 -0.108755 0.542327 -0.230969 0.185499 -0.051257 -0.966431 1.712776 -1.360556 0.643173 1.393670 0.045991 0.113171 -0.926691 0.003250 -0.262077 0.925877 -0.566268 -0.098415 -0.802349 0.414009 0.164275 -0.478837 1.083537 0.118147 -0.047338 -0.011204 -0.087904 0.934310 -0.111784 -0.054352 1.393262 0.339240 1.480960 0.194956 0.088222 -0.057338 0.545125 -1.527766 0.014926 -0.987140 -0.131155 0.815048 -0.322091 -0.490333 -0.722082 0.420521 0.033059 -1.224382 1.701871 -1.838337 0.092269 -0.076625 0.893594 -0.757076 -0.059589 1.371731 0.199346 -0.644860 -0.562716 -1.556012 -0.682426 -0.263545 1.845236 0.181376 -0.279594 0.792910 0.198901 -0.118275 0.736903 1.608970 1.061515 -0.913463 -0.018093 1.321704 0.821771 0.732039 0.062636 1.647749 -0.109437 0.027825 1.452773 -0.756082 0.895792 -0.656483 0.170709 0.253342 0.715918 0.648705 0.636814 1.832573 1.251318 -0.516710 0.371437 -0.774721 -0.281283 -0.305152 -0.457678 0.068556 -0.049473 0.051246 0.189407 -0.118422 -0.252157 -0.001095 -1.298432 -0.476417 -0.265083 1.646157 0.269870 -0.525097 0.807537 -0.831724 -0.991235 0.016891 1.682421 -0.241670 -0.505899 0.112087 1.060817 -0.917228 -0.408304 0.554907 
0.646684 -0.437793 -1.829724 -0.258290 0.728310 0.276784 -1.000951 0.091382 0.425218 0.026966 1.091618 1.550249 1.093730 702.332119 0.154531 0.194279 -0.001574 0.523678 -0.121084 0.190421 0.348267 0.004061 -0.536004 0.028549 -0.224376 -0.415524 -0.355496 -0.038545 0.500041 -0.068556 -0.174093 0.908811 0.149695 0.229841 -1.542718 -0.060753 -0.852678 0.205946 1.248886 0.553338 -0.282083 0.011522 1.530145 -1.411488 1.079755 -0.008078 -0.289846 -0.781438 0.188793 -0.379588 0.205952 -0.199742 -0.764763 -0.787670 1.300674 0.034742 -0.190157 -0.294807 -0.188113 -0.249317 -1.395974 -0.325546 -0.628694 0.134184 -1.071454 -0.201871 -1.021606 1.829354 -0.343121 -0.001617 0.807310 -0.073313 -0.110490 1.101813 -0.572468 1.432238 -0.048645 -0.406450 -0.551065 1.094610 -0.856080 -0.270801 -1.204092 -1.496817 -1.090463 -0.983580 -0.808797 1.732035 1.397096 0.062649 1.343246 -0.214249 -0.101010 -0.235799 1.369757 -1.476017 0.167229 -1.079053 0.311877 1.216379 0.181386 0.172826 0.027329 0.389620 -0.137348 -1.664906 1.084866 -0.019645 0.526192 0.088485 -1.701980 0.844179 -1.466677 -0.423704 0.397100 -0.248876 0.194909 -0.038260 -0.035279 -0.678180 -0.013114 -0.344948 -1.651916 -0.196814 -0.083469 0.030864 1.010836 0.329414 -0.478962 -0.181619 -0.489175 -0.427619 -0.003575 0.483669 0.017177 0.574901 -1.109015 -1.758751 1.294486 1.837497 0.188142 1.067891 -0.672766 0.725574 0.202461 0.685541 -0.203923 -0.082088 -1.599481 0.317746 0.488675 -1.307992 0.587367 -0.128600 -0.246447 -0.039289 -0.338726 1.453920 0.061921 0.001081 -0.258461 -0.346698 1.147049 0.064884 -0.080244 -1.517048 0.088543 -1.019500 -0.005720 0.118641 -0.219280 0.470913 0.036546 -1.667446 0.147934 -0.334238 1.328397 0.073916 0.108212 0.345719 -0.063355 0.605454 0.937570 0.144128 -0.576407 0.006772 0.188524 1.605062 -0.255332 0.896570 -1.672381 -1.128587 -0.173152 0.788286 0.001943 1.514163 
-0.034135 -0.179581 -1.761851 0.567056 -0.685219 -0.420955 -0.931123 1.119329 0.323384 1.294899 -0.761488 -1.084651 0.091817 0.154531 241.508814 0.970054 1.384478 0.805538 0.138360 -0.675541 -1.096659 -0.619316 -0.307243 -0.056519 1.453512 0.044723 0.972767 0.223524 0.024063 1.693285 -1.383705 -0.931057 0.289941 -0.366013 0.095570 -0.173152 0.455976 1.437110 -0.091748 -0.432129 0.372561 -0.740108 -0.085816 1.814504 -0.948740 -0.324057 1.543712 0.222593 -0.812565 -1.182219 0.787729 0.826475 -0.703889 -0.841298 0.444384 0.120781 1.230236 0.453703 1.048330 0.286670 0.472093 0.017721 1.613316 0.951743 -1.369340 -0.486702 0.017915 -1.298481 0.267420 1.831584 0.074476 -0.372528 0.626667 -0.024035 -0.931077 -0.070209 0.093029 -0.866479 -0.579681 0.621342 -0.280880 0.008963 1.679507 0.304113 0.904217 1.159923 0.244242 0.409003 1.550030 -0.787612 0.179198 -1.279060 0.004344 0.742989 -0.256375 1.216268 0.026795 0.396616 -0.992280 -1.196245 0.403423 -0.046959 0.680955 0.006895 -0.966035 -0.064666 -0.444971 0.867907 0.319413 0.270250 -0.232282 -1.076771 -0.386493 -0.304804 1.400297 0.025335 0.071759 0.260665 -0.362562 1.624656 -1.699975 -0.062558 0.411229 0.420759 -0.081679 -0.135745 1.463657 -0.751941 0.380192 -0.469972 -0.949481 0.642977 -0.793015 -1.070743 -0.792073 -0.519010 -0.276329 0.101513 0.666241 0.281422 -0.465870 0.689608 -0.078989 0.762741 -0.388883 0.408971 0.814065 0.868246 -1.062811 -0.204742 0.438668 0.126877 -1.320431 1.317314 -0.088040 1.019534 0.093486 -0.046275 -1.391955 -0.438821 -1.019689 1.349774 1.219683 0.352437 1.412529 -1.122458 -0.245310 0.896251 1.367816 1.096159 0.205919 -1.613248 -0.671805 0.067442 1.286535 -1.248212 0.260978 0.275143 -1.431706 0.217026 1.224907 -1.614658 -0.295071 -0.081272 -0.096167 0.367804 -1.139080 -0.006546 0.139992 -1.738815 -0.160275 -0.224088 -0.012283 0.719530 1.540452 0.963238 
-1.193922 0.145071 -0.094161 0.593174 0.431861 0.013947 -0.726646 -1.188064 -0.155940 1.034135 -1.091651 -1.230007 -0.181601 0.194279 0.970054 4.767593 -0.733303 0.071836 0.569671 1.007895 0.463377 0.743309 -0.882429 -1.017245 0.323421 -0.414322 -0.035550 -0.110944 1.410418 0.089753 0.713150 -0.161860 1.051081 -0.176301 -0.007938 -1.120831 -0.322291 1.705325 -1.246799 -0.014619 0.206142 1.507048 -1.169217 -0.272470 0.218290 -0.408969 0.486669 0.704310 0.327634 -1.207222 -0.807249 -0.903557 0.402847 -1.236985 0.031937 -0.155534 0.044502 -1.728581 -0.220844 -0.236967 -0.162222 0.070765 0.105257 -0.309025 -0.424984 -0.498788 0.986576 0.497737 -0.125512 -0.000251 0.318848 0.279359 0.020199 -0.131268 -0.726679 -0.962111 -0.055175 0.992791 0.215159 1.117557 -0.927828 0.896347 0.413273 0.471824 -0.343082 0.489965 0.044482 -0.077217 0.193644 -1.255541 0.459434 0.049324 0.564912 -0.688254 -0.340011 0.073660 -0.284140 -1.771373 0.456842 0.394491 -0.097751 -0.350885 -1.385098 -0.563538 -0.234892 1.677232 -0.811164 0.649614 -0.454372 -1.794529 -0.075842 0.068800 0.972478 0.984953 -1.254003 -0.196929 0.877176 -0.562979 -1.007157 0.749636 0.237234 1.001752 0.931980 -0.350261 0.749047 0.835077 0.795396 -0.473996 0.702577 -0.097408 -0.842439 0.218785 0.778798 0.699937 -0.239201 0.201895 -0.713399 -0.321948 0.312257 0.214749 1.399192 0.166793 0.036257 0.808296 0.871275 -0.111163 1.170667 0.631472 -1.601522 0.767067 -1.019709 0.992019 0.547741 0.000000 -0.027141 -1.145591 1.208234 -0.093140 0.802149 -0.781614 0.881842 0.846719 0.129970 -0.158359 -0.000210 0.987349 -0.999914 0.562862 -0.119589 0.145227 -0.338085 1.808390 0.265856 1.388394 -0.439402 -0.437220 0.117572 -0.054004 0.406111 0.484833 0.733324 -1.106426 0.496675 0.103957 -0.222077 -0.367950 -1.506170 -1.243938 -1.369822 0.083279 -0.609679 0.372280 0.424995 -0.830953 -0.036240 -0.462327 
0.930395 0.047266 -0.396113 0.211810 0.005964 0.067648 0.997497 -0.035010 -1.246846 -1.168022 0.749137 0.523633 -0.844953 -0.001574 1.384478 -0.733303 316.129758 -0.013554 1.687897 0.764955 -0.139628 0.894057 0.122107 -0.020211 0.162772 -0.047739 0.615529 -0.226696 -1.743286 1.407890 0.041147 1.417736 0.801705 0.088377 -0.423555 1.103691 -1.065882 -0.145481 0.132090 -0.267835 0.075531 0.100598 -0.102535 -0.164943 1.185866 0.922265 -0.547715 0.908933 -0.105645 0.920886 0.899236 -0.376154 -0.029830 0.001347 -1.197177 -0.874667 -1.426405 0.009516 0.747834 -1.745029 -0.015345 -1.619605 -1.031961 0.895479 -0.586949 -1.682471 -0.926290 -0.256162 0.221279 1.448057 -0.845400 0.579786 -1.146294 -0.306832 -0.815466 -1.197183 0.050313 0.066412 -0.570528 -1.036162 -0.503144 0.405520 -0.065692 1.061567 1.288054 0.929014 1.047896 0.753218 -0.579445 -0.617913 -1.217980 0.421325 -0.092049 -0.280647 -1.175327 0.189907 1.040691 0.440948 0.492430 -0.308665 -0.239477 -0.673471 0.035254 0.089611 0.516380 0.007795 -0.363752 -1.065621 0.033677 1.005166 1.139089 -0.033349 0.003747 -0.450180 0.091343 -0.328785 0.130322 0.275137 -0.156265 0.762939 -0.270648 -0.241175 -1.263093 0.235578 -0.174652 1.797187 -0.062791 -0.263480 0.364836 0.332674 -0.953538 1.824461 0.559014 -0.287181 0.078452 0.041167 1.107450 -0.278191 -0.492197 0.991200 -0.189783 -0.257847 -1.173688 0.271979 0.271959 0.041246 0.405810 0.271708 -1.465443 -0.740190 -1.244398 1.588396 -0.042548 -0.140741 -1.020811 -0.385557 -1.756921 -0.250103 -0.272047 -0.456209 -0.256244 1.018880 0.253345 0.016037 -0.187184 -0.231293 -1.445187 -0.233737 -0.060846 -0.629466 0.926968 0.106890 -0.159690 -0.128525 0.043430 -1.375145 1.113916 -0.150782 0.071720 -0.324680 -0.263930 0.199090 -0.158326 1.710233 -1.286229 0.228107 0.888887 -0.771653 -0.141491 -0.140342 -0.677025 -0.344321 -0.650422 0.644896 0.326205 0.044219 
-0.410483 -1.127877 -0.530147 0.695948 -0.057884 0.587645 -0.293300 -0.362703 -1.760005 0.499556 -0.013629 0.544794 -0.760204 0.523678 0.805538 0.071836 -0.013554 1853.273690 0.047327 -0.279510 -0.268847 0.438524 0.393831 0.313150 -0.147216 -0.055712 -0.203777 -0.014122 0.308269 0.003524 -0.634316 0.138770 -0.037824 -0.020283 -1.091432 -0.547374 -1.206586 -0.101508 0.167489 -0.058176 0.005222 -0.003462 -0.281762 -0.336862 -0.712756 0.365361 -0.551873 -0.103615 -0.158762 0.441452 -1.472650 0.100240 0.236536 -1.459664 -0.350949 1.676233 1.051734 -0.008088 0.522139 -0.341982 0.699210 -0.120782 0.493383 0.164314 -1.757147 -1.005248 0.126674 0.304644 0.393629 1.471943 0.332668 -0.067742 0.453354 -1.393638 -0.038041 -0.090424 -0.016565 0.122177 -0.361951 0.962880 0.066201 -0.256415 -0.840442 1.192748 -1.400425 0.845414 -0.291940 0.001088 0.016350 0.525603 1.349930 0.049239 -1.782660 -0.385168 -0.744709 0.260455 -0.125943 -0.427211 -1.756669 -0.196288 0.222934 -0.383352 0.904393 1.027086 -1.345253 0.742799 0.342941 1.225337 1.484379 -0.130213 0.743361 -0.024794 0.135611 -1.709062 -1.505621 -0.190247 -1.420065 0.764908 -1.649148 -0.417356 -1.504981 -0.065750 0.211338 0.879043 -0.021908 0.049296 0.007423 -1.733423 0.070827 0.020161 0.310625 -0.028947 1.648161 0.165616 1.005392 -1.036494 -0.446156 0.041404 0.498114 -0.484516 -1.522017 -0.000000 -0.250893 0.239364 1.533849 -0.324589 -1.264709 -0.421927 0.414272 0.823002 0.636184 1.076927 -0.145439 -0.006766 0.071583 0.334580 1.298522 -0.252433 1.584468 -0.209589 0.927780 -0.637551 -0.162241 -0.073813 0.696491 -1.153370 0.327146 -1.079410 -0.025649 -0.001262 -0.317522 -0.065891 -1.018715 -0.318619 1.111913 0.152565 -0.344515 -0.562876 0.270171 0.236595 0.340102 0.013966 0.400700 -1.112352 -1.714678 -0.224227 0.476860 -0.631183 -0.001225 -0.189226 -0.799415 -0.251019 0.714737 -0.101123 0.672532 1.611838 
0.812678 -0.132905 -0.343917 -0.012482 -0.580477 0.450309 0.798169 0.416130 -0.266721 0.446114 -1.740141 0.120938 -0.809853 -0.121084 0.138360 0.569671 1.687897 0.047327 198.833071 0.253474 0.522250 -1.791359 -0.537477 0.914950 0.121376 -0.500158 -0.067394 -0.363416 0.177075 0.118122 -0.089522 -0.171331 -0.232294 -0.014182 0.744369 -0.452730 0.052009 -0.816217 1.160473 -0.313881 0.762391 0.238382 -0.050414 1.292610 0.318128 0.388753 0.522090 -1.588431 0.053161 0.239097 -0.064634 -1.078318 -1.519875 -0.107852 0.164035 -1.571127 -0.260457 1.241921 -0.801058 -0.242894 0.034948 -0.336983 -0.060489 -0.061005 0.053614 -0.412645 0.600970 -1.753963 -0.418758 0.038473 0.564612 1.576015 0.252914 -0.222953 0.541540 -1.421239 -0.474204 -1.695155 0.955524 0.407200 0.381533 0.198343 -0.495356 1.433885 0.336647 1.283749 0.395852 1.514210 0.099176 -0.420022 -0.179429 0.573873 -0.079777 -1.143973 -0.808687 0.396865 0.593133 -1.556980 -1.619415 0.316608 0.033418 0.721698 -0.413250 0.011660 -0.997952 0.867868 -1.406654 -0.392807 -0.578288 -1.337606 0.271971 0.073927 0.594488 -0.864258 0.527814 1.746982 -1.063656 -0.974220 -0.509047 -0.226735 0.653788 0.920751 0.438315 0.251223 0.340510 -1.225689 -0.809309 -1.304056 -1.243667 0.035077 0.542349 0.356028 0.703069 -0.081972 0.093891 -0.440435 -0.300993 0.870507 -1.457635 0.627037 0.037345 1.815170 0.555768 1.030250 0.098844 0.088397 -0.854058 -0.107276 0.819232 -0.163582 0.525710 1.558671 -0.968850 0.078192 0.139768 1.153886 -0.093377 -0.031887 -1.515293 0.344769 0.100319 0.112754 -1.469982 0.741741 0.000393 -0.562899 1.697151 -0.951315 -0.044889 -0.909431 0.861278 0.144064 -0.041034 -0.089162 0.110498 0.231588 0.076618 0.082067 -1.613057 -0.469702 0.943596 0.145654 0.501757 0.938492 0.500019 0.612598 -0.392330 -0.974057 -0.153780 0.499769 -0.241668 1.116740 0.573840 0.492675 0.002853 0.180017 
-0.191162 0.085476 -0.424316 0.058057 -1.624545 -0.075753 0.277287 0.166178 -0.465917 -0.869819 -0.333177 0.082975 0.094311 0.190421 -0.675541 1.007895 0.764955 -0.279510 0.253474 7.772403 -0.491474 -0.478858 -0.097947 0.310395 -0.383238 0.302049 0.020592 0.363188 -0.625685 0.949776 -1.588104 -1.478001 -0.183258 0.373486 -1.509077 -0.512223 0.554986 -1.420054 1.132071 0.573883 0.003905 -0.254241 0.638099 0.162018 0.122341 -0.459009 1.423113 0.274974 -1.228245 0.292899 -0.092783 -0.000482 -0.537882 -0.234402 0.138609 0.371868 0.723959 0.553945 -0.490125 -0.223100 -0.226067 -1.301662 -0.296760 -0.183033 1.009185 0.005172 -0.172101 0.086022 -0.643839 0.155834 0.540579 0.326702 -0.643004 0.836131 0.458088 0.738762 -0.581268 -0.485968 0.300727 0.503577 0.318523 -0.204843 0.518545 -1.182542 -0.012259 0.808287 1.274239 0.275595 -0.708645 -0.774840 0.104347 0.429243 -0.463496 0.567419 0.182581 0.636706 0.709920 0.231804 0.030784 0.043764 0.062131 0.715675 -0.049906 0.137147 -0.462198 0.807250 -0.537913 -1.651157 -0.543693 -1.229315 0.542891 0.430543 1.480157 -0.160802 -0.816519 0.158123 0.097290 -1.266981 0.968900 0.303445 -1.691693 -0.163536 0.047608 -0.081585 0.693830 -0.594370 1.239913 0.945881 -0.536578 -0.487352 -0.157766 -0.105681 0.972391 0.375996 0.990316 0.457413 -0.514090 0.236600 0.250169 -0.385206 -0.485184 0.074375 -0.884181 1.462965 -0.366422 -0.326898 1.424075 0.494325 0.042605 -0.522389 0.952573 0.997061 1.380861 0.140062 0.545608 0.711021 0.629102 -0.270592 -1.490866 -0.272756 0.937751 -0.762936 0.158908 0.100528 -0.277694 0.587992 -0.162601 0.963844 0.058786 0.459045 -0.399329 -0.148501 -0.533462 0.220880 -1.437046 -1.094587 0.093879 -1.663116 0.094175 0.993847 -0.924265 -0.302858 0.963342 0.558974 1.062235 0.343732 0.343658 0.184307 -0.759079 -0.538350 -0.621778 0.862806 -0.000070 0.626136 -0.639834 0.353394 
-0.000000 -0.536120 -1.090863 0.144085 -0.941989 -0.045615 0.544464 0.565146 -1.632243 0.981956 0.826154 -0.291067 -0.978488 0.348267 -1.096659 0.463377 -0.139628 -0.268847 0.522250 -0.491474 30.338824 -0.539593 0.549679 -0.473232 1.046174 -1.246822 0.854505 0.190835 0.016286 -0.841975 1.372288 1.122156 -0.687813 0.675653 0.647215 0.676953 -0.198056 -0.132453 -0.358935 -0.137568 0.865438 -1.417698 0.238385 -0.303726 1.094378 1.264512 -1.783389 -0.334170 0.954887 -1.036449 1.318220 1.167441 -0.602736 -0.549365 -0.505512 1.822467 1.636073 -0.356879 -1.083906 -1.690306 1.192077 -0.618338 0.984175 -0.467832 0.770783 0.448266 -0.309342 -0.193950 -0.685856 -0.001910 -1.341012 0.218919 1.086573 0.659290 -0.403785 -0.717567 0.111958 0.377577 0.160191 -0.155711 -0.348407 -1.191221 0.710591 0.401954 -0.116862 1.268010 0.304966 -0.211463 -0.927058 0.441860 1.526543 -0.252620 0.242836 0.113930 0.819783 -0.780864 -0.684397 0.312681 -0.359346 -0.918714 0.344785 -0.161033 0.895517 0.368956 0.852832 -0.293742 0.590364 0.532533 -1.291473 1.593707 0.590858 -0.881210 0.612203 -0.042544 -0.529292 0.924504 0.260154 0.985722 1.373732 1.234155 -1.231405 0.783756 1.658390 -1.065215 0.109945 0.479122 0.273382 -1.287319 1.012250 -0.413023 -1.098020 0.854229 0.360349 -0.878664 0.554832 0.240613 0.130428 0.688709 0.280730 -0.144478 0.084935 1.125003 0.460478 0.498408 0.563291 -0.052782 -0.412557 -0.044132 0.835821 0.495296 0.097472 -0.287956 -0.057936 -0.047323 -0.693155 0.234827 -0.570415 -0.014134 -0.247116 -0.432382 -0.121193 0.104256 -0.767896 -0.760195 -0.625492 0.743105 0.591131 -0.336916 -0.000521 -1.069344 0.273175 0.202621 0.338648 0.060164 0.614361 0.100384 -0.223492 -0.564429 -0.076187 0.392808 -0.105963 -1.155851 0.097120 -1.123148 -0.959662 -1.147806 -0.705511 0.531829 0.081635 0.421260 1.223679 0.889905 -0.317802 1.195057 0.052701 -0.108217 
