13.000794 0.000000 0.001558 -0.072802 0.000606 -0.074381 -0.134966 -0.064585 0.009453 0.146482 -0.046427 -0.126402 0.000000 0.014200 -0.043251 0.118756 -0.000300 -0.036225 0.123553 0.085549 -0.083470 0.082581 0.098146 0.031536 -0.013175 0.141543 0.088855 -0.141050 -0.000786 -0.139081 -0.039732 -0.036334 -0.031178 0.043092 0.000527 0.064947 0.159941 0.072733 0.020629 0.046720 -0.068293 0.043991 0.101019 -0.073881 0.131610 -0.032713 0.042081 -0.022684 -0.038392 -0.085214 -0.113955 -0.167921 -0.170246 0.143291 -0.001174 -0.139311 -0.034910 0.132580 -0.030677 0.027475 -0.011634 -0.010758 0.006239 -0.095877 0.010339 0.109843 0.153240 0.101005 -0.035965 0.107561 -0.008958 0.085402 0.011044 0.165468 -0.055936 -0.040069 0.104578 -0.022603 0.038306 -0.014532 0.093976 0.066555 0.141932 -0.067076 0.005524 0.060160 0.026160 0.042601 -0.076797 -0.105365 0.131684 0.044079 0.026944 0.029971 0.041920 0.157604 0.170089 0.152927 0.001612 0.140655 -0.005780 0.053821 -0.093627 0.048385 -0.126781 0.035157 0.048163 -0.077948 -0.153788 0.008752 -0.001850 -0.084987 -0.000142 0.000000 -0.138495 -0.164012 0.000362 -0.128513 0.162649 0.003283 0.001440 0.076829 0.033681 -0.047876 0.169681 -0.043792 0.009017 0.116132 0.017599 -0.015027 0.063784 0.127949 0.163833 0.048789 0.080120 0.039146 -0.126332 0.062308 0.056422 -0.139270 -0.025106 -0.052208 0.145764 -0.048124 -0.010885 0.155651 -0.001936 -0.027550 0.002745 0.110879 -0.067887 -0.006419 0.000286 -0.060385 -0.154251 0.058164 0.020540 -0.015005 -0.011017 0.089235 -0.032939 0.032562 0.144890 0.034169 -0.000194 -0.081837 0.074091 0.016231 0.149610 -0.056037 0.100101 -0.069046 -0.000324 0.025442 0.000393 0.036025 -0.033618 0.024104 0.096529 0.001457 0.161880 -0.079432 0.018545 0.133919 -0.000244 -0.046508 -0.032290 -0.077758 0.079263 -0.030276 -0.077317 0.057585 -0.013624 -0.044255 0.144287 -0.056216 
0.000000 233.470658 0.038425 -0.009658 0.043170 0.000000 -0.086430 0.014610 0.002950 0.033380 -0.071421 0.030614 -0.103704 0.001530 -0.090545 0.015941 0.066456 0.136861 0.125305 0.092216 -0.029979 -0.018376 -0.082663 -0.165122 -0.131119 0.009337 -0.028189 -0.020057 -0.126573 -0.036718 0.047491 -0.000570 -0.001186 0.029613 -0.024631 -0.015419 -0.000495 0.165866 0.016036 -0.013410 0.042006 0.000000 0.090684 0.099680 0.091962 -0.007272 -0.061671 -0.016104 0.000662 0.000000 0.032289 -0.072899 -0.074789 -0.107214 0.085491 -0.014536 0.020585 0.001062 0.018545 -0.058652 -0.095536 0.001627 0.120955 -0.092122 0.000366 -0.073280 -0.006940 0.048024 0.000755 0.000000 0.083415 -0.060838 -0.112997 0.004153 -0.006884 0.083744 -0.002694 0.016102 0.034285 -0.129314 0.058435 0.080107 0.008012 0.000000 0.116578 -0.002866 -0.014577 -0.134463 -0.000669 -0.008834 -0.127918 -0.018353 -0.082100 -0.112611 -0.137034 -0.034641 -0.154441 -0.103208 -0.012665 -0.001446 -0.002248 0.121535 0.015289 0.030446 0.042360 0.005812 -0.025737 0.015213 -0.145094 -0.000607 0.063923 0.000225 -0.000192 -0.003035 -0.000144 0.077058 0.022838 -0.056958 -0.003882 -0.075852 0.000315 0.009061 -0.094418 0.036746 0.000931 -0.009088 0.018589 0.023427 -0.109242 0.020795 -0.027388 0.016370 0.039801 0.156423 0.091499 0.008412 0.014804 -0.036396 -0.023258 -0.147799 0.000832 -0.005624 -0.037884 -0.019108 0.133040 -0.007602 0.061098 -0.008071 -0.066329 -0.101727 -0.002753 -0.018837 0.105538 0.009321 0.000119 0.158821 0.090052 -0.080764 -0.039991 0.073119 0.015486 0.012640 0.074662 -0.002626 0.025253 -0.091720 -0.002151 -0.044402 0.000830 -0.073342 0.107196 -0.002096 0.001784 -0.000410 0.020287 0.069056 0.054158 -0.001649 -0.113864 0.021313 -0.170483 -0.081425 0.001704 0.010359 -0.005582 0.140270 -0.141523 0.047288 0.163998 0.038803 0.002383 0.130833 -0.006789 0.056838 -0.001848 -0.029263 
0.001558 0.038425 0.236223 -0.013610 -0.013447 -0.033713 0.078626 -0.033121 0.024006 0.003631 -0.065763 -0.004070 0.038755 0.076031 0.024989 0.133887 -0.048587 -0.043668 0.008015 0.119977 -0.001452 0.010411 -0.011379 -0.025829 -0.013198 -0.011381 0.016487 -0.022185 0.014157 0.114800 -0.036437 -0.130964 0.088237 0.019704 0.054222 0.149034 -0.013422 0.156701 0.093870 -0.093094 -0.002006 -0.033278 0.080731 -0.048781 -0.024570 -0.124565 0.142028 0.013874 0.055782 0.005987 0.050774 -0.017184 0.033279 0.091108 -0.000626 -0.086664 0.005187 -0.000165 0.006639 0.093123 -0.004085 -0.084463 0.003820 -0.004872 -0.072299 0.027252 0.003464 -0.110771 0.125918 -0.029577 0.086152 0.098997 0.043438 0.078418 -0.082352 0.028397 -0.010051 -0.027458 0.065725 0.081988 0.046157 -0.067653 0.034559 -0.008237 0.025628 -0.144511 0.053583 -0.002813 0.030804 -0.085970 -0.062050 -0.020781 0.136562 0.139260 0.070310 0.001693 -0.013137 -0.092342 -0.057614 -0.066916 0.018449 0.121511 0.022122 -0.025636 -0.049708 -0.050902 0.027118 -0.092119 0.030245 -0.098610 -0.042656 0.007339 0.014287 0.021721 0.068236 -0.015622 -0.028293 0.004240 0.072581 -0.022972 0.005248 -0.028181 -0.101874 -0.153009 0.143977 0.000000 -0.005641 0.018575 0.109542 0.156287 0.028251 0.069199 0.055230 0.027255 0.016979 0.040927 -0.171197 -0.007508 0.046006 -0.165314 -0.032665 -0.100144 0.015713 0.052059 0.059915 0.086023 -0.001260 0.155597 0.000905 -0.115565 0.084690 0.091006 0.126210 0.000293 -0.000163 0.105225 -0.069885 0.126640 -0.001456 -0.018586 -0.043492 -0.081221 -0.134765 -0.044492 0.088759 -0.050376 -0.040751 0.114541 -0.046551 -0.052903 -0.016046 0.024929 -0.023262 -0.016375 0.066918 -0.078988 0.009121 0.032848 -0.065613 0.076632 -0.000389 -0.005852 0.131105 0.066563 0.000000 0.124657 0.009822 -0.046526 -0.053902 0.100239 -0.122079 0.057493 0.062411 -0.000687 0.092702 -0.022654 
-0.072802 -0.009658 -0.013610 0.393504 0.033809 -0.101227 0.068015 -0.123335 -0.061296 -0.146970 -0.059217 0.003223 0.130467 0.004797 0.005953 -0.071577 0.072784 -0.027694 -0.137000 -0.001738 0.043449 0.060686 -0.115759 -0.028627 -0.075559 -0.043692 -0.020535 -0.009279 -0.049291 -0.002737 0.147018 0.010029 0.125887 0.044732 0.005503 -0.115663 0.002834 -0.093107 0.077851 0.050651 -0.076839 -0.005204 0.000129 0.116298 0.020675 0.003211 -0.122000 0.043200 0.089458 0.028970 -0.048521 0.118433 -0.070213 0.093200 -0.030592 0.032235 0.089066 -0.025555 0.058664 -0.006205 0.022801 -0.012379 0.010590 -0.019646 0.125980 -0.013436 0.028228 0.033585 -0.071099 0.006495 0.162169 0.038524 -0.024986 -0.000670 0.022539 0.097967 -0.154883 0.008027 0.084491 -0.006310 -0.027225 0.000133 -0.161500 0.040088 0.104748 0.000000 -0.130820 0.020273 0.025676 -0.002045 -0.061733 -0.010265 -0.031284 0.094528 0.010366 -0.070659 -0.155162 0.009611 -0.005734 0.051167 -0.006980 -0.001696 0.089418 0.002221 -0.045123 0.025055 -0.006746 -0.034862 -0.010641 -0.041813 0.011560 -0.019909 -0.018977 0.011535 -0.000418 -0.055106 0.003693 0.022304 -0.019647 -0.056953 -0.134710 0.021075 -0.027804 0.100134 0.000000 0.009371 -0.096485 0.153330 -0.023716 0.096543 -0.095269 -0.081230 0.132927 -0.016906 0.017236 -0.052886 -0.134522 0.093661 0.021731 -0.018720 0.074846 0.018552 -0.169947 0.103895 -0.016899 0.165978 0.004531 0.009366 -0.005792 -0.123257 -0.019913 0.012632 0.004445 0.008873 0.031519 -0.001979 -0.105393 -0.014066 0.164172 -0.119003 -0.071324 0.063019 0.125026 0.065404 0.008519 0.014443 0.144420 -0.099985 0.122610 -0.055454 -0.133385 -0.156737 -0.103438 0.060201 -0.118801 0.005312 -0.040012 0.003735 -0.056467 -0.031437 0.040656 0.004309 0.010151 0.007038 -0.001197 -0.087956 -0.013781 0.088142 -0.017354 0.023196 -0.000905 0.033537 -0.022630 0.007009 -0.013693 0.001486 
0.000606 0.043170 -0.013447 0.033809 448.004001 -0.000548 0.156191 -0.024206 0.000398 -0.001555 -0.044086 -0.018235 -0.004261 0.001705 0.000267 -0.073837 0.030912 0.036572 0.001887 0.000520 0.003699 0.019675 0.135775 0.079972 -0.115075 0.065722 0.003309 -0.015608 -0.029553 -0.000341 0.091788 -0.061478 -0.039404 -0.010368 0.144538 -0.011131 -0.012715 -0.001569 0.000981 0.003500 0.004814 0.153543 -0.112539 -0.000708 0.027079 0.006979 0.114097 0.048562 -0.017311 0.066508 -0.002596 0.164834 0.007907 -0.033580 -0.064276 0.032619 0.022806 -0.028119 -0.000672 0.134366 -0.010801 0.000000 -0.017283 -0.009938 -0.001684 0.048050 0.027398 -0.105416 0.000982 0.150139 -0.118256 -0.082657 -0.001329 0.013130 0.030530 0.132304 -0.034871 0.039788 0.109299 -0.028200 0.053087 -0.016881 0.166252 0.020306 0.022732 -0.046892 -0.126569 -0.007766 0.084798 -0.000208 -0.080049 0.051297 0.023928 -0.005342 0.053242 -0.058600 0.066727 0.001740 -0.049939 0.000000 -0.035383 -0.007157 0.023460 0.022385 -0.146567 0.032843 -0.170469 -0.001406 0.080145 0.108642 -0.092721 -0.001628 -0.060658 0.000589 -0.094221 -0.070169 0.001746 -0.142193 -0.122294 0.036453 -0.002215 0.012602 -0.066306 -0.001655 -0.130708 0.001139 -0.143883 0.064047 -0.012090 -0.013006 -0.002976 -0.040018 0.138789 0.003147 0.032269 -0.121175 -0.000594 -0.002257 -0.011080 -0.085075 0.027694 -0.003984 -0.014261 0.136231 0.073760 -0.013308 -0.071170 -0.101108 -0.105501 -0.001815 -0.006318 0.141915 0.000512 0.003901 -0.002614 0.041423 0.009219 -0.119049 0.005529 0.088568 -0.002654 0.072328 -0.053305 0.014188 0.004921 0.057765 0.121618 0.029395 0.005705 0.000316 0.023200 -0.001759 0.128598 -0.015322 0.088979 -0.102338 -0.127704 0.010584 -0.150150 -0.051297 0.014005 0.000393 0.094841 0.058392 0.016742 -0.090853 -0.000210 0.000000 0.000000 -0.006371 0.000000 -0.026500 0.007950 0.000532 0.000000 0.060559 
-0.074381 0.000000 -0.033713 -0.101227 -0.000548 1354.595138 -0.016179 0.098315 0.000228 -0.016531 -0.002581 -0.127464 0.004025 0.000000 -0.000155 0.042960 0.095115 0.000000 0.008721 0.118447 -0.002099 0.155547 -0.022550 -0.002552 0.105438 -0.017588 -0.140492 -0.004308 -0.063126 0.000000 0.013867 0.030694 0.113674 -0.000536 0.055677 -0.039730 -0.005261 0.000130 -0.008826 0.000000 0.046656 0.000000 0.122385 -0.129501 -0.026381 0.003262 0.001886 -0.031112 0.000000 -0.015731 0.016455 -0.146378 0.081572 -0.065781 0.006579 0.139220 -0.023511 0.048614 0.059292 0.164716 0.000967 0.135928 0.072207 0.055223 -0.048088 -0.001073 -0.028600 -0.161865 -0.007671 -0.105267 -0.099266 0.072401 0.016566 0.093509 0.045406 -0.003459 0.001169 -0.001024 0.058396 -0.102900 -0.019275 0.132480 -0.071495 -0.038475 -0.019653 -0.039694 0.107348 -0.112204 -0.014911 -0.088987 -0.071406 0.041001 0.000000 -0.055250 -0.043984 -0.096358 -0.016639 -0.025673 -0.023386 0.000000 0.018909 -0.010214 -0.114158 -0.062789 0.018323 -0.137753 0.033884 0.000754 -0.014232 -0.151190 0.129470 0.019813 -0.076363 0.118620 -0.001541 -0.048810 -0.002670 0.017683 0.051318 0.050052 0.013578 -0.006303 -0.134095 -0.006593 0.001929 0.001935 -0.034891 0.022466 -0.021026 0.111677 -0.016291 0.081723 0.021439 0.036880 0.078232 0.033432 -0.054237 -0.121109 0.100593 -0.103033 0.000000 0.001041 -0.128914 -0.001083 -0.120533 0.000689 0.053074 0.049461 0.055253 0.157750 0.071834 0.072003 0.000000 0.001822 0.152545 -0.000409 -0.023732 0.024533 -0.074632 0.003565 0.009251 0.010613 0.073189 -0.099335 -0.042748 0.003552 -0.018553 0.013879 0.000000 0.000000 -0.019984 0.000213 0.000289 0.000000 0.018387 -0.129487 -0.016026 -0.023343 -0.130009 0.118200 0.023769 -0.000143 -0.014880 0.034482 0.017397 -0.025909 0.024915 -0.100868 0.000000 0.000000 -0.000486 0.061550 0.157621 0.009894 -0.001500 -0.161092 
-0.134966 -0.086430 0.078626 0.068015 0.156191 -0.016179 2.496261 0.024078 0.139764 -0.006517 0.159904 0.003686 -0.079753 -0.024301 0.005846 -0.054351 0.031130 0.070014 0.053519 0.132482 0.036855 0.020479 0.019256 -0.142185 0.054217 0.028708 0.045313 -0.156537 0.060852 0.036818 -0.022601 -0.122152 0.009452 0.044268 0.008981 -0.073556 -0.109715 0.022078 -0.071764 0.050881 -0.028472 -0.000771 0.011445 0.007032 0.041679 0.099558 0.104857 0.020196 -0.095671 0.146593 0.053502 0.002302 0.028994 -0.048122 0.072657 -0.005628 -0.158760 -0.011789 0.131069 0.014171 0.016128 0.001158 -0.136380 -0.003206 0.062973 0.080575 0.071153 -0.041400 -0.090544 0.001492 0.087387 0.002195 0.009858 -0.126840 0.109938 -0.036154 0.023084 0.094490 -0.089918 -0.101338 -0.007316 0.019275 -0.005176 -0.143627 0.157913 0.002974 0.100358 -0.053324 0.140629 -0.018708 -0.050987 -0.101604 -0.083078 0.075826 0.088866 0.055558 0.156170 0.086094 0.161975 -0.016767 0.017197 0.147012 -0.059256 -0.060124 -0.065041 -0.156460 -0.040190 0.011740 -0.011953 -0.118799 0.004905 -0.129373 0.071715 -0.039707 -0.084898 -0.027323 -0.155686 -0.062484 -0.130545 0.026383 -0.115105 0.107612 0.067748 0.113062 -0.073193 -0.148833 -0.018283 -0.000128 -0.017587 0.056392 0.053011 -0.120691 -0.006389 -0.030058 -0.162186 0.127058 -0.035669 0.072066 -0.064861 0.030155 0.010281 -0.073094 -0.025202 -0.001465 -0.081162 -0.154558 0.056183 0.117169 -0.043723 -0.068034 -0.003906 -0.051774 0.081860 -0.017679 -0.134622 0.115082 -0.108291 0.130940 0.141833 0.073011 -0.052546 0.009143 0.005201 0.015164 0.131986 -0.066237 -0.048344 -0.082727 0.062133 0.009358 -0.020337 -0.041845 0.160032 -0.043038 0.043877 0.077955 0.170553 0.047787 -0.013049 -0.058207 -0.012417 -0.038293 -0.082833 0.027286 0.100297 -0.029705 -0.034066 0.032738 0.053004 0.150790 0.016337 -0.141942 0.077366 -0.072429 0.019277 -0.040774 
-0.064585 0.014610 -0.033121 -0.123335 -0.024206 0.098315 0.024078 0.780680 -0.124619 -0.041325 0.085741 0.000000 -0.012650 -0.027277 0.080794 -0.075811 0.068824 0.126420 0.090334 -0.059467 -0.147505 -0.111963 -0.049842 0.092335 0.106034 0.005243 -0.017566 -0.039845 0.022269 0.013245 0.124042 0.007044 0.066514 0.108408 0.097025 -0.024700 0.101536 0.127215 0.047458 -0.053599 0.016639 0.109134 -0.081605 0.010886 -0.079337 0.018766 0.053463 -0.062031 -0.030988 0.001607 0.021038 0.091033 0.047537 0.141971 0.019495 0.002303 0.132378 0.078292 -0.081822 0.040016 -0.029167 -0.120820 -0.055476 0.065301 0.096861 0.124672 -0.030314 0.059268 0.053077 0.067393 -0.006915 0.006003 -0.068129 -0.076639 -0.047257 0.051556 0.023505 0.018741 -0.132162 0.090969 -0.052387 0.024638 -0.046482 -0.064074 -0.163667 0.020311 -0.020717 -0.043987 0.030444 0.024565 -0.049770 -0.017158 0.056893 0.028373 -0.102387 -0.014078 -0.035848 -0.005096 0.036211 -0.016614 -0.089279 -0.113797 -0.105218 -0.027544 0.034962 0.042436 0.069110 -0.018916 0.000935 -0.149696 -0.000581 -0.014703 -0.029886 -0.002860 -0.002723 -0.008579 0.038651 0.064640 0.004676 0.042760 -0.132704 -0.020369 -0.047130 -0.066240 -0.039071 -0.037151 -0.035525 -0.044896 0.041857 -0.055378 -0.102946 -0.089154 -0.072265 -0.001977 0.069833 0.038927 -0.105455 0.006961 0.050537 -0.129569 -0.001594 -0.018800 0.079221 -0.086181 0.114324 -0.037362 -0.067240 -0.020571 -0.050678 -0.079826 -0.057730 0.031928 0.073097 0.001050 0.010080 0.044013 -0.033020 0.101356 -0.035961 -0.095699 -0.094416 -0.082501 0.087174 0.042174 -0.082760 -0.048615 -0.078314 -0.061613 -0.009500 -0.051469 -0.072075 -0.015342 -0.065413 -0.029101 0.020000 0.060145 -0.033700 -0.028460 0.122022 -0.059840 0.030363 0.049042 0.155340 0.000000 -0.016157 0.128902 0.100679 0.031116 0.069400 0.150157 0.103932 -0.123621 -0.085989 -0.027605 -0.014916 -0.119849 
0.009453 0.002950 0.024006 -0.061296 0.000398 0.000228 0.139764 -0.124619 2240.442362 0.153683 -0.166731 0.002675 0.000000 0.000725 0.085019 -0.033704 -0.029647 -0.000923 -0.001334 0.038644 0.148644 0.139726 0.048022 0.146894 -0.161304 0.008561 0.031728 0.018372 0.171170 -0.003021 -0.047137 -0.016752 0.030817 0.008604 -0.037570 -0.012373 -0.000760 0.117901 0.001468 0.054508 0.050392 0.001164 0.001795 -0.011921 -0.042235 -0.001322 0.013833 -0.130575 0.032175 -0.140006 0.104982 0.065180 -0.009139 -0.167612 0.003121 -0.138402 -0.133540 -0.000268 -0.042572 0.129196 -0.028449 -0.097416 0.017766 0.171343 -0.000720 -0.002684 -0.070944 -0.007284 -0.028664 -0.080679 -0.013160 -0.106750 -0.021513 -0.009777 -0.030552 -0.012402 0.000000 -0.029193 0.041050 -0.114715 0.036797 0.002177 -0.104475 0.117240 -0.011460 0.000000 0.141387 -0.021759 -0.034013 -0.012231 0.056238 0.059453 0.061319 0.010488 0.161346 -0.050520 0.095149 0.002344 -0.051928 -0.069182 0.000675 -0.000354 -0.016617 0.044784 0.002891 0.001317 0.026907 -0.014159 0.017364 0.018026 0.027329 0.015538 -0.097046 0.108659 -0.002706 -0.012419 -0.088001 0.003191 -0.094152 0.069779 -0.001358 0.005728 -0.122427 -0.028612 -0.000355 0.000483 0.167380 -0.062069 0.020290 0.092116 -0.070712 -0.099950 -0.028096 -0.079413 0.017186 0.159162 -0.036607 0.019483 0.045736 0.127067 0.000599 -0.004359 -0.100948 0.010705 -0.005966 -0.057686 0.133425 0.036975 0.013619 0.031478 0.149315 -0.085015 0.001170 0.024216 -0.153993 -0.028469 -0.031636 -0.028678 -0.061124 0.000440 0.051816 -0.026474 0.028288 -0.087230 0.000457 -0.004792 0.011011 0.022901 -0.007784 -0.003421 -0.106911 0.040968 0.000000 0.000000 -0.126453 -0.101259 0.072318 0.001862 0.005508 0.025317 -0.014272 0.000203 -0.013578 0.067245 0.000000 0.049714 -0.003841 0.028336 0.000000 0.000796 -0.028667 0.017822 0.000000 0.001149 -0.017491 0.094344 
0.146482 0.033380 0.003631 -0.146970 -0.001555 -0.016531 -0.006517 -0.041325 0.153683 87.212664 0.152698 -0.005037 -0.000326 0.000000 -0.024060 0.121152 -0.044475 0.027305 0.000000 0.010464 -0.132781 0.000534 -0.040059 -0.015807 0.000000 0.112985 -0.000642 0.138658 0.017601 -0.008984 0.108383 -0.002582 -0.026394 0.013955 -0.151379 -0.016098 0.073429 0.009894 0.113381 0.043073 -0.010744 0.005256 0.125498 0.166648 0.114217 0.110839 0.076398 0.027722 0.142970 0.000000 0.111072 0.056925 0.021411 0.052406 0.055884 -0.113421 -0.079735 0.129215 -0.081257 0.053623 0.000000 -0.121265 -0.094969 -0.074552 0.062615 0.081845 0.033122 0.014729 -0.152619 -0.020600 0.000000 0.143303 -0.061756 -0.043742 0.011930 0.031054 -0.134124 -0.000530 -0.035301 0.016529 -0.116177 -0.005137 0.016710 0.102582 -0.147744 -0.160061 -0.169104 -0.142324 0.001151 0.121026 0.116417 0.065216 -0.002842 -0.116656 0.065946 -0.096045 0.134693 0.074787 0.013410 0.120831 -0.157730 -0.001782 -0.032582 0.105989 0.002760 0.001896 -0.097371 0.095327 -0.059490 -0.003590 0.011264 0.105043 0.041733 0.052409 -0.035637 -0.164663 0.019608 0.025097 -0.010968 -0.020443 0.010931 -0.001140 0.048425 -0.040505 0.017281 -0.037770 -0.010793 -0.056210 -0.019740 -0.050814 -0.059245 0.000396 0.041144 -0.000547 -0.165220 0.119887 -0.004397 -0.024567 0.013840 0.003290 -0.024331 0.002707 0.012025 -0.049536 0.004358 0.007225 0.039407 0.011995 -0.000535 -0.079299 0.000350 -0.003062 -0.024538 0.001581 -0.022679 -0.141102 0.003907 -0.021627 -0.126530 -0.105133 -0.044585 -0.110935 0.026142 -0.001566 -0.003510 0.010822 0.106826 0.043767 0.000000 0.113127 0.115554 -0.046026 0.035509 -0.084371 0.042493 -0.004087 0.148892 0.057980 0.107115 -0.067776 -0.093568 -0.108093 0.006244 0.017226 0.018488 0.026265 0.024063 0.086824 -0.026181 0.001772 0.058026 0.000000 0.052506 -0.029056 -0.067838 -0.040520 
-0.046427 -0.071421 -0.065763 -0.059217 -0.044086 -0.002581 0.159904 0.085741 -0.166731 0.152698 110.705347 0.044454 0.025944 -0.000841 0.023231 0.077876 -0.102293 -0.113578 0.039207 0.026764 0.002545 -0.016298 0.078412 0.039056 -0.072556 0.047150 0.072000 -0.158879 -0.021271 -0.121064 -0.104526 -0.129012 0.014947 0.001321 -0.164367 -0.006272 0.037853 0.015287 -0.016195 0.077925 -0.038232 0.018045 0.029953 0.052542 0.078738 -0.043237 -0.007226 -0.013631 0.133074 -0.012178 0.001520 0.001451 0.077542 0.067311 0.148647 0.012605 0.021181 0.150638 -0.054305 -0.005232 0.079790 0.017597 0.107085 -0.106137 -0.063343 0.094629 -0.001361 -0.130306 0.040967 -0.029428 -0.061100 -0.042937 -0.000815 0.039717 0.037012 -0.018649 0.114253 -0.111646 -0.052331 -0.042894 -0.073582 -0.001611 -0.019304 -0.165438 -0.077182 0.006415 -0.102779 0.023181 -0.088683 0.000000 -0.059225 -0.000469 0.119196 0.020891 -0.040304 -0.000190 -0.000906 -0.064900 0.110141 -0.087309 0.057430 0.071269 -0.016481 -0.093743 0.085886 -0.001037 -0.125874 0.083311 -0.110514 0.041059 0.052434 0.013984 -0.004182 0.008518 0.002481 -0.000331 0.063624 0.018726 -0.001933 0.040104 0.082343 -0.068414 -0.062137 -0.000985 0.033947 0.069228 -0.017106 0.091596 -0.048460 0.043335 -0.126212 0.036665 -0.003980 0.013298 -0.049622 -0.052262 0.002631 0.061331 0.021367 -0.047267 -0.032921 -0.022579 0.144673 0.066113 -0.056334 -0.055829 -0.006826 -0.081423 -0.000263 -0.057071 -0.002260 -0.024237 0.045286 0.073397 -0.002894 -0.017498 -0.014596 -0.171519 0.043612 -0.098839 -0.002671 -0.037395 0.059990 0.010115 0.001668 0.010605 0.163783 0.047170 -0.025030 0.012572 0.063608 -0.000997 0.001357 0.000259 0.069375 -0.077305 0.063881 -0.099621 -0.000921 0.157004 -0.002124 0.009967 -0.000309 0.102435 -0.008640 -0.097863 0.042376 -0.062720 -0.085601 -0.000982 0.000000 -0.003567 -0.063002 -0.073388 0.059310 -0.065367 
-0.126402 0.030614 -0.004070 0.003223 -0.018235 -0.127464 0.003686 0.000000 0.002675 -0.005037 0.044454 41.661964 0.044729 0.013916 -0.019645 -0.124532 0.000000 -0.000535 0.101636 0.115391 0.166274 -0.056742 0.071857 0.085338 -0.002508 -0.005352 -0.060561 -0.000306 -0.011340 0.002259 -0.016650 -0.019095 0.033651 0.035317 -0.059921 -0.072900 -0.034312 0.141275 -0.019093 0.029154 -0.033562 0.011643 0.159048 0.005491 -0.079703 0.039124 -0.000559 0.094771 -0.108950 0.035325 -0.032866 0.003429 0.026853 -0.125476 0.012827 -0.018475 -0.016483 0.031018 -0.009130 -0.066990 -0.031104 0.000000 0.157560 -0.065260 -0.008511 -0.070862 0.160275 -0.082257 -0.031038 0.057674 -0.050185 -0.006990 0.005566 0.114147 -0.090400 0.036484 0.024992 0.006687 -0.115276 0.105687 -0.026682 0.038364 -0.017171 0.128654 0.000692 0.149043 -0.048406 0.031502 -0.026853 0.130789 0.012687 0.078226 -0.047137 -0.028422 0.001737 0.078294 0.056319 0.154316 0.022305 -0.048014 0.038766 0.036441 -0.082983 0.022948 -0.000148 -0.082192 0.057300 -0.008725 -0.070127 -0.001219 -0.137472 0.137947 0.000000 -0.086307 -0.107493 -0.042523 -0.028462 0.154372 -0.018814 0.079165 -0.032744 0.002998 0.007651 -0.001362 0.043913 -0.008642 0.108087 0.065324 0.017548 -0.131284 0.015818 -0.008147 -0.084926 -0.061935 -0.093138 -0.014026 -0.085909 0.005210 0.002626 0.041077 -0.142769 -0.013189 0.017457 -0.002147 -0.001146 0.009268 0.022881 -0.029548 -0.030326 0.046307 -0.089947 -0.096559 -0.151710 0.006835 -0.002003 0.029767 -0.053661 0.023128 -0.001460 -0.122073 -0.033810 -0.000275 -0.048628 -0.040995 0.006468 0.026318 0.064687 -0.061262 -0.144606 0.127691 0.113367 -0.027319 0.000597 -0.022445 0.076264 0.075149 -0.029266 -0.055970 -0.059354 -0.034464 -0.058679 -0.018341 -0.001939 -0.016484 -0.065380 -0.107560 -0.003688 0.062903 -0.010693 -0.001099 0.041259 0.001057 0.127484 -0.020645 0.068881 0.020186 
0.000000 -0.103704 0.038755 0.130467 -0.004261 0.004025 -0.079753 -0.012650 0.000000 -0.000326 0.025944 0.044729 2067.890675 -0.010188 0.000000 0.032849 -0.001593 0.000000 0.002984 0.096886 -0.024483 -0.000247 0.096966 0.044272 -0.034335 -0.001607 -0.059303 -0.018681 -0.064280 -0.080440 0.133250 0.050805 -0.145715 -0.048917 0.043930 -0.021875 -0.026668 0.024146 -0.065187 -0.002325 0.026558 0.000000 -0.001608 -0.064457 -0.037492 0.016327 0.141934 -0.014748 -0.027922 0.039681 0.027601 0.154415 0.088693 -0.000796 0.009297 0.001089 -0.008147 0.000402 -0.007524 -0.054949 -0.047484 -0.002078 -0.022432 0.130951 0.013073 0.001830 -0.065922 -0.003024 -0.010789 0.000000 0.092157 -0.146984 0.066405 -0.000117 -0.004226 0.014133 -0.147765 0.000000 -0.078934 -0.010057 -0.014784 0.005493 0.001895 0.000000 -0.019484 -0.093387 0.096714 -0.002047 0.149684 -0.005427 -0.078159 0.012857 0.071728 0.135586 0.088917 0.063378 0.014870 0.161657 -0.019174 0.002394 -0.105174 -0.068111 0.002808 -0.152090 -0.006858 0.000000 0.006893 -0.064877 0.087531 -0.043009 0.038435 0.004868 -0.028217 0.038573 0.040723 0.025797 0.142667 0.000000 0.006217 -0.099570 0.024045 -0.000282 0.155233 0.008474 0.099783 -0.043541 -0.012436 -0.146318 0.119407 -0.033045 0.034202 -0.041470 -0.097874 -0.021836 0.000000 0.008639 0.144688 0.120951 -0.055362 -0.022512 0.000000 -0.000178 0.108768 0.024125 0.013175 0.016971 -0.003295 -0.056153 -0.083676 -0.000434 0.002364 -0.055743 -0.142250 0.133779 -0.064459 -0.139609 0.028243 0.038351 0.142272 0.056893 -0.026076 -0.109276 -0.114680 -0.017596 0.003436 0.113215 0.007257 -0.023777 0.000000 0.000000 -0.079231 0.067622 0.011035 0.052525 0.000000 0.084860 -0.024497 -0.001559 0.037852 0.041806 0.044441 0.009183 0.108461 0.168963 -0.000404 0.119276 -0.100359 -0.008076 -0.008103 0.000000 -0.000634 -0.054004 -0.002692 0.002243 0.000000 0.070032 
0.014200 0.001530 0.076031 0.004797 0.001705 0.000000 -0.024301 -0.027277 0.000725 0.000000 -0.000841 0.013916 -0.010188 702.447546 0.109518 -0.067986 -0.009164 0.000216 -0.000110 0.000000 0.033280 -0.067185 0.050566 -0.136324 -0.029160 0.127020 -0.099253 -0.018636 0.011386 -0.062844 -0.049014 0.045786 -0.040430 0.000786 -0.050487 -0.066712 0.000576 0.000000 0.036950 0.063871 -0.070933 0.033531 0.025784 0.000000 0.000280 -0.065821 0.000778 0.047819 0.004018 0.000000 -0.138245 0.012756 0.078647 0.026213 0.005517 -0.011737 0.048702 0.000000 -0.034918 0.015170 -0.017179 -0.000411 0.115585 0.058381 -0.075932 -0.003052 0.170294 -0.021713 0.001959 0.010297 -0.012641 -0.052419 -0.094924 0.086935 -0.071097 -0.045548 -0.099543 0.001025 -0.125382 -0.001254 -0.116745 0.119699 0.048166 0.000829 -0.110716 0.067684 -0.109191 -0.045351 0.009463 -0.076324 -0.014467 -0.076482 -0.013843 0.044407 0.128842 0.001040 0.046359 0.013222 0.108670 -0.059152 0.000000 0.001888 -0.112129 -0.079414 -0.043882 0.076320 -0.060309 -0.034968 0.000158 0.084993 0.049305 -0.000885 0.030641 0.002219 -0.010214 -0.013929 -0.033545 0.057978 -0.028492 -0.057464 -0.052431 -0.071288 -0.061416 0.002427 -0.091746 -0.051307 -0.006184 -0.014839 0.018775 0.002145 -0.079208 -0.169458 0.119795 -0.116773 -0.001133 0.003181 0.126459 0.004628 -0.136478 0.110555 0.000000 0.038038 -0.119557 0.111495 0.000832 0.008023 -0.074254 0.013197 0.008317 0.024550 0.005706 0.007549 -0.002344 -0.136700 0.000244 -0.067098 0.006433 -0.032740 0.031078 0.063316 0.098750 0.037263 -0.026436 0.135672 -0.074388 -0.029225 -0.019186 0.084273 -0.006721 0.128219 -0.154843 0.000735 0.003120 0.044560 0.000683 0.000218 -0.017881 0.109697 0.000266 -0.094977 0.073589 0.000000 0.010751 0.121557 0.000000 -0.022199 -0.003243 0.019783 0.000000 0.000829 0.003974 -0.007737 0.000000 0.022226 0.039793 0.001391 
-0.043251 -0.090545 0.024989 0.005953 0.000267 -0.000155 0.005846 0.080794 0.085019 -0.024060 0.023231 -0.019645 0.000000 0.109518 241.899030 0.000428 0.016313 -0.005342 0.000000 -0.054331 -0.005703 0.006793 -0.042710 -0.088923 -0.034099 -0.134241 -0.165097 -0.002564 0.001608 0.106234 0.056935 -0.008891 0.076916 -0.000295 -0.016151 -0.028724 0.017600 0.003345 0.008371 0.032436 -0.004628 -0.004004 0.141862 0.061933 0.004991 0.051824 0.010066 -0.042764 -0.014719 0.005503 0.000997 -0.001061 0.000000 -0.129686 -0.005889 -0.084339 0.137739 0.001031 0.040049 0.036328 0.038078 0.000000 -0.026305 0.019705 -0.033500 -0.000381 -0.035195 0.005356 -0.058750 -0.000389 -0.041112 -0.127497 0.061748 0.035606 -0.000957 -0.020755 0.067234 -0.022596 -0.022722 0.141049 -0.154530 0.024203 -0.015983 0.069215 0.161182 0.024773 -0.070039 0.002953 0.045363 0.001799 0.071026 0.124776 0.003326 0.008257 0.105126 -0.014264 0.071070 0.001165 -0.040921 -0.063851 0.000327 0.001614 -0.000912 0.074476 -0.048757 -0.040405 0.000000 0.013929 -0.000620 -0.000149 -0.058029 0.028107 -0.000224 -0.021774 0.025857 0.018889 -0.006256 -0.024335 -0.005406 0.004534 0.086700 0.122133 0.058332 -0.011340 0.000000 0.001078 -0.151026 0.106403 -0.000467 -0.057049 -0.110441 0.042944 0.046402 0.018504 0.144587 -0.036804 0.040447 0.141453 -0.006288 0.000400 0.005233 -0.010188 0.131635 0.012038 0.000000 0.003268 0.000249 -0.038436 -0.139506 0.083332 -0.011851 0.092374 -0.013597 0.044956 -0.102485 0.102861 -0.013114 -0.012441 0.020853 -0.146823 -0.022303 -0.058434 0.087861 0.062789 0.051328 -0.002594 0.000000 0.051178 0.024131 -0.009201 0.032119 0.044592 0.004091 0.074366 0.071899 -0.094595 -0.001007 0.001615 -0.013940 0.166423 -0.077436 0.041036 -0.035174 -0.025882 -0.113968 -0.004607 0.165466 -0.011106 0.138112 -0.013842 -0.129461 -0.004854 0.002540 0.004503 -0.050786 0.112237 
0.118756 0.015941 0.133887 -0.071577 -0.073837 0.042960 -0.054351 -0.075811 -0.033704 0.121152 0.077876 -0.124532 0.032849 -0.067986 0.000428 0.899094 -0.107310 0.078193 0.104144 0.060830 0.022245 -0.001569 0.029198 0.000509 -0.035690 -0.031235 -0.015976 0.082532 0.025341 -0.054572 -0.057436 0.067646 0.051344 -0.081052 0.127364 0.080873 0.089044 -0.021735 0.006353 -0.059586 -0.073717 0.014237 0.067975 -0.026011 0.072379 -0.102998 0.108841 0.047939 -0.017691 -0.114517 -0.116655 -0.086424 -0.039059 0.044879 0.023328 -0.058570 0.062081 0.166568 -0.028126 0.097074 0.114155 0.013625 0.040487 -0.025869 -0.100513 0.002027 -0.019036 0.056271 -0.135383 0.140302 -0.069106 0.004335 0.010387 0.036276 -0.004251 -0.146323 -0.009579 -0.117631 -0.019547 -0.046968 0.171651 -0.026752 -0.106070 0.076621 -0.041589 0.035922 -0.010487 0.035521 -0.015381 -0.082043 0.013463 -0.133781 -0.143018 0.051630 -0.020662 0.040998 0.070325 0.138920 -0.051376 0.085639 0.000728 -0.012624 0.104837 -0.103056 -0.133299 0.043888 -0.102396 0.054378 -0.076623 0.107058 -0.065119 -0.045061 0.046300 -0.100827 -0.020122 -0.092017 -0.004600 0.016596 -0.088021 -0.127476 -0.003496 -0.001734 -0.129012 0.030324 0.027295 -0.041245 0.063677 0.029615 0.021920 0.058656 0.017796 0.041903 0.067741 0.085168 -0.005302 0.112613 -0.099565 0.032947 -0.008114 -0.068862 -0.040398 -0.064076 0.008776 -0.015781 0.052934 -0.146402 -0.018446 -0.112784 -0.026712 0.001196 -0.076386 0.129140 -0.031485 -0.041243 -0.106758 0.075516 0.017601 0.096667 -0.071004 -0.030813 0.100334 -0.078166 0.023647 0.022739 -0.034865 0.096985 0.044411 0.066896 -0.122821 0.044138 -0.018549 -0.057186 0.040054 0.105198 -0.058558 -0.018544 -0.132141 0.064120 -0.004936 0.030807 -0.034364 0.034884 -0.108932 -0.129985 -0.142892 -0.091285 -0.049509 0.035548 -0.149730 0.000000 -0.004176 0.088320 0.053999 -0.077773 -0.123856 -0.084905 
-0.000300 0.066456 -0.048587 0.072784 0.030912 0.095115 0.031130 0.068824 -0.029647 -0.044475 -0.102293 0.000000 -0.001593 -0.009164 0.016313 -0.107310 316.976150 0.001834 -0.165653 -0.019829 0.020615 0.104795 0.026167 0.107067 0.020531 -0.036132 0.014769 0.001863 0.002556 -0.003421 -0.038464 -0.056632 0.129512 0.095798 -0.071858 -0.004672 -0.001902 -0.002735 0.006613 0.106917 -0.045535 -0.025239 0.133744 -0.075573 0.097641 0.004044 -0.016646 0.050809 0.022541 -0.027469 0.109588 -0.087317 -0.018748 0.020357 0.003306 0.005088 0.067711 0.057848 -0.066426 0.049980 -0.001389 -0.052952 0.063942 0.094496 -0.035976 -0.161762 0.137376 -0.050463 -0.011096 0.000000 0.006053 0.030594 0.001446 0.001207 -0.165016 0.015533 0.053513 0.012024 -0.001137 0.094355 0.046523 -0.097887 -0.022326 -0.052504 -0.000798 0.000000 -0.056000 -0.005592 -0.054120 -0.033636 -0.089278 0.018149 0.032349 0.005186 -0.025237 0.113631 -0.084173 0.008613 0.001322 0.066491 -0.000486 -0.024133 -0.034414 -0.142613 0.000742 0.101777 -0.088174 -0.051188 0.041883 -0.014873 -0.001370 -0.001924 0.157089 0.000000 0.000386 0.019749 0.130821 0.023910 -0.005873 -0.098499 0.000000 0.045421 0.088714 -0.016685 -0.105775 0.005443 0.019393 0.106685 0.052154 0.019475 -0.121089 0.000000 0.018999 0.106778 0.110496 -0.067912 0.028489 -0.065190 0.147623 0.000300 -0.000857 -0.000487 0.014960 0.031378 0.001017 0.097522 0.000000 0.114032 -0.027764 0.124686 -0.019005 -0.044061 -0.076032 -0.081738 0.012170 0.053016 -0.015990 0.000611 0.017007 0.022949 -0.001888 -0.018268 0.012113 -0.022702 0.000000 -0.005849 -0.000350 -0.123362 -0.160603 -0.001641 0.137590 0.025895 -0.000696 -0.062194 0.099185 0.108641 -0.017647 0.000000 -0.029858 -0.097593 0.027548 0.003375 0.009909 -0.005092 0.000338 -0.128359 -0.000829 0.004183 -0.140577 -0.089875 0.008157 0.099276 0.003353 0.003145 0.000362 0.155710 
-0.036225 0.136861 -0.043668 -0.027694 0.036572 0.000000 0.070014 0.126420 -0.000923 0.027305 -0.113578 -0.000535 0.000000 0.000216 -0.005342 0.078193 0.001834 1853.329434 -0.007012 -0.023220 0.023052 -0.108697 0.130521 -0.017540 0.021296 0.082813 0.167790 -0.004037 -0.164982 0.014315 0.000117 0.069137 0.030679 -0.004271 0.001219 0.020459 -0.030436 0.000000 0.074198 -0.010796 -0.007770 -0.009351 -0.029744 -0.002407 -0.033178 0.002202 -0.075615 -0.002495 0.036482 0.000000 -0.034667 -0.026305 -0.005070 0.035357 -0.003052 0.065088 0.090392 0.008627 0.019193 -0.072690 0.000376 -0.147326 -0.028151 0.008073 0.108595 0.087947 0.016739 -0.075186 -0.000965 0.002108 0.000000 0.103551 0.140399 0.002758 0.029057 -0.041890 -0.021670 -0.049275 0.109850 0.018865 0.048501 0.000861 0.032832 0.012780 0.003747 -0.008160 -0.002093 0.006089 -0.027555 -0.094259 0.017312 -0.014323 -0.010095 0.006770 -0.030078 -0.012845 -0.016455 0.004341 -0.020226 0.143863 0.000000 0.052322 -0.160200 0.015681 -0.029046 0.004448 0.092889 -0.072519 -0.003365 -0.122444 0.075032 -0.008493 0.114511 -0.064437 -0.017557 -0.090708 0.000000 -0.002780 0.003259 0.055993 -0.001060 -0.041105 -0.041780 -0.029582 -0.036235 0.000414 0.030822 0.102818 -0.101485 -0.145469 -0.061581 -0.044004 -0.125646 0.025721 -0.013134 -0.011993 0.001020 -0.007800 -0.006041 0.001806 0.002508 -0.034230 -0.029199 -0.033019 0.048400 0.000707 -0.120656 -0.055297 -0.142396 -0.005126 -0.072366 0.000000 -0.114496 -0.018526 -0.001293 0.005909 0.025566 0.000375 0.077357 0.066497 0.003246 0.019024 -0.090900 -0.060184 -0.007089 0.001499 -0.092243 -0.006065 -0.024179 -0.003279 0.039450 -0.060932 -0.000915 0.000290 0.000883 -0.004752 -0.027504 0.000000 -0.000397 0.049935 -0.000341 0.156949 -0.011820 -0.007586 0.007747 0.078092 0.104427 -0.003911 0.019436 0.000000 0.000854 0.055803 0.000000 -0.158788 -0.001194 0.066936 
0.123553 0.125305 0.008015 -0.137000 0.001887 0.008721 0.053519 0.090334 -0.001334 0.000000 0.039207 0.101636 0.002984 -0.000110 0.000000 0.104144 -0.165653 -0.007012 199.052722 -0.047209 0.012902 0.003022 -0.021765 0.055750 -0.068842 -0.143507 0.022305 -0.009131 0.163364 0.144356 0.060313 0.005990 -0.054442 -0.026819 -0.087787 0.107970 0.026806 -0.000766 -0.135613 0.129639 0.098706 0.047955 0.088557 0.013925 -0.003282 -0.002534 -0.050422 0.048161 -0.000245 0.000256 -0.051385 0.032820 0.003211 0.059764 0.030720 0.032074 -0.066044 -0.036942 0.035725 0.025198 0.032234 0.000000 -0.000387 0.142708 0.000136 -0.020429 -0.013285 -0.018053 -0.005038 0.015185 0.031802 0.167829 -0.093984 0.002131 -0.047243 0.105340 0.000794 0.013425 0.001741 0.076667 0.010868 0.077897 0.021192 0.000000 -0.062247 0.088221 0.006498 0.065474 -0.073547 0.049452 0.094858 -0.019852 -0.068249 -0.122268 -0.096370 -0.037939 0.000765 0.081412 -0.065871 0.021911 0.000455 0.034088 0.003660 -0.117434 -0.047574 0.000180 0.098494 -0.019987 0.000492 -0.035068 0.122967 0.026467 0.003185 -0.010549 0.000307 -0.004593 0.059921 -0.004945 0.168176 0.011808 -0.000299 0.000817 0.050357 -0.010301 -0.000827 0.082528 -0.009547 0.137737 -0.155314 0.067930 0.030132 0.000101 -0.005378 0.048255 0.011281 -0.000775 -0.156070 -0.031694 -0.105274 -0.072447 0.080036 0.078360 -0.033565 -0.097542 0.003981 -0.000916 0.000103 0.080612 0.020885 -0.064989 0.025487 0.053269 -0.009379 0.171331 -0.007125 -0.120275 -0.018134 -0.133981 -0.062893 -0.141440 -0.090360 -0.151581 0.022758 0.073595 0.000245 0.002192 -0.077228 0.040625 0.009956 0.003584 0.130327 0.117138 -0.001039 -0.042858 0.001756 0.077440 0.007131 0.150941 -0.016773 0.150698 0.003720 0.046602 0.143900 -0.171519 0.000311 -0.152541 -0.166029 -0.000623 -0.029380 0.001159 -0.025462 0.001892 -0.004643 -0.013067 -0.109223 -0.133427 
0.085549 0.092216 0.119977 -0.001738 0.000520 0.118447 0.132482 -0.059467 0.038644 0.010464 0.026764 0.115391 0.096886 0.000000 -0.054331 0.060830 -0.019829 -0.023220 -0.047209 12.541846 0.004093 -0.136827 -0.040391 -0.008130 0.158311 -0.069665 -0.115666 0.003383 -0.168416 0.046311 -0.053084 -0.026640 0.013955 0.000172 -0.144546 0.088930 0.059599 -0.018065 -0.039827 0.037239 0.129618 0.132132 0.006526 0.021789 -0.031917 -0.167122 0.116272 0.028154 -0.063112 -0.003577 0.117065 0.050525 -0.000689 0.045842 0.051840 -0.004923 -0.035318 0.022665 0.080523 -0.039505 -0.000681 -0.003454 -0.171190 0.006693 0.128766 0.116874 -0.121569 0.016749 -0.003250 -0.000349 0.159508 0.058840 -0.013706 -0.035153 0.039679 -0.059797 -0.042889 -0.056528 -0.064686 -0.000146 -0.051800 0.095704 -0.106489 0.042589 0.067087 0.110382 -0.026922 0.068553 -0.142561 0.159585 -0.001879 -0.145715 0.056043 0.010657 -0.081796 0.009046 0.119170 0.019462 0.050372 -0.037499 0.011590 -0.002559 -0.036745 -0.012840 0.000251 0.106486 0.001219 0.020680 0.147789 0.000463 -0.085615 -0.011922 0.049717 0.092812 0.049412 -0.079631 0.150139 0.010202 0.050121 -0.169425 -0.020316 0.000000 -0.009848 -0.000441 -0.000908 -0.000705 -0.110072 -0.026811 0.145851 0.001579 0.079801 -0.031167 -0.117595 0.052197 0.014315 0.001698 0.013815 0.098007 -0.036208 -0.094813 0.068393 0.003494 -0.065495 0.015822 -0.115075 0.000000 -0.114202 0.091523 0.000000 0.034880 -0.075378 -0.040904 0.052886 0.137493 0.048257 0.064084 0.153161 -0.007914 -0.060684 0.036523 -0.018593 0.108168 0.069345 0.076227 -0.038927 0.020611 0.005494 0.024071 0.006901 -0.013536 0.035896 0.052228 0.034678 0.023544 0.044781 0.080154 0.004803 0.109600 -0.023670 0.090802 0.160141 0.004568 -0.164204 0.045911 -0.006715 0.073415 0.033873 -0.166822 -0.006588 0.127749 0.070326 0.046614 0.128567 -0.001003 -0.024080 0.118120 
-0.083470 -0.029979 -0.001452 0.043449 0.003699 -0.002099 0.036855 -0.147505 0.148644 -0.132781 0.002545 0.166274 -0.024483 0.033280 -0.005703 0.022245 0.020615 0.023052 0.012902 0.004093 31.602930 0.130750 -0.011431 -0.001554 -0.022018 -0.130887 0.005899 -0.032655 -0.010786 -0.000684 0.034905 0.059549 0.059216 0.029836 -0.024404 -0.055026 -0.005203 -0.062072 -0.000925 -0.034715 0.139550 -0.004544 -0.137482 -0.038494 -0.025330 -0.005136 -0.001021 -0.090896 0.004991 -0.016673 -0.163311 -0.011163 0.012745 0.001102 0.045919 0.103770 -0.067945 0.008579 0.024607 -0.086689 0.002798 -0.148462 0.085287 -0.080052 0.070276 0.000114 -0.001759 0.062665 0.023439 -0.059188 -0.064075 0.120045 0.017561 0.009518 0.010036 -0.013580 -0.089692 0.039231 0.110558 0.061434 0.067410 -0.064983 0.161478 -0.055123 -0.002074 0.046566 -0.092069 -0.076030 0.031828 0.079204 -0.085355 -0.118197 0.126714 0.042064 0.144745 0.035084 0.003668 0.015434 -0.054759 0.165141 -0.091250 0.039860 0.152869 -0.039280 -0.007366 -0.001101 -0.069523 0.000642 0.007864 -0.006990 -0.095249 0.032655 0.033103 0.028111 -0.024560 -0.001133 0.021278 -0.147916 0.067028 0.088810 0.001914 -0.133898 0.124397 -0.060853 0.123714 0.004271 0.008141 -0.073050 0.094283 0.006923 0.004980 -0.081122 -0.150828 0.005395 -0.029950 0.110168 -0.073524 0.000000 -0.112250 0.016141 0.002085 -0.013321 -0.002561 -0.064217 -0.032271 0.005463 -0.015215 0.073064 0.001982 -0.083113 -0.017175 0.044675 -0.156890 -0.054399 0.004926 0.036781 0.010517 -0.039586 -0.066593 0.067504 -0.061353 0.033457 -0.160700 -0.043226 -0.012575 0.023632 -0.085238 -0.001749 0.030627 -0.012214 -0.104126 -0.017347 0.000521 0.003847 0.000000 -0.041459 0.013022 -0.009336 0.000517 -0.094114 0.037816 -0.080402 0.084991 0.059184 0.012534 0.061822 0.029256 0.005943 0.063193 0.091802 0.171608 -0.061951 0.010017 -0.005515 0.028585 -0.092067 
