12.942650 -0.031514 0.046281 -0.002992 -0.002719 0.065573 0.050599 0.021987 0.005721 0.116192 0.026983 0.008502 -0.115259 0.084182 0.007849 0.092884 0.079078 0.065584 -0.093735 0.071452 -0.008402 0.043186 0.000678 0.033401 -0.021331 0.000000 -0.001797 -0.038878 -0.091040 -0.001340 -0.093212 0.008247 -0.004798 0.106640 0.055927 -0.059939 0.007532 0.001513 0.009696 0.067572 0.082079 -0.070913 0.032138 0.013191 -0.012700 0.068539 -0.009737 0.007612 -0.027515 0.019213 0.045528 0.047023 0.023131 -0.015465 0.108633 0.006164 0.087276 -0.000103 0.011941 0.026894 0.096493 -0.035133 0.091701 -0.003008 -0.000440 0.086524 0.022295 -0.047992 -0.121029 0.000222 0.008150 -0.000774 0.007938 0.090062 -0.007456 0.005839 -0.061157 -0.010798 0.090563 -0.052692 0.032508 -0.016732 -0.074224 -0.061294 -0.035216 0.001047 -0.066890 0.029428 -0.009379 -0.024748 0.003556 0.017723 -0.091191 0.070324 -0.025877 -0.068024 0.057390 0.015924 -0.002625 -0.020392 0.091548 0.089254 -0.010394 0.046028 -0.005943 0.083491 -0.045237 0.002029 0.026859 -0.026264 -0.028381 -0.054037 -0.046217 -0.015679 -0.061271 0.000139 -0.096075 -0.000133 -0.025799 0.121784 -0.003686 -0.001276 -0.114323 -0.045907 0.004062 -0.023768 -0.030494 0.106745 0.078999 0.048290 0.000000 0.060698 -0.083306 0.020104 0.013221 -0.118480 0.055582 -0.123511 0.021336 0.000000 -0.090631 0.012841 0.062485 0.002733 -0.001721 0.047324 -0.009005 0.039773 0.080866 -0.009228 -0.106588 0.025776 -0.027419 0.001167 -0.098048 0.024315 0.064134 -0.061664 -0.035935 -0.074504 -0.014842 0.012600 0.107720 -0.074980 0.001128 -0.037753 0.000157 0.025044 0.081344 0.001751 0.103403 0.020236 -0.018623 0.109703 -0.069667 0.082972 0.005025 -0.005880 -0.062773 0.055652 0.008732 -0.050960 -0.101310 0.061235 0.015512 0.020186 0.046858 -0.077642 -0.079088 0.001224 -0.080697 0.075887 -0.005209 0.066083 0.057048 -0.000887 
-0.031514 1412.265791 0.003771 -0.109677 0.027306 0.000951 -0.066832 0.015883 0.000000 0.041538 -0.072912 0.010092 -0.067735 -0.071824 0.001052 -0.001783 -0.014938 0.043041 0.069525 -0.066882 -0.009940 0.035661 -0.003905 0.000000 0.000461 -0.000376 0.114400 0.018166 -0.022699 -0.001169 -0.057007 -0.000495 0.017810 -0.058300 -0.090169 -0.030342 0.004040 -0.053374 0.002910 0.000863 -0.001602 -0.037062 -0.080567 0.082300 -0.019294 0.000748 0.000242 -0.085364 0.000000 0.007079 -0.009166 -0.001276 -0.034475 0.034888 0.093000 0.026927 -0.007400 0.000439 -0.005812 -0.071941 -0.000720 0.000344 0.077897 -0.049746 0.000374 0.083052 -0.000854 0.001863 -0.004430 0.023142 0.000123 -0.000210 -0.003716 0.000000 -0.034020 0.000000 0.055852 0.060814 0.001618 -0.024224 0.106864 -0.004225 -0.037364 0.066843 -0.021828 0.006659 0.096479 -0.003093 -0.061115 0.036034 -0.000514 0.086859 0.001269 0.005619 0.000579 0.000000 0.097093 0.004544 0.022200 0.080645 0.003988 0.003817 0.007032 0.112408 0.003549 0.004166 -0.030926 0.004371 -0.000369 0.001144 -0.108760 0.000143 -0.002672 -0.083337 -0.004846 0.006404 -0.008414 -0.000371 0.031768 -0.044000 0.038056 -0.002395 0.074883 -0.107076 -0.000953 0.103970 -0.001432 -0.046383 -0.079865 0.041447 -0.034726 0.086015 0.029644 0.098232 -0.002545 0.008380 0.034927 -0.006169 0.004078 -0.001237 0.000124 0.000124 0.067178 -0.032860 0.019136 -0.007207 -0.041575 0.001769 -0.017713 -0.028366 -0.060173 0.020738 -0.060334 -0.008827 0.068540 -0.001669 0.000000 -0.099259 -0.005379 -0.001806 0.000584 0.065608 -0.093093 -0.030621 0.012208 0.055589 -0.007052 -0.102382 0.000000 -0.049685 0.000977 0.000121 -0.010642 0.000000 -0.059190 -0.011349 -0.025577 -0.011469 -0.005923 0.066239 0.048405 -0.098953 -0.030121 0.006070 0.005650 0.059230 -0.003972 0.007126 -0.038809 0.000212 -0.016633 -0.068651 0.001537 -0.070497 0.000000 0.000000 
0.046281 0.003771 0.174615 -0.027415 0.074856 0.087576 0.058162 -0.020405 -0.063760 0.026149 -0.002581 0.001157 -0.022717 0.066425 -0.067073 0.065322 -0.050111 0.006109 -0.095245 0.005146 -0.047554 -0.043722 0.004533 0.072427 -0.013215 0.026419 0.013812 -0.002067 0.061516 -0.046649 0.010886 0.017593 0.044050 0.086207 0.104489 -0.100210 0.000000 0.064741 -0.036186 0.046469 0.007946 -0.045965 -0.033187 -0.028839 -0.038814 0.066549 -0.049160 -0.059926 -0.066493 -0.005238 -0.006231 -0.033208 -0.026723 0.022533 -0.039543 -0.015445 0.086534 -0.030698 0.011450 0.027297 -0.057865 0.014758 0.086167 -0.006229 0.072658 0.027585 0.003037 0.016294 -0.027716 -0.026098 0.099043 -0.026989 -0.045271 0.037479 0.077261 -0.013032 0.052007 0.017638 -0.041810 -0.073653 0.032443 0.055262 0.017928 0.050686 -0.005902 0.014612 -0.003247 -0.050338 0.029773 0.052948 0.032008 0.036960 -0.001031 -0.042982 -0.059791 -0.009153 -0.054735 -0.053505 -0.044977 -0.024032 -0.121296 -0.051565 0.071615 0.029686 -0.009873 0.000000 0.029812 0.004760 0.033230 0.068016 -0.093907 0.025981 0.071267 -0.111523 0.034574 -0.002381 -0.002186 0.000803 -0.049165 0.055396 0.062141 -0.017403 0.036290 0.006367 -0.108408 -0.022821 0.027676 0.054378 -0.037756 0.043902 -0.030959 -0.077436 0.016721 -0.061023 0.009336 -0.006949 0.014431 -0.079024 -0.010704 -0.103477 0.005769 0.001851 -0.048649 -0.001737 -0.070247 -0.001184 0.101926 -0.010041 0.100818 0.028114 0.041795 0.029686 0.022364 0.020628 0.006778 -0.060729 0.046199 -0.018692 -0.034848 -0.026995 0.019263 -0.082608 -0.015438 0.025096 -0.063430 0.091502 -0.001734 -0.016826 0.004697 0.090123 -0.006169 -0.116667 -0.098832 0.000000 0.113772 -0.018403 0.046940 -0.053394 0.040139 0.062493 -0.003185 -0.032864 -0.053997 -0.080036 0.003976 -0.015003 -0.084605 -0.013502 -0.076745 0.030305 0.030353 -0.009508 0.056686 0.076248 0.000000 -0.015540 
-0.002992 -0.109677 -0.027415 0.210388 0.057546 0.101990 -0.053403 0.052924 -0.012021 0.093888 0.076778 -0.016130 0.078098 0.004473 -0.000505 0.043506 -0.028218 -0.024154 0.029471 0.012200 -0.003413 -0.037980 -0.085261 -0.019437 0.053066 0.006398 0.005886 -0.039687 0.044394 0.045354 0.002146 -0.011413 0.029621 0.000000 -0.073390 0.006385 -0.062668 0.111749 -0.013656 -0.029715 0.030499 -0.022253 0.047921 0.000000 0.004804 0.035029 0.038290 -0.059410 0.114791 -0.053253 -0.027504 -0.048657 -0.017901 -0.060372 0.039538 -0.010673 0.064602 -0.038876 0.069691 -0.017744 0.027154 -0.031975 0.014900 0.070026 0.099138 0.004853 0.005022 -0.050027 0.067191 -0.070763 0.032772 -0.021162 0.015171 0.045885 0.057998 -0.009201 -0.072433 0.037770 0.014566 -0.046712 0.042022 -0.038171 0.045610 0.012399 -0.059800 -0.098852 0.008190 0.039950 0.001500 0.070689 -0.039860 -0.010329 -0.065727 0.118277 -0.044682 0.043536 -0.055067 -0.026607 0.023449 0.037243 0.028585 -0.044720 -0.114272 0.005423 0.020850 -0.004654 0.075340 -0.034226 -0.003891 -0.072111 0.028945 0.034336 -0.064390 0.021437 -0.058962 -0.005072 0.063310 0.012498 -0.088477 -0.080705 -0.109872 -0.037277 -0.048548 0.004775 0.002524 -0.048556 0.035974 -0.020107 0.013665 0.011117 0.026376 0.039731 0.048710 0.069908 0.069304 0.007752 0.012588 0.002559 0.079594 -0.036185 -0.003657 -0.059371 -0.033616 -0.037985 0.021092 0.003555 0.074222 0.005087 -0.019584 -0.052332 0.102650 -0.009564 -0.060539 -0.063338 -0.058008 0.012992 0.030157 0.046577 0.101329 -0.017030 0.058968 0.055675 -0.012402 -0.090892 -0.004861 -0.017030 -0.076416 0.048621 -0.100295 -0.072449 0.043759 0.037404 -0.072048 0.011520 0.034813 -0.011910 0.024961 -0.042472 -0.026074 -0.096715 -0.002031 0.000000 -0.029301 0.015769 0.072899 0.044618 0.029230 0.051844 0.017327 0.042790 0.107867 -0.052644 -0.001097 -0.060462 0.058380 -0.066260 
-0.002719 0.027306 0.074856 0.057546 579.101724 -0.012000 0.041633 0.024519 0.000338 0.001685 0.008216 0.002525 -0.005381 0.000702 -0.053085 -0.006976 -0.018816 0.006952 0.004766 -0.006411 0.002933 0.112117 0.052313 -0.097787 -0.008733 0.003335 -0.002453 0.037826 -0.118636 -0.076565 -0.000923 -0.004341 -0.034150 0.027065 -0.064312 0.106186 -0.002387 -0.021592 -0.010865 0.117433 0.009146 0.000000 0.052583 -0.024721 0.008743 -0.102809 0.008387 0.062323 -0.081957 -0.010272 -0.062783 -0.011599 0.025806 -0.004338 -0.024868 -0.040746 -0.048972 -0.003114 -0.071474 0.001693 0.000358 0.013776 0.006074 0.074954 0.001216 0.023189 0.047203 0.004270 -0.003749 0.000000 -0.002104 -0.084714 -0.099163 0.004165 -0.077035 0.035822 0.000228 -0.000932 -0.003425 0.078679 -0.071010 0.005706 -0.008341 0.002407 0.047556 -0.003785 0.009796 0.038208 0.079750 -0.041304 0.019677 -0.032198 0.028005 0.015461 -0.014646 0.019345 0.041265 0.001180 -0.048548 -0.038664 -0.000346 -0.012378 0.039191 0.066882 -0.008505 -0.002310 -0.081746 -0.018353 0.023322 0.000000 0.002024 -0.056017 0.113595 0.033474 0.002539 -0.058521 0.031897 0.087566 -0.011622 -0.052941 -0.004478 0.057305 -0.062450 0.012484 -0.001409 0.014448 -0.055356 0.029769 -0.107066 -0.030460 0.020611 0.003359 0.064351 0.014062 -0.006756 0.020383 0.000000 -0.000553 0.004353 -0.068871 -0.083076 -0.000721 -0.007376 -0.025699 -0.071338 0.011993 0.109602 0.007249 0.068273 0.117265 0.072955 0.008362 -0.016307 0.003387 0.056947 0.045781 0.113667 -0.004850 0.056185 0.033247 -0.013741 0.002630 -0.021575 0.000764 -0.000900 0.005110 -0.019111 0.010572 0.024240 -0.025608 -0.026798 0.022855 0.000000 -0.001081 0.000529 0.001900 -0.001228 -0.018348 0.026742 0.094662 -0.001305 0.023640 0.003034 0.086524 0.116765 0.064690 0.045993 0.064519 0.023656 -0.048885 0.005640 0.000190 0.000000 -0.002000 0.047451 -0.000773 
0.065573 0.000951 0.087576 0.101990 -0.012000 24.832474 0.034217 0.065748 -0.042292 -0.014259 -0.085907 -0.048503 0.022748 -0.006165 -0.070330 -0.044167 0.036411 0.001860 0.093395 0.014367 -0.010411 -0.052350 -0.069724 0.028511 0.006715 -0.002451 -0.111295 -0.099336 -0.019715 -0.049186 0.073032 -0.078095 0.007670 -0.108052 0.004155 0.018924 0.101534 -0.004092 -0.065566 -0.011498 0.016056 -0.002955 -0.007519 -0.028930 0.007786 0.075257 -0.019445 0.100561 -0.000153 0.006829 0.098036 -0.093967 0.023347 0.093415 0.003604 -0.062963 0.099141 0.107786 0.097349 0.029832 0.013946 0.000914 -0.009712 0.054265 -0.006117 0.120775 -0.047132 0.109907 0.122200 -0.003196 -0.042627 0.012555 0.017189 0.001380 -0.083374 -0.106630 -0.019482 0.003537 -0.043895 0.080131 -0.018245 0.029414 0.070965 -0.007041 -0.059941 0.006532 0.022107 0.010276 0.018439 0.001185 0.114137 -0.098548 -0.021209 0.034375 0.007792 -0.001233 -0.082441 0.040187 0.007430 -0.036748 -0.118987 0.107955 0.022654 -0.044746 -0.074228 0.059668 0.010847 -0.110373 0.063172 0.000858 -0.026975 0.028756 -0.011637 -0.015081 0.030562 -0.010621 0.009230 -0.054812 0.112368 -0.007964 -0.013896 0.096356 -0.008372 0.053345 0.000200 0.092812 -0.034933 -0.013330 0.024763 0.018907 -0.056229 0.000848 -0.045211 -0.092199 0.040778 0.005565 -0.107020 -0.004206 -0.007328 0.015836 0.026477 -0.024996 -0.015212 0.000149 0.021233 0.002459 0.000903 -0.085183 0.038219 -0.078736 0.016718 0.076201 0.059852 -0.014416 0.106474 -0.078726 -0.045920 0.009252 0.051373 0.003648 0.002115 -0.010390 0.043831 -0.077270 -0.017587 0.018943 -0.108131 -0.079677 0.024198 0.081795 0.036157 -0.010518 0.010876 -0.002419 0.012256 0.000000 0.011090 -0.066731 0.002742 -0.000689 0.060975 0.043909 -0.050066 -0.079933 0.023241 0.116488 -0.061761 -0.010360 -0.057746 -0.042023 -0.004970 0.004196 0.000000 -0.087858 -0.036947 -0.021249 
0.050599 -0.066832 0.058162 -0.053403 0.041633 0.034217 1.476863 -0.077031 0.114410 -0.075401 0.045552 0.007511 0.070875 -0.083341 -0.028488 0.032829 -0.067807 0.083333 -0.017160 0.098455 -0.037492 -0.032613 -0.012286 0.010263 -0.072037 0.101253 0.017016 -0.036383 -0.056922 0.003999 -0.018814 -0.020424 0.065624 -0.041433 -0.051279 0.084466 0.027524 -0.014177 -0.032823 -0.026709 0.025501 -0.059563 0.005605 -0.014326 -0.002637 -0.101381 -0.018930 0.035795 -0.053720 0.045250 0.012342 0.003809 -0.008307 0.002239 0.014783 -0.040588 -0.003052 -0.073261 -0.031138 -0.006689 -0.060767 0.070915 -0.109611 0.011396 -0.000825 -0.048857 0.005781 0.018304 0.045581 -0.008295 -0.012794 -0.037091 -0.030127 0.054471 0.016382 -0.017999 -0.108921 0.016941 -0.011488 0.074447 0.012925 0.035961 0.072228 0.026971 -0.003297 -0.020216 0.010239 -0.002312 -0.060666 -0.057225 0.024819 -0.093023 -0.029784 0.085456 0.017717 -0.066285 0.020882 -0.041758 -0.011979 -0.028585 0.029699 -0.014750 0.058370 0.007113 -0.000759 0.014006 0.060435 0.010191 -0.105356 0.033351 0.043934 0.077813 -0.012757 0.017911 0.009635 -0.022073 -0.066126 -0.103801 0.002893 0.034443 -0.071148 0.081337 -0.019246 0.019983 -0.120502 -0.009470 0.016972 0.010837 0.029471 0.088217 0.026921 -0.044664 -0.060688 0.108539 0.073209 0.026470 -0.086645 0.099179 -0.034539 0.003633 -0.110488 -0.023254 -0.028218 -0.040049 -0.019015 0.067817 -0.055064 0.016218 0.007702 -0.042868 0.061746 0.024735 0.005856 -0.043719 0.048104 -0.020217 0.005349 -0.098520 0.089875 0.052165 -0.017388 -0.037244 0.093339 -0.021607 -0.038573 0.046586 0.013019 0.079501 0.001525 -0.091016 0.025148 0.026246 0.016233 -0.024605 0.024556 0.107760 -0.011962 0.057139 0.035833 0.000719 0.056936 0.106678 0.035520 0.099258 0.040205 0.000000 -0.057543 -0.012729 -0.020612 0.087739 -0.021308 0.007637 -0.006285 -0.039830 0.009317 0.045459 
0.021987 0.015883 -0.020405 0.052924 0.024519 0.065748 -0.077031 0.285592 -0.038320 -0.002878 0.024663 -0.100275 -0.020700 0.000687 0.000543 0.017777 0.006238 -0.017811 0.060878 0.004527 -0.039052 -0.102740 0.041067 0.049350 0.116837 -0.086981 0.006684 0.003154 -0.000918 -0.120304 -0.043331 -0.002779 -0.001199 0.071909 -0.053245 -0.010279 -0.086336 -0.002598 -0.040509 -0.069321 0.052835 -0.012460 0.067498 -0.004411 0.035840 -0.030280 0.010105 -0.046714 0.079920 0.083830 -0.003291 0.043960 -0.079642 0.034769 0.044980 -0.039985 0.039004 -0.009584 -0.006587 0.086420 -0.013028 0.001315 -0.048175 -0.010983 -0.032943 0.018468 0.021827 -0.095212 -0.087184 -0.005855 -0.079586 0.003741 -0.092324 0.039395 0.045153 0.020781 0.014484 -0.048932 0.042764 0.050731 -0.083866 -0.013696 0.085269 0.102052 0.027587 -0.041050 -0.019707 0.035052 0.083291 -0.122710 0.018899 0.001621 -0.001150 -0.052917 -0.083935 -0.011318 -0.049547 -0.070021 0.003249 0.063446 0.068376 0.100586 0.020645 -0.043075 0.007425 -0.000192 -0.064970 0.054061 -0.059505 -0.063521 0.005533 0.004581 0.051672 0.089074 -0.047958 -0.010734 -0.012736 0.114688 0.079438 0.004261 0.070774 -0.109206 -0.054979 -0.035492 0.008322 -0.015889 0.057400 0.041938 0.000268 -0.002477 -0.123245 0.019732 -0.042941 -0.030308 -0.003150 -0.019180 0.003662 0.059521 -0.073726 0.122083 0.039338 0.099084 -0.119821 -0.015318 0.056098 -0.057696 0.072358 0.091066 -0.092279 0.003394 0.010362 0.064049 0.083531 -0.117324 0.015427 0.039885 -0.028879 -0.021551 -0.063591 -0.014475 0.003614 0.001640 -0.003682 -0.032214 -0.099323 -0.020160 0.079433 -0.039932 0.100925 -0.008992 0.050665 0.103834 -0.009081 0.044970 0.053544 0.004161 -0.090025 -0.121761 0.020429 0.032407 0.042416 -0.067817 0.009774 0.030549 0.000000 0.022466 -0.029526 -0.029199 -0.027721 -0.081410 0.004227 -0.056866 -0.010653 0.008477 -0.033697 -0.036858 
0.005721 0.000000 -0.063760 -0.012021 0.000338 -0.042292 0.114410 -0.038320 5308.775780 0.000000 -0.001529 0.003897 -0.030752 -0.009645 0.000000 0.000677 0.004858 0.000000 -0.001090 0.031410 0.069484 -0.000165 -0.110465 -0.041368 -0.091348 -0.037589 0.012956 0.031447 -0.077648 0.077259 0.009134 0.004332 -0.019895 -0.110983 -0.081649 0.094688 -0.042255 -0.089131 0.003083 0.000000 -0.027696 0.000104 -0.031799 0.033463 -0.017651 -0.070228 0.000127 -0.106612 -0.038687 0.006284 0.002117 0.107667 0.006518 0.000000 -0.082454 0.044649 -0.001935 -0.003787 0.017000 -0.119342 -0.036053 0.000000 0.005435 -0.006542 0.109697 0.016152 -0.025251 0.074803 -0.028524 -0.005975 0.006268 -0.004609 0.022341 0.010211 0.000319 0.047591 -0.027370 0.009021 0.008535 0.020577 0.041245 -0.009033 0.111897 0.006491 0.040751 0.000000 -0.040402 -0.051505 0.102818 -0.020126 0.071865 0.006435 0.020489 -0.097222 0.020369 0.002389 -0.050120 0.000000 0.043757 0.061601 -0.001058 -0.047039 -0.112855 -0.083543 -0.001485 -0.110037 -0.054615 -0.049749 0.000000 0.001794 0.045375 0.003308 0.002637 0.095390 -0.010327 -0.028834 -0.027271 -0.007485 -0.001765 -0.100984 -0.000177 0.000000 -0.090570 0.021319 0.000973 0.000000 -0.060043 0.041605 -0.073513 0.000000 0.000817 0.006501 0.056811 0.015446 0.027423 -0.000205 -0.007434 0.008470 0.023875 -0.112860 -0.000373 0.001841 -0.035068 -0.036574 -0.038697 -0.012920 0.019108 0.005437 0.001233 -0.089270 -0.043556 0.052948 -0.058164 -0.109721 -0.038517 -0.122577 -0.076335 0.014271 -0.031121 0.079614 0.014960 -0.001255 0.043392 -0.029047 -0.000725 0.081885 -0.025014 0.036115 0.000000 0.005327 0.001673 0.003802 -0.002493 -0.000745 0.001567 0.000000 0.000000 -0.001953 0.023435 -0.014502 -0.007035 -0.040354 -0.000317 0.025835 0.004088 0.068703 0.121121 -0.008774 0.000750 0.058971 -0.000859 -0.018980 0.011065 0.000000 -0.022545 0.017515 
0.116192 0.041538 0.026149 0.093888 0.001685 -0.014259 -0.075401 -0.002878 0.000000 731.238117 0.002428 -0.059049 -0.013727 0.001016 0.002728 0.000288 0.006276 0.046219 -0.042682 0.082628 0.088125 0.011262 -0.015350 -0.066546 -0.016086 -0.000457 0.001281 0.041507 -0.000582 -0.016834 -0.028314 -0.000326 0.036065 0.105510 -0.113609 -0.015568 0.050214 -0.110695 0.071527 0.082315 0.000000 0.000707 -0.009913 -0.110880 -0.000727 -0.006850 -0.083884 -0.081012 0.002266 0.001009 0.077519 -0.001986 0.032179 -0.010484 0.108194 -0.032844 0.020417 -0.033637 -0.093833 -0.107812 -0.003058 0.001885 -0.038611 -0.032351 0.045545 0.051085 -0.037195 0.058268 -0.076770 -0.032010 -0.002269 0.042709 0.050966 0.030607 0.032184 -0.030856 -0.016672 0.007301 0.092570 -0.016081 0.000856 -0.057374 -0.036092 0.114634 0.005443 0.009735 0.104253 0.016322 -0.002528 0.001018 -0.024008 0.002192 -0.000119 0.068826 0.038847 0.000000 -0.004517 0.000000 -0.042137 0.009431 -0.025804 0.040728 0.036637 -0.012197 -0.009915 0.018035 0.002841 -0.015646 0.005078 0.003029 0.060180 -0.000555 0.113895 0.059885 -0.001890 -0.017174 0.017099 -0.063923 -0.004302 -0.087567 0.029336 0.002671 -0.065720 -0.005639 0.005591 -0.001054 -0.014364 0.019400 0.000000 0.000718 -0.007336 -0.011540 0.048696 -0.013335 0.034175 -0.075053 0.033092 -0.033724 -0.006226 -0.040518 0.000000 -0.001879 -0.110888 0.096675 -0.005628 0.028442 -0.122322 0.006431 0.014135 -0.013120 -0.065105 -0.018577 0.008948 0.000765 0.026335 0.046658 0.001205 0.000861 -0.073306 0.000000 -0.080741 0.069073 0.094644 0.000423 -0.009276 0.014580 -0.002896 -0.000480 -0.039592 -0.043888 -0.009271 0.001045 0.036575 0.043458 0.005726 -0.012009 0.000323 -0.031115 0.003448 -0.008701 -0.001766 -0.041420 -0.067426 0.092110 0.061058 -0.008274 -0.003698 -0.030238 0.010409 0.000000 0.001145 -0.076290 0.006330 -0.000565 0.045737 0.018253 
0.026983 -0.072912 -0.002581 0.076778 0.008216 -0.085907 0.045552 0.024663 -0.001529 0.002428 47.685603 0.006814 -0.002021 -0.005186 -0.001623 0.058398 0.003897 0.064869 -0.118447 0.072675 -0.024547 0.104462 0.007242 -0.023628 -0.012623 -0.103635 0.080347 -0.018472 -0.038639 0.023961 -0.101920 -0.004662 0.091305 -0.088755 0.000173 -0.067334 -0.001701 -0.109204 -0.002299 -0.097417 -0.081165 -0.001935 -0.027968 -0.073989 0.079498 0.050027 0.049700 0.004512 0.069005 -0.027908 -0.056848 0.062991 0.064780 0.000000 -0.022676 -0.014284 -0.031119 -0.084321 -0.004256 -0.033550 -0.116554 0.001069 -0.091971 0.013478 0.116260 -0.066556 0.075622 -0.004765 -0.038907 0.073786 0.000576 -0.110545 0.023302 -0.031017 -0.001704 0.001251 -0.020071 -0.099025 -0.103057 0.100058 -0.022579 0.012020 -0.008443 0.052509 -0.077812 0.006908 0.062847 0.056593 -0.113839 -0.020491 -0.117745 -0.089497 -0.000686 -0.011461 0.073308 0.022116 -0.086493 -0.095924 -0.001779 -0.029690 0.006716 -0.000505 -0.028282 -0.029042 -0.112521 -0.000158 0.007214 -0.095072 0.040953 0.073615 -0.002745 -0.050516 0.078984 0.001420 0.002414 0.054782 0.000313 -0.063257 0.042486 -0.067457 -0.052688 0.001856 -0.049005 -0.003086 0.000639 -0.095152 -0.030551 0.050242 0.000127 0.000000 0.000811 -0.083596 0.007369 0.013798 0.119697 0.044002 0.085528 -0.051599 -0.000728 0.114875 -0.009349 0.000743 -0.066129 -0.107354 0.048643 -0.024782 0.016005 0.023605 0.001015 -0.013160 -0.089150 0.082356 0.074900 -0.003488 -0.033324 -0.111697 -0.048523 0.037416 -0.094342 -0.041694 -0.090248 0.037334 0.114782 -0.003405 0.000000 0.089410 -0.033412 0.116350 -0.030804 -0.005049 0.004818 -0.000551 -0.055290 -0.010581 -0.000463 0.000976 -0.000691 0.006242 0.038890 0.019440 -0.005112 -0.010597 0.055192 0.000000 -0.080996 -0.050268 0.002762 -0.007498 0.018496 0.002120 0.000000 0.001831 0.107720 0.046895 0.000187 -0.047195 
0.008502 0.010092 0.001157 -0.016130 0.002525 -0.048503 0.007511 -0.100275 0.003897 -0.059049 0.006814 19.149551 -0.003086 -0.008147 -0.015804 -0.007586 0.037626 -0.000114 0.003741 0.025004 -0.039132 -0.005946 -0.034447 -0.028037 -0.001737 -0.005474 0.000256 -0.020881 -0.108915 -0.029963 -0.059903 -0.058415 0.108323 -0.030574 -0.104640 -0.114519 -0.014010 -0.093037 0.002116 0.050383 -0.008840 -0.111305 0.023635 -0.032269 0.041997 -0.000821 0.000157 0.028824 0.098581 0.094735 -0.000803 -0.090389 0.070085 0.000565 -0.050077 0.054646 0.010629 0.006649 0.003004 0.038639 -0.104382 0.066085 -0.110356 -0.077801 -0.044782 0.002214 0.034873 -0.021536 0.003681 -0.003043 0.004231 -0.011918 -0.021882 -0.006616 0.001342 0.000000 0.104183 -0.075243 -0.088020 -0.076234 -0.010220 0.058903 0.086810 -0.033405 -0.053724 0.010447 0.027338 -0.046701 -0.004729 -0.006007 -0.064618 -0.073084 -0.000465 -0.109195 -0.095388 -0.006733 0.109201 0.001587 0.060800 0.002155 0.017279 -0.031195 -0.009354 -0.047165 0.093298 -0.015341 -0.002370 -0.088578 -0.001483 -0.091630 -0.027691 -0.099762 -0.047274 0.013802 0.000000 -0.001267 0.022477 -0.111357 -0.051206 0.013954 -0.049930 0.012496 -0.077785 0.009060 0.054518 0.012070 -0.001125 0.008605 0.005211 0.009298 0.003801 -0.011240 0.046060 -0.012032 -0.008435 0.068197 0.000000 -0.001233 0.001145 0.069186 -0.049634 -0.002742 -0.034016 -0.004550 -0.020941 0.006179 0.079956 -0.006575 0.016824 0.034154 0.029308 0.003453 -0.050253 -0.005785 0.014976 -0.083168 -0.001591 0.001800 0.008395 -0.110874 0.004765 -0.001898 0.017252 -0.001714 -0.009524 -0.008213 0.045401 -0.090499 -0.002242 -0.010514 0.082897 -0.089726 -0.112118 0.003437 -0.040373 -0.006520 0.003257 -0.116816 0.071680 -0.072239 -0.046931 -0.012348 -0.105027 0.007288 -0.067542 0.010110 0.056745 -0.029389 0.112083 0.063093 0.102442 0.000620 0.003373 0.037691 0.064969 0.104288 
-0.115259 -0.067735 -0.022717 0.078098 -0.005381 0.022748 0.070875 -0.020700 -0.030752 -0.013727 -0.002021 -0.003086 2909.493225 0.000000 0.000686 -0.004209 0.011811 0.000897 0.062089 0.105127 -0.002448 -0.087815 -0.051782 0.026955 -0.040858 -0.087381 -0.077010 0.105302 0.015887 0.006958 -0.033104 -0.064499 -0.005477 0.032807 -0.034781 -0.097830 0.008568 0.118587 -0.082201 -0.010372 0.000351 -0.001962 -0.038176 0.078124 -0.123525 0.000321 -0.016834 0.044674 -0.095736 0.012108 -0.106971 0.061075 0.050525 0.005452 -0.012475 -0.045318 0.092008 -0.028249 -0.003818 -0.091650 -0.008926 -0.078016 -0.065339 0.051230 -0.007209 0.027449 0.113944 -0.030074 -0.013596 -0.056802 -0.001893 -0.006417 -0.037364 0.001404 -0.005121 0.000640 0.003526 0.021318 0.000863 0.007946 0.019007 0.008873 -0.035007 -0.050721 0.021006 0.000000 0.045094 -0.032360 -0.093743 -0.110384 -0.000802 0.052437 0.000000 -0.014859 0.029434 -0.077224 0.052890 0.000381 0.040155 -0.003776 -0.008665 0.000000 0.001538 0.017491 0.042394 0.003726 0.008012 -0.069452 0.002959 0.038698 0.050067 0.000201 -0.061780 -0.001981 -0.000555 -0.035262 0.122567 0.009571 0.103045 -0.107102 -0.058882 0.084356 -0.014212 0.013821 0.018654 0.000938 0.001571 0.078727 -0.000502 -0.035160 -0.089978 0.000000 -0.042648 0.004167 0.047955 -0.061464 -0.020989 -0.028851 -0.003050 -0.053750 -0.004120 0.000000 0.013667 -0.003749 0.045480 -0.101766 0.009074 -0.093070 0.009366 0.010249 -0.002376 0.009950 -0.002166 0.001242 0.000000 0.114976 0.002368 -0.001113 0.054935 0.004723 -0.044184 -0.012261 0.001272 0.001629 -0.031909 -0.043736 0.001263 0.001540 0.000000 -0.033467 -0.021305 0.011133 0.000000 -0.076571 0.008205 -0.004647 0.000000 -0.033667 0.059305 -0.001988 -0.002801 -0.031456 -0.001026 -0.025935 0.019793 0.070852 -0.038402 0.038618 -0.085218 0.000000 0.072431 0.003970 0.065409 0.000000 -0.000434 0.056058 
0.084182 -0.071824 0.066425 0.004473 0.000702 -0.006165 -0.083341 0.000687 -0.009645 0.001016 -0.005186 -0.008147 0.000000 309.292345 0.000000 -0.061039 0.005239 0.004230 0.013324 -0.024967 0.022003 -0.027422 -0.087655 -0.005005 -0.123500 0.071787 0.039035 0.019032 -0.022203 0.001112 -0.091622 -0.062581 -0.028175 0.008098 0.046448 -0.029881 0.001242 -0.001829 0.020481 0.060586 0.000000 -0.001449 -0.000771 -0.010363 -0.010241 -0.052349 -0.000100 -0.032561 0.002628 0.001983 0.092884 -0.103401 -0.010766 -0.078329 -0.026600 0.001661 -0.068171 -0.038696 -0.026079 0.036242 -0.000313 -0.061137 0.004050 -0.001943 -0.053992 -0.002557 -0.031439 -0.018913 0.033056 0.000000 -0.006079 -0.006650 -0.065904 0.000000 -0.063279 0.002725 0.100676 -0.036482 0.089818 -0.002512 -0.082800 -0.002388 0.052236 0.075298 -0.087301 -0.011891 -0.007137 0.108160 -0.026363 0.007702 -0.023202 -0.004296 0.033054 -0.019998 0.020017 0.000000 -0.058777 -0.100600 0.098115 -0.002282 0.014418 0.001480 0.022343 0.105589 0.102549 -0.004944 0.008485 0.000000 0.013036 -0.076255 0.076529 -0.103723 0.040010 -0.002948 -0.026500 0.004443 -0.008895 0.068356 -0.010005 -0.064653 -0.031599 0.062817 -0.051943 -0.002424 0.018579 0.000195 -0.033250 -0.046715 0.037284 0.073094 -0.004061 -0.009525 0.082280 -0.000436 -0.004018 0.019338 0.050660 0.013467 -0.027444 0.006822 -0.099311 0.004275 0.020755 -0.047377 -0.052077 0.089449 -0.013679 -0.011384 -0.097362 0.058028 0.027663 -0.086840 -0.084871 0.000341 -0.025714 0.047402 0.002696 -0.003217 -0.117796 0.017444 -0.087128 -0.080234 -0.016347 0.000160 -0.000668 0.030005 0.118800 0.055658 -0.086425 0.002503 -0.000479 -0.040147 0.000000 0.002947 -0.003832 0.064842 -0.000537 0.002520 0.001482 0.058598 0.022900 0.000000 -0.009311 0.065446 -0.118934 0.000000 -0.048182 0.014525 0.000420 -0.039793 -0.005797 -0.068848 -0.000556 0.027851 0.101399 0.000000 
0.007849 0.001052 -0.067073 -0.000505 -0.053085 -0.070330 -0.028488 0.000543 0.000000 0.002728 -0.001623 -0.015804 0.000686 0.000000 87.663175 0.000000 -0.107106 0.005916 -0.051221 0.111465 0.007344 0.096705 0.001789 -0.033672 -0.047167 -0.004468 0.015476 0.001541 -0.001473 -0.002057 -0.029321 -0.033498 -0.009508 -0.044650 0.058755 0.006391 -0.007512 -0.001219 -0.081277 0.115590 0.000728 -0.024170 -0.032452 -0.039164 -0.016080 0.000291 -0.008239 -0.064978 0.018277 -0.001621 0.019487 0.009534 -0.075535 0.017579 0.002486 -0.023882 -0.009498 0.000272 -0.051787 0.004320 -0.000499 0.001664 -0.007590 -0.095570 -0.004053 0.001244 -0.071895 0.096164 0.034300 0.000000 -0.100035 0.046049 -0.005233 0.047200 -0.008918 0.110947 0.005202 -0.070560 -0.003315 0.112475 -0.002613 0.000913 -0.045504 -0.021302 -0.029857 -0.021479 -0.015699 -0.007780 -0.099811 -0.001276 0.043037 0.118094 0.002343 0.063395 -0.002007 0.000244 0.006520 -0.000100 -0.001505 0.066361 0.015278 0.007292 -0.001040 0.022534 0.001563 -0.034696 0.109540 0.025450 -0.050171 -0.015053 -0.042870 0.003957 -0.013214 0.039361 0.000264 -0.027991 -0.009281 0.080530 -0.012747 -0.061566 0.012204 0.013927 -0.001255 0.106116 0.047859 -0.010573 -0.058720 -0.019992 0.024981 -0.000517 -0.023001 -0.018241 -0.114333 0.122880 0.051881 0.106130 0.006804 0.003476 0.119198 0.001847 -0.074929 0.001555 0.047109 -0.005117 -0.109989 0.007729 0.018971 0.012220 0.025591 -0.097477 -0.048452 -0.017957 -0.101647 -0.001010 -0.016467 0.024483 -0.021165 -0.001343 0.028676 0.000199 -0.028788 0.077926 0.008609 -0.052656 -0.000354 -0.001616 -0.034619 0.068356 -0.003959 0.000000 0.015563 -0.027795 -0.004465 -0.086048 -0.000979 -0.021470 0.000673 0.034031 -0.016349 -0.075659 -0.006617 -0.014150 -0.002097 0.056762 0.084949 0.020392 -0.068748 0.005952 0.001172 -0.021578 -0.007785 0.044508 0.022718 0.000000 0.062072 0.005314 
0.092884 -0.001783 0.065322 0.043506 -0.006976 -0.044167 0.032829 0.017777 0.000677 0.000288 0.058398 -0.007586 -0.004209 -0.061039 0.000000 67.060336 0.077841 -0.001756 -0.062476 -0.012443 0.106788 -0.066324 -0.053127 0.017775 0.017578 0.016944 0.017976 0.091039 -0.095072 0.001048 0.085688 -0.042964 -0.090599 -0.002178 0.051975 0.008085 0.004552 -0.102562 0.077437 -0.092336 0.000867 0.000779 0.006389 -0.034805 0.000000 -0.039960 -0.086659 -0.001928 0.023444 0.072065 -0.001703 0.074235 -0.017072 0.070330 0.004209 -0.072305 -0.011203 -0.000370 -0.011450 -0.119018 -0.002424 -0.051882 -0.054533 -0.021202 -0.013550 -0.004053 0.003626 0.116658 -0.066867 0.000263 -0.059536 0.001379 0.032685 0.000110 -0.072887 0.049903 -0.010068 0.005148 0.000000 0.069122 -0.048784 -0.001364 -0.091394 0.055143 0.015463 -0.056738 -0.097799 -0.011083 0.000000 0.000848 0.091450 -0.013052 0.002016 0.019998 0.021380 0.020940 -0.030182 0.000000 0.063376 0.045377 0.073590 0.000000 -0.001176 -0.052754 0.010698 -0.003277 -0.012842 0.097071 0.000139 0.001575 -0.081435 -0.073642 0.003708 0.003814 -0.036274 0.108884 0.041252 -0.012603 0.083975 0.120950 -0.120527 -0.000947 0.072114 -0.058966 0.002879 -0.060575 -0.069905 -0.025173 -0.044380 0.000000 0.108632 0.011463 0.096096 0.018393 -0.030444 0.060938 -0.005585 0.067064 -0.006728 -0.080334 0.004925 -0.002033 -0.085307 -0.031327 -0.085882 -0.008551 0.045709 -0.007946 -0.000407 0.034842 -0.071551 -0.098777 0.016558 0.050422 -0.039030 -0.088131 0.000000 -0.012081 0.065865 -0.000651 -0.013490 0.013140 0.053860 0.087833 0.024949 0.000239 -0.116124 -0.007272 -0.000787 0.000000 0.046759 0.021628 -0.018432 0.003942 0.009077 -0.037395 0.079354 -0.000654 0.022189 0.003236 -0.044910 0.113676 0.010815 -0.014127 -0.026046 0.013823 -0.027327 -0.005468 -0.002687 -0.030245 0.086428 -0.010325 0.038842 -0.001576 0.062123 0.002009 
0.079078 -0.014938 -0.050111 -0.028218 -0.018816 0.036411 -0.067807 0.006238 0.004858 0.006276 0.003897 0.037626 0.011811 0.005239 -0.107106 0.077841 399.159828 0.094050 -0.017784 0.005130 -0.043216 0.119650 0.001388 0.048918 -0.033522 0.001814 -0.084051 0.012607 -0.082812 0.000000 -0.025538 0.002886 0.054468 -0.082728 -0.065795 0.106354 0.005794 -0.089209 0.001281 -0.061845 0.004062 0.000407 0.020953 -0.025024 -0.019401 -0.011621 -0.068960 -0.004272 0.090770 -0.045907 0.008392 0.068261 0.021238 -0.002364 0.009791 -0.021744 0.103474 0.047701 0.006738 -0.008907 0.000000 -0.079130 -0.002926 -0.020197 0.015977 0.014045 0.073096 -0.019710 -0.000404 -0.015670 0.037502 0.015811 0.014891 -0.073814 -0.046953 -0.026615 -0.005340 0.006677 0.051786 0.018465 -0.000898 0.060332 0.038267 -0.081522 -0.115465 0.002651 -0.000201 -0.041913 0.010992 -0.001426 0.015856 0.031190 -0.002522 -0.000599 0.007157 0.027696 -0.024654 -0.033562 -0.001402 0.001330 -0.050219 -0.039974 0.014432 -0.013647 -0.007108 -0.046175 -0.058282 -0.067001 -0.007681 -0.000873 -0.002904 0.010602 0.097946 0.002211 0.000000 -0.000328 0.029930 0.000000 0.058613 -0.013235 -0.009126 0.094665 -0.037827 0.006063 0.000999 -0.021966 0.009954 0.054156 -0.115149 0.000000 -0.089888 0.020048 -0.093223 -0.011160 -0.007367 0.006959 -0.000129 -0.038429 0.003806 -0.109319 0.001033 0.011604 -0.043099 -0.103054 0.106873 0.052667 0.006788 -0.084099 0.086258 0.047757 0.044313 -0.055700 -0.095942 -0.012108 0.011179 -0.004024 -0.001899 0.004540 -0.064156 0.034467 0.002152 -0.024694 -0.070139 -0.055902 -0.067987 0.000000 0.000904 -0.051084 0.000000 0.005838 0.110250 -0.025222 0.000000 -0.000772 -0.072769 -0.030649 0.039879 0.001088 -0.100018 -0.014569 0.008349 0.018146 -0.042635 0.058339 -0.043544 0.000178 -0.060932 -0.024989 -0.001822 0.005861 -0.120000 -0.079862 0.002782 0.121605 0.000224 -0.003263 
0.065584 0.043041 0.006109 -0.024154 0.006952 0.001860 0.083333 -0.017811 0.000000 0.046219 0.064869 -0.000114 0.000897 0.004230 0.005916 -0.001756 0.094050 2467.355113 -0.061234 -0.015797 -0.075205 0.027014 0.025057 -0.046485 -0.065971 -0.001982 0.094237 0.108402 0.000000 0.005881 -0.007406 -0.000125 -0.087958 -0.000210 -0.024139 -0.000163 0.108181 0.081711 0.003728 0.066532 0.014182 -0.001362 0.021626 -0.012222 0.001165 0.000000 -0.006910 -0.038292 0.104724 -0.071318 0.008900 -0.008820 -0.015810 -0.000815 -0.005329 0.000000 0.008540 0.015772 -0.070326 0.041417 0.000000 -0.088095 0.001841 -0.007219 -0.001065 -0.061323 0.012385 -0.048580 -0.001482 -0.008100 -0.093142 -0.098436 0.060856 -0.073685 0.044601 -0.105834 0.003446 -0.022026 -0.101336 -0.033608 -0.018266 -0.004212 0.100973 0.075546 0.006180 0.000930 0.118194 -0.031080 0.009505 0.005844 -0.099875 0.071969 -0.043216 -0.038655 -0.016534 0.016212 -0.022238 -0.006287 -0.012616 -0.042563 0.004834 0.006802 0.000000 0.013947 0.027035 0.000000 0.070670 -0.027108 0.013587 -0.020101 0.025289 0.002032 -0.001351 0.103115 -0.055012 0.017568 0.002678 -0.051941 -0.008491 0.051977 0.000000 -0.062118 -0.009943 -0.019649 0.042201 -0.095784 0.044018 0.035321 -0.099182 0.000274 -0.000249 0.109154 0.027723 -0.062402 -0.042749 -0.080709 0.069741 0.000000 -0.017053 0.003523 -0.000282 -0.000504 -0.030372 -0.009253 -0.020706 -0.027301 0.005059 0.033083 -0.003002 0.012991 0.000881 0.038103 -0.026459 -0.043308 0.068112 0.099056 -0.079599 -0.011036 -0.007401 0.077945 -0.012111 -0.094634 0.073372 0.001068 -0.075535 0.000000 0.002669 -0.051030 0.000000 0.002307 0.007767 -0.005221 0.013355 0.000329 0.098229 -0.019960 -0.000560 -0.001689 -0.068164 -0.000723 0.000494 -0.072632 -0.000243 0.021912 0.027941 -0.012366 0.115485 -0.082011 0.000000 0.051766 0.007345 -0.008985 0.002465 0.000000 -0.023788 -0.027595 
-0.093735 0.069525 -0.095245 0.029471 0.004766 0.093395 -0.017160 0.060878 -0.001090 -0.042682 -0.118447 0.003741 0.062089 0.013324 -0.051221 -0.062476 -0.017784 -0.061234 7.131348 -0.120623 0.066183 0.091642 0.071796 0.006523 -0.105688 -0.000340 -0.101494 0.058643 -0.005734 -0.022434 0.008808 -0.077673 0.017220 0.002483 -0.008572 -0.057888 -0.057804 0.040889 0.003298 0.084588 0.006516 -0.003559 0.045652 0.072940 -0.035253 -0.024801 -0.122271 0.005343 -0.012968 0.015920 -0.081141 -0.014293 0.008467 -0.000930 0.055593 -0.044522 -0.073799 0.061400 -0.079401 -0.121737 0.061292 -0.035633 -0.080774 -0.075655 -0.005065 -0.012619 0.019368 0.083232 0.002741 -0.003397 -0.008996 0.076989 -0.000317 -0.007216 -0.029838 -0.001038 0.000000 0.003806 0.098058 0.062362 -0.062555 0.000296 0.021716 -0.049831 -0.048321 -0.088867 -0.032702 -0.000474 -0.066867 -0.011671 -0.002762 0.077231 -0.057925 0.000495 0.088269 0.012245 0.052176 0.045297 -0.015293 -0.055068 0.009308 0.065003 0.095840 0.033509 -0.021604 0.008065 -0.003737 -0.112765 0.000653 0.023927 0.000956 0.091973 -0.043177 0.073602 0.024788 0.039679 -0.076857 -0.001092 0.076029 -0.093014 0.065555 0.083695 -0.062563 -0.082242 -0.010801 0.048463 -0.008301 0.108961 -0.120923 0.015197 -0.002344 0.004853 0.023392 0.007365 0.121188 0.011232 0.086733 0.002709 0.019975 0.022247 -0.000256 -0.012708 0.017947 0.004848 -0.009564 0.119963 0.005062 -0.003965 -0.102656 0.113670 0.007672 -0.050703 0.046440 0.000272 0.003838 0.050167 0.040940 -0.027203 0.001965 -0.022333 -0.096167 -0.028285 -0.000518 -0.071653 -0.117510 0.063598 -0.001017 0.110459 -0.047406 -0.106977 -0.006821 -0.022667 0.117495 0.015835 0.098081 -0.081567 0.115023 -0.034416 0.099770 -0.014741 -0.062747 -0.052509 -0.039687 0.001926 0.005592 -0.008154 -0.087950 0.009393 -0.001668 0.044140 0.082165 -0.009468 -0.065243 0.123185 0.030733 -0.003340 
0.071452 -0.066882 0.005146 0.012200 -0.006411 0.014367 0.098455 0.004527 0.031410 0.082628 0.072675 0.025004 0.105127 -0.024967 0.111465 -0.012443 0.005130 -0.015797 -0.120623 0.232467 -0.016263 0.100326 0.009673 0.014856 -0.017140 -0.063962 0.005206 0.025268 -0.000123 0.001409 0.109383 -0.001906 -0.080279 0.104209 0.033789 0.011340 0.012070 0.030779 -0.033619 -0.023579 0.057229 -0.020327 -0.048126 0.017247 0.031148 -0.028868 -0.034203 0.000135 0.039673 -0.076450 -0.059321 0.000986 0.034565 -0.041009 -0.068068 -0.029299 0.019839 0.029585 -0.057108 -0.017082 0.081790 0.000000 -0.075726 0.055325 0.094169 0.035112 0.025281 -0.018672 0.025986 -0.040045 0.006648 0.002439 0.054432 -0.038149 -0.001288 0.039015 0.076922 -0.072188 0.104404 0.073298 0.038188 0.077124 0.048426 -0.003499 -0.103422 0.007705 0.011326 0.042346 -0.034836 -0.000194 -0.035084 -0.064199 0.009028 0.095577 -0.031547 -0.015899 -0.061460 0.026501 0.039723 0.049679 -0.101596 -0.011883 0.117695 0.027381 0.071461 -0.071370 -0.079990 -0.009848 0.062415 -0.058140 0.006157 0.077452 -0.004580 0.037657 -0.010623 0.006465 0.004934 -0.031921 -0.024478 -0.039526 0.002444 0.110857 0.078802 -0.041152 -0.015661 -0.104635 -0.003210 0.052156 -0.027650 0.071238 -0.100455 0.057381 0.044725 -0.016752 -0.023424 -0.016916 0.082007 0.023352 -0.095774 0.019762 0.000000 0.110046 0.086690 -0.030316 0.109972 -0.019402 0.104969 0.043852 -0.081189 0.033144 -0.072217 0.103337 -0.001374 -0.045233 -0.023996 -0.051324 -0.011183 0.055296 -0.020424 0.058486 0.006362 0.093226 0.025868 0.051298 0.043353 -0.015934 0.012407 0.001006 -0.021812 0.092197 0.064149 0.067882 -0.052512 0.017867 -0.095479 0.054127 0.020580 -0.062471 -0.032174 0.025422 0.063073 -0.048875 -0.039667 0.099923 0.081403 0.014912 0.017753 -0.002013 -0.022350 -0.001387 0.050108 -0.083932 -0.065356 -0.012137 -0.109564 0.014031 
-0.008402 -0.009940 -0.047554 -0.003413 0.002933 -0.010411 -0.037492 -0.039052 0.069484 0.088125 -0.024547 -0.039132 -0.002448 0.022003 0.007344 0.106788 -0.043216 -0.075205 0.066183 -0.016263 41.087493 0.000000 -0.019702 0.054111 0.059597 -0.010622 0.017804 -0.076356 -0.010927 -0.041849 0.018593 -0.120329 -0.009725 0.002691 -0.014587 0.005860 -0.000775 0.111346 0.105517 -0.086655 -0.020990 -0.020405 -0.049343 0.038380 -0.045248 0.013500 0.017195 0.066736 0.003686 -0.112885 0.020026 -0.024260 0.009016 0.006847 -0.009297 0.045826 -0.048303 0.007745 -0.121089 -0.118713 -0.000961 -0.042084 0.043454 0.066540 -0.002411 0.010792 0.003218 -0.025244 -0.004764 -0.086280 -0.011773 -0.057607 0.010091 0.005068 0.022625 0.084457 0.099464 -0.023771 -0.002306 -0.029211 0.000000 0.002408 -0.042556 -0.003727 0.016870 0.084519 -0.075905 -0.002309 0.007495 0.123017 0.012265 -0.000870 0.004668 0.006082 0.025015 0.006926 -0.030826 -0.002117 -0.106426 0.079009 0.008088 -0.030306 0.032932 -0.043353 -0.116341 -0.014145 0.006143 -0.029277 -0.000465 -0.006532 0.000296 0.000354 -0.053581 0.069568 -0.097509 -0.024913 0.111182 -0.017083 -0.031107 0.055570 -0.004673 0.004057 0.109937 0.038071 -0.069138 -0.097916 -0.008492 0.031780 0.048490 -0.007867 -0.005471 0.101749 -0.094918 0.038232 -0.004317 -0.007796 -0.011128 0.001338 -0.016848 0.016834 -0.001109 0.053868 -0.014858 0.007431 -0.001601 0.038007 0.111642 0.052294 0.112333 -0.087614 -0.011693 0.049280 0.020625 0.076501 0.017891 0.034754 -0.008281 0.014353 0.014318 -0.018883 0.053603 0.027953 -0.000307 -0.009118 0.000923 -0.103886 0.004732 0.036913 0.002011 -0.010734 0.008957 -0.044469 0.005769 0.001121 0.089715 -0.027118 0.023008 -0.120756 0.040858 -0.033383 -0.018586 0.008055 0.079821 -0.032024 0.045861 0.000906 0.063413 0.001319 -0.045094 0.019618 0.095018 -0.015310 -0.031717 0.000225 -0.001876 0.007917 
