0.376382 -0.059469 0.044122 0.011951 -0.005253 0.044351 -0.013972 0.012535 0.023635 0.050626 -0.101075 0.028325 0.000357 -0.170065 0.128662 0.112869 0.000000 0.020795 0.068378 -0.000226 -0.000353 -0.001384 0.123771 0.031258 0.005846 0.021547 0.051221 -0.028033 0.012832 0.029613 -0.014802 0.037509 0.165706 0.169966 -0.125802 -0.027652 -0.001223 0.065319 0.132779 -0.007926 0.034553 0.000951 -0.137228 -0.025689 -0.004920 0.040684 -0.037731 -0.000671 0.020408 -0.004001 -0.131092 -0.168467 -0.011193 0.000568 0.021778 0.094888 0.155772 -0.016192 0.035779 -0.076298 -0.002309 0.157551 -0.046820 0.034479 -0.077892 0.032121 -0.014760 -0.084243 0.000000 -0.084888 0.070794 -0.042703 -0.044786 -0.000288 -0.003110 0.004857 -0.118156 0.085385 0.007761 0.038076 0.144102 -0.010462 -0.022808 0.001945 0.091818 0.153592 -0.093843 0.112236 0.029940 -0.001550 -0.136926 0.037348 0.004205 -0.035000 0.063491 -0.049615 -0.031822 0.142811 -0.061368 0.058694 0.030540 0.127643 -0.025532 -0.013741 0.000597 -0.090998 0.054308 -0.115390 -0.047060 -0.000216 0.033344 0.070030 -0.033883 0.148164 -0.114844 -0.045103 -0.016874 0.092599 -0.002043 0.006793 -0.052048 -0.010991 -0.006227 -0.117891 -0.082596 0.059567 -0.172002 -0.028438 0.130171 0.047492 -0.033460 -0.035735 -0.000834 0.068152 0.056360 0.033113 0.036848 0.061602 -0.096374 0.095665 0.103288 0.029795 -0.008752 0.067553 -0.044916 -0.031312 0.078418 -0.016535 -0.090002 -0.032686 -0.056353 0.063809 -0.000621 -0.020769 0.067364 0.016093 -0.098936 0.113128 -0.008744 -0.047711 -0.126130 0.000000 -0.013514 -0.033868 0.067358 -0.017121 0.045927 -0.121047 -0.158712 0.018581 0.010715 -0.018704 -0.083746 -0.055335 0.092593 0.028618 -0.089877 0.146447 -0.099679 -0.131852 0.015084 0.111119 0.059083 -0.124165 0.050153 -0.067218 -0.005010 -0.089860 0.131223 0.092779 0.121257 0.066246 -0.093492 -0.092558 -0.073491 0.031942 
-0.059469 1616.371179 0.029386 -0.016919 -0.000992 0.123641 -0.022650 -0.066586 -0.029414 0.000293 0.121121 -0.080397 -0.000164 0.008253 -0.021485 -0.019688 0.015114 -0.155225 0.130849 -0.061294 0.001262 0.012294 -0.005422 -0.051112 0.032787 -0.105449 0.001506 0.034842 -0.086915 0.127955 0.026271 -0.001570 -0.041678 0.006593 -0.017699 -0.036083 -0.000192 -0.011406 -0.113356 -0.069616 -0.147571 0.115977 -0.098917 0.141201 -0.017801 0.000835 -0.130115 -0.032104 0.006040 -0.121130 -0.118183 0.046800 0.032381 0.001166 0.044648 0.008856 0.006236 0.006282 -0.080275 -0.066526 0.102834 -0.000816 -0.106733 0.015862 -0.001828 0.122164 -0.091328 0.010069 0.022426 0.101481 0.015482 0.043100 0.000000 -0.021094 -0.029988 0.065955 -0.040235 0.028660 -0.113306 -0.095158 0.000000 0.005867 0.001997 -0.001745 -0.011767 -0.094578 0.089966 -0.013774 -0.065233 -0.022235 -0.015840 -0.010358 0.119593 -0.008192 0.041573 -0.015510 -0.059060 0.047146 -0.059045 0.127771 0.067981 0.002406 -0.063846 0.081119 0.025439 -0.039160 -0.127145 0.153233 0.000000 0.128208 0.000687 0.003107 0.016544 -0.028826 0.000446 -0.016664 0.006429 0.044017 0.005753 0.018534 0.000000 -0.031292 0.066982 -0.009159 0.010363 0.020307 0.094840 0.147029 -0.077544 -0.000708 -0.099971 -0.071302 -0.147307 -0.027669 -0.044227 -0.099432 -0.089122 -0.000508 0.067521 -0.141193 -0.011126 0.007037 -0.020149 0.000000 0.024064 0.012615 0.091905 0.011466 0.015929 0.080188 -0.015888 -0.010828 0.055379 0.151837 -0.006722 -0.023122 -0.006955 0.080927 -0.155482 -0.086051 0.076512 0.107220 -0.082025 0.023713 0.000000 0.171235 -0.066408 0.022775 0.044605 0.043398 -0.079483 -0.008670 -0.156548 -0.018569 0.120191 0.116742 -0.028103 -0.169052 -0.034234 -0.011104 0.014916 0.001517 -0.032125 0.000000 0.000000 0.054379 0.054507 0.034804 -0.000394 -0.000477 -0.002765 0.042618 0.010415 0.004238 0.000000 -0.153622 
0.044122 0.029386 0.413609 0.059845 0.122537 0.053479 -0.080111 0.135248 -0.123801 0.028069 -0.049383 -0.000422 0.069985 0.152189 -0.125093 0.009564 0.029216 0.095972 0.001499 0.018926 0.170655 0.004848 -0.045521 -0.001593 -0.054580 0.028072 0.010140 -0.155646 0.020472 0.024338 0.050269 0.001104 -0.039630 -0.050329 -0.008725 -0.129123 0.163244 -0.031317 -0.033251 -0.036804 0.129957 0.000705 0.051013 0.122982 -0.020384 0.075498 -0.008648 0.005048 -0.003609 -0.099442 -0.028917 -0.072829 0.035583 0.086083 0.025794 -0.000331 0.006522 0.015006 0.157474 -0.094569 0.052604 0.062937 0.060934 -0.028097 0.006929 0.149880 -0.014524 -0.027804 0.005002 -0.086453 0.049477 -0.148106 0.129227 -0.094113 -0.013608 0.014550 -0.026716 0.023176 0.014914 -0.009190 0.036455 -0.004898 -0.079856 0.013943 -0.006197 0.056471 -0.022334 -0.104840 0.139689 -0.011930 0.003416 0.062061 -0.153619 -0.006844 -0.006738 -0.002296 0.103996 -0.005979 -0.160456 0.041800 -0.018825 -0.077497 0.029674 0.122712 0.141302 -0.020752 0.025899 0.034765 -0.140933 -0.064408 -0.101304 -0.025420 -0.072130 -0.004648 -0.105136 -0.018755 0.025322 0.127249 0.011570 -0.022499 0.011855 0.000380 0.010223 0.020242 -0.104764 0.039015 -0.147951 0.120778 0.115036 0.064164 0.088622 0.007566 0.003689 0.099461 0.125774 -0.169768 -0.005360 0.010929 -0.014004 0.009032 0.007169 -0.008363 0.011038 -0.071876 -0.023121 -0.088891 0.039457 -0.010978 -0.069025 -0.003886 -0.077984 -0.142026 0.007617 -0.084468 0.017250 -0.031393 0.002732 0.067527 -0.110826 -0.069323 0.000983 -0.001550 0.000000 0.082645 -0.018712 0.079013 -0.018205 -0.133408 -0.033045 0.041638 -0.015801 0.096280 0.024630 0.051339 0.004525 0.164872 -0.008514 0.007415 0.010812 -0.014568 0.003944 0.033216 0.127080 -0.103104 0.117946 -0.006048 -0.007781 -0.008638 0.022667 -0.096527 0.001420 -0.076209 0.013208 -0.014673 -0.032057 0.004962 
0.011951 -0.016919 0.059845 0.248068 0.000748 -0.093724 -0.089213 0.008278 -0.000547 -0.130090 0.095808 -0.041762 -0.126941 -0.170074 -0.037430 -0.148249 0.039245 -0.086059 -0.024549 0.028357 0.055630 -0.119216 -0.066181 0.020080 0.113397 -0.064213 0.014541 0.056816 -0.070931 -0.157781 -0.082746 0.023805 0.069525 -0.141379 0.009331 -0.013080 -0.015099 -0.156865 -0.043356 0.049967 -0.062356 -0.050614 -0.020449 0.100436 -0.005183 -0.116787 0.015759 -0.075745 0.015535 0.054055 -0.076434 -0.106657 0.127267 -0.032284 0.025796 0.087765 0.024547 -0.131167 -0.007659 -0.026857 -0.092108 0.051533 -0.106720 -0.050333 0.042914 0.131168 0.162782 0.104394 -0.030051 -0.081186 0.084530 -0.000459 -0.015204 -0.003158 0.004076 -0.012878 -0.044675 -0.042405 -0.068389 0.088629 0.082768 0.096858 0.000420 0.019516 0.149034 0.023148 0.120867 -0.056937 -0.098669 0.125288 -0.025618 0.015146 -0.034377 -0.000802 0.003853 -0.003227 -0.061828 0.019703 -0.108037 0.024750 -0.052767 -0.004635 0.055828 -0.000453 0.070811 0.102645 -0.062426 0.162362 0.128393 -0.005111 -0.002919 0.002764 0.166444 -0.098445 0.141917 0.027450 -0.040040 -0.073715 0.066875 0.064107 0.127973 -0.073923 0.019298 0.067031 0.013632 0.060384 0.137318 0.109665 0.142427 0.038523 -0.000794 0.040259 -0.054328 -0.108897 0.074242 -0.003101 -0.001594 0.054103 0.005876 -0.003841 0.151863 -0.038168 0.068765 -0.013051 0.051734 0.041662 0.124120 -0.036356 0.027882 -0.015535 -0.080294 0.056379 -0.001527 -0.047918 -0.016289 0.022622 -0.053336 0.064110 -0.161232 -0.006658 -0.093758 0.000000 -0.161053 0.068525 -0.166039 -0.096945 -0.102333 -0.012235 -0.076286 0.011687 0.042268 0.002071 -0.001793 -0.052312 -0.017808 0.054127 0.163716 -0.060042 0.030997 -0.047435 -0.000494 0.018008 -0.044517 -0.000279 -0.078694 0.055381 -0.007767 0.098625 0.101194 0.052775 -0.015418 -0.053369 0.094638 -0.164497 0.055419 -0.011190 
-0.005253 -0.000992 0.122537 0.000748 236.475021 0.149289 -0.041575 0.000405 0.099071 -0.000229 0.104423 -0.147696 0.025843 -0.073154 0.015957 -0.009734 -0.112443 0.056214 0.091137 0.123052 -0.000731 0.011828 0.078266 -0.123481 -0.012707 0.157519 0.028255 0.061531 -0.013895 -0.161028 0.001594 0.002794 0.014460 -0.001101 -0.001060 0.135129 -0.171037 0.003415 -0.028253 0.012134 -0.001728 0.000697 -0.038009 0.079319 -0.095460 -0.001288 0.090077 0.146767 0.000344 -0.021496 0.116111 -0.147142 0.024953 -0.171275 0.008385 0.001207 0.025628 0.128177 0.068880 -0.069511 0.053352 -0.027675 0.002962 0.157831 0.009356 0.011808 -0.010645 -0.085142 0.078719 -0.131845 -0.037961 0.139577 0.015407 0.024178 0.065168 0.003153 0.018402 -0.001251 0.015360 0.087116 0.000000 -0.059247 -0.025495 -0.045247 0.140358 0.098661 0.023760 -0.010296 0.011338 -0.025826 0.013020 0.089366 0.137534 -0.013377 -0.125312 0.119209 -0.074960 0.006245 0.059280 0.074019 -0.121443 -0.140233 0.012215 -0.022583 -0.001082 0.055478 0.088360 -0.071499 -0.001683 0.128513 -0.164349 0.019854 -0.004841 0.012912 -0.003011 -0.007949 -0.057016 0.000772 -0.153576 -0.046375 0.003381 -0.003213 -0.027516 -0.012515 0.000911 -0.028766 -0.005178 -0.013127 0.022246 0.018729 -0.009830 -0.007040 0.085523 -0.009083 0.067483 0.023850 0.072939 0.017155 -0.058173 -0.016047 -0.000284 0.036862 -0.069498 -0.075496 -0.007791 0.009718 0.072838 -0.078268 0.133993 0.005397 0.083800 -0.013557 0.003664 0.041277 -0.007129 0.129820 0.019953 0.101573 -0.110090 0.000000 0.130938 -0.076323 0.108813 0.022838 -0.109685 0.014794 0.000000 0.117394 0.000601 0.018539 -0.061682 -0.088919 0.013705 0.000787 -0.038173 -0.099185 -0.035110 0.000000 -0.007815 -0.045285 0.006627 0.112459 -0.011527 -0.005186 0.000000 -0.009241 0.120188 0.064059 0.144201 0.129009 -0.004559 -0.143833 -0.005589 -0.075517 0.000000 -0.021900 
0.044351 0.123641 0.053479 -0.093724 0.149289 101.569989 0.067403 0.058275 -0.016384 -0.075998 0.063929 -0.124077 0.050969 0.003110 0.049878 -0.009699 -0.037405 0.054166 -0.003207 0.139793 -0.002906 0.035934 0.089154 0.001034 -0.029527 -0.049271 0.011594 0.007530 0.004810 0.089802 0.005870 -0.058818 0.054893 0.005563 -0.134678 0.022548 -0.006519 0.125046 0.077939 0.030820 0.014525 0.032316 0.065883 -0.151900 -0.072020 0.003052 -0.007780 -0.071208 -0.000280 -0.172031 -0.011043 0.105020 -0.005228 -0.000781 0.021548 -0.023944 -0.003110 0.029557 -0.002867 -0.034027 -0.012634 -0.138959 -0.006613 0.026528 -0.000618 0.006922 0.060648 -0.064194 0.042297 0.001148 -0.094777 -0.044743 0.029905 -0.000138 -0.031567 -0.016024 -0.088885 0.006450 -0.153485 0.000727 0.007444 0.003152 0.097335 0.031700 -0.008116 0.000273 0.161292 -0.160509 -0.021635 0.001084 0.000000 0.159420 -0.068401 -0.002718 0.081026 0.002465 0.002622 0.049946 -0.061704 -0.050457 -0.033029 0.009543 0.114903 -0.027705 -0.149852 -0.005311 -0.082048 0.097612 0.004735 0.000000 0.069805 0.134029 -0.049311 -0.038019 0.095910 -0.123164 -0.004178 -0.171912 -0.115539 -0.018054 -0.001021 0.030568 0.170588 -0.135991 0.049419 0.000633 0.098679 0.074603 -0.078964 -0.063690 -0.035207 0.114995 0.007915 -0.047358 0.122856 -0.016259 -0.165197 -0.005337 0.128280 -0.000895 0.062564 0.060352 -0.049798 -0.025860 0.000183 0.025143 0.033579 -0.001480 -0.044873 0.001634 -0.020134 -0.070191 -0.000553 -0.085645 0.134920 -0.035594 0.067040 -0.039645 0.027351 -0.035872 0.115702 -0.005109 0.093297 -0.097725 -0.000357 0.000563 0.002534 0.017345 -0.061818 0.026203 0.041423 0.065698 0.000594 -0.130017 -0.012430 0.084313 0.002713 0.000179 0.064047 -0.000493 -0.016436 0.006457 -0.095616 0.000000 -0.009725 -0.060679 0.113850 0.001459 -0.002894 0.003647 -0.011818 -0.080929 0.000308 -0.133169 0.161772 -0.008953 
-0.013972 -0.022650 -0.080111 -0.089213 -0.041575 0.067403 0.465971 -0.043499 -0.064028 0.089425 -0.066530 -0.033267 -0.023490 -0.029885 -0.084073 0.031300 0.132940 -0.117840 0.077004 0.069338 0.043121 -0.026092 0.075829 0.038803 -0.032807 0.090748 -0.088346 -0.041230 0.047673 0.004618 -0.000311 -0.011164 0.048857 -0.074625 -0.059913 0.046191 -0.004872 0.036231 -0.099833 0.022813 -0.036236 0.059948 0.126063 0.058294 0.037843 0.037296 -0.038543 0.064985 0.027577 -0.023135 -0.043730 -0.088386 -0.044139 -0.040094 -0.017264 0.041957 0.155367 0.000000 0.002058 -0.082284 -0.092105 0.003653 0.027481 0.037817 -0.129470 0.017850 0.038402 0.100118 0.064592 0.021922 -0.006064 0.111806 0.042074 -0.146788 0.035181 -0.004014 0.151777 0.100558 0.000463 -0.015908 -0.095878 0.040394 -0.071429 -0.002577 0.076381 0.058306 -0.068838 0.062142 0.055541 -0.062251 0.042503 -0.006684 -0.070348 0.031337 0.003706 -0.125699 -0.065316 -0.048421 0.139632 0.079979 -0.050588 0.022170 -0.027777 0.066072 -0.007536 0.051809 0.009890 -0.077556 -0.089007 0.030891 0.051426 0.029332 0.066724 0.114161 0.151529 -0.088311 0.065277 0.013364 -0.170881 0.060607 -0.032013 0.012831 -0.000559 -0.067062 -0.051916 -0.034953 -0.074636 -0.106385 -0.151169 -0.103550 0.025359 -0.093702 0.000155 -0.040272 -0.076059 -0.045136 0.107298 -0.060518 0.144538 0.066711 -0.109444 0.056295 0.035425 0.036675 0.129262 -0.000261 -0.037398 0.054666 0.081347 -0.047267 0.150583 -0.050042 -0.017053 -0.040238 0.036861 -0.138694 -0.015875 0.050092 -0.134535 0.015980 0.110905 -0.095945 -0.019338 -0.124209 -0.076396 -0.039218 -0.029790 -0.014709 0.038295 0.125125 0.012602 0.058409 -0.118222 0.047117 -0.006214 0.077770 -0.139648 -0.035540 0.046613 0.054234 0.008768 0.060639 -0.055165 0.099161 -0.087277 -0.010141 0.001237 -0.101506 -0.141120 0.017799 0.001546 0.154284 -0.070279 0.004828 -0.002765 0.010848 
0.012535 -0.066586 0.135248 0.008278 0.000405 0.058275 -0.043499 0.280264 -0.085100 0.006309 -0.102636 0.032896 -0.042178 -0.017306 -0.131520 -0.062657 -0.023705 0.000645 -0.039261 -0.068322 -0.008170 -0.062036 -0.072147 0.129750 0.016593 0.053966 -0.000919 0.007784 0.022324 -0.086337 0.074480 -0.039563 0.037375 0.042581 -0.075111 -0.021187 -0.109923 -0.006332 0.121375 -0.028867 -0.148227 -0.018654 0.039681 -0.135770 0.027980 0.000000 -0.081795 0.007870 -0.010215 0.065677 -0.137765 0.059183 -0.049760 0.045294 -0.040312 -0.053198 0.084354 0.097579 0.047934 0.131330 -0.094930 0.052913 -0.024011 -0.053218 -0.047958 -0.060126 0.064643 0.124472 0.012419 0.114965 0.041762 0.029932 0.101928 -0.027355 -0.035518 0.012993 -0.089278 -0.078664 -0.144935 -0.147337 0.001647 0.081276 0.019722 -0.037581 -0.049823 -0.043941 -0.146339 0.041515 0.009130 -0.018293 -0.032957 0.022976 0.025035 -0.082975 -0.140307 -0.076652 -0.012563 -0.091573 -0.086330 0.061385 0.007816 -0.041952 -0.014864 0.111743 -0.012675 0.121094 0.042096 -0.143488 0.017677 0.011059 0.061219 0.093536 -0.008134 0.039479 0.007921 -0.023035 0.042489 0.107913 0.064471 -0.073816 -0.082815 0.064873 -0.071658 0.011231 0.115896 0.051616 0.126956 0.037179 0.092601 -0.024807 0.025342 0.044277 0.007067 -0.016460 0.016120 0.029560 0.035337 0.040850 0.021540 -0.056941 -0.000762 0.023520 0.000000 0.130763 0.051447 0.009111 -0.169120 -0.074138 -0.085242 -0.043968 -0.100766 0.000780 0.018854 0.120435 -0.037593 -0.019954 -0.033952 0.016939 -0.130207 -0.014007 0.093393 -0.044137 -0.160373 0.098760 0.143234 0.069754 0.021552 -0.082250 -0.064987 -0.013216 -0.006052 0.040338 -0.023888 0.086459 0.004061 0.075915 0.011186 -0.042268 0.010739 0.001838 0.054172 0.057303 -0.000273 -0.006266 0.059661 0.042257 -0.007292 0.144024 0.151264 -0.090425 -0.067247 0.060070 0.151878 0.152667 0.094220 -0.033694 
0.023635 -0.029414 -0.123801 -0.000547 0.099071 -0.016384 -0.064028 -0.085100 5319.199149 -0.007540 -0.137113 -0.106903 0.000442 -0.001372 -0.093310 0.004177 0.124725 0.001668 -0.000890 -0.053541 0.008627 0.070231 0.064300 0.121572 0.073960 -0.017932 -0.000123 0.005892 0.002010 0.015173 0.166428 0.131644 -0.041612 0.000873 -0.121285 0.048875 -0.042284 0.045485 -0.171794 -0.030629 -0.122096 0.000141 0.149825 0.017402 0.017990 0.036189 -0.000276 0.015358 0.115928 0.098123 0.017535 -0.007830 -0.006261 -0.017223 -0.009720 0.031024 -0.002199 -0.019424 0.015142 -0.078907 0.069267 0.000460 0.043407 -0.163432 -0.023993 0.005438 -0.106271 -0.123558 0.036879 0.055441 -0.152580 0.146349 0.103166 -0.072922 -0.046370 -0.035720 0.055332 -0.015061 0.069954 -0.031191 0.001701 0.001392 0.103449 -0.023926 -0.013243 -0.000622 -0.001484 0.020045 0.032008 -0.086003 -0.012925 -0.101992 -0.043116 0.000166 -0.023288 0.010727 0.024986 0.013917 0.117094 0.029343 0.072297 -0.133054 -0.113780 0.125592 0.004872 -0.015109 0.025131 0.001100 0.016311 0.000000 0.069538 -0.066795 0.001856 -0.132843 0.026534 0.031123 0.001568 0.000000 -0.063619 0.027067 -0.001206 0.001767 0.019806 -0.145914 0.039918 -0.041202 -0.084929 -0.032310 -0.119416 0.000000 0.021670 -0.036721 0.016556 -0.092287 0.050565 -0.017482 0.000110 0.006157 0.024944 0.001823 0.002532 -0.000721 0.021180 0.006469 -0.010274 0.035578 -0.004989 -0.000863 -0.027320 -0.023357 -0.007471 0.110247 -0.004574 0.144980 0.105197 -0.000639 0.008986 0.040205 0.024582 0.026867 0.006899 0.046625 0.119334 0.096472 0.161472 0.003693 0.000472 0.077135 -0.013886 -0.045703 0.026428 -0.007458 0.032699 -0.012738 0.000000 0.098343 0.040003 0.000000 -0.003964 -0.000672 -0.072747 0.000459 0.095562 0.002567 0.000000 0.001708 0.034347 0.117264 -0.044514 0.000000 0.068606 -0.016770 0.000000 -0.054863 -0.019761 -0.065328 
0.050626 0.000293 0.028069 -0.130090 -0.000229 -0.075998 0.089425 0.006309 -0.007540 104.232317 -0.042678 0.058459 0.129239 0.003226 0.026375 -0.045894 -0.008035 -0.100335 -0.047190 -0.026240 -0.002221 0.001161 0.000703 -0.001172 -0.064133 0.003364 -0.010797 -0.075964 0.007914 0.002377 -0.000130 -0.018131 -0.003675 -0.008927 0.021763 -0.018415 0.002477 -0.042190 0.047214 -0.004017 -0.107268 -0.020238 -0.065078 -0.077530 0.014375 -0.003270 0.001089 -0.011576 -0.135650 0.074399 -0.001930 0.000520 0.018972 -0.164903 -0.060166 0.116661 -0.002044 0.146234 -0.117529 0.086512 0.027193 0.000295 0.058038 -0.029672 -0.062829 -0.012664 -0.105843 -0.049318 -0.006970 -0.044055 -0.041238 -0.008906 0.005961 -0.048785 -0.014068 0.027895 -0.109284 -0.001220 0.036466 -0.033181 0.002444 0.071090 -0.016097 -0.036118 -0.128492 -0.001349 -0.020672 -0.027115 0.029234 0.000000 0.139853 -0.003902 0.076881 -0.002275 -0.014607 -0.013037 -0.001985 0.005766 0.015042 -0.018741 -0.067451 0.026672 0.012971 0.000000 0.133042 -0.040196 -0.169191 -0.066678 -0.004345 -0.017946 -0.006025 -0.001974 0.016125 0.073126 0.125550 0.143563 -0.009721 -0.001334 0.058904 -0.001866 -0.003211 0.050010 0.108840 -0.011984 -0.000187 0.052156 0.063661 -0.062221 0.017008 -0.023864 -0.050484 0.000735 -0.088695 -0.090345 0.070326 -0.107676 -0.005385 -0.150782 0.054979 -0.145454 0.014391 0.003948 0.116448 -0.002545 -0.037648 0.119522 0.006766 0.140230 0.004802 0.000993 -0.055088 -0.004631 -0.005940 -0.025327 0.082466 0.054311 0.013118 -0.116100 -0.005144 0.057641 -0.068551 0.147546 -0.048890 0.160997 -0.013454 0.010858 0.000964 -0.008275 0.010086 0.148615 -0.025291 -0.115154 0.097853 -0.004606 0.028743 0.089829 0.065456 0.000572 -0.037785 0.054730 -0.095467 -0.020173 0.000199 -0.002696 0.001799 -0.071078 -0.054167 0.089202 -0.132116 -0.087825 -0.005329 -0.059066 0.018160 0.001263 0.121723 0.002760 
-0.101075 0.121121 -0.049383 0.095808 0.104423 0.063929 -0.066530 -0.102636 -0.137113 -0.042678 8.772377 0.003116 -0.022161 -0.001069 -0.101184 0.002381 0.109759 -0.051612 0.019536 0.083271 -0.029155 -0.163586 -0.130237 -0.062122 0.083709 -0.038296 0.074556 -0.085780 -0.083913 0.157294 0.004681 -0.124504 0.106563 0.093223 0.040259 -0.110872 0.017816 -0.013285 -0.054561 -0.107797 0.144855 0.000229 0.082629 -0.066837 0.042117 -0.016356 -0.079094 0.067293 0.036414 -0.003865 0.056624 0.024921 0.123855 -0.007278 0.009221 0.044091 0.007451 0.060719 -0.169887 -0.019469 -0.140904 -0.118239 0.015266 -0.096045 0.014150 -0.017451 0.134682 -0.094634 0.078515 -0.034008 -0.007036 -0.044087 0.012778 -0.078874 -0.036267 0.119275 0.009468 0.156843 0.031398 -0.148425 0.006634 0.013411 -0.153422 -0.001119 -0.064105 0.062200 0.036616 0.025281 0.071790 0.056009 -0.012677 -0.119342 0.039251 -0.089443 0.053615 0.091202 0.026988 -0.081228 0.087847 -0.002533 0.139188 -0.051613 -0.065028 -0.090994 -0.070036 -0.062738 -0.027940 0.121131 0.000881 0.027267 0.065782 -0.070907 0.001553 -0.020084 0.006006 -0.117201 -0.045965 0.000932 -0.120632 0.064640 0.003949 0.131562 -0.005139 0.064551 0.005243 -0.044651 0.031346 -0.039636 -0.051639 -0.087940 -0.031890 -0.007098 -0.123101 -0.025229 0.094217 -0.023213 0.001319 -0.061478 -0.050479 -0.089202 0.083141 -0.033711 0.040061 -0.004519 -0.096341 -0.079726 -0.072305 0.106652 -0.013190 0.047069 -0.025196 0.074223 -0.003337 0.094734 -0.136741 -0.072215 0.005778 0.035443 0.027403 -0.059932 0.005086 -0.084730 -0.112016 0.128663 0.000000 -0.006399 0.017491 -0.039995 -0.009360 -0.066959 0.069435 -0.060392 0.005853 0.006548 -0.071529 -0.075418 0.019737 -0.007785 -0.081466 0.012882 -0.024135 0.013149 -0.101584 0.126200 0.012370 -0.135662 -0.071534 -0.099245 -0.052719 -0.014109 0.001239 0.082119 0.004998 0.068532 -0.061650 0.115894 
0.028325 -0.080397 -0.000422 -0.041762 -0.147696 -0.124077 -0.033267 0.032896 -0.106903 0.058459 0.003116 28.694211 0.004094 -0.065160 -0.096579 -0.108130 -0.050272 0.106765 -0.093451 -0.140962 0.000000 0.073440 0.117866 -0.091550 0.128678 0.000554 -0.014697 0.006578 0.094505 0.010045 -0.166830 -0.000459 0.009884 0.157376 -0.129209 -0.078104 0.059756 -0.161181 -0.016259 -0.052131 -0.008705 -0.004268 -0.001172 0.044198 -0.038828 0.153954 0.147839 -0.137433 0.000000 0.128332 -0.141394 -0.101167 0.031465 0.076829 -0.001510 0.080325 -0.001224 -0.055867 0.117483 -0.082485 0.041708 -0.001843 0.039925 -0.105301 0.000000 -0.113251 0.033449 0.072524 0.049660 -0.159492 -0.018558 -0.117493 0.004130 -0.130207 0.038536 0.000000 -0.078425 -0.001601 -0.010257 0.049770 0.150148 -0.075534 0.108906 0.031171 -0.165896 -0.086248 -0.046192 0.015291 0.062564 0.010171 0.011777 -0.042945 -0.039749 0.000536 -0.069141 -0.000973 -0.008833 0.113576 0.017140 0.031379 -0.018113 -0.000429 0.083100 0.022836 -0.002053 0.021883 -0.086134 -0.004444 -0.113146 0.028764 0.003059 -0.143816 -0.017631 -0.070685 -0.009469 -0.021475 0.089709 -0.004792 -0.073645 0.066906 -0.002078 0.068680 0.002010 -0.114979 0.047640 -0.069537 0.164497 -0.130995 0.059851 -0.003287 0.033166 -0.096365 0.023714 -0.052788 -0.085434 0.051018 -0.023151 0.077420 0.135759 0.000389 -0.037363 0.007394 -0.005333 -0.000245 0.024364 -0.011683 0.006578 0.147066 -0.036628 0.058278 -0.107573 -0.021750 0.053823 -0.097770 -0.003153 0.016671 0.001114 0.054234 -0.130868 0.009725 0.000000 -0.019198 0.130036 0.011454 0.030552 -0.064727 -0.096597 0.164032 0.127810 0.040086 0.114036 0.088412 -0.001904 0.015586 0.126629 -0.081650 -0.033031 0.055786 0.065651 0.002589 -0.129113 -0.003996 -0.139972 0.159661 0.167466 0.105739 -0.080736 0.011074 -0.158479 0.006546 -0.014781 -0.169911 -0.003169 -0.100326 -0.157301 -0.003717 
0.000357 -0.000164 0.069985 -0.126941 0.025843 0.050969 -0.023490 -0.042178 0.000442 0.129239 -0.022161 0.004094 2350.773185 -0.000357 0.022721 0.000000 -0.000519 0.007466 0.000696 0.155742 0.002857 -0.118523 0.106910 0.122329 0.047960 -0.044387 -0.008780 0.000982 0.001369 0.007571 -0.123829 -0.042456 -0.046196 0.028859 0.130014 -0.048368 0.078698 -0.000183 -0.001727 -0.053675 0.073541 0.016378 -0.024901 0.025593 0.068644 -0.080022 -0.043594 -0.100479 0.006652 0.094480 0.065036 0.103943 -0.015615 -0.097352 0.066333 0.000000 -0.006486 0.002957 0.148858 0.022840 0.042922 -0.116149 -0.031791 -0.010481 0.085608 -0.084092 0.059933 0.015427 0.007588 0.117185 0.035806 -0.052894 -0.055831 -0.106375 -0.015339 0.000467 0.127014 -0.000153 0.077037 0.059430 -0.001092 -0.001030 0.070597 0.022573 -0.042173 -0.006422 -0.025250 -0.000599 -0.000986 -0.017650 0.002363 -0.107820 -0.014361 -0.120362 -0.148220 -0.000698 0.005013 0.053449 -0.082249 -0.046155 -0.010670 -0.020543 -0.052319 0.111206 -0.001295 0.037245 -0.166963 -0.068367 -0.000290 0.098229 0.012784 -0.022374 0.000000 0.000144 -0.049980 0.061833 0.041282 0.064121 -0.122776 -0.023628 0.098045 0.061187 0.151254 -0.085132 0.008012 -0.074880 -0.006553 -0.006828 0.032539 0.049244 -0.028688 0.032027 -0.011184 0.088880 0.041131 0.003107 -0.147933 0.149941 -0.034176 0.008686 0.000416 -0.005413 -0.024135 0.111952 0.008477 0.165581 -0.088794 -0.079842 0.004022 0.111913 -0.112323 0.009808 0.022922 0.011245 -0.118328 -0.044892 -0.010140 -0.016799 0.005325 0.013985 0.000000 -0.017322 -0.071891 0.015392 0.000000 0.007928 0.000000 -0.026656 0.009813 0.069976 0.032249 0.078122 -0.127370 0.001526 0.088607 0.011922 -0.005273 -0.030626 0.026649 0.085881 0.000000 -0.016312 0.071416 -0.000997 -0.084874 0.006334 -0.136258 0.105596 0.000667 0.034334 0.001385 -0.007034 0.000319 0.000546 -0.156629 -0.013085 
-0.170065 0.008253 0.152189 -0.170074 -0.073154 0.003110 -0.029885 -0.017306 -0.001372 0.003226 -0.001069 -0.065160 -0.000357 759.053201 0.129408 -0.024820 0.051481 -0.089722 0.088910 -0.013816 0.091375 0.079927 0.071793 -0.124373 0.045949 -0.026873 0.076911 0.078870 -0.108183 0.000234 -0.054737 -0.012407 0.031038 0.012614 -0.010406 -0.008696 0.044913 0.048773 -0.012991 0.106572 0.009760 0.004905 -0.002374 -0.122638 -0.033757 -0.152386 0.155148 -0.160799 0.000356 0.030219 -0.084398 0.034138 0.000000 0.106619 0.133566 -0.022927 0.046760 0.003650 0.031272 0.002027 0.020884 0.000000 -0.124387 0.160207 0.154235 -0.021470 -0.022158 0.030963 -0.093154 0.010262 0.078891 0.090325 0.009419 0.068984 -0.050862 -0.168998 0.018506 -0.000276 0.101752 0.005106 0.003255 0.012789 -0.026777 0.002602 -0.003115 -0.126592 0.010795 0.018312 0.024083 0.038495 -0.098947 -0.001875 -0.104552 0.015820 -0.111783 0.042604 -0.009659 0.086820 0.126461 0.108561 0.054454 0.009031 -0.000432 0.059255 0.000779 0.037459 0.089076 0.071518 -0.000885 0.000000 0.103254 0.000603 -0.000465 0.000902 -0.105664 0.032109 0.007640 -0.107064 -0.025974 -0.056042 0.008867 0.097039 -0.004169 0.009700 0.001937 0.107462 -0.006412 0.032610 0.123621 -0.149274 0.050670 -0.091277 0.076104 -0.014503 -0.085234 -0.012187 0.002607 0.144097 0.106193 0.000199 0.000000 0.000000 0.145616 -0.091482 0.005785 -0.006165 0.004470 0.050395 -0.010925 0.004318 -0.006503 0.006714 -0.126274 0.016199 0.076767 -0.106703 -0.001071 -0.010465 0.009679 -0.105969 0.035332 0.111064 -0.062640 0.070700 -0.000328 0.017382 -0.080473 -0.119411 0.007276 -0.116845 -0.088772 0.050250 -0.006112 -0.011953 0.023911 0.084844 -0.000417 -0.005665 0.046272 -0.000544 -0.061966 -0.011103 0.006759 0.000000 0.003274 0.009102 -0.056992 0.000000 -0.009941 -0.087208 0.006296 -0.137626 0.000000 -0.000428 -0.009224 0.133030 
0.128662 -0.021485 -0.125093 -0.037430 0.015957 0.049878 -0.084073 -0.131520 -0.093310 0.026375 -0.101184 -0.096579 0.022721 0.129408 12.854298 -0.041885 0.048158 0.022877 0.030582 -0.074143 0.017804 0.107345 0.013326 0.141576 0.075628 -0.111454 0.105429 0.004663 -0.049810 0.023814 0.010421 0.115514 -0.054684 -0.112748 0.021708 -0.109994 -0.029990 0.018838 0.115770 -0.001641 0.001988 -0.113379 -0.041206 -0.025984 -0.055992 -0.051151 -0.104841 0.032842 0.024347 -0.057872 -0.005793 0.091129 0.063376 0.053327 0.151320 0.053188 0.113419 -0.014170 0.154472 -0.087852 0.071166 -0.086167 0.036964 -0.138018 0.023874 0.083195 0.006340 0.057267 0.005512 0.130646 -0.001961 0.038489 0.000183 0.025979 -0.050290 0.030024 -0.156975 -0.057127 -0.148376 -0.002911 -0.057785 -0.117561 -0.019296 -0.112181 -0.008949 0.068443 -0.014362 0.025204 0.000576 0.052356 -0.146245 -0.157983 0.001750 0.160656 0.027305 -0.007232 -0.065006 -0.139190 -0.161375 -0.014181 0.006192 -0.029396 -0.007926 -0.127644 -0.047394 -0.099672 -0.043666 0.049674 0.006323 0.103793 -0.120896 -0.138256 0.089919 -0.043162 0.009236 -0.093219 0.007160 -0.019200 -0.002091 0.039840 -0.000128 0.102682 0.045595 0.058513 -0.043475 0.088803 0.061065 0.104020 -0.047194 0.036340 0.017242 -0.042724 -0.132605 -0.031186 0.041509 0.050060 0.004922 -0.068129 -0.039539 0.081780 -0.124999 -0.002854 0.006742 0.011470 0.041863 0.100225 0.012376 0.028960 0.013870 -0.162359 -0.032652 0.007580 0.084673 0.043378 -0.005557 0.028177 -0.052912 0.010944 0.102621 -0.020458 0.066266 -0.069518 -0.070310 0.068715 -0.000323 0.166859 0.010705 0.019474 0.166319 0.031196 0.007467 -0.027285 -0.054195 -0.123811 0.099063 0.092179 0.104928 -0.083577 0.001700 -0.032654 -0.053838 -0.000967 0.160817 -0.039939 0.124689 -0.013834 0.030247 0.004332 -0.004776 0.118436 0.086744 0.150718 0.159759 -0.000586 0.008563 -0.165873 
0.112869 -0.019688 0.009564 -0.148249 -0.009734 -0.009699 0.031300 -0.062657 0.004177 -0.045894 0.002381 -0.108130 0.000000 -0.024820 -0.041885 77.859296 -0.002063 0.035840 0.003437 -0.016292 0.004952 -0.071087 -0.077123 0.005077 -0.003648 0.076199 -0.066880 0.001159 -0.117999 -0.020886 0.097266 0.075662 -0.054131 0.000000 -0.081920 -0.146225 -0.053438 -0.158417 0.021302 -0.111202 0.000169 0.000755 -0.001509 0.079093 0.070227 -0.028014 0.000608 0.138751 -0.010503 0.004287 -0.152100 0.127629 0.015934 -0.137416 -0.003764 0.002936 -0.002675 -0.003399 -0.021367 0.029115 0.000000 0.047338 -0.007910 -0.138281 -0.000157 0.042499 0.027932 0.056250 -0.001306 0.001377 0.036105 -0.017309 0.028431 0.007479 -0.013323 -0.006652 -0.024475 0.003677 -0.010409 -0.110700 0.000733 -0.000930 -0.159841 0.005575 0.045361 -0.017577 -0.007701 0.088424 0.022465 -0.007172 -0.095167 -0.038140 -0.036847 -0.016171 -0.050159 0.080800 0.021074 -0.050205 0.003842 0.030138 -0.004311 -0.059240 0.073952 0.083009 0.006950 -0.020352 0.035619 0.012016 -0.016698 -0.007405 -0.063262 -0.150416 -0.169899 0.006485 -0.053640 0.030957 -0.003936 -0.008676 -0.094253 -0.015338 -0.003746 -0.000769 0.001615 0.021502 0.130689 -0.089671 -0.001891 -0.081507 0.047230 -0.036483 0.044567 -0.066440 -0.056642 -0.031606 -0.097816 0.020337 0.073970 0.027587 0.042373 0.000999 0.062789 -0.002016 -0.100410 -0.073795 0.009897 -0.033412 -0.011830 0.034869 0.114161 0.000506 -0.015696 -0.155583 -0.007545 -0.121407 0.034058 0.062166 -0.108890 -0.055003 0.020759 0.000000 -0.003282 -0.001888 -0.064336 -0.107338 0.094056 0.000000 0.000696 0.000248 -0.002638 -0.055186 0.022593 0.050511 -0.036671 0.099012 -0.006390 -0.133036 -0.008134 0.161832 -0.031185 0.122613 -0.083157 0.027862 0.005757 -0.006667 0.103935 -0.001958 0.003143 0.054351 0.011994 0.002287 0.081800 -0.075011 0.002598 0.001172 0.001088 0.004189 
0.000000 0.015114 0.029216 0.039245 -0.112443 -0.037405 0.132940 -0.023705 0.124725 -0.008035 0.109759 -0.050272 -0.000519 0.051481 0.048158 -0.002063 405.290044 -0.171964 0.001026 -0.012551 -0.004822 -0.086333 -0.106118 0.077177 -0.108386 0.015782 0.063325 -0.001900 0.062932 -0.074194 0.021271 -0.004869 -0.160167 -0.016937 -0.024095 -0.109018 -0.001798 -0.082245 0.127476 -0.034583 -0.001997 -0.024803 -0.041471 -0.015862 0.049385 -0.114616 0.095782 -0.048942 0.014973 0.001285 0.163109 -0.073584 0.005545 -0.061667 0.002723 -0.010695 -0.017575 0.155203 0.124439 -0.025849 -0.084230 0.000000 0.142052 0.059613 -0.001964 -0.010567 0.108299 0.127407 0.061033 -0.008723 0.067974 -0.108590 0.035683 -0.000515 -0.006324 0.172069 0.120313 -0.000751 0.130490 0.005942 -0.079793 0.000399 0.010853 -0.003008 0.000000 -0.018481 -0.154807 0.021103 0.047775 0.000000 -0.004571 -0.003185 -0.137637 0.000000 0.025773 0.067031 0.172090 -0.143450 -0.079930 -0.059732 0.062532 -0.014039 0.004091 0.001675 0.002497 0.099059 -0.008819 0.003378 -0.001059 0.000167 -0.079956 -0.020691 -0.000824 0.008721 0.018647 0.009576 -0.077828 -0.093431 -0.003682 0.056721 0.017864 0.003171 0.129948 0.061157 0.000000 0.105856 -0.155848 0.030382 0.011591 0.008368 0.066136 -0.004512 0.000892 -0.027399 0.005883 0.077548 -0.073538 -0.001993 0.020847 0.004260 0.124225 0.161785 -0.085523 0.021516 0.008224 0.131597 0.037883 -0.000348 0.090873 -0.033247 0.012929 -0.077645 0.164370 -0.027597 0.153945 0.024923 0.000294 -0.061942 0.019612 0.022373 -0.105705 -0.011138 -0.013124 0.053952 -0.107714 -0.002159 -0.035160 -0.152162 -0.000110 -0.051287 0.004277 -0.040431 0.000164 -0.027271 -0.116080 0.059954 0.009841 -0.005609 0.171874 0.001109 0.000000 0.060073 0.003675 -0.001586 0.002100 -0.113134 -0.122028 -0.001553 -0.028117 0.000351 -0.163710 0.137491 0.002235 0.040666 -0.053224 -0.000297 
0.020795 -0.155225 0.095972 -0.086059 0.056214 0.054166 -0.117840 0.000645 0.001668 -0.100335 -0.051612 0.106765 0.007466 -0.089722 0.022877 0.035840 -0.171964 1077.528217 -0.025066 0.028388 -0.001007 -0.129690 0.097500 0.050255 -0.121086 -0.000833 0.015749 -0.022898 -0.013252 0.096426 -0.150735 0.001418 0.007195 -0.033113 -0.046495 0.111255 -0.002283 0.027484 -0.004387 -0.059071 0.080728 0.032745 0.120930 -0.008006 -0.070078 -0.033927 0.090674 0.151152 -0.063740 -0.001643 0.004833 -0.150032 -0.166478 -0.000749 0.008721 0.052796 0.009542 0.001595 0.093597 -0.009716 0.064132 -0.007565 0.041711 0.096559 0.102210 0.000000 -0.163127 0.022107 0.000000 -0.011451 0.057450 -0.094047 -0.033874 -0.004532 0.120159 -0.017454 0.032113 -0.027270 0.131989 0.077300 0.003299 0.076108 0.012119 0.007491 -0.099964 0.013724 0.156257 -0.121411 -0.150224 -0.110964 0.005635 -0.151005 0.004294 0.000000 -0.162746 -0.003799 0.003780 0.129536 0.057887 0.029253 0.158517 -0.024461 -0.008907 -0.020634 0.000000 0.096884 0.060780 0.016413 -0.001005 0.004527 0.007432 0.000368 -0.054511 -0.003655 0.003023 0.059060 0.003217 -0.004351 0.000349 0.000317 0.015177 -0.025231 -0.102966 0.019528 -0.018459 0.000000 0.073189 -0.164085 0.003431 -0.006793 -0.000948 0.029242 -0.049826 0.052865 0.159182 -0.035098 0.011089 0.125154 -0.011242 -0.000672 0.089356 0.001651 0.124820 0.148224 0.001177 -0.009030 0.144554 -0.000766 -0.005730 0.010886 -0.025692 -0.026464 0.043410 0.020235 -0.013431 -0.018563 -0.036440 0.039263 0.031587 0.022797 -0.059368 0.009769 0.017668 0.051845 0.001827 0.078098 -0.122531 -0.102833 -0.004336 -0.008814 0.015574 -0.002150 -0.081544 -0.044084 0.083001 0.050273 0.137044 0.002022 0.063366 -0.050119 -0.080603 -0.024377 -0.105194 0.000000 0.000313 0.009811 -0.149547 0.006228 0.001491 -0.128970 0.000350 -0.007376 -0.007840 -0.103199 0.011460 0.009394 
0.068378 0.130849 0.001499 -0.024549 0.091137 -0.003207 0.077004 -0.039261 -0.000890 -0.047190 0.019536 -0.093451 0.000696 0.088910 0.030582 0.003437 0.001026 -0.025066 63.935782 -0.044903 0.000149 0.167149 -0.079678 -0.077803 -0.129271 0.107367 -0.130248 -0.011141 -0.112295 0.010049 -0.132552 0.000935 -0.138674 0.101859 0.054267 0.018025 0.067848 0.002301 0.000804 -0.027366 -0.094808 0.057881 -0.056712 0.152072 -0.018470 -0.018510 -0.086109 0.036900 -0.013907 -0.047254 -0.122712 0.164193 -0.013064 -0.004343 0.041471 0.000000 0.137042 -0.060963 0.100251 0.045794 -0.101137 0.072062 -0.028152 -0.029963 0.043413 -0.155632 0.042373 0.031421 -0.011183 -0.081150 -0.075573 0.111087 -0.134218 0.000365 -0.088295 -0.006532 -0.087001 -0.144891 0.117048 -0.086932 -0.013681 0.007054 -0.034856 -0.080416 0.001073 -0.000359 0.059935 0.025852 -0.000831 -0.014279 -0.031663 0.049913 0.133063 -0.134822 -0.024407 0.017680 0.028743 0.014856 0.021362 -0.013108 0.000000 -0.007071 0.000680 -0.122137 -0.082451 -0.079781 0.008595 0.014760 0.111562 -0.171303 0.099309 0.051239 -0.004491 0.041372 0.017539 0.005365 -0.065360 0.005590 0.034065 -0.005191 0.134438 -0.111554 0.019806 -0.072583 0.000197 -0.115397 0.037841 0.059810 0.032668 0.011067 -0.049213 -0.021381 -0.026786 0.103239 -0.129366 0.030371 0.012376 0.004449 0.047504 0.038666 0.008762 -0.035022 -0.154495 -0.005314 -0.008417 0.019583 0.060019 0.000114 0.043190 0.008683 0.000486 0.052499 -0.062828 0.003443 -0.063745 0.003529 -0.012271 -0.040639 0.027294 0.055307 -0.005390 0.003642 0.000000 -0.017476 -0.045359 0.006050 0.001325 -0.000389 -0.035540 -0.034042 -0.032902 -0.123446 -0.146876 -0.040535 -0.119591 -0.139186 -0.097283 0.006742 -0.116013 0.005227 -0.007047 -0.053340 -0.128000 0.052872 0.070737 0.003959 -0.074001 -0.038161 -0.092669 -0.072648 -0.016582 0.120273 -0.004819 -0.012344 -0.042732 -0.012144 
-0.000226 -0.061294 0.018926 0.028357 0.123052 0.139793 0.069338 -0.068322 -0.053541 -0.026240 0.083271 -0.140962 0.155742 -0.013816 -0.074143 -0.016292 -0.012551 0.028388 -0.044903 0.184794 0.017072 -0.022930 0.168324 -0.028522 -0.055335 0.073722 -0.017247 -0.138315 -0.136999 -0.004221 0.003530 0.075103 0.067169 -0.113895 0.005038 0.069006 0.121633 0.091959 -0.002215 0.030393 0.031262 -0.129784 -0.078657 0.122409 -0.071021 0.060488 -0.074533 -0.015268 0.113022 -0.134498 0.086167 0.079950 -0.088501 0.036943 0.039471 0.000978 0.023373 -0.042760 0.049760 -0.054613 0.077080 0.002011 -0.100060 -0.010995 0.069167 0.007934 0.029736 -0.067704 -0.020403 0.000462 -0.005613 -0.114844 0.070539 -0.146007 0.027922 0.045581 -0.057298 0.036863 -0.009230 -0.057169 0.096629 -0.066108 -0.084970 -0.106724 0.016946 -0.047072 -0.001171 0.004593 -0.043140 -0.051635 -0.064814 0.007545 -0.122512 -0.022081 -0.013331 -0.100094 -0.084058 -0.053380 0.002164 -0.012026 -0.044686 0.051181 0.013868 0.076089 -0.083994 0.087906 0.011723 -0.069088 -0.116884 -0.015594 0.123205 0.053384 -0.076617 -0.095462 -0.008666 0.035421 -0.109964 0.015516 -0.000534 -0.034270 -0.117052 -0.040420 -0.032123 0.042660 0.000000 0.016964 -0.061977 -0.003385 -0.038708 0.007551 0.033267 -0.055910 0.045434 -0.002703 0.044143 -0.039122 0.011673 0.125940 0.006879 -0.005537 0.109151 -0.026498 0.152949 0.073187 -0.057028 -0.023650 0.117199 0.023170 0.002963 0.017259 0.025772 0.098213 0.079035 0.041547 -0.101551 0.000000 -0.053956 0.018379 -0.013040 -0.015560 0.094374 -0.008401 0.025407 -0.052880 0.035441 0.000231 -0.020179 0.032973 0.044434 -0.014733 0.043601 -0.018360 -0.028461 -0.066430 -0.004164 -0.026442 0.104693 -0.110761 0.012537 0.081307 0.026815 0.022170 -0.000873 0.014194 -0.017148 0.015537 0.040058 -0.054586 0.040111 -0.127220 0.038657 0.004047 0.094137 0.020185 0.131482 -0.060333 
-0.000353 0.001262 0.170655 0.055630 -0.000731 -0.002906 0.043121 -0.008170 0.008627 -0.002221 -0.029155 0.000000 0.002857 0.091375 0.017804 0.004952 -0.004822 -0.001007 0.000149 0.017072 152.185609 0.004938 0.116966 0.019329 0.003019 0.000905 0.049495 -0.079859 -0.014715 0.002176 0.092557 0.103871 0.021716 0.087383 -0.025072 0.074795 -0.101559 0.124279 0.026049 -0.042884 0.011854 -0.038816 -0.079528 0.009170 -0.147032 -0.026695 0.002864 0.156785 0.066862 -0.069230 -0.014802 0.008547 -0.034203 -0.116768 -0.008414 -0.013305 -0.004811 -0.001448 -0.001852 -0.036678 0.082853 0.129010 -0.064398 0.077210 -0.062693 -0.050262 -0.046534 0.140809 0.050959 0.055980 0.029722 -0.000575 -0.015982 -0.023735 -0.149536 0.163956 -0.004604 -0.060628 -0.171500 0.004688 -0.037698 0.007128 0.095669 0.000600 -0.004501 0.010849 -0.049004 -0.082857 0.001095 -0.002191 -0.001296 0.060924 -0.061484 0.055028 0.045047 0.000000 0.000943 0.144041 0.054529 -0.080469 -0.087612 0.068958 -0.029519 0.060870 0.019524 0.132971 -0.068106 -0.151180 -0.002867 0.093074 0.023366 -0.023121 -0.000974 0.119854 0.141437 0.120659 0.068392 0.000000 -0.158888 -0.077644 0.028194 -0.007254 0.049240 0.033279 -0.000728 0.044121 0.093010 -0.008013 -0.019273 0.016814 -0.146811 0.147756 0.142934 0.044342 -0.009339 0.066128 -0.011626 -0.046756 0.000712 0.136982 -0.134375 -0.012524 -0.128624 -0.002172 -0.002078 0.000000 0.014225 0.000000 -0.000402 0.049250 -0.002951 -0.114811 0.077408 -0.007388 -0.126955 0.028463 0.000336 -0.024166 -0.024132 -0.093970 -0.086919 -0.000221 -0.050944 0.023464 0.004750 -0.018226 -0.000436 -0.095158 0.012797 -0.035971 0.037244 0.011873 0.115746 0.043592 0.049807 -0.016697 0.019226 0.002150 0.019498 -0.071213 -0.002050 -0.000610 -0.010137 0.091032 -0.017854 0.162024 -0.079700 0.002613 -0.040927 -0.030116 0.000725 0.047915 -0.028073 -0.000715 0.098804 0.143854 
