33.973994 0.000000 0.034794 0.013859 0.027394 0.014978 -0.099491 -0.101840 0.013282 -0.027617 0.030379 0.006305 0.014323 0.033242 -0.002027 0.000000 0.035856 -0.066188 -0.099993 -0.034412 -0.000865 0.044210 -0.098673 0.002885 -0.026932 0.008569 -0.024607 -0.044973 -0.043480 -0.007563 0.014578 -0.092399 0.124006 -0.124222 0.115787 -0.008109 0.045528 -0.003677 -0.059410 0.010362 -0.121261 0.059375 -0.007771 0.095236 -0.063881 0.032803 0.014914 -0.037906 0.000345 -0.005973 0.063042 0.010521 0.034851 -0.029980 0.058186 -0.047381 0.068118 -0.002417 -0.098600 -0.024827 0.060827 0.056236 -0.034358 0.004941 -0.025386 0.020392 0.028313 0.070357 -0.061048 -0.002679 0.078990 -0.005649 -0.001285 0.108113 -0.004261 0.032735 0.051009 0.028912 -0.057141 0.058962 -0.048164 0.018996 -0.117341 -0.004492 0.038072 -0.121645 0.054661 -0.008041 0.019172 0.000126 0.000000 -0.051639 -0.010267 -0.108720 -0.114354 0.118688 -0.065711 0.004632 -0.099355 -0.013131 0.000220 -0.009588 -0.043317 -0.104709 0.010658 -0.039047 -0.040805 0.016394 -0.004392 -0.019417 0.042836 0.018122 -0.010028 -0.000339 -0.058003 -0.078728 -0.032900 0.037872 -0.113685 -0.011442 -0.015662 0.006569 0.009779 -0.035939 -0.007490 -0.021971 0.019356 -0.044673 -0.024905 -0.017619 -0.053792 0.000771 -0.056118 -0.001722 0.036258 0.083891 -0.001492 0.000000 -0.104817 -0.041935 0.055130 0.062046 0.100501 -0.022135 0.045824 -0.113643 0.081064 -0.002616 0.027936 -0.077443 -0.075324 -0.119183 0.043390 0.041255 -0.002298 0.059227 -0.001784 -0.069517 0.102038 0.061711 -0.005301 -0.005076 0.009183 -0.043848 0.001764 -0.074574 0.108054 -0.063390 0.016876 -0.035682 0.006505 0.042400 -0.002551 -0.021633 -0.021132 0.039666 0.003639 0.006402 0.032520 -0.002803 0.039221 -0.000458 -0.007310 0.082528 0.018114 0.029723 0.070687 0.054778 -0.025669 -0.019725 0.122635 0.073137 -0.038962 -0.001706 0.000471 0.002865 
0.000000 4213.345860 -0.063462 -0.078200 0.002030 0.004615 0.039202 0.003718 -0.000320 0.000358 -0.063213 0.009643 -0.009186 -0.000455 -0.028913 0.007557 0.000000 -0.066276 -0.007636 -0.038566 -0.005313 0.114728 0.009594 -0.051724 -0.010331 -0.053532 -0.088634 0.055525 -0.023973 0.000000 -0.036578 0.000482 -0.005202 0.005193 0.017871 0.069817 -0.096130 -0.013197 0.063140 -0.050082 -0.001326 0.103815 0.029862 0.028190 0.000000 -0.054273 -0.063050 0.048145 -0.020522 -0.017642 -0.016909 -0.009023 0.010847 0.010667 0.003172 -0.008564 0.025526 0.000000 -0.013077 -0.077859 0.002425 0.107051 -0.086502 -0.060138 0.000242 -0.026917 0.047345 -0.012410 -0.087050 0.000457 0.000000 -0.047323 0.027027 0.093695 -0.030641 0.000000 0.042358 -0.039229 -0.097429 -0.020724 0.094226 0.007275 -0.033343 -0.019439 -0.062675 -0.002899 0.019389 0.000934 -0.051971 -0.092667 -0.123614 -0.063795 0.019453 -0.003421 0.117750 0.113020 0.003171 0.000000 0.035779 0.005174 0.002418 0.020686 0.006473 0.002972 0.000000 0.011848 -0.098235 -0.088377 -0.042357 -0.030695 -0.000201 -0.043487 -0.000742 0.019814 -0.037502 0.004769 -0.020884 0.000000 0.014083 -0.035577 0.015569 -0.000748 0.013934 0.077098 -0.007401 0.008097 -0.121809 -0.003523 0.104388 0.095002 -0.003953 -0.003551 -0.039379 0.010548 0.030080 -0.024048 0.000772 -0.010926 -0.018819 0.000000 -0.124349 0.043016 0.060366 0.003203 0.032588 -0.000870 0.026311 0.007271 -0.002715 0.115085 0.001266 0.108167 0.085527 0.038035 0.020319 -0.006540 0.000270 -0.010470 -0.113816 -0.050876 0.002009 -0.000581 0.000000 0.004211 0.000000 0.000000 0.015722 -0.016706 0.000000 -0.125204 0.015590 0.040870 0.115853 -0.036213 0.061623 0.001645 0.000439 0.023447 -0.034229 -0.044018 -0.000149 -0.006372 0.007093 0.081484 -0.023006 -0.000597 -0.007713 -0.005046 0.043082 0.006384 -0.000227 0.025240 -0.001194 -0.021414 -0.017638 -0.017308 
0.034794 -0.063462 0.170758 -0.045915 -0.029761 0.060561 0.049980 0.057797 -0.013913 -0.114665 -0.008797 -0.048289 0.000608 -0.026892 0.046336 0.012600 0.083716 0.110571 -0.008256 0.060110 -0.004696 -0.044857 -0.002338 -0.022950 0.029568 -0.001751 0.055500 0.021464 0.023855 -0.043876 0.003032 0.021646 -0.022277 -0.055666 -0.013036 -0.005936 0.057648 -0.066518 0.011092 -0.001256 0.008811 -0.120377 0.038240 0.000299 0.053258 -0.025522 0.061456 0.046881 0.014580 -0.019353 -0.004959 -0.040078 -0.001120 0.001372 0.032743 -0.010915 0.000000 -0.086696 -0.099159 0.031014 -0.009572 0.012437 0.019973 0.014274 0.026769 0.123674 -0.060103 0.014939 -0.049662 -0.029393 -0.053889 -0.038510 -0.069220 0.028759 -0.049395 0.019436 -0.075740 0.000870 0.012554 0.037142 -0.052796 0.068634 0.031051 -0.011155 -0.041733 0.074167 0.035876 0.086059 0.007990 -0.061415 -0.059112 0.085245 -0.116111 -0.116471 -0.012526 0.063250 -0.000630 0.019730 0.040458 -0.077312 0.042849 -0.026189 0.036342 0.004971 0.057409 -0.086647 0.038487 0.012425 -0.007906 0.017529 -0.037418 0.011685 -0.013753 0.046395 -0.021722 0.015393 0.000144 -0.004923 -0.020650 0.005200 -0.060372 -0.010355 -0.032238 -0.077687 0.008798 -0.087815 0.017003 -0.020220 -0.019975 0.108249 0.000572 -0.069213 -0.043202 0.018489 0.037358 -0.050407 0.098886 0.062750 -0.001451 0.015409 0.043703 -0.096240 -0.012711 -0.024459 -0.009275 0.003219 -0.024123 -0.054927 -0.027175 -0.010039 0.052593 -0.103269 -0.123168 -0.082752 -0.018158 0.034851 0.031115 -0.106748 0.015483 0.053866 -0.103889 -0.005812 -0.050754 -0.002856 -0.077503 -0.119227 0.038939 0.069145 -0.072255 0.023876 -0.003259 -0.014814 0.012848 -0.006295 -0.005990 -0.077596 -0.041440 -0.036060 0.019247 0.059405 -0.058376 0.044410 0.032868 -0.114993 0.094608 0.005977 0.087843 0.032796 0.008533 -0.032853 -0.083482 -0.014667 -0.004722 -0.057258 -0.051156 -0.060800 
0.013859 -0.078200 -0.045915 0.244498 -0.024872 -0.004890 -0.044391 0.057336 -0.048982 0.023093 0.116824 -0.058914 0.000921 -0.018370 -0.088061 0.014814 -0.080266 -0.067227 0.087965 -0.105226 0.057537 0.040448 0.016390 0.040610 -0.053172 0.049100 0.028541 0.002420 -0.012298 0.000938 0.015406 0.077654 0.009470 -0.016979 -0.060478 0.019322 -0.035945 -0.016492 0.033331 -0.013802 0.018678 0.088878 -0.004421 0.013141 0.000000 -0.020145 -0.078713 0.022989 -0.039472 0.014182 0.026516 -0.026974 -0.040366 -0.115106 0.004607 -0.013982 -0.091781 0.036170 0.027510 0.032570 -0.012757 0.093804 0.050711 0.008988 -0.003496 0.018249 -0.006455 -0.066444 -0.096349 0.056846 0.089032 -0.009513 0.022920 0.048622 0.079332 -0.000553 0.023836 0.000271 -0.029452 0.077879 0.043063 0.079877 0.042241 -0.016585 0.100835 -0.045499 0.046324 -0.022677 -0.042842 -0.051228 -0.078455 -0.029630 -0.042927 0.037136 -0.031226 -0.021624 -0.060946 0.007931 -0.053071 0.017199 0.076288 -0.071580 -0.060296 0.022979 0.015809 -0.051307 0.017440 0.018694 0.031160 0.022563 -0.024975 -0.076503 -0.037049 -0.007214 0.060280 0.089042 -0.050909 -0.013614 0.045691 -0.002641 0.026311 0.007733 -0.073220 0.069931 -0.000919 0.033345 0.034753 -0.017705 0.034175 -0.071386 -0.006710 -0.038995 -0.058925 -0.047727 -0.043176 0.010772 -0.043419 -0.033483 0.089642 0.021610 0.056683 -0.089968 0.028059 -0.004474 0.011353 -0.052304 -0.001488 -0.008382 0.048893 -0.042769 -0.033563 -0.023021 -0.037643 -0.066088 0.004691 -0.024290 0.015732 -0.022434 -0.029399 -0.042734 0.024338 -0.051651 0.038108 0.023010 0.063345 -0.020902 -0.041230 -0.107829 -0.046064 0.000000 0.010677 0.024363 0.082830 0.089362 0.051165 -0.029355 0.075336 -0.069166 0.020798 -0.032238 -0.064427 -0.067090 0.014035 -0.030411 0.076798 0.007751 -0.029596 -0.041724 -0.074619 -0.009025 0.047185 0.067969 -0.034767 0.013900 -0.016406 0.009318 
0.027394 0.002030 -0.029761 -0.024872 183.221367 0.000000 0.105240 -0.061334 0.040116 -0.003697 0.110011 0.006034 0.000691 0.008775 0.082931 -0.095399 0.058717 -0.001620 0.008777 -0.002725 -0.003459 0.080560 0.073791 0.057122 -0.069086 -0.052170 -0.047090 -0.005593 -0.069070 -0.023505 0.037349 -0.032936 -0.037808 -0.003510 -0.027836 0.068079 -0.035419 0.033773 0.052608 0.079743 -0.032880 -0.001272 -0.040075 -0.008107 0.078368 -0.007005 -0.011222 -0.110629 -0.026809 -0.015104 -0.007186 -0.093843 -0.000571 -0.074466 -0.013545 -0.041870 -0.003733 0.018907 -0.070139 0.062678 0.064829 -0.005548 -0.033680 -0.052877 0.004766 -0.000629 0.003552 -0.019440 0.069433 -0.001467 -0.016384 -0.008615 -0.022727 0.042643 0.046820 -0.122440 -0.040099 0.060928 -0.030573 -0.120755 -0.068321 0.023734 0.048646 0.019089 -0.015211 0.010845 0.051726 0.001948 0.000000 -0.000696 -0.050113 0.124196 -0.001377 -0.001544 -0.024252 0.086875 0.000193 -0.021827 0.111243 0.102010 -0.041937 0.005092 -0.004362 -0.026785 0.068181 -0.040333 0.033045 0.002657 0.001811 -0.001498 0.059550 0.060313 0.003117 0.000000 0.102679 -0.001123 0.006238 0.053309 -0.096314 -0.029521 -0.045228 -0.004895 -0.102368 0.006518 0.004297 0.017298 -0.083852 0.000000 -0.085680 0.011741 0.001600 -0.027743 0.009997 -0.020786 -0.014167 0.026704 -0.004187 -0.002739 0.013909 0.044471 -0.029168 -0.071626 -0.022667 -0.018741 -0.058461 -0.014859 0.034982 0.075339 -0.002737 -0.004804 -0.041728 -0.019714 0.000000 0.019019 -0.026020 -0.044277 0.073284 -0.097628 0.002524 0.072212 0.021279 0.087934 -0.002672 0.005075 0.013107 0.000000 0.004544 -0.001188 0.000000 -0.083434 -0.024797 0.013313 -0.014187 -0.047264 0.009578 0.017733 0.024055 -0.086215 -0.071175 -0.000540 0.005544 0.003565 -0.080623 0.000436 -0.055209 -0.000434 0.019284 0.095223 0.000639 -0.096441 -0.000915 -0.109045 -0.019354 0.002254 0.000000 0.034240 
0.014978 0.004615 0.060561 -0.004890 0.000000 46.251204 -0.002278 0.045770 -0.001122 0.000215 0.065794 -0.012086 -0.003109 -0.004459 0.002845 0.008297 -0.002579 -0.070512 -0.019635 0.092222 0.002358 0.006871 0.062807 -0.017730 -0.088259 -0.006160 0.045478 0.023437 -0.060579 -0.032856 0.028323 -0.067789 -0.008093 0.056516 -0.052240 -0.004545 0.017632 -0.006191 0.084492 0.028191 0.006117 0.027102 -0.030225 -0.034655 -0.006320 -0.010520 0.015009 0.005179 -0.012985 -0.000903 -0.091873 -0.035746 0.051910 0.038484 -0.024354 0.010743 0.002550 0.001318 0.038184 0.112641 0.003146 0.000000 -0.004649 0.088268 -0.002186 -0.014959 -0.012085 -0.005069 -0.009222 -0.106027 -0.001049 0.103212 0.015624 -0.125389 -0.038291 0.008361 0.005085 0.021920 -0.017466 -0.052313 -0.018765 0.098258 0.036623 -0.004127 -0.003866 0.003080 -0.017551 0.085479 -0.003877 0.004961 -0.085253 -0.019391 -0.002114 -0.013566 0.080437 0.011976 0.002861 0.000000 0.030471 -0.000527 -0.046193 -0.044561 0.000494 -0.094598 -0.046514 -0.057822 -0.090397 0.058249 -0.052227 0.005336 -0.003585 -0.031807 0.000454 -0.004867 0.032022 -0.091300 -0.026388 0.120138 -0.014680 0.051588 -0.001013 0.000899 -0.114647 -0.084021 -0.088273 0.024577 -0.078898 0.012050 0.023089 -0.005976 -0.012348 -0.003520 0.001335 -0.022910 -0.007414 -0.094618 0.002031 -0.004886 -0.004491 0.030585 -0.009573 0.001084 0.005928 0.049085 -0.005242 0.002389 0.031540 0.052179 -0.000345 0.001444 -0.000232 -0.075918 0.073766 0.000842 0.001596 -0.057492 -0.055422 -0.088625 -0.022866 0.047197 0.050853 -0.073295 0.035441 0.008914 -0.000185 -0.038102 -0.003427 0.095306 0.035341 -0.003984 -0.002185 -0.020991 0.069485 -0.012929 0.059510 -0.027020 0.003447 0.003519 -0.016506 0.004169 -0.001906 -0.009111 -0.049968 -0.016915 -0.017685 -0.033870 -0.017718 0.048029 0.000000 0.061404 0.010067 -0.026104 0.026205 -0.025988 -0.003939 0.000000 
-0.099491 0.039202 0.049980 -0.044391 0.105240 -0.002278 0.244222 0.038556 -0.063155 -0.021181 0.117048 0.032500 -0.086902 -0.003376 0.032140 0.012791 0.055587 0.002888 0.082048 0.043773 -0.000985 -0.042623 -0.072999 -0.062204 0.058827 0.013753 0.030893 0.002719 0.093678 0.006621 0.014076 -0.075997 -0.048785 -0.071445 0.061117 0.009052 0.016542 0.018827 -0.019333 -0.020140 0.091594 0.024958 0.048613 -0.022219 -0.009769 0.027898 -0.057711 -0.011672 0.001874 -0.049208 -0.078587 -0.014770 0.058820 -0.000764 0.051287 -0.018139 -0.057223 -0.009867 -0.094987 0.029299 0.010346 0.000000 0.035641 0.021812 0.018004 -0.085041 -0.019260 -0.037161 0.000247 0.025652 0.004586 0.019997 -0.016013 -0.056814 -0.036443 0.022015 0.075926 -0.020238 -0.045461 -0.000647 -0.004017 0.039998 -0.057069 0.028223 0.034632 0.014682 -0.013415 0.022282 0.004842 -0.011683 0.109362 0.006237 -0.063586 0.051099 -0.001375 -0.031893 0.002750 -0.084325 -0.023680 0.023687 -0.023122 0.045090 -0.000104 -0.005841 0.076628 -0.024829 0.028951 -0.035590 0.018492 0.032503 0.066989 0.122266 0.003272 -0.049872 0.049096 0.120861 -0.063288 -0.014538 0.069315 0.067652 0.046265 0.015955 0.075503 -0.070349 0.015606 0.030244 -0.010036 -0.031778 -0.059880 -0.121991 0.086219 0.042224 0.037621 0.000000 0.069804 -0.042525 -0.109068 0.095150 0.000723 -0.023623 0.020813 -0.001460 0.015429 -0.070879 -0.061565 0.017462 -0.063662 0.033565 0.000000 0.047752 0.029329 0.109749 -0.009051 0.004537 -0.015074 0.073653 0.039510 0.032524 -0.002466 -0.010705 0.007757 -0.000744 -0.022132 0.009702 0.111172 0.089136 0.025207 -0.044049 0.020182 0.016507 0.006060 -0.009147 -0.072091 -0.072832 -0.005147 -0.008402 -0.028797 -0.000310 -0.001590 -0.010048 0.016357 0.020464 -0.005882 0.035776 -0.103303 0.000336 0.038761 -0.118271 0.008749 0.045371 0.004516 -0.000122 0.056457 -0.085565 0.009167 0.038554 
-0.101840 0.003718 0.057797 0.057336 -0.061334 0.045770 0.038556 4.132845 -0.001499 0.101722 -0.041733 0.007888 -0.010989 -0.001990 -0.022961 0.013933 0.074176 -0.026425 -0.021472 0.085412 -0.030120 0.056762 0.002281 -0.028458 -0.105874 0.103178 -0.076635 -0.004422 -0.079282 0.040540 -0.023713 -0.001848 -0.023362 -0.082132 -0.019055 -0.075433 0.063825 -0.007700 -0.003920 0.027501 -0.100146 0.011919 -0.005992 0.072036 -0.022831 0.103742 -0.115276 -0.043812 -0.077686 0.048813 -0.017567 -0.079165 -0.101304 0.009358 -0.117528 -0.059862 0.011880 -0.044722 0.061717 0.000977 0.069751 -0.010239 0.068140 0.098057 0.001241 -0.108592 0.029772 0.001092 0.003730 0.093004 0.000452 -0.022491 -0.007687 0.067828 0.035799 0.072776 0.004919 0.010981 -0.103562 -0.032159 0.090905 -0.076221 -0.053272 -0.070099 0.000000 -0.115170 -0.010379 0.004200 0.042254 -0.005497 -0.072662 0.050025 -0.003002 0.013663 -0.106033 0.121442 0.052161 0.114815 -0.026951 -0.075593 0.084516 -0.032032 -0.059468 -0.001615 0.087394 0.033118 -0.086624 0.073457 0.000907 0.052258 -0.016502 0.063554 -0.044746 0.087655 0.003399 0.121532 0.053701 0.118898 0.044789 -0.109525 0.088645 0.021277 0.066015 0.089138 0.089878 0.000000 -0.025389 0.069991 0.035620 0.078513 0.051960 0.038052 0.029202 -0.046379 -0.028573 -0.040421 0.048868 -0.024870 0.000000 -0.085597 -0.019280 0.066587 0.000483 -0.081407 -0.065968 0.018267 0.083713 -0.028269 0.105705 -0.077888 0.018521 -0.001798 -0.096125 0.010922 0.066033 -0.010347 0.000894 0.042341 0.042674 0.053828 0.011719 0.014163 0.052188 -0.067993 0.024739 -0.074109 -0.068702 -0.030956 -0.002368 -0.004204 0.020658 -0.002086 0.044759 0.000772 0.031330 0.073573 0.010526 0.073936 -0.026397 0.019548 -0.052396 0.005942 -0.046154 0.009138 -0.012969 0.000813 0.093491 -0.082820 -0.049680 -0.087310 0.086256 0.006142 0.057963 0.123369 0.059706 0.090349 
0.013282 -0.000320 -0.013913 -0.048982 0.040116 -0.001122 -0.063155 -0.001499 14930.798702 0.001803 -0.024938 -0.031465 0.001399 -0.026585 0.024651 0.000000 -0.079334 0.000667 0.025094 -0.019577 0.043640 -0.114619 0.001227 0.048394 0.019425 0.002970 0.003210 0.010528 0.021923 0.000000 -0.020510 0.000619 0.014633 0.009004 -0.021643 -0.096996 0.006702 -0.027923 0.087918 0.042492 -0.001680 -0.013262 -0.013660 0.009467 -0.007615 0.001132 0.002234 -0.006866 0.018022 0.000000 -0.086684 -0.105235 -0.009763 -0.014135 0.058993 0.068082 -0.040161 0.000000 -0.017945 0.050710 0.000283 0.052846 -0.025256 0.026022 -0.003204 0.031697 0.005307 -0.103975 0.065888 0.003626 -0.070082 0.005908 0.000000 -0.026464 -0.090697 -0.024593 0.059634 -0.003783 -0.020591 0.063795 -0.002459 -0.028087 0.004330 0.004641 0.000302 -0.044368 -0.109586 -0.013267 0.061161 0.001201 -0.000325 -0.002781 0.009515 0.002111 -0.105849 -0.021115 -0.025741 0.000201 -0.115287 0.081421 -0.001011 0.004980 -0.111121 0.019867 -0.032459 0.002216 -0.034465 0.103514 -0.000204 0.000000 -0.110438 0.092392 0.001128 0.057862 -0.069949 -0.025159 -0.109984 -0.034255 0.048544 0.040798 0.044561 0.091885 -0.098620 -0.058933 -0.014698 -0.008614 0.020690 -0.017642 -0.082354 0.000000 -0.065284 -0.041625 -0.013436 0.102159 -0.014580 0.095980 -0.000297 0.002864 0.059830 0.001477 0.005619 -0.017417 0.000255 0.012655 -0.006961 0.032906 -0.101379 0.008498 0.057795 -0.011775 -0.015559 -0.001007 -0.002380 0.091453 -0.062874 -0.063958 -0.002828 -0.093609 0.033712 -0.017545 -0.009313 0.002961 -0.080852 0.014265 -0.010701 -0.005350 0.040621 0.045354 0.002285 -0.080459 0.001010 0.004592 -0.021187 0.010628 0.014951 0.001463 0.001652 0.004247 0.008544 0.080174 -0.005626 0.000169 0.012696 -0.101810 -0.018538 -0.007501 -0.014143 0.003776 -0.010318 -0.011654 -0.015303 0.036780 0.000000 0.000000 0.000000 -0.072025 
-0.027617 0.000358 -0.114665 0.023093 -0.003697 0.000215 -0.021181 0.101722 0.001803 608.814158 -0.018893 0.001267 0.002574 0.018975 -0.004404 0.000000 0.055519 0.034922 -0.016224 0.054191 -0.043050 -0.026435 0.000000 0.007522 -0.013082 0.001746 0.011358 0.004083 -0.010031 0.002115 -0.015154 0.040794 -0.000763 -0.004356 0.002357 -0.029506 -0.010983 0.004965 -0.043511 0.085117 -0.000187 -0.024723 -0.004156 0.002159 0.002371 -0.006248 -0.000681 -0.117465 0.001218 0.003860 0.050926 -0.060236 -0.000800 0.000000 0.005744 0.015011 0.018828 0.022184 -0.111263 0.083502 -0.123621 -0.000325 0.000000 -0.000180 -0.008898 0.051587 0.028179 -0.039839 0.013876 -0.002169 0.041696 0.068286 -0.010438 -0.003410 0.031952 0.035422 0.016049 0.002851 -0.020632 -0.002139 -0.045067 0.010940 0.073037 -0.002244 0.028486 0.021764 -0.004863 -0.005532 -0.113116 -0.000275 0.000287 0.001891 -0.000960 0.001529 -0.072991 -0.065636 0.006579 -0.022010 0.086203 0.007064 0.018041 0.018262 -0.081413 -0.005959 0.079578 0.000847 -0.090937 -0.007853 0.039554 -0.000535 -0.004770 0.049632 0.035395 -0.007945 -0.002116 -0.030101 0.007470 0.000465 0.028203 0.046856 0.002380 0.001034 0.010856 -0.000358 -0.001455 0.000000 0.051041 0.005092 -0.125515 -0.031021 -0.036276 0.027179 -0.103819 0.002322 0.033510 0.072688 0.000000 0.091540 0.002550 -0.001088 -0.043644 0.001782 0.029169 0.017399 -0.001341 0.028775 0.012227 0.052326 0.014275 0.033250 -0.032594 0.000000 -0.055012 -0.029059 0.058748 0.070144 -0.003619 0.014121 -0.119853 -0.053709 0.026742 0.000000 -0.036437 0.085471 -0.011101 0.000000 -0.001206 -0.000682 0.000000 0.052111 0.001537 -0.004937 -0.007301 0.118451 0.001591 -0.070605 0.000000 -0.017595 -0.015522 -0.000289 0.005699 0.055385 -0.009368 -0.000256 -0.001341 0.001280 0.024445 0.000242 -0.008650 -0.050522 -0.031215 0.074560 0.038253 0.000454 0.000000 -0.003206 
0.030379 -0.063213 -0.008797 0.116824 0.110011 0.065794 0.117048 -0.041733 -0.024938 -0.018893 0.977151 -0.064156 -0.073834 0.004336 -0.033124 0.039846 0.109450 -0.092800 -0.005932 -0.034597 0.011597 0.063059 0.012137 -0.123895 -0.064466 -0.081315 -0.012458 -0.070503 0.042098 -0.020272 0.035116 -0.000785 0.010019 0.026717 0.019520 -0.030696 0.043266 0.018212 -0.031692 -0.035787 -0.012485 -0.000895 0.019467 0.073292 0.051968 -0.062210 -0.006779 -0.015553 0.020319 0.069250 -0.085475 0.098881 -0.065690 0.099666 -0.040279 -0.037497 0.053706 -0.004807 -0.023624 0.019902 0.105282 -0.025507 -0.000379 -0.026827 0.042341 0.000000 0.006151 -0.023769 0.065968 0.087917 -0.084843 0.067389 -0.073669 -0.027932 0.024247 0.084598 0.024116 0.048952 0.032408 -0.010258 -0.046857 -0.019639 0.070369 0.084327 -0.051463 -0.036934 -0.049750 -0.091364 -0.030068 -0.029944 0.041275 -0.062559 0.069970 -0.031306 0.029011 -0.033000 -0.024761 0.000000 0.017483 -0.039155 0.011530 -0.072161 0.087716 0.013589 0.022513 0.043583 0.000000 -0.078197 0.040247 0.064151 0.055797 -0.028077 -0.002688 0.042034 0.029282 0.023112 0.001773 0.067845 0.066246 0.057864 -0.063871 0.059826 -0.002931 -0.007831 0.060867 -0.063221 0.034160 -0.029433 -0.001077 0.063314 -0.096651 -0.023548 -0.100291 0.006634 0.016938 -0.013174 0.008685 -0.065678 -0.079428 0.020023 -0.014324 0.107674 0.014994 -0.079173 0.036478 0.075505 -0.112439 0.021830 0.008799 0.044637 0.004289 0.035730 0.077904 -0.019753 -0.021989 0.000959 -0.045080 -0.095984 -0.087127 -0.085645 -0.074183 -0.015839 -0.030895 -0.062458 -0.022960 -0.055885 0.058665 0.050161 0.026000 -0.002126 0.015475 0.049581 -0.041528 0.036476 -0.021041 0.043921 -0.035604 -0.001586 0.112388 -0.007788 -0.059458 -0.111779 -0.052296 -0.030560 0.108564 0.004597 -0.055786 0.000693 0.098405 0.044594 -0.058402 0.124075 -0.038837 -0.024446 0.045782 -0.033117 
0.006305 0.009643 -0.048289 -0.058914 0.006034 -0.012086 0.032500 0.007888 -0.031465 0.001267 -0.064156 78.981036 -0.000205 -0.002666 0.004620 0.113203 0.002046 -0.019332 -0.051825 0.011253 -0.000316 0.009012 0.011716 0.028737 0.005115 -0.043189 -0.049883 -0.003010 -0.003498 -0.086083 -0.001033 0.095139 -0.006549 0.061610 -0.091657 0.000000 0.090452 -0.001763 -0.070357 -0.006990 0.055788 0.035791 -0.044464 0.029375 0.006832 0.008625 -0.028640 0.007572 0.029758 0.000787 -0.012694 0.018825 0.052383 -0.018825 -0.067096 -0.115680 -0.000976 -0.031158 -0.090626 -0.090628 -0.013310 -0.004914 -0.014378 -0.088307 0.000000 0.010345 0.013412 -0.039953 0.064877 0.000000 0.057767 0.002859 0.015965 0.058806 0.003374 0.034640 -0.009400 0.000000 -0.100485 -0.002711 -0.046010 -0.026333 -0.025378 -0.096957 -0.024576 0.084737 -0.005957 -0.036521 0.018336 0.057119 0.000000 -0.037271 -0.000394 -0.032018 0.003237 0.004941 -0.075731 -0.016340 0.048805 -0.097941 0.066936 -0.000219 0.057448 0.012043 -0.003028 -0.002460 -0.001481 -0.075492 0.004483 -0.067703 0.020085 0.005594 -0.016448 -0.077064 -0.124633 -0.028057 -0.005161 0.050351 -0.045874 0.014168 0.020291 -0.004374 -0.009565 0.097834 0.072725 0.000000 -0.105396 0.041601 -0.008059 -0.054892 -0.116483 -0.007656 0.041717 0.040885 -0.009564 0.077466 -0.105065 -0.113924 -0.001315 0.003015 -0.011725 0.014322 0.040365 -0.074531 0.000922 -0.031489 -0.121878 0.007121 -0.005278 0.063347 0.009746 -0.000373 0.000449 -0.037846 -0.078133 0.015026 0.072707 -0.007488 -0.080644 0.020517 -0.028347 -0.000249 -0.069133 0.021944 0.017198 0.009564 0.087848 -0.115267 -0.065275 0.024481 -0.004911 0.017712 -0.021235 0.022498 -0.015024 0.090868 0.000945 0.107298 0.043281 0.070720 0.025305 -0.056763 0.059758 0.001259 -0.000501 -0.022319 -0.013098 0.024246 -0.033385 0.021569 0.002957 -0.008857 0.078759 -0.012889 0.000000 0.003087 
0.014323 -0.009186 0.000608 0.000921 0.000691 -0.003109 -0.086902 -0.010989 0.001399 0.002574 -0.073834 -0.000205 2419.815544 0.000000 0.050988 0.081016 -0.003504 -0.000993 0.041684 -0.005749 0.005687 -0.020993 -0.022978 -0.055015 -0.000535 0.002652 -0.023208 -0.012520 0.069088 0.000000 -0.038900 -0.006784 0.116989 0.000000 -0.084748 0.119569 0.018640 -0.002134 -0.063364 0.006700 0.036784 0.000000 0.068227 0.025802 0.035890 -0.010771 -0.000320 0.047215 0.073062 0.004677 0.021558 -0.000757 0.002300 -0.022228 0.011707 -0.020578 0.000134 0.044741 0.042678 0.021129 0.001178 0.035884 -0.004999 -0.002871 -0.055034 -0.031463 0.016621 0.012332 0.020098 -0.000693 -0.019301 -0.007152 0.092313 0.000000 0.062650 0.075546 -0.033059 0.001349 -0.056915 0.075613 -0.007541 0.000000 -0.039593 0.080237 -0.030144 0.000000 -0.004458 -0.004602 0.079642 0.000000 -0.044387 0.038551 0.001689 -0.002681 -0.045102 -0.017529 -0.013895 -0.037332 -0.007979 0.000372 0.003088 0.000000 -0.031753 -0.001442 -0.088114 0.001870 0.033930 0.005965 0.000289 0.002437 -0.014052 -0.111547 -0.030189 -0.006766 0.029516 0.017620 0.013734 0.098253 0.033637 -0.065556 -0.017584 0.000000 -0.000424 0.081870 -0.020946 -0.001064 0.011659 -0.050674 0.062559 0.000000 0.038889 -0.074080 0.099235 -0.111038 0.041810 -0.002454 0.022291 0.045941 0.000429 -0.000188 -0.018447 -0.002779 0.002351 0.027183 0.021024 -0.100024 0.071531 0.018088 0.000147 -0.107938 0.108482 0.105650 -0.044891 -0.121241 -0.027217 -0.002455 0.000932 -0.094381 -0.091229 0.002496 0.000463 0.001566 0.074921 0.033437 0.051937 0.061391 -0.002092 0.000000 -0.011336 -0.068761 0.001580 -0.002031 -0.010220 0.001335 -0.034004 0.010092 -0.001671 -0.008320 -0.052108 -0.040770 0.028603 0.000400 -0.081106 0.003968 -0.000156 0.020686 -0.000360 0.017673 -0.004263 -0.017052 0.000747 0.032461 0.008352 0.049496 0.000276 0.031590 
0.033242 -0.000455 -0.026892 -0.018370 0.008775 -0.004459 -0.003376 -0.001990 -0.026585 0.018975 0.004336 -0.002666 0.000000 1595.216457 -0.079530 -0.037929 0.000000 -0.001043 0.003251 -0.015863 0.117338 -0.023898 -0.109914 0.038771 0.074081 -0.000970 0.125473 -0.009455 0.076286 0.000000 0.063207 0.003841 0.018429 0.000000 0.109683 0.078056 -0.010813 -0.104785 -0.107650 0.080168 -0.000501 0.002238 0.010424 0.001245 -0.000935 0.087471 -0.013400 0.102476 0.020093 -0.006267 0.030722 -0.031274 0.000000 0.000862 0.032057 -0.037058 0.004517 0.000324 -0.088527 -0.007868 -0.028638 0.107668 -0.002514 0.007462 0.005224 0.000000 0.004365 -0.007060 0.033236 0.000837 -0.061291 -0.006776 0.002218 -0.001512 0.060410 0.042417 0.011565 -0.108885 -0.018014 -0.026810 -0.004378 -0.018169 -0.012386 0.001856 -0.056479 0.002295 -0.019698 0.067432 -0.000356 0.000000 -0.103871 0.002206 -0.091648 0.003443 0.053052 0.113842 0.008522 -0.088710 0.062725 0.004803 0.005329 0.012215 -0.018550 -0.059647 0.000728 0.002620 0.088849 -0.032470 -0.038340 0.003756 0.077015 -0.032415 0.002146 -0.006076 -0.020882 0.032647 -0.011169 0.036213 0.014566 0.005866 0.047968 -0.007726 0.075153 0.090607 -0.005175 0.112473 0.035755 0.078098 0.000517 -0.000214 0.013282 0.031603 0.059914 -0.013125 0.067691 0.063312 -0.001864 -0.003684 -0.007042 0.000000 0.045038 0.000000 -0.003767 0.014944 0.001539 0.021631 -0.002530 0.008437 -0.015811 0.001943 0.062184 -0.052502 0.002646 -0.042899 0.015603 0.025644 0.036622 0.004725 0.099706 -0.047698 -0.000412 0.057384 0.064322 0.000866 0.005901 0.002853 0.041763 0.016372 -0.000141 0.034558 -0.009297 0.068496 0.081570 -0.002868 -0.049008 -0.047177 0.000000 -0.117760 -0.027955 -0.005538 0.001434 0.011969 0.042143 0.001915 0.000000 0.004507 -0.050086 0.000563 -0.000834 0.008015 -0.008457 0.010058 0.001813 -0.001626 -0.005490 0.027103 
-0.002027 -0.028913 0.046336 -0.088061 0.082931 0.002845 0.032140 -0.022961 0.024651 -0.004404 -0.033124 0.004620 0.050988 -0.079530 19.082890 0.014419 -0.046325 -0.006703 -0.063440 0.101470 0.019364 0.014080 -0.011880 0.103854 -0.045308 0.017566 0.051063 0.018320 -0.011072 0.008217 0.061448 -0.003506 0.063696 -0.023658 -0.051610 -0.028021 -0.005116 0.048385 0.105611 0.030383 0.111044 0.006586 0.050823 0.010332 -0.004336 0.021123 0.057142 0.000000 0.000914 -0.027374 0.037580 0.021057 0.072263 -0.003057 0.024493 0.046750 -0.083335 0.015447 -0.063574 -0.095239 0.048635 -0.085925 0.080680 -0.108533 0.001924 -0.000747 0.072405 0.016895 0.008655 0.001814 0.026683 -0.057019 0.002298 0.014463 0.019647 0.012872 0.107541 -0.019266 0.081573 0.013084 -0.039870 -0.001365 -0.072103 0.105071 0.019620 -0.083702 0.025699 -0.001724 0.009202 -0.008444 -0.083050 0.011537 0.009209 0.005050 -0.084448 -0.053521 -0.000609 -0.004935 -0.021543 0.002358 0.015114 -0.022850 0.000409 0.013279 0.040896 -0.033845 0.015528 -0.058190 -0.019704 0.003682 -0.120669 -0.075986 0.023318 0.096311 0.076081 -0.014499 0.056304 -0.016308 0.061737 0.039726 -0.006342 -0.000628 -0.016884 0.108678 0.074459 -0.029102 0.040158 -0.001331 -0.024265 0.003119 0.047452 0.034030 0.098672 0.043916 0.006386 -0.012802 0.001702 0.013639 0.113841 0.001805 0.027445 0.021143 -0.069422 0.031345 -0.039789 0.002747 0.000919 -0.009302 -0.068089 -0.000604 0.078270 -0.009023 -0.012100 -0.026566 -0.097010 -0.037476 -0.035261 -0.026600 0.100896 -0.011489 0.005819 0.000000 0.022785 -0.019980 0.003694 -0.041021 -0.022347 0.029765 0.059314 -0.065390 0.000803 0.002335 -0.001802 -0.017177 0.050778 0.086094 0.007884 0.116978 0.062883 -0.100804 -0.038162 -0.015505 -0.052294 0.003592 0.090687 0.002315 0.008998 0.045553 0.015749 -0.102295 -0.002801 0.008783 0.073665 0.003105 0.009113 0.010568 
0.000000 0.007557 0.012600 0.014814 -0.095399 0.008297 0.012791 0.013933 0.000000 0.000000 0.039846 0.113203 0.081016 -0.037929 0.014419 144.862501 -0.000752 0.000249 -0.054459 0.020371 -0.055549 0.096199 -0.013952 0.020822 0.026821 0.023188 -0.035405 0.049192 -0.049148 0.003329 0.078819 0.001605 0.028523 -0.049336 0.111505 0.004236 0.015602 0.105464 -0.011985 0.018843 -0.049492 -0.042167 0.045415 0.056362 -0.084954 -0.006068 0.000410 0.033673 0.098510 0.002559 -0.000333 -0.018862 0.015211 -0.011470 -0.085888 0.003858 -0.008467 -0.001087 -0.089352 0.027744 0.000642 0.001973 -0.000163 0.002183 0.000000 -0.098347 -0.080762 -0.060317 -0.001115 -0.002780 -0.039699 -0.097584 0.017382 0.094169 -0.109313 -0.037712 -0.009430 -0.075025 0.062687 0.070787 -0.001653 0.001850 -0.001721 0.016948 -0.085292 -0.003038 0.076648 0.036556 -0.001183 -0.120743 0.000995 -0.015481 0.098684 0.088671 -0.065564 -0.028771 -0.067315 0.008161 0.021348 -0.000258 0.008272 0.059902 0.009748 0.000776 0.002875 0.003243 0.045518 0.056809 0.000550 -0.000225 -0.122822 -0.004258 -0.007424 -0.000367 0.109572 0.001377 0.031118 0.000000 0.070153 -0.067517 0.024643 -0.019933 0.038434 -0.045722 0.006466 0.057891 0.017498 -0.074771 0.020822 0.008113 0.068061 -0.043827 0.040504 0.009095 -0.057308 -0.093147 -0.000844 -0.038072 -0.038276 0.000451 -0.026492 0.001110 0.011733 0.046533 -0.112039 0.003288 -0.015866 0.026952 -0.033776 -0.010158 0.086525 -0.074982 0.000814 -0.037081 0.056686 -0.028671 0.004904 -0.008675 0.084392 0.041466 0.034932 -0.003258 0.000000 0.018444 0.000000 0.003524 -0.004265 0.111923 -0.000390 -0.020934 -0.020484 0.100162 0.002998 0.044283 0.067846 -0.102398 -0.111093 -0.002823 -0.048604 -0.026846 -0.041454 0.001012 -0.081517 0.018466 0.000000 0.014923 -0.008752 -0.005267 0.000477 -0.028624 0.002529 -0.110635 0.080810 -0.002669 -0.110929 -0.030716 
0.035856 0.000000 0.083716 -0.080266 0.058717 -0.002579 0.055587 0.074176 -0.079334 0.055519 0.109450 0.002046 -0.003504 0.000000 -0.046325 -0.000752 235.628620 0.002973 -0.005016 -0.115609 0.009226 -0.013414 -0.119613 -0.044476 0.073003 -0.002552 -0.002158 -0.013686 -0.008408 0.001223 0.000780 0.001965 -0.016470 0.007343 0.012907 0.002382 0.001027 -0.061133 0.082238 -0.029278 0.000000 -0.000904 0.074621 0.025459 0.001157 0.000133 -0.001309 0.011475 -0.001534 -0.066555 -0.043946 -0.010200 -0.013241 -0.115082 0.019319 0.017360 0.084213 0.000467 0.102360 0.040209 -0.008253 -0.002516 0.059034 -0.036191 0.080029 -0.000356 -0.017374 -0.013912 -0.104704 0.000644 -0.044825 0.080461 -0.002673 0.120203 -0.014603 -0.089297 -0.007102 0.006460 0.009060 0.004438 -0.080942 -0.057117 0.010150 -0.079468 -0.000541 0.083301 0.002417 -0.019773 -0.078132 -0.001001 -0.021362 0.031389 -0.015379 0.021449 0.006112 0.000000 -0.059341 0.013749 0.006290 -0.080098 -0.027682 0.000630 0.034338 -0.000794 -0.032395 -0.001697 -0.007467 0.015051 0.076666 0.000000 0.000249 0.053417 0.118508 0.000000 0.100880 -0.002645 -0.000342 -0.090140 0.018722 -0.118064 -0.045934 0.000230 -0.059034 0.022301 0.009950 -0.048446 -0.080793 -0.109105 0.075373 0.101746 0.035131 -0.001108 -0.002551 -0.091381 0.064161 -0.004178 0.076888 -0.029331 -0.042356 0.010261 0.052916 0.001203 -0.005762 -0.108703 0.048716 -0.004058 -0.072465 -0.090640 0.002146 0.006476 -0.012185 0.098685 -0.013397 0.044131 -0.011868 -0.017255 -0.002231 -0.073812 0.123221 0.042959 -0.009283 0.000000 -0.058829 -0.018061 0.072154 -0.000664 0.004977 -0.017279 0.000000 -0.065332 0.002857 -0.009536 0.000000 0.029342 -0.021445 -0.102757 0.002026 0.010414 -0.070067 0.001068 0.016380 -0.103799 -0.038558 0.000000 0.118114 -0.006244 -0.115231 -0.008783 -0.004684 0.007977 -0.000444 0.114583 0.024483 -0.041832 0.000000 0.093045 
-0.066188 -0.066276 0.110571 -0.067227 -0.001620 -0.070512 0.002888 -0.026425 0.000667 0.034922 -0.092800 -0.019332 -0.000993 -0.001043 -0.006703 0.000249 0.002973 110.136903 -0.030312 -0.110561 0.078260 -0.101654 -0.019428 0.032063 0.100745 0.003102 -0.103899 -0.019121 0.022901 -0.015838 0.006040 0.003600 0.023579 -0.014196 -0.000274 0.057429 -0.016932 -0.000389 -0.007288 0.035831 -0.040388 0.006069 0.016051 0.041533 0.003426 0.000847 -0.001996 -0.004049 0.048393 -0.069887 0.018089 -0.103791 -0.001675 0.001481 -0.006132 -0.020628 -0.047205 0.005492 0.013223 -0.031589 -0.019004 0.045386 -0.046957 0.058776 0.000299 0.004700 0.064258 0.007768 0.043551 -0.001774 -0.001682 -0.042091 0.000000 -0.004001 -0.032889 0.036846 0.041173 0.000255 -0.040609 0.014219 -0.077515 -0.044179 0.095054 -0.022190 -0.032076 -0.004136 0.005129 0.000203 -0.004127 -0.011423 -0.006600 0.108422 -0.003431 0.004374 0.011206 0.039480 -0.009174 -0.001412 -0.008293 -0.012328 -0.123597 0.001695 -0.002277 -0.107094 0.094656 -0.074250 -0.062426 0.012610 -0.123104 0.043340 0.000200 -0.071673 0.000000 -0.014953 0.054430 -0.008683 0.005662 -0.014576 0.080905 -0.015444 -0.006166 -0.015789 0.006011 0.023464 0.036834 0.037421 -0.055623 -0.076191 -0.000479 -0.086964 0.003958 -0.020971 0.043447 0.075652 0.094277 0.042636 -0.001110 0.006276 -0.001041 0.000000 0.005173 0.004719 -0.000942 0.001850 -0.122170 0.003024 -0.006620 0.068892 0.112273 -0.085962 0.000671 -0.003228 0.001722 0.007085 -0.015462 -0.077752 0.054678 0.084447 -0.033673 -0.037040 0.106693 0.000377 -0.000204 0.003668 -0.003163 0.011603 -0.001464 -0.000776 0.000000 0.041427 -0.015584 -0.014550 -0.089498 0.063810 0.007767 -0.017873 0.003419 -0.004437 -0.006536 -0.013776 -0.006247 0.006491 0.069061 -0.003482 -0.110611 -0.000883 0.000000 -0.033525 -0.009420 0.006347 0.019141 -0.007737 -0.025327 -0.004254 0.050477 0.039816 
-0.099993 -0.007636 -0.008256 0.087965 0.008777 -0.019635 0.082048 -0.021472 0.025094 -0.016224 -0.005932 -0.051825 0.041684 0.003251 -0.063440 -0.054459 -0.005016 -0.030312 10.068715 -0.045517 0.000000 -0.022838 0.113184 0.006339 -0.079564 0.034473 0.086353 -0.047823 -0.082977 0.016651 0.080519 0.048682 -0.064574 0.002835 0.033388 0.112007 0.039491 -0.025086 -0.000528 0.039490 -0.020139 0.111496 0.079903 -0.062935 -0.032462 0.000785 0.024330 0.015195 0.098886 0.001927 -0.068552 -0.047017 -0.034661 0.044109 0.005592 -0.064364 -0.105882 -0.022310 -0.017757 -0.065222 0.081714 -0.018067 -0.022672 0.001398 -0.001824 -0.093915 0.109819 -0.034540 0.068489 0.000000 -0.071834 -0.010438 0.000378 -0.084547 -0.075259 -0.009668 -0.102075 0.009677 -0.063078 0.001349 0.072798 -0.033481 0.116370 0.000371 -0.038743 -0.055015 0.115831 0.093029 0.009228 0.001260 -0.087292 -0.120304 -0.055735 0.017766 -0.045196 -0.075649 -0.044817 -0.001742 -0.073765 0.015264 0.029768 -0.068323 -0.119546 0.000654 0.000455 0.006840 -0.045025 0.018697 -0.002731 -0.002534 0.024907 0.116889 -0.034324 -0.002253 -0.081545 0.031894 -0.006422 0.005373 0.037004 0.000651 0.078514 -0.028039 0.004604 0.045100 -0.006795 0.002573 0.010558 0.060456 0.115032 0.039744 0.074473 -0.004372 -0.055166 0.095253 -0.003331 -0.027661 -0.008030 -0.013314 -0.003694 -0.000472 -0.004707 0.013954 0.088463 -0.022021 0.124734 0.100650 0.120928 -0.067286 -0.021881 -0.059741 0.058555 -0.123188 -0.035809 -0.027287 -0.009637 0.102888 -0.105963 0.027374 -0.108309 -0.076534 0.050962 0.007683 -0.000100 0.104541 -0.004417 0.025254 -0.005672 -0.000848 -0.002313 0.002997 -0.003249 0.002875 -0.007355 -0.037301 -0.073769 -0.003914 -0.023080 0.025096 -0.089822 0.010928 -0.028366 0.026767 0.063679 -0.005933 -0.014880 0.005289 0.005079 -0.002510 -0.070669 0.010149 -0.009972 0.033506 0.053632 0.050020 -0.026813 -0.068737 
-0.034412 -0.038566 0.060110 -0.105226 -0.002725 0.092222 0.043773 0.085412 -0.019577 0.054191 -0.034597 0.011253 -0.005749 -0.015863 0.101470 0.020371 -0.115609 -0.110561 -0.045517 2.879451 0.038715 0.021783 0.041351 0.020030 0.093808 -0.033610 -0.041981 0.005257 0.049070 0.051519 0.035752 0.000000 -0.025841 -0.050948 0.024303 -0.000531 -0.013286 -0.069629 -0.118380 -0.100565 -0.033887 -0.081971 0.041483 0.092801 -0.009317 0.054993 0.062417 -0.016128 0.035674 0.032940 -0.022947 -0.020698 0.113809 0.042035 -0.036390 0.016477 -0.073974 -0.013287 -0.007735 -0.100032 0.007887 -0.079438 0.075952 0.000197 0.018624 -0.000110 0.078574 0.079012 -0.024948 0.102356 0.076317 0.121882 -0.013484 0.082206 -0.040453 -0.008670 0.003438 -0.026186 -0.036393 -0.050293 -0.080667 0.001098 -0.023028 -0.040521 0.105076 -0.110033 0.022152 0.003816 -0.017650 0.021427 0.040615 0.089240 -0.014533 0.000646 0.021994 0.066018 -0.042838 -0.013831 0.009592 0.051323 0.056844 0.021898 -0.062484 -0.020712 0.053744 0.028361 0.053392 0.013791 -0.042981 -0.055264 0.005817 0.090615 -0.051162 -0.078975 0.108612 0.082713 0.003996 0.097108 -0.029056 0.002407 0.003593 -0.106215 -0.024093 -0.045827 0.029636 -0.001340 0.027709 -0.124970 -0.009871 0.121733 -0.045245 0.034396 0.007483 -0.021278 -0.051941 -0.028826 -0.033564 -0.081778 -0.009807 0.035802 -0.002628 0.077513 -0.023076 0.059082 -0.044920 0.077023 -0.022893 0.035873 0.082525 -0.061918 -0.029594 0.057756 -0.014286 0.055329 -0.019425 -0.035680 0.049542 0.040181 0.025725 0.058882 0.046755 -0.065176 -0.038156 0.000380 0.030058 0.010473 -0.046871 -0.040515 -0.089761 -0.019920 0.006269 0.007133 0.000000 -0.024902 -0.110486 0.112004 -0.071168 -0.004087 -0.073716 -0.006299 0.108859 -0.094278 0.050827 0.024799 0.007369 0.014737 0.011252 -0.008128 0.009314 0.103738 0.041794 -0.075607 0.087647 0.026064 -0.001227 -0.012798 
-0.000865 -0.005313 -0.004696 0.057537 -0.003459 0.002358 -0.000985 -0.030120 0.043640 -0.043050 0.011597 -0.000316 0.005687 0.117338 0.019364 -0.055549 0.009226 0.078260 0.000000 0.038715 262.692136 0.060064 0.044889 0.047160 -0.015988 0.000000 -0.006779 0.024043 0.022423 0.000383 -0.007544 -0.092029 0.094553 0.068994 0.031986 -0.039538 0.050270 0.007521 0.114008 0.020949 0.001252 0.000000 -0.051268 -0.037524 0.009518 -0.055787 0.000754 0.000000 -0.034396 -0.027807 -0.013236 0.005477 -0.107206 -0.102690 -0.014252 0.028217 -0.010934 -0.000593 0.099424 0.004073 0.016841 -0.002633 -0.068165 -0.107152 -0.000447 -0.012764 0.095499 0.038743 0.000000 0.000000 0.074032 0.020503 -0.010077 0.000000 -0.049399 -0.029898 -0.052636 0.005019 0.031235 0.002543 0.001350 0.017804 -0.061018 -0.015099 -0.040579 0.074371 -0.008878 -0.001487 -0.070324 -0.044045 0.020581 -0.033541 0.000108 0.000000 0.104603 -0.007315 0.000502 -0.107579 0.069814 -0.002613 -0.105260 0.000322 0.008161 -0.000575 -0.005206 -0.006389 0.038731 -0.031554 -0.000218 -0.003238 0.000000 -0.019841 0.007960 -0.000203 -0.061824 0.110396 -0.011470 0.000452 -0.065285 0.084555 -0.000614 -0.002172 -0.077860 -0.015569 0.081997 -0.002473 -0.013390 0.117524 0.091413 0.001533 0.020821 0.042658 0.080614 -0.045305 0.076675 0.114616 -0.001134 0.000000 0.090349 -0.008505 0.000000 -0.040839 0.015045 -0.067243 0.018837 -0.080050 0.011814 -0.054831 -0.022895 0.020075 -0.004721 -0.010111 0.002370 -0.099713 -0.100891 0.005181 -0.007450 -0.021803 0.027507 -0.009969 -0.012577 0.000000 0.011101 -0.004879 0.001301 -0.041656 -0.091252 -0.007922 -0.090557 -0.057088 -0.036704 0.019358 0.114682 -0.009795 -0.062219 -0.011478 0.000000 0.040111 -0.081925 0.108464 0.001180 0.012738 -0.020069 -0.000341 -0.059148 -0.092653 0.004420 0.001226 -0.062397 -0.039918 -0.001096 -0.056500 0.000000 0.000614 0.004140 -0.010577 
