7.659291 -0.021944 0.001812 -0.030472 0.023741 0.120773 -0.000749 0.116430 0.004906 0.041989 0.003046 0.058472 -0.108229 -0.021968 -0.063135 0.023544 -0.107268 0.021994 -0.105983 0.049336 0.006828 0.003993 -0.102334 0.086946 -0.154178 0.122606 -0.118176 0.101896 -0.049903 0.130056 -0.011940 0.028558 -0.000139 -0.080016 -0.058629 0.165083 -0.115215 0.052876 0.010532 0.025430 -0.072656 0.095890 0.001298 0.048051 -0.003142 -0.053525 0.065730 -0.119986 0.005888 -0.019903 -0.133133 0.005561 -0.159982 -0.014704 -0.062419 0.127557 -0.008836 -0.165779 0.059230 -0.066877 -0.051670 0.044632 -0.028412 0.031469 -0.099517 0.063722 -0.003599 -0.155031 -0.007913 -0.067077 0.076974 0.117172 0.145456 -0.049742 0.043315 -0.037304 0.103021 -0.079221 -0.087007 -0.011161 0.020981 -0.108049 0.040235 -0.016170 -0.078423 0.019643 -0.074410 0.054810 -0.056202 -0.018102 0.098174 -0.144607 0.002137 -0.037575 -0.104635 0.009987 0.014660 -0.102659 0.062974 0.032372 0.088645 0.163962 -0.145720 -0.025980 0.026627 0.028258 -0.082515 -0.012453 0.059223 -0.050707 0.107385 0.055659 -0.106121 0.009987 -0.007970 -0.040640 -0.031040 0.093274 -0.046487 0.061272 -0.095850 0.140833 0.017217 -0.031191 -0.051585 0.004974 -0.055007 -0.038041 -0.060479 -0.065927 0.058030 0.062444 -0.041474 -0.161854 0.096142 -0.103513 -0.090917 -0.069911 -0.110902 0.100189 0.074528 -0.065156 0.066045 0.045144 0.077333 0.004634 -0.048071 -0.028180 0.012390 -0.014012 -0.051575 -0.002423 -0.091328 0.090079 0.147702 -0.018216 0.001514 -0.131941 -0.001325 0.108411 0.039300 0.061012 -0.042816 -0.017998 -0.023754 0.021539 -0.019644 -0.030012 0.058901 0.047708 -0.096621 -0.094435 -0.095694 0.005936 -0.140632 -0.062796 0.075807 0.000000 0.026859 0.009413 0.076434 0.005958 0.035395 0.017316 -0.043711 -0.135963 0.000160 -0.070436 0.067509 0.136487 -0.044426 -0.099423 0.033231 -0.048957 -0.016344 -0.109998 
-0.021944 12779.458014 0.073631 0.033302 -0.104199 0.002304 0.102563 -0.063728 0.085394 -0.007003 0.003494 -0.001791 -0.034193 0.084334 0.033269 -0.003588 -0.091162 -0.144540 -0.000787 -0.001557 0.000369 -0.077339 -0.067689 -0.020693 -0.032688 -0.008776 0.065505 -0.005001 -0.082888 0.000527 0.016411 0.151446 -0.105075 0.005703 0.037198 0.011217 -0.000535 0.003891 -0.057238 0.002546 0.159381 0.000414 -0.003886 0.036340 0.150486 -0.119731 0.080004 -0.107892 0.117523 -0.009201 -0.145445 -0.006870 -0.081517 0.002238 0.117071 -0.124712 -0.010201 -0.004552 0.022601 0.046656 0.030704 0.023454 -0.000933 -0.145606 0.011430 -0.093073 0.016897 -0.001476 -0.027502 0.000000 -0.061783 0.046150 0.006175 -0.013227 0.047012 -0.090845 0.086333 0.047199 0.118503 0.011471 -0.002441 -0.006808 -0.002395 0.078635 -0.109466 0.000000 0.049659 0.006938 0.063492 -0.019332 -0.080576 0.000546 0.015015 -0.026183 0.048137 0.004007 0.074307 0.000000 0.012011 0.006670 0.102492 0.017550 -0.036747 0.122879 -0.003986 -0.024030 -0.041529 0.152031 -0.055117 0.000000 -0.001635 0.020465 0.009945 0.001599 0.000000 -0.043357 -0.086376 -0.135427 -0.002280 -0.003926 0.003371 -0.167161 0.000000 -0.122769 -0.006018 0.000000 0.031926 -0.044943 0.094696 -0.083761 -0.012927 0.015859 -0.000984 -0.018646 -0.075416 -0.003346 -0.091492 -0.022880 0.039546 -0.003772 0.074262 0.081751 -0.013267 -0.108053 -0.151055 -0.004768 -0.001882 0.010519 -0.055495 0.002895 0.010419 0.030818 -0.131198 0.002370 -0.000679 -0.083159 -0.004822 -0.000614 0.091940 0.015747 -0.140692 0.049857 -0.052092 0.117261 0.010008 0.000176 0.065934 0.020156 -0.000397 -0.003592 -0.095948 -0.048003 0.000000 0.000000 -0.136183 -0.012684 0.010474 0.000000 0.038512 -0.110754 0.112670 -0.111168 0.107352 -0.119037 0.051016 -0.033864 0.110063 -0.061271 0.051131 -0.038560 -0.106086 0.164137 0.000000 0.000000 0.057012 0.031316 
0.001812 0.073631 0.244486 0.040543 0.000200 0.013151 0.039040 -0.008657 0.010280 -0.066062 0.073328 0.011695 -0.056992 0.023109 0.056609 -0.134444 -0.021799 -0.003427 0.006199 -0.012506 0.011807 0.005008 0.056325 -0.087980 0.003600 -0.014082 0.074683 0.061662 -0.040922 -0.117865 0.066715 -0.012200 0.107301 -0.010523 -0.059778 -0.022532 0.006538 0.144772 0.121602 0.016920 0.126731 -0.045299 0.114619 -0.003919 -0.019485 -0.006322 0.015085 0.075873 -0.027471 0.100108 0.107415 0.007552 -0.054005 0.082594 0.018931 -0.035790 -0.013588 -0.022700 0.010883 0.018323 0.059490 0.014241 0.050108 0.061088 -0.119692 -0.001926 -0.060774 0.045506 -0.153158 -0.000356 -0.111244 0.036075 0.140852 0.000480 -0.027903 0.026421 0.045365 -0.153988 -0.005964 0.070173 -0.040416 -0.090203 -0.123918 0.154937 -0.037464 0.039802 0.053695 0.062097 0.002890 0.000122 0.109681 -0.032603 -0.008458 -0.005456 -0.108267 0.058185 -0.002414 0.043017 0.000000 -0.031521 -0.127237 0.167143 0.009478 0.139900 0.032070 0.082053 -0.065940 -0.124620 0.080144 0.036656 0.008531 -0.004786 -0.043366 -0.041757 0.063113 0.042702 0.122502 0.113882 -0.094080 -0.002891 -0.150059 -0.152039 -0.031550 0.022811 0.000533 -0.148243 0.039520 0.081345 0.027190 -0.122032 0.015717 0.136545 0.085724 0.004881 0.090492 0.158163 0.003309 0.059291 0.013067 -0.001618 0.013023 0.047398 -0.011774 0.009987 0.106997 -0.049147 -0.015537 -0.002919 0.000798 0.038628 -0.023061 -0.056653 0.009634 -0.120850 0.049263 -0.053407 -0.069493 0.018714 0.052029 0.014861 0.073570 0.053614 -0.102648 -0.097398 -0.006807 -0.162981 -0.079080 0.005885 0.088520 0.051376 -0.031488 0.158150 -0.102028 -0.007533 -0.024636 0.076790 -0.021592 -0.009582 0.036975 0.018628 0.029570 -0.033910 0.025965 -0.009218 -0.016845 0.075642 -0.115245 0.022381 0.084354 -0.009249 0.032709 -0.003769 0.091543 -0.144297 -0.154042 -0.126991 
-0.030472 0.033302 0.040543 0.198634 0.027249 -0.041274 0.012222 -0.095906 0.000000 0.002067 -0.089402 0.011586 0.093475 -0.097911 0.019807 0.007778 -0.135878 0.000000 -0.047761 -0.123793 0.092376 -0.100773 -0.103674 -0.061832 0.021813 0.011359 0.046913 0.003124 -0.094439 0.029573 -0.012579 -0.032116 0.040530 -0.009588 -0.000613 -0.061595 -0.148672 -0.137895 -0.068886 -0.002754 0.025085 -0.059974 -0.038854 0.033458 0.160937 0.087151 -0.004561 -0.011875 -0.049534 0.095086 0.032726 0.054107 -0.070503 -0.054623 0.006981 -0.049580 -0.049209 0.025828 -0.006920 -0.031427 0.023174 -0.054736 0.084032 0.030534 0.073418 0.072325 0.014129 -0.119154 -0.002847 -0.066133 0.059734 -0.039004 -0.033307 0.120621 -0.092184 -0.006441 0.019163 0.105472 -0.051749 -0.001325 -0.162582 0.003529 -0.144952 0.064715 -0.040729 -0.009370 0.071297 -0.026947 0.017048 -0.134493 -0.023704 0.042177 -0.066246 -0.050038 -0.018266 -0.054495 -0.080495 0.000000 -0.028100 -0.047287 0.049724 0.009003 -0.026656 0.149928 -0.094967 -0.061628 -0.062659 0.041483 0.030237 -0.156737 0.017091 0.098807 -0.009914 -0.081607 -0.003513 0.010229 0.079318 0.005774 0.060376 -0.162038 0.001150 -0.017343 0.009617 -0.002591 -0.016313 0.021779 -0.033031 0.027399 0.005447 -0.022320 0.006977 0.150050 -0.109319 -0.012379 0.005385 0.030700 0.095956 -0.063156 -0.061228 0.015418 -0.107852 0.053051 0.076604 -0.003722 -0.080052 0.007957 -0.015241 -0.016944 -0.046666 -0.007996 0.067791 -0.020811 -0.061765 0.128785 0.162402 -0.001184 -0.021430 -0.007226 0.151706 0.015367 -0.018339 0.000197 -0.004022 -0.003537 -0.015549 -0.097899 0.067805 -0.029180 0.084988 -0.005768 0.008233 0.063995 0.040793 -0.003633 0.048494 -0.092808 0.085158 0.047331 0.075271 0.117211 -0.119259 0.097730 0.099563 0.099650 -0.027221 0.062039 -0.000593 0.110438 -0.019948 0.093778 -0.074854 0.031894 0.007860 -0.004777 0.011015 0.159705 
0.023741 -0.104199 0.000200 0.027249 192.168145 0.004771 -0.015878 0.057698 0.000106 -0.041967 -0.018583 0.031950 -0.014621 -0.047265 0.000000 -0.013708 0.002118 0.002309 -0.000585 0.013108 -0.021619 0.116824 -0.109596 0.011563 -0.008284 -0.088712 -0.021700 -0.045760 0.020519 0.116156 -0.147695 0.009683 -0.009964 0.042056 0.107432 -0.052953 0.003395 -0.017151 0.003076 0.001453 -0.015271 -0.002323 -0.129951 0.109985 -0.004027 0.096731 -0.084828 -0.018451 0.016354 0.005758 -0.163215 -0.117325 0.049957 -0.010705 -0.016694 0.000000 0.054005 0.000000 -0.119033 -0.105884 0.000000 -0.140470 -0.001923 -0.070478 0.002191 -0.103747 0.046085 -0.009203 0.010289 0.004033 0.114082 0.080669 0.020225 0.161354 -0.067564 -0.011021 0.031655 0.031130 0.000404 -0.021829 0.006124 -0.132736 0.118354 -0.113174 0.035567 -0.003800 0.085795 0.127732 0.002917 0.112551 0.087282 0.054400 -0.060525 0.020487 -0.077125 -0.068684 0.076063 -0.010340 0.003770 0.117492 0.039440 0.073965 0.161696 0.032545 -0.003951 -0.097041 -0.040727 0.134023 0.000317 0.035164 0.019979 0.073579 0.126320 0.008314 -0.016061 0.004173 0.005184 0.110241 0.095920 -0.052656 -0.026308 -0.054008 -0.010956 0.074556 0.109920 0.000000 -0.105273 0.057741 -0.003263 -0.017328 -0.013405 0.000244 -0.013752 0.007858 -0.024064 0.003997 -0.037479 -0.128820 0.098244 0.053982 -0.045795 0.015635 0.027238 -0.031086 0.000442 0.045007 -0.034999 -0.057679 0.130140 0.044260 -0.086513 -0.051968 -0.008388 0.056438 -0.001015 -0.008573 -0.009084 0.060456 -0.065424 0.112626 0.000203 0.007082 0.028665 -0.060662 0.001103 0.000000 -0.036803 -0.001255 -0.007912 -0.002481 0.057708 -0.061619 0.043168 -0.000463 0.063133 0.108535 -0.032101 -0.035112 -0.136408 0.083406 -0.127010 0.006547 -0.105189 -0.072099 0.006958 -0.000305 -0.002500 0.057104 -0.095170 0.024501 -0.000419 -0.124627 0.004795 0.004203 0.000251 0.123173 
0.120773 0.002304 0.013151 -0.041274 0.004771 79.276101 0.087103 0.071589 0.091391 -0.005376 0.083959 -0.008304 0.072937 0.044197 -0.039900 -0.006882 -0.000191 -0.067653 0.113171 -0.011441 -0.152881 -0.167008 -0.050695 -0.030710 -0.057652 0.129485 -0.033214 0.096106 0.153234 -0.030756 0.004397 -0.013879 0.162445 0.013745 0.012402 0.105902 0.045594 -0.144186 -0.014921 0.155050 -0.008797 -0.002914 0.059494 0.061448 -0.152297 -0.000148 0.072676 -0.153859 0.020330 -0.109274 -0.056810 0.157245 -0.070557 -0.016229 0.060273 -0.032651 0.098158 0.002642 0.118880 -0.086670 -0.011021 -0.003058 0.127476 -0.050094 -0.022842 -0.051889 -0.009569 -0.008458 -0.101743 -0.015289 0.076666 -0.050848 -0.043658 0.001141 -0.002275 0.026950 -0.045318 -0.121367 0.001326 -0.084664 0.079801 0.033500 0.000000 -0.037946 -0.011881 0.005011 0.007058 0.067181 -0.007638 -0.039276 -0.017621 0.107897 0.090062 0.132916 -0.057994 0.030075 -0.081728 0.086224 -0.162888 -0.001876 -0.025988 0.071487 -0.108492 -0.000212 -0.067590 0.024428 0.009818 0.076021 0.040149 -0.025937 0.077456 -0.045163 0.084170 0.028792 0.044229 -0.002954 0.092898 -0.100175 0.114660 -0.017370 -0.116286 -0.001359 0.153475 -0.032368 0.046853 -0.038555 -0.074746 -0.019624 0.001740 -0.118171 0.001648 0.052487 0.009804 0.098662 0.122643 0.131086 -0.108884 0.004425 0.015664 -0.001981 0.019313 -0.008865 0.098588 -0.025017 0.000000 0.101707 0.011648 -0.052601 -0.063593 0.020324 -0.010783 -0.079930 0.033369 0.002616 0.059226 0.087209 -0.163960 -0.037917 -0.158217 0.004092 0.156878 -0.090019 0.162907 0.000135 0.004687 -0.001353 -0.011013 -0.085967 -0.043884 -0.024231 0.098940 -0.133939 -0.145844 -0.005922 0.111256 -0.040791 0.030739 0.036183 0.116662 0.097392 0.044153 0.065908 0.025180 -0.018497 -0.085858 0.008629 0.061049 -0.111085 -0.052891 0.005650 -0.022114 -0.033226 0.073078 -0.009993 0.045609 0.002410 
-0.000749 0.102563 0.039040 0.012222 -0.015878 0.087103 0.427332 -0.069573 0.022203 0.040108 0.027262 -0.012879 -0.019643 -0.019274 0.046129 0.086819 -0.051250 0.031105 0.161257 -0.041383 -0.003274 -0.076391 0.131293 -0.081779 0.036430 0.135244 0.078966 -0.080371 -0.088797 -0.141798 0.022433 0.152334 -0.010544 -0.026904 0.018215 -0.102267 -0.082620 0.076618 0.038813 0.011631 -0.146150 0.113653 -0.026887 -0.085604 -0.006751 0.005715 -0.063165 -0.153452 0.143909 0.101502 0.039616 -0.103025 -0.050460 0.013490 0.073111 0.086319 -0.082201 0.048798 -0.011174 -0.132296 0.028938 0.163428 0.000105 0.090346 -0.048353 0.119253 0.074646 -0.109131 0.087528 -0.010585 -0.013295 0.090075 0.138937 -0.095921 0.036054 0.076525 0.026194 -0.014570 0.022037 -0.042644 -0.118720 0.111588 0.037947 -0.030524 0.000000 0.007857 -0.060742 0.007994 -0.015454 0.001205 0.028888 -0.010575 -0.015543 0.104371 0.002453 0.013723 0.094483 -0.015099 -0.131108 -0.012358 0.022023 0.061815 0.041825 -0.051502 0.017517 0.139687 0.138755 0.071410 0.005155 -0.109577 0.017611 -0.112652 0.055316 0.005919 -0.001343 -0.070945 0.017530 -0.032290 0.048292 0.113404 -0.045274 0.143653 0.044704 -0.127746 -0.127966 0.001607 0.001769 0.064258 0.024024 -0.098116 0.037061 -0.001912 0.077963 -0.062204 0.069413 0.001635 0.117944 0.098754 0.015765 0.103429 -0.056150 0.107990 -0.012588 0.050066 0.065119 0.064404 -0.111366 0.051030 0.027107 -0.003820 -0.106130 0.022172 0.045827 0.011870 0.004676 0.005151 0.004731 -0.012209 0.051830 -0.061157 0.092103 -0.102852 -0.027949 -0.127436 0.113345 0.097533 0.130651 0.045522 -0.028549 0.085092 0.019510 0.142923 -0.044005 0.020011 0.046726 -0.108752 -0.001405 0.140664 -0.010950 -0.016178 0.016049 -0.032701 -0.016637 0.021504 -0.004455 0.036227 -0.050718 -0.029725 0.130091 0.012163 0.013959 0.024055 -0.098721 -0.045450 0.017330 -0.165633 
0.116430 -0.063728 -0.008657 -0.095906 0.057698 0.071589 -0.069573 0.594103 -0.027413 -0.116640 -0.098673 -0.087669 0.001041 -0.096249 0.003074 -0.021547 -0.003197 -0.105840 -0.000656 -0.050008 -0.053988 -0.039272 0.025724 0.091493 0.031213 0.121757 -0.081794 0.030516 -0.107643 -0.073179 -0.091562 0.017495 0.038806 0.005208 0.033855 0.035865 -0.002208 0.026307 0.044404 0.060064 -0.085224 -0.058661 -0.095165 0.000000 0.089130 0.039065 0.074201 -0.041839 0.114247 0.165738 -0.011094 0.101016 0.128994 -0.070875 -0.021229 0.056886 0.001577 0.055763 0.128819 0.051904 0.049909 0.048419 -0.023578 -0.002612 -0.055781 -0.015710 0.005845 -0.025245 -0.013991 0.003612 -0.109018 0.043025 -0.043308 0.060381 0.111814 -0.076290 0.027304 0.004112 -0.087977 -0.012706 0.039381 0.033419 -0.010443 0.029443 -0.161885 0.011976 -0.097936 -0.036445 -0.081073 -0.049596 -0.089803 0.066932 0.074780 -0.016454 -0.096704 0.095066 0.091630 0.120884 -0.103990 0.059812 -0.048129 -0.046644 0.011434 -0.133190 -0.084855 0.042565 -0.007029 -0.115160 0.085203 -0.006866 0.020767 -0.010997 0.139425 -0.103972 0.016062 -0.079047 -0.065081 -0.044919 -0.081491 -0.038622 0.116365 0.047381 -0.000806 0.126008 -0.020929 -0.026200 -0.044828 0.003379 0.139275 -0.053752 0.061461 -0.088464 0.099380 -0.007716 -0.019819 -0.157754 -0.131197 0.026638 0.094416 0.079688 -0.106047 0.090320 0.024745 0.028737 -0.003309 -0.065968 0.140344 0.038718 -0.048604 -0.003834 0.044319 -0.042095 -0.093688 0.063229 0.001374 -0.029186 -0.048428 0.099463 0.058864 0.037591 -0.036044 0.045027 0.072108 -0.005029 0.061334 0.039042 -0.031307 -0.045226 0.127392 0.104172 -0.024485 0.061538 -0.069129 -0.144474 -0.087865 0.026672 -0.003803 0.099735 0.074144 -0.135741 0.140914 -0.065288 0.114095 -0.124131 0.075525 -0.039656 0.038063 -0.017084 -0.033658 -0.018423 -0.033617 0.025556 -0.100373 0.107341 -0.013893 -0.022154 
0.004906 0.085394 0.010280 0.000000 0.000106 0.091391 0.022203 -0.027413 6573.494056 -0.000876 -0.001735 -0.092755 0.024122 -0.005338 0.006765 -0.023579 0.037372 0.143070 0.073517 -0.059369 0.002124 0.000728 -0.032928 0.085792 -0.001492 0.008307 0.084273 -0.058541 0.091597 -0.007472 -0.083663 0.000623 0.000000 0.000000 -0.063272 0.130259 0.001485 0.141330 0.093019 0.010419 -0.006926 0.003283 -0.091877 -0.010364 0.031355 -0.002394 0.110266 -0.011024 0.087875 0.027589 0.131759 0.041366 0.008488 0.000243 0.023104 -0.133471 0.105094 -0.144323 0.102500 0.003759 0.012920 -0.083053 -0.044586 0.005038 0.023795 0.085308 0.086079 -0.037738 0.097259 0.000000 -0.131496 0.015779 0.094616 0.010148 0.031209 0.127793 -0.103935 -0.002470 0.013364 -0.131182 -0.131968 0.000000 -0.052372 0.007031 0.036522 -0.020711 0.026449 -0.004094 0.165924 0.006994 0.095761 0.010755 -0.019893 0.000480 -0.030042 0.013285 -0.003623 0.164629 0.081065 0.024883 0.084468 0.037884 0.002569 0.054424 0.001185 -0.110915 -0.155405 0.036991 0.000304 0.023414 0.006986 0.009297 -0.164461 -0.003305 0.061761 0.046633 -0.052624 0.095002 0.079587 -0.090816 0.055434 -0.032510 -0.000332 0.013623 -0.000519 -0.084009 0.000000 -0.065656 0.133471 0.121564 0.003838 0.000218 0.043927 -0.005828 0.045289 -0.001481 0.115329 0.048707 -0.013628 -0.041873 0.008346 -0.039234 -0.075916 -0.032243 0.000693 -0.148873 0.133167 -0.000559 -0.057293 -0.049884 0.098815 0.094324 0.004119 0.040498 -0.054572 0.034176 -0.009391 0.011562 -0.027715 -0.074590 -0.090221 0.003031 0.009712 0.117939 0.015641 0.034985 0.062452 -0.049754 0.000211 -0.000345 -0.156071 0.156547 0.000000 0.006025 0.116433 0.003113 0.002932 0.000000 -0.079347 0.000526 -0.053412 0.003149 -0.038006 0.005369 -0.117932 -0.007776 0.109847 0.010432 0.075963 0.003708 0.158489 -0.096848 0.000685 0.000000 0.021547 -0.085150 
0.041989 -0.007003 -0.066062 0.002067 -0.041967 -0.005376 0.040108 -0.116640 -0.000876 485.962968 0.158826 -0.027668 -0.007541 -0.009092 0.000000 0.147228 0.003146 -0.002277 0.000754 0.157416 -0.021045 0.000278 0.106371 -0.001689 0.112898 0.102689 0.140016 0.060835 -0.103562 0.000839 -0.001010 0.050121 0.011770 0.053101 -0.003221 -0.079235 -0.043159 -0.001047 -0.001150 0.029106 0.090482 -0.001300 0.044198 0.002442 0.108757 -0.008077 0.042103 -0.125028 -0.063357 -0.000724 0.108291 0.028961 -0.027890 0.000000 0.041800 -0.106244 0.015367 -0.000928 -0.097172 -0.073183 0.091376 0.163807 0.020881 -0.003364 0.062744 -0.022559 -0.089486 -0.036554 0.001033 0.002178 0.013225 -0.078228 0.055319 -0.001010 0.007608 -0.039217 0.079099 -0.027847 -0.054309 -0.011927 -0.064107 0.000000 -0.080965 -0.030406 -0.027717 0.036244 0.027728 -0.063944 0.000000 0.000329 -0.090886 0.000462 0.004446 -0.049477 -0.062355 0.018117 0.021185 0.024289 0.019057 -0.011730 -0.047219 -0.064322 -0.100391 0.022990 0.027372 0.019731 0.015391 0.009003 0.001567 -0.000718 -0.158830 0.117923 0.014952 0.002334 -0.124934 -0.032137 0.006029 0.033099 0.115252 0.002920 0.128860 -0.004766 -0.003898 0.053059 -0.106547 0.003116 -0.036033 -0.119749 -0.117137 0.000594 0.124742 -0.007464 -0.037383 -0.136634 0.100847 0.003110 -0.001246 0.006377 -0.065632 -0.017066 0.000312 0.131931 -0.147733 0.017479 0.005099 -0.017931 0.094377 -0.027039 -0.043531 -0.157859 0.066862 0.026598 0.135620 -0.117373 -0.037657 -0.079329 0.042812 0.000753 0.054049 0.078742 0.042394 0.000000 -0.093582 -0.163962 -0.006505 -0.090425 -0.154888 -0.026155 0.114961 0.151753 0.087276 -0.030988 0.000817 -0.004676 -0.135612 -0.096382 0.000000 0.000000 0.136176 -0.012395 0.024535 0.124115 -0.098706 -0.001099 0.028136 -0.023408 0.110846 0.000000 -0.155269 0.000000 0.000848 -0.007420 -0.089410 -0.000358 0.004372 0.021995 
0.003046 0.003494 0.073328 -0.089402 -0.018583 0.083959 0.027262 -0.098673 -0.001735 0.158826 30.835482 0.081377 0.039034 0.073956 -0.132653 0.026251 0.033582 -0.008018 -0.150966 -0.013239 -0.002133 -0.056857 -0.127733 0.042211 -0.001441 -0.094813 0.011210 0.009363 0.000000 0.012085 -0.064365 0.028852 0.055849 0.091607 -0.059028 -0.165575 -0.009698 0.022998 0.043543 -0.014011 -0.026541 -0.161309 -0.006853 -0.162185 0.082122 0.122418 -0.012596 0.125267 -0.127664 -0.104339 0.035215 -0.059395 -0.001381 0.029459 0.017685 0.039546 -0.019917 0.012386 0.015028 0.002715 0.017407 0.156726 0.006835 -0.080266 0.022034 0.087983 0.020476 0.007920 -0.000937 -0.005333 -0.138985 0.058614 0.041977 0.008759 0.023131 -0.004066 -0.136374 0.000000 -0.098658 -0.037366 -0.037413 0.018294 -0.061097 0.015429 0.024253 -0.001217 -0.009786 -0.012211 0.106044 -0.011900 -0.008616 -0.059386 -0.043059 -0.010372 0.017261 0.030607 -0.081285 0.010902 -0.003126 -0.044432 0.033414 0.000525 -0.000526 0.094920 -0.118218 0.080801 -0.053248 0.046941 0.033918 0.030077 -0.012504 -0.051796 0.102973 0.046271 -0.128286 0.055776 0.108649 -0.059732 -0.124760 0.016040 0.000000 0.028758 0.135719 0.009387 0.014941 0.003605 0.036847 -0.124961 -0.002734 0.026055 -0.010619 0.000242 -0.078649 0.000895 -0.066722 0.039530 -0.166881 -0.016935 0.056711 -0.063744 -0.088277 -0.140882 -0.110673 0.137190 0.006930 -0.023307 0.000131 0.021789 0.068384 -0.044526 0.108718 -0.068014 0.012435 -0.066572 -0.016145 -0.053047 0.013660 0.000111 -0.002930 -0.069049 -0.107849 0.072539 -0.012209 0.057083 0.020232 0.025904 -0.043346 -0.131360 0.001282 0.059532 0.033798 -0.108613 0.014216 -0.005878 0.036196 -0.010864 0.006572 -0.101023 -0.043581 -0.001870 -0.012819 -0.003126 -0.002361 0.001437 0.036520 -0.021371 -0.013133 -0.003034 0.090813 0.011880 -0.002204 -0.041357 -0.015020 0.050788 0.007290 0.000493 
0.058472 -0.001791 0.011695 0.011586 0.031950 -0.008304 -0.012879 -0.087669 -0.092755 -0.027668 0.081377 1.813628 0.034147 -0.025649 -0.036643 -0.064003 0.131381 0.087676 -0.108347 0.112096 -0.040511 -0.062665 -0.082813 0.109783 -0.056282 -0.019831 -0.157220 -0.011106 0.139965 0.117956 -0.165615 -0.024759 -0.094571 -0.102349 0.064938 -0.124573 0.037015 0.028271 -0.002898 0.034708 0.114541 -0.107250 0.067234 0.020692 -0.015858 0.052925 -0.064245 -0.011627 0.065508 0.027922 0.017533 -0.087240 0.014442 -0.058669 -0.035730 0.053407 0.000000 0.011315 0.027257 0.079692 0.160652 0.098419 0.044931 0.118205 -0.117849 -0.079755 -0.010001 -0.051696 -0.083124 0.042903 -0.092383 0.008630 -0.057761 -0.083149 0.000159 0.132243 -0.035621 -0.078630 0.145713 -0.061637 -0.052500 0.090957 0.084179 0.130372 -0.037009 -0.031917 0.082506 -0.143467 -0.089270 -0.099351 0.055593 0.006213 -0.050856 -0.040727 -0.159506 0.003592 -0.089458 0.124132 -0.035420 0.052523 0.067624 0.123942 -0.074475 0.061098 0.108259 0.092117 -0.128267 -0.064141 0.010171 0.043424 -0.043243 -0.042994 0.121610 -0.108979 -0.097710 0.111214 -0.026109 0.047402 -0.057249 -0.071482 0.046952 0.038239 0.089849 -0.006460 0.154578 0.060580 0.027645 -0.071027 -0.101510 -0.093834 -0.156203 0.006924 0.132009 -0.034399 0.045013 -0.000133 0.087681 0.003014 -0.154961 0.000776 -0.008174 0.067895 0.127679 0.010192 0.089978 0.073429 0.063707 -0.038855 -0.148013 -0.043832 -0.056684 -0.002546 0.156723 0.012643 0.007426 -0.008365 0.016033 0.037085 -0.039691 0.102414 -0.009401 0.012516 -0.106394 -0.159322 -0.053592 0.012620 0.043339 -0.044499 -0.057576 0.042571 0.060122 0.030997 -0.002877 0.134425 -0.006253 -0.008859 -0.075064 -0.040001 -0.000118 0.045659 0.007242 -0.086077 -0.000981 0.006809 -0.056053 0.035801 0.067755 -0.089274 0.010414 0.060628 0.040807 -0.016151 0.026843 0.060016 0.104989 -0.123410 
-0.108229 -0.034193 -0.056992 0.093475 -0.014621 0.072937 -0.019643 0.001041 0.024122 -0.007541 0.039034 0.034147 1808.179247 0.067475 -0.102609 -0.006968 -0.138244 0.000000 -0.020897 0.005389 0.009201 0.024121 -0.004828 -0.050477 -0.108313 0.000000 -0.124577 0.015608 0.000000 -0.006931 -0.062988 -0.019289 0.000000 0.004673 0.029414 -0.025108 -0.021189 0.000144 0.066938 0.069001 0.006888 0.039548 0.036741 0.051600 0.137642 -0.081246 0.011385 -0.112972 0.106862 -0.010105 0.013837 0.005947 -0.063611 -0.000879 -0.056885 0.003133 0.101589 0.005075 0.146355 0.046559 0.163938 -0.002079 0.013733 -0.074845 -0.005526 -0.078143 0.001173 0.095442 -0.002150 -0.002740 -0.063258 -0.091654 0.135146 -0.121432 0.138777 -0.047104 0.002998 0.000000 -0.016387 -0.005288 0.037934 -0.106431 -0.111511 -0.074062 -0.014211 0.000946 -0.049937 0.148651 -0.150315 0.025739 0.051689 0.010961 0.158782 -0.164122 -0.026956 -0.144491 -0.072713 0.000000 0.000139 0.014505 -0.001060 -0.052247 -0.016271 -0.000636 -0.004854 0.002023 0.080173 -0.057122 0.009311 -0.000687 0.109609 0.017105 0.013255 0.000881 0.025884 -0.056130 -0.082506 0.000461 0.029822 0.000787 0.000464 0.000319 0.036479 -0.067988 0.081893 0.000000 0.000000 0.008540 0.001213 -0.011187 -0.000637 -0.005788 0.001016 0.016388 0.012940 -0.001148 -0.033454 0.000229 -0.063306 -0.015441 0.001069 -0.116057 0.036256 0.114846 -0.115018 -0.015510 -0.093104 0.034535 -0.090248 -0.009494 0.106425 -0.030356 0.016678 0.001746 0.062424 0.048139 0.008000 -0.011020 0.035204 0.067093 0.000000 0.141065 -0.097880 0.009116 0.010134 0.000000 -0.077232 0.087417 0.071946 0.000000 -0.080789 -0.055055 0.069975 0.104393 0.088760 -0.095419 -0.000793 0.028168 -0.022005 0.010333 -0.147536 -0.156858 -0.023437 -0.002759 0.026926 0.022962 -0.030436 0.003496 -0.006098 0.001727 0.016341 -0.053355 0.000000 -0.012642 0.009607 -0.010418 
-0.021968 0.084334 0.023109 -0.097911 -0.047265 0.044197 -0.019274 -0.096249 -0.005338 -0.009092 0.073956 -0.025649 0.067475 464.181443 -0.015835 0.009939 0.041162 0.000000 0.011551 -0.005240 -0.021741 0.015032 0.155369 -0.000534 0.030947 0.115651 -0.079596 -0.025289 -0.001368 0.050357 0.000686 0.109989 -0.056780 -0.005493 -0.000701 0.020681 -0.041279 0.005590 -0.012030 0.056436 0.000840 -0.048608 -0.001522 0.033449 -0.012727 0.074115 -0.021633 -0.073676 0.049664 -0.059840 0.149789 -0.011003 0.047288 -0.000619 -0.027917 0.136253 0.009287 0.000000 0.057143 0.000000 -0.003356 -0.088893 -0.070531 0.090143 0.035166 -0.061977 -0.003272 0.024547 -0.046640 0.047665 0.113910 -0.016741 -0.144564 0.013914 -0.089717 0.105526 -0.052147 0.000980 0.006011 0.129480 -0.002837 -0.164752 0.007432 0.062675 0.127436 0.009644 0.011698 0.068198 0.000000 0.025568 -0.025158 -0.027134 -0.104708 0.018509 0.095575 -0.018573 0.075214 0.000000 0.005314 0.141800 -0.083774 -0.063653 0.058654 -0.110147 0.000913 -0.000358 0.126237 0.007579 0.000258 0.000000 0.007915 -0.101214 0.074517 0.000000 0.066745 -0.118667 0.001453 0.005452 -0.088093 0.011189 -0.147949 -0.021661 -0.010813 0.002194 -0.069503 -0.000144 0.014683 0.073454 0.036470 0.000148 0.161033 0.055665 -0.010995 0.032507 -0.002906 -0.002882 -0.120377 0.007801 0.018644 0.032954 0.010114 -0.011696 0.063921 0.019762 -0.088465 -0.097508 0.071738 -0.054452 -0.029874 0.127514 -0.054496 0.027957 0.128111 -0.029955 0.012528 0.014105 -0.043751 -0.000735 0.099140 0.091089 0.000000 0.031498 -0.148897 -0.054979 -0.064999 -0.061325 0.008164 -0.044750 -0.080527 -0.001317 -0.006464 -0.044057 0.142449 -0.005836 -0.025179 0.008503 -0.064146 0.049427 0.027511 0.000268 0.006448 0.024814 0.003669 0.018367 0.027987 -0.019422 -0.111098 -0.049874 -0.163542 -0.046380 0.034129 -0.107268 0.005891 0.001735 -0.081513 -0.057188 
-0.063135 0.033269 0.056609 0.019807 0.000000 -0.039900 0.046129 0.003074 0.006765 0.000000 -0.132653 -0.036643 -0.102609 -0.015835 366.780264 0.000237 0.001597 0.073468 -0.006171 0.057311 0.000486 0.001969 0.103790 -0.027782 -0.072607 0.000000 -0.078561 -0.093830 -0.029086 -0.096943 0.002098 0.035360 0.002890 -0.137851 0.000515 0.026734 0.044099 0.002331 -0.017529 0.101635 -0.150498 0.021523 0.080399 -0.023055 0.056591 0.015292 -0.049983 -0.105589 -0.069322 -0.020688 -0.159543 -0.117906 0.001503 0.112459 -0.102693 0.063191 -0.125254 -0.069372 -0.123580 -0.106484 0.104121 0.078668 -0.164819 -0.006065 -0.000514 0.057743 0.008477 -0.042918 0.016329 -0.005795 -0.130008 0.073838 -0.032646 0.032327 0.000564 0.124105 -0.000593 -0.004702 0.071777 0.049033 -0.086524 -0.134022 0.004251 0.136286 0.052105 -0.017915 -0.065671 -0.059106 0.144510 0.147114 0.138311 0.004205 0.011853 0.023236 -0.026344 0.101820 0.089983 -0.131899 -0.018212 0.059263 0.102569 0.058680 0.000935 0.023850 -0.048206 0.016252 0.100430 0.002882 -0.146482 0.005500 -0.149926 0.005944 0.000000 -0.000103 -0.010636 0.070425 -0.022765 0.003283 -0.072902 0.055528 0.028945 0.003724 -0.056205 0.100322 0.001190 0.006643 0.000000 -0.030045 -0.004548 -0.006771 -0.014226 0.043934 -0.049033 0.020715 -0.005983 -0.001960 0.090299 0.008536 0.076693 0.020078 -0.030386 -0.115014 0.003832 -0.050999 -0.001671 0.000793 0.047026 -0.035880 0.021376 -0.004755 0.085342 0.084626 -0.017225 0.062498 -0.001573 0.008431 -0.096373 0.001091 -0.025451 0.020042 -0.065632 -0.036395 0.049633 0.022012 0.004220 -0.020403 0.069810 0.000191 -0.024092 0.001659 0.000358 -0.060347 0.000000 -0.032407 0.019100 -0.157511 0.003963 -0.012510 -0.061991 -0.061568 -0.003952 -0.035089 0.012584 0.082960 0.077390 -0.044298 0.154623 0.062706 -0.021521 0.000000 0.037907 0.013237 0.007230 0.024104 0.003967 0.006776 
0.023544 -0.003588 -0.134444 0.007778 -0.013708 -0.006882 0.086819 -0.021547 -0.023579 0.147228 0.026251 -0.064003 -0.006968 0.009939 0.000237 121.257527 0.084999 -0.000623 0.104969 -0.026123 0.046863 -0.004763 0.014161 0.148437 0.034384 -0.058786 -0.028756 -0.053943 0.071002 0.000000 0.000216 -0.012232 0.015933 0.004081 -0.000691 -0.009962 -0.004394 -0.043716 -0.018793 -0.003213 -0.081978 0.053723 -0.019295 -0.015193 -0.000871 0.013265 -0.032405 0.012656 -0.002916 -0.072483 0.094506 0.016835 0.144198 0.074893 0.011381 0.052975 -0.154900 -0.075463 -0.072720 0.010319 0.012238 0.001347 -0.045155 0.000000 0.085464 -0.047649 -0.040829 -0.053063 0.095355 -0.116498 0.111315 -0.016370 -0.096290 0.013343 -0.002206 0.019454 0.001803 0.088923 0.002734 0.071648 0.039675 -0.093488 0.011746 -0.032844 -0.013545 -0.083229 0.002718 -0.010563 -0.015260 0.017398 0.030936 0.006582 0.041796 -0.058538 -0.008010 -0.023035 -0.157251 -0.028206 -0.061455 0.013669 0.165278 -0.001626 -0.137558 -0.049959 0.001465 -0.044079 0.118989 0.071065 0.000478 -0.008382 0.162466 -0.000124 0.006152 0.003369 0.036122 0.018355 0.046706 0.045192 -0.051301 -0.018013 -0.002013 0.000106 0.015563 0.141625 0.000000 -0.009802 -0.028343 -0.077362 -0.077780 0.037605 -0.035407 -0.000344 0.162059 0.026086 -0.045560 0.004447 -0.101538 -0.070924 0.019981 0.146538 0.065927 -0.025630 -0.024335 -0.022447 -0.044366 0.086364 -0.094555 -0.105194 0.057500 0.011586 -0.098467 -0.068911 -0.035215 0.004095 -0.037962 -0.025090 0.095174 -0.014665 -0.048853 0.088440 -0.099618 -0.083943 0.131706 -0.016562 0.078990 -0.041366 -0.013248 0.030252 0.149645 -0.000599 0.038661 0.104768 0.016335 0.006559 0.039041 -0.005529 0.011935 -0.051594 -0.116640 -0.017311 0.023393 -0.002965 -0.046427 0.015879 0.002628 0.003414 -0.086589 -0.028292 -0.032627 0.141439 0.145934 0.036029 -0.009292 0.060603 -0.004482 -0.133442 
-0.107268 -0.091162 -0.021799 -0.135878 0.002118 -0.000191 -0.051250 -0.003197 0.037372 0.003146 0.033582 0.131381 -0.138244 0.041162 0.001597 0.084999 349.722359 0.003069 -0.007458 0.000496 -0.014033 0.000644 -0.076560 0.078587 -0.009349 -0.108645 0.036277 -0.057563 -0.003272 0.000000 0.000126 0.119172 -0.014154 0.000000 -0.020341 -0.147824 -0.041033 0.089970 -0.004102 0.021407 0.010154 -0.075086 -0.015412 -0.004892 0.033848 -0.089054 0.012472 0.136989 0.152365 0.080756 -0.028566 0.008940 -0.025481 0.075953 -0.060281 0.127972 -0.030460 0.008252 -0.039993 0.142745 0.015535 0.000447 0.017726 0.049976 0.000000 0.120770 0.069983 -0.034293 -0.108346 0.047209 -0.146955 0.088172 0.041766 -0.005400 -0.107844 0.048690 0.001923 -0.001196 -0.038949 0.024992 0.007164 0.000000 -0.108480 -0.008939 -0.007608 0.007654 0.163602 -0.139758 0.000426 -0.000284 0.076057 -0.117353 -0.059348 -0.009927 0.089653 0.157745 -0.038536 0.000000 -0.075035 -0.010895 0.006428 -0.150801 -0.017204 0.070954 0.000319 0.018699 0.007193 -0.040390 -0.042174 -0.103147 0.000281 -0.016188 -0.122390 0.000000 0.008449 0.060270 -0.096074 -0.076491 0.057857 -0.056255 -0.003401 -0.011816 0.145914 -0.015088 0.118194 -0.057116 -0.037590 -0.092689 0.000000 -0.003763 0.045700 -0.093356 -0.005585 -0.002298 -0.144433 0.037508 0.139950 0.000000 -0.043200 0.012986 0.001930 -0.089955 0.009925 0.026266 0.054552 0.003480 -0.116948 -0.000338 -0.058301 -0.014953 0.049613 -0.052797 -0.003106 0.146967 -0.020828 0.068513 0.001785 0.040636 -0.059231 -0.003161 0.077119 0.054075 -0.012045 0.133096 -0.054402 -0.001207 -0.008732 0.097389 -0.092367 0.000000 0.004742 -0.148596 0.001095 -0.000344 -0.017779 -0.019309 -0.082411 0.001826 -0.016813 0.001887 -0.118292 0.009723 0.003560 -0.061971 0.118250 0.038261 0.084169 -0.165385 -0.095061 0.000550 0.049015 0.083880 0.001525 0.015767 0.000413 -0.007465 
0.021994 -0.144540 -0.003427 0.000000 0.002309 -0.067653 0.031105 -0.105840 0.143070 -0.002277 -0.008018 0.087676 0.000000 0.000000 0.073468 -0.000623 0.003069 3402.215289 0.003573 -0.004396 -0.080105 -0.005525 -0.088196 -0.012747 -0.030786 0.099399 -0.121956 -0.062494 0.002561 0.002800 -0.059601 -0.102645 -0.099574 -0.127232 -0.000779 -0.056364 -0.037163 0.082842 0.041928 -0.014217 0.000853 -0.004661 0.017330 -0.069655 0.064913 0.012793 0.032308 -0.126561 -0.034169 0.044522 -0.043696 0.001420 -0.030960 0.000000 -0.099539 -0.020640 0.006532 -0.141057 -0.001593 0.137572 -0.028647 -0.017239 0.008240 0.090190 -0.007703 -0.074026 -0.114190 0.026989 -0.067681 0.134020 0.014925 -0.006982 0.118972 0.037003 -0.031098 0.068878 -0.013185 -0.017169 -0.029242 -0.005629 -0.111211 -0.008654 0.008908 0.143975 0.003084 0.002290 -0.039997 -0.065777 0.000000 -0.008071 0.035922 0.137172 -0.124248 0.008608 -0.067168 0.000000 -0.106656 0.000000 -0.015250 0.110049 -0.011033 0.040131 0.037551 -0.038007 0.000000 0.001261 -0.000919 0.058482 -0.001526 0.000000 -0.088803 -0.082451 0.106851 0.000000 0.136888 -0.010941 -0.113551 -0.061306 0.068167 0.020567 -0.009170 -0.000191 -0.153493 0.014107 0.001391 -0.052273 0.000000 -0.031434 -0.001433 -0.009730 0.003921 -0.003238 -0.040067 -0.016651 0.136703 0.000000 -0.052477 -0.135487 -0.028730 -0.013521 0.001086 -0.025555 -0.031437 0.000000 -0.008429 0.099784 -0.002087 0.051549 0.023176 -0.010333 -0.077960 -0.002980 0.005065 -0.016301 -0.105624 0.025773 -0.065739 0.000000 0.090527 0.010367 -0.009442 0.024736 -0.094681 0.000159 0.002678 0.004136 0.054959 -0.155305 0.128831 0.004829 -0.030525 -0.024667 -0.076648 0.000440 0.047095 -0.109406 0.000000 0.006729 0.012225 0.001193 -0.002128 0.007595 -0.086252 0.121876 0.007333 -0.006135 -0.125962 -0.042809 -0.135853 -0.003499 -0.109553 -0.054140 0.000000 0.000000 0.065182 0.000343 
-0.105983 -0.000787 0.006199 -0.047761 -0.000585 0.113171 0.161257 -0.000656 0.073517 0.000754 -0.150966 -0.108347 -0.020897 0.011551 -0.006171 0.104969 -0.007458 0.003573 68.274065 0.007827 0.019387 0.019683 0.165445 -0.018181 0.067130 0.004131 0.012687 -0.030623 -0.137602 -0.090565 0.003449 -0.155782 -0.105991 -0.002378 0.000896 0.000905 0.022800 -0.001554 0.029611 0.081513 -0.000807 -0.116825 -0.064139 -0.003224 0.063714 0.003860 -0.090719 -0.036750 -0.038630 0.064929 -0.000812 -0.031689 0.013554 0.007385 0.021531 -0.083434 0.007974 -0.078177 -0.102076 0.155637 0.020443 -0.000115 -0.001577 -0.025634 0.050614 -0.141332 0.045981 -0.080314 0.073886 -0.033285 -0.010862 0.033615 -0.077184 -0.078965 -0.032957 0.058133 -0.019134 -0.000333 0.054379 -0.114158 -0.021272 0.000000 0.053732 -0.108957 0.001641 0.027128 -0.009235 0.025552 0.025565 -0.012935 0.006411 -0.084517 -0.008826 -0.001027 0.056534 -0.017820 -0.156709 0.123465 0.019454 -0.041086 -0.065654 0.012675 0.008437 0.048843 0.013970 0.001234 0.077370 -0.078099 0.162822 0.111826 0.059223 0.069747 -0.010641 -0.064769 -0.158092 -0.013304 0.032906 0.003192 0.013021 0.097528 -0.012432 0.022354 -0.006901 0.018349 -0.023104 0.031701 0.132372 0.111332 0.003050 0.000000 0.019518 -0.000244 0.064803 -0.089135 0.031230 0.023529 0.032730 0.017248 -0.017692 0.060379 0.000000 0.047560 0.071979 0.007503 -0.004762 0.072440 0.093617 -0.070668 0.100210 -0.005823 0.005663 -0.082166 0.015047 0.002946 0.109786 -0.120127 -0.004752 0.002538 -0.014315 -0.037928 -0.015563 -0.082364 0.062426 0.077057 -0.070155 0.000000 -0.008239 -0.017852 0.055612 0.007448 -0.086404 -0.086382 -0.031821 0.110303 0.016214 -0.094945 0.004674 -0.041193 0.063173 -0.006665 0.059010 0.024316 0.068774 0.152215 0.027968 0.003452 -0.059452 -0.130022 -0.005621 0.000000 -0.006513 -0.047495 -0.035035 0.000380 -0.007513 -0.040904 
0.049336 -0.001557 -0.012506 -0.123793 0.013108 -0.011441 -0.041383 -0.050008 -0.059369 0.157416 -0.013239 0.112096 0.005389 -0.005240 0.057311 -0.026123 0.000496 -0.004396 0.007827 19.219421 0.032847 0.005265 -0.038299 0.051549 -0.163817 0.029358 0.050733 -0.118197 -0.111546 -0.010572 0.017286 -0.001703 -0.078633 -0.082814 0.007443 0.091504 -0.092229 0.007856 0.021380 0.079679 -0.012513 0.089153 -0.071190 -0.004415 -0.074034 -0.000747 -0.001106 0.098489 0.036282 0.012505 0.060760 -0.036542 0.052428 0.013151 0.022833 0.074952 0.036287 0.079355 -0.156397 0.078114 0.117466 0.021281 0.004834 -0.030903 -0.074665 -0.004252 0.162444 0.103849 -0.081314 -0.011736 -0.081062 0.014074 0.014872 0.010611 -0.011873 -0.016937 0.063457 -0.141963 0.014520 -0.135935 -0.035912 -0.001734 0.097637 -0.023485 -0.087242 -0.008521 -0.139603 0.008763 -0.166149 0.003156 0.014310 0.000000 -0.097254 -0.003644 0.161603 -0.080776 0.009108 0.105586 0.021167 -0.107612 0.000000 -0.072389 -0.086650 -0.038684 0.163262 -0.007852 -0.158298 -0.057245 0.056997 0.001040 -0.027627 -0.039872 0.043954 0.005505 -0.012770 -0.058676 -0.027665 0.074324 -0.068910 -0.150732 -0.107901 0.074334 -0.034497 0.070330 0.005491 -0.004331 -0.007084 -0.114744 -0.002519 -0.048706 -0.059317 -0.000478 -0.129022 -0.002851 0.000000 0.029828 0.100887 0.161577 -0.054250 0.039830 -0.019218 0.007602 0.018789 -0.057595 0.145486 -0.054238 -0.024601 0.005358 0.037556 -0.012983 0.021075 0.028737 -0.037374 -0.044663 0.097428 -0.063903 -0.004987 -0.006384 -0.145377 -0.099534 0.154156 -0.000889 -0.010788 -0.038821 -0.088881 -0.130832 0.059454 -0.019432 0.033617 0.132732 0.097334 -0.034864 -0.121854 0.081168 0.074152 0.108006 0.130589 -0.026745 0.086293 -0.166419 0.021009 0.045599 0.128868 0.001056 -0.065443 0.150240 -0.049720 0.027030 0.052912 -0.054037 0.007891 0.103388 0.095438 -0.059025 0.006585 -0.099597 
0.006828 0.000369 0.011807 0.092376 -0.021619 -0.152881 -0.003274 -0.053988 0.002124 -0.021045 -0.002133 -0.040511 0.009201 -0.021741 0.000486 0.046863 -0.014033 -0.080105 0.019387 0.032847 62.273502 0.001235 -0.004884 -0.107403 0.008058 -0.006247 0.017718 -0.112086 -0.053061 0.002281 -0.110112 0.167034 0.115188 -0.166565 -0.130349 -0.152396 0.140502 -0.033885 0.064396 -0.150620 -0.124111 -0.122598 -0.121089 0.062397 0.113853 -0.002327 -0.002404 -0.076448 0.099030 -0.056680 0.009264 0.051373 -0.039597 -0.002557 -0.016224 -0.018752 0.041374 -0.140752 -0.113862 0.019719 0.046497 -0.001588 -0.080257 -0.013234 0.054509 -0.143110 0.159876 0.018287 -0.150074 0.122528 0.026094 -0.029129 0.016455 0.058443 -0.071698 0.007845 -0.079544 -0.019835 -0.010822 -0.126431 0.080593 -0.121301 -0.016213 0.034500 0.000000 0.002080 -0.026793 0.026476 0.076576 -0.109848 0.003908 -0.006997 -0.147551 -0.019082 -0.107864 -0.034629 0.033259 0.007569 -0.059163 -0.148264 -0.070926 -0.033161 0.101362 0.028169 0.030189 -0.001463 -0.156827 0.080575 -0.004923 0.021060 0.051114 -0.009678 0.133654 0.003441 0.022478 -0.114618 0.006231 0.028642 0.107718 0.119227 -0.099418 -0.027953 -0.027785 -0.104022 0.150608 0.025916 -0.031175 -0.026449 0.000000 -0.078605 -0.006196 -0.138770 0.087291 0.004513 -0.055427 0.021279 -0.002548 0.099972 0.031052 0.089959 0.001475 -0.033356 -0.019026 -0.138765 -0.007050 -0.013859 -0.036171 0.002128 -0.000385 0.048606 0.050918 -0.017419 -0.014310 -0.058626 0.100943 0.015383 -0.022287 -0.035200 0.071318 0.055805 -0.040097 0.080725 -0.006893 -0.003658 0.054027 0.100848 0.060080 -0.086721 -0.053523 0.008266 0.057618 0.094864 0.062068 -0.004907 0.031265 0.067766 0.014854 0.023376 -0.116094 0.005627 0.000000 -0.166495 0.001909 0.011588 -0.079560 0.099495 -0.010609 0.065490 0.078607 -0.042443 0.083794 0.114216 0.008795 0.048643 0.028086 -0.005719 
