267.235573 -0.000981 -0.040416 0.067378 -0.003181 0.014144 0.052157 0.010243 0.000943 0.001520 0.060168 -0.093691 -0.000469 -0.004163 0.046744 0.003455 0.053810 0.000000 -0.023945 0.067264 0.000980 -0.000207 -0.004531 0.052110 0.025272 -0.000689 -0.063475 -0.004073 -0.071783 -0.113583 -0.034860 -0.085899 -0.101022 -0.015017 -0.114882 0.004417 0.000000 0.024596 0.015144 0.035725 -0.064343 -0.007991 0.004481 0.040715 0.068054 -0.119295 -0.057275 -0.107558 -0.007707 -0.110289 -0.053784 -0.033427 0.097188 0.004208 0.028628 0.036087 -0.085481 -0.003421 0.042837 0.008723 -0.028443 -0.025154 -0.023927 -0.007681 -0.101458 -0.006195 -0.001833 -0.016774 -0.066499 -0.003325 0.000000 0.011289 -0.045434 -0.001331 0.014912 0.009334 0.049003 0.000657 0.089883 0.024354 0.071340 0.051952 -0.024165 0.099777 -0.024182 -0.001166 0.093579 -0.079011 0.010387 -0.127404 0.002636 -0.009538 0.009613 -0.001810 -0.082622 0.014806 0.010684 -0.026048 -0.033117 -0.009390 0.000834 0.021396 -0.007318 0.081097 -0.001598 -0.049961 -0.016196 0.004167 -0.075703 0.039788 -0.077480 -0.004373 0.001460 0.002936 0.002253 -0.006404 0.001397 -0.005057 0.001781 0.075393 0.035080 -0.083841 -0.043075 -0.002360 -0.060573 -0.044579 -0.034709 0.034960 -0.011514 -0.094565 0.048091 -0.040511 0.015993 0.005899 -0.075730 0.019636 0.112826 0.000000 -0.061234 0.000658 -0.017011 0.000840 0.015791 -0.090912 0.102431 -0.068200 -0.001820 -0.079704 0.107701 0.001624 0.006577 0.068110 0.000500 -0.109634 0.088173 0.050586 -0.063711 0.000162 -0.003243 0.110162 0.000362 -0.000458 0.000995 -0.031553 -0.123189 -0.024794 0.003760 0.082357 -0.079449 0.031011 -0.052458 -0.047928 0.028143 0.008528 0.021494 -0.038519 0.000000 0.006449 0.006985 0.001202 -0.006619 0.000999 -0.030334 -0.109937 0.116227 -0.120221 0.060334 0.042900 0.023676 0.000000 -0.082889 0.031157 0.001713 -0.025740 0.115829 0.051883 
-0.000981 18227.964508 -0.016960 -0.002683 -0.027802 0.014894 -0.056380 0.002461 0.016189 -0.091099 0.000494 -0.000110 -0.005894 0.000817 0.018196 -0.032154 0.000000 -0.037812 -0.058151 0.027791 0.000102 -0.006121 -0.047159 -0.042605 0.088932 -0.075852 -0.088307 -0.074225 -0.003075 0.049206 0.000000 0.033146 0.067200 0.014467 -0.001422 -0.050225 0.114484 -0.114365 -0.059634 -0.002397 0.019158 0.100239 -0.000489 -0.033195 -0.034028 -0.001620 0.024885 0.045670 0.045963 -0.057566 -0.040395 0.076810 0.092789 0.057888 -0.042997 0.006341 -0.087480 -0.035672 0.024546 0.032324 0.004649 0.011878 0.008837 -0.012402 -0.034996 -0.000529 -0.119589 0.072219 0.098700 0.100729 0.063632 0.006961 0.080550 -0.015951 0.058727 0.029527 0.037618 0.010522 0.006083 0.044373 -0.032530 -0.017757 -0.015319 0.017079 -0.009054 0.000000 0.070729 -0.113578 -0.006681 0.000166 -0.008175 -0.007227 0.079252 0.035153 -0.000182 -0.050561 0.023175 -0.003791 0.019957 -0.033198 -0.000169 -0.039765 0.115395 0.079216 -0.054590 -0.108776 0.042050 -0.029920 -0.042146 -0.083813 -0.083456 0.034672 0.064885 0.000000 0.000000 -0.026069 0.033507 -0.111040 -0.021875 -0.006016 0.013365 -0.003460 -0.022851 -0.095891 -0.012590 -0.000890 -0.125896 -0.101400 0.108787 -0.025824 0.067696 -0.036901 -0.003496 0.000591 -0.002356 0.000490 0.111095 0.013917 -0.001895 -0.000236 0.007916 0.091877 0.000290 0.100770 -0.000498 -0.023859 -0.022455 0.035992 0.007901 0.000777 0.001133 -0.027476 -0.050751 0.000000 0.024829 -0.013408 -0.105890 0.000710 -0.001046 -0.027774 -0.003389 0.001049 -0.000445 -0.000983 0.000000 -0.007714 -0.015080 0.051275 -0.021647 -0.013987 0.010474 -0.014988 0.000967 0.033949 -0.014085 -0.041090 0.000536 -0.001212 0.074189 0.019843 0.044059 0.014015 0.058937 -0.037630 0.003969 0.100469 -0.003625 -0.000208 -0.002918 -0.005149 0.000338 -0.072066 -0.000183 0.000394 0.045564 0.040289 
-0.040416 -0.016960 54.910601 -0.073628 -0.095916 0.080747 0.084217 -0.113039 0.000654 0.025666 0.077627 0.105830 -0.049976 0.059936 0.003314 -0.034291 -0.054287 0.052521 0.069157 0.037421 -0.074729 -0.112840 0.063003 0.056532 -0.000767 -0.000787 -0.085860 0.110624 -0.082882 -0.012822 -0.040780 -0.022052 -0.077217 -0.045726 -0.000832 0.118041 -0.056570 0.105806 -0.120145 -0.009410 0.001156 0.001580 -0.008066 -0.047106 0.036385 0.004793 -0.078350 -0.100973 -0.010652 -0.025202 0.026666 0.078584 0.001825 -0.077563 0.056213 0.000000 -0.036933 0.050628 0.021036 0.028820 -0.001121 0.078657 0.092682 -0.104090 0.008903 0.083089 -0.125854 -0.022405 -0.013843 0.000000 0.002453 0.023941 0.105712 -0.068216 0.013303 -0.055957 0.064305 0.000173 -0.111809 0.005920 0.012584 0.055121 0.045995 0.010740 -0.060118 0.116291 -0.027087 0.121691 0.031956 -0.008664 0.001368 0.005370 -0.002547 -0.007703 -0.015733 0.064486 -0.007741 -0.115994 -0.107077 0.034122 -0.021239 0.058772 -0.120507 -0.046708 0.015077 -0.049745 -0.106375 -0.101470 -0.021572 0.052458 -0.053476 -0.017275 -0.055342 0.047674 0.024717 -0.031270 0.038789 0.006978 -0.006639 0.063250 0.024609 0.106351 -0.006329 -0.021176 -0.006082 -0.005835 -0.090383 0.013668 0.001399 0.071524 -0.048361 -0.061903 -0.021604 0.001379 0.017808 -0.053369 0.055509 0.002800 -0.062300 0.102741 0.037213 0.000506 -0.002926 -0.044781 0.038045 -0.105525 -0.127571 -0.002581 -0.013499 -0.000221 0.002540 0.074064 0.002637 -0.088568 0.005212 0.041967 0.076442 -0.103938 0.096243 -0.109765 -0.002339 -0.012244 -0.038498 0.000689 0.045906 -0.081205 -0.021182 0.018182 0.000000 -0.098022 0.076449 0.017445 -0.111222 -0.001933 -0.002164 -0.037686 0.117983 -0.052564 0.056800 -0.000549 -0.034600 0.041921 -0.040021 0.058469 0.046163 0.064241 -0.089784 -0.105653 -0.001618 0.062962 -0.005310 0.012030 0.043552 -0.001863 -0.117919 -0.006806 
0.067378 -0.002683 -0.073628 36.777678 -0.026682 -0.003691 0.013799 -0.056535 0.003421 -0.000265 0.000550 0.011913 -0.001169 -0.046431 -0.047968 -0.021958 -0.037638 -0.101093 0.005671 0.063238 -0.000621 -0.000276 0.094806 -0.011014 -0.007406 0.007035 -0.003615 -0.056560 0.017593 0.000549 0.017550 0.019263 -0.017980 -0.003738 -0.014250 0.027956 0.004966 0.005185 0.015607 0.057277 -0.064955 -0.003353 0.025966 0.000000 -0.001507 0.031064 0.002245 0.007081 -0.118542 -0.003793 -0.097571 -0.051547 -0.067488 0.086663 -0.002622 0.052411 -0.038415 -0.001847 -0.081657 0.034184 -0.097623 0.017326 0.076756 -0.012375 0.001465 0.002233 0.030278 -0.026432 0.083069 -0.020640 0.020973 0.057104 -0.061667 -0.007914 -0.087106 0.014296 -0.075430 0.001405 0.004260 -0.012656 -0.053846 -0.005559 0.019230 0.053649 0.008895 0.069117 0.119250 -0.088528 -0.017419 -0.049118 -0.084725 0.107320 -0.019784 -0.063822 -0.037474 -0.086310 0.075503 0.079358 0.062597 -0.016659 -0.017572 0.108894 -0.019781 0.033806 0.000813 0.023703 0.070439 -0.043248 -0.075303 -0.024885 0.125370 0.072491 -0.011753 0.023287 -0.002117 -0.081491 0.003615 0.002718 -0.094072 0.082819 -0.003638 -0.017586 0.008765 0.096953 -0.035833 0.028541 -0.016807 0.019468 -0.000216 -0.012044 0.001211 0.002376 0.036282 0.060355 -0.059412 -0.036610 -0.127172 -0.045324 0.104335 0.009779 0.103931 -0.070278 0.094964 -0.041800 0.043597 0.082157 -0.000532 0.029454 -0.013205 -0.010986 -0.005232 0.019429 0.027835 0.019544 -0.109739 0.023769 -0.082898 0.046980 0.000484 -0.008332 -0.051538 0.004849 0.092672 0.004115 0.075335 -0.123469 -0.000439 -0.013597 0.063026 0.072516 -0.110218 -0.050010 0.000000 -0.012717 -0.036854 0.046385 -0.056591 0.047788 0.066933 -0.004378 -0.060227 -0.018603 -0.003287 0.006336 -0.009291 -0.000114 0.011165 0.092139 0.051506 0.029558 0.019742 0.078790 0.037133 0.000933 0.101718 0.055029 
-0.003181 -0.027802 -0.095916 -0.026682 41.020426 0.019018 -0.061355 0.118453 -0.090079 -0.034568 -0.035790 0.000000 0.005412 0.012538 0.001760 -0.003989 0.000949 -0.127483 0.000000 -0.088720 -0.060204 -0.007685 0.060590 0.018971 -0.041216 0.004590 0.123062 0.048924 0.001554 -0.005444 0.044007 -0.080795 0.066577 0.017423 0.008719 0.114979 0.017370 -0.022991 -0.088734 0.001049 -0.014118 0.006711 -0.005704 -0.048791 0.120160 0.001873 0.040270 0.026172 -0.005949 -0.013253 -0.011545 -0.022362 -0.042967 0.028926 -0.000572 0.042530 -0.118413 -0.005270 -0.044119 -0.074719 0.014394 0.006062 0.001056 0.021167 -0.032322 0.029231 -0.033156 -0.023864 0.011099 -0.053145 -0.006291 -0.065945 -0.083886 -0.117496 -0.080385 0.070647 -0.064464 0.006859 0.008672 -0.016558 0.015305 0.012235 0.062416 0.012432 0.001355 -0.033033 -0.097505 0.077853 -0.019457 -0.006130 -0.002939 0.023739 0.051963 -0.037959 -0.035271 0.019362 0.017241 -0.071867 0.089750 -0.047921 0.054892 0.018067 -0.053550 -0.017296 -0.000163 0.004249 -0.065299 0.008346 0.001767 0.017267 0.015998 0.026446 0.021675 0.019993 0.008515 -0.115614 -0.118699 0.004655 -0.040306 0.014936 -0.117952 0.114812 0.004580 -0.026246 0.028222 0.015179 0.111773 0.033594 -0.064750 -0.004232 0.024857 0.010602 0.006671 -0.001608 -0.015691 -0.009792 -0.048143 -0.077680 0.001879 0.021627 0.001580 0.026556 -0.003254 -0.026532 0.044530 0.082619 0.047855 -0.002821 0.007538 -0.000619 0.011423 -0.127440 0.002673 -0.036485 -0.077648 0.080025 -0.070760 -0.007496 0.006198 0.056711 -0.005833 -0.009532 0.000000 0.089305 -0.022058 0.000323 -0.003563 0.010570 -0.011368 -0.102656 -0.032361 0.001705 0.016711 0.012307 -0.013913 0.097551 0.058945 -0.016883 0.117419 -0.001552 -0.031167 -0.020517 -0.005075 0.005860 0.036964 0.075251 -0.029969 -0.031178 -0.023374 -0.000534 -0.032555 -0.006300 0.120070 0.056428 -0.041568 0.117989 
0.014144 0.014894 0.080747 -0.003691 0.019018 923.880669 0.000616 0.078963 0.000701 0.066329 -0.048993 0.066287 -0.104543 -0.000517 -0.001937 0.008362 0.000981 0.000000 0.038649 -0.030971 -0.002338 -0.000236 -0.016119 0.011284 0.022480 0.005871 0.100184 0.001082 0.087670 0.000000 0.108794 -0.045642 -0.102941 0.061415 -0.040579 -0.007154 -0.008315 0.059682 0.092812 0.002552 0.050136 -0.003761 -0.017539 0.057264 -0.001639 -0.000871 0.006586 0.062226 0.106203 -0.092821 0.103805 -0.018044 0.019472 0.007593 -0.003700 -0.021036 -0.064993 -0.123324 0.035605 0.068132 0.014523 0.006784 -0.002743 -0.001292 0.011280 0.016015 -0.016283 0.063887 0.106379 0.001719 -0.111151 -0.034975 -0.023435 -0.078669 -0.055576 -0.090703 -0.013389 -0.002582 0.004938 -0.089573 -0.045259 -0.022663 0.032362 0.021930 -0.033180 0.001088 -0.019604 0.006716 0.000000 -0.094680 -0.046017 0.000000 -0.006993 -0.070032 -0.012594 -0.017272 0.002561 0.025229 0.047783 -0.073790 0.000000 0.002293 0.087584 -0.057505 0.038115 -0.022271 -0.006607 0.083420 0.000000 0.000000 -0.001016 0.000995 -0.008989 -0.001065 -0.110897 -0.010980 -0.014097 0.000582 0.054877 -0.022126 -0.004520 0.002641 0.105075 0.008548 0.018390 -0.000494 0.052376 -0.074057 0.009186 0.000641 0.077684 -0.015191 -0.004886 0.016340 0.008340 -0.012397 -0.002522 0.000000 0.005574 -0.003604 0.064803 -0.007601 0.007193 0.055083 -0.000916 0.012516 -0.101934 0.041884 -0.032809 0.068024 -0.061139 0.003729 -0.001739 0.020150 -0.001720 -0.002222 0.000279 0.000320 -0.056024 0.083857 0.045817 0.001609 -0.023935 -0.024023 0.000000 0.042279 0.000531 -0.040802 0.011236 0.000288 -0.019392 0.000000 -0.012793 -0.044976 0.006062 0.066044 -0.095004 0.000000 -0.001423 -0.003697 -0.004048 -0.000673 -0.052704 0.003621 -0.026801 0.000000 -0.001481 0.013758 0.005813 -0.015304 -0.117784 -0.057522 0.000000 -0.004374 0.070864 0.018708 
0.052157 -0.056380 0.084217 0.013799 -0.061355 0.000616 6.501437 -0.062783 0.004183 -0.018676 -0.032013 -0.023088 0.001528 0.048972 0.062959 0.037165 0.045381 -0.001935 -0.006195 0.048961 0.052213 0.008871 -0.050666 -0.046398 0.006484 -0.073076 0.005189 -0.047364 -0.049778 -0.034773 0.011494 -0.007952 0.031092 -0.039119 -0.108052 0.031993 0.067664 0.019272 -0.038702 0.029274 -0.091155 0.033733 0.051626 -0.052278 -0.059965 -0.122233 0.056627 0.000000 0.060448 -0.071500 0.040370 -0.052672 -0.033081 -0.024599 0.012301 -0.024791 -0.028392 0.000000 -0.105666 -0.007410 -0.031179 0.004663 -0.040167 -0.007465 -0.063404 0.002473 -0.005489 0.102236 0.020334 0.065478 -0.045898 0.009695 -0.087782 -0.024976 0.111947 -0.004904 0.000733 0.024776 0.025090 0.044818 0.087535 0.019453 -0.062917 0.031482 -0.055070 -0.013348 -0.021380 -0.033669 -0.054619 0.001524 0.047066 -0.017015 0.053249 0.000268 0.076488 -0.059056 0.055047 0.038219 -0.061551 -0.014836 -0.023639 0.047277 0.012341 -0.102390 0.113408 0.062529 0.027486 0.088686 0.005078 -0.094461 -0.098557 -0.100497 0.028317 -0.029191 0.055039 0.016141 -0.065711 0.025370 0.002724 -0.072250 -0.050229 -0.048422 -0.101288 -0.073119 0.047533 0.013672 -0.025570 -0.002635 0.034062 0.061578 0.039707 -0.042774 -0.027949 0.004957 0.000435 0.076999 -0.120235 -0.011593 -0.083346 -0.067540 0.000000 -0.022126 -0.102311 0.031062 0.057195 -0.024211 0.101983 0.061914 0.092703 -0.005488 -0.039891 0.090559 -0.105344 0.038361 -0.088239 0.001339 0.082965 0.068497 -0.066465 -0.054114 0.111671 0.062450 -0.050428 -0.052313 -0.045823 0.071371 -0.116049 0.033102 -0.048282 -0.026250 0.020114 0.014899 -0.030398 0.012024 -0.114914 0.044698 -0.049297 -0.019431 -0.096789 0.035511 -0.066761 -0.061478 0.021399 -0.011366 0.114009 -0.035482 -0.027360 0.000741 0.001990 0.063920 -0.003178 0.002236 0.059412 0.040095 -0.032658 -0.022671 
0.010243 0.002461 -0.113039 -0.056535 0.118453 0.078963 -0.062783 16.185907 0.009988 0.062186 -0.003275 0.037737 -0.026676 -0.074073 0.119599 -0.030114 -0.050301 0.081497 0.020513 -0.015570 0.000844 0.010929 0.011925 -0.071522 -0.116566 0.038665 -0.034575 -0.041835 0.008216 0.091118 -0.035928 0.083980 -0.086641 -0.034898 -0.042230 -0.011114 -0.009904 0.003664 0.035826 -0.077199 -0.007118 -0.031983 0.011121 -0.023352 0.099984 -0.003973 0.037632 -0.043045 -0.105659 -0.102473 -0.058060 -0.054336 0.005990 0.081185 0.002506 0.006071 0.123643 0.067276 0.001667 0.010878 0.034662 -0.055120 -0.001953 0.064989 0.100412 0.021595 -0.056845 0.084105 0.036546 0.098290 0.027488 -0.004810 -0.077408 -0.014613 -0.084916 0.001775 0.051940 0.060150 0.036148 0.018735 0.004047 0.034768 -0.091959 -0.031112 0.029244 -0.057093 0.002167 0.012945 -0.003582 0.088357 0.002478 0.012217 -0.000495 -0.052332 0.097373 -0.028154 -0.031234 -0.045837 0.071494 0.005142 0.002495 -0.001366 0.010777 0.037485 -0.031392 0.005019 -0.007642 -0.049717 -0.020662 -0.062973 0.017523 0.020105 0.003331 -0.014493 -0.005910 -0.113894 0.103868 -0.052547 0.083081 0.014206 -0.041932 -0.068995 0.033022 -0.074119 0.016227 0.004492 -0.052303 -0.002839 0.005801 0.003471 -0.014262 0.068365 0.004050 0.081736 -0.016543 -0.028152 -0.000143 0.068728 -0.003695 0.065694 0.049997 -0.074485 -0.021656 -0.094919 -0.073640 -0.101528 0.009709 -0.007603 0.034445 -0.043687 -0.085379 0.040699 0.026868 -0.001577 -0.033592 -0.094109 0.005885 -0.088695 -0.098275 0.034601 0.032959 0.032930 -0.054832 -0.003105 -0.041905 -0.078090 -0.003395 -0.018755 0.000000 0.003105 -0.056439 -0.054589 -0.016890 -0.019713 0.027711 0.060099 -0.033942 -0.002546 0.081794 0.092010 -0.076154 -0.000351 0.113569 0.017939 -0.001779 0.080997 -0.017567 -0.102143 -0.122390 -0.008909 -0.003251 0.004981 -0.009100 0.062609 0.116132 0.027397 
0.000943 0.016189 0.000654 0.003421 -0.090079 0.000701 0.004183 0.009988 106.876823 0.027449 -0.041020 -0.045585 -0.004705 0.000795 -0.001080 -0.001980 -0.002931 0.017493 0.011487 0.015899 -0.072615 -0.019027 0.007351 -0.067153 0.034462 -0.008363 0.041402 -0.057185 0.013988 0.001586 0.086842 0.094640 0.085401 -0.003261 0.002810 0.062554 -0.112009 0.083664 0.127112 -0.010453 -0.001013 0.002378 -0.021069 -0.042054 0.011288 -0.060807 0.112832 -0.005385 0.030430 -0.020315 -0.037778 -0.024123 -0.005665 0.013651 -0.002148 0.010798 0.032513 0.100878 -0.046847 0.010184 -0.027371 -0.003855 0.000507 0.031755 -0.017115 0.044863 -0.031280 0.082392 0.056573 -0.061165 0.035927 -0.022772 0.000347 0.019496 0.099907 -0.086441 0.062081 0.041561 -0.003375 -0.058414 -0.038152 0.026620 -0.006833 -0.014962 0.086865 0.124180 0.003467 0.050649 0.004739 -0.000795 -0.002355 0.067017 -0.003046 0.052845 -0.057469 0.042740 0.005648 0.077070 0.018756 0.070032 -0.032159 -0.000131 0.068855 0.000000 0.022489 -0.000728 0.049787 -0.003823 0.042892 0.000604 0.031012 0.000412 -0.030018 0.011661 -0.069302 0.002362 -0.017654 -0.004837 -0.057600 0.009155 0.116458 -0.021535 0.039617 -0.015056 0.105670 0.000000 -0.011842 -0.029864 0.087602 -0.076535 0.019063 0.049108 -0.002309 -0.096271 0.072804 0.030247 0.000531 0.005787 0.002529 -0.089431 0.000205 0.012786 -0.090876 0.120516 0.050576 0.000000 0.000000 -0.005632 0.000000 0.052235 -0.023733 0.072581 -0.024733 -0.067850 0.022635 0.044227 -0.069304 0.081880 -0.005568 0.047953 0.000000 0.028950 0.004514 -0.000376 0.000929 -0.010761 0.001230 -0.009479 0.114780 0.007322 0.028676 0.091430 -0.000478 -0.053579 0.021240 -0.014074 -0.123657 0.001422 0.024524 -0.000110 0.127767 -0.012755 0.046825 0.059319 -0.084540 0.012779 0.002158 0.064812 -0.000839 0.024108 -0.024889 -0.045465 -0.031696 0.001319 -0.031303 -0.022598 
0.001520 -0.091099 0.025666 -0.000265 -0.034568 0.066329 -0.018676 0.062186 0.027449 242.871009 0.089978 0.054991 0.069901 0.033688 0.001984 -0.082902 -0.014246 0.014206 -0.005437 -0.015731 0.019031 0.001982 -0.064151 -0.009323 -0.091413 -0.009729 0.091903 0.000000 0.068149 0.000000 0.060952 -0.041310 0.051713 0.055154 -0.000116 -0.041591 0.000000 0.000215 -0.082253 0.031968 0.004093 0.012254 0.079696 0.069722 -0.058267 0.002784 0.010618 0.040422 -0.002132 0.080044 -0.043248 -0.014471 -0.041836 -0.015338 0.032300 0.013347 0.001154 0.011693 -0.064421 -0.025619 0.001261 -0.001760 -0.050929 -0.067692 -0.044823 0.000000 0.000000 0.089840 0.017326 0.002574 0.005947 0.012341 0.008257 -0.017848 0.000148 -0.035697 0.025737 0.039017 -0.021378 -0.113912 -0.000414 0.015276 0.026699 0.008386 0.059314 -0.010794 0.044226 0.004617 -0.006837 0.047216 -0.046633 -0.063482 0.000000 -0.093342 0.038281 -0.011974 -0.074328 0.054863 -0.020594 -0.081001 0.027288 -0.002271 -0.014298 -0.115406 -0.005210 0.017792 0.014179 -0.001956 -0.017241 0.000987 -0.014989 -0.000382 -0.044106 0.002133 -0.001042 0.086594 0.005324 0.003064 -0.017686 0.020770 -0.001717 -0.051738 -0.019569 0.068277 0.028051 0.025785 0.003409 -0.088113 -0.074922 0.032315 -0.092679 -0.003232 -0.002146 0.084506 0.105414 -0.037918 -0.059461 0.007798 -0.107256 0.121848 -0.000263 0.012888 0.002310 -0.004582 0.002033 -0.007043 0.005755 0.019066 0.003102 -0.001306 0.046378 0.051672 -0.004574 0.038624 0.032346 0.016473 -0.003031 0.039611 0.045693 0.012133 0.008676 0.022319 0.008049 0.026797 -0.011905 0.000000 -0.010343 -0.012872 -0.057738 -0.035958 0.053518 0.036090 -0.043865 -0.099732 0.084429 0.113137 0.000000 -0.115729 0.038174 -0.003449 0.000000 -0.010163 -0.023416 -0.000489 -0.112260 0.003875 -0.003241 -0.019403 -0.046338 -0.013466 0.033446 0.002304 0.005802 -0.000347 0.090141 0.121745 
0.060168 0.000494 0.077627 0.000550 -0.035790 -0.048993 -0.032013 -0.003275 -0.041020 0.089978 87.459829 -0.010708 -0.001116 -0.058415 0.000713 -0.016681 -0.000120 -0.002120 0.001645 0.022105 0.102969 0.002630 -0.005731 0.005807 0.094065 0.000000 -0.003965 0.086469 0.018425 0.120678 0.078999 0.047740 -0.010162 0.003749 0.004225 -0.046238 -0.000770 -0.018325 -0.075786 -0.118949 0.005466 -0.007746 -0.035175 0.000000 -0.003214 0.004837 -0.116069 0.002117 0.035224 -0.003186 -0.040023 -0.098577 -0.077354 0.020765 0.026092 0.015249 0.121854 0.029691 -0.091761 -0.008649 -0.008102 -0.001541 -0.078189 -0.004867 0.028542 0.057719 -0.120115 -0.079723 0.013943 -0.095137 0.000283 0.026594 -0.014692 0.009337 -0.047690 -0.005420 0.057440 -0.119925 0.008367 0.031689 0.026825 -0.015715 0.037683 0.068114 -0.019533 0.042253 -0.000480 0.031167 0.054550 -0.122677 0.002365 0.005006 0.049041 0.019657 0.008712 0.021903 0.023920 -0.082585 -0.010077 0.029944 -0.072605 -0.028077 -0.033373 0.056199 0.015243 0.108695 0.002930 -0.002730 -0.022741 -0.117380 0.026337 -0.005729 0.055619 -0.027985 0.034708 0.029418 0.012634 0.006121 -0.004879 0.009215 -0.005282 -0.008471 -0.035648 -0.048793 0.114165 0.051463 -0.009287 -0.026983 0.041083 0.103787 -0.069159 -0.091331 -0.046385 0.000000 -0.035128 -0.025701 -0.003117 -0.003091 0.027441 -0.120067 -0.047531 0.002363 0.081551 0.075406 -0.008078 0.000397 -0.014826 0.087053 0.066154 0.092135 -0.061136 -0.072529 0.010957 0.071528 -0.008322 0.006847 -0.069194 0.005848 -0.011098 0.088377 0.002953 0.047822 0.017741 0.005856 0.001216 -0.009507 -0.001974 0.090463 -0.005384 0.044322 0.000000 0.047160 0.001095 -0.071616 0.020266 -0.010602 0.002116 0.122580 0.031700 -0.021100 -0.090497 0.024465 -0.096667 0.000338 -0.070422 0.101237 -0.124970 -0.043218 -0.080950 -0.070967 -0.030236 0.126458 -0.125036 -0.000617 0.002263 -0.033385 
-0.093691 -0.000110 0.105830 0.011913 0.000000 0.066287 -0.023088 0.037737 -0.045585 0.054991 -0.010708 6.311443 0.000614 -0.061322 -0.063012 -0.004754 0.029081 0.007458 0.046059 -0.076276 0.090644 -0.034207 0.003655 0.010536 0.011012 -0.062077 0.016727 0.126314 -0.016440 0.028394 0.062565 0.003789 0.004979 0.105168 -0.016816 0.008839 -0.009033 0.055516 -0.034590 -0.000400 -0.040921 -0.033943 -0.041449 0.078751 -0.001016 -0.004038 -0.084434 -0.091404 -0.083073 0.047332 -0.097407 -0.015945 -0.020163 -0.057633 0.064061 0.048792 -0.103190 0.085710 0.033941 0.073065 -0.079316 0.058132 -0.006702 -0.000628 -0.031500 0.008623 -0.017617 -0.016197 -0.002277 -0.087025 0.008017 0.075432 -0.033869 -0.098250 -0.058844 -0.001509 -0.064359 -0.032039 0.049129 -0.043199 0.035550 -0.037729 -0.006258 0.051005 -0.111696 -0.015276 0.014098 -0.017008 0.028522 0.018027 -0.066090 -0.086868 -0.080350 -0.110131 -0.082896 -0.027664 -0.002016 -0.077313 -0.019442 0.065172 0.048501 0.054854 0.013496 0.024595 -0.068433 0.043099 0.069344 -0.026097 0.054731 -0.126665 0.093739 -0.104898 -0.001248 -0.000384 -0.023667 -0.026820 0.087368 -0.073998 0.024058 -0.077889 0.002321 0.045428 0.008596 0.016818 0.096150 -0.047637 -0.024604 0.000000 0.093651 0.012320 0.103902 -0.006672 -0.050615 0.002632 0.007302 -0.027607 0.028285 -0.062310 0.103473 -0.052686 -0.050310 -0.021830 0.105784 -0.054721 0.070426 -0.009080 0.018310 0.007913 -0.004089 0.004599 -0.004439 0.011251 0.085440 0.032302 0.037268 -0.009754 -0.101369 -0.048699 0.019756 -0.028627 0.013093 0.018491 0.096805 -0.002555 0.061722 0.063840 0.000000 0.080442 -0.027943 -0.019974 -0.098140 0.034022 0.052410 0.030082 0.030287 -0.034548 0.018455 0.013788 0.009788 0.050580 -0.028761 0.087163 0.042310 0.090657 0.075786 -0.062036 -0.056856 -0.041652 -0.117095 -0.095130 -0.024888 0.065978 0.047789 0.089016 -0.039792 0.015676 
-0.000469 -0.005894 -0.049976 -0.001169 0.005412 -0.104543 0.001528 -0.026676 -0.004705 0.069901 -0.001116 0.000614 123.724416 0.058844 -0.119690 0.017304 0.010489 -0.077496 -0.003383 -0.010373 0.031713 -0.000314 -0.058023 -0.000850 -0.011151 0.052888 0.038888 -0.091022 0.076774 -0.009448 -0.103456 -0.015533 0.015480 -0.018114 -0.035617 0.088697 -0.001529 0.000000 0.108634 0.073557 -0.014203 -0.034851 0.000156 -0.044680 0.000000 -0.023552 0.035226 -0.052029 -0.000374 0.060333 -0.077034 0.092175 0.114116 0.006563 -0.000166 -0.046758 -0.016001 -0.007157 0.058805 0.041799 0.026222 0.003140 0.010288 0.037793 -0.113203 -0.000947 0.008221 -0.022774 -0.000587 0.044048 -0.066620 -0.083223 -0.002962 0.000310 0.047200 0.019152 -0.109209 -0.002674 0.117984 0.036258 0.030144 -0.022446 0.044769 0.076654 0.003405 -0.000745 -0.073293 0.114250 0.002580 0.000000 0.000542 -0.009670 0.094708 0.123570 -0.073247 -0.031721 -0.058001 -0.091376 -0.012317 0.000000 0.099383 -0.015547 -0.056289 -0.090835 0.014619 0.000000 0.030891 0.077150 0.002291 0.010043 0.013417 0.001577 -0.000186 -0.002794 0.002386 -0.018868 0.059000 0.016347 0.023816 0.023465 0.071846 0.004448 0.005566 -0.047826 0.000000 0.089338 0.056567 0.013474 0.018542 0.007755 -0.055691 -0.005529 0.005043 -0.005394 0.049806 0.075998 0.014505 -0.005690 0.058733 0.022800 0.000343 0.000000 -0.076256 0.044399 -0.004682 -0.059136 -0.048833 0.005994 -0.004618 0.046385 -0.097427 0.033619 0.088007 -0.020207 -0.022103 -0.003192 0.052721 0.016231 0.000000 -0.073401 0.003746 -0.012595 -0.002340 0.080434 -0.004323 0.026750 -0.012693 0.003087 -0.096148 -0.058596 0.063993 -0.013834 -0.005721 -0.115411 0.093208 -0.025240 0.000000 -0.077557 -0.004257 -0.050356 -0.084301 0.098483 0.071995 -0.012599 -0.046390 0.004998 0.003594 -0.092633 -0.012644 0.115012 0.074173 -0.042100 -0.004394 0.017021 -0.015452 0.014689 
-0.004163 0.000817 0.059936 -0.046431 0.012538 -0.000517 0.048972 -0.074073 0.000795 0.033688 -0.058415 -0.061322 0.058844 3342.275750 0.075815 0.049351 -0.013717 -0.009194 0.000154 -0.000426 -0.083739 -0.000868 0.010679 0.036950 -0.100056 0.000000 -0.038537 0.012260 0.035788 0.000000 0.065023 0.018193 -0.108784 0.047321 0.095988 0.002025 0.000284 0.028018 0.007634 -0.043145 -0.003976 -0.001822 0.000000 0.060588 -0.022444 -0.001989 -0.003244 0.006275 -0.124506 -0.022148 0.034579 0.114588 -0.021238 -0.099528 -0.017518 -0.000715 0.011429 -0.057707 0.015053 -0.034764 -0.031445 0.003769 -0.083792 -0.021834 -0.010362 -0.003427 -0.030600 -0.003212 -0.010020 0.076855 0.069909 -0.048591 0.049578 -0.118305 0.050023 -0.041987 -0.054610 0.001993 0.036720 -0.006250 0.003071 0.002773 -0.047755 0.077376 0.007003 0.000412 -0.001064 0.104109 0.107635 0.079942 -0.001631 0.020929 0.018890 0.000000 0.109268 0.079664 0.096124 -0.072681 0.067835 0.028655 0.000000 -0.001703 -0.059938 0.013399 -0.012977 -0.006233 -0.030636 0.015079 -0.003622 0.000000 -0.002535 -0.039985 0.003597 0.000000 -0.060812 -0.113382 0.078863 0.048447 -0.025114 -0.025913 -0.089585 -0.020507 -0.053445 0.122660 0.081552 -0.015219 0.075440 0.052089 0.000524 0.000000 0.093078 0.076935 0.010681 -0.093878 -0.058475 0.038434 0.000000 -0.089611 -0.003110 -0.006146 -0.006183 -0.000487 -0.010993 0.011314 -0.044298 -0.026942 0.010347 -0.016524 0.105584 -0.000227 0.000000 -0.007212 -0.004683 0.103990 0.123218 0.058712 -0.019766 -0.029630 0.005280 -0.020675 -0.010386 0.094850 -0.075312 -0.096434 0.000000 -0.022765 0.002654 0.030872 -0.019991 0.004462 0.020351 0.089260 -0.028323 0.012067 -0.005333 0.094571 0.035976 -0.000747 0.084289 0.000000 0.104526 -0.000998 0.005079 0.046885 0.000469 0.000000 -0.048716 -0.000838 -0.001616 0.000925 -0.071238 -0.000754 -0.000459 0.051672 -0.024033 -0.091216 
0.046744 0.018196 0.003314 -0.047968 0.001760 -0.001937 0.062959 0.119599 -0.001080 0.001984 0.000713 -0.063012 -0.119690 0.075815 73.749324 -0.101115 -0.043047 -0.037339 0.080685 0.037108 -0.081487 -0.064891 -0.038013 0.014987 0.089475 0.000257 -0.077716 0.065007 0.081321 -0.057115 0.013456 -0.053487 -0.000614 0.066442 -0.111570 0.102061 0.000447 0.046355 0.032150 0.056412 0.000768 0.045616 0.075723 -0.103237 -0.000296 0.074826 -0.044668 0.088035 0.097436 0.087991 -0.012913 0.087194 0.000368 0.065758 -0.071292 0.063040 0.084862 0.018666 -0.013567 -0.020772 -0.000188 -0.113702 -0.065196 -0.034627 0.078806 -0.063830 0.002640 0.008723 0.091783 -0.022137 0.070996 0.027616 0.104756 0.067366 0.013624 -0.014909 -0.069001 -0.002501 -0.008176 0.032432 0.000000 0.010664 0.092115 -0.010158 -0.000789 -0.010874 -0.006082 -0.014097 -0.008951 0.008173 -0.035969 -0.024481 -0.015852 0.000414 -0.031223 -0.080250 -0.007851 -0.116603 -0.079720 -0.092499 -0.056179 0.070355 0.008761 -0.009197 0.028458 0.092514 -0.088622 -0.005555 0.092451 -0.106307 0.020410 0.027804 0.001551 0.047863 0.005028 -0.041500 -0.065180 0.074599 -0.006123 0.098711 0.005892 -0.026716 0.120108 0.025743 0.094644 0.122389 -0.079066 -0.045104 0.051742 0.000476 -0.069674 0.021402 -0.002136 0.076008 0.094469 -0.034070 0.085587 -0.037294 0.126015 0.028395 0.095090 -0.002005 -0.015648 0.001066 0.021160 0.029462 -0.062523 0.093109 -0.034297 0.019673 0.000973 0.014528 -0.001196 0.093126 -0.113791 0.003774 0.105408 0.048344 -0.093103 0.021321 0.053338 -0.000856 -0.082594 -0.051977 -0.006167 -0.126491 -0.034113 -0.002568 -0.009895 -0.068909 -0.080720 0.097508 -0.000109 -0.065423 -0.080166 0.023796 -0.000416 -0.001211 -0.034543 0.071204 0.089207 0.008394 0.001567 -0.003275 0.001857 -0.000868 0.013179 0.088833 -0.056244 0.081406 0.000651 0.002811 -0.018077 -0.022188 -0.099791 -0.026297 
0.003455 -0.032154 -0.034291 -0.021958 -0.003989 0.008362 0.037165 -0.030114 -0.001980 -0.082902 -0.016681 -0.004754 0.017304 0.049351 -0.101115 26.326174 0.044672 -0.088563 -0.002929 0.034035 -0.036015 -0.005027 -0.001730 -0.040915 0.037539 -0.012282 0.122825 0.000662 -0.040415 -0.077417 0.085668 0.004571 -0.058940 0.008314 -0.004907 0.056310 -0.049362 -0.119394 -0.082963 -0.000869 0.041778 -0.009352 -0.010714 0.086290 0.092607 -0.094099 0.030597 -0.033987 -0.113562 -0.075587 -0.020934 -0.022827 0.026904 0.021987 0.026380 0.060665 -0.083909 -0.030804 0.012017 -0.087762 -0.024612 0.067282 0.077361 -0.068607 -0.021449 -0.048971 0.091953 0.044820 0.064852 0.010521 0.049543 -0.044520 0.040011 -0.001266 0.026620 -0.046237 -0.031231 -0.008131 -0.006202 -0.016344 -0.048867 -0.045333 0.020120 -0.086658 -0.051128 -0.005955 0.013110 -0.058844 -0.072382 0.050747 0.027969 0.103200 0.010675 -0.012182 0.038855 0.071498 -0.029113 -0.121455 0.053833 0.011063 0.078225 0.007744 0.064195 0.010383 -0.100976 0.035143 -0.004061 0.019311 0.063336 0.066765 0.022596 -0.007892 0.033425 -0.018333 0.001835 0.000000 -0.019149 0.051895 -0.041378 0.003261 -0.061045 0.026695 0.046770 0.078518 -0.042389 -0.003718 -0.009860 -0.005679 0.066170 0.117428 -0.029221 -0.037775 -0.011055 0.110044 0.126393 0.024238 -0.013238 -0.126180 0.022811 0.013757 0.109669 -0.119255 0.007360 -0.059427 -0.074235 0.069586 -0.006452 -0.072628 0.018202 0.042220 -0.001188 -0.037141 0.107896 0.008291 -0.095931 0.037906 0.050888 -0.059707 0.123189 -0.031739 0.049446 -0.002445 0.064413 -0.034952 0.101555 0.028835 -0.003252 0.118409 -0.053774 0.042263 0.014239 0.028720 -0.082648 -0.008934 0.052473 0.009106 0.021044 0.025456 0.015269 0.111530 0.106116 -0.095701 -0.056698 -0.020335 0.042004 0.098560 -0.005292 0.123901 -0.116080 -0.127936 0.009662 0.015797 0.008333 -0.074558 0.078970 0.010548 
0.053810 0.000000 -0.054287 -0.037638 0.000949 0.000981 0.045381 -0.050301 -0.002931 -0.014246 -0.000120 0.029081 0.010489 -0.013717 -0.043047 0.044672 442.506289 0.088906 -0.020937 0.087314 -0.000554 -0.009408 0.044737 -0.017302 -0.022570 -0.002044 0.050796 0.040387 -0.030985 0.005809 -0.095457 0.009617 0.039582 -0.018280 -0.073984 -0.001651 0.008809 -0.005246 0.030160 0.074601 0.000934 0.014676 -0.001172 0.003448 -0.057106 0.091519 0.079709 -0.030417 0.001617 -0.054487 0.007321 0.066424 0.001014 0.073693 0.014707 0.065392 0.000397 -0.099408 0.014798 -0.012284 0.002220 0.002482 -0.062883 0.020958 0.000410 -0.010139 -0.085199 -0.098559 0.014408 -0.060131 0.000000 0.075196 -0.087898 0.024230 -0.081068 -0.000511 -0.010882 0.054949 0.073714 -0.062240 0.019424 0.047142 -0.013224 0.026009 0.000294 0.000648 0.078512 0.103844 0.011608 -0.024218 0.028577 -0.067856 -0.072619 -0.023189 -0.003233 0.008460 -0.125681 0.123018 0.047950 0.037546 -0.000181 0.000000 0.080262 -0.075210 -0.001051 -0.089239 0.008020 -0.010163 -0.016565 -0.003437 0.056802 -0.015735 0.003944 -0.011338 -0.125866 0.068622 0.048836 0.000000 0.004120 0.034925 0.039555 -0.000823 -0.008903 -0.043407 0.094571 0.002246 0.040689 -0.082482 -0.108300 -0.002907 -0.000727 0.041398 -0.004277 -0.003953 -0.089454 -0.065149 0.000000 0.004212 0.001548 -0.011617 0.015518 0.000000 -0.024235 -0.061279 0.003338 0.055561 -0.080994 0.013665 0.013109 -0.000619 0.014433 0.001687 -0.072597 -0.000397 -0.006055 -0.006889 -0.074439 -0.000748 -0.004380 -0.000115 0.037113 0.000000 0.113322 -0.022551 0.000000 -0.021492 -0.004258 -0.051259 -0.030186 -0.014377 0.077013 0.055461 -0.126394 -0.076862 0.017933 0.032936 -0.012241 0.021532 0.022557 -0.001600 0.052887 -0.000247 -0.025927 0.000811 0.000308 -0.093048 -0.127087 -0.087393 0.000534 -0.008204 0.050981 0.100808 -0.060469 0.000000 0.033694 -0.018510 
0.000000 -0.037812 0.052521 -0.101093 -0.127483 0.000000 -0.001935 0.081497 0.017493 0.014206 -0.002120 0.007458 -0.077496 -0.009194 -0.037339 -0.088563 0.088906 14294.416774 -0.021515 0.022757 -0.000213 -0.008172 0.012147 0.006682 -0.048586 -0.000378 0.109268 -0.101620 0.011427 -0.000754 0.108065 0.017606 -0.063405 -0.082270 0.006090 -0.030707 0.108068 0.008094 0.021333 -0.015022 -0.003698 -0.002747 0.001688 0.049965 0.030397 0.054264 -0.038715 0.038243 -0.091789 0.045743 -0.114125 0.076173 0.024256 0.103488 0.019441 -0.003513 -0.005524 -0.000586 -0.121537 -0.024682 -0.000407 -0.014347 0.016090 0.035614 0.047767 -0.006029 -0.041698 0.039406 -0.084287 0.024214 -0.001233 -0.016440 -0.087696 -0.013063 0.019725 -0.091425 -0.053451 -0.001582 0.014956 0.000117 0.002871 0.034432 0.029359 -0.000365 0.006646 0.000000 0.102784 -0.047731 -0.001563 0.017821 0.022590 0.021663 0.091182 0.013924 -0.089158 0.007454 0.008832 0.090019 0.046160 0.010179 -0.026696 0.000000 -0.099764 0.044763 -0.013664 0.018720 -0.001307 -0.003110 0.007595 -0.001311 0.048521 -0.000306 0.004559 -0.010884 0.055826 0.007651 0.117679 0.000000 -0.051716 -0.021363 0.003724 -0.002809 0.083964 0.000144 -0.007666 -0.000242 -0.097281 -0.074368 -0.012570 0.077129 -0.001451 -0.020466 0.038346 -0.105777 0.052970 0.001192 -0.001422 0.010354 -0.007182 0.005626 0.093650 0.000000 0.006288 -0.015560 0.002435 0.006569 -0.003526 0.028214 0.088731 -0.081507 0.114869 0.000672 -0.031713 -0.015767 0.114164 0.024150 0.005556 -0.002692 -0.008462 -0.082454 0.051239 -0.001032 0.000000 0.000721 -0.001035 -0.002117 -0.066067 0.037571 0.000377 0.000752 0.126979 0.033620 0.007403 0.065751 0.053729 -0.022259 0.007548 0.000000 -0.022971 0.000000 0.118454 0.000278 -0.043749 0.014398 0.000000 0.000000 0.020494 -0.081401 -0.003102 -0.000357 -0.037287 0.063455 0.000000 -0.113216 0.099103 0.028137 
-0.023945 -0.058151 0.069157 0.005671 0.000000 0.038649 -0.006195 0.020513 0.011487 -0.005437 0.001645 0.046059 -0.003383 0.000154 0.080685 -0.002929 -0.020937 -0.021515 38.846463 0.024723 -0.003875 -0.019529 -0.005429 0.027765 0.005428 0.015765 -0.021191 -0.083756 0.045743 -0.041172 0.112965 0.079497 -0.006667 0.014382 -0.106208 -0.079444 0.034902 -0.001129 -0.024624 0.007379 0.014825 -0.027498 0.036960 -0.003509 0.007017 -0.104578 -0.099304 0.084897 -0.002552 -0.005407 0.073249 -0.006723 0.000417 -0.102499 -0.003792 -0.002412 -0.014874 0.043009 0.064213 0.030703 0.002922 -0.090100 0.063691 -0.084355 0.019971 -0.050473 -0.002429 -0.089000 0.012286 0.000321 -0.017252 -0.017416 0.011125 -0.050329 0.031239 0.022228 -0.020264 -0.004977 -0.035714 -0.107182 0.002661 -0.031177 0.060786 0.051907 -0.069511 -0.080815 -0.089365 0.072251 0.107227 0.087000 -0.119490 -0.024473 0.048555 -0.112008 0.001091 -0.083338 -0.066957 -0.094654 0.031806 -0.075484 -0.056855 0.001771 0.065776 -0.001250 -0.096455 0.042087 0.102541 -0.098520 0.000226 -0.006895 0.012404 0.015172 0.008438 -0.007613 -0.018770 0.013308 -0.105651 -0.001391 0.003858 0.013278 -0.060180 -0.037978 -0.032364 0.018231 0.072985 0.006437 -0.000238 -0.006473 -0.062143 -0.020518 0.098879 -0.014359 -0.092914 0.000550 -0.036742 -0.122242 -0.023947 -0.002904 -0.047906 0.002081 0.012210 0.034608 0.034231 0.055108 0.021214 -0.070910 -0.069140 0.006605 0.026549 0.005343 0.072107 -0.090707 -0.101551 -0.002570 -0.004734 -0.002139 -0.002766 0.005072 -0.091029 -0.003918 0.007173 -0.060409 -0.002416 0.003186 -0.094218 -0.005342 0.024242 0.018491 0.024524 0.060758 0.045129 -0.009171 -0.027284 -0.019977 -0.082413 -0.012432 0.004595 -0.121072 -0.109777 0.006736 -0.096973 0.020157 -0.033755 -0.033483 0.000299 0.061989 -0.000471 0.011018 0.016655 -0.000188 0.072708 0.010237 0.003052 0.027116 0.087859 0.046112 
0.067264 0.027791 0.037421 0.063238 -0.088720 -0.030971 0.048961 -0.015570 0.015899 -0.015731 0.022105 -0.076276 -0.010373 -0.000426 0.037108 0.034035 0.087314 0.022757 0.024723 0.282142 0.000000 -0.123928 -0.036606 -0.058277 0.070801 -0.032515 0.047678 -0.013652 -0.096809 -0.030115 0.000662 -0.049757 -0.034824 -0.018840 0.049205 -0.014188 0.015875 -0.029424 0.067858 0.017724 -0.018501 -0.077355 0.000000 -0.111255 -0.083937 0.041414 -0.028271 0.037990 -0.067054 0.036166 0.075505 0.084694 0.065049 0.123902 -0.010488 0.020390 -0.024277 -0.022935 -0.083260 0.020873 -0.015735 -0.116751 0.114827 -0.016219 0.000727 -0.015453 0.008698 -0.060001 0.060755 0.083981 0.015611 0.011845 -0.032538 0.033635 -0.025189 0.094180 0.032716 -0.106988 0.012247 -0.069343 -0.057942 0.044857 -0.005072 0.025841 0.064387 -0.079004 -0.004308 -0.006860 -0.001933 -0.065155 0.098715 0.003511 -0.083066 -0.002697 -0.119185 -0.018068 -0.019214 0.100024 -0.034420 0.003196 0.017855 0.090173 0.040805 0.043026 -0.113646 0.014062 -0.001022 -0.015769 -0.030148 -0.003158 -0.048211 -0.000616 -0.122493 -0.019982 -0.086708 0.010465 0.001058 -0.004719 0.050406 -0.023409 0.039958 0.000000 0.043619 -0.041642 0.016888 -0.060001 -0.051284 0.027188 -0.081856 0.082519 -0.057348 0.070705 -0.046453 -0.066709 0.025568 -0.032212 0.086691 0.047589 0.009393 -0.004558 0.075791 -0.058301 -0.004272 0.018831 -0.080054 0.004683 -0.017767 0.027700 -0.064962 -0.084189 -0.085237 0.031023 -0.044615 0.032517 0.007894 0.000000 -0.005240 0.022467 0.095962 -0.000155 -0.007034 -0.087698 -0.039948 0.021066 -0.022457 0.038147 0.127810 -0.014469 -0.013957 -0.005906 -0.021500 0.006715 0.029914 0.006673 -0.029465 0.012236 -0.021162 0.051165 0.087464 0.083267 -0.008692 -0.096560 0.102189 -0.040249 -0.022408 0.098803 -0.055486 0.031394 -0.047932 0.018069 0.124113 -0.006773 0.009819 -0.000648 0.056356 -0.002207 
0.000980 0.000102 -0.074729 -0.000621 -0.060204 -0.002338 0.052213 0.000844 -0.072615 0.019031 0.102969 0.090644 0.031713 -0.083739 -0.081487 -0.036015 -0.000554 -0.000213 -0.003875 0.000000 154.477449 -0.048345 -0.004296 -0.043771 0.036574 0.001485 0.021537 0.005376 -0.019482 -0.000986 -0.034615 -0.009520 -0.050543 -0.025950 -0.028259 -0.108265 0.036845 0.000600 0.080722 0.000000 -0.000456 0.009353 -0.000140 -0.075964 0.011798 -0.000656 -0.117524 0.093787 -0.001223 0.014222 0.102520 -0.071835 -0.030403 0.077578 -0.029781 -0.011226 -0.023954 -0.000344 0.013337 0.006038 0.001891 -0.010002 -0.100354 0.090307 0.021993 0.000261 -0.006421 -0.064143 0.018405 0.004321 0.002335 -0.051889 -0.103761 -0.019575 0.009856 -0.019095 0.012420 -0.007293 0.081043 0.000973 0.126896 0.025917 0.072285 0.056277 0.004359 -0.011737 0.056762 0.016947 -0.065276 -0.031874 -0.003971 -0.082106 -0.009094 -0.030682 -0.096110 0.006655 0.041046 0.076353 0.087167 0.085626 0.035695 -0.013934 0.034499 -0.017790 -0.002480 -0.030598 0.001774 0.077199 0.007260 -0.080944 -0.084125 0.000000 0.002622 -0.001715 -0.123400 -0.001115 0.123016 0.114753 0.072646 -0.019822 -0.007488 0.101828 -0.012731 -0.004912 -0.047843 0.062289 0.045634 0.037430 -0.004025 -0.002734 -0.022952 0.026736 0.113448 -0.004380 0.024687 0.047674 -0.000194 0.090862 -0.001124 -0.008017 -0.051865 0.000824 0.009047 -0.064490 -0.080492 0.071633 -0.089603 -0.026263 -0.001699 -0.035221 0.036031 -0.115190 -0.002062 -0.000995 -0.052545 0.014373 0.000000 0.002483 0.117592 -0.008856 0.115686 -0.047934 -0.000921 -0.004252 -0.000161 0.000702 0.009046 0.063045 -0.060995 -0.005160 -0.001299 0.035082 0.000817 -0.119848 -0.002222 -0.067541 0.046567 -0.000693 0.112682 -0.001633 0.080902 0.000000 0.005693 -0.004238 -0.101984 -0.000752 0.004535 -0.001558 -0.036790 0.082824 -0.013218 0.095800 0.000000 -0.001514 0.089015 0.083024 
