13241.076728 -0.000558 0.083303 -0.036566 0.021004 0.118133 -0.028132 -0.113321 -0.142418 -0.038173 0.082033 -0.045158 -0.000234 -0.000246 0.038042 -0.051765 -0.000285 0.137207 0.000264 -0.055129 -0.001487 -0.001199 0.183301 0.107919 0.007178 0.118870 -0.092254 -0.067615 0.000000 0.091901 -0.021745 0.000000 -0.199282 -0.039777 0.018929 0.041204 -0.068675 0.004589 0.000000 -0.158267 0.072019 -0.027553 -0.110605 -0.016997 -0.008409 -0.005956 -0.034509 0.114764 0.007087 0.132187 0.008648 0.043336 0.113341 0.018581 -0.010651 -0.001809 0.178427 0.008184 0.090174 0.070722 -0.119874 -0.010876 0.058133 0.059597 0.156844 0.006663 0.186103 0.106301 0.150263 -0.045102 0.084093 0.119041 -0.048823 -0.000824 0.007091 0.046321 -0.100022 0.003736 -0.084850 -0.038491 -0.000550 0.000000 0.001558 0.077190 0.077531 -0.004811 0.000189 0.093540 -0.090624 0.095137 -0.077164 -0.022828 0.001838 -0.139653 -0.160743 0.005770 -0.015961 -0.012648 0.122840 -0.002809 0.001069 0.005726 0.005731 -0.161988 0.019314 0.021611 -0.158631 -0.009757 -0.098108 0.078009 -0.046152 0.084010 -0.026468 0.022512 0.064382 -0.029885 0.052864 -0.080449 0.004153 0.180297 0.021052 -0.055939 0.000397 0.075072 -0.059238 0.000000 -0.005459 -0.094276 -0.051531 0.103968 0.103680 -0.001844 -0.003261 -0.009604 -0.154376 -0.001863 0.033493 -0.019214 0.193041 -0.083474 0.023221 -0.009729 -0.003197 -0.063508 -0.059651 -0.066538 0.041711 0.062997 -0.001208 0.085468 0.055532 0.139754 -0.002730 0.000000 0.009846 0.018288 0.000125 -0.052960 -0.118163 -0.007620 0.092770 0.107866 -0.163875 -0.135628 -0.004375 0.000000 -0.026809 -0.000458 0.001368 0.000000 -0.180259 -0.003362 0.000000 0.018510 -0.039759 -0.065626 -0.089838 -0.013818 -0.029817 -0.004191 -0.000125 0.000000 -0.000592 0.189279 0.001939 0.000858 -0.063143 0.057924 -0.147768 0.000000 -0.103569 0.081048 0.019179 0.000000 -0.111096 -0.008947 
-0.000558 888.724904 0.067229 0.034027 0.141367 -0.091537 -0.110148 0.131731 -0.195803 -0.008020 0.068888 0.000145 0.003468 0.039432 -0.079457 0.055060 0.013938 0.130641 -0.004842 0.000786 -0.078578 0.000000 0.002053 -0.014324 0.000000 -0.000788 -0.187797 0.065442 0.000129 0.001542 0.171413 -0.002668 0.002022 0.028233 -0.182277 0.008534 -0.099446 -0.061264 -0.015731 0.036117 0.028841 -0.005507 -0.100869 0.032305 -0.028442 0.020790 0.033093 -0.183908 -0.114927 0.033619 0.096796 -0.001423 0.023169 0.000000 -0.050504 -0.011366 0.060826 0.153221 -0.002165 0.017537 -0.006493 -0.061331 0.032186 -0.035348 -0.027183 -0.000296 0.052088 0.006457 -0.085645 0.019910 -0.041971 0.001032 0.009425 0.000000 -0.123875 -0.002935 0.107715 0.002521 -0.047662 -0.120617 -0.012264 0.000663 0.052906 0.172130 -0.001039 -0.001862 0.092696 0.068283 -0.005979 -0.009315 0.057781 0.137226 0.028759 0.000000 -0.127824 0.196169 0.002071 -0.000383 -0.022154 -0.073512 -0.000373 0.034895 -0.159814 0.018775 0.000000 0.150653 0.140925 -0.186627 0.090118 -0.001246 -0.110011 -0.033301 -0.008133 -0.040634 -0.062721 0.021719 0.003990 -0.004767 -0.044081 0.003959 0.001877 0.067738 -0.190020 0.009843 -0.024800 0.000378 -0.009217 0.154465 0.014009 0.003419 -0.116639 0.085267 -0.133316 -0.008978 -0.003363 0.009696 -0.186360 0.000000 0.155176 -0.022988 0.002384 0.062567 -0.091133 -0.046266 -0.019144 0.014742 -0.058977 0.125758 -0.000588 0.016195 0.100736 -0.180590 -0.000638 0.000000 -0.009163 0.014026 0.015044 0.000847 -0.059482 0.000527 -0.001395 -0.006740 -0.123765 -0.166498 0.001176 0.007027 0.101242 -0.120285 -0.167959 0.029381 -0.004137 -0.056988 0.005915 0.048973 0.114195 -0.048730 0.009222 -0.003583 -0.072742 -0.017772 0.017829 0.000222 0.052200 0.044067 0.000314 0.009046 0.083764 -0.040484 -0.022353 -0.019851 0.178294 -0.116656 0.002120 -0.050072 0.087633 0.005526 
0.083303 0.067229 27.095551 0.185957 -0.033576 0.049478 0.020961 -0.047295 -0.080490 0.176695 -0.048709 0.017584 0.111459 0.125343 -0.015559 0.077477 -0.060597 -0.009581 -0.051973 0.060560 0.017001 0.039862 -0.112122 -0.146008 -0.037050 -0.087563 -0.122904 -0.117394 -0.059868 -0.019767 0.030784 0.006574 -0.111675 -0.086821 -0.090672 -0.045819 -0.023766 -0.148077 0.000561 0.021319 0.170335 0.187886 0.004205 -0.060456 0.022740 0.094562 -0.000280 0.095079 -0.041390 -0.113539 -0.072642 0.156435 0.031635 -0.042219 0.014721 -0.185166 -0.103672 -0.014871 -0.009846 -0.176380 0.012563 0.134239 0.057589 -0.016479 0.009732 -0.193224 0.018612 -0.145300 0.041050 -0.165332 0.104434 -0.054761 0.005697 0.062449 0.104158 0.013187 0.158177 0.036498 -0.181480 -0.058018 -0.002664 0.016691 0.003009 0.006769 0.000000 -0.106666 -0.131689 0.101637 -0.070093 -0.076935 0.001752 -0.118856 -0.074847 -0.044867 0.078952 -0.012063 0.148693 -0.068352 0.085264 -0.112526 -0.000381 -0.015303 0.161982 0.117608 -0.118377 -0.003281 -0.003570 0.040258 -0.119146 0.076650 -0.007695 -0.028650 0.046232 0.007746 -0.112654 -0.027807 0.003908 -0.019518 -0.084275 -0.021765 -0.015397 -0.016220 0.018029 0.069732 -0.007229 0.091107 0.021408 0.095236 0.053630 -0.004059 0.007925 -0.072436 -0.012938 0.175653 -0.115067 -0.001526 0.007616 -0.009895 0.018322 0.009398 0.027100 -0.077331 0.023007 0.068156 0.000000 -0.068058 -0.002370 -0.059737 0.139789 -0.002960 -0.058200 0.067588 0.049828 0.146527 -0.040239 0.098492 -0.178212 0.000000 -0.070036 0.135452 0.175686 -0.086755 0.138838 0.130468 -0.058468 0.000324 0.068253 0.001537 -0.000788 0.009930 -0.094243 0.002220 0.020815 0.004504 0.004614 0.138465 0.000458 0.060143 0.016132 0.005500 0.044175 0.002148 0.110921 -0.005805 0.033684 0.195442 -0.017141 0.051385 0.058839 0.033993 -0.150296 0.157395 0.028747 0.077122 0.013526 0.038825 
-0.036566 0.034027 0.185957 84.169121 -0.043974 -0.000697 -0.023378 -0.005129 0.027896 0.000901 -0.044416 -0.022527 0.105402 0.128294 0.059211 0.001148 0.009112 -0.076446 0.177948 0.186920 -0.006875 -0.000852 -0.043036 -0.116789 -0.043830 0.003488 0.065915 0.028969 0.005213 -0.118606 0.195305 0.009593 0.115100 -0.079837 -0.081192 -0.003996 0.188842 0.009634 -0.000426 -0.196651 -0.007830 0.006293 0.107166 0.070351 -0.001121 -0.003398 -0.096031 0.079485 0.003272 0.003720 -0.017498 -0.048969 0.036038 0.199738 -0.031160 -0.001493 0.101170 0.025759 -0.177026 0.011655 -0.078384 -0.053530 -0.097431 0.128463 -0.077200 -0.125174 -0.036951 -0.166707 -0.042903 0.127580 -0.041641 0.005923 -0.052140 0.125907 -0.017737 0.119770 0.037373 0.152459 0.028051 0.000000 -0.171335 -0.074969 -0.063671 0.092799 0.170300 -0.086101 -0.020143 -0.152350 0.022655 -0.037285 -0.024113 -0.076190 -0.094119 0.043040 0.030942 -0.102578 0.041218 -0.021750 0.031136 0.008751 0.042942 0.019696 0.052813 -0.062438 -0.000327 0.072449 -0.044193 -0.003654 0.101703 -0.041415 -0.071103 0.006149 -0.036378 -0.003466 0.069090 -0.054147 0.014474 0.028244 0.040599 0.100643 0.010559 -0.002539 0.050121 -0.148850 -0.042416 -0.002996 -0.133204 0.045369 -0.011375 0.193391 -0.038628 0.086641 0.010220 -0.073712 0.024527 -0.058369 -0.004851 0.002826 -0.126711 -0.155632 0.149721 -0.000541 -0.078191 -0.146686 0.076488 0.149553 -0.141640 0.032240 -0.010895 0.053597 -0.160543 -0.028916 -0.123461 0.004244 -0.084788 -0.052053 -0.034821 0.009104 0.040250 0.137059 -0.043123 -0.044162 0.000253 0.123159 0.002707 -0.002055 -0.110308 0.003281 -0.015178 -0.194379 0.081174 0.004167 0.037631 0.097955 -0.042902 -0.195225 -0.016289 0.101282 0.004708 -0.055888 0.113701 0.158157 -0.026033 -0.053434 -0.090561 -0.016755 0.178316 -0.052659 -0.133649 -0.112123 0.074019 0.081654 0.141041 0.002074 0.008057 -0.000557 
0.021004 0.141367 -0.033576 -0.043974 433.796186 0.052418 0.010398 -0.133151 -0.126923 0.000326 0.000788 -0.184836 0.000354 -0.000597 0.014217 -0.151421 -0.001260 -0.002862 0.012945 0.069284 -0.000589 0.000000 -0.181728 0.085960 -0.029019 -0.167062 -0.056585 0.051868 0.030412 -0.013550 -0.032771 0.003452 0.004241 -0.017394 -0.030412 -0.111892 -0.029806 0.028948 0.002809 -0.017112 0.016769 0.037233 -0.039324 0.161584 -0.152349 -0.024822 -0.028731 0.042020 0.054486 -0.010712 -0.039264 0.150893 0.010847 0.012843 0.199563 -0.025963 -0.063852 0.043636 -0.177392 0.004355 -0.009573 -0.058532 0.011516 -0.063769 0.059089 0.000000 0.120089 -0.200684 -0.099041 -0.002602 0.102469 -0.032532 0.018583 0.032702 -0.003462 -0.075462 0.014046 0.006364 -0.107031 -0.129184 -0.008844 -0.000370 0.055249 0.068359 -0.080428 0.003541 0.123426 -0.004336 -0.173193 0.088243 -0.042525 -0.122252 0.086777 0.012264 0.013674 -0.134404 0.121874 -0.092777 0.000620 -0.099401 0.001449 -0.018070 0.008394 0.049195 -0.000688 0.044769 0.091369 0.013219 0.022494 0.002415 0.013470 -0.089348 0.052840 0.042226 -0.041025 0.004080 0.000000 0.180529 0.031773 0.161396 0.013497 -0.062698 -0.010822 0.003282 0.039230 0.013781 -0.033589 0.104052 0.017207 -0.011433 0.016351 0.004366 0.013332 0.128396 -0.046061 -0.023097 -0.000972 0.052446 -0.006831 0.196046 0.066454 -0.003851 0.091242 0.167133 -0.000348 0.013137 -0.160190 -0.102429 -0.022113 -0.099012 -0.184034 0.109701 -0.076847 0.148187 -0.173101 -0.046771 -0.000743 0.000153 0.046739 -0.025921 -0.166021 0.140337 0.066556 -0.075080 0.032465 0.001111 0.111972 0.091044 -0.069101 0.046484 -0.041819 -0.158019 0.000000 0.099752 -0.057109 0.003672 -0.019330 0.114834 0.088513 0.182699 0.003136 -0.000619 -0.012452 -0.007032 0.000000 -0.001577 -0.044569 0.011258 -0.132710 0.053404 -0.053353 0.164829 -0.002251 0.001225 -0.072557 -0.112200 
0.118133 -0.091537 0.049478 -0.000697 0.052418 110.038929 0.055442 0.060429 -0.081287 -0.008182 -0.001854 0.002720 -0.168590 -0.023052 -0.178824 -0.006377 -0.000286 -0.052852 0.126556 0.104861 0.026160 0.011005 -0.040686 -0.182341 -0.079315 0.065827 0.017245 -0.130988 0.071731 0.000858 0.058525 0.020530 -0.049958 -0.084076 -0.030186 0.139576 -0.010985 -0.087432 0.132005 0.156038 0.028481 -0.175609 0.055560 0.046932 -0.017052 0.067144 -0.028836 -0.024752 0.032858 0.030073 -0.077307 0.023085 -0.090535 -0.010095 0.003403 -0.004166 -0.031375 -0.018890 0.030258 -0.015339 -0.003691 -0.030559 -0.013653 0.089637 -0.003862 0.058209 0.086749 -0.164375 -0.002431 -0.063162 0.028991 -0.011843 -0.198950 0.016744 0.016879 0.040848 -0.107938 -0.071274 0.115080 0.108892 -0.000693 0.000327 -0.035034 -0.051553 -0.140001 0.087342 0.050034 0.048275 0.029480 -0.044185 0.000000 0.194612 0.146935 0.002430 -0.097744 0.006482 -0.189724 0.000000 0.002576 -0.081250 0.002369 -0.000337 0.082629 -0.022373 -0.017148 -0.103358 0.049914 -0.038097 0.138476 -0.014391 0.068109 0.108782 -0.046000 -0.001450 -0.108856 -0.031305 -0.037796 -0.002018 0.123021 -0.164709 -0.015675 -0.098732 -0.043000 -0.073035 -0.021271 0.001275 0.004931 0.125216 0.006600 0.039646 -0.046924 -0.046423 0.027707 -0.002967 0.156716 0.074786 0.032089 -0.015445 -0.004038 0.167683 -0.027810 0.054925 0.156476 -0.001251 -0.004260 0.176626 0.001054 -0.116231 -0.008216 0.100566 -0.105606 -0.000881 0.015183 0.026557 0.046615 0.114141 -0.033739 -0.001976 -0.024690 0.003819 0.155800 -0.064365 0.032929 0.042658 0.000141 -0.012198 -0.136724 -0.026074 -0.032651 0.036033 -0.028837 0.018280 -0.056100 -0.102040 0.055788 0.055826 0.052992 0.056709 0.067433 -0.067370 0.011009 -0.002501 0.080852 -0.024333 0.000129 -0.030242 0.180868 -0.068150 -0.003569 0.053115 -0.009375 0.034592 -0.000732 0.003120 0.013645 0.002470 
-0.028132 -0.110148 0.020961 -0.023378 0.010398 0.055442 5.755519 -0.200736 0.094465 0.013967 -0.118610 0.035838 -0.106707 0.034315 -0.009027 -0.182814 -0.030404 0.120786 0.042160 0.106024 0.127561 -0.001288 0.020949 0.001932 -0.162897 -0.047311 0.054846 0.055646 -0.153480 -0.101532 -0.171903 0.130611 0.172979 0.024318 -0.039176 0.157169 -0.066879 -0.048614 0.073017 0.016496 -0.080455 0.013714 -0.066132 0.103820 0.176491 0.024699 0.106940 -0.025870 0.180299 -0.181978 -0.093003 -0.006257 -0.046031 -0.191030 -0.077906 0.143656 -0.168126 0.002798 0.074999 -0.127192 -0.014619 0.078923 0.007262 0.050686 0.158183 0.114328 -0.067663 -0.155347 0.117897 -0.001147 0.195860 -0.024483 -0.068229 -0.022831 -0.187069 0.077618 -0.101542 0.021874 -0.017513 -0.003782 0.088688 0.000000 0.052579 -0.027637 0.017184 0.004121 0.169053 0.023247 -0.113182 -0.077921 -0.145736 0.134016 0.062057 0.139256 0.201000 0.167674 -0.117569 -0.069995 -0.110353 -0.024403 -0.029245 -0.009127 -0.019812 0.007474 -0.149119 -0.014932 0.070311 0.193371 0.094889 -0.044566 0.035411 0.065161 -0.184294 -0.091981 -0.028232 0.149475 -0.048589 0.188094 0.140342 0.044960 -0.017586 -0.115187 0.116782 -0.184864 -0.108384 -0.191005 0.042487 0.077757 -0.186559 0.087020 -0.150158 -0.116173 0.086978 0.122596 -0.131227 0.050425 0.006398 -0.069857 -0.107363 0.022097 0.041275 0.169033 -0.178154 0.014802 0.020093 0.076755 -0.167021 -0.076884 0.001499 -0.140278 -0.001911 0.141629 0.035604 0.147086 0.165331 0.021763 0.002643 -0.053193 -0.053912 0.003540 0.112172 -0.072856 -0.032186 0.129306 -0.023142 0.129372 -0.048115 0.001528 0.086016 0.043734 -0.189429 -0.097619 0.045206 0.136979 0.022960 -0.005388 -0.118277 -0.136038 -0.068448 0.155251 0.082339 0.098502 0.166958 0.054281 -0.049549 -0.091638 0.139964 -0.024487 0.011108 -0.154316 -0.091843 -0.044782 -0.168148 0.083610 0.009860 0.141759 
-0.113321 0.131731 -0.047295 -0.005129 -0.133151 0.060429 -0.200736 0.302243 -0.035019 0.025301 -0.058668 0.088767 0.057710 -0.053489 -0.047696 -0.054190 0.106898 -0.030572 0.068637 0.120682 0.020546 -0.138486 -0.165878 0.019131 0.124311 0.112631 -0.100167 0.009094 -0.116139 -0.164971 -0.124143 -0.076481 -0.077593 0.058296 -0.094323 -0.047542 -0.041305 -0.090825 -0.101853 -0.026810 0.052156 -0.003811 -0.073654 -0.047151 0.021565 0.143409 -0.058409 -0.127904 -0.070832 -0.062753 0.074913 -0.002057 -0.146495 0.134735 -0.129512 -0.119138 0.004387 -0.154947 0.148191 -0.041268 -0.020485 -0.076963 0.019811 -0.039814 -0.013495 0.092412 -0.164419 0.113446 0.017036 0.006375 -0.053936 0.050169 0.031693 -0.066280 -0.001794 -0.055999 -0.053325 0.060532 -0.078804 0.030520 0.094105 0.088520 -0.026659 0.049621 0.064456 -0.038619 0.057394 -0.023091 -0.114419 -0.152124 -0.014371 -0.012473 0.019465 -0.078273 -0.022874 -0.097632 0.045742 0.000000 0.085160 0.103019 0.057608 -0.048631 -0.024375 0.048188 -0.118557 0.080575 -0.008719 -0.117060 -0.066541 -0.126152 0.030423 0.094666 0.080267 0.068749 0.034135 0.034441 0.067469 -0.104097 0.011746 -0.033302 0.109843 0.032684 0.053218 0.062617 -0.022586 -0.002656 -0.137711 0.136518 0.014815 0.048946 -0.166155 0.097230 0.144034 0.014754 -0.010294 -0.143101 0.015702 0.038561 -0.046173 -0.134693 -0.061541 -0.008891 0.197477 0.108654 0.040151 0.004806 0.014683 -0.016083 0.149182 0.034172 0.146303 0.068079 0.059703 0.024385 0.105781 0.044952 0.083754 -0.059736 0.078000 0.008104 0.190873 0.146738 -0.142868 0.184181 -0.030018 0.097429 0.000700 0.055217 -0.005746 -0.158333 0.030186 -0.148593 -0.030685 0.162605 -0.033482 0.109001 -0.035898 0.137800 -0.082179 0.013054 -0.098512 0.158729 -0.094345 -0.067647 -0.056337 0.181671 0.000244 -0.028966 -0.055976 0.022852 -0.192690 0.051408 0.053223 -0.001777 0.070083 0.058866 
-0.142418 -0.195803 -0.080490 0.027896 -0.126923 -0.081287 0.094465 -0.035019 6.241342 -0.089224 -0.016843 0.111799 -0.170440 0.000000 -0.174273 0.021219 -0.083348 -0.001444 0.027158 0.160081 0.033591 -0.012310 0.003542 0.133545 -0.132988 -0.067734 -0.040022 0.163031 0.056326 -0.035505 -0.014004 0.101025 0.174229 -0.061915 0.006295 -0.096552 0.068293 0.091443 0.039398 -0.090649 -0.000874 -0.013446 -0.188245 0.069833 0.025192 0.092112 0.161004 0.060446 -0.023366 0.094513 0.051307 0.115918 0.065215 -0.032764 -0.101280 0.000455 -0.119488 -0.111447 -0.119046 0.197409 0.002703 0.057364 0.178429 0.162362 0.130123 -0.010586 0.003867 -0.088874 0.136685 -0.018513 0.105556 -0.003424 -0.013818 0.084591 -0.068273 0.107620 -0.062053 0.041881 -0.006370 -0.017782 0.031234 0.159796 0.001938 -0.009301 -0.011053 0.114242 -0.017637 -0.000369 0.000289 -0.147675 0.077508 0.035784 0.001673 -0.123444 0.167882 0.151597 0.119093 -0.100519 0.022962 -0.112871 0.118759 -0.001683 -0.002912 0.016340 -0.141021 -0.165488 0.056447 0.000631 -0.164022 -0.009175 -0.000501 0.029125 0.025838 0.051585 0.170507 -0.069258 -0.116386 0.040698 -0.064030 0.139449 0.023860 0.078625 0.002416 -0.006656 0.082466 -0.145105 -0.039392 -0.007290 0.189061 0.066448 -0.128946 0.167127 0.025334 0.115801 -0.143218 0.179841 -0.185758 -0.012581 0.073620 0.094015 -0.020233 0.009190 -0.006294 -0.097299 0.044386 0.124046 -0.011884 -0.049949 -0.062262 -0.077544 0.177785 -0.129083 -0.047450 -0.021491 0.025578 0.033611 0.047709 -0.046216 0.080470 0.026488 -0.103602 0.116252 0.073456 -0.012551 -0.062761 0.105803 0.148990 0.161072 0.003257 0.043712 0.177660 -0.096839 0.059126 0.087112 0.097030 0.021095 -0.096217 -0.163351 0.073768 0.011555 0.029090 -0.075215 0.039831 0.107145 -0.129147 -0.044366 -0.034935 0.079480 0.125071 -0.002227 0.167718 -0.032722 0.076874 -0.028645 0.028047 -0.009295 
-0.038173 -0.008020 0.176695 0.000901 0.000326 -0.008182 0.013967 0.025301 -0.089224 8682.014597 0.060703 -0.048917 -0.196729 -0.018422 0.013483 -0.009664 -0.005429 0.000000 0.001364 -0.013057 0.000000 0.000000 0.144079 -0.142058 0.031492 -0.021335 0.016484 -0.039167 0.000000 0.001635 0.085156 0.084998 -0.085116 -0.161552 0.095080 0.174546 -0.021689 -0.029184 -0.095241 -0.112240 0.100649 -0.000768 0.071764 -0.020361 -0.000193 -0.000271 0.021130 -0.059904 -0.001673 0.001384 0.135608 -0.036184 0.000000 -0.016234 -0.011380 -0.116717 -0.046914 0.020200 0.108614 0.015246 0.103683 0.062181 0.172359 0.023764 -0.006286 0.030478 -0.013243 0.051868 -0.037820 0.107511 0.138267 -0.003775 0.075590 -0.027386 0.001742 0.065032 0.009370 0.022071 -0.019295 -0.111565 0.145170 -0.110332 0.060584 0.137454 0.062006 -0.012509 0.181449 -0.139672 0.160235 0.005276 0.170938 0.043787 -0.157384 0.154719 0.000000 0.004753 0.054451 0.003202 0.000618 0.037725 0.007283 -0.029491 0.000000 -0.021416 0.000000 -0.170277 -0.026241 0.105355 0.045740 -0.000431 0.030560 0.041481 0.000000 -0.011723 -0.001059 0.034742 -0.002777 -0.032700 -0.129289 0.175597 -0.004674 0.056309 -0.144501 0.002914 -0.037479 0.193202 -0.018701 -0.072917 -0.000375 0.002950 -0.032203 -0.183229 -0.014202 -0.000924 -0.009050 -0.005007 -0.003834 -0.052160 0.105903 -0.093979 -0.008660 -0.006322 0.013960 0.027089 0.059951 -0.056289 0.134159 -0.146006 0.000796 0.026708 0.144489 0.057619 -0.162054 -0.116113 -0.000660 0.000000 0.000293 -0.107674 -0.056458 0.068296 -0.000747 0.000513 0.056532 -0.000645 -0.002259 0.004712 -0.009726 -0.028385 0.000000 -0.024826 -0.009018 0.026238 0.003288 0.002901 -0.059379 -0.000740 -0.072181 0.006901 0.196143 -0.021473 0.017999 0.001642 0.004136 0.193536 0.000000 0.003716 0.000141 0.038303 0.006616 -0.035316 -0.013123 0.011302 -0.000741 -0.014224 -0.032676 0.031679 
0.082033 0.068888 -0.048709 -0.044416 0.000788 -0.001854 -0.118610 -0.058668 -0.016843 0.060703 26.610878 -0.149416 -0.159070 -0.036852 0.058498 0.140011 -0.121644 -0.129825 -0.096304 0.052928 -0.117245 -0.015048 -0.004915 0.114738 -0.065288 -0.039106 -0.002873 0.055447 -0.000432 -0.085452 -0.014903 0.017306 -0.055380 -0.048527 0.136781 0.149910 0.166842 -0.030824 0.048504 0.009059 -0.010265 0.008706 0.156179 0.050183 -0.127315 -0.184307 -0.163747 0.102326 -0.013110 0.007281 0.086793 -0.187456 0.022111 0.017304 0.053922 0.005226 -0.035915 -0.001334 0.046589 0.053861 0.023305 0.111522 0.026624 -0.103177 0.114890 -0.063865 0.015447 -0.176304 -0.024502 -0.019395 0.010992 -0.008727 -0.078337 0.047840 0.026847 -0.052907 -0.010108 0.000196 -0.101208 0.153078 -0.044270 -0.044401 0.021431 -0.017155 0.107616 0.073640 0.013292 0.044170 -0.137714 -0.001152 -0.049222 0.065231 -0.017234 0.017133 0.074332 0.185885 0.089449 0.035418 -0.091673 0.084790 -0.039067 0.014979 -0.035116 -0.142785 0.033327 -0.000851 -0.011545 -0.117948 -0.000326 0.041050 -0.006145 0.121263 -0.027525 0.056777 -0.070126 0.158189 0.024277 -0.124973 -0.004817 0.080731 -0.161164 0.004267 -0.132027 0.090762 -0.016202 -0.006791 0.025685 -0.038203 -0.104264 0.088606 0.010964 0.008942 -0.143900 0.100862 0.012723 -0.002901 -0.014888 0.001891 -0.001256 0.000117 0.008900 0.040167 0.109497 -0.050402 -0.001666 0.166143 0.092879 -0.010147 -0.018956 0.028562 0.001759 0.176365 0.050992 0.132786 -0.030510 -0.144350 0.178664 0.077923 -0.071388 -0.092430 0.081391 0.048210 -0.179685 -0.011181 0.090721 0.010740 -0.091328 -0.028176 -0.168762 0.006927 0.004401 -0.042796 -0.043265 -0.101512 -0.040497 0.177145 -0.023949 0.090881 0.067414 0.002049 -0.012241 0.037938 -0.123679 0.010938 0.181571 -0.053308 -0.087000 0.039399 0.006277 0.005501 -0.027917 -0.004089 -0.013398 -0.030037 0.052783 0.070677 
-0.045158 0.000145 0.017584 -0.022527 -0.184836 0.002720 0.035838 0.088767 0.111799 -0.048917 -0.149416 17.008379 -0.048295 -0.024640 -0.108998 -0.083634 0.007770 -0.076371 -0.177174 0.192477 -0.150963 -0.011314 0.001856 0.149836 0.136437 -0.000278 0.016873 0.057764 -0.158522 -0.030129 -0.052961 -0.006104 -0.008046 -0.045632 -0.003109 0.040026 -0.088815 -0.172162 -0.014848 -0.097871 -0.090164 -0.019455 0.032930 -0.020493 0.099985 -0.032827 0.047912 -0.157835 -0.020192 -0.065188 0.000736 0.171272 0.134632 -0.002566 0.182784 -0.132024 0.079690 -0.083000 0.026687 -0.053447 0.055648 0.033852 -0.021019 0.147811 0.036435 -0.046752 0.061622 0.146724 -0.002619 0.140627 0.176502 -0.102947 -0.173275 -0.060406 -0.038834 0.045165 0.086218 0.007814 0.131790 0.048643 -0.001885 0.060035 0.009220 0.036157 0.001270 0.161185 -0.040971 -0.039622 -0.053320 0.200769 -0.036156 0.065308 -0.058566 0.000578 -0.023167 0.000708 0.006765 -0.184999 -0.015701 -0.122046 0.015246 0.062008 0.052610 -0.131449 0.140677 0.077508 -0.027043 0.108105 0.074985 0.000000 0.077093 0.028193 0.127013 0.012139 0.024077 -0.057863 -0.076671 -0.086017 0.071883 0.012357 0.139191 0.027557 -0.011982 0.067144 -0.017746 0.037755 0.045054 0.077240 -0.042024 0.071827 -0.005217 -0.045297 -0.007532 0.004465 0.008066 0.012761 0.082317 0.000000 -0.076084 -0.098501 0.036684 -0.172121 0.030504 -0.094142 -0.146832 -0.011264 0.077971 0.098718 -0.037965 -0.015624 -0.075119 -0.077573 -0.041703 -0.052780 -0.047964 0.162948 -0.060914 -0.007350 0.024032 -0.075083 -0.088378 -0.072009 -0.136330 0.010335 -0.095464 0.016558 0.164826 0.155488 -0.007894 0.053010 -0.169184 0.187137 0.008448 0.015379 0.025143 0.005473 0.008776 0.032625 -0.013489 -0.183399 -0.007661 -0.059584 0.129636 0.160606 0.146490 -0.009499 0.001121 -0.047854 -0.020527 0.166787 -0.049437 -0.018698 0.030820 0.011485 -0.018997 0.037748 
-0.000234 0.003468 0.111459 0.105402 0.000354 -0.168590 -0.106707 0.057710 -0.170440 -0.196729 -0.159070 -0.048295 103.979348 -0.022361 -0.076654 0.147756 0.000708 0.017774 -0.102207 0.003655 -0.014084 -0.006374 -0.047899 0.131591 0.002998 -0.128251 0.025661 -0.152884 0.047993 -0.113719 -0.004552 0.096724 0.068280 -0.085375 0.001689 0.113996 0.127115 0.008923 0.063167 -0.038687 0.162519 0.003494 -0.003090 -0.000159 -0.107779 0.010847 0.046176 0.000000 0.001899 -0.035893 -0.094429 -0.059664 0.018545 -0.000370 0.029855 -0.002157 -0.048134 -0.002251 0.037908 -0.077826 0.067944 0.012156 -0.108484 0.057243 0.115193 0.001536 -0.008429 0.116070 0.055090 0.080457 0.130297 -0.008703 0.095491 -0.065440 0.012684 -0.060002 0.060255 -0.161620 0.148465 -0.120276 -0.046208 -0.001172 -0.121412 0.009768 0.093042 -0.088181 0.006836 -0.140826 0.114970 0.057113 -0.139201 0.092858 -0.139835 -0.007439 0.120162 0.143214 -0.000875 -0.015410 -0.118623 -0.124807 0.000310 -0.147605 -0.113388 -0.043592 -0.184675 -0.007176 -0.104489 -0.059600 0.027201 0.005674 0.029889 -0.021221 -0.183297 -0.065334 0.139186 0.006171 0.187684 -0.002623 0.075267 0.121924 -0.146861 -0.019131 0.078802 0.029458 0.018345 0.047947 0.057838 -0.148600 0.012765 -0.149641 -0.065753 0.000591 -0.012235 0.046917 0.078001 -0.150633 0.123707 -0.001466 -0.047693 -0.004600 0.014602 0.048649 0.018725 0.018838 0.114634 -0.012636 -0.126275 0.003332 -0.025496 0.093660 0.038061 -0.128105 0.190853 0.004204 -0.150780 -0.008420 -0.002579 0.083868 0.040034 0.053849 0.122009 0.108936 -0.110361 0.194394 0.082084 0.197637 0.090375 0.070162 0.116082 -0.116693 -0.004556 -0.007538 0.000382 -0.006288 0.000573 0.088609 0.012865 0.029118 0.017762 0.004831 0.000918 0.000000 0.004219 -0.144996 0.010007 -0.008936 0.024040 -0.031314 0.065008 -0.004404 0.173550 0.142076 0.035631 0.000000 0.002052 -0.037169 
-0.000246 0.039432 0.125343 0.128294 -0.000597 -0.023052 0.034315 -0.053489 0.000000 -0.018422 -0.036852 -0.024640 -0.022361 192.954448 -0.014452 -0.033087 -0.023471 -0.030441 -0.001358 -0.000559 -0.003348 -0.047901 -0.139328 -0.000154 0.000684 -0.001936 -0.101775 0.171820 -0.007513 0.037766 -0.024374 -0.039807 -0.035920 -0.050852 -0.011532 0.041998 0.113400 -0.150231 0.002469 0.019220 -0.155316 0.028413 -0.026641 -0.139146 0.062524 0.008915 0.094274 -0.140501 0.028735 0.195816 0.137426 0.186695 -0.004482 -0.000345 0.070875 -0.002834 -0.135103 -0.000435 -0.027220 0.159868 0.046998 0.124641 0.120954 0.075303 0.144788 0.005412 -0.057712 0.159824 -0.051217 -0.018976 0.191072 0.015931 0.003142 0.054678 -0.107746 -0.138208 0.183032 0.080795 -0.027659 0.041090 -0.014984 -0.002563 0.057970 0.028769 0.000401 -0.032444 0.028554 -0.043754 -0.065149 0.050979 0.059170 -0.173117 0.136164 -0.080320 -0.010212 0.057032 0.026490 0.014686 -0.129797 -0.033608 0.030158 0.148040 0.057327 -0.009283 -0.115722 0.169094 -0.020018 0.018608 0.015061 0.011619 -0.104910 0.097604 0.048285 0.028312 -0.171818 0.161635 -0.012490 -0.005433 0.007395 -0.163927 -0.112943 -0.166701 0.184605 -0.002143 0.035792 -0.073896 -0.019129 0.159648 0.000606 -0.003866 0.021680 0.011171 -0.023222 0.005701 -0.004892 0.004038 -0.076365 0.062976 0.145092 0.138236 0.010662 -0.122865 0.019454 0.027342 0.164426 0.025008 -0.059173 -0.133403 0.063593 -0.056255 -0.072451 0.018060 -0.097908 -0.003005 0.014517 -0.007403 0.010849 -0.003226 0.097219 -0.128999 0.039126 -0.012323 -0.030650 0.000119 0.199072 0.000000 0.078688 -0.004183 0.047076 0.024562 -0.009685 -0.194931 0.000000 0.057891 -0.008457 0.032663 -0.018594 0.022679 -0.173878 0.092336 -0.071816 -0.000214 0.088860 0.076546 0.025061 0.033654 0.009263 0.074528 0.005255 -0.157684 0.028563 -0.027450 -0.045463 -0.041131 -0.045087 -0.003161 
0.038042 -0.079457 -0.015559 0.059211 0.014217 -0.178824 -0.009027 -0.047696 -0.174273 0.013483 0.058498 -0.108998 -0.076654 -0.014452 663.944124 0.069006 0.000789 -0.005599 -0.000442 -0.001986 0.019492 0.087801 -0.012607 -0.008828 -0.135248 -0.016138 0.014179 -0.004551 0.000000 -0.007129 -0.002382 -0.082613 -0.002123 0.017288 0.105419 -0.071974 -0.138269 -0.114790 0.176896 -0.077074 -0.015235 0.000506 0.031992 -0.012839 -0.000361 0.000977 0.017948 -0.143167 -0.061670 0.000000 -0.026437 0.031405 0.000170 0.007530 0.057553 -0.008296 0.019423 -0.059019 0.089992 0.100189 0.010833 0.099416 0.185316 0.010925 -0.092104 -0.060439 0.003145 -0.030338 0.010981 0.041538 -0.137743 -0.001048 0.030989 0.007767 -0.101510 -0.016136 -0.058890 -0.003536 0.052515 0.064901 -0.030009 0.003428 -0.063804 0.011519 -0.010711 -0.007152 0.023570 -0.110223 0.161074 0.074891 0.018923 0.006414 -0.064134 0.074129 -0.102314 -0.006120 -0.010492 0.000903 -0.051947 0.023011 -0.003263 -0.075645 0.152902 0.023636 0.003657 0.179797 0.167167 -0.094489 -0.029237 0.000000 -0.078058 0.038640 -0.001364 0.052899 -0.063768 -0.070900 -0.000349 0.038019 0.000269 -0.071026 -0.011797 0.161458 0.183780 -0.122413 0.026798 -0.001102 -0.072819 0.020159 0.001001 0.000572 0.000000 -0.001342 -0.000207 0.171366 0.016649 0.106124 0.003180 0.000000 -0.050226 -0.064931 -0.018745 -0.033540 0.172841 0.071265 -0.000498 -0.096529 -0.092474 -0.012317 0.000528 -0.037470 -0.020209 -0.002267 0.002815 -0.062126 -0.154375 0.010893 -0.027095 0.062527 0.091003 -0.027483 -0.002511 -0.164055 0.135249 0.034374 0.094441 0.000904 -0.139195 -0.003485 -0.066811 -0.025340 -0.073321 -0.001587 -0.061139 -0.001262 0.165017 -0.084784 -0.126482 0.002702 -0.003412 0.008226 0.000000 0.005660 -0.058449 0.026566 0.000932 0.002481 0.002244 -0.176922 -0.047221 -0.004934 -0.024913 -0.088136 0.005893 -0.058881 0.102330 -0.059815 
-0.051765 0.055060 0.077477 0.001148 -0.151421 -0.006377 -0.182814 -0.054190 0.021219 -0.009664 0.140011 -0.083634 0.147756 -0.033087 0.069006 14.846204 -0.000410 0.000668 0.014482 0.123156 0.017874 -0.111321 -0.041336 -0.002237 -0.000729 0.041236 0.024870 -0.046014 0.028404 0.058322 0.098800 -0.066011 0.182636 0.050667 0.012601 0.032850 -0.121468 -0.181175 -0.167831 -0.014723 -0.060233 0.100096 0.049786 0.194753 -0.018817 -0.103073 0.022081 0.035369 0.148175 -0.089411 0.123209 0.041283 -0.005249 -0.001885 -0.020228 -0.138364 0.003742 -0.001407 0.150412 -0.155316 0.050332 -0.135216 -0.038176 -0.012932 -0.048558 -0.003138 -0.130747 0.115452 -0.006577 0.060781 0.175549 -0.093605 -0.117546 -0.036045 -0.025604 0.146809 -0.097314 0.015905 0.152668 0.109438 -0.013215 -0.094854 -0.071895 -0.044677 0.070124 -0.068246 -0.190284 0.004401 -0.141171 0.007269 -0.033509 0.000317 0.104002 0.103709 -0.065162 -0.043448 0.130044 -0.081442 -0.077323 -0.115049 0.051150 -0.103389 -0.102200 -0.053863 0.085628 -0.106807 0.047028 0.085787 -0.190387 0.023947 -0.143635 0.159640 0.010719 -0.086357 -0.074685 -0.096747 0.069539 0.162235 0.020798 0.000748 -0.135280 0.157013 -0.030661 0.046909 0.037635 -0.118519 -0.024501 0.082765 0.127921 -0.035467 0.007789 -0.059031 -0.054335 -0.069136 0.070107 0.186515 0.164247 0.001042 0.159640 -0.025269 0.117727 0.135522 -0.140407 0.189422 -0.001338 -0.144677 0.000000 0.010966 0.002113 -0.141249 0.026693 0.062250 0.008127 -0.091353 -0.057171 -0.002735 -0.096122 0.166390 0.052306 -0.008424 0.110573 -0.072770 0.131717 -0.001597 0.040741 -0.008365 0.099338 0.070737 0.083590 0.122787 0.121074 0.053961 -0.170827 0.025435 0.003487 -0.030950 0.004041 -0.001871 0.125243 0.060321 0.156634 0.000000 0.183069 -0.058435 -0.093786 0.067059 -0.000753 0.099830 0.076775 0.125335 -0.021499 0.029831 -0.002843 0.063613 0.093347 0.186231 
-0.000285 0.013938 -0.060597 0.009112 -0.001260 -0.000286 -0.030404 0.106898 -0.083348 -0.005429 -0.121644 0.007770 0.000708 -0.023471 0.000789 -0.000410 611.283154 0.003520 -0.000158 0.090877 -0.024049 -0.015277 0.140686 0.096148 -0.002049 0.165752 0.114775 0.012601 0.000000 -0.003956 -0.012958 0.177589 0.000657 -0.040085 -0.142185 -0.182704 0.065191 0.002341 0.188717 0.004948 -0.014772 -0.189631 -0.144717 0.071300 -0.005907 -0.082779 0.033660 -0.103838 0.000153 0.002705 -0.006866 0.090744 0.078621 0.000000 0.007225 -0.078840 -0.014713 0.124861 -0.144426 0.022434 0.127699 -0.019195 0.118805 -0.044866 -0.108815 -0.000686 -0.003859 -0.004385 -0.040858 0.003630 -0.113421 0.020109 0.014020 0.022965 0.021119 -0.030938 0.013090 -0.005359 -0.086385 0.055683 -0.004509 0.001872 -0.156590 0.000441 -0.094233 -0.040721 -0.003738 0.004167 0.039756 -0.131620 -0.149919 0.028772 -0.121820 0.041758 0.044270 -0.183281 0.036630 -0.080937 0.000000 0.054130 -0.025010 0.000822 0.110336 0.124744 -0.016685 0.009957 0.029948 -0.023495 -0.014636 -0.014699 0.057287 -0.088151 0.000000 -0.019758 0.000396 0.018374 0.025555 0.065856 0.009712 -0.028983 -0.000251 0.072785 -0.005443 0.032860 -0.044024 -0.135006 -0.049260 0.066165 -0.011389 -0.007157 0.059199 0.016772 0.022376 -0.005780 -0.180858 -0.079799 0.011429 -0.002982 -0.171822 -0.063012 -0.032349 -0.031018 -0.004824 0.000000 0.023363 -0.002744 0.127750 0.162764 -0.064224 0.085792 -0.186444 -0.106487 0.006579 -0.162098 -0.144775 0.027851 -0.044789 0.001482 0.040581 -0.002897 0.045106 0.046813 0.065288 -0.191551 -0.003746 -0.051218 -0.131661 0.000610 0.103537 -0.027654 0.041764 0.002478 0.001479 0.020976 -0.179202 -0.005662 -0.182043 -0.057347 -0.103235 0.015050 -0.160715 0.000705 -0.024746 0.189293 0.038596 0.002107 0.001375 -0.069458 -0.152804 0.171889 -0.079689 0.084288 0.087251 0.000000 0.110212 0.109685 
0.137207 0.130641 -0.009581 -0.076446 -0.002862 -0.052852 0.120786 -0.030572 -0.001444 0.000000 -0.129825 -0.076371 0.017774 -0.030441 -0.005599 0.000668 0.003520 1369.983033 -0.042671 0.000825 0.000000 0.135743 -0.001109 0.000000 -0.003583 -0.053986 0.025055 -0.011903 0.071806 -0.003586 0.000000 -0.142878 0.009262 0.048630 0.066980 -0.109076 0.034692 0.005242 -0.001353 -0.193147 0.002958 0.006228 -0.001865 0.145774 0.004135 0.000000 -0.121199 -0.168238 -0.000593 0.000000 0.025000 -0.003117 0.007166 0.017198 -0.043703 0.057884 0.026421 0.050151 -0.160167 0.104643 0.075176 -0.096915 0.087419 0.044871 0.036202 -0.040429 0.013155 0.016025 0.015966 0.001321 -0.005780 -0.019626 0.062408 0.000313 0.002697 0.104310 0.080047 -0.031894 -0.004955 0.110198 0.159103 0.002518 0.006678 0.040246 -0.001546 0.017794 -0.199258 0.004733 0.075127 0.000000 0.019512 0.024467 -0.005116 -0.182199 -0.171041 -0.000483 0.125244 0.002120 0.154900 -0.138104 -0.003276 0.002315 -0.040915 -0.104553 0.044821 0.062726 -0.053950 0.072991 -0.032807 0.033670 0.128164 0.037786 0.003487 -0.002778 -0.157226 -0.038548 -0.000559 -0.094681 -0.033331 0.005703 -0.160814 -0.031701 -0.055014 0.017431 0.028857 0.002516 -0.003286 -0.101603 0.000000 -0.003287 0.153066 -0.022332 -0.142950 0.000000 0.070654 0.097448 -0.003389 0.002706 0.147529 -0.121421 -0.200471 0.052596 0.072118 -0.004173 -0.001023 -0.153197 0.033191 0.001622 -0.024362 -0.153611 0.062807 -0.116325 -0.000730 -0.044292 0.000790 0.128838 0.007038 0.058381 -0.035080 0.007182 0.010637 0.004475 -0.014254 -0.171589 0.050125 -0.000447 -0.072083 0.003605 0.005703 0.192422 -0.172611 0.000000 0.000522 -0.196391 0.039069 0.000000 -0.140362 -0.108094 0.065472 -0.007117 0.000000 -0.092316 -0.146618 -0.125313 -0.194906 -0.011032 0.067009 -0.063933 0.143030 0.197968 0.024518 -0.124667 0.127604 0.000971 -0.000254 -0.032581 
0.000264 -0.004842 -0.051973 0.177948 0.012945 0.126556 0.042160 0.068637 0.027158 0.001364 -0.096304 -0.177174 -0.102207 -0.001358 -0.000442 0.014482 -0.000158 -0.042671 216.577555 -0.001796 0.011441 -0.000204 -0.003749 -0.156712 0.000252 -0.014921 0.124290 0.083683 -0.000593 0.075406 0.000128 -0.011237 0.023663 0.028721 0.127603 0.029569 -0.017555 -0.066583 -0.071510 0.028989 0.167491 0.000000 0.192899 -0.078512 -0.089887 -0.004558 0.049003 0.044718 -0.029685 0.001456 -0.043485 -0.090952 0.083786 0.002509 -0.009263 -0.000938 -0.037811 0.023725 0.019358 -0.082312 -0.008132 0.029896 -0.011471 -0.061618 0.053826 -0.002817 0.001214 -0.050155 0.054273 0.021139 -0.015317 -0.020283 0.072942 -0.015607 0.158859 -0.006587 0.034215 -0.000416 -0.047868 0.021340 -0.039391 0.104359 0.051504 0.002727 0.000208 0.028326 -0.114238 -0.000440 0.014770 0.051306 -0.007903 0.012070 0.082228 0.010576 0.017668 0.146402 0.020424 -0.051055 0.046322 0.091346 -0.004562 0.054643 0.027499 -0.057240 0.008284 -0.004867 0.012927 -0.021994 -0.003580 0.005035 -0.036898 0.012539 0.185191 -0.102560 -0.076279 0.065296 0.001791 -0.065000 -0.102960 -0.058448 -0.026196 0.157110 0.000208 0.003870 -0.107017 0.053066 0.059109 0.028917 0.018027 0.129588 0.046112 -0.163428 -0.002105 0.024418 0.100497 0.064015 0.095366 0.023701 -0.051968 -0.093922 -0.010282 -0.141611 -0.091127 -0.017186 -0.057628 -0.189831 0.177938 -0.022989 0.001653 -0.054679 -0.109965 0.019606 -0.003755 0.000251 0.000706 -0.093129 0.000951 -0.000470 0.062649 0.192029 0.005462 0.079780 0.002452 0.159531 0.130657 -0.003336 -0.009742 -0.072727 0.018007 -0.143818 0.136510 -0.002660 0.180628 0.092202 -0.087697 -0.098432 0.007391 -0.021390 0.106764 -0.003485 -0.001505 0.176788 0.129482 0.184916 0.139796 -0.038246 0.047876 0.160992 -0.007842 -0.165754 -0.010257 0.062322 0.000000 0.136920 0.081475 -0.176393 
-0.055129 0.000786 0.060560 0.186920 0.069284 0.104861 0.106024 0.120682 0.160081 -0.013057 0.052928 0.192477 0.003655 -0.000559 -0.001986 0.123156 0.090877 0.000825 -0.001796 307.924580 -0.163679 -0.034435 -0.193367 -0.064792 -0.000633 -0.000459 0.093998 0.004803 0.040804 0.031219 0.001525 -0.070328 0.064406 -0.084491 -0.056556 0.055369 0.076773 -0.002597 0.056622 0.166663 0.048313 -0.010548 -0.015418 0.054774 0.004330 -0.000181 0.009509 0.008256 0.002182 -0.004623 -0.090294 0.093054 0.001828 0.089180 0.003850 0.046211 0.046254 0.012928 0.052164 -0.180689 0.186563 0.023121 0.108152 0.050992 0.172684 0.011949 0.085602 0.023031 0.042278 0.042315 -0.002156 -0.001499 0.001105 -0.001334 -0.006098 0.006502 0.003337 0.008827 -0.073574 0.040263 -0.143915 -0.000878 0.040766 0.005872 0.047099 -0.003838 0.039644 -0.021298 -0.080344 -0.111137 -0.047569 0.142299 -0.184275 -0.032452 0.133319 -0.111732 0.031633 -0.058473 -0.178763 0.006300 0.005097 -0.001921 0.043825 0.044300 0.026086 -0.026449 -0.175400 -0.127494 -0.150846 0.000248 -0.130028 -0.128818 -0.044495 -0.062972 0.056956 0.032599 -0.001422 -0.052781 -0.024322 0.081323 0.033500 -0.109514 0.087282 -0.054294 0.069047 0.000000 0.053643 -0.056505 -0.000550 0.090906 -0.087944 -0.198016 0.001045 -0.031890 0.003783 -0.129642 0.006240 -0.126090 0.047930 0.029851 0.198550 -0.172854 -0.033890 0.010793 0.048368 0.111367 -0.002838 -0.000743 0.005651 -0.079967 -0.109131 -0.035344 0.003539 0.004384 0.115730 -0.037518 0.000000 -0.009804 0.021375 -0.000966 0.083917 0.016620 -0.083591 0.132479 0.000000 0.002861 -0.066856 -0.001390 0.004728 0.015182 0.144159 -0.001650 0.000973 -0.011553 -0.129383 -0.024614 0.000000 0.029220 -0.096019 -0.007683 0.000000 0.000395 0.018196 0.047658 0.002516 0.114370 -0.002422 0.076115 0.069404 -0.042984 -0.131650 0.154830 0.000574 0.004077 -0.142975 -0.197225 
-0.001487 -0.078578 0.017001 -0.006875 -0.000589 0.026160 0.127561 0.020546 0.033591 0.000000 -0.117245 -0.150963 -0.014084 -0.003348 0.019492 0.017874 -0.024049 0.000000 0.011441 -0.163679 844.370931 -0.004944 -0.032068 0.146507 -0.002567 0.000000 0.014439 0.090995 0.031520 -0.000176 0.000416 -0.004159 0.041383 0.143994 0.010280 -0.044448 0.108857 -0.076916 -0.012482 -0.073170 -0.000277 -0.003958 -0.155285 0.181644 -0.001220 0.015419 0.100135 0.103682 -0.085808 0.011205 0.071932 0.035262 -0.064483 0.194461 -0.084610 -0.169510 -0.069210 -0.200322 0.068859 0.011792 -0.094392 -0.098290 0.148857 0.049356 0.002641 0.000000 0.060813 0.105633 0.043279 -0.019187 0.031301 0.150190 -0.007190 -0.040644 0.009143 -0.107870 -0.142846 0.136798 -0.011161 0.189890 -0.152711 -0.001123 0.031564 0.173305 -0.160736 0.010836 0.037456 0.090086 0.112671 -0.003653 -0.095013 0.064199 -0.028899 0.012765 0.084239 -0.004695 -0.167856 -0.021593 -0.003907 0.061137 -0.153080 0.098556 -0.165654 0.084497 0.004686 -0.010225 0.003883 0.096123 0.000908 -0.000264 0.034743 0.043941 0.000000 0.007410 0.022856 0.154405 0.012595 0.020847 0.024995 -0.095325 -0.053617 -0.003274 0.146417 -0.135133 -0.017619 -0.001625 -0.000177 -0.168696 0.023641 0.000736 0.006489 0.178208 0.018532 0.031311 -0.046757 -0.006338 0.017795 0.000000 -0.042336 0.014916 0.004535 0.005135 0.063138 -0.047336 -0.167242 0.132404 -0.076876 -0.022624 -0.000252 -0.009698 0.087872 -0.127697 0.195727 0.035670 0.042798 0.020646 0.002606 0.133787 0.030247 0.028301 -0.009182 -0.085689 -0.069958 0.184235 -0.193182 -0.002540 -0.190956 -0.000305 0.012176 0.033287 -0.003792 -0.004566 -0.053584 -0.052005 -0.144748 -0.011357 0.112729 -0.026316 0.081255 -0.007126 0.033170 -0.004247 -0.010292 0.097815 0.060216 -0.003503 0.013418 -0.007439 0.063978 0.074182 -0.145900 -0.064633 0.000000 0.114400 0.133471 -0.015062 
