31.479956 0.000329 -0.002666 -0.046591 -0.018845 0.005772 -0.030615 0.001742 0.000279 0.006356 -0.071719 -0.075409 -0.000165 0.011557 -0.004087 0.054825 0.000783 0.004888 -0.001142 0.053289 0.009112 -0.056365 0.030732 0.012202 -0.008153 -0.031014 -0.005855 -0.047564 -0.002371 -0.003586 0.075364 0.009671 0.046648 -0.009626 0.002903 -0.050474 0.003881 -0.002419 0.016293 -0.014720 0.003427 0.039990 -0.023590 -0.078510 -0.058999 0.008761 0.068751 0.057859 0.074194 0.011277 0.076941 -0.062145 0.013805 0.000146 0.016000 -0.063585 -0.003371 0.002461 -0.003028 -0.065060 0.002254 -0.014652 0.010271 0.079046 0.002853 0.000509 0.045648 0.018335 0.012681 -0.004755 0.002642 0.043417 -0.012998 0.028330 0.048288 0.042417 -0.000335 0.048453 0.029501 0.004764 0.003467 0.040085 0.022006 -0.018169 -0.000482 0.005628 -0.004025 0.032475 -0.025046 -0.008671 0.059244 -0.048510 -0.005104 0.059227 -0.007603 -0.014418 0.002198 -0.001145 -0.000776 -0.018201 -0.014994 -0.064952 0.036803 -0.053205 -0.071129 0.007246 0.003690 -0.016535 0.000537 0.000164 0.042665 -0.029611 -0.020785 0.002254 0.000315 0.002908 0.038527 0.033550 0.004607 0.020603 0.025289 -0.038588 -0.000295 0.019738 0.000357 -0.002153 0.019084 0.017699 0.016532 0.000892 -0.031911 0.022867 -0.032865 -0.020279 0.016398 -0.025375 0.064401 0.026388 -0.026399 -0.004276 0.010935 -0.047205 -0.006280 0.000289 -0.017652 0.012050 -0.054287 0.018855 0.000000 -0.001216 -0.012872 -0.005194 0.003327 0.040416 -0.029321 -0.007561 0.007588 0.000000 -0.008046 0.006355 -0.024238 -0.021442 0.041994 -0.003658 -0.007006 0.001666 -0.003590 0.032132 0.000413 0.053665 -0.058698 0.063482 0.013219 -0.019456 0.013313 0.039452 0.018427 0.000000 0.027167 0.054959 -0.005642 -0.000266 -0.000165 0.008321 -0.073318 0.002365 -0.003550 -0.000662 0.044969 0.005023 -0.020881 -0.012127 -0.004021 -0.058637 -0.018062 0.028079 
0.000329 4997.421267 0.016755 0.014115 -0.006493 -0.045831 -0.071685 -0.024546 0.008598 -0.036452 0.035515 -0.001436 -0.000467 -0.000728 0.027634 -0.032579 -0.010990 0.015864 -0.075493 0.000000 0.025462 -0.071405 0.032871 0.021752 -0.048101 0.057909 -0.000250 0.000949 -0.003109 -0.016470 -0.001308 -0.010284 -0.028560 0.009823 -0.000140 0.060949 0.000288 0.006675 0.023056 0.020965 0.008163 -0.045731 0.026920 0.004020 -0.000708 0.061287 0.056305 0.063055 0.030705 -0.005080 0.057874 0.025986 0.000172 0.000538 0.026005 -0.042077 0.048047 0.000000 0.000175 -0.066241 0.071705 -0.002698 -0.013072 -0.025541 -0.004228 0.000000 -0.078736 0.017939 -0.000547 0.009753 -0.014865 -0.003133 0.000000 0.017619 0.001971 -0.075518 -0.077485 -0.049297 0.002207 -0.025514 -0.001782 0.064711 -0.001636 0.005205 -0.010989 0.000000 0.031131 0.000000 0.049665 -0.046996 -0.016735 -0.014501 0.000107 -0.009344 0.000000 0.000000 0.006622 -0.002026 -0.000347 0.075195 -0.024412 0.004292 -0.012395 -0.000759 -0.056634 0.035854 -0.003184 -0.008899 0.053932 0.034940 -0.001017 -0.020629 -0.033807 0.025232 0.016969 0.008373 0.054745 -0.024161 -0.009300 -0.051206 -0.003196 0.046926 0.000000 -0.003598 0.000000 0.000220 0.000000 -0.040879 -0.002581 0.000000 -0.000925 -0.004443 -0.024722 -0.002229 0.016813 0.013869 -0.040729 0.000000 -0.016331 0.053555 0.000000 -0.001939 -0.000102 0.023070 -0.014190 -0.029662 -0.000746 -0.022966 -0.045407 -0.006499 -0.000554 0.009093 0.071423 -0.000750 0.026885 0.036543 0.001991 -0.002719 -0.027733 -0.030536 0.004806 -0.025104 0.046640 0.001481 -0.003326 -0.008465 0.017460 0.026971 0.006751 0.009527 0.001130 0.002586 -0.014548 0.061320 0.000000 0.000000 0.000000 0.061368 0.001151 0.038365 0.021172 0.010059 0.039059 0.014378 -0.009938 0.006373 0.000941 0.002263 -0.000863 0.000000 -0.007858 -0.003694 0.037490 -0.005443 0.000000 0.024075 
-0.002666 0.016755 0.189305 0.033146 0.018154 0.075622 -0.004834 0.058140 -0.002795 -0.001870 0.026320 -0.001025 -0.018789 0.022337 0.003441 0.043147 -0.031575 0.018595 -0.002899 0.061566 -0.041814 -0.027701 -0.064272 -0.042438 0.012865 0.008020 -0.006171 -0.001703 0.002519 -0.023242 0.035649 0.003839 0.002550 -0.005280 0.036853 0.015534 -0.011734 -0.034183 -0.022076 0.012175 -0.010163 -0.035067 -0.032428 0.006352 0.079275 -0.052532 0.062449 0.038547 -0.024737 0.013034 0.003786 0.044566 0.030067 -0.008851 -0.037889 0.001467 0.069132 -0.046271 0.000000 0.034952 -0.007083 -0.052918 -0.025126 0.069630 -0.076756 -0.014734 -0.066785 -0.025795 -0.024025 -0.030827 0.020772 -0.011165 -0.003264 0.000000 0.022066 0.047947 0.004531 0.014614 -0.011050 0.014910 -0.009987 -0.002801 -0.014165 -0.021261 -0.020238 0.005273 0.048448 -0.021256 0.007476 0.016642 0.011871 -0.006129 0.003856 0.015040 -0.017584 0.005780 0.034513 -0.046140 0.051501 -0.004428 -0.032756 0.022614 -0.038511 0.000000 -0.022594 -0.062045 0.014521 0.004390 -0.000566 -0.003249 -0.041228 -0.008193 0.013757 -0.029933 0.018151 0.015081 0.075866 0.041749 -0.061550 0.012533 0.018187 0.013091 0.004213 0.009128 0.005467 0.008269 0.028160 -0.014635 -0.001788 0.043429 -0.007711 -0.007517 0.021883 -0.018657 0.008163 0.002445 -0.001415 0.034823 -0.027059 -0.047586 -0.001949 0.056575 -0.065959 -0.019072 0.001645 0.064538 0.068551 0.004152 0.041044 0.001114 -0.012761 -0.050976 0.027232 0.064026 0.000894 0.058081 0.037712 -0.049953 0.073627 -0.078822 0.067885 -0.032585 0.053417 0.072057 0.001299 -0.046036 -0.019253 -0.000821 0.070530 0.021254 0.031753 0.000707 0.059619 0.067649 0.031892 -0.004771 0.019685 -0.007077 -0.007458 0.077248 0.069407 0.015467 0.070249 0.059333 -0.064575 -0.065610 -0.006177 0.003085 0.062380 0.004148 0.001685 0.013612 0.001957 -0.019514 -0.024002 -0.012304 
-0.046591 0.014115 0.033146 0.194063 0.026520 -0.021804 -0.056489 0.021486 -0.005732 -0.012634 0.021283 0.008256 -0.035606 0.050311 0.050463 0.048406 -0.014818 -0.008869 -0.042265 0.004392 -0.031216 0.019772 0.006163 0.014268 -0.015571 0.005960 -0.012692 0.010430 0.002925 0.010793 0.038293 -0.018373 -0.039274 0.011174 -0.027421 0.053544 0.002993 0.023149 0.000000 0.015416 0.003123 -0.016536 0.009576 0.014463 0.039930 0.018959 0.007705 -0.042227 -0.019427 -0.026595 0.053937 0.033015 0.000241 0.046468 -0.019210 -0.001300 -0.042177 -0.025669 -0.049407 -0.019177 0.044818 -0.014736 0.026270 0.012156 -0.027986 0.012086 0.077862 0.038016 0.000000 0.009601 0.068609 -0.019718 0.010760 -0.002100 0.008864 0.066454 -0.019985 -0.005305 0.039753 0.035583 -0.017406 0.000551 -0.001260 -0.016689 -0.012019 0.033194 0.023464 -0.013258 0.001986 -0.023197 -0.042538 0.011099 -0.021409 0.003656 -0.012339 -0.019311 0.014889 0.019565 0.000705 0.026669 -0.009963 -0.012024 -0.026383 0.000212 -0.013357 0.012972 0.048464 0.009525 0.049811 -0.014084 -0.005444 -0.019724 -0.033064 -0.027334 -0.050378 0.001956 0.042691 -0.036601 0.021366 0.043732 -0.012677 -0.004618 0.002547 -0.036995 0.015448 -0.027105 -0.024646 -0.021482 -0.035175 -0.008727 0.043373 -0.024927 0.042282 -0.021031 0.000743 0.018858 -0.040314 -0.017203 0.018738 -0.062653 0.006526 0.032803 0.007428 0.003472 -0.013115 -0.005089 -0.025836 0.034931 -0.001226 0.030186 -0.028954 0.032129 0.043292 -0.014872 0.019386 -0.012838 0.004922 -0.061042 0.041472 0.047297 0.008403 0.045323 -0.061240 0.006871 -0.019009 -0.014350 0.037923 0.037644 -0.000767 0.006131 -0.005269 0.021112 -0.032590 -0.038525 -0.052988 0.006081 0.010573 0.028590 -0.026828 0.024410 0.021353 0.010373 0.030644 -0.024977 -0.046749 0.018687 0.010438 -0.009431 0.002074 -0.007781 -0.026678 -0.012404 -0.039938 0.018843 0.024610 -0.051855 
-0.018845 -0.006493 0.018154 0.026520 74.928645 -0.003024 0.044358 -0.000271 -0.011953 -0.024684 -0.003091 -0.000453 0.073008 0.038918 0.026121 0.039477 0.038513 0.000722 0.012553 -0.006542 0.002299 -0.029195 -0.012030 0.002452 -0.036405 -0.002177 0.001343 -0.004450 -0.007687 -0.077455 0.049509 0.030160 -0.029484 0.048432 -0.000470 0.041474 0.000507 0.010109 -0.018209 -0.012680 0.044436 0.012843 -0.004445 -0.000979 0.000207 0.001123 0.018990 0.012649 -0.009209 -0.052389 0.037482 0.000000 0.017517 0.000648 -0.000202 0.012817 0.000000 -0.006163 -0.000457 -0.044838 -0.000108 -0.006225 -0.003069 -0.043576 0.040217 -0.002093 0.056577 0.037489 -0.055033 -0.013997 -0.012801 -0.022191 0.068875 0.000347 -0.002652 0.029862 -0.055933 -0.037905 0.001777 0.016263 0.016421 -0.010256 0.000253 0.013095 0.011274 0.029677 -0.002686 0.021925 0.037907 0.000000 0.033401 -0.009614 0.041042 -0.039199 0.001686 -0.002831 0.000000 0.038496 0.007680 -0.009466 0.023660 -0.001628 0.051714 -0.066926 0.000000 0.009579 -0.001144 -0.016987 -0.048516 -0.046350 -0.012417 0.012850 -0.012427 -0.070836 -0.002757 0.024903 -0.000541 -0.037351 0.011826 0.007458 0.012383 -0.049369 -0.002406 0.024195 0.003594 0.036084 -0.001638 -0.014297 0.002618 0.053949 0.006929 -0.024637 0.000000 -0.000675 -0.069104 0.025349 0.049428 -0.006493 -0.050836 0.012050 -0.003306 -0.006718 0.008654 0.071699 0.020149 0.029006 -0.002298 0.007328 0.058735 0.002974 -0.007176 -0.013554 0.000561 0.018567 0.027671 -0.021266 0.000000 -0.000189 -0.041091 0.004334 -0.027395 -0.046503 0.009036 -0.006856 0.001750 0.000568 0.003893 -0.019541 -0.000200 0.000504 0.000893 -0.003090 0.009911 0.045225 0.002945 -0.022774 0.001864 -0.002534 0.058488 0.074932 0.049075 0.000000 0.006344 0.002124 -0.015289 0.000486 0.063661 -0.029269 -0.006547 0.020954 0.008325 0.000000 0.000806 -0.001132 -0.000267 -0.025993 
0.005772 -0.045831 0.075622 -0.021804 -0.003024 109.975668 0.039468 0.007571 -0.003182 -0.002037 -0.025033 -0.056465 0.000193 0.036956 0.073544 0.047458 0.000201 0.000499 0.050992 0.001036 0.000000 -0.038800 0.041703 -0.017342 0.019489 0.007466 0.034050 -0.044415 -0.004727 0.000265 0.005610 0.065588 0.050556 -0.048407 0.067792 0.019361 -0.066673 0.059012 -0.056111 -0.013570 -0.000398 0.031558 -0.021496 0.052718 -0.004552 0.010059 0.061588 0.033448 -0.043934 0.000237 0.027631 0.030688 0.041659 0.004870 0.001838 -0.074381 0.000000 -0.048791 -0.066611 -0.036629 0.015352 -0.007831 0.000000 -0.043319 -0.013762 0.000000 0.018190 -0.070432 0.004742 0.000336 0.015647 -0.003686 0.005633 0.004137 -0.000262 -0.073944 -0.066924 0.061788 -0.064751 -0.018082 0.021281 -0.035828 -0.019730 -0.051256 0.001440 -0.000380 0.041976 -0.003185 0.001062 -0.046264 -0.006674 0.033286 0.004710 -0.010642 -0.020988 -0.005646 0.000000 -0.000393 -0.002835 0.028470 -0.005462 0.001573 -0.057315 0.023817 0.031598 0.006955 0.004715 -0.001770 0.050783 0.023617 0.012610 0.010311 0.001099 0.003877 -0.038275 0.000540 0.036458 0.005524 -0.052843 0.015412 -0.002564 -0.006866 0.003536 -0.030978 0.000000 0.031401 -0.000270 -0.078219 -0.006024 0.010717 0.000945 -0.009678 -0.000226 0.006763 -0.011901 0.014742 -0.040635 0.048779 0.042875 0.078411 0.005792 0.007632 -0.022777 0.003738 0.000000 0.027151 0.001866 -0.035145 0.007304 -0.004948 0.049761 0.029717 0.028200 0.069380 -0.006782 0.046897 0.000473 -0.001107 0.008450 0.000000 0.028358 -0.000747 0.028366 0.013523 0.000610 0.000000 0.007024 -0.046316 0.009637 -0.067073 0.000369 -0.061976 -0.001203 -0.020187 0.000728 -0.006603 -0.000208 -0.019663 0.000266 -0.016658 0.012412 -0.002162 -0.005190 0.014489 -0.036181 0.000305 0.025339 -0.057819 0.006147 0.017720 -0.049443 -0.035543 -0.057774 -0.055887 0.000000 -0.019689 
-0.030615 -0.071685 -0.004834 -0.056489 0.044358 0.039468 1.193189 -0.010369 0.013128 -0.043815 0.004654 -0.014006 0.000000 -0.051282 0.018964 -0.002548 -0.000801 0.022305 0.021102 0.004667 0.026670 -0.046537 0.033591 0.024052 -0.001972 0.001990 -0.013700 -0.012007 -0.056487 0.000973 0.013234 -0.049613 0.045842 -0.003765 -0.044411 -0.070182 -0.011834 0.073329 -0.067996 0.009071 0.011027 0.075318 -0.017424 0.003188 0.003105 -0.059287 -0.047562 0.051793 0.037862 0.035218 0.000770 0.021726 -0.043649 0.054601 0.042046 0.019425 -0.021067 -0.000431 0.035923 -0.063417 -0.066597 -0.026225 -0.005998 -0.036551 0.043480 0.003287 -0.012975 -0.005008 0.002470 0.022476 0.042046 0.040677 -0.041657 0.054242 -0.011675 0.015912 0.016238 0.005423 0.010059 -0.032338 -0.072649 -0.019035 0.025660 0.069425 0.007760 -0.043267 0.006210 -0.056340 0.035725 0.030242 0.005733 0.057296 0.038846 0.000932 -0.000347 -0.051757 -0.007202 -0.048866 -0.001634 -0.002678 -0.062431 0.069532 0.030942 -0.070266 -0.025145 0.048455 0.005885 -0.033487 0.044030 -0.045206 0.000000 0.010869 -0.002729 -0.017614 -0.040587 -0.029007 -0.008173 0.072697 0.037429 -0.034597 -0.008968 -0.037230 0.000000 -0.072561 -0.003360 -0.002813 -0.020742 -0.006797 -0.024847 -0.074102 -0.035852 0.008824 -0.031414 0.052306 0.054927 -0.032100 0.015234 -0.002376 0.054875 -0.002856 0.018289 -0.023404 0.026718 0.017650 0.072892 0.069449 -0.064383 -0.012771 -0.041673 0.026995 -0.039205 -0.013121 0.046702 0.015525 -0.014546 0.051431 0.052250 -0.001783 -0.017881 -0.048400 0.019657 0.071532 -0.011041 0.010087 -0.000937 0.035368 -0.014298 -0.036000 0.033437 -0.020694 -0.013274 -0.033812 0.037224 -0.063784 0.000795 -0.035893 0.030409 -0.046898 0.000351 0.014685 -0.046536 -0.047634 -0.079056 -0.010894 0.060151 0.028823 0.069092 -0.011901 0.006762 -0.035082 0.011997 0.007892 -0.005405 -0.025781 0.008285 0.035408 
0.001742 -0.024546 0.058140 0.021486 -0.000271 0.007571 -0.010369 34.985805 -0.015755 0.000000 -0.002343 -0.003698 0.022797 -0.000260 -0.064284 0.003317 -0.029001 -0.006813 0.047855 -0.000526 0.065941 -0.028230 0.000286 0.046134 -0.025548 -0.035522 -0.062349 -0.062477 0.014567 0.000881 -0.033512 -0.007435 0.010968 0.020113 -0.056450 0.052776 0.065763 -0.001968 -0.023353 0.000000 0.000142 0.024026 0.009090 -0.000132 -0.064669 0.000894 -0.045057 0.012181 0.001331 -0.035624 0.023482 0.000000 0.036822 0.006971 0.009631 0.028043 0.011049 -0.037358 0.000386 -0.017283 0.000000 -0.013340 0.012166 -0.050364 -0.013064 0.064277 -0.040937 -0.001869 -0.011784 0.032960 0.020629 -0.028076 -0.000928 -0.001127 0.047428 0.029590 -0.067803 -0.015755 0.059256 -0.014129 0.002916 0.000663 -0.039469 -0.052605 -0.040866 -0.004848 0.025263 -0.001802 -0.000949 -0.011393 -0.029192 0.025715 -0.042169 0.010286 0.009866 0.018990 -0.010876 0.068384 0.001388 0.072540 0.055072 0.014474 -0.073071 0.020633 -0.025202 0.052629 -0.065524 0.011047 -0.020275 0.070817 0.037974 -0.004903 0.015337 -0.017588 0.029412 -0.004602 0.001869 0.061160 0.022168 -0.004231 -0.014328 -0.021534 -0.017376 -0.056798 -0.001448 0.005419 0.065481 0.058938 0.000117 0.043311 -0.001389 0.021776 -0.025130 0.000000 0.030159 0.016958 0.000000 -0.003220 -0.069342 -0.024786 0.000000 0.038116 0.024552 0.074466 0.060240 0.079622 -0.068733 -0.038465 0.002384 0.007220 0.032330 0.064329 -0.061467 -0.059093 -0.006798 0.005216 -0.004280 0.061282 0.001180 -0.002406 0.006336 0.003678 -0.063383 -0.027954 0.015659 -0.033783 0.001926 -0.024206 0.001279 -0.031228 0.018991 0.016561 -0.003393 0.027549 0.057455 -0.007346 -0.005018 0.047972 -0.003013 0.036410 -0.018333 0.007022 0.027254 0.005142 0.012032 -0.008730 -0.005369 -0.019608 -0.003453 0.005838 -0.041463 0.021444 -0.015010 0.000000 -0.071880 -0.019069 
0.000279 0.008598 -0.002795 -0.005732 -0.011953 -0.003182 0.013128 -0.015755 992.082044 0.000000 -0.007359 -0.000109 0.000000 -0.002815 0.052182 0.001523 0.000000 0.001258 -0.003637 0.003457 0.000000 0.019620 -0.008649 0.001268 -0.008029 0.042972 0.001021 -0.003983 0.009901 0.000000 0.012494 0.057575 0.005058 0.017991 0.049815 -0.037636 0.032388 0.000000 0.015877 0.004622 0.001764 0.008139 -0.001665 0.066283 0.010642 0.000798 0.016501 -0.018597 0.000309 0.062079 -0.029216 -0.003705 -0.036516 -0.008858 0.057390 -0.019609 0.034328 0.000000 0.056898 -0.021607 0.037731 -0.017342 -0.048908 -0.000752 0.008976 0.000493 -0.016135 0.017292 -0.001431 0.000000 0.000000 0.007381 0.060804 0.000491 0.000435 -0.064306 0.031049 0.005331 0.003867 0.023598 0.036721 0.037367 0.016176 0.034277 -0.007364 -0.000423 0.020452 0.077117 0.004143 0.000000 -0.026909 -0.001267 0.000432 -0.000190 0.002510 -0.012262 0.000000 0.000000 0.002190 -0.000576 0.045001 0.001422 0.000000 0.008640 0.030189 0.002872 0.069966 0.034607 0.002735 0.056431 0.025352 0.000000 0.001945 -0.036694 -0.005288 0.001713 0.019684 0.001821 0.028339 0.071171 -0.001181 -0.003949 -0.049909 0.007470 0.000000 0.004147 0.002084 0.002846 -0.003014 -0.036591 -0.043516 0.040728 0.026606 -0.052663 0.003658 -0.035535 0.000279 0.000000 -0.025397 -0.069814 0.001366 -0.014710 -0.005593 0.038923 0.000000 -0.000526 -0.003184 -0.012112 0.021000 -0.040035 0.034657 -0.002832 -0.009137 0.052885 -0.039639 0.008581 0.041798 0.007014 0.017989 0.052005 -0.008317 -0.003248 -0.003124 0.002618 0.000297 -0.078355 -0.000619 -0.001265 0.000000 -0.045385 -0.001255 -0.000220 -0.005716 0.007106 0.006210 0.000669 -0.069766 0.051658 0.000000 -0.047833 0.001399 0.001117 0.026170 0.002685 0.060647 0.000000 0.010690 0.000337 -0.000888 -0.012087 -0.004904 -0.007727 0.019311 -0.007435 0.000000 -0.077498 
0.006356 -0.036452 -0.001870 -0.012634 -0.024684 -0.002037 -0.043815 0.000000 0.000000 15895.573357 0.005740 0.031725 -0.000451 0.000000 0.008500 0.001564 0.004497 0.000000 0.047100 0.000000 -0.069229 0.058730 0.047710 -0.002199 0.076937 -0.023186 0.048397 0.001567 0.018911 0.000000 0.005809 -0.031543 -0.000867 -0.003150 -0.003668 -0.006522 -0.001338 0.000000 0.016082 0.029956 -0.051785 -0.048573 0.068651 0.001992 0.014453 -0.000304 -0.014173 0.034513 -0.019119 -0.014414 -0.047559 0.007681 -0.000793 -0.000242 0.047269 -0.002392 -0.002634 0.000000 -0.001757 0.000000 0.000826 0.004056 0.000000 -0.027494 0.032762 -0.017586 -0.008123 0.010451 0.000508 -0.022524 0.008685 0.043986 -0.008178 -0.026360 -0.000486 -0.000485 -0.002583 0.023365 0.054384 0.066003 -0.025916 -0.056017 0.036224 -0.028593 -0.002343 -0.035028 -0.015634 0.004481 0.051824 -0.001624 -0.004464 0.016023 -0.008663 0.000000 0.029103 -0.015754 -0.000292 0.000253 0.016544 0.010139 -0.008656 0.003483 0.038620 -0.027740 0.026326 0.036353 -0.001956 0.035165 -0.003651 0.000282 0.010942 0.011704 0.000388 -0.013420 0.018012 0.007986 0.000000 -0.042924 0.036442 -0.004315 0.000142 -0.000222 0.000526 0.012602 0.000000 0.000000 -0.024553 0.000139 -0.010950 -0.077252 -0.066919 0.004687 -0.028342 0.013322 -0.010876 -0.009108 0.029957 0.000000 0.021228 0.024339 0.000449 0.012663 0.000500 -0.000147 0.012141 -0.002266 0.065300 0.002537 0.000182 0.007963 0.062991 0.069742 0.064718 0.005375 0.040707 -0.038111 0.000926 -0.000862 -0.040235 0.001306 -0.001117 0.005625 -0.018739 0.000754 -0.001724 0.000000 0.004447 -0.003675 0.000000 0.049241 -0.000682 0.001136 0.000000 -0.025015 -0.000334 -0.016534 0.073982 0.000335 0.000988 -0.039602 -0.053326 -0.011556 0.017305 0.009339 -0.000285 -0.030268 -0.000255 0.010496 -0.070366 -0.019830 -0.057426 0.000000 0.028614 -0.037943 -0.036244 0.079211 
-0.071719 0.035515 0.026320 0.021283 -0.003091 -0.025033 0.004654 -0.002343 -0.007359 0.005740 18.568393 0.011816 -0.062377 0.012430 -0.025845 -0.000524 -0.000617 -0.066273 -0.050418 0.037052 -0.053246 -0.012174 0.023621 0.005949 -0.010768 0.000000 0.038134 -0.001228 -0.054098 -0.011600 -0.046438 -0.054470 -0.023115 -0.028802 0.003663 0.026410 -0.014080 -0.002088 0.018491 0.059005 -0.000588 -0.010086 -0.001988 0.001911 -0.025918 -0.014912 0.008231 0.024106 -0.004329 0.000580 0.045838 0.018799 0.039606 0.005744 0.074783 0.017814 0.009020 -0.008749 0.053193 0.043632 0.010116 0.007175 -0.071617 0.043131 -0.006644 0.035203 0.009604 0.011788 -0.004790 -0.001374 0.064102 0.070592 -0.002752 0.000283 0.000244 0.003501 0.004302 0.076095 0.066067 -0.007976 -0.041769 0.019926 -0.005314 0.004902 0.067926 0.001634 -0.016009 0.008648 0.036354 0.000665 -0.037423 -0.017113 -0.010268 -0.048148 0.000830 0.015654 -0.028338 0.055134 0.044166 0.005413 0.009322 -0.001800 0.035764 0.024027 0.055295 0.035553 0.074117 -0.001039 0.000626 0.006327 -0.029847 0.001923 -0.037876 0.059673 -0.020485 0.020433 0.028443 -0.043423 -0.047138 0.009107 -0.003894 0.009987 -0.011102 -0.002670 -0.054631 -0.016128 -0.026846 0.008830 -0.031507 -0.067132 -0.048681 -0.035127 0.002795 -0.005412 0.040555 0.041215 0.075430 -0.000340 0.049154 0.053620 0.052369 0.024519 -0.003222 0.003999 0.052137 -0.004654 0.008482 -0.000747 0.016303 0.041797 0.000000 0.052911 -0.000776 0.047648 0.050754 -0.002635 0.023033 0.002180 0.025796 -0.005310 0.003847 -0.007258 -0.033461 -0.062341 0.004225 -0.077996 -0.003618 0.006907 0.000398 -0.005056 -0.000598 0.001018 0.001468 0.018757 0.002247 -0.009622 -0.020443 0.006008 0.053224 -0.054545 0.000197 0.064071 0.023679 0.004489 -0.000844 0.015696 0.000000 0.011721 -0.000752 0.000000 -0.064450 0.013835 -0.003539 -0.043530 -0.001751 -0.047167 
-0.075409 -0.001436 -0.001025 0.008256 -0.000453 -0.056465 -0.014006 -0.003698 -0.000109 0.031725 0.011816 276.577073 0.000000 0.006505 -0.006035 -0.025929 -0.001881 0.000999 -0.028485 -0.000101 0.024604 0.000000 0.001021 -0.020722 -0.003653 -0.010235 -0.068003 0.007556 0.000000 0.004481 -0.031905 0.058266 0.012946 0.000661 0.044861 -0.056139 0.054309 0.003881 0.021850 0.044053 -0.021625 0.031896 -0.079145 0.004082 0.037233 0.000000 0.000000 0.040401 0.066021 -0.000526 0.001447 -0.005266 0.000131 -0.050828 0.016191 0.000000 0.041783 0.001378 -0.003832 0.033701 0.075896 0.021375 0.078534 0.000000 0.032204 0.075749 -0.001603 -0.054055 -0.021609 0.062189 -0.001227 0.023477 -0.034582 -0.005403 -0.005861 -0.055948 -0.005589 -0.006032 -0.069850 -0.066195 0.006874 0.046481 -0.008058 0.000306 -0.007020 0.046242 -0.032548 -0.051570 -0.010030 0.001944 0.057396 -0.004772 0.011611 0.002596 0.034992 -0.047769 -0.077340 -0.004686 0.031131 -0.014139 0.021229 -0.051936 0.010395 -0.001741 -0.025871 -0.000206 0.000817 -0.013590 -0.064928 0.063854 -0.019221 0.009597 -0.017575 -0.030279 0.006433 -0.016356 -0.007464 -0.074804 -0.001845 0.009724 0.023392 -0.000359 0.003811 0.062474 0.014302 -0.022151 0.006597 0.075914 -0.006050 0.046598 0.046486 0.001023 0.000249 0.021252 0.018434 0.053959 0.020456 -0.024913 0.059046 0.005194 0.000000 0.049820 -0.003068 0.017264 -0.011918 0.013323 -0.000317 -0.007034 -0.008628 0.000526 -0.017532 0.029528 0.020887 0.034762 -0.016802 -0.022157 0.000813 -0.006125 -0.041459 0.000000 -0.003173 -0.009698 0.030668 -0.003928 0.000000 0.000678 -0.007421 -0.006288 -0.003925 -0.003156 0.000000 -0.061318 0.000000 -0.001012 0.000000 0.001958 -0.006235 -0.027213 0.001599 0.006117 0.000000 -0.000337 -0.021205 0.000148 -0.002061 0.047097 -0.001837 -0.045377 0.000000 0.002222 -0.001356 -0.003894 -0.004771 0.030474 0.065206 0.006447 
-0.000165 -0.000467 -0.018789 -0.035606 0.073008 0.000193 0.000000 0.022797 0.000000 -0.000451 -0.062377 0.000000 1166.752297 0.001283 -0.007070 0.058216 0.000000 0.000000 -0.051123 0.005415 0.066165 -0.071497 -0.023216 0.001849 -0.043089 -0.002016 -0.014850 0.021820 0.072092 0.014334 -0.018447 -0.063121 0.013625 -0.004063 0.000000 -0.011777 0.003083 -0.004146 0.036031 -0.004338 0.000422 0.003146 -0.003731 0.000514 0.023065 0.063617 0.020480 0.005669 0.049918 -0.033107 0.000327 -0.009715 -0.012977 0.000672 0.003663 0.002208 0.005455 0.000000 0.003991 -0.001792 0.007413 0.000000 0.000000 0.042593 0.006909 -0.045741 0.002924 -0.003466 -0.062135 0.000000 0.013030 0.006650 0.000000 0.023249 0.000317 0.000429 0.009029 -0.027259 0.013883 0.006625 0.000715 -0.009486 -0.056701 -0.061788 -0.037014 0.000000 0.022869 -0.013485 -0.023044 -0.002803 -0.029886 -0.047078 -0.000240 -0.005877 0.057218 -0.063801 -0.003609 0.004192 0.019702 -0.044532 -0.024382 0.000747 -0.012265 0.001056 0.024927 0.011611 0.000000 -0.000364 -0.045947 -0.007863 -0.020462 0.007338 0.004523 -0.010892 0.019999 0.002202 0.009370 -0.071176 -0.015002 0.011926 -0.000618 0.003673 0.000000 -0.005865 -0.004740 0.007195 -0.000561 0.001703 0.055741 0.063076 0.004255 -0.002736 -0.074569 0.014370 -0.041431 -0.030280 -0.013634 0.022247 0.029555 -0.019836 0.001959 0.000787 0.023468 -0.065307 0.000880 -0.004436 0.002758 0.059185 0.024635 0.000120 0.020945 0.011839 -0.046681 0.000000 -0.003222 0.074872 0.000000 -0.058299 0.041722 -0.050261 -0.004847 0.014333 0.021926 -0.006901 -0.024864 -0.020409 0.009675 0.036854 0.024197 0.000000 0.000000 0.017331 0.000000 0.069980 -0.020402 -0.011291 -0.003317 -0.000579 -0.014227 -0.042685 0.002221 0.000000 0.007503 -0.017937 0.033883 0.027582 -0.000365 0.010816 0.001755 0.037693 0.014450 -0.043358 -0.027414 0.000000 -0.002841 0.014404 
0.011557 -0.000728 0.022337 0.050311 0.038918 0.036956 -0.051282 -0.000260 -0.002815 0.000000 0.012430 0.006505 0.001283 1487.279337 0.056463 0.000000 -0.025798 -0.008322 0.015933 -0.000426 0.014115 0.008941 0.000998 -0.012665 -0.018940 -0.011815 -0.010530 0.001225 -0.000110 0.000280 -0.063665 -0.000530 -0.002327 -0.000761 -0.009081 -0.034592 0.064760 0.000000 -0.004576 0.000000 0.003829 0.009617 -0.034313 0.025150 0.029254 -0.002702 0.044784 0.052423 0.011993 -0.005905 -0.013523 0.048330 -0.012466 -0.047872 -0.022597 -0.009503 0.022519 0.000000 -0.006308 -0.004474 0.029145 0.004127 0.036097 0.069860 0.045218 -0.014046 -0.069852 0.028920 -0.049228 0.000000 0.072405 0.051149 0.000000 0.004442 -0.000681 0.005235 0.003387 0.067555 -0.049074 0.005375 0.000368 -0.050790 0.029000 0.005820 0.000866 0.000000 0.044736 -0.012876 -0.058953 0.000328 -0.000570 0.006563 0.000220 -0.025904 0.001958 0.006492 0.000000 -0.002301 0.000926 -0.005692 0.007374 -0.013260 -0.008053 -0.023703 -0.013960 -0.026716 -0.030426 -0.031125 0.000000 -0.000364 0.011972 0.006854 -0.009786 -0.000288 -0.007053 0.016541 0.000133 0.000209 0.000000 0.014321 0.028908 0.008091 0.072886 0.015426 0.000000 -0.062018 0.000000 0.057027 -0.039668 -0.019763 -0.004853 0.024182 0.024682 -0.051451 -0.005232 0.012989 -0.014077 -0.037341 0.006213 0.008831 0.000000 0.000000 -0.010050 -0.004280 -0.008698 0.024354 -0.000918 -0.027886 0.002229 0.000165 -0.021208 -0.000969 -0.051284 0.000000 0.074459 -0.023731 0.000000 0.000000 -0.028629 0.004252 -0.058255 -0.057013 -0.021783 -0.010264 -0.005306 -0.055233 -0.000645 -0.017828 0.000000 0.010950 -0.016798 -0.010510 -0.001046 -0.030188 0.003180 -0.009655 0.060631 0.006185 -0.050712 -0.058115 0.000294 0.035964 0.003629 -0.023084 -0.004626 0.058125 -0.037820 0.009689 0.000000 -0.012742 -0.057378 0.001623 -0.001405 0.030873 0.000000 -0.005068 
-0.004087 0.027634 0.003441 0.050463 0.026121 0.073544 0.018964 -0.064284 0.052182 0.008500 -0.025845 -0.006035 -0.007070 0.056463 25.060866 -0.014183 -0.008569 0.026667 0.041739 0.069825 0.027575 0.020514 0.071090 -0.061424 -0.051787 0.010930 -0.001426 0.003114 0.016221 0.012553 -0.006667 -0.011750 -0.030579 -0.055945 -0.023711 -0.049548 -0.052183 0.000000 0.022359 -0.002507 -0.015526 0.000344 -0.000297 0.015847 0.038105 0.000432 -0.062071 0.026124 0.045739 -0.000104 0.018481 -0.057971 0.009946 0.035075 -0.015405 0.000231 -0.019858 0.056919 0.028723 -0.035798 -0.006441 0.067275 0.069831 -0.023543 0.045346 -0.068888 -0.029621 -0.049347 0.001159 -0.033824 0.015771 -0.076937 -0.002737 -0.000428 -0.059290 -0.012717 -0.006476 0.072526 -0.024219 0.066226 -0.028842 -0.074307 -0.014830 0.038012 -0.049654 -0.011011 -0.077678 -0.046728 0.000532 0.000194 -0.062504 0.019923 0.079308 0.019993 -0.032451 -0.042234 0.025403 0.009562 -0.017551 0.016176 0.001045 0.029715 0.002643 -0.060175 0.001789 0.013361 -0.077608 0.040178 0.035218 -0.047175 0.020562 -0.002876 -0.003029 0.001689 0.000305 -0.003183 0.068030 0.011309 0.014028 -0.041073 0.014144 -0.040675 -0.010462 -0.077154 0.012762 -0.035849 0.037896 -0.051120 -0.000460 -0.070692 -0.064246 -0.021576 -0.058597 0.059129 0.022143 0.021310 -0.062702 -0.025195 0.033259 -0.071607 0.023324 0.013605 0.044605 0.004491 -0.041002 0.047741 -0.019379 -0.066883 0.060769 -0.007865 0.047838 0.026695 -0.036149 0.008543 0.047095 0.001038 0.000000 0.008777 0.003234 -0.005460 0.000000 -0.012151 0.073770 0.002056 -0.030585 0.000546 -0.032960 0.000417 0.012187 -0.000556 0.025790 0.001566 -0.011594 0.022832 0.079418 -0.041841 -0.005806 -0.032222 0.001783 -0.027473 0.012516 0.064263 -0.017068 -0.000871 0.011713 0.016942 0.029648 -0.020524 -0.022248 0.004474 -0.008713 0.041219 0.006047 0.000455 -0.075352 -0.010326 
0.054825 -0.032579 0.043147 0.048406 0.039477 0.047458 -0.002548 0.003317 0.001523 0.001564 -0.000524 -0.025929 0.058216 0.000000 -0.014183 309.949630 0.028337 0.000125 -0.030960 0.000366 0.000410 -0.017485 -0.000198 -0.009060 0.001728 0.064285 0.000000 0.001232 0.055878 -0.008790 -0.046583 -0.005885 0.000758 0.008793 0.076922 -0.018873 -0.027018 0.070107 -0.025048 -0.057133 -0.013788 -0.006159 0.011804 -0.000166 0.017786 0.006090 0.010825 -0.013422 0.000472 0.000000 0.068201 -0.025288 0.001335 0.001163 0.018220 0.030458 0.025941 0.004431 -0.004162 -0.002255 0.078518 -0.022221 0.004725 -0.040382 -0.038674 -0.002514 0.036337 -0.005649 0.005112 0.000151 -0.000365 0.002908 0.000000 -0.003271 0.003384 -0.010705 0.010736 0.014167 -0.074329 0.003524 -0.010566 -0.004936 -0.004267 0.019328 0.019063 0.064813 0.002825 0.036800 0.011773 0.028493 0.007724 0.047540 0.001824 -0.015324 -0.034686 -0.003333 -0.033486 0.000000 -0.024578 0.009654 -0.003420 -0.013585 0.017682 0.005936 0.072023 0.002170 0.003802 -0.005480 -0.000804 -0.032058 -0.004479 0.019251 0.028051 -0.028992 -0.072715 0.011598 -0.020094 0.016874 0.039484 -0.001946 0.061753 0.000441 -0.000673 0.006453 -0.057721 0.002775 0.003172 -0.001661 0.000000 0.027295 -0.061550 0.007135 -0.013632 0.007634 0.000000 -0.020876 -0.011711 0.013307 0.011730 0.014210 0.016735 0.013641 0.003687 0.052527 -0.020297 0.004720 -0.075369 -0.006647 0.005257 -0.000399 0.004597 0.078536 0.001117 -0.018301 -0.019495 0.013865 0.000000 -0.001671 0.017021 -0.006784 -0.019038 0.010480 0.056134 -0.058548 0.000000 -0.069320 0.015298 -0.010079 -0.003312 -0.063792 0.055596 -0.010189 0.023241 -0.008194 0.045639 0.030589 -0.003075 0.000593 -0.017913 0.051958 0.019172 0.000856 -0.006868 -0.034448 -0.058555 0.004400 0.002583 0.066819 -0.074247 0.007214 0.026433 -0.039235 -0.032454 0.031703 -0.001261 -0.065494 
0.000783 -0.010990 -0.031575 -0.014818 0.038513 0.000201 -0.000801 -0.029001 0.000000 0.004497 -0.000617 -0.001881 0.000000 -0.025798 -0.008569 0.028337 262.593586 0.005447 -0.010463 -0.001091 -0.057087 -0.043944 -0.028284 0.017561 -0.003769 0.047383 -0.009358 0.000292 -0.008252 0.000404 -0.001396 0.017419 0.047701 0.001567 -0.057976 0.050980 0.060982 -0.054451 0.014174 -0.007995 -0.004441 0.003793 -0.001173 -0.000755 0.005442 -0.000962 -0.008805 -0.077342 -0.000232 0.000000 -0.032506 -0.068868 0.035901 0.007732 0.004501 0.005251 -0.004628 0.000288 0.000634 -0.006504 0.000353 0.004741 -0.012764 0.000000 0.065895 0.000811 -0.053357 0.000000 -0.020691 0.000574 -0.005572 0.031348 -0.002995 0.000204 0.000000 0.000522 -0.007600 0.068454 -0.009119 -0.057123 0.039686 0.079447 -0.005955 -0.060068 0.008199 0.000000 -0.032071 -0.012112 0.068234 -0.000156 0.033427 0.042346 -0.011970 -0.066767 -0.017091 -0.013276 0.012902 0.000000 -0.000258 -0.007483 -0.021132 -0.007726 0.005827 -0.002364 0.002265 -0.033892 0.021985 -0.010841 -0.040062 0.006752 -0.002125 -0.020777 -0.004419 -0.057347 0.068528 -0.017286 -0.014898 0.001891 0.045484 0.079549 0.000298 0.000127 0.076983 0.001887 0.016162 0.011912 0.000510 0.016412 0.020400 0.010816 -0.003716 -0.022342 0.000000 -0.017637 0.045469 0.051270 -0.000606 0.001650 0.056174 -0.021189 -0.001870 -0.054337 0.000452 0.005038 0.000544 -0.012591 0.008608 0.039589 0.020153 0.000974 0.001314 0.010623 0.002670 -0.001851 0.055393 0.051965 0.010425 0.000325 -0.017033 -0.067519 0.000271 0.022841 0.029335 -0.003482 -0.001978 -0.002223 0.003007 0.058443 0.000000 -0.060654 0.022364 0.002736 0.000000 0.012365 0.000350 -0.025557 0.053631 -0.010087 0.004568 0.010698 -0.000306 0.038756 -0.036968 -0.008832 -0.052202 0.000000 -0.000985 0.001023 0.002514 -0.020609 -0.008394 0.001596 0.001907 0.000000 -0.000778 0.030427 
0.004888 0.015864 0.018595 -0.008869 0.000722 0.000499 0.022305 -0.006813 0.001258 0.000000 -0.066273 0.000999 0.000000 -0.008322 0.026667 0.000125 0.005447 680.482812 -0.000299 -0.000760 0.035794 -0.051847 0.006220 -0.035441 -0.001001 0.047007 0.031952 0.002935 0.040219 0.069483 -0.013226 -0.007209 -0.015328 -0.013990 0.059587 -0.011031 -0.017814 0.036977 0.069997 0.006208 0.012320 0.000188 -0.000184 -0.023519 -0.032993 0.000000 -0.046570 0.014369 0.043698 -0.000541 -0.009314 0.000000 0.055289 -0.016787 0.009927 0.069708 0.014716 -0.008423 -0.001069 -0.015095 -0.075564 0.018629 -0.013262 0.000864 0.027619 0.000135 -0.054943 0.001030 0.033065 0.000886 0.000000 -0.031688 0.054075 0.004649 -0.015407 -0.000950 0.008128 -0.051752 -0.039751 0.001301 0.029641 0.032121 -0.019673 0.070162 0.006104 -0.003408 -0.002801 0.065510 0.010701 0.008087 0.006657 0.007509 -0.052202 0.020290 0.006999 0.007425 -0.050174 0.000318 -0.071813 -0.018125 -0.025700 0.002029 0.029800 -0.003883 0.006196 -0.003103 -0.050456 0.011108 -0.021450 0.073959 -0.020974 -0.003034 0.030746 -0.000594 -0.022700 0.003557 0.028227 -0.000188 -0.072914 0.027136 0.003206 0.000000 -0.000615 -0.005502 0.024874 0.000000 0.053461 0.050177 0.009184 -0.042715 -0.064907 -0.012875 -0.018039 -0.010642 0.078684 0.024385 0.000000 -0.002642 0.041483 0.035860 -0.074003 0.048542 0.000291 0.077912 0.000517 0.000000 -0.000464 0.036019 -0.069612 -0.015084 -0.000303 0.048554 0.006574 -0.063455 0.062222 0.026605 0.000000 0.000727 0.055425 -0.003445 0.005343 0.000130 0.025894 -0.020983 0.000000 0.045914 0.000000 0.000376 -0.000243 0.000219 0.002994 0.013349 -0.005448 0.018329 -0.000222 -0.062024 -0.000995 -0.020151 -0.009952 -0.007866 -0.000443 0.074334 -0.026464 0.006777 0.000764 0.009252 -0.009156 0.006112 -0.076427 -0.001088 0.020959 0.002414 -0.001570 -0.001004 0.000000 0.000451 
-0.001142 -0.075493 -0.002899 -0.042265 0.012553 0.050992 0.021102 0.047855 -0.003637 0.047100 -0.050418 -0.028485 -0.051123 0.015933 0.041739 -0.030960 -0.010463 -0.000299 3.066585 0.007294 0.042950 -0.005294 0.069463 -0.002044 0.030898 -0.037539 0.042809 0.023363 -0.059343 0.027228 0.001282 0.039514 -0.078741 -0.006635 -0.006769 0.029613 0.000343 -0.031065 0.019895 -0.076925 -0.035389 0.017237 0.016558 0.007207 -0.061659 -0.013082 -0.004821 -0.054000 -0.054285 -0.007230 -0.004454 0.012446 0.003349 0.004467 0.002418 -0.008042 0.065483 0.028196 -0.044862 0.017035 0.002953 -0.074255 0.018165 -0.060656 0.004029 0.003950 0.055630 -0.059680 -0.075762 -0.056644 0.007464 -0.070951 0.012441 -0.025655 0.013502 0.073660 -0.032569 0.013537 -0.015337 0.048811 -0.003043 -0.045781 0.027367 0.011954 0.051824 -0.009335 0.034224 -0.035934 -0.040370 0.004971 -0.058726 -0.016193 0.006678 0.030703 -0.001838 -0.026821 -0.004681 0.055316 0.017480 -0.034465 0.052316 0.008004 -0.024963 0.058363 -0.018094 0.014617 -0.016548 -0.010497 0.025468 0.063395 0.031930 -0.005974 -0.004794 -0.073481 -0.003818 0.031614 0.061947 -0.007889 -0.005007 -0.000526 -0.034062 0.047292 0.007135 -0.023516 -0.045865 -0.028076 -0.001472 0.009273 -0.000291 0.036332 -0.009946 0.000000 0.026711 0.005873 0.007174 -0.029815 0.046531 0.003524 -0.011991 -0.024556 -0.053725 0.005104 0.060867 -0.030534 -0.057399 0.003635 -0.057256 -0.008995 -0.001766 -0.019689 0.043988 -0.037903 0.004078 0.054016 -0.031283 -0.031154 -0.001528 -0.053620 -0.041480 -0.023212 -0.003162 -0.073570 0.045764 -0.018059 0.018131 0.043198 -0.002726 0.022880 -0.062679 0.064558 0.004064 0.012667 0.020411 0.066162 -0.058061 -0.040397 -0.003018 0.022353 -0.064546 0.024048 -0.003927 -0.068139 0.002066 -0.031036 0.052373 -0.025799 -0.003368 -0.050527 -0.014074 0.003958 -0.020024 0.007318 0.005455 0.024002 -0.012743 -0.003221 
0.053289 0.000000 0.061566 0.004392 -0.006542 0.001036 0.004667 -0.000526 0.003457 0.000000 0.037052 -0.000101 0.005415 -0.000426 0.069825 0.000366 -0.001091 -0.000760 0.007294 172.056921 0.030924 0.000279 -0.010552 0.002883 -0.023183 0.053868 -0.014157 0.000000 0.023805 0.000632 -0.050849 -0.039920 0.030220 0.017462 -0.062916 0.033769 0.024219 0.024996 -0.001141 0.065566 -0.014017 0.077651 0.017274 -0.052048 -0.013504 -0.005227 0.018803 0.039165 0.000289 -0.013754 -0.018753 0.000763 0.063092 -0.013756 0.025405 -0.023100 0.000880 0.000000 -0.005840 0.000962 -0.014294 0.000000 0.000000 0.053679 -0.025334 -0.001640 -0.021906 -0.031922 0.042984 0.000000 -0.011176 0.030506 -0.069329 0.001092 0.000000 0.057968 0.059372 -0.058400 -0.003322 0.053416 0.023737 -0.050869 -0.019949 -0.051090 -0.024441 -0.044454 0.047321 -0.010811 -0.025870 -0.001628 0.003859 -0.050081 -0.000487 0.001550 0.040152 0.020168 0.000000 0.000000 0.029957 -0.073367 0.039986 -0.061939 0.000000 0.021959 -0.001310 0.000576 -0.017120 -0.026649 -0.001191 0.065945 0.015520 -0.002261 -0.064629 0.002320 0.065071 0.046718 -0.000154 -0.008415 -0.053947 0.000000 -0.001481 -0.000579 -0.047123 0.077268 0.000000 0.004235 0.029744 -0.037405 -0.020357 0.002259 0.042335 0.010911 -0.026780 -0.003042 -0.006529 -0.031654 -0.012171 0.000588 -0.022097 0.048550 -0.000493 -0.002685 -0.000129 0.022404 0.000000 0.004266 -0.000484 0.023846 -0.003301 0.036801 -0.027324 0.012089 0.002087 0.065297 0.065082 0.074246 -0.004022 -0.065768 0.004818 -0.001714 -0.013812 -0.060454 -0.007019 0.008084 0.000000 0.000666 -0.014607 0.000000 0.000218 -0.001369 -0.007095 -0.008200 -0.014563 0.030997 -0.073327 -0.003480 -0.045221 -0.009618 0.000000 0.034298 -0.001283 -0.000364 0.055651 -0.001520 -0.000344 0.007033 -0.024846 0.077240 -0.053025 -0.006845 0.004300 0.000943 0.004020 0.000000 0.006359 0.042718 
0.009112 0.025462 -0.041814 -0.031216 0.002299 0.000000 0.026670 0.065941 0.000000 -0.069229 -0.053246 0.024604 0.066165 0.014115 0.027575 0.000410 -0.057087 0.035794 0.042950 0.030924 2.366868 -0.058793 0.042814 0.048914 0.007870 0.067311 0.063430 0.043241 -0.013263 0.036461 -0.011306 -0.039071 -0.014203 0.035774 -0.021699 0.013076 0.024026 0.006584 0.028579 -0.048741 0.013064 -0.007268 -0.017383 0.020882 0.075927 -0.007661 0.050555 0.011042 -0.074059 0.001420 0.061574 0.009197 0.003374 0.000213 -0.062788 -0.062106 0.064927 0.068256 0.002458 -0.001820 0.058157 -0.009462 -0.021365 -0.026529 -0.006248 -0.001909 0.042890 -0.047527 -0.021845 0.006318 -0.015989 -0.032221 0.005654 0.046765 0.048669 0.010589 0.014087 0.033989 0.010229 -0.044087 -0.054366 -0.004147 0.001006 0.054524 0.020052 0.004924 0.028830 -0.018577 -0.063325 -0.049428 0.028277 0.058136 -0.027034 -0.052444 0.035369 0.029900 -0.040631 -0.069694 -0.017317 0.001722 -0.009063 0.002221 -0.079845 0.042800 -0.047214 -0.075236 -0.000436 -0.004613 -0.004858 0.039400 0.011413 0.024307 0.022751 0.014859 0.025259 0.035351 0.027462 -0.015492 0.012647 -0.048121 0.025782 0.000000 -0.028904 0.047393 -0.013559 -0.009054 -0.010979 0.041507 -0.015038 0.044895 0.009983 0.028486 0.031949 0.013891 0.000000 0.009779 0.059622 -0.023812 -0.059386 -0.009754 0.003891 -0.018984 -0.022814 0.041472 -0.023401 -0.000827 0.066294 -0.048145 0.047267 0.017670 -0.044903 0.054106 0.000946 0.057282 -0.033942 -0.045338 -0.051015 -0.003728 -0.050500 0.023029 0.036077 0.039342 0.030618 0.035682 0.001424 -0.006388 -0.005771 0.014144 0.013182 0.000445 -0.048476 -0.007152 0.061640 0.062296 0.006725 0.017763 -0.015782 0.012078 0.009162 0.004736 0.001023 0.019750 -0.063179 0.023809 0.002907 -0.034369 -0.053995 0.016714 0.022515 -0.010649 0.031542 0.006545 0.013428 0.074909 -0.026834 -0.040216 
