559.330369 0.022518 -0.000662 0.014791 0.000000 0.000000 -0.000419 -0.001397 0.025223 -0.000387 0.000000 0.000000 -0.003206 0.026719 0.000213 0.000635 0.000000 0.029997 -0.000655 -0.000422 0.030798 -0.014256 -0.009963 -0.001689 -0.004163 0.006261 -0.024076 -0.001661 0.001624 0.000000 -0.005249 0.015119 0.022709 -0.006233 0.000382 0.022893 -0.006499 0.004525 0.012801 -0.006909 -0.000113 -0.000300 -0.001729 0.016726 0.002131 0.005263 0.001243 -0.003349 0.007078 -0.019207 0.000232 -0.022384 0.001896 0.001663 0.004360 -0.002290 -0.000458 0.000000 0.016311 0.004594 0.004677 -0.000897 -0.011252 0.000000 0.021433 -0.000250 0.000789 -0.000257 0.002051 0.000000 0.000137 -0.004323 -0.013043 -0.019243 -0.009031 -0.017299 -0.002484 -0.004088 0.015443 0.000000 0.005381 0.027206 -0.008634 0.009822 0.000000 0.000736 0.000634 0.025873 0.006254 0.000000 0.001626 -0.001056 0.009623 -0.026985 -0.015502 -0.009499 -0.009176 0.000180 0.000000 -0.011127 0.000484 -0.000440 -0.006416 0.012601 0.003215 -0.029490 0.001074 -0.000552 -0.005607 0.000000 -0.022471 0.000000 -0.016958 0.017862 -0.001661 0.014262 0.006770 0.000274 -0.005673 -0.003272 -0.003716 0.000830 -0.011404 0.028277 -0.031154 -0.017260 0.016787 -0.001201 0.016630 0.020972 -0.001522 -0.011213 0.000000 -0.014302 0.002078 0.018244 -0.004068 0.000000 -0.000431 0.004597 -0.002785 0.019848 0.009287 0.000000 0.013645 -0.020363 0.000819 0.000000 0.017345 0.005331 -0.003539 0.000000 -0.001748 0.016865 -0.012373 0.000000 0.008052 0.008040 0.000000 0.000000 0.003245 0.000000 0.003886 0.000000 -0.000600 -0.026241 -0.002312 -0.027141 0.005276 0.000202 -0.012282 0.009082 -0.025844 0.026940 0.002997 -0.007974 -0.016637 0.003124 -0.004678 -0.002959 -0.002473 -0.013269 0.006262 0.012004 0.005421 -0.021487 -0.001045 0.007597 0.000656 0.000196 -0.021055 0.005729 0.001138 0.004095 0.029306 0.000000 
0.022518 10603.012636 0.011948 0.000000 0.003557 0.000000 0.000000 0.000000 -0.020438 0.000000 -0.002640 0.000000 0.000311 -0.000945 -0.024447 0.000000 0.004650 0.000000 0.001825 -0.022662 -0.000477 0.012179 0.000289 -0.003901 0.006862 0.000000 -0.025664 -0.017757 -0.002265 -0.000416 -0.013483 -0.004060 -0.000917 0.011493 -0.003455 -0.005053 -0.000381 -0.002380 0.015438 0.017567 0.006272 -0.000518 -0.000368 0.028493 0.015773 -0.009804 0.000153 -0.024561 -0.019388 -0.003054 0.014694 -0.024433 0.000173 -0.022499 0.011866 0.008226 0.014582 -0.003498 -0.012126 -0.016855 -0.005822 -0.003209 0.019930 -0.002416 0.023914 0.018720 0.000834 0.010575 0.013578 -0.023102 0.004837 -0.014379 -0.003112 -0.019993 -0.008695 -0.002609 -0.021063 -0.005261 -0.008815 0.000922 -0.000651 0.000227 0.000000 -0.000726 -0.011150 -0.001455 0.001087 -0.001244 0.009149 0.010336 0.006244 -0.026290 0.017943 -0.000903 0.006816 0.010138 0.026341 0.000212 0.005351 -0.010210 0.000000 -0.016414 -0.005398 0.026936 -0.000333 0.000394 -0.013678 0.000000 -0.002746 0.013993 0.004590 -0.011014 0.020111 0.017337 -0.012478 0.008639 0.015252 -0.002057 -0.002441 0.000956 -0.000610 -0.018126 0.004430 0.000000 -0.018992 0.017861 -0.009684 -0.001061 -0.013375 0.002472 -0.002873 -0.000319 -0.000659 0.000000 -0.010844 -0.021931 -0.012628 0.000396 -0.000958 0.010069 0.009195 0.003725 0.001896 0.000000 0.018346 0.005361 -0.026015 0.000000 0.020995 -0.005381 -0.000808 0.000536 0.009256 -0.010995 0.016985 0.000536 0.000000 -0.002906 0.020999 0.000000 -0.003283 -0.008108 -0.017210 0.000000 0.000000 0.005895 0.016108 -0.007324 -0.015819 -0.000415 -0.000739 0.015850 -0.001884 0.000494 0.005893 0.009560 0.003129 0.000000 0.000000 -0.021299 -0.001069 0.023819 -0.008168 0.000643 0.019838 0.000000 0.000608 -0.001984 -0.001040 0.008492 -0.000697 -0.026852 0.002820 0.007180 0.005454 0.000000 
-0.000662 0.011948 3.338701 0.015689 0.000000 -0.003500 0.000510 0.000372 -0.016157 -0.016649 -0.005184 0.000493 0.004827 0.010933 0.000848 0.008101 0.002219 0.025375 -0.001990 -0.011577 -0.006494 0.004348 0.010285 0.009300 -0.000819 -0.012451 -0.002786 0.029984 -0.025673 -0.020199 0.014815 0.000501 -0.000569 -0.010068 0.024116 -0.001020 0.024205 -0.010348 0.004182 0.021800 0.000360 -0.011705 0.004264 -0.012294 -0.029015 0.019477 -0.017516 0.007670 -0.000463 0.000553 -0.003667 -0.026591 0.010406 -0.001946 0.000983 0.000618 0.013724 -0.016893 -0.019797 0.026785 -0.022286 -0.005816 -0.005028 -0.019764 0.012998 -0.010188 0.014462 0.014215 0.026933 0.013652 -0.000227 -0.001731 0.000000 0.025972 -0.030657 0.000277 0.000000 -0.000838 -0.003133 -0.018595 -0.015558 0.028494 -0.000833 -0.005542 0.007663 0.017520 -0.009689 -0.000885 0.011998 0.005747 0.025411 0.017569 -0.006106 -0.000102 -0.023267 0.010222 0.013600 0.003005 -0.001188 -0.005189 -0.006488 0.020807 0.012599 -0.012564 -0.021997 0.003892 0.003082 -0.021655 -0.023670 0.001620 -0.021420 0.024808 0.028464 -0.007090 0.024626 -0.007755 0.016355 -0.011746 -0.001391 -0.019173 0.008507 -0.001789 0.017081 0.002681 -0.012307 -0.000523 0.009864 -0.011422 -0.005557 0.005281 0.003640 0.011059 -0.002310 -0.001421 -0.012745 0.017086 0.007214 -0.011574 -0.009834 0.020196 -0.005614 -0.018974 -0.002222 0.000000 -0.001596 -0.024870 -0.014010 0.000000 0.022955 -0.020246 -0.005285 -0.007178 -0.013276 0.019456 0.005635 -0.007173 -0.023654 -0.000761 0.005076 0.000000 0.012493 0.000288 0.015378 0.000000 0.000147 -0.003767 -0.003603 -0.026656 -0.024426 -0.006229 -0.004099 -0.006227 0.006266 -0.016723 -0.016511 0.008869 0.000692 0.000933 0.025589 -0.021028 0.022213 0.006485 0.001297 -0.010654 -0.000417 -0.020010 -0.022764 0.004970 0.006657 0.027600 0.010473 0.004872 0.001551 0.003205 -0.013044 0.000000 
0.014791 0.000000 0.015689 24.895164 0.000204 0.000000 -0.003075 -0.025348 -0.016414 0.022355 0.003747 0.022905 -0.000700 -0.022051 0.000409 -0.015115 0.001455 0.000000 -0.022751 -0.021300 0.000000 0.001173 -0.013217 -0.013791 0.009135 -0.000222 -0.001625 -0.002096 0.022612 0.012580 -0.000843 0.005706 0.001305 -0.011958 0.002462 -0.003909 0.000000 0.012879 -0.018144 -0.031436 0.000324 -0.000481 0.004714 -0.000431 -0.030935 -0.010877 0.000000 0.005245 0.029303 0.000424 -0.000345 -0.030524 0.001641 -0.016148 0.000573 0.002484 0.000000 -0.000525 -0.005218 -0.026665 -0.010804 0.026096 -0.009096 -0.001546 0.000000 0.000000 -0.022482 -0.002532 0.012731 0.007153 0.000000 0.005170 0.002412 0.000806 0.007830 0.018937 0.008087 0.000000 0.011247 -0.005939 0.000000 0.004156 0.001752 0.000000 0.016331 -0.002836 0.000000 0.001892 -0.027073 -0.000220 -0.021276 0.003270 0.018778 0.000640 0.009913 0.001906 -0.006830 -0.017330 0.002268 -0.011989 0.001164 0.000000 0.003264 -0.006242 0.026299 -0.028102 -0.004795 0.008550 0.000000 0.000000 -0.005244 0.017412 0.002399 0.026405 0.021168 0.019672 0.011573 0.006241 0.000518 0.001705 -0.016597 0.011484 -0.000808 -0.028480 0.021531 0.013191 -0.008858 -0.000123 -0.000273 0.000000 -0.000121 0.000000 -0.024557 0.000000 -0.019205 0.014250 0.001638 -0.006259 0.005388 -0.027049 0.000000 -0.018646 -0.000945 0.000000 0.000000 -0.013433 0.000000 0.000000 0.029913 0.000836 -0.018303 0.000000 -0.021698 -0.018479 -0.030181 0.000000 -0.000773 -0.005260 0.006023 0.000000 -0.025622 0.029392 -0.018768 0.000000 0.000000 0.000000 0.023993 0.025078 0.000370 0.000644 -0.009621 -0.001589 -0.025767 0.002338 -0.020564 -0.023700 0.000000 -0.027873 -0.029052 -0.008974 -0.020786 0.000383 0.029863 -0.000293 -0.016757 0.000000 0.000283 -0.003921 -0.000195 0.000000 0.006277 0.003719 -0.000224 -0.004795 0.008311 0.000000 
0.000000 0.003557 0.000000 0.000204 580.554847 -0.000194 -0.002113 0.011740 0.000000 0.000000 -0.027732 0.000000 0.015289 0.000000 0.000000 0.000725 0.000000 0.000000 0.004479 0.000856 -0.000603 0.000000 -0.023677 0.016157 0.005066 0.003137 -0.023989 -0.005095 -0.017515 0.000000 -0.001013 -0.002532 0.014023 0.000000 -0.002538 -0.006508 0.000000 0.012996 0.021404 -0.001236 -0.011648 -0.001339 -0.001395 0.020767 -0.022968 -0.020686 0.000685 -0.000425 0.001117 0.000000 -0.016991 -0.031517 0.000000 0.000000 -0.027442 0.009706 0.018145 -0.002833 0.018276 0.018484 0.010619 0.000000 0.000000 0.000155 0.027263 0.000243 -0.004641 0.011662 -0.009046 -0.030119 0.000311 -0.027944 -0.004980 -0.020248 -0.019457 -0.012265 0.010885 0.000000 -0.002414 0.019188 0.000000 0.005424 0.001765 -0.000175 -0.001673 0.008403 -0.010244 0.001386 0.025351 0.010533 -0.000509 0.001468 0.014688 0.001266 -0.001417 0.001103 -0.000157 -0.002989 0.003286 -0.000330 0.000000 0.001821 -0.024458 -0.003327 -0.000314 0.000000 0.013428 -0.018753 0.000000 -0.010200 -0.008308 0.000000 -0.002971 0.000000 0.018545 -0.004435 0.009266 -0.011440 -0.003365 -0.016265 0.000000 0.010494 0.026149 0.001508 0.007227 0.014455 0.028061 -0.000379 0.000109 -0.003145 0.027991 -0.020539 0.000000 0.001780 -0.001817 -0.000409 0.000226 0.001349 -0.003249 -0.003506 0.016971 0.030449 -0.008351 0.000000 0.010349 0.000000 -0.000251 0.000000 -0.000906 0.007170 -0.005422 0.000612 -0.005449 -0.001024 0.031101 0.000611 0.005269 0.006920 -0.002552 0.000000 -0.015676 0.006032 -0.005818 0.000000 0.000000 -0.000199 0.009864 -0.001830 0.000000 -0.001338 0.025483 -0.009384 0.001338 -0.025329 -0.003918 0.003904 -0.016847 -0.009062 0.000000 0.025092 0.001316 0.001844 -0.000660 0.000000 -0.023033 0.000000 0.000000 -0.000620 0.000000 -0.000207 -0.004214 -0.008001 0.000000 -0.003136 0.020961 0.000000 
0.000000 0.000000 -0.003500 0.000000 -0.000194 905.487995 0.012155 -0.026089 0.000000 0.000000 0.000000 -0.010025 -0.002069 0.000000 0.000107 0.025796 0.000000 0.000000 0.008828 0.000698 0.012445 0.005471 0.001057 0.028461 0.008396 0.000000 0.016854 0.000000 -0.012930 0.000000 -0.006170 -0.002631 0.000574 0.001215 0.005999 0.000000 0.000000 0.005416 -0.016161 0.000000 0.000000 -0.027142 0.000000 -0.005600 -0.001669 0.000000 0.000000 -0.021678 -0.001789 -0.024482 0.006233 -0.007584 -0.015495 -0.006623 -0.000698 -0.010841 0.000000 0.000373 0.020269 -0.007891 0.003448 -0.001136 -0.000664 0.017355 0.000000 0.000000 -0.012379 0.007724 -0.027150 -0.000216 0.019777 0.003061 0.026574 0.000000 -0.007059 0.005220 0.021654 0.000000 -0.018090 0.000393 -0.000447 -0.003482 0.001414 -0.015246 0.001067 0.003289 0.000535 0.001830 0.003657 -0.001156 0.000595 0.003340 -0.018139 -0.004803 0.030334 0.015806 0.013171 0.002029 -0.000573 0.005481 0.000000 0.001669 0.000000 -0.000461 0.001433 0.002456 0.005832 -0.006209 0.000000 0.000000 0.002002 0.022712 -0.017429 0.000000 0.000000 -0.002668 0.009792 -0.000299 -0.004905 0.001659 -0.007611 0.012516 -0.009599 0.000199 -0.025131 -0.018259 0.023682 -0.005230 -0.016242 -0.008235 0.006622 0.005291 0.007229 0.010314 -0.028707 -0.022203 -0.012940 0.008503 -0.004170 0.005204 0.012089 0.028893 0.007828 0.000000 0.013699 0.005490 0.015142 0.000000 0.001955 0.019547 0.009355 0.000000 0.026028 -0.023587 0.009893 0.000000 0.018718 -0.001760 0.019424 0.000000 -0.000740 0.003921 0.010508 0.000000 0.000000 0.001337 0.008887 0.013879 0.001471 -0.000240 -0.002095 0.010215 0.028209 0.000000 -0.004094 0.004746 0.019836 0.000000 0.000000 0.009806 0.000000 0.000000 0.000000 -0.012177 -0.023720 0.001092 0.001677 0.013377 -0.000270 -0.000658 0.029081 0.004391 -0.003010 0.006217 -0.005233 0.000000 
-0.000419 0.000000 0.000510 -0.003075 -0.002113 0.012155 5.881900 0.003994 0.000716 0.000927 0.000000 0.005514 0.000128 -0.002924 0.001994 0.000000 0.011136 0.020168 0.004761 -0.006091 0.011235 0.000933 0.029346 -0.009332 -0.024374 -0.024880 -0.017406 0.006601 0.024203 0.000000 0.006773 -0.005782 0.001106 -0.015010 -0.009139 -0.005955 -0.002774 -0.017512 0.006596 -0.017162 -0.007950 -0.001103 0.013272 -0.018317 0.005651 -0.007539 0.000000 0.000718 -0.027525 0.005308 -0.001437 0.019384 0.005062 0.002385 0.000000 -0.023448 0.018775 0.000000 0.005191 0.031255 0.003408 -0.023439 0.010628 -0.001512 0.003937 -0.002508 0.016835 0.006653 0.027690 -0.018851 0.001157 -0.026149 0.003047 0.029777 -0.013428 0.008452 -0.013813 0.000191 -0.014574 0.000000 -0.005018 -0.013189 -0.022019 0.007332 0.005796 -0.000576 -0.000400 0.010553 0.006005 -0.004254 0.002560 0.000000 -0.001955 -0.000918 0.008692 -0.006011 0.005228 0.000236 0.017265 0.009422 0.007180 -0.009807 0.004405 -0.021130 0.025103 0.007448 0.010675 0.002750 -0.001498 -0.014518 0.017718 -0.000171 0.000168 -0.000483 0.008159 -0.023471 0.009204 -0.002594 -0.015784 0.016103 0.009248 -0.000569 0.007214 0.016332 0.013504 -0.010409 0.001790 -0.016936 -0.031304 -0.000190 0.012444 0.000000 -0.019049 0.013520 -0.015736 0.001864 0.023792 0.006847 0.002933 0.003388 -0.014369 -0.001038 -0.007474 0.000000 -0.011709 -0.007076 -0.014586 0.000000 0.019241 -0.023029 -0.004951 0.000394 -0.004895 -0.026708 0.007233 0.000394 0.030026 -0.006602 0.000922 0.000000 0.005429 0.000395 -0.001130 0.000000 -0.002136 0.003952 -0.003470 -0.022594 0.002201 -0.024117 0.013780 -0.017217 0.002922 0.002199 -0.004293 0.003006 0.008609 -0.000957 -0.001911 0.025373 0.002798 0.004096 0.007281 0.000000 -0.004465 0.021825 0.002496 0.015647 -0.003034 -0.001350 0.002555 0.010855 -0.006318 -0.013161 -0.017851 0.000000 
-0.001397 0.000000 0.000372 -0.025348 0.011740 -0.026089 0.003994 180.734855 0.004879 -0.001114 -0.011716 0.000000 0.020168 0.011516 -0.005405 0.000000 0.000000 0.017632 0.004537 -0.019767 0.012388 -0.000540 -0.003171 -0.007049 -0.025191 -0.018500 0.000296 -0.001322 0.011002 0.000921 0.001074 0.014448 0.014745 -0.003472 -0.011980 -0.027666 0.031548 0.002144 -0.003418 -0.000818 0.014935 -0.016123 0.000000 0.002799 -0.019519 -0.011314 0.001465 -0.002378 -0.026165 0.000000 0.023617 -0.014559 -0.004137 0.000919 0.016275 0.001448 -0.000251 -0.005900 0.000362 -0.013228 -0.013359 0.000000 0.028780 0.004027 0.005051 0.001230 0.002515 0.008666 -0.020608 -0.030245 0.001355 -0.016125 -0.026329 0.000000 0.015936 -0.020083 0.001893 0.000000 0.002219 -0.029441 -0.011836 0.013204 0.000539 0.000000 0.000315 0.001468 -0.003296 -0.018306 -0.001434 0.015665 -0.004899 -0.006244 -0.029903 0.000000 0.006829 0.008108 -0.031428 0.003367 0.004580 -0.019476 0.000000 0.000000 0.009663 0.000000 0.030378 0.000000 -0.029381 0.018208 -0.001852 -0.000600 -0.005928 0.002400 -0.008524 -0.018054 0.002086 0.021005 -0.015686 0.000159 0.012820 0.001948 0.012222 -0.019699 0.016771 0.000000 -0.007726 0.009260 0.008554 0.021127 -0.008121 -0.001955 -0.000879 0.000000 0.008351 0.000828 0.010101 0.000888 0.002619 -0.001517 0.002775 0.016360 -0.012262 0.015360 0.007553 0.000000 0.003588 -0.007085 0.026976 0.000000 -0.001209 0.022715 0.012962 0.000260 -0.001330 0.022126 0.021216 0.000259 0.011774 0.002226 0.004645 0.000000 0.003372 -0.015391 0.026776 0.000000 0.022623 0.000000 0.002315 -0.025842 -0.025267 -0.012885 -0.000729 -0.010772 0.001325 0.000000 -0.001635 0.015691 -0.008149 0.000000 0.001767 0.015302 0.000000 0.000000 0.000000 0.000000 0.000305 0.000408 0.024566 0.019694 0.004179 -0.001108 0.000000 0.012413 -0.000112 -0.007928 0.000000 0.000000 
0.025223 -0.020438 -0.016157 -0.016414 0.000000 0.000000 0.000716 0.004879 86.745611 0.015680 -0.015687 0.007219 0.000000 0.000000 -0.009145 -0.001332 -0.016465 0.001395 0.011782 0.000000 -0.007655 0.017452 0.004542 0.005297 0.031334 0.000000 0.005397 0.002938 -0.013470 0.004072 -0.015647 -0.012860 -0.029400 -0.000615 0.010131 0.000000 0.000000 -0.000366 -0.020742 0.000355 0.000000 0.005868 0.019667 -0.020101 -0.005786 0.000000 -0.002580 -0.000753 0.000000 0.016255 -0.003333 0.025080 -0.007581 -0.025164 0.007097 0.002788 -0.000387 -0.007821 0.001240 0.018941 0.001376 0.000000 -0.003053 0.001311 -0.024532 0.000377 -0.003733 0.011742 -0.018274 0.000578 -0.013339 -0.000448 0.002330 0.013002 0.000000 0.025142 -0.009217 0.004843 -0.012807 -0.005171 -0.031671 -0.012339 -0.024135 -0.011829 0.000000 0.007375 -0.006850 -0.015128 -0.003839 -0.000203 0.004817 0.003530 -0.014475 0.000572 -0.015901 0.000215 -0.000705 -0.000397 -0.016719 -0.003779 -0.007761 0.011507 0.013274 -0.001427 -0.000733 0.000275 -0.027923 -0.023989 0.000000 -0.028572 0.000000 0.000000 0.013380 0.006356 0.004356 -0.011644 -0.013626 -0.011343 0.027484 0.005512 0.009538 0.018763 0.006592 -0.001130 0.002594 -0.016822 0.009822 0.006972 0.014250 0.003720 0.000000 -0.005352 0.000000 0.001137 -0.001647 -0.017295 0.000218 -0.003685 0.008207 0.011817 -0.009207 -0.015100 -0.004992 0.000000 -0.002943 -0.000322 0.010840 0.000000 -0.005152 0.022078 -0.015562 -0.013597 -0.000655 0.016688 -0.027609 -0.013589 -0.016190 0.000000 -0.006257 0.000000 0.000000 -0.002362 0.000162 0.000000 -0.007072 0.000000 0.001195 -0.001511 0.000000 0.000000 -0.028058 0.005177 -0.000416 0.000821 0.016473 0.025962 0.004857 -0.014990 -0.014832 0.000442 0.000519 -0.010861 0.000000 0.000000 -0.001654 0.000000 -0.011219 0.025222 0.000000 -0.000858 0.001643 -0.001579 0.000481 0.002006 0.000108 0.000000 
-0.000387 0.000000 -0.016649 0.022355 0.000000 0.000000 0.000927 -0.001114 0.015680 2735.181149 0.012121 -0.021623 0.000000 0.026940 0.007607 -0.001191 -0.000643 0.000000 -0.017967 0.010905 0.000135 0.013164 0.008365 -0.000175 -0.007932 0.000000 -0.016537 0.023069 -0.001067 0.010121 0.003844 -0.006648 0.000000 0.016905 -0.008273 0.001217 0.009267 0.000000 -0.001080 -0.000395 -0.010942 0.000000 0.001818 -0.019720 -0.000564 0.028645 -0.000397 0.000000 -0.000559 0.000000 -0.003406 -0.000456 0.014727 0.000000 -0.006228 0.007692 0.008497 0.000000 0.002065 0.000198 -0.001767 0.000000 0.005237 0.007187 -0.019868 -0.029977 0.016084 -0.024356 0.021784 0.000000 0.000000 0.006001 0.022423 0.000000 -0.014190 -0.000370 -0.012115 -0.003176 -0.001704 0.020331 0.000000 0.000324 -0.011994 -0.018208 0.001628 0.000000 -0.023593 0.000224 -0.002008 0.000000 0.007235 0.007331 -0.004831 -0.014668 0.021357 0.006566 -0.000738 -0.008444 -0.015690 -0.009973 0.000000 0.000000 -0.000231 -0.004385 -0.000117 -0.013220 -0.022807 0.005284 -0.000925 0.000803 0.000000 -0.008861 0.000000 -0.013673 0.004654 0.005227 0.003987 0.024786 -0.000385 -0.015639 0.001371 0.026171 -0.002177 -0.000893 0.005199 0.000325 -0.003575 0.000940 0.000250 -0.000590 -0.003975 0.000000 0.000000 0.025550 0.013632 -0.023054 -0.004582 0.000000 -0.030908 -0.000335 0.018555 -0.000712 0.029869 0.000000 0.000555 0.031665 0.029418 0.000000 0.023919 0.024718 0.005557 0.000953 -0.020092 0.010427 -0.005037 0.000952 -0.013878 0.000000 0.019061 0.000000 0.015253 0.023926 0.004960 0.000000 0.000000 0.000634 0.001043 0.006712 -0.001724 0.006494 0.000201 0.000354 -0.003472 0.017506 0.002850 0.014633 0.008073 -0.022653 0.004436 0.019597 0.000000 0.001173 0.013557 -0.001516 0.000000 0.002703 0.000000 -0.020316 -0.014867 -0.025266 -0.000457 -0.011752 -0.003923 -0.001361 0.010759 0.000000 
0.000000 -0.002640 -0.005184 0.003747 -0.027732 0.000000 0.000000 -0.011716 -0.015687 0.012121 18.073899 0.000538 -0.010910 -0.022972 -0.000339 -0.000151 0.000775 0.019042 0.029438 0.000000 0.024210 0.027732 0.004226 -0.015031 0.019211 0.000742 0.027169 0.031025 0.008859 0.012464 -0.007924 -0.000973 -0.001448 -0.002096 0.018033 0.000554 0.002054 0.000216 0.018395 0.016968 -0.028318 0.000805 -0.004242 0.015019 0.026474 -0.014967 0.002877 -0.009473 0.028272 0.002702 -0.004063 0.000000 -0.006927 -0.021377 0.003713 -0.009945 -0.004668 -0.030590 0.019175 -0.002096 0.001092 -0.003055 -0.005959 0.001494 -0.007607 0.000132 0.012133 0.017768 0.003365 0.027731 -0.025964 0.021976 -0.013214 -0.011720 0.026532 0.003913 0.000000 0.000215 0.012708 0.007212 0.001600 0.000000 0.000332 -0.014963 0.000000 -0.014784 0.000228 -0.002627 -0.026305 -0.000837 0.004012 0.012114 -0.016998 -0.028102 -0.004260 -0.019522 -0.029134 0.001787 -0.013708 0.011735 0.000000 0.000000 0.010199 0.002851 0.000000 0.031662 -0.000899 0.001902 0.000000 0.000000 0.000000 -0.002106 -0.029956 0.000126 0.006692 0.021679 -0.030140 0.016807 -0.005179 0.005986 -0.002138 -0.007420 -0.026326 0.000000 -0.004344 -0.010876 0.002869 -0.000168 0.020796 0.002263 0.004603 -0.002499 -0.000642 0.024289 -0.010975 -0.003511 0.000000 0.020911 -0.005182 -0.006592 0.001582 0.009588 -0.009913 0.000000 0.029415 -0.011976 0.012277 0.000000 0.000395 0.000425 -0.005786 0.014325 -0.019998 -0.007323 -0.007683 0.014314 0.008163 0.015978 0.010017 0.000000 0.000000 0.004246 -0.009403 0.000000 0.000000 0.031017 -0.014069 0.026319 0.015889 0.011223 -0.015917 0.000895 0.005087 -0.014110 0.029240 0.008267 -0.001176 -0.005328 0.000365 0.019340 -0.026462 0.010348 0.030897 -0.002306 -0.019114 -0.001558 0.004895 0.015256 0.026949 -0.026389 -0.009409 -0.009927 0.005196 -0.022097 0.000000 0.000000 
0.000000 0.000000 0.000493 0.022905 0.000000 -0.010025 0.005514 0.000000 0.007219 -0.021623 0.000538 167.701194 0.000223 0.000000 0.000000 0.016595 0.001709 0.000000 0.010784 0.000910 0.023379 0.003115 -0.008104 0.013386 0.011681 0.010066 0.002747 0.023383 0.022743 0.000000 0.028432 -0.029071 0.000000 -0.001979 -0.002140 -0.022169 0.004777 0.000000 -0.000515 0.000851 -0.002576 0.008043 0.007249 -0.001175 -0.002568 -0.021709 -0.000295 -0.004475 -0.003635 0.000000 0.011222 -0.005947 0.002091 0.000000 0.012681 -0.011892 0.017712 -0.000692 0.002353 -0.008796 -0.003739 0.000199 0.023015 -0.003216 0.000000 0.027829 0.003147 0.022484 0.027507 0.000647 -0.013775 -0.015818 0.008306 0.001727 -0.002388 -0.011556 -0.015544 -0.003811 -0.017561 0.021060 0.000000 -0.010019 0.000000 0.000517 -0.009072 0.000000 0.000000 -0.000121 0.011515 0.000433 0.000000 0.004464 0.004330 -0.018644 -0.017282 0.011999 0.000483 0.000000 -0.018471 -0.019338 0.000000 -0.004728 0.000000 -0.002383 0.000000 0.000000 -0.017607 0.006035 -0.000452 0.001219 -0.024977 0.000000 0.005376 0.000000 0.004968 0.014305 0.017623 0.001748 -0.012412 -0.004032 0.003989 0.000377 0.000000 0.000000 0.002513 0.006862 0.012551 -0.000773 0.002514 0.003917 -0.000141 -0.000552 0.000000 0.000000 -0.022170 0.011510 0.020347 -0.002191 0.003029 -0.020801 0.010693 -0.003566 -0.002837 0.000000 0.016158 0.006491 -0.019261 0.000000 -0.001616 -0.015127 -0.004194 0.000000 0.001303 0.010906 -0.002381 0.000000 0.000752 0.000000 0.001027 0.000000 0.000438 -0.009095 0.012343 0.000000 0.000148 -0.000310 -0.018835 0.029073 -0.003066 -0.019139 0.000212 -0.006538 0.002038 -0.002164 -0.011325 -0.005216 -0.005516 -0.005161 0.000000 0.001526 0.000000 -0.009525 0.004457 0.000000 0.000249 0.001641 -0.004024 0.022345 0.000000 -0.017978 -0.020253 0.000841 0.029691 0.000270 0.005268 0.000000 
-0.003206 0.000311 0.004827 -0.000700 0.015289 -0.002069 0.000128 0.020168 0.000000 0.000000 -0.010910 0.000223 1694.003189 0.000000 0.000000 0.001520 -0.010234 0.000000 0.014981 0.003221 0.000000 0.003189 0.026443 -0.002641 -0.007105 0.000000 0.000920 0.020326 -0.030158 0.000000 0.000764 0.010651 0.000412 -0.003325 -0.014653 -0.005477 0.007069 0.000000 0.014146 -0.000974 0.000000 0.000000 0.006414 0.000882 -0.000465 0.000000 -0.001712 0.024400 0.000183 -0.001213 0.012904 0.003573 0.016790 0.029025 -0.008248 -0.004025 0.003991 -0.016889 0.005726 -0.018017 0.003783 0.023148 0.000000 0.000469 0.001121 0.002866 -0.004004 -0.010209 -0.025150 0.000000 0.011390 -0.000184 -0.006559 0.024600 0.005870 0.012717 -0.003117 -0.000870 -0.010035 -0.009012 0.000000 0.004859 -0.014768 0.000000 0.000000 0.004666 -0.001958 0.000000 0.004323 -0.011909 0.000000 -0.004958 -0.008029 0.002217 -0.001582 0.027889 0.000000 -0.000247 0.000738 -0.002516 0.002849 0.013627 -0.004097 0.002332 -0.000540 -0.009691 -0.002133 -0.000431 0.000000 0.000000 -0.002538 0.010888 0.001251 -0.001693 0.000498 -0.003738 -0.001738 -0.020551 -0.020320 0.005603 0.018677 -0.000703 0.028518 0.001060 -0.005728 -0.027842 -0.004996 -0.004514 0.000530 0.000000 0.004530 -0.010271 -0.027359 0.006041 0.018181 -0.011539 -0.000293 0.014446 0.001416 -0.006533 0.017228 0.017065 0.000261 0.000000 0.007486 -0.020541 -0.009284 0.000000 0.003833 -0.002553 -0.014662 0.000277 -0.006066 0.003309 0.006580 0.000277 -0.005835 -0.002288 0.007340 0.000000 0.006947 0.009829 0.002283 0.000000 -0.000495 0.000000 0.016653 0.017901 0.000509 0.000000 0.007625 0.026104 -0.000112 0.000000 -0.007455 -0.024434 0.000273 -0.002592 0.000000 0.012079 0.000276 0.000771 0.000000 -0.002290 0.000000 -0.015230 0.000000 -0.014330 -0.000164 0.001889 0.000378 -0.011523 0.009051 0.007936 0.015892 0.000000 
0.026719 -0.000945 0.010933 -0.022051 0.000000 0.000000 -0.002924 0.011516 0.000000 0.026940 -0.022972 0.000000 0.000000 10057.637375 0.014822 -0.031567 0.000215 0.006844 -0.004188 0.022173 -0.000119 0.000000 0.003088 -0.004152 -0.024568 0.010218 -0.000399 0.001054 -0.026670 -0.001872 0.021525 -0.000919 -0.025867 -0.007131 0.023785 -0.004573 -0.024320 0.000000 -0.000521 0.000491 0.001839 0.000519 0.019973 -0.004023 0.029933 0.016363 0.004020 0.000000 -0.020232 0.004351 0.004996 -0.016379 0.026745 -0.000758 0.000376 0.002119 0.000000 0.000000 -0.006041 -0.025410 -0.021719 -0.000509 0.017497 0.011148 -0.004604 -0.018090 0.009713 0.011202 0.031525 0.000000 -0.000393 0.000592 -0.005214 0.016487 0.015168 -0.028657 0.028026 0.000000 0.013853 -0.003343 -0.008122 0.028229 0.015844 0.000000 0.000000 0.000000 -0.004984 -0.020031 -0.003284 0.000693 0.002698 -0.023820 0.021211 0.008947 -0.003339 0.013435 -0.006908 -0.022902 0.021582 -0.003199 -0.000629 0.000000 0.010037 0.000000 0.003451 0.000268 -0.001286 -0.006477 0.000000 0.001446 -0.025205 -0.018352 0.000000 0.000000 -0.006372 -0.011500 0.003908 0.022973 0.013105 0.008581 0.003689 0.000836 0.010702 0.000585 0.030739 0.004440 -0.006770 -0.003968 0.001749 -0.025429 0.003117 0.001927 -0.003071 0.019427 0.012579 0.003948 0.001575 0.002610 0.023382 0.000791 -0.000773 0.003962 -0.003401 0.000000 0.010277 0.015078 -0.000723 0.000000 0.024930 -0.014814 -0.030556 0.000000 -0.030569 -0.030577 0.006161 0.000000 -0.017980 0.000000 0.026685 0.000000 0.027567 -0.002248 0.000447 0.000000 0.018153 -0.020703 -0.020428 -0.017753 0.000607 0.000000 0.026487 0.017586 0.000588 0.000000 -0.001667 0.026309 -0.012665 -0.000455 -0.008615 0.027737 0.028591 0.000000 -0.001528 0.000444 -0.003124 0.000000 0.006187 -0.020179 -0.001424 -0.018155 -0.000687 -0.015451 -0.000183 -0.003220 -0.003442 0.000000 
0.000213 -0.024447 0.000848 0.000409 0.000000 0.000107 0.001994 -0.005405 -0.009145 0.007607 -0.000339 0.000000 0.000000 0.014822 25.145481 -0.025712 -0.013268 0.000000 0.001518 0.001513 0.007961 0.000000 -0.002602 -0.004174 0.000293 -0.000182 0.000000 0.000665 0.001973 -0.013308 -0.001283 0.004055 0.001261 0.009928 -0.016715 -0.025190 -0.021959 -0.017890 0.009094 0.000102 0.000554 0.000000 -0.000299 -0.000595 0.011369 -0.001261 -0.000353 -0.012573 -0.009249 0.000647 -0.010828 -0.010906 0.001436 0.012145 0.000950 0.003666 0.001219 0.008546 -0.007092 -0.014721 0.004876 -0.000472 -0.000617 0.001340 -0.015904 0.000000 0.026271 0.013959 -0.023958 -0.018457 0.000000 -0.025900 0.000000 0.000000 0.011327 0.001222 0.000357 0.000000 0.001245 0.002611 0.000000 -0.014650 0.005818 0.002843 -0.012793 -0.000911 -0.000497 -0.001394 0.002042 0.000214 -0.010221 -0.031536 -0.011944 -0.031012 -0.005708 -0.000887 0.009558 0.000000 -0.016876 0.018248 0.003826 0.000000 0.027744 0.001804 -0.029974 0.000000 0.010861 -0.001540 -0.000330 -0.031630 -0.002957 0.024095 0.006078 0.015290 0.019756 0.015822 0.000269 0.005222 -0.013058 -0.001074 0.000000 0.016415 -0.008738 -0.000517 0.004250 -0.024883 0.001173 0.025473 0.000597 0.030440 -0.001656 0.000833 0.000776 0.000479 0.021069 0.000000 0.001201 -0.016659 -0.006627 -0.006583 -0.003725 -0.030635 -0.029262 0.000000 0.001201 0.003017 0.000000 0.000000 0.002966 0.011712 0.002586 0.001170 -0.008265 0.028216 0.000000 0.001170 -0.002502 -0.007103 0.000000 0.000000 -0.023531 0.020470 0.007445 0.000000 0.028917 -0.000500 0.015971 0.007675 0.000250 0.000000 0.000544 -0.001056 0.002332 -0.006656 -0.007806 0.019817 0.000000 -0.000394 0.000000 0.000000 -0.009084 -0.000330 0.000000 -0.000480 0.022014 0.000000 0.000000 -0.001656 -0.024881 -0.018290 0.019811 -0.002924 0.005625 -0.007267 0.003291 0.000000 
0.000635 0.000000 0.008101 -0.015115 0.000725 0.025796 0.000000 0.000000 -0.001332 -0.001191 -0.000151 0.016595 0.001520 -0.031567 -0.025712 349.006723 0.000000 0.000000 0.014335 0.000000 0.000000 0.000000 -0.012516 0.024746 -0.004854 0.000000 -0.000590 -0.009860 0.017722 0.000000 0.000000 -0.005458 0.000000 -0.018033 0.000891 0.008226 -0.002053 0.028221 0.017058 0.001823 0.000931 -0.014021 -0.010628 -0.001441 0.000134 -0.002107 0.015908 0.000000 0.006315 -0.000937 0.001295 -0.030041 0.002958 -0.013114 0.005413 -0.005063 0.000000 -0.010451 -0.004715 -0.003738 -0.004439 0.010876 0.015291 0.009761 -0.000991 0.000591 -0.003111 -0.002133 0.001158 0.003776 0.000000 0.000810 -0.004883 -0.022845 0.001237 -0.019043 0.000780 0.000000 0.005960 0.000932 -0.003993 -0.019544 0.010782 -0.011736 -0.009137 -0.011545 0.000687 -0.011805 0.003403 0.011649 0.000439 0.014965 -0.020441 -0.000445 -0.007829 0.000000 -0.012123 -0.000249 -0.004031 -0.003457 0.005593 0.000000 0.007748 0.002611 0.000000 0.001715 0.010376 -0.015148 0.000000 -0.028392 -0.011171 -0.001299 0.006339 -0.001257 0.001353 -0.005952 -0.024669 -0.013730 -0.017919 -0.014606 0.000000 0.000422 -0.003968 0.000714 0.003747 0.000945 0.007476 0.000000 -0.010402 -0.002798 0.000000 -0.001107 0.000000 0.004879 0.012729 -0.005591 -0.005375 -0.023092 -0.004353 -0.001538 0.013381 0.018007 -0.005025 0.000000 0.004374 0.007428 -0.001896 0.000000 0.011316 -0.019060 0.022001 0.000449 -0.003517 -0.001623 0.021106 0.000449 0.003033 -0.006535 0.003352 0.000000 -0.010478 -0.010916 -0.000548 0.000000 -0.003563 -0.025378 0.000618 -0.010506 0.000000 -0.003651 0.004129 -0.018011 -0.001042 -0.003499 -0.001759 -0.000599 0.003232 0.000000 -0.008590 -0.002559 0.003285 0.000000 -0.002856 0.009882 0.000000 0.001337 -0.002812 0.024662 -0.000170 0.013455 -0.020644 0.010154 -0.000725 -0.000922 0.025469 0.000000 
0.000000 0.004650 0.002219 0.001455 0.000000 0.000000 0.011136 0.000000 -0.016465 -0.000643 0.000775 0.001709 -0.010234 0.000215 -0.013268 0.000000 100.141729 -0.028391 0.015741 -0.000801 0.000000 -0.024991 0.002313 -0.013021 -0.010998 -0.021063 -0.023637 -0.001145 0.007270 -0.007899 -0.009165 0.002802 0.000225 -0.021474 -0.017540 -0.007655 0.000000 0.006828 0.031637 -0.020032 0.021839 -0.001853 0.000000 0.012691 -0.009133 0.000000 0.006413 0.000478 0.007214 0.000000 -0.012310 0.019884 -0.003633 -0.001057 -0.007020 -0.010188 0.000000 0.002318 0.030664 0.000317 0.003431 0.010173 0.015490 0.000919 -0.004534 0.022968 0.023350 0.002577 0.000000 0.001471 -0.007501 -0.006368 0.000000 0.000318 0.025780 -0.000603 0.001947 0.015858 0.021925 0.003982 -0.000452 -0.004584 0.000781 0.000000 0.000000 0.000000 0.000000 0.000635 0.005808 -0.002049 0.000526 -0.008940 0.011280 -0.016287 -0.006690 -0.020965 0.011088 0.002477 -0.011924 0.002079 -0.001107 0.000000 0.018177 -0.019387 0.005337 0.005597 -0.026788 -0.029327 0.000000 -0.000338 0.019035 0.000000 -0.009367 -0.008493 0.000000 0.004844 0.000000 0.000000 -0.002244 0.000410 0.000634 -0.007972 0.000000 0.000535 0.000000 -0.002067 -0.007724 0.000588 -0.017910 0.004825 0.008597 -0.002552 0.007127 -0.000141 0.000000 0.028017 0.023009 0.013377 0.010127 -0.013823 0.006653 0.024377 -0.004093 0.000000 -0.027725 -0.017891 -0.010775 0.000000 0.006981 0.004123 -0.015596 -0.000297 -0.012575 -0.029131 0.002055 -0.000297 0.026549 0.000000 -0.006288 0.000000 -0.000697 0.000961 0.000478 0.000000 0.000000 0.009943 -0.001575 -0.000613 -0.001765 -0.003435 -0.009085 -0.002899 -0.024165 -0.014262 0.017329 -0.009468 0.000430 0.001587 0.000000 0.019005 0.027295 -0.003994 -0.019947 -0.008160 0.000000 -0.004401 0.000000 0.003629 -0.000322 -0.008072 0.000583 -0.004431 0.009832 -0.004208 -0.000249 0.000000 
0.029997 0.000000 0.025375 0.000000 0.000000 0.000000 0.020168 0.017632 0.001395 0.000000 0.019042 0.000000 0.000000 0.006844 0.000000 0.000000 -0.028391 231.298037 -0.003004 0.001772 0.002510 0.002418 0.001033 -0.000963 0.021088 0.000000 0.000000 -0.000183 0.020403 -0.026700 0.006246 -0.001736 -0.014991 0.010222 0.002613 -0.000261 0.000000 0.000000 -0.008976 0.024202 0.001451 0.002468 0.002468 0.004993 -0.013790 0.000311 -0.016020 0.000000 0.001191 0.001870 0.000705 0.010342 0.000293 -0.009606 0.011299 -0.000460 -0.001291 0.000000 0.000521 0.010437 -0.013582 0.025337 0.014681 -0.027125 -0.015515 0.000000 0.009747 -0.003648 0.006006 -0.013124 0.000000 -0.009468 -0.000706 -0.000282 -0.007202 -0.030871 0.007918 0.000132 0.002153 0.000000 -0.000829 0.000000 -0.018312 0.000000 0.000000 -0.001959 0.000000 0.016010 0.011472 0.003973 0.000000 -0.008587 0.008675 0.000000 -0.010336 -0.001992 0.017666 0.014766 0.009117 0.007125 0.000000 0.004941 0.013628 -0.020626 0.029596 0.000000 0.000158 0.030895 0.000000 -0.002610 -0.019707 0.022724 0.001692 -0.000958 0.024000 -0.016447 0.007057 -0.003046 -0.006648 -0.002195 -0.011578 -0.004942 -0.029688 -0.001066 -0.006507 0.001814 0.016986 -0.002298 -0.000197 0.003878 0.008492 0.003575 0.000271 0.026566 0.011741 -0.000996 0.000000 0.004661 -0.006166 0.005510 0.026446 0.000000 0.005880 0.000000 -0.000240 -0.002579 -0.002051 0.000000 0.002607 -0.001294 -0.005717 0.000485 -0.028580 0.019282 -0.014483 0.000485 -0.003406 0.000000 -0.008910 0.000000 0.010385 0.014201 0.000000 0.000000 0.000000 0.007798 -0.027505 -0.000507 0.000000 -0.007675 0.000000 0.011331 -0.000242 -0.004293 -0.001817 -0.022545 -0.000196 0.000000 0.000000 0.010005 0.001052 0.021734 0.000000 -0.005778 -0.011886 0.000000 0.000000 0.002825 0.001210 0.000450 0.000447 -0.005192 0.002118 -0.002041 -0.019625 0.000000 
-0.000655 0.001825 -0.001990 -0.022751 0.004479 0.008828 0.004761 0.004537 0.011782 -0.017967 0.029438 0.010784 0.014981 -0.004188 0.001518 0.014335 0.015741 -0.003004 1.466360 -0.012466 -0.006840 -0.007007 0.004846 -0.011892 0.000000 0.000353 0.002454 -0.028053 -0.026625 -0.001558 -0.028632 -0.003590 0.003072 -0.015891 0.011005 0.022693 0.020624 -0.019307 0.024695 0.022587 -0.004442 0.005805 0.015709 -0.004742 -0.001195 0.004833 -0.008273 -0.009949 0.000543 0.009162 -0.014552 0.019584 0.024463 0.017210 0.012743 -0.010082 0.004314 0.026168 0.002196 0.001970 -0.020650 -0.004032 0.009319 -0.027489 0.000643 0.007229 -0.000379 -0.029127 0.015216 -0.014652 0.013095 0.023070 -0.011846 0.025808 -0.028499 0.020724 0.026293 0.001285 -0.012477 -0.007274 0.003109 0.001778 -0.028325 -0.011521 0.001592 -0.006325 0.001944 -0.020788 0.006606 -0.000133 0.013955 -0.013449 0.010822 0.025101 -0.026101 -0.001190 -0.000736 0.001412 -0.002098 0.022852 -0.008997 -0.010883 -0.028149 -0.004131 -0.019668 0.000688 -0.000726 0.018888 0.004745 0.007394 0.000483 -0.012599 0.004441 -0.009315 0.002710 -0.018541 -0.001891 0.007678 -0.003307 0.018520 0.004878 0.000000 0.008213 0.004009 0.027964 0.009187 -0.014890 -0.004950 -0.002149 0.015680 -0.000859 0.006771 -0.001501 0.007371 -0.003084 -0.004817 -0.002709 0.019882 -0.019607 -0.026596 0.005523 0.000000 0.003703 0.000000 -0.006507 0.000924 0.003460 0.000000 -0.005493 0.000393 -0.005039 0.010941 0.000207 0.000000 -0.017304 0.010933 0.029723 -0.000751 -0.006441 0.000000 -0.005197 0.030521 -0.009797 0.000000 0.029857 0.000418 -0.008564 0.001019 0.000625 0.001821 0.020178 0.013078 0.006899 0.023548 -0.019017 0.008474 0.023720 -0.015789 0.012751 -0.022020 -0.007952 -0.006005 -0.001423 0.001304 0.006709 0.003895 -0.003976 0.003492 -0.000239 0.000729 -0.001223 -0.022557 -0.006159 -0.014903 0.017204 0.000000 
-0.000422 -0.022662 -0.011577 -0.021300 0.000856 0.000698 -0.006091 -0.019767 0.000000 0.010905 0.000000 0.000910 0.003221 0.022173 0.001513 0.000000 -0.000801 0.001772 -0.012466 10.445598 0.013832 -0.000132 0.005410 0.013717 -0.022917 -0.002413 0.004848 0.001902 -0.001184 0.009610 -0.003725 0.008155 0.018809 0.000000 0.005946 -0.013388 0.000000 0.000639 0.001382 -0.013943 0.000112 -0.022546 -0.008627 -0.014889 0.015926 -0.000861 0.001203 -0.000726 0.007121 -0.007330 -0.008539 -0.011458 0.004320 -0.000278 -0.000615 -0.026036 -0.003942 0.005094 -0.006082 -0.016976 0.000000 0.000000 0.015818 0.000381 -0.020845 0.031548 -0.011220 0.009386 0.008894 0.021955 -0.016999 0.007661 0.000000 -0.000292 0.012146 -0.006665 -0.002298 0.001187 -0.010640 0.000000 -0.000139 0.022421 0.001441 0.000000 0.007657 -0.003642 0.000905 0.001225 0.005969 -0.001659 0.000482 0.014405 -0.013762 0.001320 -0.015810 0.010580 0.014615 -0.029348 -0.008598 0.020854 -0.006484 -0.001078 0.006016 0.002819 0.008247 0.026055 -0.025783 -0.006487 0.002084 -0.001668 0.016102 0.016236 -0.021132 0.029520 -0.003017 0.017462 0.004271 -0.007479 0.025335 -0.001504 0.004271 0.004205 0.006046 0.023009 -0.007815 0.019104 -0.019053 0.000155 -0.009987 -0.002641 -0.014951 -0.000238 0.001808 0.030535 -0.004513 -0.007600 0.022627 0.017532 -0.021987 0.020606 0.005279 -0.000314 0.004620 0.000000 0.009760 0.014668 -0.026465 0.000000 0.006788 -0.000854 0.003764 0.000444 -0.019774 -0.000507 -0.000436 0.000443 0.000624 0.000000 0.030468 0.000000 -0.000340 -0.026859 0.002829 0.000000 0.000921 -0.026467 0.000982 0.006219 -0.007249 -0.014043 0.002330 0.000452 -0.022351 0.001510 0.016232 -0.016971 -0.003622 0.001578 0.000000 0.000201 -0.002536 0.000000 -0.000522 0.002352 0.002633 0.027313 0.002470 0.012936 0.008177 -0.002180 -0.006408 -0.010900 -0.001930 -0.007686 0.000399 0.000000 
0.030798 -0.000477 -0.006494 0.000000 -0.000603 0.012445 0.011235 0.012388 -0.007655 0.000135 0.024210 0.023379 0.000000 -0.000119 0.007961 0.000000 0.000000 0.002510 -0.006840 0.013832 30.260555 -0.001892 0.002098 -0.006752 -0.001154 0.000000 0.025892 -0.007701 -0.015289 -0.002298 -0.014102 -0.004096 -0.004718 0.011688 -0.026193 0.005694 0.001572 0.000000 -0.011881 -0.028340 0.002361 -0.012663 0.012673 0.029224 -0.000592 -0.021883 -0.001353 0.000000 0.001461 0.000000 0.016718 0.019414 -0.016070 -0.014004 -0.002558 0.003260 -0.004486 0.001346 0.009533 0.018835 -0.000437 0.021425 -0.030641 -0.017764 0.015386 -0.013697 0.021124 -0.025098 -0.001144 0.000000 -0.013567 0.005897 0.013155 0.003258 -0.013741 0.012340 -0.001512 0.000144 -0.015067 0.004833 0.000000 0.003670 -0.004071 -0.003572 0.000890 0.017824 -0.009293 0.010712 -0.015846 -0.000157 0.001837 -0.008291 0.002498 0.025219 -0.007397 0.000194 0.002643 0.012093 -0.026997 0.030796 0.002274 -0.006894 0.017031 0.010431 -0.021526 0.025083 -0.005729 0.003799 0.007389 -0.004485 -0.001262 0.016541 -0.020992 -0.005533 0.000000 0.020167 0.029743 -0.004406 0.006696 -0.003303 -0.003761 0.023695 0.000000 -0.000369 0.001426 -0.013966 0.000000 0.001124 -0.008799 0.000607 -0.009151 0.009607 0.007922 0.001588 0.018749 0.011249 -0.004325 -0.013687 -0.031165 0.009550 0.008386 0.019685 0.006613 0.000000 0.011373 0.000000 -0.020455 0.000000 0.003321 -0.028007 -0.027081 -0.000800 0.021951 -0.019088 0.001832 -0.000800 -0.012500 0.002734 -0.000744 0.000000 -0.008738 0.009341 -0.000305 0.000000 -0.007908 -0.011742 0.006394 -0.018359 0.018044 -0.003426 -0.011997 -0.006064 -0.005380 -0.017767 -0.024589 -0.024647 0.018674 -0.013165 -0.001735 0.030831 0.004309 -0.022301 0.023677 0.000000 0.000000 0.002496 -0.012315 -0.015009 0.017230 -0.030792 0.000785 -0.020073 0.003018 0.002782 0.001166 0.000000 
