9.757335 -0.009139 -0.058980 0.005585 -0.005347 -0.012109 0.082876 0.001058 -0.002921 0.003208 -0.038717 0.006514 -0.010792 0.002995 -0.061157 -0.021573 -0.028191 -0.088461 -0.002721 -0.036065 0.012285 -0.000211 -0.000184 -0.053291 -0.011172 0.021858 -0.003309 -0.038942 0.016683 0.005794 0.048699 -0.067525 0.000000 -0.050813 -0.028685 -0.028208 0.000000 0.026239 -0.072137 0.019427 -0.000898 0.060201 0.009422 -0.061303 -0.003001 0.055353 0.002449 0.000000 -0.000662 -0.021349 0.007596 -0.059898 -0.011864 -0.004710 0.000000 0.029396 -0.063692 0.061203 -0.010875 0.063697 -0.005868 -0.013469 -0.046490 0.087600 0.065835 -0.037197 -0.011167 -0.010053 -0.010185 -0.011702 -0.014652 -0.079524 -0.016660 0.011693 -0.010536 -0.004538 0.000000 0.052194 0.008363 0.011234 -0.043359 0.000480 0.035061 0.016819 -0.057074 0.011400 0.020260 -0.012606 0.019806 -0.037420 0.081199 -0.006988 0.076558 0.002370 -0.000911 0.031616 -0.019457 -0.000321 -0.039596 -0.019860 0.007660 -0.048313 -0.000343 0.048628 0.038109 -0.072164 -0.030564 0.015882 -0.007950 0.032710 -0.002485 -0.043512 -0.000134 -0.086976 -0.002065 -0.008472 0.010172 0.086518 -0.002369 -0.005157 -0.004762 0.046805 -0.082313 0.017310 -0.003132 -0.000126 0.000000 -0.083972 -0.035428 -0.062213 0.078094 -0.027958 0.046029 -0.000898 -0.079194 -0.021307 -0.001130 -0.004882 0.024319 -0.030124 0.022119 0.005021 -0.016535 -0.039218 0.065457 0.047772 -0.018502 -0.021660 0.014257 -0.076332 0.000588 -0.030705 -0.079064 -0.000553 -0.009384 0.011047 -0.016615 0.025199 -0.074251 0.066216 -0.014284 0.001170 -0.028417 0.015764 -0.049521 -0.004723 -0.030893 0.002353 0.001096 -0.002575 0.000000 -0.071506 0.047946 -0.029024 0.031367 -0.076933 0.000890 0.035292 0.021996 -0.043478 -0.058630 -0.087609 0.040253 0.006484 0.011054 -0.080331 0.023028 0.050929 -0.011237 -0.054829 0.039470 0.018712 -0.083251 -0.009747 0.001735 -0.030359 
-0.009139 2.618296 -0.026254 0.066327 0.057885 0.000870 -0.067224 0.031967 0.032212 -0.083253 -0.004913 -0.020696 0.041423 0.034853 -0.022617 0.083418 0.021977 -0.017489 -0.037854 -0.031040 0.000828 -0.014845 -0.027059 0.064949 0.002446 0.063905 0.000000 0.034288 -0.001874 0.051146 -0.029422 -0.033076 -0.013216 0.009728 0.026368 -0.056928 0.025511 -0.009245 0.037350 -0.048089 0.020175 -0.028370 0.034669 -0.028016 -0.009000 0.031572 0.002326 0.065055 0.073026 0.000000 0.007169 -0.013853 0.013067 -0.000674 0.070755 -0.081128 0.066151 -0.015388 -0.038041 -0.007302 -0.010302 0.002521 -0.016885 0.021627 0.001283 0.008176 -0.004991 -0.073824 -0.068526 -0.049691 -0.059725 -0.000167 0.000000 0.021841 -0.002901 -0.014064 0.022365 -0.012680 -0.003861 0.001684 0.006391 0.052626 -0.004925 0.027989 0.023047 -0.016633 0.034432 -0.050763 -0.041299 0.008935 -0.053761 -0.072968 0.061151 -0.024039 0.062972 -0.022415 0.050243 0.001216 0.087364 -0.063040 0.007417 0.010893 0.037588 -0.053145 -0.029170 0.037370 -0.003786 -0.023876 0.001258 -0.042006 -0.076105 -0.020706 -0.032768 0.016901 0.037859 -0.014280 0.039853 0.087341 0.012338 -0.006668 0.004697 -0.031757 -0.054288 0.000668 -0.002821 -0.040804 -0.009736 -0.053391 -0.011496 -0.054236 -0.058124 0.069852 0.044262 -0.007458 0.032149 0.045663 0.023083 0.085715 0.002471 -0.060539 0.016501 -0.066974 0.024316 -0.075006 0.061117 -0.061546 -0.015067 0.075332 -0.014580 0.056137 0.004190 -0.058405 -0.006620 0.016443 0.022579 0.015676 -0.029059 0.003845 -0.050939 -0.025765 0.004208 0.019358 -0.023751 0.013421 -0.012837 0.037942 0.010261 -0.020362 -0.057642 -0.034201 0.000000 -0.016948 0.009625 -0.036359 0.086468 0.065341 -0.087009 0.010311 0.045264 -0.003563 0.035153 0.032347 0.086671 0.054287 0.001135 0.001465 -0.044200 -0.002465 0.001973 -0.039073 -0.007950 0.059302 -0.013727 0.033792 -0.047358 -0.015492 
-0.058980 -0.026254 0.013532 0.004157 -0.003315 -0.004452 0.001007 -0.018367 -0.000135 0.054370 -0.055005 0.011831 0.003141 -0.011886 0.002573 -0.002051 -0.001431 -0.048220 0.078974 0.034259 0.000800 -0.000589 -0.019568 0.038172 0.004012 0.001350 0.000958 0.087991 -0.001616 -0.000761 0.002973 0.000000 -0.008032 -0.018432 0.000000 0.083705 -0.012456 0.024575 0.018394 0.011022 0.000000 0.000181 0.029078 0.001873 0.030802 0.000000 0.031791 -0.001167 -0.006871 0.001640 -0.001712 -0.043372 -0.001644 0.000583 0.000951 -0.068040 0.007320 -0.003531 -0.009023 0.006979 0.000000 0.009720 -0.005321 -0.032993 0.000000 0.000666 0.000000 -0.005400 0.004880 0.007581 0.001862 -0.001243 -0.018040 0.050965 -0.002040 -0.055410 -0.012507 0.000948 -0.034934 0.016161 0.000454 -0.002258 -0.008489 -0.008769 -0.001507 -0.005346 0.048659 -0.016723 -0.030464 -0.001702 -0.004309 0.016887 0.000243 0.074147 0.006814 0.012845 0.046591 0.000000 0.031721 -0.010016 -0.000642 0.011449 0.002611 0.049625 -0.005532 0.044163 0.012831 0.001373 -0.015709 -0.000700 0.002692 0.000000 -0.000173 -0.000986 -0.045082 0.031874 -0.018398 0.018262 -0.004222 0.001962 -0.004486 -0.006119 0.006181 -0.002032 -0.005863 0.025198 0.006178 0.002296 -0.002467 0.000926 0.000439 -0.007658 0.021809 0.000689 -0.000322 -0.002829 0.006522 0.002295 0.004697 0.002601 0.005034 0.012740 -0.003693 0.003822 0.009634 -0.010293 0.000923 -0.000826 -0.002062 -0.017901 0.000495 0.000000 0.058468 -0.034785 0.013105 0.023309 0.000000 0.019420 0.019330 -0.003879 0.029758 0.000000 0.001172 -0.023163 -0.039647 0.001526 0.013034 -0.014322 -0.000755 0.003587 0.000000 0.006500 -0.042480 0.003099 0.001267 -0.000489 -0.002688 -0.001660 -0.001819 -0.069346 0.000000 0.006858 0.000159 -0.016302 -0.029518 0.002302 0.019262 0.075935 -0.041631 -0.027367 -0.071277 -0.078152 0.049500 -0.008522 0.000969 -0.077042 
0.005585 0.066327 0.004157 0.087665 0.067783 -0.036424 -0.016525 0.005844 0.026148 -0.037491 -0.062861 -0.043988 0.019786 -0.004448 -0.046518 -0.014172 0.024271 -0.038491 0.057254 -0.030434 -0.050003 -0.010976 0.004007 0.009374 -0.004503 -0.040550 -0.016283 0.000680 -0.000718 0.009985 -0.023562 0.026344 -0.010599 -0.000337 -0.039542 0.001531 0.023066 -0.018782 0.012300 0.024552 -0.000671 0.038758 0.050079 0.026593 -0.011824 -0.011582 0.013831 -0.015891 0.014515 0.024480 0.018947 -0.003507 0.003249 -0.010909 -0.043819 0.012018 -0.057574 0.007996 -0.008284 0.017135 -0.036721 -0.037325 -0.011025 -0.074931 0.056670 -0.053986 0.019137 0.011791 0.027862 -0.053853 -0.042823 -0.001109 0.010175 -0.001392 -0.000823 0.006042 0.020528 -0.013913 -0.082900 -0.034261 0.018051 0.009786 0.061559 -0.073992 -0.005139 -0.002543 -0.051923 0.017057 0.010435 -0.058015 -0.005968 0.013862 0.018136 -0.029523 -0.015603 -0.024218 -0.081728 0.011014 -0.001738 -0.019068 -0.023066 -0.003700 0.061603 -0.001479 0.008535 0.023799 -0.003320 0.046429 0.051309 -0.010635 -0.007020 -0.005100 -0.059976 -0.006427 0.000625 -0.012680 -0.068684 0.080617 -0.001232 -0.039961 -0.013722 0.025787 -0.037460 0.063185 -0.000150 -0.067558 0.025898 0.003845 -0.009405 -0.044791 0.039059 0.002766 0.046474 0.002930 0.022750 0.011424 0.019624 -0.031930 0.002975 0.014789 -0.009371 -0.057138 0.032280 0.001623 0.020701 0.039756 0.018357 -0.021444 -0.055060 0.023797 -0.009832 0.022801 0.004982 0.014645 0.030528 0.031574 0.020710 0.047126 0.006524 0.003907 0.064420 0.001158 -0.007323 -0.057738 -0.066092 0.025778 -0.033024 -0.072816 -0.003038 -0.018807 0.000000 0.000402 -0.083153 0.015377 -0.025756 0.042490 0.029862 0.006675 -0.009892 0.035642 0.005042 -0.007151 -0.007216 -0.053448 0.041177 0.021648 0.086229 -0.016435 -0.018637 0.055883 -0.015669 0.000000 -0.000619 -0.029761 -0.070458 -0.018308 
-0.005347 0.057885 -0.003315 0.067783 1144.048029 0.057667 -0.080316 0.016157 -0.085024 0.006452 0.001170 0.009676 -0.000340 -0.007365 0.015621 0.039074 0.028384 0.000381 0.000000 0.013402 -0.022230 -0.006208 -0.027612 0.002366 0.000000 0.000000 0.000483 -0.000689 0.001298 0.000000 -0.018402 -0.031857 -0.022633 0.016342 0.021839 0.000000 -0.069129 0.025197 -0.023100 0.008186 -0.000666 0.000000 -0.039856 -0.051385 -0.001058 -0.037404 -0.014328 0.067634 -0.001817 -0.001103 -0.027895 -0.039832 -0.001211 -0.001573 0.001751 0.000164 -0.009527 0.020330 0.074717 -0.071148 -0.014401 -0.015663 -0.020216 -0.003128 -0.000417 0.076851 0.011859 0.066016 0.000934 0.000538 0.028347 -0.012877 0.055408 -0.002287 0.002445 -0.006627 0.000000 -0.000137 0.037293 -0.017185 0.003716 0.000000 -0.021802 0.006127 0.000000 0.017359 0.006302 0.011039 0.000626 0.000627 0.087172 -0.000137 0.008369 -0.006999 -0.036222 0.049802 -0.029117 -0.038734 -0.056167 0.036122 0.000449 -0.009310 0.010983 0.042555 0.000000 -0.007055 0.003692 -0.015908 0.026363 0.015917 -0.066809 -0.002615 0.006602 0.000000 -0.026585 0.029758 0.002945 0.008790 0.001100 0.016500 -0.005677 0.032489 -0.027395 0.000859 0.017987 0.000000 -0.070246 -0.084325 -0.019594 -0.017114 -0.004304 0.026541 -0.006348 -0.000117 -0.026280 0.049125 -0.000577 0.017468 -0.077335 0.056584 -0.026795 -0.052667 -0.061517 -0.001843 0.075284 -0.071856 0.066333 0.002925 0.000000 -0.004825 0.044094 0.031937 -0.067907 -0.000472 -0.004808 0.003102 0.001232 0.049688 -0.015426 -0.050084 0.058861 -0.029383 -0.004826 -0.064658 0.036342 0.000000 0.018884 -0.036952 -0.005564 -0.056368 0.000000 -0.028304 -0.002272 0.035650 0.011841 0.000000 0.000325 -0.026270 0.033459 0.000000 0.000000 -0.001939 -0.006995 -0.034688 -0.023716 -0.001312 -0.001365 0.076604 -0.015545 -0.000220 0.001719 -0.021018 0.000740 -0.003349 -0.013871 -0.023885 
-0.012109 0.000870 -0.004452 -0.036424 0.057667 100.685206 -0.064481 0.014241 0.000316 0.046429 -0.039614 -0.046241 -0.007291 -0.037558 -0.080774 0.069306 -0.009143 -0.021939 -0.003537 0.002789 -0.012684 0.074997 0.074293 -0.006224 -0.005011 -0.000917 0.007124 0.041365 0.076245 0.014337 -0.081655 -0.068377 -0.069574 -0.056591 -0.065148 -0.007482 -0.000188 -0.001569 0.010382 0.022177 0.006198 0.056070 -0.078554 -0.022904 0.023983 0.000457 0.057543 -0.029569 0.015428 0.015947 0.000188 0.001260 -0.000220 -0.004237 -0.002017 -0.004519 -0.049634 -0.006016 -0.000374 -0.036450 0.018292 -0.008942 -0.039528 -0.088513 0.002815 -0.035608 0.073746 0.034197 -0.052400 0.000432 -0.023100 0.032276 -0.053901 -0.019858 -0.010698 -0.003687 -0.027793 0.000000 -0.010152 -0.000900 0.059363 0.000352 0.040968 -0.065327 -0.047133 0.045803 -0.020338 0.002765 0.020879 -0.083186 -0.003153 0.017241 0.008158 0.000407 0.058323 -0.001284 0.061234 0.008058 -0.066450 -0.089139 -0.013376 0.009079 -0.049714 -0.019090 0.015697 -0.000518 0.022014 0.021863 0.060276 -0.004859 -0.075202 0.000000 0.009356 0.000254 0.000885 0.011146 0.047210 0.028216 -0.002031 -0.064017 0.060065 0.007210 0.000000 -0.041320 -0.000375 0.000000 0.030395 -0.051772 0.064237 0.007498 -0.001500 -0.001000 -0.032254 0.017809 0.034784 -0.072418 -0.037589 0.016937 0.037328 0.002764 -0.053263 -0.065664 0.024630 0.012841 -0.002770 0.005655 0.081683 -0.021148 0.000000 -0.016827 -0.051150 0.049031 -0.026841 0.014745 -0.000632 -0.024279 0.004524 -0.001583 -0.003383 -0.031501 -0.073824 0.065444 0.006762 -0.003574 0.054608 0.000000 -0.002158 -0.019959 0.071627 -0.018641 0.000000 0.000259 0.034248 0.001117 -0.013628 -0.029956 0.008498 -0.034409 0.000000 -0.015940 -0.064466 0.000000 0.011109 -0.059160 -0.014685 -0.051089 0.019843 -0.004749 -0.004863 -0.007192 0.032219 -0.007755 0.001987 -0.000304 -0.027736 0.030809 
0.082876 -0.067224 0.001007 -0.016525 -0.080316 -0.064481 0.138230 0.017723 -0.018222 -0.007561 -0.012972 0.004557 0.033911 0.020079 0.023923 -0.014875 -0.000851 -0.032847 0.071872 -0.034875 0.003354 -0.052722 -0.029047 0.018858 -0.034629 0.077560 0.021518 0.005666 -0.026306 -0.069871 0.027303 -0.014240 0.000361 -0.022505 0.014075 -0.049414 0.012432 -0.038624 0.027846 -0.068814 0.045950 0.012413 0.019061 -0.026137 -0.023065 -0.046757 -0.041180 -0.005558 0.035881 -0.028059 0.023830 -0.015729 0.021484 0.002289 -0.040118 0.027247 0.021216 -0.025032 0.015483 0.001091 -0.005118 -0.013578 -0.004568 0.004936 0.057938 -0.039050 -0.019120 -0.001556 0.024465 0.008644 -0.039980 -0.016943 0.010436 -0.045916 0.033563 0.011206 0.027985 0.024970 0.051255 0.009901 0.000000 0.083712 0.000000 0.024709 -0.012624 0.047160 0.076005 0.041986 0.068321 -0.084271 -0.051328 -0.078219 0.015448 -0.059170 0.019095 -0.005225 -0.018042 -0.020096 0.011339 0.005249 -0.026075 0.053119 0.024982 0.034070 0.032662 0.020400 -0.013151 -0.022628 0.008111 -0.042565 0.033907 0.011546 0.081074 0.029153 -0.012296 -0.086633 0.052080 0.066985 0.063504 0.061807 0.012040 -0.000696 0.016620 -0.035072 -0.030980 -0.034141 -0.013987 0.015336 0.038803 0.000141 -0.029236 -0.081878 0.000000 -0.013455 0.009789 0.016273 -0.008250 -0.037240 0.000280 0.002752 -0.008952 0.003750 0.005445 -0.007239 0.002388 -0.005644 0.017296 -0.000882 0.053813 0.084645 0.022179 -0.044089 0.024061 -0.004792 -0.079768 -0.007772 0.001282 0.057732 -0.014867 0.007494 0.007687 -0.082128 0.039664 -0.071606 0.041345 0.030299 0.000202 -0.086112 0.006915 0.036192 0.000000 0.005750 -0.010543 -0.037743 -0.001524 -0.002961 -0.042144 0.020267 -0.002629 0.081077 -0.008701 0.000000 -0.000432 0.028861 0.035848 -0.075343 0.011942 0.003961 0.000276 -0.029036 -0.010847 0.000000 -0.033830 0.000000 0.003505 0.033081 
0.001058 0.031967 -0.018367 0.005844 0.016157 0.014241 0.017723 3.827658 0.001013 0.014265 0.000000 -0.045033 0.007169 0.001912 -0.053133 -0.001873 0.061615 0.014084 0.003066 0.036809 0.000722 0.000798 0.058932 0.077320 0.084405 -0.000635 0.052355 -0.025260 0.077353 0.007216 -0.006313 -0.085512 0.005122 -0.022235 0.000501 -0.013842 -0.050499 -0.072441 0.020534 0.053002 -0.030556 -0.026573 0.057414 0.038881 0.023952 -0.002315 0.072298 -0.037800 0.032783 -0.002849 -0.023897 0.079265 0.001005 -0.070220 0.046166 -0.000521 0.000000 -0.015665 0.007800 0.088421 -0.019201 -0.005597 0.033681 0.056532 -0.036201 -0.024086 0.001723 -0.002833 -0.036232 -0.081238 -0.015854 0.031092 0.003575 0.063107 0.029226 0.074813 -0.041298 0.021297 -0.002189 -0.071761 -0.060443 -0.076136 -0.021942 0.061555 0.001784 -0.086801 0.001277 0.065265 0.010316 -0.005511 -0.024163 -0.026397 -0.002066 0.049445 -0.040042 0.012334 -0.042596 -0.009416 0.047531 0.002863 0.014987 -0.010205 0.047180 0.006900 -0.070470 0.071844 -0.005059 0.079842 0.081283 -0.001200 -0.086685 -0.047556 0.009141 -0.006997 0.006811 -0.034119 -0.040009 0.041341 0.022992 -0.067753 0.030860 0.016076 0.075510 -0.072724 0.016777 -0.028977 -0.020213 0.078870 0.001836 0.008585 -0.014098 -0.003583 -0.053360 -0.014994 0.018821 -0.021151 -0.022434 -0.003586 0.037530 -0.016070 0.012372 0.055510 0.025074 -0.046810 -0.001879 -0.001662 -0.089281 0.012945 -0.018905 0.056680 0.004896 0.011703 0.025704 0.006543 0.027469 0.000374 0.024732 -0.012301 -0.048675 -0.071562 0.008807 0.003008 -0.004383 -0.048840 0.015389 0.000779 0.072841 0.006563 -0.001208 -0.003261 0.000000 0.022418 -0.082471 -0.063512 0.009901 0.004419 -0.022846 -0.009111 0.089377 0.007589 -0.057580 -0.041651 -0.023638 -0.001795 -0.020133 0.017891 0.052565 0.077323 -0.005246 0.011065 0.007903 0.041381 -0.026795 0.016319 -0.011323 0.043403 
-0.002921 0.032212 -0.000135 0.026148 -0.085024 0.000316 -0.018222 0.001013 8793.913401 0.000348 0.057224 0.001093 0.000551 0.010359 0.042747 0.016281 0.000000 0.000000 -0.000860 0.082750 -0.003099 0.013352 0.043871 0.036805 0.010591 -0.008481 -0.000543 -0.000422 0.069924 0.002054 -0.087912 -0.002807 0.037911 0.040950 -0.028206 0.000253 0.013612 0.000208 0.008116 -0.057509 0.010616 0.003781 0.017642 -0.042543 0.008711 0.017286 -0.010187 0.080151 0.009050 0.000000 0.026000 -0.046311 0.000000 0.060902 0.000229 0.000338 -0.052231 0.009438 -0.017670 0.063391 -0.004411 -0.054390 0.006375 -0.001504 -0.060619 -0.000104 0.046070 0.065634 0.011935 0.019722 0.021328 -0.086655 0.011588 0.005324 -0.031003 0.002529 0.000000 0.045543 0.000934 -0.004516 0.078098 -0.000398 0.030696 -0.075321 -0.060001 -0.001483 0.050410 0.000000 0.077317 -0.000912 0.000350 -0.003269 -0.049934 -0.016738 -0.010269 -0.021657 0.027971 -0.001723 -0.000328 -0.021191 -0.044168 -0.035652 0.008719 -0.055256 -0.011124 0.027170 0.000000 0.057428 0.040341 -0.000877 0.001243 0.006852 0.000000 0.001212 -0.000278 0.004606 0.004497 0.082992 -0.003331 0.001487 0.000000 -0.023611 -0.015842 0.002102 0.000525 0.049872 -0.031312 -0.002240 0.000710 -0.035254 -0.070621 -0.032569 0.000119 -0.035460 -0.012094 -0.009831 0.055987 -0.008591 -0.057402 0.000000 -0.016975 0.015783 0.044672 -0.020996 -0.001033 0.044998 0.077843 -0.000297 0.000791 -0.001266 -0.043446 0.019965 0.010013 -0.012276 -0.079421 0.023327 0.042480 -0.025041 -0.045246 -0.020460 0.032782 -0.067889 0.086244 0.025225 0.016359 -0.075128 0.000000 0.013792 -0.012451 -0.079391 0.000000 -0.055284 -0.003140 -0.087497 -0.019804 0.000000 -0.006524 -0.046257 -0.021437 0.000000 -0.003625 0.000000 -0.033865 -0.081264 0.002094 0.000000 -0.024319 0.011618 -0.000499 0.002301 -0.000688 0.049027 -0.001697 0.000000 0.000251 -0.048566 
0.003208 -0.083253 0.054370 -0.037491 0.006452 0.046429 -0.007561 0.014265 0.000348 57.766561 0.018925 0.022056 0.000118 0.011418 0.080401 0.004492 0.002102 0.000000 0.010977 0.065640 0.005191 0.050507 -0.002204 -0.048136 -0.012824 0.018962 0.071878 -0.035853 0.026619 0.003097 0.016875 0.007090 0.013932 -0.006064 -0.006438 0.014253 -0.012734 -0.003533 -0.022350 -0.080018 -0.057497 -0.000835 0.027012 0.008336 0.000000 0.000111 -0.065371 0.029852 0.040941 0.000555 -0.000546 0.072017 -0.030993 -0.006935 0.002682 -0.015368 0.004106 0.000966 -0.073952 -0.011537 -0.001011 0.000000 0.000153 -0.024689 0.003047 0.007310 -0.026581 -0.047114 -0.004625 -0.004926 -0.007901 -0.060123 -0.003199 0.015472 0.004509 0.013042 0.084596 0.088737 0.009076 -0.080151 0.014536 -0.000279 -0.015484 0.070583 -0.056473 0.000133 -0.002066 0.079927 0.083639 -0.045699 0.000877 0.046114 0.057777 0.084694 -0.005770 -0.000984 -0.048687 0.000917 -0.033730 -0.049379 0.000000 -0.082734 -0.032415 0.085393 0.016039 -0.081678 0.017875 -0.021593 0.000834 -0.011491 -0.067910 0.000000 -0.006443 0.054640 -0.010773 -0.047378 0.076478 0.023549 0.029087 0.004612 -0.014448 -0.003968 0.053702 0.027758 0.001151 0.086860 -0.010885 0.036019 0.001808 0.035723 0.036869 0.001270 0.061848 0.007898 0.000000 -0.062408 -0.003323 -0.006254 0.044453 0.014442 -0.072421 -0.020397 0.003598 -0.039232 0.003175 -0.065942 0.027471 -0.000469 -0.003931 0.064655 0.080898 0.088933 -0.011916 0.000231 0.055144 0.046792 -0.000802 0.009198 -0.015433 -0.024043 -0.024350 -0.010701 -0.031460 -0.002934 -0.016235 0.000338 -0.000405 -0.011567 -0.011152 0.028931 0.000000 -0.004971 0.000000 0.077987 -0.006082 0.028412 0.000482 0.015329 -0.026065 -0.005680 -0.016615 -0.000164 0.058687 0.027671 0.027622 0.008965 -0.064985 0.000405 0.029971 0.000000 -0.002859 -0.013356 -0.001603 0.002667 0.084416 0.013444 
-0.038717 -0.004913 -0.055005 -0.062861 0.001170 -0.039614 -0.012972 0.000000 0.057224 0.018925 15.853349 -0.089488 0.001083 -0.010397 0.030080 0.007607 -0.029688 0.002273 0.000549 0.013429 0.000000 -0.002724 -0.031603 -0.005091 -0.004595 -0.079544 0.041385 0.009126 -0.009686 -0.084912 -0.031246 -0.000849 0.009178 0.020025 -0.038510 -0.004384 0.000000 -0.009425 -0.000232 0.000709 0.032559 0.062119 0.087653 0.041018 -0.026956 0.000140 -0.056115 -0.002006 0.025598 -0.083339 -0.004518 -0.003132 -0.008525 -0.008826 0.010266 0.040037 0.006948 -0.017756 -0.037449 0.003175 -0.082238 0.045915 -0.018225 -0.004813 -0.004548 0.008572 -0.010274 -0.003510 0.002094 0.033595 -0.043600 0.015093 -0.003461 -0.002868 0.002139 0.002419 0.022776 0.007969 0.084789 -0.046401 -0.051655 -0.001610 -0.032041 0.047260 0.007688 -0.088291 0.010928 0.013028 0.006117 -0.002399 -0.002585 0.000000 0.004895 0.033531 -0.000820 0.022179 -0.009540 0.001442 0.001775 -0.003573 0.055195 -0.005013 -0.031757 -0.002017 -0.047707 0.003014 0.014892 -0.028585 -0.066037 -0.002271 0.004415 -0.075419 0.049748 0.021465 -0.002599 -0.002113 -0.015444 0.087133 -0.002150 0.051803 0.064033 0.041290 0.002524 0.065046 -0.046170 0.058725 0.007693 -0.001036 -0.054958 0.000629 -0.008613 0.053606 0.087257 -0.034320 -0.055291 -0.028143 0.008333 0.046093 -0.083963 -0.000415 0.078033 0.059628 0.051625 0.000000 0.000644 -0.028797 -0.050896 -0.051811 -0.025772 0.011545 0.032678 -0.005048 -0.059211 0.010616 0.034520 0.017318 0.007007 0.057252 -0.002187 0.076591 -0.007100 -0.059846 0.002641 -0.077201 0.019023 0.085729 -0.005993 0.040137 0.022138 0.054117 0.000000 -0.003905 0.088564 -0.044096 -0.036730 -0.072177 0.034263 0.024206 -0.036758 -0.013240 0.001245 0.013664 0.056403 0.014280 -0.027030 0.001128 -0.044539 0.076212 0.032733 -0.000184 0.054925 -0.082740 0.000720 0.039856 0.003022 0.082247 
0.006514 -0.020696 0.011831 -0.043988 0.009676 -0.046241 0.004557 -0.045033 0.001093 0.022056 -0.089488 7.465265 -0.003399 0.045029 -0.054238 0.026384 0.013676 -0.085521 -0.012594 0.047198 0.036305 0.036794 -0.006308 0.045052 0.005093 -0.008067 0.019611 0.010604 -0.044674 -0.051742 0.004400 -0.019188 0.032490 -0.014241 0.020149 -0.058189 -0.042834 -0.029894 -0.087504 -0.060206 0.024840 0.030647 -0.014832 0.063249 0.006998 0.006612 0.072421 0.030145 0.008386 -0.009796 -0.015655 -0.009498 -0.001793 0.061674 0.078776 0.074265 0.001159 0.051893 0.012062 0.050183 -0.003135 -0.001027 0.069941 -0.014548 -0.003116 -0.018796 0.085800 -0.028194 -0.041380 -0.001484 -0.030176 -0.023176 0.006291 -0.068957 -0.027968 0.003639 -0.059082 0.046390 -0.057281 0.032858 -0.021906 0.024418 0.036713 0.033164 -0.004768 0.000663 0.085103 -0.001096 0.081301 -0.052653 -0.012205 -0.025760 -0.061478 -0.071386 -0.003783 0.010062 -0.003425 -0.002178 0.068992 -0.082218 0.034343 0.006655 0.016800 -0.040070 0.000705 0.017208 -0.008533 -0.055728 -0.010605 -0.067961 -0.001085 -0.003522 0.000000 -0.005728 -0.047638 -0.086373 0.005462 0.017715 0.089412 -0.007014 -0.005997 -0.041698 0.015065 0.039070 -0.012815 -0.082585 0.025026 -0.049524 -0.042936 0.015163 0.085986 -0.081083 -0.002491 -0.040758 0.073821 0.008734 0.023249 -0.018866 0.011660 0.014304 -0.043233 0.077726 -0.038943 -0.059343 -0.003548 0.025543 0.078953 0.056209 -0.026359 -0.072999 -0.038427 -0.077813 0.066044 0.001329 0.068191 -0.007766 0.000381 0.056046 0.047702 0.043389 -0.041626 0.001100 -0.043091 0.020165 0.069283 0.009673 0.053269 0.040472 0.026414 -0.000504 0.000000 -0.022685 -0.008963 0.009044 0.073196 -0.036734 0.003312 -0.048443 -0.008573 0.004979 -0.004857 -0.065167 -0.000751 0.034843 -0.059487 0.034530 -0.000923 -0.000487 -0.002688 0.020243 -0.025621 -0.051655 0.069518 -0.011341 -0.003389 0.070950 
-0.010792 0.041423 0.003141 0.019786 -0.000340 -0.007291 0.033911 0.007169 0.000551 0.000118 0.001083 -0.003399 630.428537 0.005409 -0.001039 0.002344 0.063757 -0.004804 0.005176 0.021399 0.000000 0.000000 0.007340 0.023994 0.007629 0.000152 0.085708 -0.069846 0.006695 0.001332 -0.029302 -0.089195 0.000000 0.014331 0.046992 0.000000 -0.008126 0.003815 0.004206 0.013723 -0.001784 0.000000 -0.067981 -0.030987 -0.000730 0.000430 -0.023917 -0.026850 -0.015646 -0.037271 0.003228 0.001416 0.000000 0.000000 0.000325 0.024974 -0.023709 0.000000 0.055475 -0.020182 0.058364 -0.012289 0.022139 -0.057451 0.020549 0.014122 0.068402 -0.024181 0.001467 0.000000 0.026191 0.008173 -0.001799 0.002831 0.044702 0.044316 -0.000245 0.014589 -0.006056 0.040241 0.000000 0.000000 -0.005938 -0.066692 0.011715 0.000000 0.001130 -0.044678 -0.002133 0.003009 0.003538 0.046945 0.002823 0.001773 -0.039162 0.027375 0.015340 -0.030426 -0.064224 -0.021780 0.000000 -0.000627 0.020199 0.001449 0.000311 -0.001163 -0.050839 -0.010959 0.003205 0.007820 -0.021825 0.000000 -0.058962 0.000000 -0.000862 -0.055709 0.029823 0.011257 0.032250 -0.038518 -0.003183 0.018365 0.000000 0.048963 -0.000683 -0.044563 -0.024029 0.032476 -0.009999 -0.010956 -0.000769 0.048701 -0.027241 0.001477 -0.001082 0.076591 0.010996 0.004350 0.004635 -0.013106 -0.044329 -0.007994 0.000155 -0.039954 0.000000 0.038510 0.043433 0.000934 -0.021805 -0.009533 0.008642 0.036894 -0.021071 -0.000546 -0.033818 0.067801 0.048152 -0.001180 -0.002601 -0.053791 0.029689 0.009887 -0.021280 -0.008019 0.034608 0.015919 -0.075839 -0.011011 0.002806 0.000000 0.000000 0.001228 -0.068105 -0.030476 0.005946 -0.031498 0.000000 -0.030954 0.073385 0.000000 0.070826 -0.012585 -0.020957 -0.008675 -0.024728 -0.000452 -0.022740 0.053961 0.049406 0.000000 -0.041452 0.000370 0.000000 0.008569 -0.078104 -0.015099 
0.002995 0.034853 -0.011886 -0.004448 -0.007365 -0.037558 0.020079 0.001912 0.010359 0.011418 -0.010397 0.045029 0.005409 10.742516 0.010689 0.019068 0.005587 0.012851 0.068972 0.065984 0.001335 -0.043468 0.011037 -0.088127 -0.046429 -0.042747 -0.047346 -0.004053 0.000825 0.027169 -0.061333 -0.000380 0.039069 0.006294 0.006714 0.073758 0.003967 -0.013043 -0.017057 0.037406 -0.002066 0.063858 -0.060886 0.070907 -0.022135 0.075475 0.054982 -0.005072 0.000384 -0.005006 0.042072 0.006750 0.002448 0.003058 0.003102 -0.023428 0.008742 0.000950 0.003142 0.042471 -0.083057 0.024877 -0.010973 -0.082793 -0.011667 0.062871 -0.006059 -0.041044 0.028510 -0.063320 -0.044230 0.000133 0.045282 0.064322 0.013471 0.088228 -0.017549 -0.004206 0.018140 -0.068699 0.001153 -0.013867 0.052376 0.004024 0.000820 -0.032328 -0.026049 0.009210 -0.003139 0.053351 -0.019887 -0.000318 -0.059153 0.026264 0.017445 0.061394 0.024449 -0.005203 -0.083337 0.033792 0.007578 0.013694 0.013073 0.036121 0.009527 -0.002263 0.007518 0.032207 -0.002263 0.049827 -0.000384 -0.047026 -0.009890 0.029568 -0.000609 0.055243 0.026044 0.072127 -0.000910 -0.044812 -0.007181 0.000000 0.043636 -0.000472 -0.085949 0.010556 -0.007410 -0.071966 -0.013009 -0.012783 0.000000 -0.011331 -0.063859 -0.007043 0.030899 -0.034977 -0.030406 -0.075155 0.066560 0.016097 -0.005354 0.049080 0.048493 0.008798 -0.037050 -0.029738 0.000507 0.035214 0.007178 0.005844 0.041257 -0.000324 -0.033990 -0.029639 0.048972 -0.000463 0.003765 0.071028 -0.004122 0.073064 -0.060012 -0.032546 -0.049455 0.002480 -0.025863 -0.000922 -0.011352 -0.006880 0.006610 0.078737 0.000000 0.003079 -0.024117 0.000357 -0.041933 0.046827 0.057409 -0.084613 0.008573 0.011822 0.082676 -0.058465 -0.034522 0.052658 0.018625 -0.011546 0.039808 0.044066 0.020474 0.001937 -0.088681 0.087638 -0.044017 0.000673 0.060042 0.005699 
-0.061157 -0.022617 0.002573 -0.046518 0.015621 -0.080774 0.023923 -0.053133 0.042747 0.080401 0.030080 -0.054238 -0.001039 0.010689 3.529254 -0.044085 0.070364 -0.049005 0.083599 0.046488 0.069331 -0.036048 0.039107 -0.003444 0.019643 0.000000 0.041033 -0.030228 -0.013821 -0.029727 -0.020967 -0.050072 0.007190 0.006688 0.001565 -0.002737 -0.023240 -0.002211 0.005813 0.020685 0.004804 -0.033796 -0.020690 -0.079072 -0.040822 -0.023097 -0.029257 0.049670 0.036978 0.042038 0.014409 -0.012558 0.030451 -0.008271 0.009982 0.010594 -0.004363 0.006444 0.047299 -0.032119 -0.008136 0.046624 0.016155 -0.048917 0.005189 -0.019053 0.020925 -0.061750 -0.017994 0.001227 -0.031822 -0.024751 0.003496 0.033535 0.085440 -0.046061 0.003301 -0.009725 -0.010041 -0.043545 0.021070 0.004364 -0.019405 -0.011691 -0.021920 -0.007032 0.005596 0.003663 -0.044089 0.008721 -0.013968 0.052011 -0.010661 0.077884 -0.014408 -0.041154 -0.007107 -0.002469 -0.038600 -0.021468 0.055017 0.002415 0.007438 0.019546 -0.058320 -0.065244 -0.000400 -0.045188 -0.006019 -0.025918 0.018673 0.023250 0.038880 -0.007440 0.053041 0.000877 -0.000453 0.003737 -0.057411 0.007884 -0.067895 0.012708 -0.010662 0.045470 0.075285 0.006895 -0.032735 -0.018720 -0.001155 -0.036241 0.008530 0.022740 -0.005356 0.024000 -0.028208 -0.004591 0.049692 0.009718 0.002105 -0.018850 -0.064591 0.030048 0.003309 -0.001319 0.010349 -0.009867 -0.083756 0.005372 -0.007230 0.023214 0.021171 -0.017310 0.001012 -0.005716 0.018265 0.041652 -0.033556 -0.001100 0.010847 0.017038 0.030939 -0.006666 0.000247 0.007888 0.012856 -0.017320 0.024700 -0.010926 -0.002767 -0.003283 0.000000 0.073151 -0.069955 0.051436 0.007997 -0.038781 0.064508 0.000000 -0.042290 -0.027633 -0.056417 0.028200 -0.042618 0.019622 0.005751 0.001365 -0.034992 0.007821 0.081309 -0.016198 0.029080 0.070385 -0.001555 -0.013680 0.001063 0.012887 
-0.021573 0.083418 -0.002051 -0.014172 0.039074 0.069306 -0.014875 -0.001873 0.016281 0.004492 0.007607 0.026384 0.002344 0.019068 -0.044085 0.203942 -0.032197 -0.064385 0.037422 0.005640 0.000000 -0.042704 0.047659 0.007520 0.003051 -0.053373 0.064361 -0.010437 0.069266 0.064427 -0.029277 -0.030317 -0.081665 -0.016933 0.046714 0.000000 -0.043623 0.048002 -0.001402 0.064315 -0.061250 0.016857 0.020875 0.059609 -0.005092 0.039521 -0.075303 0.053533 -0.006164 -0.009896 0.001896 -0.003027 -0.075833 -0.017173 0.015837 -0.004528 -0.045753 0.034489 0.054144 -0.072421 0.037195 -0.071207 0.058760 -0.044827 -0.074834 0.083911 0.065116 -0.011852 -0.000298 -0.069574 0.052335 -0.042278 -0.004516 -0.044813 -0.023726 0.015557 -0.003239 0.035529 -0.035703 0.022254 -0.046093 0.053837 0.017330 -0.048394 0.051064 -0.075180 -0.080441 -0.003108 0.000000 -0.003931 0.011436 0.017745 -0.001962 0.000000 -0.053177 0.000000 0.009259 -0.086804 -0.034203 -0.074588 -0.042174 -0.068923 -0.008781 0.035515 0.031882 -0.012871 0.083747 -0.082767 0.000000 0.028826 0.023717 0.006040 0.015387 0.058448 -0.030092 -0.008944 -0.002918 0.055328 -0.005536 -0.050154 0.069844 0.016393 -0.048472 -0.007735 0.014586 0.000414 -0.067377 -0.015874 -0.077034 0.000000 -0.051447 0.008105 0.012689 0.041791 -0.001092 0.020863 -0.035795 -0.028405 -0.025301 0.008318 0.002250 -0.007444 -0.002825 -0.001082 -0.000635 -0.005290 -0.006192 -0.000352 0.001784 -0.060539 0.007331 -0.000219 0.038397 -0.003477 -0.041438 0.011437 0.004195 0.014069 0.060670 -0.054491 -0.044346 0.006821 0.015843 0.016743 0.068851 -0.020883 -0.064922 0.045172 0.028126 -0.002749 0.000000 -0.016231 -0.049238 -0.011296 -0.004456 -0.036421 -0.028702 -0.015155 0.007715 -0.071350 0.062827 -0.006026 0.049112 -0.022671 -0.039677 0.048871 -0.042977 0.007217 -0.003414 -0.021639 -0.006025 0.031018 -0.020845 0.048040 -0.088801 -0.019226 
-0.028191 0.021977 -0.001431 0.024271 0.028384 -0.009143 -0.000851 0.061615 0.000000 0.002102 -0.029688 0.013676 0.063757 0.005587 0.070364 -0.032197 4690.812669 0.002729 -0.008394 0.027452 -0.014912 -0.030324 0.009309 -0.016324 0.000000 0.000000 -0.001704 -0.022559 -0.002020 0.072636 -0.023456 0.031800 0.000000 0.052244 -0.053948 -0.046556 0.000000 0.053002 0.009855 -0.035095 0.003361 0.040714 -0.046286 0.013957 0.000000 0.000000 -0.036760 0.052675 0.013243 0.041335 0.004707 -0.016826 0.000000 0.000000 -0.069410 0.009412 0.003564 0.000000 -0.076074 0.039065 0.004990 0.004475 0.069267 -0.000184 0.015283 -0.000378 0.000794 -0.011969 -0.013277 0.000000 -0.028737 -0.087783 -0.020893 -0.007062 0.006474 0.000000 -0.015049 0.000000 0.084262 -0.055380 -0.000151 0.003350 0.036976 0.069141 -0.036107 -0.011761 0.010560 0.076569 0.000000 0.005653 -0.008594 0.001016 0.000716 -0.035376 0.024851 -0.062745 -0.074798 -0.047596 -0.043285 0.012736 0.059418 0.030859 0.000267 0.000000 -0.006345 -0.059075 -0.034499 0.037074 0.087952 -0.004021 -0.007143 -0.005032 -0.011228 0.044891 -0.003500 0.028997 -0.021981 -0.034896 0.073269 -0.047989 0.030687 -0.061582 0.010950 -0.048825 0.000699 -0.015261 0.013267 0.005340 0.000000 0.020640 0.001115 -0.040949 -0.037988 0.006082 0.018331 -0.018800 -0.034323 -0.017442 0.013963 -0.034639 -0.035894 -0.043644 -0.005075 -0.026051 0.084120 0.047196 0.049626 0.082827 0.033655 0.081790 -0.015174 0.015347 0.050349 0.001286 -0.022184 -0.017444 -0.002559 -0.002905 -0.005928 0.048785 0.034992 0.052286 0.087086 -0.027840 -0.008490 -0.000982 -0.009727 0.017708 -0.004591 0.052741 0.000000 0.072562 -0.001888 -0.010094 -0.005039 0.004205 0.000000 0.024548 0.006798 -0.036760 0.000000 -0.004078 0.040337 -0.043269 0.025526 0.000000 -0.026467 0.030803 -0.000356 0.000288 0.000520 -0.012572 0.017746 0.000000 -0.000702 -0.037995 
-0.088461 -0.017489 -0.048220 -0.038491 0.000381 -0.021939 -0.032847 0.014084 0.000000 0.000000 0.002273 -0.085521 -0.004804 0.012851 -0.049005 -0.064385 0.002729 380.143244 -0.000855 0.073621 -0.000648 0.000276 -0.049386 -0.032584 0.011316 -0.071512 -0.011649 -0.010294 -0.000967 0.005627 0.013135 0.000000 0.000000 -0.000433 0.027520 0.000000 0.000000 -0.078763 0.027030 0.026677 0.015629 0.000000 0.013362 -0.028920 0.002222 -0.043472 0.011881 -0.005636 -0.074692 0.000592 -0.015903 -0.002463 0.000000 0.000000 0.069109 0.000000 0.004580 0.001356 0.008396 -0.018381 -0.026036 0.000000 0.077177 0.002045 -0.001269 0.009769 -0.014256 0.048787 0.021637 0.032818 0.009108 0.015805 0.001009 0.059139 0.018843 0.002362 -0.015243 0.000490 -0.079829 -0.001197 0.020310 -0.046493 0.022310 -0.064510 0.020349 0.000000 0.000264 0.050554 0.000000 0.007242 -0.002941 -0.002193 -0.000516 0.000797 -0.001399 0.017774 0.000000 0.053975 -0.006750 0.042072 0.002316 0.042833 -0.004546 0.062985 -0.017618 0.000173 -0.082031 0.018777 -0.012542 -0.008117 0.019125 -0.007028 -0.000238 0.000000 0.019846 -0.031328 -0.006399 -0.030503 -0.035105 0.019682 -0.010544 0.021242 0.056220 -0.070710 0.000000 -0.002001 0.062983 -0.034551 -0.002989 0.000000 -0.037173 0.013849 -0.010733 0.068313 -0.049369 -0.003673 0.057698 -0.000380 -0.019539 -0.007057 0.024029 0.033703 0.008036 -0.002680 -0.075448 0.017481 0.050482 -0.057874 0.000000 0.057950 -0.012704 0.002154 -0.013272 -0.000906 0.014772 0.011965 0.000557 -0.018838 -0.033236 0.072229 -0.025772 0.080331 0.009395 0.075197 -0.001504 0.000000 -0.006979 0.059762 0.044067 0.020805 0.000000 0.027498 -0.000191 0.077745 0.018690 -0.032021 -0.013151 -0.012329 0.043854 0.000000 0.013429 0.052768 0.040787 -0.006538 -0.074945 -0.000474 -0.070582 0.020356 -0.000536 0.020838 0.003375 -0.072038 0.000000 -0.003192 0.010303 0.003922 
-0.002721 -0.037854 0.078974 0.057254 0.000000 -0.003537 0.071872 0.003066 -0.000860 0.010977 0.000549 -0.012594 0.005176 0.068972 0.083599 0.037422 -0.008394 -0.000855 21.950377 0.078145 0.071417 -0.088585 -0.016114 -0.000268 -0.025225 -0.007352 -0.009535 0.003086 0.036681 -0.001263 -0.000794 0.003012 -0.077437 -0.015834 -0.027950 -0.000698 -0.020265 -0.016760 -0.023928 -0.052547 -0.001265 -0.002556 0.072746 -0.007055 0.020968 -0.016266 -0.034130 0.053334 0.000393 0.000000 -0.047047 -0.034756 0.000435 0.011621 0.008562 0.023988 -0.000943 0.008793 -0.008656 0.021894 -0.009987 0.000000 0.021876 0.015047 -0.066250 0.021631 -0.014450 0.003461 -0.006683 -0.000241 -0.032118 -0.034494 0.000323 -0.007140 0.001557 -0.031547 0.000559 0.001136 0.049695 -0.006668 -0.013574 -0.081548 0.002755 -0.008037 -0.000154 -0.004062 -0.008823 -0.031141 0.009480 -0.023327 0.018151 0.008864 0.009353 0.043128 -0.016857 -0.009810 -0.005154 -0.000519 -0.039393 -0.000515 -0.055173 0.040058 -0.050777 -0.080865 -0.002548 -0.000460 -0.020524 -0.056035 0.019380 0.070763 0.073832 -0.034830 0.009689 -0.005532 0.025929 0.005041 0.017911 -0.014411 0.005266 -0.066809 0.005025 -0.004767 -0.016008 -0.013672 0.082221 -0.009100 -0.046083 0.022642 0.028015 0.026744 0.012015 -0.004744 0.018033 -0.040751 0.001332 -0.012851 -0.053710 -0.063108 -0.021204 0.013543 -0.023571 -0.073738 0.017131 -0.004092 0.045352 0.055556 0.003962 -0.018550 -0.025991 0.010161 -0.018110 -0.082830 -0.001805 -0.001931 0.050437 -0.044244 0.004835 -0.037294 0.038165 0.018359 0.028276 0.000000 -0.077752 -0.029017 -0.002550 0.064259 0.013990 0.031734 -0.037975 0.005047 0.000000 0.001946 -0.036615 -0.056129 -0.015337 0.054035 0.000000 0.029833 0.043224 -0.000146 0.000183 0.007031 0.008603 -0.006765 -0.046853 -0.046239 -0.002919 0.035769 0.000127 -0.011552 0.003364 0.000679 0.001718 -0.005842 0.004175 0.015934 
-0.036065 -0.031040 0.034259 -0.030434 0.013402 0.002789 -0.034875 0.036809 0.082750 0.065640 0.013429 0.047198 0.021399 0.065984 0.046488 0.005640 0.027452 0.073621 0.078145 45.183534 0.031153 0.063758 0.076899 -0.009108 -0.061901 0.041565 -0.004725 0.000898 -0.041643 -0.071524 -0.080813 -0.043989 0.019873 -0.024201 0.045321 0.075360 -0.000164 0.089140 0.007030 0.065788 -0.008264 -0.000104 -0.009231 -0.057113 0.054999 -0.000914 -0.049598 -0.001120 -0.014441 -0.025201 0.044495 0.001679 0.000522 0.005538 0.029473 -0.046371 0.000593 0.013219 0.021234 0.003909 -0.004240 0.035409 0.036600 0.041083 0.000692 0.005447 0.009589 0.000582 0.000111 -0.002705 0.062151 -0.018900 0.038774 -0.019462 -0.054815 -0.018813 0.019913 0.009701 -0.006099 -0.006468 0.024270 -0.004848 -0.010185 0.000000 -0.018521 0.036143 0.018095 0.016541 -0.012301 -0.034564 0.000136 0.024838 0.000000 -0.001172 0.001230 0.065386 0.070989 0.083520 -0.044679 0.005789 0.028530 0.052042 0.000696 0.082380 0.025595 0.036278 -0.029249 0.014589 0.026032 0.001656 0.001123 -0.003939 0.000000 0.043589 -0.049242 -0.057991 0.008991 0.015837 -0.013861 -0.012509 -0.083845 0.082473 0.001780 -0.053777 -0.000651 0.012290 0.029456 0.000000 0.053828 -0.073113 -0.006235 -0.040452 -0.009935 -0.001766 -0.053451 0.053777 0.082031 -0.029308 0.041823 -0.013313 0.000683 0.009517 -0.011937 -0.000116 0.043727 -0.052710 -0.009323 0.000000 0.000000 -0.001454 -0.020549 -0.013766 -0.044831 0.000202 -0.004811 -0.049552 -0.014396 -0.040834 -0.054178 -0.049209 0.023847 -0.001149 -0.058387 -0.021288 -0.007518 -0.064889 0.081571 -0.009383 0.011087 -0.031719 0.000000 -0.002421 -0.046245 -0.000556 -0.065123 -0.051366 -0.010748 -0.047155 0.015248 -0.008161 -0.076064 0.037985 -0.041770 0.026180 -0.045113 0.059842 0.026449 0.023872 -0.089174 -0.030721 -0.049848 0.020203 -0.022665 0.000946 -0.015421 0.076713 
0.012285 0.000828 0.000800 -0.050003 -0.022230 -0.012684 0.003354 0.000722 -0.003099 0.005191 0.000000 0.036305 0.000000 0.001335 0.069331 0.000000 -0.014912 -0.000648 0.071417 0.031153 3727.722102 -0.029521 0.001728 0.021322 -0.086671 -0.034529 -0.060735 0.012493 -0.001872 0.000000 0.049938 -0.078431 0.000000 0.010065 -0.002372 0.033064 -0.005218 -0.001434 0.005978 0.001805 -0.039577 0.048765 -0.045521 0.032665 -0.072961 -0.005432 -0.001580 -0.066828 0.000949 0.000000 0.033565 0.021354 0.010978 0.002641 -0.005773 -0.015035 -0.013485 -0.005857 0.007448 0.008663 -0.086317 0.085757 -0.032365 -0.002874 -0.005527 0.011184 0.008589 0.034809 0.000000 0.017599 0.005933 0.000680 0.005186 0.052196 0.001061 -0.013398 -0.006399 0.000921 0.086818 0.000000 0.020056 -0.076361 0.029284 0.017891 0.003625 0.018543 0.002048 0.009196 -0.000313 -0.000797 0.013605 0.076803 0.000000 0.005633 -0.018527 0.088418 0.070507 -0.004112 -0.008033 0.021849 -0.004914 -0.081307 0.050474 -0.053006 -0.003044 0.029896 0.003631 0.062887 -0.007802 0.000000 -0.008437 -0.002372 0.011514 -0.079330 0.009752 0.081313 -0.004736 0.016196 0.026369 0.019445 -0.031583 0.022486 0.053130 0.039923 -0.017595 0.000972 0.019303 -0.007164 -0.000410 0.000000 0.000341 -0.009260 0.062034 -0.008945 -0.037641 0.047263 -0.025044 -0.018441 -0.008758 -0.030303 -0.088229 0.078054 0.051667 -0.016506 -0.004056 0.007201 -0.055309 0.000000 0.000000 0.000534 0.010731 -0.009240 0.009672 -0.000675 0.058676 0.000000 -0.001514 0.004224 -0.068607 0.066182 0.064146 0.001993 0.063380 0.012673 -0.004497 0.000000 0.000000 0.048652 -0.063188 -0.020459 0.000000 0.005164 -0.087033 0.008017 0.027973 -0.034500 -0.003778 -0.001821 0.002089 0.000000 0.001723 0.008313 0.059712 0.009726 0.002440 0.001249 -0.030596 0.001389 -0.010855 0.010125 0.009804 -0.017997 0.015801 0.000997 0.014172 0.025353 
