0.407263 0.029876 0.062361 -0.066591 -0.165605 0.017985 -0.175878 -0.024075 0.011663 0.018399 0.000860 -0.180916 -0.184665 0.032989 -0.050762 -0.123674 -0.136148 -0.066668 -0.101695 -0.000384 -0.014077 0.011354 0.036111 -0.004939 0.007163 -0.112126 -0.048882 -0.137731 0.000000 -0.080556 0.003584 -0.037940 -0.011930 -0.053688 -0.079350 0.148273 0.044348 -0.130557 -0.152186 0.135471 0.111949 0.073532 0.021488 -0.008519 0.144284 -0.068647 0.039070 0.073513 0.021687 -0.024829 0.082894 -0.103774 0.001444 -0.082808 0.070380 -0.067268 0.028078 -0.018753 0.059552 -0.009678 -0.004669 0.019644 -0.008869 -0.040400 0.026191 0.051719 -0.042717 -0.071306 0.011045 -0.024064 -0.030753 0.087638 -0.103175 0.074749 0.038100 -0.080583 -0.015130 -0.137599 0.068688 -0.028970 0.044352 -0.119581 0.032925 0.152981 -0.003863 -0.015042 0.047639 0.027180 0.005555 -0.115374 0.114316 0.014703 -0.058594 -0.072787 0.090421 0.030371 -0.094157 0.023917 0.027258 0.000558 -0.046714 -0.003448 0.105049 0.114638 0.050820 0.072119 -0.094093 0.021515 -0.025638 0.053014 -0.063194 0.044524 -0.128498 0.112036 0.075935 -0.045073 -0.086420 -0.153190 0.131123 0.015217 -0.094905 -0.001270 0.146850 0.008922 -0.029021 0.022228 -0.041697 -0.061448 0.001935 -0.006187 -0.034917 0.032730 -0.085129 0.043350 -0.081805 -0.067113 0.027203 0.066810 0.074409 0.050608 0.082673 -0.007949 -0.124375 0.065280 0.009374 0.009320 -0.085444 0.064144 -0.013264 -0.085412 0.139390 0.058927 0.040467 0.044774 0.079317 0.059793 0.069210 0.005894 0.064979 0.046380 -0.092985 0.005822 -0.066392 -0.063205 -0.109954 -0.058347 -0.000496 0.026343 0.067913 -0.128459 0.109012 0.072864 0.018724 -0.062810 -0.121550 0.152603 0.034723 0.085766 0.015649 0.107447 -0.082317 0.128555 0.026015 0.017827 0.174890 -0.057619 -0.095179 -0.072283 -0.012951 -0.008399 -0.117224 -0.003707 0.024456 0.007060 -0.014006 -0.030426 
0.029876 1767.003530 0.120773 0.032915 0.000837 -0.121193 -0.122873 0.171289 0.023989 -0.064804 -0.003249 -0.007574 0.000000 0.025674 0.139228 -0.004757 0.005528 0.156065 0.097464 -0.179840 0.000000 0.000000 0.089839 0.066596 -0.008519 -0.004487 -0.066184 -0.022389 -0.076770 -0.149674 0.010257 0.142325 0.005285 0.033935 0.149927 -0.179257 0.183150 0.035113 -0.009239 0.008981 0.000000 0.011587 0.004854 -0.094279 -0.149050 -0.087684 0.041641 -0.097623 -0.000174 0.001906 -0.034979 0.003942 -0.179738 0.000675 -0.150305 0.041610 0.159801 0.000000 -0.165092 0.012288 0.001846 0.000000 0.003782 0.099077 0.001377 0.002354 -0.138093 0.000196 -0.114993 0.025311 -0.027480 -0.023822 -0.056691 0.005248 0.063637 0.002817 0.044729 -0.017947 -0.042353 0.118451 -0.017381 0.106433 0.002610 -0.000515 0.106728 0.000303 0.006093 0.177487 -0.007289 0.002210 0.160408 -0.023413 -0.086275 -0.132365 -0.137698 -0.125714 -0.013238 -0.139764 -0.133221 0.149691 0.169907 0.000000 -0.038397 -0.008293 0.058136 -0.012927 0.083643 -0.004916 0.118833 -0.151613 0.027557 -0.105668 0.028283 0.012522 -0.011265 0.044458 0.056779 0.000325 0.097937 0.031724 -0.110951 0.001361 -0.074298 0.027087 0.000000 0.001387 0.036681 -0.071532 -0.006093 -0.005536 -0.125299 0.024884 0.000000 0.017878 -0.080466 -0.139527 -0.057112 0.002611 -0.139051 -0.181607 -0.001120 0.000128 -0.057314 -0.021466 0.000000 0.048879 0.000000 0.080079 -0.034498 0.116148 -0.001914 0.180149 -0.141882 0.018063 0.000506 0.068406 -0.102838 0.138437 -0.062841 0.024889 0.000331 -0.065481 -0.053952 0.121958 0.008115 -0.048541 0.002277 0.090639 0.036143 0.000000 0.045485 0.003688 -0.008858 0.179911 -0.046734 0.050316 -0.000644 0.000000 -0.182276 0.026484 0.114055 0.029005 0.011603 -0.018503 0.000000 -0.048148 0.047358 -0.174089 0.002134 -0.001495 0.003338 -0.177855 0.012378 0.000541 0.008509 -0.024550 
0.062361 0.120773 0.321178 -0.075396 -0.025367 0.005747 -0.013543 0.023752 -0.064812 0.015775 -0.153987 0.029733 0.037449 -0.089523 -0.181047 0.004124 0.003901 -0.022096 0.022874 0.029916 -0.023455 0.001281 -0.001074 -0.048562 -0.018728 -0.050601 -0.078916 0.013734 -0.016015 0.115559 0.165916 -0.008436 0.160920 0.023046 0.000000 0.092475 -0.125717 0.088317 0.101776 -0.026562 -0.000419 0.063969 -0.002259 -0.000754 0.061108 0.180243 0.096423 0.106894 -0.003593 -0.091565 0.157842 -0.043673 -0.041195 -0.000491 0.170849 0.035809 0.014602 -0.119829 0.000000 0.004940 0.004306 -0.104429 -0.057957 0.040850 0.006368 0.122772 0.052273 -0.049974 -0.071679 -0.053049 -0.074240 -0.016208 -0.099479 0.004579 -0.065902 0.046461 0.066130 0.032715 0.019440 -0.029027 -0.013247 -0.059977 0.014199 0.015070 0.005217 0.019497 0.048692 0.105544 -0.003411 -0.028754 0.017043 0.027276 -0.097107 0.126268 0.127248 -0.155468 0.070976 0.116203 0.000000 -0.024706 -0.024823 -0.026242 0.006642 -0.141207 0.126498 0.007224 -0.126452 0.114124 0.012148 0.021953 0.074151 0.025193 0.039555 -0.178109 0.076575 0.004393 0.069065 -0.015025 0.094004 0.021089 -0.052288 -0.135876 -0.001441 -0.007938 -0.165329 0.116233 0.002186 -0.051954 0.176533 -0.009177 0.008978 0.058276 -0.161109 -0.052644 0.007472 0.010155 0.140331 0.071128 0.034270 -0.054276 -0.140580 0.010341 0.000589 -0.096469 0.123179 0.041271 0.161323 -0.076754 -0.126667 0.179314 -0.183244 0.029778 0.020492 -0.004047 -0.035023 -0.016357 -0.002238 -0.000946 -0.124830 0.078452 0.153585 0.121386 -0.056552 0.012606 -0.102619 -0.090897 0.055447 0.092498 0.126689 0.109208 0.068636 0.076847 0.161689 -0.000595 0.109782 0.163444 -0.131485 0.175186 0.163387 -0.048488 -0.067053 -0.082284 0.090859 -0.009822 -0.000242 -0.011382 -0.029965 -0.133546 0.114035 0.126775 -0.095264 0.005268 0.009329 -0.014173 -0.182214 -0.024841 
-0.066591 0.032915 -0.075396 0.247509 -0.015611 -0.020067 0.022587 0.046303 0.022697 -0.133667 0.011866 0.049599 -0.082982 0.055946 0.061389 0.019481 0.120345 -0.071218 0.131379 0.178309 -0.068149 0.004323 -0.098117 -0.066086 -0.184969 -0.000660 0.033000 0.026487 -0.068757 -0.005361 -0.153087 -0.036084 0.003084 0.035179 -0.013064 0.008353 0.075130 0.020448 0.068928 -0.043457 0.026965 0.155162 0.156163 -0.103018 -0.067195 -0.057511 -0.003538 0.008746 0.004546 -0.041885 -0.041362 0.054518 0.023536 -0.060603 0.041927 0.118508 0.083673 -0.002313 -0.023439 -0.056310 0.024428 0.027101 0.005113 0.092004 0.011885 0.026276 -0.000879 0.183585 -0.064867 0.076369 -0.009652 -0.057170 0.046606 0.011275 -0.017393 -0.047720 -0.131809 0.002790 0.000755 0.005006 -0.160494 0.042322 -0.023548 0.031301 -0.008073 -0.003336 -0.065802 0.029387 -0.075530 -0.095356 -0.047797 -0.016988 0.032728 -0.096118 -0.109543 0.042576 0.007862 -0.048960 -0.041883 0.006856 -0.044366 -0.019220 0.014299 -0.017782 0.086116 -0.005632 0.037503 0.071370 0.000000 -0.109089 -0.043967 0.049508 0.002070 -0.099013 0.027657 -0.023216 -0.038385 -0.052437 0.041319 -0.022448 0.040692 -0.053404 -0.019880 -0.021390 0.102933 -0.049352 0.010560 0.017061 0.011935 -0.034426 0.043323 -0.018271 -0.019978 -0.015214 0.151236 0.065568 -0.056676 -0.031404 -0.169631 0.000108 -0.039731 0.070542 -0.175980 -0.064484 -0.092820 -0.025155 -0.017318 -0.123272 0.002809 0.083584 0.065813 -0.025945 0.000755 -0.172366 -0.045472 -0.003728 0.082525 0.022344 0.067229 0.022401 -0.091013 -0.024378 -0.010458 -0.007593 0.000701 0.060701 0.021381 -0.116625 -0.122276 -0.122763 -0.073867 0.061520 -0.026538 0.009209 0.081828 0.000349 0.049873 0.000913 -0.066194 0.113890 0.010607 0.030352 -0.115401 -0.065722 0.023050 -0.009734 -0.073642 0.064493 -0.133199 0.009801 0.005137 0.061963 0.163379 0.111604 -0.132787 -0.013619 
-0.165605 0.000837 -0.025367 -0.015611 222.385952 -0.159175 0.003625 0.174852 -0.101643 0.001951 -0.003334 -0.038940 -0.002646 0.001081 0.000000 0.042507 -0.003558 0.006260 -0.156288 -0.038753 0.005797 0.012204 -0.031938 -0.037697 0.000000 -0.001565 0.019412 0.087144 -0.048850 0.004085 0.001899 -0.089138 0.012058 -0.173148 0.067893 0.014302 0.027882 0.019885 -0.007057 -0.072921 -0.035698 0.017730 0.101180 0.074317 -0.129869 0.002945 0.143176 0.066111 -0.001844 0.149379 -0.173725 -0.014177 0.000657 -0.040726 0.008063 0.060255 0.168132 -0.007260 0.040074 0.010864 0.013875 0.048954 -0.088455 -0.011864 -0.001241 0.144885 0.009593 0.015835 -0.013169 -0.142509 0.071861 -0.028004 0.032683 -0.162572 0.033894 0.037107 -0.082982 0.000348 -0.028657 -0.161937 0.083459 -0.014670 0.124860 -0.000641 0.083012 -0.142407 -0.054604 -0.057968 0.012937 -0.031787 -0.032520 0.024228 0.027164 0.051983 0.066614 -0.090040 -0.001344 0.111542 -0.072018 -0.131322 0.053716 -0.001572 0.032631 0.183206 0.016224 0.001199 0.002126 -0.005679 0.011662 0.090773 -0.008190 0.000362 0.104266 0.036276 0.000572 -0.012217 -0.106358 -0.001338 0.056301 0.041391 -0.017657 0.002287 0.170892 0.113849 -0.001883 0.161764 -0.018509 0.108799 0.004524 -0.161923 -0.004320 -0.073685 0.000119 0.005893 -0.047531 0.001845 0.022076 -0.017826 -0.084536 0.102602 -0.035305 -0.010168 -0.112590 -0.080566 -0.038846 -0.073025 0.031404 0.137065 0.001011 -0.023319 0.179876 0.000000 -0.015400 0.013443 -0.052301 0.020647 -0.132087 -0.133161 -0.173404 0.063412 -0.018943 0.187290 -0.034219 0.157476 -0.035611 0.003429 0.132965 -0.037149 0.000387 -0.000780 -0.085526 -0.018825 -0.003710 0.000000 0.080865 0.002269 0.000932 0.090637 0.038810 0.078899 0.100641 0.142490 -0.066991 0.012240 0.006152 0.000000 0.153953 0.052762 -0.088879 -0.005330 0.011595 0.040799 0.061118 0.035111 -0.095299 0.052606 
0.017985 -0.121193 0.005747 -0.020067 -0.159175 14.466101 0.082064 0.044925 0.060048 0.051065 0.046585 0.003435 -0.010291 -0.023187 0.005606 0.018708 0.022878 0.021508 0.040179 -0.029649 0.039941 -0.013212 -0.063492 -0.006427 -0.112946 -0.056770 -0.066969 0.002364 -0.078140 0.012945 0.019718 -0.069219 -0.051723 -0.082030 0.142939 0.004149 -0.129039 0.029219 -0.050483 -0.184880 -0.114127 0.006551 0.138098 -0.117327 -0.071158 0.001020 -0.082141 0.095770 0.145616 -0.097610 0.029394 0.023850 0.041684 0.003133 0.125989 -0.172767 0.029665 -0.098730 -0.146342 0.011127 0.181123 0.000396 -0.130571 0.080717 0.007201 0.100107 0.004161 -0.085619 -0.028522 0.134516 -0.116375 -0.162523 0.067584 -0.029021 0.036123 -0.015045 -0.136746 0.139338 -0.061803 0.056215 0.070139 -0.112317 0.002972 -0.059090 -0.098442 -0.066884 -0.053391 0.000000 0.080882 -0.044885 0.110946 -0.097268 -0.005872 -0.006874 0.029831 -0.024701 0.032635 0.139657 -0.006484 0.077812 -0.088805 -0.092229 0.080388 0.013182 0.179616 -0.107503 0.063519 0.053982 0.070412 -0.031947 0.044687 -0.066754 -0.037855 0.093402 -0.000689 0.006193 0.069270 -0.087206 0.114293 -0.007653 0.130615 0.032217 0.030582 0.152685 -0.049650 0.092783 0.000116 -0.031230 0.090414 -0.075785 -0.046588 0.099344 -0.103212 -0.000485 0.161665 -0.049764 -0.036139 0.140657 0.042231 -0.001185 0.083679 0.005026 0.030330 0.090245 -0.033525 0.041314 -0.035899 0.015499 0.069071 0.043649 0.032953 -0.003326 0.132324 0.003614 -0.020867 -0.019779 -0.018656 -0.005323 -0.114938 0.047481 -0.001453 0.043377 -0.098732 0.109611 0.171780 0.055270 0.052198 0.000000 0.013193 0.081805 0.072236 0.000000 0.129472 -0.015972 -0.073378 -0.001625 -0.071362 -0.171049 -0.059966 0.120894 -0.068280 -0.048789 -0.057336 -0.125856 -0.048974 -0.041679 0.165474 -0.090870 -0.015927 -0.055414 0.145441 -0.034920 0.028291 0.011208 0.028568 -0.076399 
-0.175878 -0.122873 -0.013543 0.022587 0.003625 0.082064 0.696508 0.108587 -0.042016 -0.019848 0.055786 -0.031959 -0.016721 -0.187749 0.084407 -0.044989 0.014931 0.173306 0.023215 -0.052671 -0.020100 -0.076209 0.003923 -0.034934 -0.073474 -0.051035 0.034745 0.007628 0.156051 0.100186 -0.026920 -0.093647 0.146639 0.003514 -0.082490 0.132105 -0.036736 -0.044548 0.044602 -0.181806 -0.065591 -0.002592 -0.163069 0.116913 -0.153260 0.010092 -0.169554 -0.149664 0.155294 0.145355 -0.058583 0.004875 0.016077 0.182469 0.008708 -0.078433 0.143440 -0.162535 0.122286 0.005056 0.076954 -0.107502 0.010903 0.000868 -0.052633 -0.172114 -0.080867 0.033352 -0.092194 0.106880 0.138376 0.087681 0.014426 -0.124261 -0.100201 0.054097 0.014650 -0.012725 -0.102821 0.000000 -0.010474 0.000347 0.125188 -0.118510 -0.025242 -0.018660 0.151706 0.075467 0.088715 0.061733 0.002119 0.053358 -0.118647 -0.052450 -0.076268 0.118749 0.105715 0.033265 0.010853 -0.003721 -0.011059 0.021089 0.005792 0.124781 0.178130 -0.162666 0.118839 -0.000190 0.056894 -0.017125 0.148585 -0.176213 0.129414 0.184364 0.038534 -0.009766 0.075599 0.003398 0.008973 -0.131811 -0.025867 -0.025990 0.051635 -0.169667 0.046698 0.060673 0.014963 0.059949 0.079107 0.005067 0.048329 0.050644 0.027331 -0.018336 0.093810 -0.003314 0.124394 0.003516 -0.184575 0.001725 -0.153518 -0.016125 -0.013113 0.013433 -0.000742 0.030073 -0.062933 0.083983 -0.137083 -0.067545 -0.029278 0.022731 0.073877 -0.090407 0.154807 0.030885 -0.099617 0.072497 -0.074751 0.097149 0.042181 -0.109165 0.005125 -0.018246 0.105758 0.025362 0.053313 0.046696 0.019708 -0.181597 0.050017 0.026056 0.012231 -0.021211 0.124268 0.000620 0.025264 0.114345 0.066707 -0.167253 0.048233 0.012898 -0.030717 -0.108256 0.067434 -0.019361 0.013752 0.080948 0.089515 0.059917 -0.131593 -0.173294 -0.003711 0.003083 -0.009648 -0.002876 
-0.024075 0.171289 0.023752 0.046303 0.174852 0.044925 0.108587 0.183432 -0.021407 0.017751 -0.016178 0.004827 -0.048595 0.003555 -0.075833 -0.005708 0.056461 -0.062744 -0.023744 0.112539 0.003667 -0.003534 -0.053169 0.167121 -0.157522 -0.037569 -0.007497 -0.054390 -0.024525 0.042011 0.100681 0.005390 -0.007279 0.162141 0.033074 -0.008649 0.147635 0.004398 -0.002503 -0.115965 -0.065687 -0.150193 -0.027866 -0.061201 -0.017013 -0.118145 -0.015105 0.026076 0.003984 0.077800 0.063419 0.036782 -0.031829 0.021236 0.055449 0.025063 -0.016411 -0.017856 -0.043572 0.065548 -0.009859 0.109518 0.127891 -0.007809 -0.119837 0.161990 -0.059259 0.053630 -0.174473 -0.014160 0.136369 -0.024978 0.033686 0.016074 0.030450 0.018114 0.128544 -0.117016 -0.042823 0.000837 0.156280 -0.008590 -0.011075 -0.007798 -0.054580 0.154861 -0.003376 0.012325 -0.010830 -0.043730 0.002290 -0.006788 0.076384 -0.019850 0.050083 -0.107642 0.004269 0.108251 -0.002447 -0.006662 -0.031433 -0.060359 0.028845 -0.163405 -0.012654 0.154629 0.076415 -0.083202 -0.038405 -0.171882 -0.034042 -0.022707 -0.074712 -0.118705 -0.038894 -0.068143 0.082112 -0.016666 -0.033756 -0.016978 -0.005594 -0.181719 0.005159 -0.100196 0.110351 -0.084509 -0.002007 -0.070945 0.051013 -0.001803 0.042333 0.013734 -0.001263 0.007002 0.130272 -0.129739 -0.012394 0.007290 -0.006407 0.137830 0.111461 0.042096 -0.022111 -0.033140 -0.140702 -0.002775 -0.033907 0.011995 -0.176525 -0.100520 0.062897 0.040336 -0.008807 -0.018824 -0.056742 0.002730 0.172309 0.050778 -0.029489 -0.028003 0.026457 -0.039770 -0.081827 -0.034814 0.035878 0.001389 0.070377 -0.006774 0.128251 -0.132808 -0.036000 0.003506 0.031555 -0.018528 -0.113501 0.036416 0.058980 0.051270 -0.137430 -0.004725 0.050417 -0.065709 0.064516 -0.016114 -0.002221 -0.137753 -0.173588 0.129874 0.012263 0.051537 0.089751 0.126467 0.026055 -0.003641 0.013143 0.003137 
0.011663 0.023989 -0.064812 0.022697 -0.101643 0.060048 -0.042016 -0.021407 2819.070451 0.002007 -0.021422 -0.020094 0.000000 0.062301 0.073529 -0.094847 -0.024354 -0.008510 -0.027022 0.108245 0.004041 0.014106 0.012867 -0.044908 -0.071732 -0.051370 -0.013036 -0.000349 0.034953 0.068695 0.031300 0.080541 -0.009166 -0.170556 0.153610 0.000437 -0.000392 -0.018467 0.000000 -0.023160 0.000000 -0.048725 -0.021440 0.162995 -0.003611 -0.166745 -0.078909 -0.071021 -0.002608 0.040642 -0.008641 -0.149850 0.000000 0.000000 0.082356 0.004334 -0.033228 0.000000 -0.176887 0.011201 0.015834 -0.002524 0.019303 0.127199 0.004783 0.064119 -0.148935 0.001298 0.133794 0.028509 0.014451 -0.019055 -0.032024 -0.001017 -0.028086 0.033490 -0.155103 -0.001035 0.031606 -0.155055 -0.008747 -0.066370 -0.127818 -0.070695 0.008437 -0.002227 -0.180759 0.004469 0.157739 -0.018589 0.024889 -0.008008 0.147709 -0.047584 0.136609 -0.015055 -0.000622 -0.053418 0.077648 -0.185360 -0.015627 0.000301 0.001517 0.046269 -0.028682 -0.028286 0.003979 -0.065772 0.030916 0.008459 0.029579 -0.042561 -0.027616 -0.144025 -0.001158 0.093970 0.121170 0.114270 0.017113 -0.002476 0.000611 0.080145 0.187238 -0.027789 0.001957 -0.003397 0.038339 -0.063044 0.000000 0.000580 -0.156419 -0.155106 -0.003824 -0.031528 0.059843 -0.008980 0.000000 -0.000549 -0.009088 -0.009764 0.000000 -0.006776 -0.125732 -0.119442 -0.022491 0.165246 -0.018660 0.017223 0.007950 -0.021911 -0.032495 -0.002410 0.054206 -0.009297 -0.097210 0.063626 -0.091471 -0.039219 -0.042443 0.062823 0.000000 -0.004696 0.023032 -0.008927 -0.009837 -0.011867 0.010263 0.026085 -0.002209 -0.091542 0.039224 -0.158167 -0.004323 -0.075019 0.004581 -0.162017 -0.038871 0.000000 -0.004526 -0.105633 -0.002591 0.021044 0.068815 -0.020084 0.001013 0.032323 -0.045826 -0.039577 -0.000546 -0.010304 0.100372 -0.004655 -0.052293 -0.017238 -0.001451 0.083171 
0.018399 -0.064804 0.015775 -0.133667 0.001951 0.051065 -0.019848 0.017751 0.002007 300.095894 0.019560 0.019389 0.000223 -0.089073 0.050460 -0.068401 -0.121474 0.139967 -0.039577 -0.033114 0.000373 0.000476 -0.160421 -0.005869 0.002134 -0.144002 -0.175346 0.000000 -0.038895 0.025398 -0.001098 0.036468 0.014348 0.127370 -0.003839 -0.117471 -0.000813 0.143099 0.041853 0.046517 -0.138589 0.000854 -0.076188 0.100471 0.019247 0.015690 -0.073039 -0.085906 0.121525 -0.001287 0.099184 0.058513 -0.000397 -0.011414 0.049894 0.016106 -0.001095 -0.060101 -0.000625 -0.014831 -0.045132 0.027110 -0.094197 0.159594 -0.005859 -0.022091 -0.068161 0.124156 0.046951 -0.057333 0.014999 0.045133 0.056943 -0.003801 0.084819 -0.019246 -0.043243 0.002496 0.004560 -0.152668 0.033007 -0.002601 0.065231 0.048465 0.076826 -0.029380 0.127891 -0.010024 -0.045627 0.003805 -0.078910 -0.004344 0.029684 -0.147358 -0.032417 -0.064698 -0.184757 -0.003444 0.022849 -0.141718 -0.105626 -0.010041 0.049353 -0.040309 -0.080037 0.131864 0.177255 0.007805 -0.042876 0.021071 -0.102213 -0.000689 -0.135339 -0.004568 0.032245 0.092629 0.072688 0.147645 0.002167 0.104456 0.079383 0.181116 -0.107810 -0.103666 -0.005879 0.001431 -0.008741 -0.077072 0.007205 0.000000 0.023517 -0.042235 0.000000 0.000000 -0.142724 0.035444 -0.000989 0.087548 -0.002397 -0.024625 0.103051 -0.019049 0.016361 -0.089203 -0.070901 -0.000878 0.046196 0.164785 0.000196 -0.023802 0.024793 0.001003 0.036348 0.138735 0.028604 0.011860 -0.009996 0.035925 0.030166 0.013995 0.048144 -0.108118 0.007447 -0.025181 0.000323 -0.018649 -0.068114 -0.015833 0.071641 0.000000 0.059312 0.022929 0.021951 -0.002954 0.040431 0.172317 -0.008379 0.002241 0.141087 -0.066351 -0.063668 0.001562 0.107164 0.153963 0.002245 0.000000 -0.131945 -0.093838 -0.086432 -0.063631 0.016369 -0.004418 0.002889 0.174586 0.000000 -0.011761 
0.000860 -0.003249 -0.153987 0.011866 -0.003334 0.046585 0.055786 -0.016178 -0.021422 0.019560 63.517737 -0.062065 -0.034723 0.029801 -0.000914 0.042960 -0.002283 -0.003393 -0.002170 -0.096351 -0.023505 -0.048097 0.108893 -0.006148 0.092336 -0.000206 -0.030671 -0.018363 -0.021496 0.001700 -0.024677 0.004330 0.000344 -0.078016 -0.000721 0.000181 0.060894 0.010225 0.077232 -0.093023 0.005162 0.027490 -0.057302 -0.110137 -0.081471 0.006501 0.093645 -0.047015 0.085895 0.033492 -0.062179 0.000363 -0.019502 0.003163 -0.176782 -0.137754 -0.145214 0.144700 0.000958 -0.000402 -0.157334 0.053832 0.154761 -0.005996 0.000000 0.000572 -0.031636 0.049313 0.178769 0.037044 0.004683 -0.133856 0.000585 0.001840 -0.074752 -0.001338 -0.032849 -0.076410 0.057745 0.097013 0.005425 0.012385 0.047558 0.053127 -0.033962 -0.030915 0.069906 0.000555 0.005497 -0.089574 -0.025861 -0.046157 -0.091344 0.004439 0.006014 0.021892 -0.107274 0.016426 -0.131159 -0.121078 -0.158602 -0.007918 -0.050482 0.043892 -0.000391 0.021110 0.185162 0.078715 -0.020575 0.001146 -0.004638 -0.000432 -0.070191 -0.030870 -0.001094 0.075814 -0.079999 -0.103207 -0.058924 0.043879 0.007827 -0.109348 -0.006159 -0.098645 -0.003254 0.062503 0.061126 -0.143570 0.067492 0.001262 0.122861 -0.159517 0.040060 -0.120533 0.099554 0.047699 0.002597 -0.038962 0.034386 -0.013810 0.016297 0.027959 0.064216 -0.035660 -0.000518 0.094305 0.013856 0.050570 -0.060219 0.053548 -0.002633 0.080339 0.086214 -0.015360 0.021508 0.032076 0.062509 -0.133648 0.027643 0.031080 -0.107059 0.069376 0.120742 0.033676 -0.143893 0.028640 -0.050966 -0.002767 0.098098 -0.003779 -0.100737 -0.019177 0.003038 -0.096716 -0.130330 -0.053840 -0.012368 -0.018783 -0.187367 0.006375 0.102096 -0.015761 -0.173701 0.073931 0.055236 -0.052354 0.000996 0.024360 -0.110736 -0.026805 -0.000850 -0.048377 0.013439 -0.000262 -0.036493 -0.039382 
-0.180916 -0.007574 0.029733 0.049599 -0.038940 0.003435 -0.031959 0.004827 -0.020094 0.019389 -0.062065 144.950233 -0.163406 -0.014526 -0.006598 -0.148713 0.180936 -0.003408 -0.138127 -0.032609 0.130317 -0.056269 0.018865 0.000000 -0.137799 0.000197 0.029657 -0.059143 -0.099098 -0.178626 -0.042734 0.027867 -0.064700 0.095719 0.061379 0.013780 0.000531 0.005807 0.103434 -0.012517 0.009426 0.049544 -0.139948 -0.043754 0.038649 0.000405 -0.052584 0.141944 0.020625 -0.013375 -0.023871 -0.005535 -0.002304 -0.045306 0.000249 -0.027018 -0.064204 -0.000939 -0.004855 0.002074 0.025616 -0.123885 -0.036759 -0.175648 0.065128 -0.122245 -0.001949 -0.184310 0.029655 -0.066880 0.177758 -0.092444 -0.063052 0.163715 -0.012538 0.000109 -0.091891 0.000513 0.020142 -0.051041 -0.001977 -0.002622 0.078597 0.000000 0.039492 -0.032218 0.015655 0.013504 -0.024624 -0.037693 0.147430 0.031157 -0.073660 -0.025292 -0.000373 0.031248 0.000110 0.000123 -0.086222 0.082703 0.129492 -0.038300 0.051009 -0.029739 -0.109585 -0.000563 -0.030230 -0.004203 -0.039776 0.122538 -0.027557 -0.014104 -0.039784 -0.016093 0.081484 -0.084781 -0.015674 0.007893 0.010798 -0.013504 0.030406 -0.003332 0.059165 -0.040767 -0.121043 -0.001081 -0.071309 -0.021538 0.007550 0.003299 0.059343 -0.075913 -0.054358 -0.121698 -0.052950 0.031792 -0.154195 0.080294 0.020140 -0.019476 0.019548 -0.137496 0.010483 0.092849 0.127952 -0.003109 0.083144 0.093747 -0.039579 0.162570 -0.029330 -0.102705 -0.139109 -0.051865 0.156084 -0.173810 -0.049890 0.005946 -0.004779 0.162876 0.027493 0.050573 -0.046588 0.131765 -0.103929 -0.012703 0.125460 -0.045152 -0.092545 -0.039250 0.017947 0.000493 -0.000324 0.000815 0.000000 0.084584 0.141299 0.183601 -0.064418 0.020904 0.024637 0.015846 -0.070774 0.043093 0.046721 0.027832 0.012178 0.028413 0.135708 -0.011688 0.018324 0.018598 -0.068005 -0.081115 0.000710 -0.015808 
-0.184665 0.000000 0.037449 -0.082982 -0.002646 -0.010291 -0.016721 -0.048595 0.000000 0.000223 -0.034723 -0.163406 3920.885635 0.006222 -0.002263 0.036989 -0.137860 0.000000 0.083263 -0.182101 0.002257 -0.080631 0.061952 0.023044 0.115013 0.000343 0.028029 0.046163 0.110052 0.070153 -0.032721 -0.055330 -0.049635 -0.001248 -0.000182 0.111065 0.183614 -0.014803 0.032249 0.042384 -0.057624 -0.150097 0.083256 0.148795 -0.063185 0.169729 0.011231 0.040453 -0.002360 0.134739 0.126879 0.009513 -0.117798 0.000000 -0.109202 0.115169 0.094590 0.106363 -0.033914 0.019339 0.031799 0.091018 -0.055050 0.003716 -0.002458 0.004388 -0.057133 -0.028792 -0.119096 0.015054 0.159782 -0.065717 0.031193 0.073578 0.157545 -0.016300 -0.003355 -0.056126 0.066332 -0.086056 -0.028127 0.000000 -0.155898 -0.028361 0.084104 0.000000 -0.045814 0.002347 0.054421 0.061467 -0.010422 -0.152849 -0.016886 -0.002272 0.008522 -0.045303 0.055193 0.006126 0.035312 -0.059817 0.074315 0.167308 0.009806 -0.055863 0.060756 -0.002955 -0.148687 0.035331 -0.008154 -0.012746 -0.067297 -0.005210 0.016155 -0.064797 -0.042663 -0.046574 0.076342 0.055834 0.056343 0.110208 0.004064 -0.007333 -0.132554 0.028740 -0.023072 -0.036971 0.014029 0.012595 -0.184643 0.000000 0.036002 0.145117 0.052627 0.040484 -0.071240 -0.001195 0.115168 0.012959 0.067896 0.008829 -0.043391 0.024951 0.178796 -0.011836 -0.010417 -0.022308 -0.104729 -0.032791 0.120240 0.019167 -0.102672 0.013271 0.074457 0.086690 0.167416 0.184448 -0.002701 0.018779 -0.107786 -0.034502 -0.000470 0.000792 0.133243 0.157072 0.000793 -0.022801 -0.004164 -0.063667 0.024252 0.001111 0.008746 -0.028801 0.074968 -0.000803 0.068222 -0.122788 0.044372 -0.014056 -0.097224 -0.003339 0.001934 0.111720 0.068294 0.020735 0.051536 -0.001232 0.047080 0.040624 0.008024 -0.000676 0.185612 -0.054596 0.010369 -0.003624 -0.006255 0.004330 
0.032989 0.025674 -0.089523 0.055946 0.001081 -0.023187 -0.187749 0.003555 0.062301 -0.089073 0.029801 -0.014526 0.006222 163.666206 0.024272 0.104005 -0.002515 -0.168002 -0.065127 0.093846 0.001159 -0.001649 -0.007324 0.014387 -0.086146 0.005061 -0.051222 0.008323 -0.061791 -0.055325 -0.059027 -0.035062 -0.028072 -0.073679 -0.143404 0.014192 -0.003108 -0.029557 -0.018120 -0.078799 -0.006878 0.007915 -0.059397 -0.003127 -0.013633 -0.014439 -0.071900 0.013686 0.164742 0.001692 0.025584 -0.000762 0.064818 -0.014694 0.000931 0.000328 -0.018102 0.095827 0.007026 0.000350 0.107684 -0.016174 -0.025070 -0.083613 0.029798 0.014349 -0.001196 0.001055 -0.005532 -0.102251 -0.004026 -0.179510 0.082258 -0.028793 -0.175968 0.043137 -0.037877 -0.127883 -0.029032 0.047691 0.000277 -0.001450 -0.026895 -0.144416 -0.017537 -0.000208 0.007203 -0.007921 0.148111 0.005568 -0.042254 0.002543 -0.043716 -0.024285 0.008577 0.019455 0.043283 0.000000 0.081024 0.039427 0.156489 0.000000 0.080625 -0.138167 -0.028824 -0.011505 0.034352 -0.182565 -0.089418 -0.117890 0.101355 -0.002475 0.031513 -0.002153 0.010931 0.044075 0.006703 -0.094062 0.114934 -0.045840 0.047944 0.157221 -0.001327 0.040167 0.171912 0.000686 0.042110 -0.152140 0.001227 0.000000 -0.162976 -0.112776 0.148561 -0.093530 0.026028 0.031250 -0.011665 0.000000 0.185201 0.023237 0.000000 0.003930 -0.040812 0.048905 0.013235 -0.013607 0.023852 0.157095 0.167967 0.027861 -0.123270 0.024145 -0.132996 0.060221 0.070256 0.118564 0.026883 0.043672 -0.011910 -0.093725 0.012127 0.057120 0.003977 0.008052 -0.008430 -0.147774 -0.002920 -0.126816 -0.014060 -0.003520 -0.038204 -0.001297 -0.014354 -0.000514 -0.002667 -0.100589 0.000383 0.000000 -0.010487 -0.076340 -0.003968 -0.043904 0.126385 -0.129145 0.000000 -0.092868 0.084845 0.133905 0.000147 0.001025 0.002589 -0.085033 -0.038958 -0.031571 -0.064533 0.044224 
-0.050762 0.139228 -0.181047 0.061389 0.000000 0.005606 0.084407 -0.075833 0.073529 0.050460 -0.000914 -0.006598 -0.002263 0.024272 287.446841 0.031225 -0.047403 0.000413 0.027337 -0.011430 0.027097 -0.002162 0.033634 0.025501 -0.006202 0.000000 0.009012 0.013466 -0.119634 0.021636 0.053571 0.109911 -0.009544 0.132504 -0.002851 -0.184550 -0.102177 -0.020918 -0.155294 0.126351 0.030051 0.005773 -0.144593 0.073164 -0.129811 -0.008644 0.033857 -0.008633 0.154340 0.000464 0.175640 0.151359 0.017918 0.021769 -0.048099 -0.001880 0.016869 0.009131 -0.017085 -0.014599 0.000745 -0.000497 -0.102798 -0.002402 0.020789 -0.050264 0.167372 -0.106016 0.011172 -0.075134 0.121002 -0.034195 -0.174047 0.015564 -0.034830 -0.108194 -0.044417 0.011102 -0.093468 -0.028235 0.001494 -0.016798 0.029232 -0.004656 0.000000 -0.008195 0.036737 0.000000 -0.032702 0.000658 -0.098983 0.025658 -0.012365 0.118100 0.120388 0.031658 0.012976 -0.003318 0.006752 0.173775 -0.006848 -0.001185 -0.001634 -0.048936 -0.028199 0.008092 0.158440 0.007128 0.009291 -0.002112 -0.096457 0.000224 0.012061 0.163805 0.187136 -0.010037 -0.008862 -0.007806 -0.013697 0.031098 0.095044 -0.018510 -0.038014 0.042213 0.011916 -0.140171 -0.020563 0.038346 0.108558 0.000000 0.024929 -0.115931 -0.109371 -0.005755 -0.169295 -0.030980 -0.087844 -0.106005 -0.181425 0.045912 0.009691 -0.000121 0.050088 0.002525 -0.011859 0.000000 -0.002274 0.018963 -0.005131 -0.005828 -0.087837 -0.085695 0.112767 0.009052 -0.127258 0.048613 0.072456 0.161055 -0.013653 -0.089000 0.000000 -0.115213 0.141687 0.069864 -0.024136 -0.148245 -0.010814 -0.061922 0.128057 0.002969 -0.019911 -0.042357 0.018998 -0.059435 0.000000 -0.067494 -0.086505 -0.037325 0.000258 -0.128771 0.005505 0.004153 0.021828 -0.046205 -0.061637 0.001957 -0.160649 0.014505 -0.125489 0.008848 -0.000259 0.014079 -0.012231 -0.002039 0.018828 -0.047948 
-0.123674 -0.004757 0.004124 0.019481 0.042507 0.018708 -0.044989 -0.005708 -0.094847 -0.068401 0.042960 -0.148713 0.036989 0.104005 0.031225 8.910561 0.009949 0.007993 0.102144 -0.079108 0.172999 0.035521 -0.117756 -0.037496 -0.103815 0.047539 -0.065204 -0.179634 -0.123257 0.176472 -0.083261 0.100046 -0.008277 0.093431 -0.002851 0.064846 0.085566 -0.137039 0.160399 0.093327 0.012741 -0.096961 -0.076980 0.071227 0.041970 0.044318 -0.088591 -0.015546 -0.143911 0.079195 -0.152842 -0.048036 -0.002025 0.056200 -0.081611 -0.093355 0.063828 -0.045237 0.065295 -0.024020 -0.034856 0.076990 0.160141 0.079853 0.165653 0.026095 0.127038 -0.072680 -0.112728 -0.082048 0.102120 0.030913 0.163893 -0.002690 -0.068382 -0.079017 -0.067221 -0.070254 -0.043785 0.007419 -0.057885 -0.050284 0.017384 0.167248 -0.076217 -0.043656 0.114926 -0.088318 0.086269 0.026810 0.145464 0.003937 -0.010999 0.052138 -0.001873 0.043059 0.037540 0.069356 0.054939 0.000252 0.135333 -0.053191 -0.014207 0.011838 -0.045697 -0.004917 -0.105699 0.003697 0.063981 -0.041000 -0.084951 -0.002486 0.167492 0.008019 0.009982 0.003624 -0.013023 -0.122063 -0.051463 0.039288 -0.028198 -0.079427 -0.008688 0.090401 -0.161679 -0.133531 0.076689 0.046305 -0.016626 -0.121480 0.150740 0.009990 -0.002850 0.004476 0.120384 0.106897 -0.144274 0.019187 -0.129931 0.016223 0.008239 -0.081728 0.133646 0.008929 -0.149468 0.051822 -0.062136 -0.064483 -0.071774 0.043612 -0.012256 0.003303 0.041678 0.025579 0.160060 0.054776 0.108964 0.005322 0.024223 -0.020498 -0.095487 0.001075 0.075115 -0.042725 0.002527 0.035738 0.055450 -0.025234 -0.022393 -0.184217 -0.081818 0.088639 -0.045203 -0.088156 0.017542 -0.049812 0.035865 0.004216 0.026072 -0.056506 0.154411 0.134473 0.056910 0.096525 -0.050606 -0.148774 -0.058186 -0.067673 0.099374 0.110276 0.033958 -0.001656 0.019440 0.171671 0.001133 0.041718 
-0.136148 0.005528 0.003901 0.120345 -0.003558 0.022878 0.014931 0.056461 -0.024354 -0.121474 -0.002283 0.180936 -0.137860 -0.002515 -0.047403 0.009949 121.787578 -0.102528 0.053540 0.003200 0.148515 -0.060262 0.099433 0.007933 -0.021252 -0.002209 -0.057603 0.003085 -0.003989 -0.149145 0.014293 0.046723 0.051315 -0.000253 -0.080911 0.147705 0.007411 0.120748 0.009432 0.053481 0.001664 -0.000611 0.044203 -0.061661 0.059353 0.020756 -0.076761 0.079530 -0.000140 0.013195 -0.006371 -0.110220 0.068916 -0.145486 0.009035 -0.001591 0.012853 -0.035806 0.072814 0.060378 -0.000821 0.056473 -0.108101 0.000000 0.094656 0.004624 -0.030155 0.014428 -0.025359 0.067972 -0.009770 -0.103979 0.074052 0.050627 -0.032434 -0.109132 -0.031835 0.100383 -0.144746 -0.117233 -0.077277 0.027790 -0.002968 -0.015523 -0.054405 0.017569 0.110345 -0.043877 -0.027366 -0.106960 -0.004492 0.028952 -0.162432 -0.035940 0.157701 0.019889 -0.051648 0.000111 -0.097336 -0.037556 -0.160244 -0.003143 -0.001803 0.025843 0.069922 -0.084350 0.106809 0.101969 -0.067450 -0.004077 0.120377 0.000711 0.028962 0.062362 -0.072676 0.011465 -0.066651 -0.004463 -0.040878 -0.137383 0.003969 0.149558 0.110326 -0.007871 0.000000 -0.109636 0.038243 -0.165852 -0.002126 0.002724 -0.112286 -0.123881 -0.125489 0.099297 -0.155603 0.036721 0.009236 0.001016 0.117381 -0.002299 -0.056932 0.120884 0.015695 0.058630 0.000646 -0.014195 -0.085091 -0.128125 0.024943 0.013526 -0.150932 0.000000 0.175758 0.106016 -0.035194 -0.007627 0.065322 -0.064299 -0.116136 0.054924 0.009327 0.012759 -0.017176 -0.175580 0.007133 -0.036329 0.000395 0.143516 0.001116 -0.018655 -0.087365 -0.009260 0.004606 0.001219 0.011045 0.037061 0.000322 0.000000 0.006238 0.040474 -0.141121 -0.187820 0.017801 -0.041843 -0.003852 0.000235 0.132995 0.170929 -0.006009 0.102834 0.007920 -0.095376 -0.000148 0.015781 -0.010924 -0.042709 
-0.066668 0.156065 -0.022096 -0.071218 0.006260 0.021508 0.173306 -0.062744 -0.008510 0.139967 -0.003393 -0.003408 0.000000 -0.168002 0.000413 0.007993 -0.102528 1364.677258 -0.043766 -0.073533 0.000000 0.000533 0.003091 -0.001720 0.000000 -0.010969 -0.017586 -0.072352 0.048952 -0.010619 0.028587 0.048011 0.020866 0.009836 0.039329 -0.027638 -0.002244 0.008011 0.008094 0.065971 0.003088 -0.009186 -0.012431 0.004264 -0.137093 -0.000845 0.114165 0.031434 -0.017972 -0.123352 0.056483 0.031019 0.000983 0.000000 0.024995 -0.160766 -0.017425 -0.013934 0.009653 -0.008077 0.002546 0.000902 -0.017142 0.000000 0.000000 -0.000771 -0.076793 -0.038339 -0.000180 -0.058191 -0.036446 0.052304 0.072072 0.011478 -0.022444 -0.026402 -0.126459 0.096441 0.069450 -0.124045 0.004389 -0.017564 -0.019397 -0.031499 -0.038656 0.006594 0.075415 0.057859 -0.184690 -0.038434 0.171994 0.035523 0.018703 0.098880 -0.001745 -0.120268 0.000000 -0.000740 0.005853 -0.127969 0.056300 0.000438 -0.003451 -0.122535 -0.138633 0.113937 -0.063845 0.042901 0.095887 -0.004280 0.068166 0.000528 0.001010 -0.000365 -0.063934 0.050208 0.042964 0.060094 0.110738 0.108171 0.000608 -0.015143 -0.005607 0.065683 0.053545 -0.000127 0.074189 -0.030823 -0.002700 0.005892 -0.024324 0.162134 0.003979 0.000000 0.057545 -0.073852 0.000000 0.010943 -0.094163 -0.115543 0.000000 -0.024556 0.110896 -0.094482 -0.000133 0.008232 0.063342 0.008310 -0.003719 0.062534 -0.087266 0.025208 0.009335 -0.094932 0.150293 0.053158 0.002256 0.020980 -0.077958 0.043549 -0.000366 0.073818 -0.043809 -0.017496 -0.002362 -0.017042 0.024714 -0.062824 0.069589 0.000911 -0.161221 -0.017662 -0.007475 0.015828 0.005473 -0.041858 0.000000 -0.035563 0.002926 0.101003 -0.019585 -0.035487 -0.166765 0.156689 -0.012482 0.142914 0.103757 -0.044095 0.130247 -0.010581 0.000506 -0.029024 0.070666 0.009093 0.001763 0.028454 
-0.101695 0.097464 0.022874 0.131379 -0.156288 0.040179 0.023215 -0.023744 -0.027022 -0.039577 -0.002170 -0.138127 0.083263 -0.065127 0.027337 0.102144 0.053540 -0.043766 7.436432 0.041749 -0.133052 0.148240 -0.039365 0.170424 0.080527 -0.002959 0.108481 0.098543 0.178306 0.007550 0.078972 0.056108 0.060106 0.159131 -0.130345 -0.131451 0.020531 0.131997 -0.110522 0.001656 -0.062564 0.126541 -0.022543 0.045180 -0.053006 0.019433 -0.095830 -0.060837 -0.187089 0.156995 0.034603 -0.097412 0.073975 -0.144960 0.011284 0.001589 -0.023886 0.017885 0.091243 -0.140421 -0.063257 -0.026458 0.009975 -0.098517 -0.049209 -0.122279 0.041279 0.065348 -0.108928 0.000409 0.017258 0.029517 -0.040949 -0.112631 -0.084329 0.047375 0.085208 -0.022255 0.137287 0.000674 0.117880 0.034054 -0.085259 0.000661 -0.143128 -0.015230 -0.053447 -0.021004 -0.061368 0.024645 0.011913 -0.109759 0.009193 -0.096549 0.052501 -0.013111 -0.119694 -0.045169 -0.026568 -0.153486 -0.095579 -0.016308 0.078532 -0.004688 0.086818 0.003027 -0.124605 0.109222 0.010309 -0.095757 -0.067902 0.005968 -0.148115 0.077389 0.161026 -0.039067 -0.016402 -0.136888 0.107553 -0.015148 -0.090566 0.085929 0.000676 -0.070435 0.029514 0.074577 -0.103374 0.108584 -0.184239 0.101089 0.011637 0.031377 -0.012984 0.052924 -0.070806 -0.055274 0.038990 -0.121891 -0.036336 0.000000 -0.179040 -0.159912 0.045072 -0.112438 -0.051204 0.053589 0.138529 0.122640 -0.046115 -0.013147 0.068135 -0.040846 0.039562 -0.000388 -0.088496 -0.017884 -0.015632 -0.023281 -0.059051 0.127835 -0.099572 -0.003375 0.058993 0.109572 -0.046066 -0.123362 -0.069481 -0.066495 0.124306 -0.108514 -0.009405 -0.084421 0.099393 -0.005865 -0.112556 -0.051814 0.058221 0.177937 0.125686 -0.166931 -0.038923 -0.000408 0.046033 0.029463 0.085816 0.177510 0.128371 0.021870 -0.017670 0.041623 0.026851 -0.030581 -0.095213 0.024211 -0.006979 0.056914 
-0.000384 -0.179840 0.029916 0.178309 -0.038753 -0.029649 -0.052671 0.112539 0.108245 -0.033114 -0.096351 -0.032609 -0.182101 0.093846 -0.011430 -0.079108 0.003200 -0.073533 0.041749 6.397949 0.185468 0.000523 -0.159261 0.005744 -0.060493 -0.078287 -0.012882 -0.038182 -0.000810 -0.042014 -0.125907 -0.182589 0.085772 0.090352 0.042490 -0.010466 0.119768 0.008681 0.020176 -0.081903 -0.042740 0.102847 -0.023790 0.015963 0.111322 0.028463 -0.072771 -0.044070 0.095449 -0.125978 0.147186 0.142667 0.074813 -0.009339 -0.156992 0.010558 0.070104 -0.018167 -0.143833 -0.037407 -0.023527 -0.060885 0.124858 -0.083987 0.026643 -0.027446 0.072008 -0.127204 -0.003293 0.001549 -0.095127 -0.053267 0.165905 -0.082548 -0.109244 0.152245 0.001745 -0.162187 -0.156638 -0.002193 -0.065419 -0.103099 0.014098 -0.053508 -0.031263 -0.031205 0.000152 -0.113890 0.025973 0.015047 0.032430 0.011867 0.108330 0.168389 0.131894 0.011521 -0.028142 -0.094034 0.098208 0.088763 -0.052916 0.083695 0.072295 0.056209 -0.112124 0.062230 -0.179319 0.030940 -0.142500 -0.030085 0.091970 0.162243 -0.158469 -0.082485 -0.111521 0.110761 -0.159678 0.106006 -0.090114 -0.055181 0.016489 -0.097416 0.081093 0.092157 0.135041 0.066567 -0.000305 -0.113167 -0.006520 -0.088705 0.158548 0.090039 0.010535 -0.112837 -0.000110 -0.013048 -0.048890 0.139757 -0.039765 -0.097071 0.039715 0.022720 0.009289 -0.010312 0.161518 0.181536 0.018776 0.018279 0.114585 -0.035695 -0.010347 0.020130 -0.016658 0.042868 -0.122857 0.107272 0.074338 -0.009682 -0.054365 0.024933 -0.093154 0.065070 -0.034806 -0.052996 0.062359 0.057593 0.006375 0.092309 0.043922 0.023541 0.000114 -0.048178 0.019052 0.120920 0.018160 0.050572 -0.033948 0.159127 0.179052 -0.023672 -0.172979 0.039749 -0.001419 -0.164789 -0.066530 -0.048456 -0.160265 0.036162 -0.077856 -0.023562 0.101370 0.046752 -0.147045 0.079642 0.008586 -0.004794 
-0.014077 0.000000 -0.023455 -0.068149 0.005797 0.039941 -0.020100 0.003667 0.004041 0.000373 -0.023505 0.130317 0.002257 0.001159 0.027097 0.172999 0.148515 0.000000 -0.133052 0.185468 403.704596 0.003245 0.168423 -0.178086 0.027141 -0.003078 0.000000 0.001071 -0.021766 -0.002925 -0.000667 0.150747 0.039002 0.032876 0.014179 -0.011217 -0.010867 0.039390 -0.046043 0.137267 -0.000514 0.144880 -0.000492 0.017496 0.039099 -0.001911 0.001534 -0.029960 0.039176 0.000000 0.072991 0.066748 0.001612 -0.038892 0.057040 0.007991 0.020360 -0.013994 0.061561 -0.069601 0.034406 0.014184 -0.124537 -0.177932 -0.111715 0.000669 0.000000 -0.069423 0.026322 -0.115969 -0.030849 0.101763 -0.072444 0.163353 -0.034542 -0.085174 -0.021520 -0.114115 0.089546 0.048769 0.016739 -0.010274 -0.053520 -0.000196 -0.012647 0.000925 -0.081736 -0.056516 0.033947 -0.037886 0.103867 -0.057628 0.174731 0.047144 -0.164333 -0.023477 0.028691 0.001882 -0.053144 0.039277 0.013471 0.003789 0.016227 -0.007671 -0.033979 -0.115060 -0.101779 -0.002899 0.005524 0.025788 -0.083545 -0.003142 0.001641 -0.002316 -0.051900 0.142590 0.012408 0.001555 -0.008280 0.045587 0.118551 0.000679 -0.061352 -0.008032 -0.001841 0.001623 -0.099849 0.000000 0.000000 -0.001286 -0.041415 -0.161714 0.083184 0.046690 0.031954 -0.015142 0.007529 0.000000 -0.005348 0.015051 0.000701 -0.007621 0.036377 -0.052487 0.180222 0.001610 0.079447 -0.059568 -0.143384 0.163588 -0.107881 -0.014490 0.009000 0.016706 -0.004162 -0.038808 0.038888 -0.162841 0.005792 -0.006604 -0.177825 0.000000 -0.033098 -0.118010 0.001224 -0.013047 -0.096605 -0.135711 0.000000 0.000000 0.000000 -0.002675 0.063952 0.097324 -0.059617 -0.108868 -0.003857 -0.039533 0.036283 0.108755 0.091634 -0.171694 -0.043497 0.152542 0.034912 0.017020 -0.184597 -0.165634 0.000000 0.036055 -0.076711 -0.027232 -0.128049 -0.053955 0.104848 0.017743 
