1012.859496 0.000000 -0.004214 -0.020764 0.000000 -0.027697 -0.017827 -0.017030 0.002389 0.000000 -0.002731 0.006392 0.001296 -0.000405 -0.018973 -0.001875 0.004374 0.000000 -0.025971 0.014108 0.000000 0.000000 0.029011 0.001062 -0.024771 0.000000 0.011377 -0.006738 0.013275 -0.012300 -0.016091 -0.002965 -0.012861 -0.000216 0.002129 0.012899 0.002352 0.002570 -0.002728 -0.000160 -0.030934 -0.008767 0.002719 0.010893 0.000000 -0.018705 0.014559 0.003151 0.000000 0.001428 0.006666 0.001494 0.013262 -0.001755 -0.002052 0.008321 0.020526 0.005167 -0.011260 0.000793 0.000688 -0.001003 0.006799 -0.000406 -0.002642 -0.005979 -0.011811 0.003259 -0.001692 -0.000419 0.020179 0.000714 0.008960 -0.003188 0.012145 -0.015782 0.004961 0.000000 0.008975 0.002139 0.000236 -0.016379 -0.003711 -0.007463 0.017956 0.000000 0.008131 -0.001489 0.001736 0.008110 -0.001435 0.012022 0.004091 0.018162 0.012976 0.004547 -0.006101 0.000175 -0.001708 -0.005551 -0.000620 -0.008283 -0.007003 0.002322 0.001954 0.010398 0.000342 -0.001735 0.004262 0.027133 -0.000877 0.000778 0.000000 0.000000 0.006380 -0.006874 0.006494 -0.001764 0.025298 -0.010952 0.002110 -0.000544 -0.004468 0.004331 0.015143 0.014841 -0.011591 0.009105 -0.000447 0.022048 0.029495 -0.025972 -0.011178 -0.004580 0.001878 0.001870 -0.001095 0.000000 0.014081 0.016978 0.000000 0.017217 -0.000920 -0.010136 0.006494 0.009571 0.025240 0.000137 0.000000 -0.015974 0.013725 0.024426 0.009331 -0.001018 0.001986 -0.009806 -0.027430 0.000000 0.001531 0.021935 -0.015652 0.000000 0.000000 0.021228 0.004053 0.008855 -0.001209 0.000166 0.000000 0.000000 0.001938 0.000000 0.000371 0.000000 0.013339 -0.002833 0.000478 0.000000 0.027414 0.000000 -0.008928 0.001887 0.021667 0.001608 0.000000 0.000519 0.019454 0.003236 0.000000 -0.001348 0.009969 -0.004288 0.000000 0.023607 0.000000 0.028658 
0.000000 12120.579472 0.028872 0.006558 -0.002779 0.000000 -0.000553 -0.000182 -0.004056 0.000000 0.009897 -0.008777 0.002079 -0.028974 0.000784 -0.005810 0.000566 0.000907 0.003609 0.030318 0.002266 0.000000 0.022224 0.000000 0.000000 0.000000 0.000572 0.000993 0.030009 -0.002446 0.000174 0.024358 0.007878 0.000000 -0.027960 0.015726 -0.002504 0.000188 -0.015471 0.015124 -0.000185 -0.010341 0.011533 -0.027928 0.000000 0.000000 0.005523 -0.000986 0.009814 -0.002253 -0.003450 0.000463 -0.000835 0.015951 0.002290 0.007702 0.000372 -0.001200 -0.002516 0.002968 0.004205 0.006169 -0.018165 0.001000 -0.003915 0.008969 -0.013968 -0.001616 0.009187 -0.000605 -0.010475 -0.007109 0.022216 0.013639 0.008439 -0.000861 -0.015118 0.000572 0.012122 -0.005221 0.000000 0.000000 0.022622 0.001509 -0.003397 0.000000 0.022446 -0.004250 -0.009180 0.000549 -0.002804 -0.019395 0.000000 -0.000424 -0.000792 0.000000 0.006179 -0.002414 -0.003164 0.010352 0.001329 0.030872 0.000271 -0.012062 -0.020047 0.018629 -0.020433 0.002239 0.010080 0.000000 0.013184 -0.028729 0.017958 -0.002936 0.000344 -0.004285 0.004772 0.000000 -0.028384 -0.004093 0.017202 0.002276 0.004153 -0.006758 -0.005691 0.000549 0.006799 -0.020304 0.003034 -0.013311 0.007322 0.008573 0.004442 -0.002840 0.002056 -0.000724 0.021123 -0.024504 -0.028956 0.000922 0.000000 0.000000 -0.015356 -0.014897 0.000000 0.021375 0.018776 0.000000 0.000343 -0.001180 -0.018025 0.024109 0.001312 0.007555 -0.018009 -0.015389 0.013941 0.028210 -0.019436 0.009725 0.000452 0.000000 0.000217 -0.014827 0.003074 0.000000 -0.000868 -0.014717 -0.001257 0.000000 0.000269 0.000000 0.000000 0.000624 -0.003793 -0.002077 0.000000 0.000308 -0.014856 -0.003803 -0.010394 0.000000 0.001433 0.004975 0.020338 0.006450 0.002178 0.001511 0.000000 0.001844 -0.005953 -0.000565 0.000000 -0.003645 0.000000 0.003027 
-0.004214 0.028872 40.032035 0.029365 -0.004130 0.016497 0.000000 0.016472 -0.005056 -0.001156 -0.022394 0.012222 -0.006351 -0.000293 0.024843 0.001846 -0.000342 -0.019192 0.024768 0.001443 0.000651 -0.023631 0.000392 0.006733 0.000000 -0.000197 -0.000533 -0.004749 0.000000 -0.000605 0.015528 -0.004356 -0.003916 -0.026235 0.004160 0.001558 -0.002426 -0.005967 -0.021591 0.005152 0.020311 -0.000380 -0.016670 -0.027026 0.000000 0.015696 0.027534 0.000483 0.000000 0.002739 -0.013160 -0.002157 0.003593 0.000000 0.000000 0.002699 -0.005032 -0.013247 0.003945 0.004824 -0.001822 0.003285 -0.005119 0.007896 -0.017715 0.003506 -0.001061 0.001815 -0.000850 -0.001471 -0.000116 -0.016887 -0.005146 -0.003452 -0.014952 -0.010028 -0.004654 0.021717 0.011920 0.003059 -0.002000 0.000848 -0.009951 -0.022262 0.000000 0.015084 0.006632 0.003803 -0.009179 0.000621 0.029019 0.001576 -0.000684 -0.000234 -0.002013 -0.002331 0.000583 0.002578 0.001061 0.000828 -0.013805 -0.006877 -0.025784 0.002537 0.000614 -0.020077 0.015392 -0.010669 0.010667 0.000000 -0.009376 -0.002632 -0.003809 0.013009 0.028864 0.009980 0.008520 -0.000184 0.008441 0.020975 0.000000 -0.005118 -0.010533 0.016569 -0.009147 -0.011898 0.005221 -0.009000 0.003599 -0.000360 -0.013978 0.000000 0.011368 0.029122 0.020719 0.000000 0.000000 0.007429 0.000220 0.026675 -0.028672 0.000000 0.017058 0.009800 0.001253 -0.000497 0.004920 0.000143 0.002941 0.011573 0.003209 -0.016789 0.001037 0.000274 0.023692 -0.019039 0.009988 0.000634 0.006533 0.012740 0.000000 -0.028697 0.001280 0.001755 0.008132 -0.019481 -0.004635 -0.025474 0.000245 0.016402 -0.000909 -0.000119 0.002999 -0.000583 0.010326 0.001639 -0.000315 0.000000 0.002298 -0.000677 -0.003531 0.018829 0.017419 -0.027249 0.009052 0.000351 -0.006383 0.003204 0.004420 0.000000 0.016781 0.020268 -0.007559 0.000000 -0.001542 -0.019884 
-0.020764 0.006558 0.029365 36.154168 0.002200 0.016938 0.000153 0.000000 0.013948 0.000000 0.017579 0.015127 -0.001581 -0.000365 0.000000 0.000000 -0.013196 0.001230 -0.018442 -0.006366 0.005178 -0.005237 0.001258 0.026078 -0.004112 -0.030730 -0.016571 0.003914 0.003674 -0.013252 -0.002420 -0.000716 -0.009945 0.000000 0.001436 0.014486 -0.002732 0.023748 -0.003378 0.008353 0.009443 -0.001715 -0.023878 -0.010481 -0.004013 -0.000194 0.002171 -0.000275 0.002221 0.006701 0.000000 -0.007623 -0.014452 -0.004272 0.000000 -0.012088 -0.010597 0.002072 -0.000440 0.013851 0.004687 0.000939 -0.019459 -0.009588 0.008231 0.007708 0.005857 -0.002785 -0.022881 0.001529 0.018105 -0.000647 0.017338 -0.013283 0.018441 -0.002092 0.014529 0.004859 -0.004749 -0.009102 0.007655 -0.007977 -0.010947 0.000462 0.030458 0.000488 -0.007195 -0.012580 0.000265 -0.005177 -0.009296 -0.030460 0.027487 -0.021035 0.002937 -0.002510 -0.001859 0.003127 -0.016119 -0.005598 -0.002971 -0.000332 -0.001747 -0.009751 -0.003734 -0.005991 0.012650 -0.003053 0.012436 0.004285 0.002232 0.000000 0.000477 0.002317 -0.007740 -0.007602 0.000000 -0.010066 -0.007275 -0.020280 -0.005378 0.025887 -0.004993 0.000366 -0.005218 0.008554 -0.008770 0.017539 -0.025480 -0.004396 0.011851 0.002457 -0.016538 0.026748 0.007291 -0.005418 0.002527 0.000000 -0.015590 0.014954 0.010358 -0.017317 0.000000 0.027680 -0.007091 -0.000251 0.013259 -0.024433 -0.004186 -0.003679 -0.002717 0.000000 0.000400 0.023998 0.018679 0.011919 0.000000 -0.029805 -0.010444 0.026310 0.021031 0.001217 0.007263 0.026688 -0.009822 0.000642 -0.009267 -0.000869 0.002788 0.003854 -0.015361 -0.027215 -0.025302 0.020484 -0.018415 0.010456 0.002869 -0.006432 0.005741 0.028464 0.000138 0.020997 0.007055 -0.004160 0.000000 -0.023438 -0.015133 0.010588 0.000386 -0.006933 -0.021598 -0.012649 -0.029679 0.006199 0.002908 0.004373 
0.000000 -0.002779 -0.004130 0.002200 334.430929 0.000000 0.000000 0.002166 0.000000 0.000000 -0.007478 0.000225 0.011347 0.001783 0.024754 -0.007551 0.000000 0.001277 0.000610 -0.021470 0.000440 -0.002507 0.012107 0.000000 0.000000 0.000208 0.017056 0.000000 0.000000 0.000886 0.006154 0.003473 0.031097 0.026769 -0.009380 -0.005179 -0.006938 -0.003075 -0.021173 0.000679 0.015557 -0.000625 0.017522 -0.001086 -0.000987 0.014926 -0.024937 -0.012814 0.000000 -0.010377 -0.016217 0.002342 -0.000528 0.008139 0.000000 0.001440 0.003220 -0.001567 -0.000979 -0.000728 -0.000201 -0.002010 -0.009975 -0.016157 0.009326 0.002906 -0.007550 0.006035 -0.019775 -0.006125 0.014869 0.028748 0.021818 0.014462 -0.029285 0.016439 0.000120 -0.001321 0.002121 0.010675 0.003327 -0.002409 0.002458 0.009647 -0.000345 -0.002290 -0.018219 0.010203 0.016841 0.000000 0.022212 0.004695 0.001643 0.000282 -0.010717 -0.002816 0.013967 0.013917 -0.001406 -0.009169 -0.001446 -0.000575 -0.009501 -0.021181 0.009699 0.006692 0.023179 0.000200 0.028257 0.000000 -0.022902 0.000596 0.000000 0.000000 -0.014439 -0.000167 0.007485 0.010635 -0.023818 -0.004633 -0.009806 -0.020568 0.001139 -0.006709 -0.010946 0.006892 -0.003952 -0.006610 -0.001239 0.003351 -0.029749 -0.001007 0.011602 0.020535 -0.012811 0.008069 0.000402 0.007888 -0.001653 0.010545 -0.000338 0.000000 0.009671 -0.002076 -0.001291 0.000837 -0.009529 0.011538 0.000000 0.000000 0.011443 -0.001788 0.000388 0.024877 0.000269 0.007629 -0.027061 0.000000 0.004708 0.000261 0.009090 0.002804 -0.000193 -0.000622 -0.006046 0.000000 -0.007208 -0.000508 0.000000 -0.009480 0.010660 0.003971 0.001002 0.000736 -0.004294 0.026282 0.019195 0.000000 -0.019195 -0.009308 -0.000188 -0.004364 -0.028245 0.004608 0.013545 0.000274 -0.000704 -0.004861 -0.020868 -0.000385 -0.016390 -0.010359 -0.018478 0.004794 0.000249 0.000140 
-0.027697 0.000000 0.016497 0.016938 0.000000 486.393813 0.012713 0.000602 -0.000152 0.000000 -0.028384 0.000000 0.000216 0.014776 0.000000 0.026921 0.005324 0.000000 0.023085 -0.004598 0.000000 0.000000 0.019661 0.000000 -0.021863 -0.002532 -0.001738 -0.001521 0.026877 0.001553 0.000132 -0.001209 0.003302 0.000000 -0.025658 -0.016643 -0.000231 0.001568 0.017260 -0.022755 -0.016304 0.002375 -0.013572 0.009037 0.004690 0.001329 0.007490 -0.000140 -0.026655 -0.000476 -0.019527 0.005142 0.002502 0.000000 -0.001568 -0.011509 -0.025239 0.008172 0.000000 -0.001583 -0.007502 0.013145 -0.001109 0.000000 -0.005775 -0.012390 -0.013195 0.002799 0.014726 0.019591 0.007976 0.017051 -0.003349 -0.001018 -0.007510 -0.000129 0.002770 0.000948 -0.001505 0.021488 0.000407 0.000000 -0.025044 0.006028 -0.009523 0.000000 0.017557 0.002595 0.016584 -0.001907 -0.006428 0.014412 -0.006421 0.027740 -0.002721 -0.003044 0.000000 0.008740 -0.001060 -0.006377 0.001415 -0.006168 -0.002824 0.008670 -0.015200 0.028171 0.019740 0.003547 -0.020513 -0.017062 0.015326 -0.004863 0.000000 -0.000663 -0.001106 0.000206 0.000215 0.000958 -0.008541 -0.006019 0.005463 -0.003918 0.001319 0.005723 0.018730 -0.000684 -0.001171 0.006406 -0.030248 -0.000390 -0.001048 0.016358 0.007884 -0.001333 0.012093 -0.001984 0.019961 -0.000191 0.027977 -0.001658 0.000000 0.020146 0.017844 -0.000907 0.006380 0.000000 0.001952 0.006004 -0.014209 -0.000374 0.010930 -0.015741 0.011109 0.002136 -0.005205 0.008512 -0.022025 0.001100 0.003181 0.022775 -0.005287 -0.010419 0.013283 -0.002532 0.000000 -0.005222 -0.014086 0.006117 0.000000 0.000000 0.011296 0.015535 0.016919 -0.000714 0.000465 -0.014773 0.000000 -0.001735 0.024860 -0.007734 0.000520 -0.000783 0.015690 0.003275 0.000000 -0.000990 0.001346 -0.024343 -0.002411 0.000000 0.004970 -0.016951 -0.000304 0.000000 0.008094 0.001338 
-0.017827 -0.000553 0.000000 0.000153 0.000000 0.012713 10.187416 -0.018740 0.011857 0.016533 0.011681 0.021517 -0.010164 0.011722 -0.002163 0.003474 -0.009330 -0.000129 0.011828 -0.000484 0.010527 0.006084 0.012930 -0.012529 0.000000 0.004054 0.000399 -0.023899 -0.027550 0.009922 -0.024564 -0.030405 0.000000 0.005135 0.006695 0.027525 0.006087 -0.003304 0.002421 -0.003306 0.012256 0.013031 0.007506 0.000772 -0.028849 -0.006676 0.019361 -0.003658 0.000000 -0.001972 -0.009402 -0.020452 0.015254 0.003659 0.000000 0.000968 0.007165 0.022297 -0.001630 -0.013885 0.001532 -0.013548 -0.005436 -0.019171 -0.000313 -0.020022 0.002049 -0.027668 -0.011834 -0.005482 0.001780 -0.010378 0.006700 0.002296 0.015870 -0.001618 -0.013931 0.003718 0.009588 -0.010042 0.023015 0.012864 0.020931 -0.001529 -0.022589 0.028932 0.007329 -0.000644 0.009471 -0.004256 -0.011001 -0.030191 -0.007954 -0.001167 -0.012333 0.000000 0.000908 0.020056 0.011030 0.001773 -0.012784 0.017602 0.011139 0.022021 0.004954 -0.016132 0.005851 -0.001775 0.028427 -0.005359 0.020047 0.011355 -0.024709 0.001213 0.000000 0.015204 -0.003386 -0.007522 0.016441 0.027366 -0.020125 -0.008592 -0.002944 0.012423 0.000348 0.006430 -0.006578 -0.019392 -0.021834 -0.005388 0.017243 -0.024638 0.011101 0.007266 0.000578 0.006259 -0.028689 0.017841 0.016182 0.026837 0.001062 -0.004878 0.012517 0.006688 -0.006933 -0.008688 -0.005522 0.018342 -0.005162 0.003057 0.000449 -0.017155 0.000159 0.000000 0.027515 0.021443 0.010082 -0.007206 0.004476 -0.014401 0.008202 -0.000119 0.007715 -0.001241 -0.023274 0.002907 -0.015271 -0.002503 0.000103 -0.009113 0.009433 -0.019233 -0.027285 -0.005060 -0.002426 0.000381 -0.017608 0.000749 -0.015657 0.022428 -0.009719 -0.013374 0.003673 0.000704 0.029900 0.003469 -0.000572 0.003294 -0.013839 0.021537 0.014788 -0.003956 -0.008260 0.003849 -0.002973 0.027006 
-0.017030 -0.000182 0.016472 0.000000 0.002166 0.000602 -0.018740 18.344927 0.005030 0.000000 0.023698 -0.000399 -0.010043 0.000746 -0.001221 0.000434 0.009678 -0.011476 -0.001516 -0.002452 0.015820 -0.001469 0.019172 0.000000 0.003578 0.000000 0.000000 0.021380 -0.001716 -0.008534 -0.011534 -0.006258 -0.011106 -0.002752 0.006815 -0.014148 0.001978 0.002433 -0.007055 -0.019628 -0.023380 -0.001060 0.001093 0.001078 -0.000284 0.000000 0.024408 0.001126 0.001016 -0.005574 0.024807 -0.029210 0.000929 0.000000 0.001166 -0.000483 0.000102 0.018014 -0.000869 0.015458 0.001048 0.000000 0.003756 -0.014337 0.004640 -0.003122 0.024440 0.002276 0.020327 0.002265 -0.001247 0.020150 0.019386 -0.023810 0.000473 0.004959 -0.000133 -0.001718 0.002125 -0.016503 0.000000 0.000000 -0.004321 -0.006663 0.000000 0.000000 -0.027003 -0.015818 0.027904 -0.002459 -0.003607 -0.001967 -0.001591 -0.011337 0.014106 -0.002372 -0.000493 0.006853 0.002251 0.003245 0.000000 0.004864 0.004437 0.017031 -0.001844 0.008747 -0.001127 0.000000 -0.009610 -0.027607 0.022430 0.000000 0.008006 -0.003544 -0.017939 0.003453 0.021023 -0.000631 0.021557 -0.021678 -0.002398 -0.010772 -0.001526 0.010429 -0.014518 -0.000586 0.013701 0.000000 0.000919 -0.026320 0.024462 -0.011249 0.001043 0.000000 0.003470 0.002440 0.000000 -0.001307 -0.008831 0.018551 -0.001332 0.000000 -0.021820 0.000000 -0.003807 -0.015932 -0.006972 0.003068 -0.001077 0.000000 -0.023428 0.005268 0.015058 0.007517 0.000000 -0.020587 0.008005 0.000523 -0.002824 -0.028765 0.000000 0.002048 0.001110 -0.010972 0.000000 0.024921 0.001344 -0.001778 0.000000 -0.004651 0.007819 -0.000385 0.001255 0.000000 -0.007814 0.000000 -0.025216 0.007424 0.013907 0.000385 0.015153 0.002209 0.022744 0.001716 0.028190 0.006491 0.001273 -0.005735 -0.002265 0.000000 0.008820 0.019255 -0.002036 -0.008505 0.012952 -0.001588 
0.002389 -0.004056 -0.005056 0.013948 0.000000 -0.000152 0.011857 0.005030 60.140573 -0.005616 -0.003245 -0.008547 -0.005575 0.001405 -0.005793 0.000000 -0.006835 -0.000145 -0.022469 0.003961 0.006327 -0.004724 -0.028010 0.000000 -0.001352 -0.004904 0.000727 0.024227 -0.030253 -0.006933 0.022092 0.006578 -0.011532 0.022830 0.021766 -0.011211 -0.000715 -0.001918 -0.000797 -0.022235 -0.016129 0.017359 0.008529 -0.000842 -0.002833 0.000000 -0.011435 0.000000 0.000000 0.000000 0.026929 0.000481 -0.018099 0.005121 0.006792 0.010285 -0.004430 -0.001239 -0.001693 -0.004617 -0.004216 0.006719 -0.019565 0.001147 -0.005216 0.006159 0.001851 -0.003184 -0.006559 0.010837 0.003996 0.003080 -0.011890 0.000217 -0.019441 0.000000 0.002222 0.007438 0.026157 -0.016679 -0.001163 -0.005674 -0.006399 0.001878 0.005095 0.003926 -0.002472 0.003283 0.000372 0.008752 0.001506 -0.000602 -0.000333 -0.011597 0.017331 0.007566 -0.001043 -0.003834 0.031190 0.000000 -0.013772 -0.006764 0.017940 0.003834 -0.005488 -0.001197 0.003070 0.003762 0.000000 0.000000 0.011642 -0.002701 0.001205 0.028142 -0.001296 0.001323 -0.012745 -0.006313 0.024183 0.000000 0.000664 0.022425 -0.021419 0.002734 -0.015627 -0.002451 0.004239 0.014805 0.004824 0.008507 -0.013170 0.018758 0.003980 -0.005997 0.003428 -0.003412 0.006359 0.010561 -0.030693 0.005062 -0.000235 -0.011887 -0.012949 -0.002128 0.000000 -0.003046 0.000000 -0.000188 -0.002501 0.000000 -0.001187 -0.007955 -0.011562 0.000000 0.015723 0.002511 -0.000810 -0.025891 0.028977 0.007808 -0.001484 0.002676 -0.001448 0.008111 0.000000 -0.013269 -0.020562 0.005659 0.003794 -0.019237 0.029153 -0.006043 -0.002139 0.000213 0.010211 -0.000568 0.000000 0.001680 0.002670 -0.022255 0.005472 0.003175 0.020319 -0.004650 0.000000 0.000000 -0.001714 -0.010374 0.005068 0.023041 0.027176 -0.008605 -0.000728 -0.000939 -0.004702 0.007306 
0.000000 0.000000 -0.001156 0.000000 0.000000 0.000000 0.016533 0.000000 -0.005616 1098.431681 0.028089 0.017276 -0.000671 -0.001376 -0.005430 -0.005109 0.000000 0.000000 0.000333 0.001309 0.000419 0.000000 0.012887 0.000360 0.000830 0.000000 -0.015128 0.005602 -0.013052 -0.001807 -0.024820 -0.030910 0.017762 -0.020550 0.009674 0.008485 0.001086 0.008405 -0.010567 0.021331 0.000000 0.000000 -0.008019 0.000147 0.007394 -0.014098 0.007153 0.000000 0.015378 -0.009398 0.003952 -0.000467 0.014516 0.003785 -0.007421 -0.015150 0.000398 -0.000637 -0.020670 -0.001073 0.000845 0.011802 -0.004376 -0.000921 -0.003149 0.003439 0.024033 -0.005467 0.015709 0.000000 0.017690 0.019660 0.013689 -0.006638 0.002751 0.013123 -0.029678 -0.001802 0.000000 -0.006711 0.000000 0.000000 0.024895 -0.000786 0.000000 0.000000 0.013636 -0.004722 -0.003494 -0.020541 -0.003087 -0.011487 0.000892 0.010808 0.001954 0.005164 -0.002223 -0.011374 -0.002561 0.028766 -0.000419 -0.004280 0.001708 -0.001608 0.002845 0.019427 -0.002168 0.023803 -0.002066 0.000000 0.005552 0.000000 -0.002430 0.000000 -0.019826 0.000256 0.000655 0.004086 -0.001033 0.017995 0.006383 -0.002987 -0.015527 -0.014003 0.014251 0.027795 -0.009567 -0.007373 -0.005556 0.007136 0.015484 -0.009230 -0.001042 0.002046 -0.025721 0.013348 0.000000 0.000000 -0.017878 0.009066 -0.001994 0.000000 0.020529 -0.014480 0.001283 0.025146 0.009165 0.019886 -0.000946 0.000602 -0.003590 -0.011443 0.000000 0.000110 -0.013978 -0.008536 0.000457 -0.002297 -0.011299 0.003201 0.003168 -0.014915 -0.022753 0.000969 -0.015899 0.018079 -0.008520 0.010390 -0.018739 -0.000553 0.014706 0.030073 0.000000 0.022994 -0.000529 0.000279 0.000000 0.011784 0.010074 0.000104 0.000000 0.000830 0.001926 -0.024707 0.021947 0.030943 0.001104 0.001752 -0.000142 0.000000 -0.007311 0.023863 0.015611 0.000000 0.029950 0.009587 
-0.002731 0.009897 -0.022394 0.017579 -0.007478 -0.028384 0.011681 0.023698 -0.003245 0.028089 0.358880 -0.009197 -0.021687 0.003993 0.001211 0.019719 -0.015366 -0.023016 0.001423 -0.000966 -0.000715 -0.024203 0.013415 -0.001113 0.004200 0.012118 -0.001756 0.014205 -0.031194 0.017880 0.009679 -0.000575 -0.005107 0.007872 -0.004198 0.000600 -0.008161 -0.023990 0.004997 -0.005308 -0.001486 -0.008778 0.004958 0.016495 -0.000739 -0.004538 0.007247 0.024945 0.001809 0.002382 -0.022103 0.001790 0.013666 0.004644 -0.005866 0.011333 -0.008448 -0.003792 -0.005622 -0.011550 -0.006091 -0.029676 -0.003043 0.023003 -0.007015 -0.008985 0.008078 -0.009067 0.030419 0.017396 -0.022135 -0.003287 0.004552 0.018785 0.003810 -0.013267 -0.024850 0.024120 0.011267 0.004190 -0.018355 -0.005724 -0.017544 0.008275 -0.010547 -0.012129 0.008780 0.010604 0.016430 -0.024605 -0.015589 -0.002005 -0.008833 -0.013638 -0.004114 0.000000 0.001087 -0.021504 -0.002213 0.009202 -0.011883 -0.015502 0.000000 0.000000 0.001905 -0.004182 -0.005776 0.003129 0.014299 0.012572 0.005986 0.007117 -0.021694 0.002101 -0.018595 -0.013455 0.021465 -0.024700 0.021392 -0.006357 0.008501 -0.005701 0.007946 -0.019731 -0.013890 0.007891 -0.019384 0.002043 0.009870 0.013518 0.011518 0.025414 -0.027726 0.008141 -0.008127 -0.002381 0.000793 -0.009192 0.018271 -0.005406 -0.022311 0.019494 -0.014684 -0.027771 0.019880 0.002642 0.026520 0.010314 0.014905 -0.019185 -0.003922 0.002549 -0.025609 0.000000 -0.005245 0.009928 -0.010085 -0.027593 0.003493 0.017979 -0.003107 -0.029498 0.011017 0.017087 -0.025758 0.006792 0.015896 -0.014991 -0.017895 0.018351 -0.010785 0.006827 0.000000 0.006452 0.002303 -0.021288 0.028563 -0.000288 0.006558 -0.014330 0.016501 -0.019646 -0.001328 -0.002155 0.021296 -0.022754 -0.008618 0.018771 -0.005364 -0.013843 -0.026988 0.010527 -0.022219 0.003357 -0.017592 0.005754 
0.006392 -0.008777 0.012222 0.015127 0.000225 0.000000 0.021517 -0.000399 -0.008547 0.017276 -0.009197 17.023210 0.001686 -0.000621 -0.019801 -0.003473 0.000000 -0.014296 0.000000 -0.005224 -0.030107 -0.017100 0.010432 -0.006118 0.025727 -0.000562 0.001177 -0.001940 -0.015360 0.000000 0.004110 -0.001705 -0.003294 0.022005 0.000856 0.010709 0.000000 0.017924 0.006601 0.012693 0.000103 -0.002686 0.010138 0.011661 0.000000 -0.013754 0.001602 0.000000 -0.028204 0.022397 0.028104 -0.021536 -0.000741 0.001356 -0.007599 -0.010257 0.006152 -0.012340 0.000775 -0.000292 0.000216 -0.000984 0.001409 0.001863 -0.005915 0.010051 0.028963 0.002479 -0.013200 0.005235 0.009282 -0.004214 -0.001158 0.001567 0.004620 0.002737 -0.001128 -0.007049 -0.011010 0.003496 0.000000 -0.008486 -0.000173 -0.022566 -0.024869 0.003114 0.014887 0.000254 0.000586 0.018149 0.030108 0.001503 0.008743 -0.011501 -0.002799 0.001418 -0.008316 0.016905 0.024753 -0.000330 -0.000192 0.000000 0.002505 -0.000252 0.018595 0.019532 0.008629 0.003214 -0.007828 -0.018150 0.005421 0.010656 0.005655 0.000479 0.000000 -0.005882 0.021734 -0.006547 0.009826 0.001012 0.012107 0.017249 -0.000346 -0.029295 -0.004695 0.023641 -0.029727 -0.015497 0.003122 -0.011570 -0.009798 -0.003171 -0.006630 -0.002074 0.002766 0.000255 0.000000 -0.029996 -0.000405 0.023137 -0.000175 -0.005407 -0.001112 -0.007194 -0.011950 0.000310 -0.012927 -0.003831 -0.026484 0.010599 0.031028 -0.008209 0.000000 0.000316 -0.006460 0.000946 0.025303 0.001769 -0.001031 -0.007212 0.001318 0.000000 0.001788 0.000000 -0.000738 0.003061 -0.013444 -0.016524 -0.023656 -0.017702 0.010583 0.008442 -0.000141 -0.025215 -0.005984 -0.019377 -0.002368 0.003958 0.002581 0.000492 -0.007001 0.000738 -0.008129 0.023604 0.000000 0.002292 0.002341 0.006774 0.001571 -0.000868 -0.003849 0.029547 0.000996 0.000000 -0.000346 -0.000618 
0.001296 0.002079 -0.006351 -0.001581 0.011347 0.000216 -0.010164 -0.010043 -0.005575 -0.000671 -0.021687 0.001686 95.118185 0.024854 0.000753 0.001320 0.001051 0.013374 -0.000286 0.012836 0.011906 0.007970 -0.014216 0.000000 0.005726 -0.005201 -0.000288 0.004375 0.000000 0.000000 -0.001686 -0.002611 0.002122 0.025241 -0.001857 0.017722 -0.000326 -0.009800 0.022185 0.000430 0.004313 -0.002878 -0.006885 -0.001947 0.000526 0.019615 -0.005123 -0.009630 0.000437 0.028072 0.024927 -0.000484 -0.000597 0.000000 0.014324 -0.026558 0.027846 0.000000 -0.000392 -0.011227 0.002640 0.030343 0.014496 0.009526 -0.002929 -0.016079 -0.008902 -0.005813 0.027532 0.000355 -0.024784 0.014771 -0.018837 0.029425 -0.020953 0.014237 -0.007140 -0.009161 -0.008441 -0.014494 0.000000 0.007951 -0.009104 0.024057 -0.011335 0.000000 -0.022518 -0.003537 0.000000 -0.003791 -0.006160 -0.000741 -0.006950 -0.002830 0.009427 -0.004381 0.000858 -0.002178 0.010787 0.016907 0.000000 0.006477 -0.025851 0.009871 -0.002515 -0.006854 0.001429 -0.002616 -0.005417 -0.019455 -0.014057 0.013287 0.008062 0.003470 0.016240 -0.001586 0.002755 -0.000492 0.025640 0.000168 0.000000 0.000000 -0.000960 -0.008381 0.025985 0.024446 0.005574 -0.009733 -0.005352 0.010481 -0.022430 -0.010473 -0.025083 0.003394 -0.012241 -0.004622 0.000000 0.000000 -0.000977 -0.014546 0.000000 0.000000 -0.000920 0.005953 -0.001813 -0.025880 -0.002547 0.000000 0.015739 0.011270 0.005441 -0.000266 -0.019051 0.000608 -0.002283 0.009314 0.019770 0.000810 0.027536 -0.027354 -0.002165 -0.011609 0.000263 0.020025 0.020412 -0.004216 0.015074 -0.021689 -0.025659 0.007607 -0.000555 0.016925 -0.004174 0.000000 -0.027130 0.008541 0.000000 0.000000 -0.000388 -0.018306 -0.017160 -0.000686 0.014091 0.000000 -0.002239 0.000880 -0.001360 0.004600 -0.002244 0.000218 0.007682 0.000958 0.000230 0.028938 0.007436 0.000645 
-0.000405 -0.028974 -0.000293 -0.000365 0.001783 0.014776 0.011722 0.000746 0.001405 -0.001376 0.003993 -0.000621 0.024854 3.242324 0.017214 -0.018900 0.024292 -0.021793 -0.000251 0.016398 -0.000555 -0.019362 -0.003021 -0.000618 -0.000484 -0.000549 0.030489 -0.024566 -0.005887 -0.000429 0.004269 0.009602 0.007269 -0.025585 0.000000 0.007005 -0.008339 -0.024957 -0.008878 -0.025323 0.000104 -0.014314 0.004720 0.014454 -0.023079 0.000761 -0.001970 -0.000490 -0.018347 0.000000 0.020259 -0.002587 0.004262 -0.000155 0.000469 -0.006209 0.001925 -0.014904 -0.019363 0.004788 0.000864 0.030748 0.004251 -0.030839 0.023139 0.002249 0.000000 0.007289 -0.007761 0.002292 -0.001047 0.009343 0.015477 0.025993 0.011189 0.008642 0.020064 -0.014097 0.003879 -0.025728 0.001337 -0.016124 -0.018315 0.003810 0.004012 -0.008821 -0.000160 -0.023963 -0.021525 -0.012415 0.024210 0.013838 0.009273 -0.026991 0.014859 0.017172 0.009659 0.000000 -0.005588 0.025088 0.021442 -0.024826 0.000999 0.015307 0.015118 0.009747 0.000311 0.013445 0.013906 0.000000 -0.012390 -0.027934 -0.013441 0.006106 0.003624 -0.026556 -0.001995 0.022747 -0.022976 -0.026062 0.002455 -0.012142 -0.002748 -0.008760 -0.014658 0.008698 0.005713 0.011406 0.002544 -0.014874 0.000808 0.002548 -0.015559 -0.000309 -0.005137 0.009531 0.002655 0.009080 0.020830 0.000839 -0.001522 -0.013988 0.022262 -0.000106 -0.002326 -0.027375 0.003448 -0.001157 -0.001314 0.001262 -0.002307 -0.000887 0.000000 0.019647 0.004719 0.011099 0.007637 -0.000411 -0.004411 -0.004439 0.000000 0.000469 -0.021527 -0.009584 0.000910 0.004607 -0.024523 0.005384 0.000429 0.002536 0.005738 -0.000148 -0.025092 0.000901 0.018109 -0.031072 0.015158 -0.003211 0.001387 0.014928 -0.015315 0.007799 0.012560 -0.009368 0.012924 -0.015745 -0.006147 0.000000 -0.001344 0.009546 0.001743 0.003120 -0.002049 0.001065 0.000288 -0.022522 
-0.018973 0.000784 0.024843 0.000000 0.024754 0.000000 -0.002163 -0.001221 -0.005793 -0.005430 0.001211 -0.019801 0.000753 0.017214 15.446072 -0.009475 0.000144 0.008631 -0.000955 0.000000 0.000000 0.029217 0.013306 0.002032 0.006932 0.000000 0.000397 0.000422 0.001655 0.000000 -0.004474 0.028807 0.002241 0.001607 0.015332 -0.003868 0.010486 0.000000 -0.021871 -0.003323 -0.001974 -0.000777 0.019026 -0.016538 0.022338 -0.000790 0.003800 -0.000357 -0.000159 0.000133 -0.025555 0.023109 0.012573 -0.020123 -0.025507 -0.000983 -0.013037 -0.000235 0.007788 0.000000 -0.020293 0.024302 0.023682 0.000000 0.009669 0.002729 -0.017948 0.018726 -0.004878 0.000460 -0.002938 0.000188 0.019057 -0.020706 -0.011926 0.000000 -0.011013 -0.000723 -0.003720 0.013675 0.018831 -0.020158 -0.016217 -0.014271 0.008860 0.000336 -0.006308 0.000000 0.000000 0.014033 0.007096 -0.006552 0.018724 -0.009675 0.002307 -0.006090 -0.000205 -0.019114 -0.009556 0.005515 0.009615 0.012163 0.001377 0.012252 -0.001778 0.005545 0.000000 0.007815 0.004728 -0.002245 0.014509 0.000558 0.001877 0.000693 -0.004316 0.000236 -0.003992 0.000105 0.027041 -0.000155 0.027857 0.012851 0.000738 -0.005215 0.014347 -0.004646 0.025008 -0.004629 0.017253 0.022187 0.014518 0.000000 -0.028921 0.021726 -0.016771 -0.016997 0.000000 0.002730 0.000000 0.001656 0.000000 0.000000 0.021179 -0.030647 0.010434 -0.023191 0.005231 0.013575 0.000000 0.001264 -0.009728 -0.013990 -0.004246 -0.001107 -0.012714 0.007410 -0.006948 -0.000606 -0.006417 0.018867 -0.000743 0.001471 -0.000381 0.014018 0.000000 0.000000 -0.002937 -0.008970 0.011017 0.018245 0.000173 -0.015239 0.000000 0.000333 0.022979 -0.001765 -0.008779 0.000000 0.008729 -0.000901 -0.002606 0.000214 0.000635 -0.006067 0.000000 -0.022562 -0.002992 -0.001312 0.007334 -0.000461 -0.012012 -0.005079 0.001669 -0.001256 -0.016281 0.018244 
-0.001875 -0.005810 0.001846 0.000000 -0.007551 0.026921 0.003474 0.000434 0.000000 -0.005109 0.019719 -0.003473 0.001320 -0.018900 -0.009475 2.198636 0.004990 0.000000 0.011739 -0.001106 0.003913 -0.000108 -0.020933 0.003925 0.000404 -0.003853 0.020298 0.002037 0.010148 -0.000372 -0.004484 0.001515 0.000124 0.013315 -0.026998 -0.019458 0.006008 -0.005364 -0.005318 -0.009779 0.000266 0.030748 -0.018694 0.002531 0.007782 -0.020980 -0.000226 0.007018 0.008373 0.000000 0.000628 -0.001444 -0.000726 0.000357 -0.003110 -0.000429 0.004391 -0.012819 -0.011507 -0.023883 -0.001388 -0.024626 0.010914 0.026351 -0.003425 -0.000703 0.001508 0.000129 -0.004624 -0.012176 -0.022684 0.014607 -0.024386 0.031071 -0.010398 -0.002287 -0.012297 0.011701 -0.010223 0.000000 0.012265 0.000149 0.005095 0.002674 0.002897 0.025015 0.009655 -0.006240 0.000000 0.009948 0.021643 -0.004326 0.022666 0.017705 -0.012692 0.003568 0.002480 -0.021298 0.022603 0.011600 -0.023884 -0.000295 0.029852 -0.003286 -0.001887 -0.007111 -0.002542 -0.001013 -0.009394 0.009691 -0.021631 -0.018411 0.002770 0.026924 -0.000649 -0.000503 0.001652 0.002783 0.016222 -0.002121 -0.029434 0.016115 -0.000977 -0.000221 -0.008505 -0.002490 -0.015816 0.010906 0.022782 -0.000563 -0.008125 -0.018538 0.023265 0.019085 0.016031 -0.007820 -0.006657 -0.030897 -0.004935 -0.000980 0.016674 0.013784 -0.020694 0.025424 0.026083 0.006742 -0.015040 -0.011821 0.000894 0.000288 0.010619 0.000645 -0.005550 0.013085 -0.013018 0.000642 0.011648 0.000727 -0.014359 -0.018239 0.007218 0.001627 -0.001004 -0.029489 -0.001900 -0.001216 -0.006896 0.008773 -0.018214 -0.010447 0.009354 -0.013311 -0.028016 -0.001900 -0.015252 -0.005415 0.000000 0.014010 -0.010833 -0.000325 -0.001622 -0.008079 -0.006721 -0.024824 -0.005041 0.000176 -0.012978 0.000736 -0.000896 0.013998 -0.001172 0.019203 0.028367 0.001056 0.029303 -0.007432 
0.004374 0.000566 -0.000342 -0.013196 0.000000 0.005324 -0.009330 0.009678 -0.006835 0.000000 -0.015366 0.000000 0.001051 0.024292 0.000144 0.004990 109.956061 0.002628 -0.005247 0.028371 -0.000221 -0.000352 0.000563 -0.000344 0.014425 0.002797 -0.022247 -0.004611 0.016387 0.008190 -0.004695 0.019500 -0.002077 0.000000 0.000000 0.003559 0.000126 -0.003473 -0.001093 -0.000521 -0.009949 -0.004599 -0.005947 0.001645 0.000832 0.024494 -0.014972 -0.028696 -0.001898 -0.002857 -0.010783 0.000673 0.000000 -0.001533 -0.002510 -0.001169 0.002166 0.024488 -0.000679 0.000758 -0.008007 0.004323 0.000930 0.028858 -0.025858 -0.023702 0.000240 -0.028382 -0.008387 0.000000 -0.000706 -0.022165 -0.001419 0.002791 -0.026282 -0.017806 -0.017799 0.000000 0.005443 -0.003720 0.000000 -0.000888 -0.001163 -0.011737 0.006167 0.005845 0.014820 0.007906 0.000000 0.008694 0.000172 0.015555 0.002997 -0.020743 -0.001620 -0.005338 -0.000741 0.001962 -0.001940 -0.001323 0.023649 0.009710 -0.006672 0.001045 -0.005617 -0.004663 -0.003442 0.002680 0.004257 0.000000 0.007249 -0.018723 0.007236 0.026351 0.002809 0.029627 0.000000 -0.003918 -0.013818 -0.002589 0.007072 -0.001357 -0.000403 0.030928 -0.006262 -0.000584 0.000000 -0.021298 0.009809 0.009258 0.000478 0.000000 0.015725 0.007699 -0.000310 -0.024434 -0.002509 0.000000 -0.004747 0.023134 0.000000 0.000000 -0.012713 -0.016825 0.015939 -0.008630 0.006796 0.000000 0.000000 -0.000227 -0.000459 0.027336 -0.016134 0.001934 -0.013791 0.018444 -0.023365 0.000000 -0.030898 -0.006918 0.000000 -0.001510 0.030052 0.002205 -0.017340 0.018141 0.006525 0.001934 -0.015156 0.005292 0.000329 -0.027125 -0.022251 -0.009998 -0.007220 -0.003104 0.000000 0.000000 0.002623 0.024943 -0.001031 0.000000 -0.000140 -0.003447 0.000000 0.002230 0.003106 -0.000127 0.000000 -0.000895 -0.008578 -0.001297 -0.006649 0.009516 -0.002809 0.021268 
0.000000 0.000907 -0.019192 0.001230 0.001277 0.000000 -0.000129 -0.011476 -0.000145 0.000000 -0.023016 -0.014296 0.013374 -0.021793 0.008631 0.000000 0.002628 229.366680 0.000000 -0.000334 -0.008153 0.016919 0.002923 0.000861 0.000368 -0.000511 -0.031114 -0.004065 -0.002394 0.000000 -0.031180 0.016459 -0.001000 0.000000 -0.002144 -0.016184 0.000000 -0.001473 0.012531 0.020849 -0.000734 -0.008411 -0.001943 -0.026542 0.000000 0.000000 -0.019881 0.007489 -0.029864 -0.001466 0.028534 -0.010738 0.000000 0.013889 0.004957 0.000862 -0.004703 0.010419 -0.001014 0.002429 0.013824 0.004834 -0.006244 -0.012996 -0.008292 0.001713 -0.012595 -0.003533 -0.027379 -0.028868 0.011040 0.022673 0.000985 0.002757 0.022263 0.010550 0.000487 0.030578 -0.002875 -0.008617 -0.009630 -0.014555 0.003391 0.022748 -0.001851 0.000000 -0.001965 0.001874 -0.004406 0.000000 -0.003571 -0.005524 0.013407 0.000000 -0.001753 0.000548 0.000200 0.003728 0.000000 -0.017806 -0.013207 0.005127 0.004356 -0.002985 0.003983 -0.012017 0.010725 0.005766 0.004773 0.001012 -0.000372 0.000000 0.010357 0.000000 -0.000470 -0.000384 -0.003380 0.001047 0.024729 -0.001727 -0.008747 -0.003274 0.001340 0.006891 -0.001589 0.000000 0.006696 0.013153 0.000807 -0.001596 0.004557 0.000646 0.001000 -0.001744 -0.001730 -0.006834 0.000144 0.000000 0.012208 0.000395 -0.011741 -0.002554 0.003040 0.002246 0.000000 0.000000 0.004955 0.000000 -0.020335 0.013916 -0.010478 -0.000532 -0.016083 0.019516 -0.009633 0.003762 0.002441 -0.016224 -0.010576 -0.013159 -0.025207 -0.005157 0.001548 -0.022912 0.000000 -0.002307 -0.007743 -0.030288 0.000000 -0.021245 -0.016201 0.000000 0.014424 -0.000597 -0.006977 0.018333 0.001419 0.009932 -0.002216 0.014145 0.017267 0.000000 0.012310 -0.008595 0.000000 0.000000 0.005931 -0.013944 0.000000 0.000000 -0.015822 0.011297 -0.026849 -0.009699 -0.016809 -0.003024 
-0.025971 0.003609 0.024768 -0.018442 0.000610 0.023085 0.011828 -0.001516 -0.022469 0.000333 0.001423 0.000000 -0.000286 -0.000251 -0.000955 0.011739 -0.005247 0.000000 8.633355 -0.003381 -0.001769 0.000144 -0.029822 0.000509 0.000384 0.000000 0.012408 -0.001284 0.003748 0.009357 0.005313 -0.003387 -0.007626 0.002688 -0.025571 0.019730 -0.000168 -0.020736 0.002989 0.005447 -0.004474 0.002778 0.006440 0.000215 0.000000 -0.006376 -0.007774 0.003373 -0.007201 0.004199 0.003002 -0.004701 -0.024480 -0.001316 -0.009159 0.010718 0.000950 0.002581 0.010530 -0.004317 -0.027225 0.014180 -0.001211 0.001831 -0.017893 0.021286 0.022407 -0.017509 -0.004692 0.000405 -0.003790 0.001702 0.019958 -0.003796 -0.015812 -0.026546 0.018999 0.010651 -0.010385 0.011586 -0.022350 -0.001179 0.008433 0.020341 -0.021642 -0.030160 -0.010817 0.023810 -0.011207 -0.000917 -0.001860 0.027098 -0.004988 0.002633 -0.009039 -0.015356 -0.002396 0.027405 -0.010707 -0.019484 0.000000 -0.000210 0.000924 -0.001578 0.022654 -0.015922 0.021425 -0.001278 0.011816 -0.001625 -0.002296 -0.001217 -0.013077 0.007017 0.000000 -0.001590 -0.003992 0.008143 -0.001520 0.012900 -0.006094 -0.004681 -0.000308 -0.003362 -0.017893 -0.000426 0.029049 -0.010618 0.007039 0.020985 0.001507 0.019691 -0.001298 0.001344 -0.006089 0.013568 0.019459 0.000751 -0.016717 -0.000660 -0.007198 0.000647 0.026580 0.000000 0.005882 0.000250 -0.011979 0.001385 -0.005525 0.001291 0.000362 0.026312 -0.010091 0.002071 -0.001773 0.000390 -0.002056 -0.006309 -0.023858 -0.018103 0.000416 0.000560 0.016878 0.022303 -0.025589 0.027937 0.008803 0.000514 -0.002307 -0.005290 0.003958 0.002332 -0.001909 -0.027660 0.012272 0.007450 -0.017586 0.025137 0.023827 -0.025111 -0.006635 -0.001263 -0.000598 -0.012464 0.001156 0.000204 0.007192 0.002237 -0.006334 0.011727 0.013956 -0.027413 -0.021006 0.010669 -0.002120 0.007600 
0.014108 0.030318 0.001443 -0.006366 -0.021470 -0.004598 -0.000484 -0.002452 0.003961 0.001309 -0.000966 -0.005224 0.012836 0.016398 0.000000 -0.001106 0.028371 -0.000334 -0.003381 11.379458 -0.003239 -0.000898 -0.002270 0.000443 0.000170 0.016083 -0.001684 0.002583 -0.003582 0.003187 0.004325 0.000645 0.011170 0.025816 -0.000261 -0.015508 -0.003102 0.000000 -0.002616 0.019285 -0.000216 -0.002049 -0.001723 0.001231 -0.020974 0.000000 -0.003771 -0.000867 -0.008443 -0.001506 0.004147 -0.011266 0.015251 -0.000615 0.005332 -0.006150 -0.005578 0.000957 -0.001923 0.001057 0.005409 -0.012065 -0.000794 0.001875 0.000000 0.004538 0.023329 0.004007 -0.009743 0.002865 -0.000857 0.025545 0.003011 0.027975 -0.006790 0.001745 -0.000419 -0.012752 -0.009736 0.003544 -0.012328 -0.012645 0.007290 0.018622 0.000407 -0.000635 -0.009771 -0.019790 -0.004083 -0.015305 -0.026874 -0.020504 0.003355 0.027024 -0.000785 0.003357 0.000389 0.002091 0.002521 0.003839 -0.000788 0.000000 0.000261 0.030381 0.000251 0.015358 -0.001622 0.003862 0.011969 0.018992 -0.002811 0.029490 -0.001526 0.027138 0.000697 -0.013156 -0.002757 -0.001222 -0.004669 -0.006733 0.018813 0.004730 -0.017499 0.001817 -0.024405 0.003289 -0.001492 0.025673 0.020696 -0.014917 0.001975 -0.003004 -0.002455 0.000784 -0.000619 0.022976 0.000725 0.003928 0.015768 0.003479 -0.001533 -0.017942 -0.019458 -0.000867 -0.002372 -0.000455 -0.000355 -0.001763 0.001302 -0.027167 0.001547 -0.013179 0.001329 -0.024226 0.012585 0.016663 -0.000346 0.002660 0.001132 -0.000707 0.025597 0.001124 0.004018 0.022451 -0.026162 0.028610 0.013948 -0.000148 0.030477 -0.004023 -0.008759 -0.000198 0.015128 0.005809 0.007416 -0.014730 -0.001194 -0.008221 0.011180 0.000377 0.001365 -0.001484 -0.001000 0.022784 0.004622 -0.006311 0.001109 -0.004275 -0.000633 -0.001201 -0.002349 -0.013007 0.001901 -0.001016 0.000542 -0.011781 
0.000000 0.002266 0.000651 0.005178 0.000440 0.000000 0.010527 0.015820 0.006327 0.000419 -0.000715 -0.030107 0.011906 -0.000555 0.000000 0.003913 -0.000221 -0.008153 -0.001769 -0.003239 103.229733 0.009580 -0.017466 0.000000 0.000000 -0.000935 0.001085 0.000000 0.000000 0.000000 -0.024906 -0.025616 -0.011986 0.017528 0.009488 -0.004727 0.004240 -0.013865 -0.004577 -0.002032 0.003006 0.001117 -0.001971 0.026811 0.003948 -0.000803 -0.000281 0.000000 0.000000 -0.007720 -0.023457 0.009675 -0.005741 0.000569 -0.014789 0.023563 0.007845 -0.022467 0.000698 -0.004257 0.004668 -0.022274 -0.002338 0.003378 0.002414 0.011384 0.009946 -0.009727 -0.002004 0.000000 -0.007600 -0.006850 -0.005210 0.015547 -0.006183 -0.006431 -0.018980 0.003448 -0.014275 0.012554 -0.014696 0.012002 -0.028434 0.001951 -0.003111 0.000000 0.016198 -0.002106 0.001714 0.000000 0.001888 0.000128 -0.010532 -0.005791 -0.000157 -0.018593 0.009679 0.021696 -0.011303 0.029104 0.023765 0.000000 0.017297 0.004198 0.000849 0.024243 -0.019093 0.005446 -0.000123 0.006929 0.002769 0.000636 0.000000 0.024614 -0.002328 0.012084 -0.024031 0.000000 -0.003698 0.017897 0.006825 -0.010854 -0.005625 -0.015212 -0.018741 0.000416 0.014023 -0.000630 -0.030654 0.024065 -0.000825 0.008241 -0.004410 0.020803 0.000152 -0.019778 0.000000 -0.020133 0.027378 -0.009258 0.019496 0.000240 0.001127 0.017739 0.003003 0.000000 0.011854 0.026895 0.000000 0.003086 0.027970 0.000000 0.018761 0.000439 -0.001988 0.000000 -0.000107 -0.004223 -0.000930 0.006175 0.000157 0.007728 -0.000404 0.008125 -0.029909 0.000000 0.000000 -0.007147 -0.008601 -0.025815 -0.018177 0.000000 0.003016 -0.001801 0.000847 -0.006502 -0.016611 0.000000 -0.024094 -0.028991 0.000153 0.022303 -0.004975 -0.008705 0.000000 -0.010337 0.002551 0.000171 -0.006837 0.020944 -0.000321 -0.014546 0.017403 0.014188 -0.008841 0.000000 
