94.932246 -0.000158 -0.004312 -0.095418 0.003955 0.010793 0.035542 -0.007922 0.012343 0.007642 0.034470 -0.096490 0.049779 0.103020 -0.003287 -0.001926 -0.002668 0.018800 0.004673 0.031580 0.064575 0.001140 0.012176 -0.004208 0.068211 -0.002654 0.094656 -0.025829 0.037483 0.083928 -0.043572 -0.033658 0.045482 0.055193 0.108002 0.028494 0.116251 -0.042210 0.109110 -0.116227 -0.082093 0.013238 -0.046091 0.055547 0.074932 -0.024577 0.048785 -0.002774 0.015332 -0.006524 0.050713 -0.043590 0.025892 0.078371 0.139143 -0.078795 -0.000363 -0.005453 -0.151117 0.096246 -0.023207 0.003002 -0.149732 -0.104026 0.127933 -0.007611 -0.057600 0.016259 -0.023602 0.006648 -0.118886 0.086451 0.001291 0.002143 0.007836 0.031783 -0.007687 0.147192 0.046185 0.152882 -0.003564 0.002890 -0.000879 -0.062036 0.000000 -0.063557 -0.009302 0.063564 -0.014791 -0.006936 0.147443 -0.075294 0.017704 0.000396 -0.027229 0.127588 0.057576 -0.004327 0.073168 -0.011727 0.124789 -0.000754 0.079530 -0.149516 0.001766 0.038473 -0.076095 -0.068091 0.039256 -0.028325 0.024329 -0.048983 -0.156577 -0.003470 -0.080427 -0.097712 -0.082124 -0.022127 -0.125870 0.153461 0.003539 -0.016787 0.028255 -0.038373 0.081420 -0.001158 0.037811 -0.033981 0.003878 -0.069445 -0.000213 -0.137147 0.005098 -0.010694 -0.103909 0.005671 0.000175 0.003824 0.128386 -0.010727 -0.089817 -0.002952 -0.015210 0.007235 -0.004060 -0.012891 0.017160 -0.035403 0.015850 -0.023081 -0.093270 -0.114148 -0.055151 0.017374 0.091911 -0.066307 -0.073198 -0.006599 0.046320 -0.061000 0.027799 -0.000244 0.071358 0.003138 -0.008808 0.017920 0.009993 0.125904 -0.055759 -0.118996 0.040608 -0.000221 -0.107993 -0.004169 -0.006461 -0.097898 0.063122 -0.000322 0.149691 -0.003933 -0.126920 0.000000 0.060248 0.102960 -0.025199 -0.001875 -0.024972 -0.042021 0.020556 -0.022315 -0.130338 -0.002590 0.036054 -0.099005 -0.013803 0.007415 
-0.000158 2728.588115 0.017198 0.027999 0.000000 -0.061637 -0.030907 0.095312 0.000000 0.000000 0.087145 0.008922 -0.004581 -0.100817 0.010181 -0.005693 0.001731 -0.136232 -0.053913 0.001290 -0.002399 -0.001261 0.064332 -0.020037 -0.075484 -0.011937 -0.102034 0.003112 0.148277 0.000000 -0.051781 0.034863 0.001088 -0.048251 0.075404 -0.002075 0.012829 -0.082732 -0.011891 -0.056095 -0.008656 -0.010914 0.033443 -0.115940 -0.001765 -0.073957 0.070440 0.037733 -0.082662 -0.000357 0.026295 0.007909 -0.005934 0.011560 0.062038 -0.094144 0.013716 -0.037178 0.020143 0.049655 0.000529 0.000000 -0.018705 -0.008693 0.130353 -0.061932 -0.014894 0.140030 -0.014397 -0.061645 0.056735 -0.005480 -0.053646 0.003364 -0.076076 0.040264 -0.000333 0.016694 -0.071675 0.057905 -0.004022 0.007742 0.010303 0.109428 0.011312 0.000000 0.020007 -0.061669 -0.005008 -0.000431 0.045745 0.129395 0.006888 0.000511 0.000000 -0.006194 0.000000 0.000144 -0.059010 -0.074259 -0.035296 -0.039905 0.042369 -0.056515 -0.003741 -0.000573 0.000981 0.072042 0.006952 0.051000 -0.008613 0.004511 -0.003508 -0.001344 -0.077952 0.047109 -0.099422 0.000000 0.090014 0.047558 -0.152910 -0.009671 0.032569 0.009133 -0.120556 -0.134979 -0.008823 -0.054183 0.005175 0.001157 0.014578 0.000673 -0.000603 0.061447 0.018380 -0.001463 0.084095 0.000000 -0.002224 0.006379 -0.085157 0.000000 -0.027270 -0.025771 -0.081317 -0.025517 0.000000 0.026569 -0.064385 -0.066342 0.005155 -0.012245 -0.070724 0.027783 0.074095 0.050439 -0.001002 0.007051 0.012566 0.034890 -0.015024 -0.008325 0.005889 0.042056 0.052298 0.106029 0.004814 -0.012747 0.000519 0.000000 -0.006899 0.016959 -0.153028 -0.024704 0.116837 0.001043 -0.042742 0.000828 -0.031034 -0.057713 0.118791 -0.001650 0.029946 -0.010424 -0.015589 0.000000 0.108798 -0.001117 -0.053966 0.000000 0.004762 0.016554 0.000175 0.000000 0.026443 -0.065158 
-0.004312 0.017198 0.190062 0.024260 0.004051 0.047322 0.016724 -0.139444 -0.005916 -0.118437 0.081704 -0.151850 -0.032417 -0.042346 -0.023309 0.071158 0.124740 0.056712 -0.054910 -0.011392 -0.090565 0.026086 0.040336 -0.049193 0.000000 0.058946 -0.065540 -0.046264 -0.092181 0.066136 0.045105 0.017970 -0.004115 0.087161 -0.003871 -0.016040 -0.093761 -0.063601 -0.109807 0.000841 0.016313 0.085433 0.075339 -0.151621 -0.028362 -0.074175 -0.001255 0.023816 -0.002708 0.081611 -0.122351 0.076117 0.057572 -0.012762 0.047772 0.051128 -0.093380 -0.126318 0.013311 -0.001446 -0.029118 -0.046593 0.043091 -0.027620 0.100731 -0.065331 0.015807 0.076163 -0.049223 0.099721 -0.017013 0.134651 -0.010071 0.064291 -0.023014 -0.016942 -0.045392 -0.090554 0.020174 0.012868 0.008196 0.027953 0.005766 0.031616 -0.054915 0.034306 -0.042602 -0.010137 0.138589 0.036691 0.027304 -0.006164 0.142953 0.021384 0.024646 0.013089 0.048789 -0.037553 0.013297 0.145298 0.018717 -0.020897 -0.022783 -0.044652 0.009662 0.036126 -0.017142 0.140322 0.137306 0.010933 -0.130710 -0.009169 0.131299 0.021092 0.028835 -0.038623 -0.050312 -0.009185 0.018866 0.059518 -0.025270 0.075306 -0.006947 -0.033668 0.104266 0.083115 0.089917 -0.032108 -0.010565 -0.041477 -0.023308 -0.052303 -0.003493 0.060299 0.011877 0.099671 -0.041706 0.066924 0.073365 -0.028073 0.069508 0.015083 -0.020860 -0.009569 0.024354 -0.039523 0.025637 0.044558 0.002389 0.103215 0.017050 -0.028266 -0.015164 0.019021 0.011317 -0.016240 0.035331 -0.001073 -0.004367 0.052797 -0.025854 0.000000 -0.002676 0.092095 0.024536 -0.050502 0.117454 -0.086926 -0.084784 0.072354 0.039188 -0.107795 0.070499 0.010439 -0.009023 0.000000 0.123358 -0.078574 -0.042089 0.021354 -0.001046 0.076011 0.113191 -0.119642 0.029283 -0.022021 0.134975 -0.061109 -0.029564 0.050365 -0.006778 -0.062593 -0.088236 0.014317 0.113655 -0.049827 
-0.095418 0.027999 0.024260 0.306692 -0.096412 0.044450 -0.026939 0.002655 0.024536 -0.117281 -0.093209 -0.058000 0.026385 -0.071724 0.097008 0.093292 0.008275 -0.044805 0.018632 0.009620 -0.040333 0.138198 -0.016659 -0.021316 -0.041097 -0.000886 0.029830 -0.024466 -0.004288 -0.005179 0.058979 -0.053982 0.029620 -0.005130 -0.139721 -0.040001 -0.048734 -0.012979 0.127565 0.029167 -0.004618 0.043964 -0.022719 0.086951 0.002212 -0.131882 0.020046 0.099667 0.025945 -0.149164 -0.053134 0.043289 0.043982 -0.150453 0.003927 -0.014633 0.087393 0.005085 0.065101 -0.008402 0.027750 -0.028617 -0.028327 0.038971 0.029792 -0.001862 0.020701 0.147541 0.014884 -0.021931 -0.031520 -0.105057 -0.027293 0.023390 0.076198 -0.135670 -0.134468 -0.065580 0.042075 0.058705 0.007244 0.036234 0.095122 -0.052135 -0.137349 0.153752 -0.007723 0.032203 0.107983 0.015891 -0.076587 -0.002578 0.042380 -0.023287 -0.000271 0.010371 -0.122244 0.008545 0.155442 -0.046272 -0.007754 0.059620 -0.075480 0.019291 -0.022234 0.074000 0.120941 -0.014629 0.102095 -0.064776 -0.142718 -0.036086 0.012543 -0.011025 0.004352 0.027227 -0.052429 0.032480 0.133073 -0.024419 -0.010139 0.002525 -0.050610 -0.028097 0.000740 -0.041727 -0.036613 0.066003 0.087757 -0.016662 -0.005761 0.041506 -0.146510 -0.014255 -0.031980 -0.005320 0.052925 0.000211 -0.027380 -0.116456 0.078892 -0.042939 0.067410 -0.088868 0.080007 0.029470 -0.119744 -0.011985 0.085973 0.029848 -0.036248 0.070104 0.011432 0.000000 -0.017754 0.054639 -0.129055 0.023021 -0.028652 0.068599 -0.068231 0.013669 -0.009463 0.044999 0.009211 0.027538 0.012381 0.079984 -0.050822 -0.048144 -0.009273 0.046980 0.117237 -0.036245 0.015169 0.110823 0.130543 -0.004900 -0.138995 0.045401 -0.126420 -0.063272 -0.134776 0.033379 0.020687 0.017780 0.072186 -0.015004 -0.017654 0.008008 -0.012992 0.127261 -0.006879 0.085348 0.051469 -0.027842 
0.003955 0.000000 0.004051 -0.096412 620.035188 -0.045643 0.070328 0.018342 0.068597 0.016546 -0.000234 0.002129 -0.000383 0.044219 0.041377 0.008272 0.000000 -0.001615 0.010027 0.111287 0.000531 0.047813 -0.138263 -0.078265 -0.019127 0.000000 0.083439 0.049870 -0.004120 0.000000 0.008747 0.098772 0.055708 0.005006 0.000390 -0.018520 -0.038461 0.052772 0.040397 -0.064388 0.034553 0.011614 0.065696 -0.001002 0.118833 -0.013078 -0.062596 -0.042324 -0.006103 0.000000 -0.044392 -0.038912 0.004662 -0.001732 0.096634 0.097120 0.151033 0.000000 0.000860 -0.130573 0.102948 -0.004569 -0.010201 0.010885 -0.146888 -0.003640 0.079965 -0.098202 0.000000 0.143243 0.000000 0.080192 0.028359 0.002190 0.001078 -0.049190 0.000000 -0.021605 -0.013192 0.037746 0.008992 0.000000 -0.024792 0.044494 0.038755 0.000837 -0.026858 -0.080895 -0.026899 0.000000 -0.027003 -0.037401 0.011591 0.041456 -0.005947 0.001086 0.026110 0.123459 -0.010550 -0.100747 -0.002310 -0.027297 -0.151270 0.007748 -0.088100 0.000477 0.146207 -0.150924 0.000474 -0.000255 -0.058715 0.005216 0.014449 0.004066 0.148552 -0.012406 -0.090279 0.032524 -0.067198 0.010831 0.018347 0.000000 0.004896 0.052482 -0.044533 0.118153 0.094964 0.095700 -0.041235 0.010737 0.070108 -0.056051 0.004158 -0.012188 0.020716 -0.016462 0.034287 -0.111864 0.007720 -0.001306 -0.010964 0.004493 0.000000 0.020450 -0.007379 0.014549 -0.091306 -0.070534 -0.040477 0.011197 0.146409 0.062023 0.014560 -0.000466 -0.115302 -0.001659 -0.014308 -0.054833 -0.073784 0.156157 -0.002625 0.000000 -0.023741 0.045805 0.070473 0.000000 0.064394 0.010963 0.000000 -0.063109 -0.072209 0.000453 -0.017167 -0.012856 0.058253 -0.003627 0.018778 0.000555 0.001681 -0.014757 0.002701 0.063158 0.010826 -0.016886 -0.119531 -0.018795 -0.026574 0.027775 -0.113665 0.001159 -0.049400 0.034590 0.005458 0.006534 -0.084107 0.009569 
0.010793 -0.061637 0.047322 0.044450 -0.045643 211.628182 0.000000 0.001119 -0.004972 0.001361 -0.094082 0.106548 0.001977 0.149889 0.111005 -0.019852 -0.057634 0.070449 0.000155 -0.000301 0.000612 0.000000 0.021436 0.021870 -0.135298 0.000000 0.050797 0.021490 -0.005341 -0.010115 -0.009720 -0.015276 -0.010777 -0.002848 -0.073024 0.104849 0.055693 0.045333 0.021857 0.120211 -0.002919 -0.020688 -0.019641 -0.000477 0.000000 0.071952 -0.111719 -0.026263 0.069602 -0.003029 -0.038065 -0.003881 -0.010636 -0.058066 0.010086 -0.111695 0.001198 0.002929 0.003691 -0.081212 0.073622 0.000897 0.007878 -0.067462 0.120010 -0.047395 -0.097748 0.028397 0.001423 -0.011134 0.076161 -0.003034 0.000000 -0.133704 -0.017383 -0.057234 -0.035826 -0.053366 0.005029 -0.005011 0.006097 -0.123753 0.150085 -0.003258 0.069456 -0.000496 0.038541 -0.000499 -0.056141 -0.023006 0.000136 0.103601 -0.024575 0.076477 0.016569 0.022318 -0.001897 -0.010566 0.057121 -0.031546 -0.136148 0.001908 0.055628 0.064794 0.008925 0.008957 0.085463 -0.143007 0.000439 -0.008856 -0.031622 0.085372 -0.056783 -0.059431 -0.082228 0.116904 0.095629 0.000000 -0.066874 -0.077974 0.024880 0.009924 0.002683 0.125484 0.042906 0.038348 0.068855 0.103985 0.000724 -0.006173 -0.023273 -0.029577 -0.001296 -0.140154 -0.003857 -0.136271 0.013722 0.000000 0.026885 0.036377 0.002426 -0.017591 0.114149 0.005474 -0.053792 0.062540 0.100671 0.077110 -0.005227 -0.000559 -0.056573 0.056260 0.017275 0.100938 -0.014520 -0.041502 -0.004029 -0.064554 0.025700 -0.003069 -0.000146 -0.045928 -0.059929 0.127706 0.052837 0.005220 -0.062344 -0.059500 -0.002697 -0.094853 -0.140594 0.007595 -0.078913 0.000843 -0.131543 0.001013 -0.042420 -0.014480 0.143093 0.000000 0.119987 0.014762 -0.005968 -0.141396 -0.054937 -0.004664 -0.040563 -0.042836 -0.044972 -0.010842 0.036740 0.009271 -0.002102 0.000000 -0.059945 -0.046884 
0.035542 -0.030907 0.016724 -0.026939 0.070328 0.000000 0.318617 0.000116 0.056244 0.000311 0.021864 0.033359 -0.066132 0.136379 -0.115631 -0.019998 0.062078 -0.006378 0.015030 -0.108713 0.111491 0.002606 -0.114224 -0.003229 -0.106330 0.003324 -0.013296 0.022792 0.018026 -0.119186 -0.125516 0.111142 0.010985 -0.065365 0.131207 -0.075272 0.084997 -0.098160 0.139652 0.006110 0.147451 0.110457 0.038240 -0.057040 0.090017 0.004637 -0.038032 0.057864 -0.064981 -0.086268 -0.012644 0.041028 0.032675 -0.009496 -0.074872 -0.083740 -0.057957 0.015606 -0.010991 -0.062959 -0.001144 0.075177 0.047177 -0.018404 0.002757 -0.043097 -0.024547 0.072531 -0.029748 0.018018 0.029124 0.063106 0.041828 0.048837 -0.120973 -0.008837 -0.023463 -0.092243 0.085322 -0.042178 -0.027645 0.006217 -0.011753 -0.002572 0.011746 -0.011321 -0.000212 0.026783 -0.020130 0.030314 0.070852 -0.041061 0.030454 -0.073124 -0.106784 0.010705 0.013534 -0.034989 0.115668 0.002434 0.002899 0.102016 0.107761 0.013396 -0.012447 0.009217 0.084726 -0.090058 -0.001910 0.115045 0.024543 0.020471 0.075165 -0.067285 -0.039112 -0.074381 -0.077676 0.056132 0.010888 -0.041816 -0.008608 0.050075 -0.003757 -0.024656 -0.085987 -0.089241 -0.006190 -0.004731 0.021446 0.024954 0.072929 -0.001449 -0.006106 0.002954 -0.019488 -0.068255 0.010727 -0.139132 0.059607 0.024168 -0.131180 -0.123365 0.081010 0.126849 0.012288 -0.026817 0.106682 0.000000 -0.004819 0.103270 -0.092301 -0.090190 -0.105049 0.090593 -0.091296 -0.045419 -0.093124 -0.052175 -0.036480 -0.004358 -0.061252 -0.040511 0.022203 -0.041683 0.058429 0.043167 0.151617 -0.016024 0.091889 0.045547 -0.076953 0.029736 0.013316 0.009737 0.010020 0.015300 0.033630 0.002012 -0.000325 -0.068872 -0.045535 0.056789 0.121324 0.039232 0.027713 0.038841 -0.072467 -0.032063 0.022977 -0.012946 0.022904 0.055674 -0.024608 -0.017016 0.057520 -0.084625 
-0.007922 0.095312 -0.139444 0.002655 0.018342 0.001119 0.000116 123.393356 -0.070768 -0.000370 0.063944 0.010710 -0.086992 -0.002336 -0.008715 0.139067 -0.052953 -0.004746 -0.004178 0.078664 -0.024227 0.034211 0.002796 0.045889 0.111829 0.071036 0.001912 -0.103629 0.000000 0.024010 0.032988 -0.029356 0.055118 -0.006598 0.045910 -0.135676 -0.027190 0.075888 0.105461 -0.010939 -0.003954 0.013058 -0.017131 0.108722 -0.032382 0.029303 0.086853 -0.112001 -0.082734 -0.139520 0.029813 0.047264 -0.063025 -0.127609 0.002827 -0.120307 0.110151 -0.029901 -0.091278 -0.080130 -0.067574 -0.029552 -0.024585 0.034686 -0.022698 0.095776 0.000000 0.083137 0.103175 0.025294 -0.038570 -0.022112 0.030895 0.000208 -0.063815 0.075349 -0.029021 0.030713 -0.143878 0.078240 0.022116 0.053398 0.063322 0.022338 0.077105 -0.085154 -0.107596 0.030513 -0.000808 0.149984 0.064329 0.024752 -0.029445 0.027772 -0.119089 0.107098 -0.151644 0.149358 -0.071309 -0.107445 -0.064218 -0.074583 -0.032550 -0.052877 0.024688 -0.002577 -0.125275 0.141745 0.005539 -0.009509 -0.043968 -0.067764 -0.129917 -0.000286 -0.001138 0.114345 0.043379 -0.023979 0.020023 0.006208 0.105069 0.047806 -0.050008 0.072515 0.061169 0.083009 0.022527 -0.024048 0.088117 0.053858 -0.006079 0.049486 0.000000 0.001760 -0.063338 -0.042704 -0.061835 -0.014488 0.133048 -0.022894 -0.041567 0.060367 0.000000 -0.064634 -0.037040 -0.034041 0.069322 -0.141733 -0.093717 -0.088497 0.043067 -0.139458 -0.095439 -0.019079 -0.012849 0.012450 -0.078858 -0.001579 -0.024239 0.028962 -0.153027 0.004577 -0.138911 0.023162 0.041466 0.000000 0.135255 0.057591 0.009863 -0.069747 -0.031844 0.037605 0.001419 0.000762 -0.018043 -0.044608 -0.088412 0.149621 -0.007807 -0.143244 0.005522 -0.000173 0.055282 -0.038502 -0.001379 0.143302 0.003696 0.026025 -0.023717 0.000202 -0.138655 0.121603 0.123490 -0.000681 0.050879 0.000731 
0.012343 0.000000 -0.005916 0.024536 0.068597 -0.004972 0.056244 -0.070768 807.202735 -0.002950 -0.148375 -0.003083 0.006516 -0.104754 -0.006987 -0.115474 0.132886 -0.155950 0.008004 -0.026208 0.000000 0.058035 0.011661 0.042380 -0.061725 0.048857 -0.121696 -0.081609 -0.001889 -0.002139 0.049711 -0.000780 -0.035280 -0.004894 0.035057 0.086086 -0.113367 0.002388 0.056015 0.016137 -0.129202 -0.001308 -0.089638 -0.015197 -0.090218 0.006242 0.047188 -0.004776 0.005498 0.000000 -0.064626 -0.004922 0.010260 0.000000 0.067044 -0.009812 0.006483 -0.018740 0.009303 -0.077003 0.047655 -0.002766 -0.149167 -0.002004 0.106953 0.034403 0.000000 -0.077176 0.152161 -0.027639 -0.068785 -0.117681 -0.028711 0.037366 0.140688 0.036398 0.011572 0.007490 -0.011113 -0.045002 0.002636 -0.007836 0.001540 -0.013224 -0.057943 0.006002 -0.128066 -0.083702 0.000000 -0.001106 0.059781 -0.027748 -0.148068 0.140846 0.001877 -0.099173 -0.001746 0.009844 -0.097646 -0.035535 0.007515 0.032009 0.044654 0.008747 -0.004349 -0.001059 -0.024044 -0.066368 -0.003516 0.000000 -0.076446 -0.037972 -0.012642 -0.018564 -0.117595 0.000000 0.150792 -0.048471 0.068074 -0.109217 -0.060959 -0.019693 0.027364 0.041451 -0.125189 0.057950 0.000622 -0.005365 0.000224 -0.104548 0.006053 0.065438 0.008361 0.001665 -0.013393 -0.127196 0.019702 -0.000915 0.011464 -0.024594 -0.004001 0.003295 0.029380 0.052505 0.043312 0.001960 0.108926 0.139288 0.001959 -0.039336 0.076533 0.031681 0.013250 -0.081668 0.037392 -0.086623 0.083150 0.007691 -0.116753 0.020660 0.118828 0.003372 -0.107667 -0.006375 0.119853 0.006628 -0.014292 0.059555 0.002326 0.063186 0.050917 -0.095764 -0.000219 -0.097530 0.139201 -0.036373 0.007007 0.000000 0.109690 -0.128131 -0.052205 0.024546 0.144297 -0.057407 0.099364 0.109696 -0.038047 -0.121244 0.078446 -0.028819 -0.043131 -0.002231 0.001043 0.122698 -0.003458 0.086410 
0.007642 0.000000 -0.118437 -0.117281 0.016546 0.001361 0.000311 -0.000370 -0.002950 969.470596 -0.104705 -0.008421 0.005049 -0.008351 0.088253 0.031588 0.018004 0.031185 -0.007119 0.036042 0.035927 -0.033022 0.076577 0.006877 0.052699 0.000000 0.005210 0.015445 -0.094325 0.000614 0.035158 0.117837 0.007894 0.008107 -0.134203 -0.044612 0.003971 -0.146527 -0.060181 0.022369 0.017320 -0.000643 -0.000272 -0.112825 0.006821 -0.000205 0.008357 -0.101192 -0.002915 0.061361 -0.002571 0.007787 -0.013145 0.014587 -0.004543 -0.023959 -0.001924 -0.024214 0.080966 0.078171 -0.009855 0.009752 0.037971 -0.002837 0.002488 0.000476 -0.099865 -0.005032 0.023708 -0.072344 -0.061607 -0.012221 -0.064699 0.000000 0.000000 0.010153 0.015172 -0.084220 -0.003318 0.134279 0.013202 0.000000 0.001009 0.148402 0.003629 -0.030664 -0.096029 -0.037032 0.099108 0.000616 0.001398 -0.029878 -0.116306 0.023433 -0.002078 -0.107314 -0.013152 -0.005743 0.036250 0.023839 0.102932 0.014872 -0.095288 -0.043376 -0.014024 -0.000215 0.130130 0.026390 -0.080509 0.000000 -0.055231 -0.001660 0.055571 -0.000680 0.083693 -0.039352 -0.134197 -0.019797 0.000255 -0.020037 -0.055805 -0.138107 0.100567 0.006442 -0.020937 0.052228 -0.053120 -0.077530 0.008175 -0.086355 0.013782 0.095891 0.000000 0.037156 0.029052 0.097720 0.006397 0.082736 -0.014523 0.005070 0.001338 -0.007061 -0.059460 -0.105840 0.040653 0.108939 -0.034556 0.040310 -0.002554 0.045996 -0.019436 -0.056728 -0.004008 0.082387 0.020459 0.000000 -0.069044 -0.011820 0.059556 0.007114 0.014423 -0.009911 0.067517 0.031551 -0.011627 -0.019114 0.055824 -0.028758 -0.099947 0.000000 0.018881 0.006856 0.014595 0.033634 -0.066275 -0.074501 0.005225 0.000000 0.088467 0.140823 -0.009020 -0.001744 0.004869 0.011009 0.107892 0.000000 0.043532 0.099234 0.006392 0.028639 -0.017594 -0.012992 -0.000578 0.000000 -0.030808 -0.148559 
0.034470 0.087145 0.081704 -0.093209 -0.000234 -0.094082 0.021864 0.063944 -0.148375 -0.104705 26.305444 0.006092 0.070588 -0.098477 -0.126862 0.089385 -0.149395 0.029775 0.070662 -0.047121 0.041143 0.018649 -0.035250 -0.012743 0.099953 -0.079634 -0.051679 -0.014094 -0.028926 0.053372 -0.110980 -0.014728 0.073488 0.149678 0.117945 -0.031160 0.001189 -0.079590 0.025940 -0.126769 -0.001199 0.055412 0.088437 0.100580 -0.000264 0.056424 -0.018049 0.008825 0.016189 0.138994 -0.041346 -0.002618 0.018166 0.062756 -0.000892 0.002979 -0.022874 -0.112009 0.026544 -0.113016 -0.003217 0.111386 0.031476 0.073996 -0.044784 0.078188 -0.075083 -0.059072 -0.020420 0.091992 -0.000997 -0.076904 0.013748 0.004997 -0.035389 -0.122750 0.008455 0.030949 -0.007750 0.058467 0.000000 -0.123062 0.072725 -0.145202 -0.124933 0.003037 0.000121 0.050176 -0.044996 -0.001475 0.093127 -0.097333 0.145546 0.023776 -0.024113 -0.013562 -0.095642 -0.091758 -0.058632 -0.054704 0.022483 0.037603 -0.003832 -0.124762 0.118042 0.038875 -0.008962 0.061314 0.072886 0.024304 -0.011003 0.003736 0.005157 0.000596 0.068624 0.007534 0.055719 -0.118393 0.084958 -0.017052 -0.128811 0.007358 0.098969 -0.064184 -0.020899 -0.025489 0.064644 -0.072627 0.115070 0.139991 0.108185 0.000451 0.041728 0.138029 -0.005616 -0.153604 -0.004289 0.035240 -0.029796 0.081637 0.016038 0.070266 0.051693 0.007697 0.010414 -0.076179 -0.084292 0.032459 -0.022068 0.052968 0.000000 -0.091499 0.138266 0.126562 0.143158 0.087623 -0.100545 0.002977 0.000772 -0.136042 0.001230 0.072918 0.002268 -0.019205 0.067800 0.001250 0.042631 0.033167 0.066903 -0.127763 0.053666 -0.009328 -0.101142 0.135478 0.000481 -0.028950 0.054623 -0.005192 -0.003591 0.128475 -0.061060 0.045326 0.006162 -0.120701 0.001140 0.057299 -0.140722 0.023933 0.012448 0.126429 0.041595 -0.103724 -0.041171 0.097777 0.034517 0.037999 
-0.096490 0.008922 -0.151850 -0.058000 0.002129 0.106548 0.033359 0.010710 -0.003083 -0.008421 0.006092 345.923428 -0.103481 -0.095862 -0.032228 -0.031478 0.005146 -0.000326 -0.022807 -0.028256 -0.015314 -0.032646 0.012997 0.099452 0.120496 -0.001294 -0.012956 -0.003772 -0.037845 -0.001270 0.009624 0.132744 -0.032832 0.041376 0.052848 -0.054541 -0.027863 0.114012 -0.088848 0.125401 -0.131226 -0.000933 0.038347 0.032625 0.000000 0.000000 -0.058165 -0.086780 0.086098 0.013510 -0.002193 0.090217 0.061359 -0.010514 0.011641 0.065939 -0.003583 0.008694 0.021505 -0.023035 -0.047713 -0.037227 0.071684 0.000789 0.000000 -0.045725 -0.126381 0.006424 -0.000173 -0.009409 0.015500 0.129782 -0.059224 0.007855 -0.036592 -0.018509 -0.008019 -0.001784 0.011729 -0.120334 -0.020029 0.000938 0.002533 0.130891 -0.127125 0.002965 0.021865 0.047990 0.000395 0.000000 -0.051454 0.026326 -0.054303 -0.024947 -0.045209 -0.088446 -0.149622 0.143391 -0.018450 -0.029241 0.022263 -0.002306 0.081647 -0.131024 0.027487 0.009437 -0.001686 0.081383 0.001311 -0.000564 0.050583 -0.088925 0.073901 0.030624 0.104192 -0.039114 -0.001520 -0.010627 -0.001723 0.030386 -0.078768 0.000722 0.018093 -0.004761 0.028489 0.104516 0.040032 0.018497 -0.006476 0.049705 -0.041655 -0.017394 0.013031 0.100840 0.007698 0.023589 0.029019 -0.002710 0.063181 0.000000 0.002928 0.000000 -0.007440 -0.000892 0.104638 -0.002482 -0.016099 0.121573 -0.021799 -0.136136 -0.097349 0.039577 0.085673 -0.035075 -0.048480 -0.053946 -0.024942 -0.034302 0.084579 -0.051798 0.001849 0.000000 -0.003402 0.003226 -0.051602 -0.002345 0.093179 -0.018932 -0.003383 0.013933 -0.088579 0.002360 0.003284 0.063846 0.017082 -0.004754 0.000516 0.003639 0.111527 0.035852 0.005229 -0.065396 0.098985 -0.021294 -0.016437 0.065112 -0.007738 0.064717 -0.043798 -0.000865 -0.052526 -0.013815 -0.023836 0.012686 0.136669 -0.144270 
0.049779 -0.004581 -0.032417 0.026385 -0.000383 0.001977 -0.066132 -0.086992 0.006516 0.005049 0.070588 -0.103481 6340.654900 -0.004912 -0.087536 0.031206 -0.022790 -0.012991 -0.009578 -0.002324 -0.075916 0.039983 0.019124 -0.015142 -0.131702 0.011903 0.069814 0.003812 0.043231 -0.089769 0.031378 -0.016196 -0.136205 0.000000 0.000000 -0.047048 0.006774 -0.036916 -0.068839 0.060633 -0.069705 -0.001299 -0.051592 0.029108 0.000917 0.005898 -0.088681 0.008927 -0.015996 0.002390 0.119584 -0.130281 -0.032332 0.000000 0.004485 0.023690 -0.096618 -0.001749 -0.002031 0.024687 -0.120861 0.000694 0.017963 0.038960 -0.005985 -0.074281 -0.122876 -0.035750 0.125104 -0.031125 0.035366 0.003575 -0.041205 -0.070850 0.111589 -0.003968 -0.004635 -0.046267 0.122284 -0.040844 -0.000416 0.000000 -0.048244 0.019778 0.010259 0.005277 0.144991 -0.054864 -0.065108 0.064383 -0.000821 -0.134377 -0.033085 0.044861 0.001402 -0.105409 0.034557 -0.002231 0.018316 -0.073419 0.000000 0.053166 0.033594 0.058792 -0.085865 0.081712 -0.138801 -0.039237 0.034775 0.005315 0.147219 0.025907 0.012173 0.030807 0.076267 0.032048 0.077535 0.000000 -0.068042 -0.085847 0.008191 0.000000 0.050124 0.015831 -0.020582 -0.058834 -0.004713 0.047672 0.005994 -0.029649 -0.053759 0.109025 -0.049220 0.103987 0.061457 0.000700 0.000339 0.000000 -0.051929 -0.008842 -0.058498 0.000000 -0.000954 -0.002890 0.003922 -0.081485 0.093494 -0.116839 0.041048 0.087221 -0.013000 -0.000112 -0.120996 0.068688 0.030481 -0.073871 -0.050764 -0.152142 -0.022566 0.146934 -0.006490 -0.054755 -0.135652 0.001545 -0.007117 -0.064403 -0.015746 0.038822 -0.001461 0.112125 -0.000238 -0.001246 -0.109724 -0.094419 -0.056042 -0.000681 0.080777 -0.030460 0.010991 -0.020592 0.053584 0.000000 -0.091985 0.002616 -0.022827 -0.114553 0.046572 -0.117410 -0.033935 0.001161 0.000709 -0.115916 0.004152 0.036242 0.002224 0.047121 
0.103020 -0.100817 -0.042346 -0.071724 0.044219 0.149889 0.136379 -0.002336 -0.104754 -0.008351 -0.098477 -0.095862 -0.004912 29.357096 -0.050410 0.002742 -0.030103 -0.085518 0.015387 -0.105507 -0.022825 -0.027288 -0.050580 0.141201 0.078235 0.010421 0.008545 0.041373 0.115596 -0.092559 0.066359 0.084892 0.033353 0.066925 0.009806 -0.028320 0.089816 -0.016007 -0.066907 -0.004365 -0.001644 -0.034737 0.092746 -0.081517 -0.112576 0.032932 -0.000489 -0.102955 -0.091421 -0.114707 -0.070670 -0.032052 -0.000169 -0.041964 -0.100773 -0.005135 0.098977 -0.151586 0.026744 -0.066695 -0.001002 0.113499 0.106911 -0.085546 0.114173 0.050277 -0.120626 0.044748 -0.002157 -0.021046 0.134283 -0.152283 0.006949 0.053625 -0.001828 -0.041063 0.005114 -0.060730 -0.144479 0.146776 -0.090685 -0.092974 0.143175 0.001125 -0.001995 -0.060106 -0.079189 -0.090777 -0.009502 -0.129309 -0.058286 0.017267 -0.005932 -0.000441 -0.032245 0.034512 0.139191 -0.018842 0.051121 0.079942 -0.008464 0.038671 0.031938 0.000323 0.027551 0.102615 0.013645 -0.105987 0.000517 0.076325 -0.029080 -0.049176 0.057395 0.012356 -0.073001 -0.134987 -0.101799 -0.005081 -0.074467 0.030922 0.083882 -0.009835 -0.004870 0.004578 -0.005586 -0.057995 0.038466 -0.017896 -0.076130 0.039844 -0.040191 0.113477 0.030113 0.048331 -0.035128 0.002386 0.002279 0.032158 0.005026 -0.084448 -0.066822 0.036812 0.077144 -0.081431 -0.000457 -0.030946 0.074657 -0.019921 -0.059788 0.075816 0.026836 0.067692 0.003103 0.032639 0.051032 0.050349 0.009677 -0.065505 0.024596 -0.043324 -0.014724 0.002853 0.010212 -0.054036 0.123873 0.008481 0.019116 -0.124316 0.127779 0.086945 -0.070470 0.111536 0.039595 0.142484 -0.134418 0.139650 -0.047304 0.002216 -0.122415 0.084846 0.129803 0.018519 0.064097 -0.018929 0.064870 0.048480 0.000000 -0.115602 0.009521 -0.064548 -0.002587 0.003913 0.070837 0.028519 -0.011530 0.118273 
-0.003287 0.010181 -0.023309 0.097008 0.041377 0.111005 -0.115631 -0.008715 -0.006987 0.088253 -0.126862 -0.032228 -0.087536 -0.050410 0.387806 0.028489 0.130790 -0.027618 0.000838 0.082419 0.123152 -0.003987 -0.008156 -0.044132 -0.113316 0.001430 0.089540 -0.020235 -0.004337 -0.115610 0.095139 0.146542 0.059836 0.035309 -0.008015 0.012839 -0.005987 0.051080 0.018406 -0.039959 -0.143842 0.002816 0.043215 -0.016172 0.154475 0.030113 -0.071766 0.036327 0.000139 0.155432 -0.152034 0.035126 0.045871 0.020642 0.088661 0.123693 0.056702 0.062505 -0.037005 0.006113 -0.024672 0.099941 0.114256 0.011676 0.073086 -0.120512 0.021542 0.101979 0.004859 -0.025623 -0.050336 -0.041190 0.066013 0.065235 -0.117596 -0.125824 0.020791 0.022579 0.080069 0.065106 0.118629 0.030300 0.011111 -0.001678 -0.064904 0.072105 0.029172 -0.035953 0.129253 -0.071720 -0.069767 -0.051032 0.060083 0.014685 0.067229 -0.000200 -0.049597 0.069868 0.056709 -0.079649 0.010824 -0.001774 -0.047006 0.026109 0.042353 0.046290 -0.074649 0.101503 0.000000 0.023759 -0.097314 0.034437 0.082499 -0.050712 0.052172 -0.002734 -0.007370 -0.013329 0.014618 0.027213 0.042563 0.000000 -0.024061 0.018865 -0.080471 -0.016515 -0.056807 0.036610 -0.005082 0.063584 -0.002233 -0.022204 -0.002431 0.006164 0.056395 0.106194 0.020355 0.004711 -0.032016 0.051706 0.000000 0.006850 -0.015001 0.060414 0.091596 0.006594 -0.107200 0.010365 -0.037258 -0.021781 0.035520 0.117016 0.108494 -0.006698 0.057139 0.057574 -0.104648 0.002792 -0.018395 -0.022081 -0.024407 0.007354 0.018725 -0.033139 -0.052766 0.009314 -0.069178 0.132070 0.043935 -0.148345 -0.003319 -0.057526 -0.011200 0.073604 -0.029126 -0.044330 0.055226 -0.057683 -0.008395 -0.004523 -0.018713 -0.066707 0.081094 -0.015324 0.086523 0.079634 0.046064 0.087662 0.000480 0.065368 -0.006763 0.002638 0.029734 0.012377 0.011703 0.046817 
-0.001926 -0.005693 0.071158 0.093292 0.008272 -0.019852 -0.019998 0.139067 -0.115474 0.031588 0.089385 -0.031478 0.031206 0.002742 0.028489 0.283332 -0.024650 -0.007581 -0.044773 -0.043814 0.066921 -0.022112 -0.020783 -0.000428 -0.127478 -0.025959 0.070136 0.073643 -0.129262 -0.074819 0.142421 0.003633 -0.022397 -0.029783 0.030736 -0.044019 -0.012455 -0.081283 -0.037479 -0.002492 0.024302 0.006719 -0.034817 0.012532 0.029924 0.086957 0.003017 0.068543 0.004463 -0.018825 -0.078078 0.018694 0.083098 -0.002571 0.002377 -0.041428 0.018656 0.009880 0.127188 -0.052985 0.000624 -0.002554 0.009258 -0.012538 -0.040644 -0.000657 -0.015026 0.023446 -0.020736 -0.056682 0.005162 0.021237 0.039493 0.084581 -0.020176 -0.027224 0.082453 0.008697 -0.115914 0.058539 -0.134085 0.072829 -0.008760 0.052943 -0.061881 0.003335 0.021005 0.007920 -0.001970 0.001554 0.025660 0.073497 0.042329 0.049634 0.060674 0.048133 0.053968 0.027128 -0.040073 0.017762 0.035657 -0.025197 0.017695 0.038892 0.123861 -0.002549 0.154626 -0.046212 0.143897 0.117603 -0.130516 0.104237 -0.126434 0.110787 -0.075605 0.052636 0.062232 -0.008234 0.006813 0.097997 -0.002580 0.088940 -0.095886 -0.017472 0.088414 0.073735 -0.010153 -0.016214 0.085561 0.079024 0.014242 -0.018836 0.029578 -0.006788 -0.002503 -0.010647 -0.027275 0.000000 -0.043550 -0.009711 0.071359 -0.041704 -0.027824 0.135879 -0.110485 0.052374 -0.006948 -0.015828 -0.022628 -0.058221 0.032132 -0.056207 -0.007975 0.012818 -0.051441 0.072229 0.132953 0.090425 -0.042017 0.073812 0.054601 0.131443 0.015370 -0.014237 -0.021241 0.093714 0.025801 -0.133688 -0.010448 -0.027737 -0.029434 -0.006161 0.131563 0.010389 0.022753 -0.096204 0.046547 0.068893 0.057621 -0.059500 0.026820 -0.136519 0.019585 0.017262 -0.051739 -0.101013 0.026297 0.011072 -0.033122 -0.072128 -0.003178 -0.025089 -0.023304 -0.021784 -0.005083 -0.037551 
-0.002668 0.001731 0.124740 0.008275 0.000000 -0.057634 0.062078 -0.052953 0.132886 0.018004 -0.149395 0.005146 -0.022790 -0.030103 0.130790 -0.024650 141.870163 -0.000187 0.012838 0.005041 -0.002608 0.056051 -0.010125 0.011741 -0.048974 -0.031489 0.008596 0.079988 0.003230 0.033608 0.007921 0.101958 -0.000774 0.018087 -0.080233 0.059132 0.062055 0.098874 0.007957 0.012238 -0.136578 0.001412 0.004642 0.045706 0.000490 -0.129269 0.009705 -0.066649 -0.003999 0.013714 -0.047781 0.090218 0.011265 -0.004431 0.126439 0.025383 0.000000 -0.126319 -0.011423 0.062601 0.013251 -0.010431 -0.008690 0.054599 -0.025780 0.001007 0.115103 -0.014474 -0.000322 0.014939 -0.126473 -0.092505 -0.000216 -0.008569 0.009036 0.020784 0.001532 -0.034206 -0.021371 -0.098482 0.014906 -0.004809 0.029388 0.022724 0.001095 0.001245 0.007225 0.086586 0.000718 -0.022083 0.108727 0.049829 -0.004857 -0.017580 0.048692 0.000240 -0.002971 -0.004825 -0.039006 0.151797 -0.002345 0.057793 -0.010243 -0.002212 0.011766 -0.026585 0.006232 -0.005952 -0.027413 -0.012614 -0.014619 -0.006742 -0.120623 -0.004400 -0.042242 -0.003072 0.102831 -0.093853 -0.055597 -0.066412 0.000350 0.011595 0.011321 -0.098904 -0.116464 -0.004591 -0.064106 0.152744 0.017182 0.046690 0.016899 0.009517 -0.020880 0.004952 -0.032597 0.015165 -0.005598 -0.005965 -0.003257 -0.089402 -0.083347 0.006170 -0.018601 -0.000285 0.003100 -0.066142 0.022376 0.028987 -0.131682 0.019625 0.013438 0.134387 -0.019209 -0.036367 0.062194 0.015291 -0.002594 0.002013 0.018924 0.008353 -0.006777 -0.028779 -0.065653 -0.108616 -0.037494 -0.006138 -0.008666 0.037054 0.025177 -0.049017 -0.000365 -0.019927 -0.029039 -0.000194 0.126259 -0.001502 0.098075 -0.150875 0.070771 0.000548 -0.077912 0.000000 0.080320 0.008781 -0.092764 -0.055680 0.048059 0.062555 0.024944 -0.026379 -0.038968 -0.032109 0.006982 -0.002237 -0.128686 0.005725 
0.018800 -0.136232 0.056712 -0.044805 -0.001615 0.070449 -0.006378 -0.004746 -0.155950 0.031185 0.029775 -0.000326 -0.012991 -0.085518 -0.027618 -0.007581 -0.000187 1797.623515 0.005487 -0.019201 -0.002510 -0.000415 -0.149104 0.007071 -0.003939 -0.026790 -0.101399 0.013633 -0.018691 0.065092 0.032564 -0.002591 0.016929 -0.004093 0.083731 -0.141411 -0.054693 0.001697 0.095923 0.086068 0.020025 -0.054472 -0.114224 -0.145068 0.005126 0.138473 -0.071212 -0.054825 0.001868 -0.000164 -0.123562 -0.155036 0.040723 -0.013463 -0.004321 0.032708 -0.117995 -0.020999 0.079212 -0.026510 0.001526 0.008403 -0.014180 -0.011155 -0.014294 -0.002081 0.080075 0.013620 0.115907 0.003419 -0.112532 -0.112757 0.000000 0.000000 -0.131307 0.136785 0.002469 0.005760 0.040142 0.011906 0.001087 0.075545 -0.001738 0.099780 -0.038972 0.001217 0.073445 0.022601 0.082832 -0.084226 0.009929 0.077119 -0.022476 0.001292 0.061358 0.149815 -0.033844 0.127751 -0.049064 -0.089530 0.013098 0.002642 -0.089901 -0.146427 -0.004654 0.038752 -0.003147 -0.073205 -0.012671 -0.003437 -0.096010 -0.002291 -0.017106 0.000000 -0.067271 0.142207 -0.001006 0.003399 0.012611 -0.140737 -0.082052 0.000513 0.062154 -0.084431 -0.016157 0.012587 0.013864 -0.129990 0.002634 0.014809 0.008886 -0.009951 0.031444 -0.000641 0.030325 0.002242 -0.017636 0.000000 0.094303 0.134795 0.053621 -0.001336 0.120769 0.003191 0.023276 0.000000 -0.011206 0.000000 -0.084190 -0.099669 0.090492 -0.000663 -0.042342 -0.076949 0.061762 -0.021068 -0.051110 -0.122716 0.009898 -0.140708 -0.006694 0.000000 -0.026655 0.021804 0.119867 0.000000 0.013975 -0.001019 0.000236 0.000000 -0.097340 -0.001360 -0.003875 -0.010474 0.003429 0.000000 -0.039794 0.036304 0.105832 0.028109 0.003343 0.001636 -0.151265 0.007130 0.079834 0.028411 -0.095048 0.090905 0.120989 -0.016197 -0.049579 0.002117 -0.012214 -0.024428 0.033580 0.003755 
0.004673 -0.053913 -0.054910 0.018632 0.010027 0.000155 0.015030 -0.004178 0.008004 -0.007119 0.070662 -0.022807 -0.009578 0.015387 0.000838 -0.044773 0.012838 0.005487 36.318118 0.072886 0.005323 0.079860 0.000000 -0.063763 -0.008124 -0.060654 -0.077068 0.086500 -0.071568 0.008994 -0.031571 0.005283 0.003649 -0.000952 -0.089551 0.044507 0.013199 0.028313 0.040574 -0.091683 -0.068309 0.023307 -0.017315 -0.024051 -0.019878 -0.023953 0.046306 0.090629 -0.143414 0.085910 0.146272 -0.091010 0.005165 -0.005139 -0.013098 0.013063 0.109812 -0.133329 -0.053564 -0.026264 -0.034625 -0.021608 0.118892 -0.008116 0.048275 -0.007791 -0.021454 -0.020376 0.018066 -0.022216 -0.004813 0.028719 -0.035211 -0.133966 0.048894 -0.022961 0.059343 -0.098851 -0.045057 -0.115582 0.002649 0.003806 -0.042079 -0.111895 0.073975 0.014172 -0.079509 0.001894 0.003617 0.060661 0.012590 0.003472 -0.042934 0.005937 -0.005224 -0.151189 0.118389 -0.004633 -0.053555 0.139622 -0.096360 0.135450 0.081911 0.085267 0.011521 -0.006064 0.011082 -0.028862 0.007557 0.030642 0.001635 0.048206 0.019755 0.036634 -0.029937 -0.024907 -0.130668 -0.009002 -0.066871 0.070278 0.027189 0.076245 -0.025319 -0.086732 -0.050694 -0.002031 -0.072845 0.056907 0.075412 -0.016260 -0.046061 -0.024433 0.014247 0.012176 0.053064 0.002722 0.000839 -0.002560 0.007144 0.000284 -0.007711 -0.005051 -0.032736 -0.094049 0.004725 -0.016229 0.036501 0.080450 -0.027794 -0.079726 0.018578 -0.101235 0.061419 -0.033253 -0.045301 0.079596 -0.075266 -0.010227 0.011407 -0.052188 -0.133993 0.007598 0.014048 -0.017981 -0.057259 -0.039214 -0.062319 0.019608 -0.038301 -0.010989 -0.025655 0.013862 -0.063210 -0.053070 0.114017 0.014098 -0.023924 -0.020110 0.037047 0.153761 -0.036189 0.079063 -0.007983 -0.112806 0.081821 -0.039334 0.002247 -0.061815 0.035159 -0.009106 0.043155 -0.027932 0.006538 -0.001637 0.108981 -0.081050 
0.031580 0.001290 -0.011392 0.009620 0.111287 -0.000301 -0.108713 0.078664 -0.026208 0.036042 -0.047121 -0.028256 -0.002324 -0.105507 0.082419 -0.043814 0.005041 -0.019201 0.072886 27.783790 0.077490 -0.002003 0.105910 -0.049525 -0.024535 -0.013552 0.004205 0.028993 -0.079352 -0.020585 -0.123922 0.000396 0.000000 -0.017907 -0.006740 0.000694 0.089859 0.083301 -0.005439 0.078211 -0.003972 0.000510 -0.130339 0.022988 -0.018783 -0.052341 -0.091582 0.098924 -0.005902 0.060943 0.004467 -0.053410 0.059699 -0.076926 0.025453 0.020029 0.028972 0.000723 -0.100965 -0.078233 0.041153 0.007372 0.000590 -0.052352 -0.031494 -0.003371 -0.136997 -0.083426 -0.002361 -0.075734 -0.064728 -0.098089 0.116869 -0.006166 -0.150102 -0.042528 0.122040 0.150250 -0.029872 0.063268 -0.004885 -0.001936 -0.000839 -0.056973 -0.112610 -0.083709 -0.008036 0.040609 0.011714 0.074440 0.039474 -0.067341 0.016414 0.052042 0.025832 -0.003843 0.000815 0.150436 0.135012 -0.033317 0.151447 -0.119184 -0.022168 0.126501 -0.118641 0.005034 0.063585 0.090888 -0.025547 0.058920 0.072489 -0.032812 0.106721 0.074141 0.005772 0.061582 0.113818 -0.020461 0.054781 0.039753 -0.009688 0.003658 -0.041513 0.020401 -0.099721 0.001495 0.061033 -0.027969 0.019095 -0.075623 0.002121 -0.011359 0.009156 0.000443 -0.056487 0.001827 -0.010614 0.099880 -0.001549 -0.066970 -0.000146 0.001814 0.027361 0.111896 -0.001757 0.002224 0.053304 0.039249 0.013100 -0.017213 0.114237 -0.077137 -0.009332 0.062482 -0.051892 0.027180 -0.017486 -0.053392 -0.019124 -0.015658 0.000306 0.044942 0.090077 -0.054779 0.010694 0.000315 -0.099396 -0.013584 0.006245 -0.041352 -0.069264 -0.027194 0.014074 0.006547 0.056945 0.008201 -0.004929 -0.026674 -0.021126 0.056522 0.001982 0.014490 0.015366 -0.136284 0.059615 -0.091342 -0.016424 -0.141259 0.050928 0.037824 -0.062986 0.138270 -0.019186 0.140158 -0.000517 0.000000 
0.064575 -0.002399 -0.090565 -0.040333 0.000531 0.000612 0.111491 -0.024227 0.000000 0.035927 0.041143 -0.015314 -0.075916 -0.022825 0.123152 0.066921 -0.002608 -0.002510 0.005323 0.077490 89.661556 -0.001033 -0.055388 -0.139326 -0.004330 0.002395 0.062940 0.024089 0.021503 -0.000168 0.110103 -0.145627 0.053174 0.001298 0.149590 0.005238 0.000154 0.135374 0.101437 -0.006992 0.008352 -0.000683 0.065080 0.006358 -0.010813 -0.052285 -0.000736 0.011609 -0.001949 -0.036057 -0.011269 0.002142 -0.015550 -0.017674 0.097908 0.000127 -0.073039 -0.007801 -0.005579 0.043329 0.104918 0.000821 0.001358 -0.025446 -0.001166 -0.039482 0.108616 -0.026174 -0.009648 -0.013904 -0.000975 0.076370 0.005782 0.147232 -0.041259 0.006244 0.013662 -0.008209 -0.025779 -0.154974 -0.080802 -0.047130 -0.010769 -0.082143 0.044295 -0.003584 0.105168 -0.003924 0.091885 0.060216 -0.000675 -0.066484 0.117775 0.091955 0.079424 0.012828 -0.000355 -0.000460 -0.044281 -0.051854 0.146237 -0.010543 0.000000 0.097889 -0.003102 0.025446 0.130130 -0.036866 -0.007184 0.021336 0.000337 -0.002056 0.095157 -0.001338 -0.035317 -0.003832 0.003888 -0.001753 -0.134372 0.008864 0.105794 0.034311 0.024938 0.050773 0.071927 -0.013776 -0.133323 0.003928 0.034331 0.000000 0.005992 0.116326 0.004333 -0.156376 0.056445 0.000672 -0.015998 0.034509 0.064473 0.026634 -0.111355 0.001501 0.040288 -0.151996 -0.002797 -0.008060 -0.021655 0.025383 -0.081382 0.120726 -0.001707 -0.046308 -0.018680 0.137743 -0.009775 -0.004545 0.059724 0.001758 0.048874 0.078418 -0.013363 0.033724 -0.060110 0.000984 0.069737 0.001682 -0.038380 0.000725 -0.007185 0.030822 -0.024788 -0.000665 0.000000 0.003225 -0.059029 -0.000929 0.012419 -0.000389 0.128994 0.136526 -0.047404 0.000213 -0.049230 0.107718 -0.038517 0.001696 -0.005114 0.015000 0.008543 -0.000871 -0.135360 -0.006167 0.026096 -0.000500 -0.067021 -0.082239 
