0.148319 -0.034968 -0.009227 0.017107 -0.062405 0.000326 -0.010780 0.032788 0.009166 -0.013518 0.028781 -0.044124 0.042001 0.001748 0.001450 -0.034326 -0.009345 0.043873 -0.021531 0.027339 0.065480 -0.021813 0.006962 0.007299 0.068186 -0.000510 -0.000595 -0.000882 0.003701 0.002303 -0.001481 -0.001137 -0.035545 0.059115 -0.021740 -0.000688 0.005381 0.008881 -0.046112 0.046937 0.004905 0.041478 0.058095 -0.021098 -0.067538 -0.012100 0.033296 0.000000 -0.040885 -0.044505 0.019834 0.029337 0.015826 -0.033841 -0.001612 0.023058 -0.045074 0.000753 0.004635 0.009845 0.000412 -0.001695 -0.013655 -0.024662 0.029240 0.041453 0.006196 0.011105 -0.012116 0.015161 0.001269 0.003095 0.041189 0.040636 0.049554 0.017224 0.014896 0.025396 0.060646 0.000434 -0.006896 0.059932 -0.018636 -0.010229 -0.041750 -0.001381 0.036876 -0.001966 0.013900 0.059724 -0.008578 -0.003133 0.000000 0.004084 -0.000908 -0.003274 0.011761 0.004297 -0.021601 -0.028137 0.009001 -0.022131 -0.005102 0.013425 -0.061717 0.000000 0.001490 -0.034869 0.009237 -0.063597 -0.007475 0.046949 -0.019202 -0.010351 -0.056402 -0.015866 -0.042991 -0.001699 -0.059405 -0.061881 0.037742 -0.001728 0.013521 -0.011445 -0.065712 0.075042 0.011770 0.000641 -0.066783 -0.046686 0.034146 -0.004246 -0.033679 -0.037297 -0.014852 -0.042889 0.039730 0.021485 0.017165 -0.046359 0.025043 0.021844 0.056599 -0.001044 0.032799 0.006399 -0.049272 -0.023304 -0.035390 0.000000 0.034720 -0.065338 0.021930 0.039945 0.015937 0.014317 0.029286 0.005510 -0.053309 0.011608 -0.021462 -0.009563 0.021645 0.038334 0.019720 -0.016429 -0.008958 0.006328 -0.016610 -0.021882 -0.042264 0.051005 0.052605 0.052887 0.049750 0.010009 0.007910 0.051535 -0.025816 -0.033880 -0.039384 0.016312 0.075564 -0.046440 0.005749 -0.049139 0.001346 0.073354 0.035353 0.027597 -0.021503 -0.004131 -0.007320 0.002755 -0.022077 0.003981 
-0.034968 1.610044 -0.037598 0.001599 -0.008397 -0.003707 0.007605 0.047811 -0.008164 0.000519 0.042758 0.003683 -0.059737 0.065768 0.002626 -0.052019 -0.022997 0.042899 0.027085 0.025403 0.050870 0.031594 -0.030351 0.045188 -0.067011 0.005662 0.001389 0.010104 -0.025758 0.034810 -0.003250 0.012734 -0.009779 0.065745 0.034125 -0.020538 -0.069963 0.028900 -0.043840 -0.007451 0.020308 -0.008415 -0.046638 -0.033512 0.073044 -0.042010 -0.000967 -0.010420 0.043467 0.077113 -0.000496 0.006188 0.019013 0.005838 0.009473 0.032593 -0.007816 -0.002041 0.039045 -0.064020 -0.042567 -0.033419 0.012353 -0.059068 -0.009817 0.056839 -0.005178 0.072743 -0.073802 0.066874 -0.022324 0.066294 0.051318 0.003766 0.053202 0.018079 0.001369 -0.031700 0.011192 0.057587 -0.039487 -0.006397 0.017195 -0.074318 0.051317 0.078770 0.030100 0.044241 -0.069610 -0.010457 -0.003416 -0.032427 -0.018444 -0.044625 -0.008315 -0.030288 0.002530 0.048696 0.046104 0.007852 0.040045 0.004317 0.019151 0.067591 -0.040063 -0.021252 -0.025749 0.068132 0.044537 0.020288 -0.045234 -0.022994 -0.000156 -0.002580 -0.007783 -0.031055 -0.054172 0.057863 0.039749 0.015575 -0.067802 -0.054015 0.000522 0.026739 -0.065739 0.079109 -0.001816 -0.021179 -0.001019 0.041691 -0.022166 -0.002012 -0.050718 -0.002634 -0.027239 0.030166 0.033091 -0.011203 0.037395 -0.000536 0.043468 0.077948 -0.053978 0.019674 0.045898 -0.077181 0.038597 0.012719 0.048088 0.026758 0.003139 -0.005041 0.009906 0.010106 -0.056947 -0.036014 -0.002727 0.022464 0.025883 0.008636 0.059983 -0.044519 -0.004451 0.022873 0.067824 0.002906 -0.002113 0.024449 0.035539 0.074117 -0.012645 0.071457 -0.020493 0.025275 0.026885 -0.051604 -0.054435 -0.064939 0.031288 -0.007457 0.058318 0.054760 0.056404 0.003696 0.051517 0.031126 0.002370 0.054738 -0.002398 0.001788 0.064401 0.053945 -0.051554 -0.068346 -0.014810 0.016787 
-0.009227 -0.037598 0.028411 -0.007239 -0.007450 0.005922 -0.003730 0.075893 0.001632 0.027188 0.010686 0.002606 -0.005499 -0.006548 -0.076043 0.049414 -0.000539 -0.009492 -0.026790 -0.015794 -0.003400 0.007216 -0.001603 -0.003224 -0.034246 0.000414 0.000000 0.000490 -0.004593 -0.008070 0.001838 0.000911 0.007580 0.001966 -0.002414 -0.007173 -0.002871 0.001161 0.002011 0.015197 0.006531 0.023863 0.008273 0.000147 -0.006002 -0.001236 -0.074441 0.004188 -0.021145 -0.007188 -0.001396 -0.005130 -0.003054 0.002806 -0.000966 -0.001264 0.014795 0.049566 -0.003190 -0.010031 0.000172 0.026712 0.013701 -0.003116 0.010512 0.007464 0.004993 0.078596 -0.010416 0.012525 -0.001808 -0.003250 -0.026122 -0.025244 0.007607 0.004020 -0.030660 -0.040894 -0.011183 -0.006409 0.003052 -0.004808 0.000000 0.034526 -0.006979 -0.002444 -0.002545 0.028455 0.002408 -0.022626 0.015242 -0.047308 -0.000872 -0.008147 0.000933 0.002431 -0.002448 -0.015975 0.020192 0.000261 0.055519 0.006242 0.004430 0.002120 -0.001528 0.004435 -0.006850 0.045981 -0.016794 -0.002071 -0.004779 -0.000735 0.016073 0.011502 -0.009031 0.000653 -0.021906 -0.004289 0.038071 0.040611 0.020468 -0.006017 -0.000895 0.004086 -0.000486 0.001422 0.043852 -0.068832 0.037539 -0.071635 0.033088 0.048203 -0.011588 0.006460 -0.008825 0.075679 -0.064443 0.004592 -0.029922 -0.048284 -0.029590 -0.020301 -0.019680 -0.010156 -0.020580 -0.046082 0.030529 -0.038604 0.000220 -0.035007 0.020203 0.054954 -0.021472 0.042259 -0.009782 -0.045875 -0.020915 -0.005155 0.026971 -0.011845 -0.003783 0.003008 -0.003395 -0.015966 -0.017840 0.072924 0.040956 -0.015464 -0.003588 -0.004784 -0.017277 0.007828 -0.015491 -0.021623 0.042277 0.000000 0.006178 0.003028 0.021329 0.000159 -0.002785 0.073677 0.055036 -0.001320 0.011620 -0.008027 0.050052 0.022586 -0.039813 -0.014448 -0.002094 0.003752 -0.026773 -0.000442 0.002857 -0.035492 
0.017107 0.001599 -0.007239 0.116184 -0.033834 -0.034218 -0.010880 0.031975 0.023087 -0.017134 0.030384 -0.001270 0.006960 -0.043772 0.017511 -0.015461 -0.032130 -0.032874 -0.028391 0.002711 -0.060365 0.062147 0.001012 -0.044848 0.006546 -0.001772 -0.000620 0.000000 0.000562 0.005936 0.000367 0.002807 -0.014504 0.007054 -0.009806 -0.025532 0.029172 0.069235 0.026189 -0.050938 0.046651 0.016084 -0.013662 0.029129 0.004695 -0.016289 -0.026159 -0.004901 0.012297 -0.012985 -0.010972 -0.014426 0.029045 -0.024513 -0.007531 0.012987 0.000490 -0.030105 -0.034612 0.006975 -0.007772 0.018308 -0.023510 -0.039161 -0.005194 -0.009289 0.026815 -0.001603 -0.009930 0.059394 0.004143 0.039999 -0.015168 0.034183 0.014137 0.013027 -0.014487 -0.049695 0.026499 -0.020803 0.006351 -0.000650 0.022004 0.007009 0.032355 -0.001412 0.025989 -0.016720 -0.006037 -0.013273 0.025164 -0.009653 -0.002804 0.002317 0.011045 0.000000 0.013905 0.007564 -0.029408 -0.000406 -0.003041 0.028882 0.009441 0.070508 0.015159 -0.034848 -0.024738 0.007338 -0.061570 -0.023145 -0.035524 0.075052 -0.006860 0.016830 0.062592 -0.015915 -0.059209 -0.020196 0.011818 0.008420 -0.048439 0.000748 -0.002834 -0.018125 0.035944 -0.024952 -0.064810 0.000859 0.018945 -0.021283 0.045187 -0.001635 -0.019613 0.008332 0.030271 -0.004689 0.056875 -0.002600 -0.059003 -0.043952 0.032498 -0.010590 0.057952 0.000000 -0.006905 0.015793 -0.028008 0.037604 -0.002315 0.007464 -0.001649 -0.014927 0.004689 0.040855 -0.005574 0.000946 0.007760 0.011444 0.036363 0.014028 -0.014426 -0.017216 -0.022259 0.075240 0.023625 -0.006564 0.006870 -0.008180 -0.024807 0.006451 -0.076212 0.056915 -0.049086 -0.001813 -0.034130 0.013512 0.043160 0.007145 0.033699 -0.028084 0.033938 0.009413 0.023885 0.031204 0.077863 0.000000 -0.036227 -0.070399 0.020825 0.011614 0.009847 0.017033 -0.012107 0.003452 0.026519 0.000302 
-0.062405 -0.008397 -0.007450 -0.033834 13.362105 -0.077497 -0.032262 -0.044688 0.004413 -0.043916 -0.002680 0.008106 -0.005571 -0.031955 0.000000 -0.024386 0.000460 0.002263 0.007424 0.003982 0.041909 -0.029754 -0.005907 0.000216 -0.007868 -0.065545 -0.021470 -0.002509 0.000000 -0.078039 -0.007212 0.042399 -0.009156 -0.002008 0.009201 0.052681 -0.032317 -0.070438 0.000907 -0.039515 -0.000914 0.019938 0.041112 0.028975 0.004683 0.002534 -0.023901 0.001220 -0.009370 -0.056938 -0.056716 0.033603 -0.033823 -0.002984 0.000000 0.004284 0.065948 -0.012648 -0.049305 0.030916 -0.004324 0.058254 -0.029709 0.001361 -0.032393 -0.007061 0.002772 -0.050633 -0.001499 0.065529 -0.008632 0.004628 -0.001054 0.010570 0.042561 0.040266 0.056363 -0.030990 -0.030476 0.000795 -0.018257 0.061871 0.058146 0.008678 -0.001074 0.000689 -0.052993 -0.038335 -0.003864 0.017080 0.047347 -0.025069 0.001050 0.011349 0.050112 -0.043169 0.011176 -0.001636 -0.010925 0.065827 -0.018295 0.050065 0.000788 -0.004308 -0.000912 -0.033731 0.045555 -0.008712 0.007661 -0.014181 -0.013735 0.000123 0.001954 -0.018137 -0.057019 -0.020329 -0.007360 0.079181 0.009353 -0.042600 -0.006579 -0.015758 0.065241 -0.022729 0.028931 -0.034260 0.035303 -0.009017 0.005286 -0.022947 0.005788 -0.024083 -0.022500 0.019481 0.014857 0.003260 0.023469 -0.003642 0.022840 0.000000 0.003516 0.000000 0.078816 -0.011511 0.002930 -0.024122 -0.001523 -0.054685 -0.015378 -0.068554 0.022664 -0.071530 0.004677 0.039667 -0.045174 0.012855 0.001072 0.004156 -0.065773 -0.010392 -0.053683 -0.001987 -0.006404 -0.070031 0.043596 -0.036606 0.038650 0.000273 -0.012625 0.000000 0.007232 0.069458 0.009631 0.000000 0.070105 -0.004359 -0.007828 -0.025779 -0.073085 -0.038391 0.017710 0.014582 0.000418 0.065477 -0.002471 0.001533 0.066726 0.007293 -0.035346 -0.004414 0.034552 -0.017983 -0.057866 0.044836 0.001885 0.001721 
0.000326 -0.003707 0.005922 -0.034218 -0.077497 490.289334 0.018519 0.071636 0.001041 0.001101 -0.015981 -0.030836 0.056450 -0.003224 -0.002300 -0.000479 0.000000 -0.000398 0.078839 -0.077668 -0.015283 -0.025328 -0.006250 0.000357 0.000000 0.000184 -0.000393 0.019636 0.000878 0.002584 0.002544 0.000418 0.012293 -0.034798 0.031659 -0.045878 -0.047392 0.000271 -0.000149 0.003157 0.000000 -0.001704 -0.000368 0.030028 0.015755 -0.040065 0.004195 0.014480 0.054005 -0.000280 -0.009446 0.006246 -0.063975 0.047185 0.000611 -0.076862 0.010772 0.016898 -0.041906 0.013758 0.000418 0.011884 0.016212 0.005685 -0.048755 -0.007894 -0.016039 -0.011349 -0.050635 -0.008108 -0.007553 0.002354 0.015543 -0.005774 -0.041123 -0.062026 0.001172 -0.001283 0.020761 0.045028 -0.022258 0.002301 0.017872 -0.068428 0.000000 -0.026880 -0.009434 -0.009692 0.003324 0.005682 -0.024658 -0.003248 0.008670 0.001229 0.049760 -0.009137 -0.034335 -0.001211 0.000000 0.003051 0.049158 -0.030356 0.060583 0.000000 -0.037610 -0.009459 0.011315 0.001797 -0.004506 -0.078460 0.057697 -0.001737 0.001337 0.000000 0.044749 -0.002012 0.000000 -0.002058 -0.008104 -0.066223 0.047570 0.059239 0.001584 -0.002692 0.000000 0.016410 -0.004912 -0.050492 -0.001646 -0.068110 -0.050568 -0.057931 0.009015 0.043705 -0.040802 0.001839 0.000000 0.000000 -0.006931 -0.013314 -0.020751 -0.002638 -0.000910 0.016348 -0.015437 0.030662 -0.030729 -0.011337 0.000000 -0.002150 0.034935 0.072913 0.014118 -0.069975 0.062387 -0.000296 0.003317 0.002933 -0.001535 -0.052029 0.002482 -0.012751 -0.039924 0.005795 -0.010995 0.000000 -0.009099 0.000000 -0.055246 0.000000 -0.003238 0.009165 0.028178 0.008915 0.019401 0.029159 0.000882 0.001419 0.001372 -0.014571 0.000000 0.000000 0.000000 -0.000126 0.024584 0.000000 -0.021315 0.019821 0.000413 -0.019871 0.001171 0.021698 0.000223 0.069545 0.064532 -0.019590 
-0.010780 0.007605 -0.003730 -0.010880 -0.032262 0.018519 0.479687 0.046516 0.010025 0.036013 0.028159 -0.066928 -0.020020 0.039705 0.002981 -0.003760 0.054118 -0.043504 -0.004174 0.001600 -0.032420 -0.000203 0.043074 0.011827 -0.027458 -0.002380 -0.000755 -0.006149 -0.019761 0.004547 -0.006461 0.000800 0.014890 0.047104 0.060149 0.052124 0.039615 -0.007493 -0.017126 0.034670 0.014644 0.007261 0.077754 0.048721 -0.044127 -0.072168 -0.007945 -0.069775 -0.038163 0.023388 0.027415 -0.040181 -0.018610 -0.037540 0.003191 -0.041243 -0.014409 0.013702 -0.041962 0.007997 0.067553 0.025014 -0.027215 -0.001379 0.004800 -0.005319 0.004725 -0.069117 -0.042097 -0.045079 -0.025335 0.063411 -0.048616 -0.003185 -0.006940 -0.059822 0.026273 -0.002898 0.041630 -0.022501 -0.032923 0.004044 -0.051966 -0.033406 0.009267 -0.016832 -0.023685 0.011856 -0.016906 -0.035698 0.026329 0.052589 -0.027289 -0.014229 -0.002727 -0.007256 -0.024539 -0.043227 0.022888 -0.017715 0.039962 -0.053720 0.046032 -0.041877 -0.047995 -0.051292 -0.038974 0.017269 0.053105 0.036844 0.016573 0.014332 0.000488 0.029665 0.030210 -0.003704 -0.044806 -0.016948 -0.062517 0.034962 -0.049626 0.037342 -0.012160 0.013678 -0.003642 0.040720 -0.001770 0.016736 -0.019861 0.017564 0.022373 -0.049533 0.008271 -0.026024 0.002452 0.001178 0.014772 -0.054929 -0.012175 -0.028015 -0.027552 0.032711 -0.016354 -0.018864 0.047919 0.007691 -0.028089 -0.027146 -0.001467 -0.070659 0.000000 0.017010 -0.050681 -0.025987 -0.060708 -0.046381 -0.050981 -0.026743 -0.014885 0.075741 -0.044131 -0.048591 0.011192 0.021266 0.042669 -0.049567 -0.038249 0.025126 0.001653 -0.030574 0.039236 0.008801 -0.040131 0.046990 -0.007647 0.005734 -0.029075 -0.039597 0.016528 0.010252 0.070597 0.036312 0.065145 0.041258 -0.043454 0.013677 -0.023351 -0.039276 -0.010630 -0.073739 0.024950 0.038027 0.012640 0.016751 0.035458 0.024904 
0.032788 0.047811 0.075893 0.031975 -0.044688 0.071636 0.046516 14.633792 -0.013920 -0.012954 0.010471 -0.015228 0.009737 0.000225 0.051485 0.003717 0.004848 -0.001844 0.044533 0.003955 0.064460 -0.010214 0.007486 -0.003651 0.005147 -0.000199 -0.034287 -0.074568 -0.048391 0.000000 0.021219 -0.002727 0.008568 0.000372 0.046626 0.027188 -0.003061 0.013541 0.002020 -0.007795 -0.009378 -0.001133 -0.026833 0.002133 -0.024378 -0.016663 -0.020438 0.052808 0.003591 -0.027632 -0.009833 0.002001 -0.035140 0.011754 0.013231 0.025672 -0.000979 -0.046987 -0.017180 -0.025819 0.023009 0.071645 0.005398 0.036524 0.002709 0.007777 -0.008827 0.001537 0.000000 0.005378 0.012688 0.029049 0.001733 -0.000190 -0.038070 -0.002326 0.024238 0.000201 -0.031381 0.010208 -0.019442 0.024531 0.017080 0.000763 -0.011000 0.002315 0.029610 0.030121 -0.023066 -0.001835 0.052359 0.009817 0.001845 0.078623 0.026358 0.014740 0.002817 -0.001038 0.007678 -0.030971 0.055314 -0.013491 0.054656 -0.044870 -0.055035 0.008787 0.032338 0.000212 -0.005131 0.039554 0.003273 0.062620 -0.027997 0.002728 0.001385 -0.008049 -0.003032 0.001247 0.078566 0.000364 0.000907 -0.008880 0.073789 0.018212 -0.010364 -0.027866 -0.008176 -0.000517 -0.070204 -0.016600 -0.000268 -0.022933 0.057878 0.048257 -0.033296 -0.002545 0.065287 0.017440 -0.001073 -0.002751 -0.031887 -0.000847 -0.016779 0.014864 0.003502 0.002242 0.001974 -0.018842 -0.022036 0.061627 0.062403 -0.015652 -0.002784 0.001518 -0.019921 -0.000361 0.038838 -0.002512 -0.027890 -0.000104 0.043847 -0.016725 0.017875 -0.019282 0.004646 0.013990 0.002662 -0.034980 -0.009835 -0.003934 0.000000 -0.000109 0.055152 0.003246 0.069647 -0.077722 -0.070604 0.039761 0.001508 -0.006847 0.027279 0.004755 0.022119 -0.015302 0.003860 0.005522 -0.006965 0.012984 0.001120 0.010968 0.043698 0.032642 0.004900 -0.029527 0.000329 -0.023488 
0.009166 -0.008164 0.001632 0.023087 0.004413 0.001041 0.010025 -0.013920 559.299659 0.016115 -0.052248 0.009897 -0.016743 0.000000 0.000000 0.000000 0.032563 -0.000706 -0.015125 -0.000747 -0.025983 -0.002315 -0.062035 -0.000475 0.045433 0.002811 -0.010364 -0.004075 -0.001515 0.004333 -0.002515 0.026498 -0.018179 0.028717 0.003927 0.078137 -0.031193 0.005895 0.001087 -0.065596 -0.000358 0.052385 0.000199 -0.028154 0.009398 0.013545 0.001987 0.004381 0.072255 -0.036343 -0.013299 0.001430 -0.064022 0.061010 -0.003242 0.077298 0.052024 -0.001084 -0.015580 -0.060422 0.000302 0.000993 -0.026035 0.027094 0.033404 0.032202 0.007691 0.000000 -0.075128 -0.034117 -0.071494 -0.008228 -0.026469 -0.040431 0.049512 -0.002234 -0.034143 0.002469 -0.023713 -0.065960 0.050866 0.016267 -0.012995 -0.022269 0.000918 0.040147 0.000000 0.005244 -0.047606 0.018985 0.027661 -0.004944 -0.000594 -0.003327 0.034469 -0.001137 0.004156 -0.002354 0.049560 0.015607 -0.055207 -0.077381 0.015052 0.056059 0.005406 -0.000565 -0.003992 0.008955 0.005605 0.000000 -0.046051 -0.001328 -0.005842 0.000000 -0.015141 0.000000 -0.069544 -0.006497 0.023363 -0.002678 -0.028593 0.048581 0.017960 0.048277 0.001545 0.016591 -0.006795 -0.039964 0.021130 0.000000 -0.010635 0.066191 0.001481 -0.013252 0.053357 0.048495 0.002140 -0.003343 -0.011353 0.000814 0.001802 0.000000 -0.014733 0.000714 0.016564 0.000000 -0.024449 -0.037912 -0.005934 -0.001083 -0.040036 0.000289 0.005866 0.000000 -0.005741 -0.036783 0.004207 -0.015008 -0.027074 0.032766 0.017280 -0.000659 -0.051121 -0.050054 -0.028632 0.006398 -0.007628 -0.000656 0.024673 0.067006 0.000000 -0.009374 0.000000 -0.031567 -0.043552 0.029323 0.002460 0.004405 0.000000 -0.004128 -0.009045 -0.016181 0.016650 0.011582 -0.001862 -0.009913 0.007438 0.030866 -0.008078 -0.006244 -0.008263 0.046773 0.000000 -0.002564 0.000276 0.043898 
-0.013518 0.000519 0.027188 -0.017134 -0.043916 0.001101 0.036013 -0.012954 0.016115 5299.406776 -0.000176 -0.011807 0.000000 0.000000 -0.006943 0.003686 0.059150 -0.017227 0.065943 0.011038 -0.045505 0.057074 -0.031270 -0.001811 -0.016201 -0.003614 0.025300 -0.005149 0.053582 0.002212 0.069230 -0.002583 0.048113 0.012977 -0.002674 0.003835 0.000556 -0.040255 0.008046 0.075306 -0.018697 0.000000 -0.001369 -0.000503 -0.053531 -0.000102 -0.011550 -0.046445 0.036957 0.027585 -0.006446 0.038529 -0.024154 0.007790 0.000266 -0.037708 0.002175 -0.021347 0.064958 -0.066626 0.000107 -0.077552 0.042319 -0.035437 -0.018410 0.010551 -0.006632 0.067464 0.000000 -0.000896 0.004996 0.001316 -0.031456 -0.010826 -0.046125 0.036780 0.001627 -0.004786 0.022356 -0.008346 -0.020776 -0.015838 0.010298 -0.027482 0.000000 0.007687 -0.012181 0.030595 -0.004000 0.002944 0.005862 0.000155 -0.060842 0.005713 0.041401 0.009204 -0.021686 -0.008051 0.008628 0.004751 0.047026 0.053364 -0.076597 0.047900 0.001208 0.037110 0.023744 -0.000119 -0.000514 0.074533 0.030955 -0.033111 0.039969 -0.036486 -0.010684 -0.043140 0.000000 0.001850 -0.001088 0.003005 0.065919 -0.039337 -0.054747 0.005554 0.001477 0.062933 0.002403 0.044995 0.000000 -0.025183 0.001836 0.023159 0.005400 -0.014468 -0.047343 0.000000 0.011806 0.046888 -0.024240 0.002715 -0.075112 0.000000 0.028111 0.015287 -0.018907 -0.000835 -0.026217 -0.008219 -0.000965 -0.003328 0.000817 0.004347 0.030746 0.012028 -0.020472 0.017549 0.009503 0.023345 0.000000 0.012810 0.000137 0.028293 0.045253 0.039360 0.000740 -0.008837 0.030472 0.000252 0.000000 -0.003761 -0.002584 0.000000 0.043940 0.000637 -0.017767 0.072923 0.000000 -0.008651 0.015158 -0.008247 -0.010672 0.000291 0.000994 0.057343 0.076513 0.001951 -0.000421 -0.031015 -0.045809 -0.015049 0.055851 0.000531 0.000000 0.064104 0.004337 -0.002694 
0.028781 0.042758 0.010686 0.030384 -0.002680 -0.015981 0.028159 0.010471 -0.052248 -0.000176 17.548772 0.020656 -0.019559 -0.001003 -0.004120 -0.063931 -0.036009 0.008423 0.005845 -0.017485 -0.056499 -0.039917 0.061501 0.004015 0.002191 0.058539 -0.000857 -0.006179 -0.009655 0.005241 0.032283 0.055990 -0.048818 -0.043947 0.006809 -0.008575 0.011837 -0.030536 0.019807 -0.018697 -0.058741 -0.054398 0.002848 -0.076856 0.004867 0.058278 0.018926 0.017160 -0.019292 -0.032173 0.018118 0.007525 0.008925 -0.015236 0.013625 -0.011875 0.007206 0.007458 -0.000167 0.040743 0.039968 0.030291 0.003347 0.056501 -0.000902 -0.065958 -0.010880 0.056640 0.000671 -0.021026 0.011741 -0.007685 0.019279 0.001073 -0.011479 0.043314 0.000139 0.059941 0.006463 -0.037950 -0.029121 -0.035339 -0.032147 0.020749 -0.005043 -0.018300 -0.008973 -0.002781 -0.031225 -0.002505 0.005985 0.000343 -0.061204 -0.009462 0.016567 0.000994 -0.002035 -0.053472 0.001998 0.007918 0.041878 0.002318 -0.023140 -0.011489 -0.014836 0.044434 -0.022513 0.039012 -0.000129 0.005498 0.036099 0.025103 0.017950 -0.005302 -0.033978 -0.003653 0.014752 0.018623 0.000927 0.038789 -0.029302 -0.036132 -0.014968 0.069688 -0.008908 0.012736 0.007605 -0.018750 -0.011875 0.068012 -0.054586 0.005144 -0.010496 0.018110 0.008924 0.033637 0.001007 -0.001677 0.012356 -0.065842 0.010725 0.001706 0.016034 -0.037645 -0.018086 0.065668 -0.047257 -0.001542 -0.001300 -0.006508 0.016263 0.017472 0.058122 0.036264 0.013029 -0.002868 0.020927 0.055308 -0.000252 0.013523 -0.000250 -0.067608 0.055859 0.004965 0.009546 -0.001652 -0.034592 0.040180 0.000000 -0.045256 -0.041816 -0.008482 -0.019039 0.066579 -0.014270 0.016415 0.045162 0.017029 -0.018672 0.002328 -0.066877 -0.003423 0.036777 -0.003142 0.025303 0.005654 0.038924 0.044376 0.011376 0.033641 0.056204 0.075417 0.047956 -0.028302 0.002634 -0.047445 
-0.044124 0.003683 0.002606 -0.001270 0.008106 -0.030836 -0.066928 -0.015228 0.009897 -0.011807 0.020656 157.532312 -0.016979 -0.029756 -0.007405 -0.001726 0.002363 0.000401 -0.003185 -0.026571 -0.035168 -0.043649 -0.014744 0.015757 -0.005742 -0.017482 0.000568 0.011556 -0.045463 0.030459 0.000702 -0.000276 0.036013 0.022686 0.054288 0.002596 0.000509 0.001145 -0.075720 -0.006942 0.000431 -0.004471 -0.020516 0.007862 0.000294 0.036048 -0.064853 -0.001483 0.029641 -0.001465 0.001969 0.004849 0.040984 0.021182 -0.001300 -0.004570 -0.000972 0.011772 0.035348 0.032850 0.021538 -0.041574 0.012627 0.026753 -0.001963 -0.009234 -0.050756 -0.001858 -0.012787 0.004694 -0.001056 0.004512 0.065774 -0.053041 0.031727 0.041147 0.018357 -0.034332 0.005848 0.046801 0.015699 -0.034660 0.046012 -0.040179 0.031596 0.000000 0.010983 0.008564 0.025134 -0.073396 0.006815 -0.019360 0.049902 -0.058808 0.000282 0.035160 0.006526 0.062246 -0.025497 0.000000 0.015892 -0.022072 -0.021415 0.027629 -0.000229 0.029892 0.033204 -0.016343 -0.003872 0.001592 0.027569 -0.028141 0.013866 -0.000554 -0.009952 0.000000 0.068216 -0.008356 -0.061430 0.000000 -0.011575 0.009654 0.000000 0.008382 -0.003370 0.053386 0.029839 0.000118 0.045464 0.024876 0.044696 -0.005974 0.003013 0.053813 0.067987 -0.067955 -0.018809 0.000000 0.004653 0.035872 0.037932 -0.005579 0.000590 0.040194 0.003718 0.014154 -0.006554 -0.027711 -0.018949 -0.044248 -0.042449 -0.026885 0.066150 0.000000 0.017482 0.011706 0.002332 0.062449 -0.029862 0.008300 0.061259 -0.007433 -0.003583 0.010847 -0.011968 0.078497 -0.003329 0.000301 0.000000 0.077268 -0.000386 0.009076 -0.002095 0.000000 0.000242 0.000000 0.001164 -0.000307 -0.075247 0.000000 0.005228 0.001873 -0.005648 -0.002299 0.001775 -0.000652 0.063821 0.037454 0.005412 0.029954 0.025055 0.001659 -0.030501 -0.013458 0.000573 0.068485 
0.042001 -0.059737 -0.005499 0.006960 -0.005571 0.056450 -0.020020 0.009737 -0.016743 0.000000 -0.019559 -0.016979 3551.163500 0.000000 -0.030744 -0.022800 -0.053547 0.001189 -0.003668 -0.028412 0.049902 -0.009025 -0.035541 0.031862 0.061126 -0.019249 -0.002170 -0.014279 0.000874 -0.002196 -0.004076 -0.004598 -0.027349 -0.011037 0.006191 0.069586 0.001222 -0.001826 0.007378 0.058695 0.001170 -0.035173 -0.074256 0.009698 -0.043793 0.019753 0.073477 0.008807 0.059033 0.022641 -0.014518 0.027765 0.006057 -0.012672 -0.000626 0.012300 0.037397 0.026372 -0.050015 0.009152 0.014362 0.070566 0.016442 -0.009252 -0.000140 0.000442 0.064266 -0.002067 -0.000328 0.000139 0.071388 -0.001366 0.000951 0.001124 -0.031771 0.028130 -0.002587 -0.003730 -0.020610 0.013784 -0.008082 -0.006842 0.000848 -0.041385 0.000239 0.000197 0.067872 -0.025902 0.007945 -0.000879 0.004414 -0.054492 0.019867 0.035400 0.017695 -0.019358 0.074826 0.054640 0.014576 0.042035 -0.063939 -0.008428 -0.016942 -0.021577 0.003676 0.002290 0.025868 0.021616 -0.000260 -0.000177 0.004994 -0.000411 0.029219 0.000000 -0.005772 0.000000 0.020705 -0.044734 -0.005839 0.033865 -0.063095 0.019289 0.011074 -0.037953 0.001125 -0.051703 -0.010578 0.007195 0.000000 0.019827 -0.070374 -0.023712 -0.010874 -0.037372 -0.005872 -0.063000 -0.008234 0.000000 -0.037866 0.000000 0.000000 0.002790 0.000765 0.000231 0.016561 0.000000 0.042984 0.003490 0.002352 0.000000 0.055236 0.000171 0.000421 -0.021339 0.003031 0.000000 0.039095 -0.007627 0.025207 0.048702 -0.059326 0.007776 -0.026608 -0.017496 0.000000 -0.003096 0.011575 0.002667 0.000000 0.000000 0.027245 -0.044559 0.001587 -0.010509 0.002352 0.012001 0.000000 -0.013349 0.012018 0.053646 -0.001248 0.000000 0.000000 0.000812 0.002422 -0.004821 0.011774 0.027897 0.009619 0.005446 0.002341 0.038287 0.000000 -0.000935 0.001033 0.009221 
0.001748 0.065768 -0.006548 -0.043772 -0.031955 -0.003224 0.039705 0.000225 0.000000 0.000000 -0.001003 -0.029756 0.000000 2238.922775 -0.000876 -0.018343 -0.001315 0.000000 0.033948 -0.000558 -0.001560 -0.020501 0.002119 -0.007783 0.063920 -0.036350 -0.010399 -0.000364 -0.026434 0.012853 0.032299 0.035691 0.075798 -0.075828 -0.017391 0.020034 0.000447 0.061966 -0.000340 -0.071084 0.002259 0.002646 0.002718 0.001472 0.000000 0.006891 0.007861 -0.000506 -0.047311 0.000532 -0.023399 0.047763 0.007440 -0.007265 -0.000116 -0.010271 -0.037364 -0.017795 -0.025260 -0.009389 0.004544 -0.065909 -0.007445 -0.008964 0.005082 0.031714 -0.006135 -0.001619 0.008471 -0.000171 -0.046722 0.000193 -0.007436 0.011565 -0.025444 0.019204 -0.066951 -0.000420 -0.026398 -0.041022 -0.015009 0.006111 0.013812 -0.002148 0.001573 -0.005059 0.030968 0.017808 0.011929 0.000000 -0.003361 0.008019 0.003769 -0.000720 0.003995 0.068175 0.000482 -0.035641 -0.046243 0.051544 -0.056749 -0.000483 -0.065719 0.029362 0.000319 0.000298 -0.041686 -0.038459 -0.014834 0.035708 0.008955 0.000325 -0.056293 0.005872 0.010350 0.000306 -0.000602 -0.068802 -0.027732 0.028988 0.000821 0.001191 -0.062259 0.003618 0.000000 0.005682 -0.008905 0.000743 -0.004017 -0.021986 -0.065907 0.024618 0.001338 0.012331 -0.018947 -0.002054 0.061033 -0.012203 0.017846 -0.001520 0.000000 -0.000589 0.000000 0.019484 0.035395 0.008877 -0.065921 -0.052636 0.005462 -0.019271 -0.024248 -0.052611 0.000230 0.012338 -0.011780 -0.029527 0.039453 0.024222 0.010714 -0.033645 -0.002586 -0.065006 0.029098 0.007017 0.012725 0.034354 0.062810 0.004790 0.000000 -0.016052 -0.040219 -0.004403 0.000000 0.000000 -0.068393 0.000000 0.002577 0.019277 -0.000415 -0.066283 0.000000 -0.010268 0.000000 0.006440 -0.030896 -0.001410 0.009239 -0.004630 0.001132 0.007284 -0.062092 -0.028759 -0.052035 -0.023874 0.001467 0.000000 
0.001450 0.002626 -0.076043 0.017511 0.000000 -0.002300 0.002981 0.051485 0.000000 -0.006943 -0.004120 -0.007405 -0.030744 -0.000876 61.200293 0.005775 0.017147 -0.009670 0.006859 0.016553 -0.005008 0.001484 0.001287 0.000131 0.046816 0.020222 0.000398 0.000000 0.011366 -0.023382 -0.000443 -0.027725 -0.013342 -0.016669 -0.000384 0.006220 0.002198 0.000494 -0.038455 0.042591 -0.001775 -0.002292 -0.001219 0.008720 -0.008942 0.005810 0.077845 0.007767 0.035921 -0.001306 0.023798 -0.018443 0.051776 0.027659 0.000281 0.000647 0.017873 -0.033318 0.037221 -0.012204 0.001112 0.000000 0.075921 -0.020297 -0.001517 0.040636 -0.062069 -0.004296 -0.064590 0.028122 -0.005517 0.000256 0.003949 -0.025649 -0.069454 0.005978 -0.015071 -0.074131 -0.022499 0.014249 -0.010768 -0.001103 -0.048673 -0.039787 0.000000 -0.061488 0.044325 -0.034299 0.026949 -0.023366 -0.001854 -0.007809 0.000447 0.060156 -0.027139 -0.012109 0.006979 -0.000778 0.000000 -0.066601 0.001095 -0.008191 0.021545 -0.005513 -0.010071 -0.004371 -0.031781 0.046604 -0.001005 -0.000353 -0.007469 0.000575 -0.059431 -0.001093 -0.000883 -0.002712 -0.004381 0.013436 0.043753 0.021083 0.024096 0.013409 0.034763 -0.001231 0.000547 -0.000306 -0.019759 0.007352 0.000000 0.009085 0.019608 0.006793 -0.001534 -0.039011 -0.025392 -0.032779 0.026708 0.060186 -0.024942 -0.002794 -0.044647 -0.014616 0.000307 0.000000 0.046681 0.001034 0.044864 0.067172 -0.052885 0.000000 0.036915 -0.011070 -0.001070 -0.039076 0.000676 0.025111 -0.000829 -0.006078 -0.009960 0.012001 0.001172 -0.008969 -0.010699 0.014733 0.013536 0.005294 0.004492 0.024836 -0.024996 0.015445 0.000502 -0.046552 -0.075734 -0.022677 -0.057808 0.008672 -0.000263 0.008441 -0.004076 0.027710 0.004623 0.000000 0.000218 -0.005372 -0.001247 -0.004791 0.036661 0.021399 0.059093 0.004133 -0.015143 -0.012314 0.000000 0.008615 0.025321 -0.001390 
-0.034326 -0.052019 0.049414 -0.015461 -0.024386 -0.000479 -0.003760 0.003717 0.000000 0.003686 -0.063931 -0.001726 -0.022800 -0.018343 0.005775 443.467908 -0.002843 0.000000 0.024127 -0.001149 0.001492 -0.018199 -0.017144 -0.055349 0.003457 -0.014844 -0.001241 -0.019464 0.015111 -0.012084 -0.007746 0.011813 -0.070427 0.007301 0.000478 0.040467 0.005528 0.000725 -0.000807 0.004997 0.075681 -0.076585 0.000000 -0.003506 0.008374 -0.003675 -0.007277 0.002259 -0.040008 0.000000 -0.009045 0.007627 0.003532 -0.033727 0.000281 0.015956 0.000000 -0.011440 0.034044 0.009823 0.000182 0.034485 0.043076 -0.000962 0.000000 0.044521 0.004922 0.000000 0.000604 -0.002855 0.029894 0.000000 -0.023906 -0.001529 0.033830 -0.026718 -0.000134 0.019674 -0.029858 -0.029986 0.000581 0.009389 -0.024450 -0.052086 -0.030492 0.000600 0.035316 -0.004185 0.000000 -0.018208 -0.044813 -0.015166 0.001525 -0.003685 0.035521 0.049450 -0.023898 -0.049446 0.040363 0.007774 -0.005550 -0.003162 -0.023050 0.000000 -0.000498 0.000000 0.051956 -0.002739 0.002922 0.007109 0.000461 -0.000268 -0.000534 0.033509 0.000000 -0.062374 -0.030143 0.000000 0.014964 -0.037825 0.015541 -0.044560 0.025214 0.000714 0.000000 -0.003548 0.012619 -0.009426 -0.006589 0.001433 0.000538 -0.032523 -0.009194 -0.029345 -0.014689 -0.048715 0.003895 0.026854 0.000831 -0.000718 0.000000 -0.010116 0.045153 -0.022090 0.005206 0.000183 0.065347 0.024352 -0.000849 0.055014 -0.019014 -0.011022 -0.013814 -0.005543 -0.011232 0.002843 -0.003858 0.037429 -0.056719 -0.005590 0.022473 -0.000157 0.062023 -0.017139 0.000000 -0.071628 -0.002824 0.000000 0.000936 0.003941 -0.008233 -0.009660 0.000000 -0.007856 0.065810 0.003386 0.000000 0.000000 0.006640 0.007484 0.008394 0.002529 0.000000 -0.003813 -0.002811 0.000000 -0.052365 0.008032 0.056345 0.051571 0.063313 0.017953 -0.004899 0.015286 0.007691 0.012854 
-0.009345 -0.022997 -0.000539 -0.032130 0.000460 0.000000 0.054118 0.004848 0.032563 0.059150 -0.036009 0.002363 -0.053547 -0.001315 0.017147 -0.002843 788.693251 0.002035 -0.000297 0.000000 -0.016049 0.007631 0.011094 -0.033211 0.023047 -0.028812 -0.018016 0.001634 0.005980 0.024061 -0.011295 -0.000240 -0.001056 -0.004694 -0.005823 -0.016350 0.008836 0.075700 0.026749 0.037560 -0.001533 -0.033011 -0.012823 0.008882 -0.001106 0.014239 0.004607 -0.000360 -0.059669 0.043569 0.006757 0.008632 -0.038798 0.003509 -0.003367 -0.060161 0.031989 0.001168 -0.001895 0.027405 0.060016 -0.000552 0.024216 -0.006491 -0.012800 0.010458 0.036782 -0.022782 0.000000 0.072910 0.046184 0.041372 0.058779 0.051862 -0.024177 -0.016777 -0.001626 -0.040392 -0.008748 -0.072639 -0.042571 -0.047073 0.030738 0.002785 0.000000 -0.010614 0.006533 0.063289 0.000267 0.028912 -0.005254 0.010802 0.074839 0.027025 -0.003560 0.015752 -0.024159 0.001038 0.035149 -0.043407 -0.026381 -0.002156 -0.013917 0.002795 -0.004033 -0.011773 -0.044327 0.010747 -0.003673 0.006252 0.022673 0.000000 -0.001766 0.000000 -0.055715 0.000237 -0.054150 0.000000 -0.001115 0.006876 0.055417 -0.073912 0.016459 0.014647 -0.003437 0.001064 0.045132 -0.001826 -0.048589 0.032305 0.032137 -0.065635 0.000225 0.005531 -0.052253 -0.013524 0.000000 0.004954 0.065903 0.010521 -0.078074 0.000000 0.062591 -0.005330 0.034347 0.076007 -0.049314 -0.065396 0.001066 -0.018766 0.068457 0.000120 0.053343 -0.016166 -0.000263 -0.030557 0.000000 -0.000265 -0.061411 -0.000729 0.012986 -0.045808 -0.065091 -0.015575 -0.002146 0.001022 -0.030742 0.002186 0.049023 -0.025043 -0.064564 0.002733 0.000000 -0.030470 -0.002410 -0.001233 0.000000 -0.007419 -0.011668 0.000192 0.055637 0.016929 0.002028 0.005770 0.000000 0.010343 0.012872 -0.004871 0.066190 0.009382 0.010816 0.047663 -0.006507 0.001004 -0.018641 -0.075339 
0.043873 0.042899 -0.009492 -0.032874 0.002263 -0.000398 -0.043504 -0.001844 -0.000706 -0.017227 0.008423 0.000401 0.001189 0.000000 -0.009670 0.000000 0.002035 98.729868 -0.052919 0.053192 -0.000747 0.018413 -0.002003 -0.000165 0.000000 -0.030733 0.000241 0.000271 0.019753 -0.004724 0.009092 0.000845 0.038659 0.016587 -0.015215 -0.011532 -0.001275 0.000000 0.003261 -0.006605 0.000266 0.005252 -0.008432 -0.020953 -0.041909 -0.007644 -0.011006 -0.076792 -0.034877 0.000000 -0.009389 0.018703 -0.045201 -0.061158 0.071938 0.035615 0.025022 0.000000 -0.031945 -0.014609 -0.047390 0.039498 -0.056735 -0.007650 0.000304 -0.014272 0.012325 -0.024215 0.001743 -0.000693 0.003363 0.000279 0.000293 -0.000224 0.029465 -0.055902 0.000311 0.005180 -0.044979 0.000000 0.000774 -0.014302 -0.043702 0.002748 0.035297 0.000000 -0.033974 -0.007626 0.000741 0.026767 -0.016950 -0.020209 -0.036951 0.077022 0.020171 -0.060470 0.027203 -0.005591 0.003751 -0.000371 0.069743 0.011439 0.000000 0.048195 0.000454 0.000488 -0.024552 -0.001069 0.006355 -0.004553 0.033940 0.010052 0.025719 -0.012600 -0.022151 -0.025658 0.028515 0.011668 -0.004858 0.001335 -0.006137 0.066091 -0.039497 0.015639 -0.005977 0.003183 -0.078121 -0.045297 0.070273 -0.008146 -0.002099 -0.031542 0.000603 0.033226 -0.063455 -0.008606 0.008330 -0.014293 0.000132 0.046088 0.025432 -0.052495 0.028409 0.041871 0.052979 -0.007035 0.024536 -0.071114 -0.022305 0.023057 0.000000 0.054843 0.000804 0.001553 0.025351 -0.073126 0.001494 -0.021091 -0.013847 0.023368 -0.002008 0.078655 0.019269 0.013142 -0.002803 0.002814 0.009070 0.000000 0.029798 -0.013626 -0.001707 -0.008268 0.000558 0.040065 0.030843 0.000000 -0.002347 0.000000 -0.002522 -0.038102 -0.036206 -0.017667 0.000000 0.001419 -0.012969 0.000000 0.011644 -0.010397 -0.013695 0.046075 -0.008807 -0.003217 -0.040593 0.050835 0.000125 -0.014060 
-0.021531 0.027085 -0.026790 -0.028391 0.007424 0.078839 -0.004174 0.044533 -0.015125 0.065943 0.005845 -0.003185 -0.003668 0.033948 0.006859 0.024127 -0.000297 -0.052919 2.056010 -0.025335 0.024393 0.063382 -0.026411 -0.055672 -0.018305 0.000658 0.000000 -0.005996 -0.036647 -0.004407 -0.009820 0.000242 -0.025526 -0.053364 -0.042900 0.015382 0.000000 -0.059920 -0.058738 0.000223 0.008200 -0.065902 0.003468 0.025905 -0.033236 0.031336 0.075353 0.033387 0.000820 0.002980 -0.063703 0.010818 -0.055323 -0.008384 -0.000593 -0.021448 0.061039 0.054893 -0.031558 -0.005781 0.063468 -0.033738 -0.006073 0.003761 0.026311 0.004066 0.012739 -0.042373 -0.010245 0.009450 -0.005899 0.002620 0.021900 -0.018456 0.020997 -0.038049 0.023975 -0.066141 0.055400 -0.048129 -0.069284 -0.007305 -0.015301 -0.004245 0.074887 0.014255 -0.019059 0.002683 -0.014271 0.055248 -0.042414 0.010564 0.022321 -0.042667 -0.014711 -0.052427 -0.037700 -0.050725 -0.039166 -0.019134 0.028535 0.009931 -0.045634 -0.055835 -0.044070 0.042045 0.044667 0.067828 0.015705 -0.024890 -0.002999 0.030686 -0.021845 -0.070433 0.027277 0.010600 0.062456 0.019724 -0.020828 0.019192 0.022406 0.046693 -0.015586 0.049855 0.001496 0.062824 0.028641 0.026491 0.050068 0.042531 -0.025728 0.017370 -0.034423 0.069506 0.006921 0.004345 -0.000282 -0.025295 0.029900 -0.002301 0.000255 -0.044221 -0.026425 -0.021234 -0.075882 0.004055 -0.029029 -0.003257 -0.010814 0.004266 -0.042881 -0.044238 0.034429 -0.069749 0.041967 -0.050213 0.052077 -0.006131 -0.003288 0.007352 0.002161 0.030301 0.060845 0.025926 0.000225 -0.004299 0.011334 0.013763 -0.070588 -0.019602 0.000575 -0.006530 0.004622 -0.004095 0.011698 0.000509 0.013944 0.002209 -0.071208 -0.023143 0.070893 -0.004534 -0.002175 0.050788 -0.042729 0.003379 0.018361 0.065627 -0.003165 -0.012626 0.006790 0.004103 0.012695 0.001436 -0.003244 0.074688 
0.027339 0.025403 -0.015794 0.002711 0.003982 -0.077668 0.001600 0.003955 -0.000747 0.011038 -0.017485 -0.026571 -0.028412 -0.000558 0.016553 -0.001149 0.000000 0.053192 -0.025335 28.641517 -0.011217 0.056972 -0.068872 0.075588 -0.077023 -0.002819 -0.049017 0.004088 0.033873 0.029208 0.007823 0.003200 -0.003659 -0.077294 -0.057437 -0.004662 0.010383 -0.070932 -0.052180 -0.013388 0.005188 -0.016321 0.077082 -0.004368 0.004309 0.000000 0.065235 0.062482 0.000000 -0.045700 -0.000589 0.029913 -0.005174 -0.008089 -0.072306 -0.006072 -0.003243 -0.019253 0.003434 0.058672 0.001620 -0.057270 -0.000650 0.009892 -0.039454 -0.073492 0.000136 0.001658 0.018159 0.026002 -0.018279 -0.006913 0.066292 0.032534 -0.003622 0.000164 -0.015046 0.063044 -0.041374 0.015430 -0.014464 0.001069 0.000321 0.007041 0.044485 0.024725 -0.026593 -0.009308 -0.035814 0.076260 0.001056 -0.065734 -0.032375 -0.001836 0.008632 -0.000500 0.023213 0.036453 0.019851 0.022885 -0.001841 -0.021954 0.017540 -0.028991 -0.024296 -0.000113 0.039643 -0.000161 -0.050373 0.029426 0.017077 0.004840 0.004800 0.041173 -0.057076 -0.004199 0.000000 -0.039679 -0.000574 0.001252 0.021109 -0.003194 0.007377 -0.068613 -0.011947 -0.001031 0.043549 -0.034330 0.000000 -0.053391 -0.051909 -0.025136 -0.079011 0.040465 -0.014951 -0.033824 0.063764 0.000000 0.002428 -0.010865 0.059945 0.064597 -0.031841 0.035039 0.008075 0.054849 0.032647 -0.034853 0.039956 -0.077573 0.010229 -0.004497 0.062120 0.014775 0.036460 0.013517 0.027538 -0.018197 0.007418 0.046766 -0.054488 -0.052328 0.009984 -0.019534 0.036358 -0.006248 -0.066255 0.015432 -0.048036 -0.049407 0.049116 -0.000331 0.005233 0.020913 0.001856 0.006687 0.035775 -0.010389 -0.045376 -0.009087 0.014585 0.026082 0.000000 0.000987 -0.002036 0.032332 -0.006368 -0.048858 0.002198 0.001636 -0.006135 -0.000237 0.000629 -0.025211 -0.022089 0.048335 
0.065480 0.050870 -0.003400 -0.060365 0.041909 -0.015283 -0.032420 0.064460 -0.025983 -0.045505 -0.056499 -0.035168 0.049902 -0.001560 -0.005008 0.001492 -0.016049 -0.000747 0.024393 -0.011217 3.928893 0.000000 -0.018548 0.026604 -0.001599 0.010917 0.003448 0.044049 -0.024911 0.046599 -0.024044 -0.046998 -0.034154 0.039211 0.022435 -0.011721 0.047971 0.072506 0.002428 0.049353 0.001324 0.048799 -0.059169 0.017146 -0.002486 0.043089 -0.042801 -0.006811 0.011204 -0.045352 0.007775 0.055960 0.002101 -0.065922 0.028517 -0.076112 0.000944 -0.069525 0.002129 0.015938 0.069101 0.074621 0.007920 -0.031345 0.002590 0.006295 0.026297 -0.002087 0.041806 0.000000 -0.060819 -0.069088 -0.034451 0.021818 -0.069672 -0.011703 0.010832 0.032680 -0.026879 0.000000 0.037333 -0.001270 0.052996 0.026791 0.000566 0.016829 -0.016296 -0.057020 0.000819 0.028057 0.072487 -0.067372 0.007122 -0.065057 -0.032313 -0.064354 -0.018317 0.028631 0.018770 -0.058388 -0.009462 0.000541 -0.054424 -0.019604 -0.057239 0.048752 -0.011306 0.000000 -0.006400 -0.001444 0.019229 0.002955 -0.025100 0.072514 0.018965 -0.035651 0.039680 -0.028958 -0.015637 0.060489 -0.010792 0.029082 -0.022096 -0.044928 0.005821 -0.055759 0.049970 -0.005192 -0.004670 0.046904 -0.007592 0.046552 -0.002489 0.017891 -0.035562 0.001584 -0.016102 -0.000812 -0.004351 -0.006301 0.000259 0.034862 0.009001 0.013982 -0.007022 0.005753 0.029177 0.030474 0.008403 -0.001827 0.015674 0.012206 -0.001443 0.079155 -0.013191 0.006320 -0.075632 -0.002100 0.027179 -0.056770 0.057661 -0.014005 0.001992 -0.061052 -0.006643 0.022301 0.022543 0.063042 -0.047740 0.039462 -0.033329 -0.004043 0.014247 -0.015529 -0.030890 0.029040 -0.033187 -0.031284 -0.079102 0.015158 -0.051172 0.021367 -0.053955 0.017039 -0.005751 -0.014978 -0.050429 -0.013327 0.007587 -0.043155 -0.000628 0.005834 -0.024730 0.000741 0.030972 -0.019562 
