3.594952 0.110659 0.016895 0.099524 -0.075142 -0.036008 0.067051 -0.031105 0.032941 0.051228 0.066645 -0.067680 0.051806 -0.001330 0.018701 -0.037032 -0.008228 -0.063639 0.070393 -0.094689 -0.007471 -0.034790 -0.023798 0.089893 -0.005445 0.003944 -0.039310 0.027501 0.072374 -0.048566 0.025818 0.017689 -0.046803 -0.033736 0.012999 -0.027734 -0.004520 0.070481 0.077226 -0.014313 -0.111342 -0.068189 -0.085543 0.000411 -0.026937 0.002726 -0.039077 0.096167 -0.004811 0.000472 0.104538 0.003024 -0.072151 0.004590 -0.002577 0.069978 0.035141 -0.082170 -0.033760 0.106624 -0.026531 -0.052593 -0.014550 0.082912 0.000000 0.006601 -0.004910 -0.010482 0.081217 -0.003558 0.029886 -0.043787 0.027412 0.111179 0.038365 -0.056730 0.038292 -0.039750 0.014376 0.000000 0.009406 -0.099526 0.104300 0.005624 0.029741 0.067090 -0.022320 -0.000161 0.024613 0.047363 -0.056101 0.044984 0.078369 0.006871 -0.000516 0.039921 0.002597 -0.044485 -0.024802 0.082557 0.048638 0.010775 -0.050724 -0.000665 -0.089906 0.044013 0.000534 0.023951 -0.032809 -0.052816 -0.101463 0.006345 0.001625 0.063966 -0.061041 -0.015870 -0.095356 -0.016596 -0.052014 -0.081048 0.084955 -0.010518 0.003679 -0.059513 -0.083405 0.078791 -0.081545 -0.028979 0.088891 0.020299 -0.008529 -0.044228 -0.003176 -0.014442 -0.005131 -0.032728 -0.001170 0.026317 -0.096999 0.088316 0.002821 0.050915 -0.006784 -0.024801 -0.049562 -0.000329 0.101425 -0.064473 0.043304 -0.008457 0.097924 -0.069856 -0.045739 0.011266 0.012754 -0.023762 0.109701 -0.077711 0.066395 -0.109041 0.002754 -0.085080 0.064113 -0.007773 -0.050554 -0.103431 0.008912 0.013150 0.002046 0.015720 0.009503 0.030240 0.011700 0.096128 -0.046173 -0.009224 0.037615 -0.004108 -0.037807 -0.024202 0.035727 -0.065133 -0.082763 0.038539 0.021219 -0.001651 -0.072685 -0.036942 -0.038572 0.006668 0.038716 0.000000 0.013705 -0.053252 0.060023 0.002000 
0.110659 81.618414 0.024423 0.011375 -0.079036 0.054144 -0.020656 0.019888 -0.018272 -0.000827 0.066893 -0.020744 0.004450 0.037913 0.086454 -0.011104 0.001147 0.000741 -0.056532 -0.005314 -0.000491 -0.008225 -0.033137 0.006808 -0.008634 0.025393 -0.035281 -0.000316 -0.041963 0.004502 0.003935 0.007647 0.057968 0.073818 -0.042829 -0.007424 -0.050605 0.008879 0.015360 0.046179 0.000759 0.000613 0.024431 0.000000 0.088154 -0.019727 0.021561 0.054322 0.000000 -0.002427 0.034629 0.070824 -0.002013 -0.007241 -0.004121 -0.024679 0.005300 -0.030321 0.035104 -0.029797 -0.007534 0.024730 0.068621 0.019170 0.000000 0.001371 -0.032906 -0.000148 -0.005046 0.000000 -0.059967 0.000273 -0.000484 0.030018 -0.107038 0.045420 0.078669 0.001292 -0.026886 0.016707 -0.000926 0.029878 -0.058719 0.016263 0.000702 0.003286 -0.003619 -0.069096 0.022132 -0.051850 0.037867 -0.001916 0.016032 0.002460 -0.005934 0.001678 -0.037152 0.032501 0.082400 0.009015 0.002270 -0.029810 -0.091246 -0.099208 -0.008752 -0.081604 0.028232 0.027384 0.003725 0.002518 -0.025334 -0.042321 0.001654 -0.000419 -0.062236 -0.035639 0.111960 0.007669 0.004240 0.087046 -0.062636 -0.008137 -0.003687 -0.031608 -0.000783 0.065150 -0.003294 0.042449 -0.016376 0.052693 0.005766 -0.060733 -0.003545 0.033226 0.029698 -0.006068 -0.110117 -0.076807 0.037059 0.068121 0.067852 0.003064 0.000939 0.057727 0.070819 -0.000388 0.109973 0.000000 -0.003282 -0.009499 0.000000 0.000103 -0.008523 -0.014007 0.009900 -0.043332 -0.022466 -0.001201 0.099796 0.015226 0.000000 0.084029 0.034503 -0.014343 -0.000238 -0.081574 0.052440 -0.019261 0.000595 0.002365 -0.070785 -0.062600 0.088888 -0.000274 -0.111622 -0.015485 0.008531 0.000922 -0.022557 0.003738 0.007634 0.034345 0.000254 0.043529 0.060895 0.063709 0.006492 -0.050488 -0.025685 -0.043975 -0.019358 -0.056159 -0.086744 0.017470 -0.003057 0.041184 
0.016895 0.024423 0.081734 -0.001644 -0.050793 -0.036541 0.005819 0.000168 -0.041076 0.007662 0.001358 0.006201 0.053936 0.028014 -0.000578 -0.051089 0.008208 -0.076484 0.083201 0.004408 0.009999 -0.003570 -0.021965 -0.005059 0.097565 -0.092295 -0.029855 0.090380 -0.109700 0.054109 0.071698 -0.025980 -0.033849 -0.000996 0.055445 0.017802 0.005068 0.025902 -0.019248 -0.081205 -0.040865 -0.008256 -0.007505 0.037042 0.006181 -0.027920 0.005253 -0.003660 -0.004527 -0.099641 0.028136 0.000000 0.052327 0.011715 -0.002273 -0.022446 -0.003264 0.042026 0.008180 0.066666 0.009337 -0.046110 -0.040084 0.004531 0.012114 -0.003197 0.000000 -0.006995 -0.041816 -0.028005 0.016538 0.099028 -0.023266 -0.006107 0.030065 -0.042022 0.081448 0.015948 0.028476 -0.055144 -0.028078 -0.002115 -0.021125 -0.012162 -0.093424 0.105538 0.000780 0.004904 0.000250 -0.007381 0.004122 -0.003939 -0.051771 0.052258 -0.006734 -0.008791 0.024330 0.025336 -0.014196 -0.029173 0.091520 0.033765 -0.002979 0.028429 0.070869 0.028119 -0.012148 -0.060975 0.042933 0.003884 -0.092453 -0.004080 -0.045158 0.073436 -0.063910 -0.017733 0.008268 0.002752 -0.001631 0.057757 -0.040508 -0.088955 -0.097373 0.024694 -0.013606 -0.002500 -0.084021 0.004806 -0.016106 -0.017246 -0.058636 0.021401 0.011474 0.030279 -0.039492 0.001343 -0.001972 0.106898 -0.009996 -0.012829 -0.059087 -0.055204 0.084656 -0.085798 0.013474 0.003273 -0.094223 0.021686 0.013601 -0.005180 0.061425 0.060753 -0.053716 0.007388 0.044015 0.027607 -0.048435 -0.019450 0.028598 -0.000688 -0.006230 -0.025138 -0.020291 0.000703 0.000000 0.042655 -0.000582 -0.009524 -0.014587 0.110915 0.068545 0.004767 0.053016 -0.009380 -0.038363 -0.001280 -0.016556 -0.074418 -0.038931 -0.002738 -0.004129 -0.038871 0.027304 -0.073600 -0.067248 0.018825 -0.089055 -0.018195 -0.025921 -0.001012 -0.014448 -0.000412 -0.007711 0.000497 -0.009354 -0.034605 
0.099524 0.011375 -0.001644 0.062549 0.000452 0.106392 -0.008911 -0.001886 0.089721 0.020348 -0.036280 -0.001174 -0.001392 0.073335 0.038349 0.018083 -0.014568 -0.018286 0.070100 0.050036 -0.005814 0.001895 -0.054355 -0.054081 -0.080814 0.000609 -0.014506 -0.000627 -0.010542 -0.078676 -0.044886 0.029997 -0.095974 0.028158 -0.011196 -0.007453 -0.028929 0.013729 -0.004185 0.006805 0.010720 -0.005872 -0.005107 0.097290 -0.002284 -0.012176 -0.026600 -0.006007 0.001229 0.002098 0.004376 0.002294 0.013489 0.063197 -0.000375 -0.036292 -0.003042 -0.057978 0.007638 -0.083763 0.026734 0.023779 0.002825 0.059029 -0.031531 -0.011034 0.025365 0.008420 -0.011133 -0.041139 0.011832 0.080246 -0.033257 0.003619 -0.000682 -0.004278 0.017981 0.002751 -0.004493 0.060590 0.084649 -0.001330 -0.012718 0.014156 -0.017078 0.055559 0.013378 0.029382 0.014531 0.004531 0.051575 0.011064 0.008661 0.091931 0.003113 -0.009228 0.015817 -0.069714 -0.021959 -0.056953 -0.070431 -0.013718 0.037524 0.033634 0.000662 0.002313 0.032943 0.045302 0.009857 0.015654 0.024922 0.026364 0.008174 0.032863 0.065502 -0.023185 -0.052367 -0.005480 0.006792 -0.034392 -0.023529 -0.001882 -0.007117 0.012579 0.063994 -0.001165 0.005358 -0.009825 -0.007080 -0.046542 0.040972 0.002070 -0.025748 0.015959 0.106351 0.001781 0.111549 0.110166 0.006106 0.032171 -0.005794 -0.012119 -0.051874 -0.081892 -0.016779 0.001574 0.095262 -0.025759 0.002496 0.001139 0.012345 0.046367 -0.010888 0.088363 -0.060597 -0.005774 0.036042 -0.010336 -0.041826 0.003811 -0.035321 0.005635 -0.042588 0.006707 0.004578 -0.005472 0.019866 -0.040483 -0.017345 0.019591 0.104222 -0.009576 -0.103229 0.003743 0.017155 -0.006046 -0.001563 -0.003661 0.101431 0.001518 -0.004500 -0.077448 -0.005652 0.029326 0.040996 0.093538 -0.039462 -0.009432 0.028837 0.019466 -0.016628 0.000585 -0.035797 -0.013441 -0.013555 -0.010784 
-0.075142 -0.079036 -0.050793 0.000452 577.361650 0.010984 -0.012577 0.068595 0.029639 0.027259 0.090226 0.005623 0.007868 -0.021991 0.000000 -0.089277 -0.034118 0.015119 -0.050466 -0.023081 -0.000645 0.003863 0.062388 -0.001980 0.008888 -0.086669 0.004031 0.047852 0.011939 0.000000 0.037512 0.052204 0.007078 0.006895 0.039273 0.000525 -0.000589 -0.097839 -0.000108 0.084043 -0.021676 0.064262 -0.013713 0.031682 0.000000 0.031205 -0.010120 0.102199 0.043322 0.106823 0.006360 -0.000399 0.084180 -0.014186 0.100744 -0.060830 0.004494 -0.028637 -0.032026 0.005386 0.000000 -0.063722 0.042435 0.017138 0.046033 0.030389 0.019072 0.016913 -0.003670 -0.059873 0.088706 0.035749 0.062264 0.002584 0.002128 -0.038441 0.097119 -0.057111 0.072414 -0.059365 -0.036704 -0.023733 0.033748 0.000000 0.071542 0.000000 0.031935 0.041653 0.019173 -0.011485 0.047478 -0.021954 0.010060 -0.060228 -0.027324 0.026140 0.034225 -0.001819 -0.003339 0.008785 0.000633 0.011493 0.012849 0.049210 0.027985 0.022084 0.009157 0.087070 0.000176 -0.044324 0.004799 0.038901 0.005691 -0.049894 0.033430 0.036033 -0.057743 0.039265 -0.001534 -0.016598 -0.085509 0.020444 -0.043496 -0.077655 0.007066 -0.100755 0.022907 -0.018626 -0.000533 0.086402 0.003158 -0.075465 0.017658 -0.009923 0.043177 0.050413 -0.037836 -0.059133 -0.009639 -0.014960 -0.057925 -0.000604 0.088362 0.014063 0.000000 -0.003090 0.000000 -0.050912 -0.002041 -0.000356 -0.008259 0.011882 0.007048 0.028999 0.056183 0.112479 -0.008163 0.026299 -0.093006 -0.019320 -0.025360 -0.003638 0.095625 -0.021612 0.004820 0.039327 0.021106 0.078229 0.110751 0.063952 0.063842 0.108655 0.015369 -0.006154 0.035601 -0.001072 -0.000467 -0.001371 -0.002473 0.000000 0.067068 0.010379 -0.000886 0.025778 0.015864 -0.043673 0.000507 0.078609 0.033538 0.085482 0.031698 0.000615 0.000150 0.067313 -0.004936 -0.037767 
-0.036008 0.054144 -0.036541 0.106392 0.010984 5.399045 0.001273 0.043901 0.004567 0.019153 0.004324 0.070406 0.080073 0.049624 0.024356 0.027606 0.042571 -0.087391 0.022816 0.030461 0.012256 -0.013599 0.091812 -0.055962 0.081388 0.090522 -0.005682 0.011502 0.093501 -0.034615 0.023252 -0.000457 0.092849 0.024640 0.027453 -0.045996 -0.031484 0.107693 0.016773 -0.083224 -0.011911 -0.000411 0.007454 0.078993 -0.008729 -0.038044 0.055706 -0.033939 -0.047229 0.010900 -0.039312 -0.006236 0.037000 -0.015998 0.074736 -0.003766 -0.099996 -0.059045 0.029008 -0.001021 -0.027950 0.008122 0.012617 -0.102231 0.064204 -0.093090 0.005431 0.000000 -0.002377 -0.035758 -0.066300 0.000953 -0.014257 0.039155 -0.091318 0.044612 -0.008092 -0.029332 -0.010500 -0.041050 0.097923 -0.028025 0.001266 -0.014369 0.054431 -0.017046 -0.071541 0.025750 -0.058740 -0.014774 -0.030531 -0.010707 -0.010031 -0.038180 0.000779 0.038446 0.087092 0.036761 -0.029930 0.068244 0.004807 -0.012424 -0.064628 -0.027135 0.059849 -0.080306 0.054098 -0.003702 -0.097673 -0.075492 -0.034060 0.010894 -0.019427 -0.001107 0.014570 0.043005 0.007964 0.000809 0.046479 -0.017044 0.065785 -0.018759 -0.023128 -0.025769 -0.060667 0.018781 0.083627 0.028118 0.000144 0.022675 -0.000532 0.073222 0.024377 -0.063407 -0.020069 0.028368 -0.023605 0.026642 -0.012935 -0.001494 -0.031245 0.021155 -0.007915 0.078061 -0.019567 0.018381 0.051303 0.011671 -0.015915 -0.015769 0.013436 -0.006851 0.032163 0.034036 -0.042464 -0.028737 -0.041079 0.027220 0.053719 0.109974 -0.029428 0.005879 0.003096 -0.013918 0.023351 -0.000147 0.008729 -0.005509 0.007852 0.030813 0.004983 -0.022540 0.022844 -0.000812 0.055200 0.037784 -0.019862 -0.051468 -0.000807 0.071995 -0.054132 -0.042022 0.091836 0.019533 0.000247 0.030547 0.018427 0.024505 -0.024888 -0.030073 0.007602 -0.004977 0.022012 0.090796 -0.054405 -0.016936 
0.067051 -0.020656 0.005819 -0.008911 -0.012577 0.001273 0.177925 0.019003 -0.025581 -0.098784 -0.008721 0.082807 0.055704 0.021796 0.006958 -0.008303 0.016539 0.046730 -0.018352 -0.027773 -0.035433 0.079581 -0.023819 -0.044224 0.000417 -0.085755 0.073204 0.107446 -0.091644 -0.086106 0.000854 -0.006974 -0.075976 0.105167 -0.028732 0.001763 -0.085041 0.004468 -0.001426 -0.110459 -0.056333 0.016481 -0.005672 -0.002489 0.027059 0.002006 0.023253 0.109057 0.013427 -0.046115 -0.014795 0.029288 0.003949 -0.036488 0.001347 -0.103449 -0.085280 0.005813 0.036780 -0.052842 -0.053187 -0.089464 0.090245 -0.030331 -0.006614 -0.104282 0.046813 -0.025509 0.008723 -0.029079 0.021767 0.014278 0.099179 0.000000 -0.106511 -0.051566 -0.007268 0.057334 -0.022272 0.051063 -0.022861 -0.105172 0.012905 0.004547 -0.100239 -0.079186 0.001451 0.027574 -0.030197 -0.042285 0.019683 0.019909 0.006537 -0.078273 0.000574 0.011109 -0.048537 -0.089386 0.050334 0.042537 -0.019469 -0.043747 -0.029959 0.001716 0.038832 -0.029681 -0.063181 -0.008503 -0.012741 -0.054309 0.042024 -0.023626 0.004203 0.013181 0.044877 0.011340 0.071653 0.022224 0.081574 0.048720 0.047313 0.009698 -0.040491 -0.013730 -0.002737 0.053705 0.087779 -0.037061 0.072259 0.000493 -0.001104 -0.005751 0.047536 0.056860 -0.078975 0.026514 -0.006852 -0.059424 -0.047837 -0.080172 -0.004690 0.001506 0.068808 -0.057883 0.106536 -0.007475 0.044093 0.058827 -0.014171 -0.011155 -0.014070 -0.013933 -0.021275 -0.051617 -0.013390 0.010252 -0.057170 -0.002757 0.044872 0.016645 0.010508 -0.002152 -0.046197 0.011572 0.046319 0.074740 -0.029426 -0.048131 0.086638 -0.042837 -0.012190 0.040214 0.013500 -0.021918 -0.028832 -0.099349 0.069367 -0.008597 0.006673 -0.019230 -0.008521 0.046938 0.022016 0.000541 0.107168 0.047152 -0.003986 0.011195 0.080576 -0.007788 0.015472 0.000675 0.045163 -0.009021 0.001357 -0.000554 
-0.031105 0.019888 0.000168 -0.001886 0.068595 0.043901 0.019003 0.289956 -0.099978 0.032595 -0.061645 0.047568 -0.000351 -0.085812 0.001860 0.035275 0.044704 0.003308 0.077046 0.102877 -0.047681 0.068406 -0.033974 -0.108492 0.013202 -0.018411 0.053570 -0.006342 -0.051551 0.011104 -0.101518 0.004144 -0.013122 0.096432 0.037866 -0.049694 0.084019 0.056871 -0.052864 0.071130 -0.061918 0.074175 0.000000 -0.074790 0.014370 -0.046013 0.015787 -0.085963 0.003925 0.002464 -0.002629 -0.000156 0.035822 -0.060461 -0.052421 0.088292 -0.084429 0.050476 0.050330 0.068545 0.001411 0.063124 0.014253 0.070661 -0.095236 0.014618 -0.012313 -0.072666 0.029997 0.088224 -0.082196 -0.071094 -0.012015 0.018122 -0.055718 0.023758 -0.023816 0.008056 -0.022527 -0.051845 -0.031387 0.003434 -0.071788 -0.057069 0.000641 0.061708 -0.006820 0.006248 0.028128 -0.004324 -0.036740 0.021038 0.012658 -0.013484 0.107167 0.029323 0.027987 0.078809 -0.067446 0.008366 -0.064520 -0.013338 -0.074292 0.060636 -0.003373 -0.004300 -0.040266 -0.013072 0.088501 -0.045057 0.073304 -0.035031 -0.031792 -0.050681 -0.021549 0.047824 -0.039252 -0.013146 -0.074176 0.018673 -0.071381 -0.019700 0.031962 0.040754 0.049684 0.042307 0.036011 -0.004136 -0.042594 0.029021 0.007934 0.043454 -0.084320 -0.029179 -0.000205 0.050245 0.032915 -0.077512 -0.067632 0.040496 0.094517 0.032901 0.095949 0.052190 -0.001995 0.072466 -0.039523 -0.039237 -0.006090 -0.010134 0.022827 -0.015982 -0.093354 -0.030067 0.051502 -0.036341 0.056662 0.003791 0.052311 -0.010693 0.000000 -0.071808 0.025116 -0.014274 0.107730 0.013031 0.000790 -0.046155 0.023586 -0.045618 0.013629 0.029658 0.060351 0.034558 -0.039995 -0.061200 -0.003371 0.020503 0.001027 0.034429 -0.003560 0.069582 -0.008653 -0.003820 -0.075708 0.064279 -0.069677 -0.009466 -0.044401 0.002155 -0.010578 -0.000961 0.001095 -0.001325 0.018559 0.016524 
0.032941 -0.018272 -0.041076 0.089721 0.029639 0.004567 -0.025581 -0.099978 10771.413508 -0.006015 0.105984 -0.067809 0.000437 0.003244 0.000000 -0.060334 0.000000 -0.046455 0.033341 0.026569 -0.003095 0.040717 -0.026571 0.002107 0.000000 0.000000 0.029126 0.019820 0.000000 -0.006281 0.027959 -0.002473 0.105220 -0.004751 -0.006439 -0.008733 0.030233 0.045615 0.008685 0.071751 0.000952 0.002957 0.007177 0.005059 0.079273 0.098924 -0.037228 -0.076690 -0.025857 0.065657 0.050501 0.000000 -0.001486 0.001949 -0.026269 0.000000 0.079173 0.063128 0.047752 0.044104 0.010722 0.010718 -0.000236 -0.085800 0.000000 0.013664 0.011205 0.001865 -0.003905 0.006636 -0.083317 -0.006125 0.000000 0.000000 -0.001579 -0.071143 0.032063 -0.109847 -0.058841 -0.014514 0.000000 0.000596 0.036066 0.083378 0.002713 0.000000 0.018323 -0.012814 -0.061712 -0.013812 0.019454 -0.039019 0.013153 -0.047019 0.019360 0.090522 -0.010828 0.000000 -0.009975 -0.001578 0.019853 0.002868 0.105591 0.003610 0.000652 -0.000266 -0.066927 0.058110 -0.035695 -0.009873 -0.031671 0.051957 0.000000 0.000000 0.011041 0.099418 0.000703 0.006592 -0.047879 -0.001666 -0.000643 0.024928 0.007403 -0.044696 0.000000 -0.092152 0.000000 -0.023750 -0.000934 -0.082304 -0.005877 0.034504 -0.069536 -0.078038 0.011554 0.100340 -0.000690 0.027612 -0.004111 -0.058871 0.001782 0.110524 0.007459 -0.028265 0.000000 -0.000336 0.018130 -0.014498 0.000000 0.000000 0.038418 0.046819 0.000321 -0.111112 -0.006592 -0.041917 -0.061976 -0.010187 0.019392 -0.001384 0.000000 -0.108248 -0.012766 0.061645 0.001154 0.002313 -0.017501 -0.034893 -0.009502 0.001926 0.000000 0.107361 0.008217 0.004809 -0.086827 0.010549 0.018695 -0.000285 0.059937 0.004508 -0.000935 -0.018478 -0.030445 0.001086 -0.003075 -0.056478 0.067243 -0.075506 0.070088 -0.058830 -0.076511 0.001386 -0.011142 0.053553 0.016949 0.016232 
0.051228 -0.000827 0.007662 0.020348 0.027259 0.019153 -0.098784 0.032595 -0.006015 220.538802 -0.061312 -0.081458 -0.041014 0.102107 0.045374 -0.018850 0.001289 0.000414 -0.003220 -0.072236 -0.031160 -0.001163 0.023451 0.043211 0.007899 0.088210 0.048703 0.007262 -0.018176 0.002119 -0.055939 0.016100 -0.075049 -0.080964 0.108083 -0.063307 -0.029089 -0.021484 0.062824 -0.004510 0.000177 -0.023463 -0.001358 -0.009882 -0.004706 0.069802 -0.038535 0.093123 0.003919 -0.091416 0.082181 0.105379 0.000000 0.004740 -0.059979 0.000552 0.003441 0.000495 -0.076992 0.047774 -0.020974 0.012276 -0.057659 -0.028872 0.005005 0.049856 0.029523 0.030263 0.007274 -0.000168 0.078974 -0.061735 -0.012152 0.006160 -0.052454 -0.067792 0.000000 0.032003 -0.039514 0.059281 -0.074985 -0.009694 -0.032315 -0.026837 0.000747 0.025949 -0.018559 -0.031343 0.017974 0.083075 0.066380 0.051783 -0.022207 -0.081504 0.016297 0.046426 -0.055903 -0.001452 0.022496 -0.010784 -0.075554 -0.026861 -0.052076 0.000000 -0.063940 -0.078383 -0.064238 0.018700 -0.002066 0.031230 0.000390 -0.001388 0.000000 -0.009733 -0.004137 0.056613 -0.017818 0.012593 -0.002026 -0.058763 -0.014270 -0.031987 0.000161 0.020691 0.013032 0.067070 0.002482 0.057447 0.000000 -0.034707 -0.018352 -0.036942 0.017869 0.072410 0.093244 0.029727 0.002157 0.012082 0.023652 0.000000 0.000683 0.000000 -0.102941 -0.004894 0.002230 0.110295 0.006505 -0.014876 -0.003224 -0.002041 -0.008398 0.099671 0.000000 0.012648 0.037828 -0.023126 0.003090 -0.109825 -0.019517 -0.001904 -0.001479 -0.010373 -0.022916 0.002220 -0.100397 0.000554 0.082226 -0.022117 0.001929 0.040866 0.003889 0.036607 -0.001246 0.003865 0.002760 0.034998 -0.000893 0.006475 -0.000686 -0.031836 0.012791 0.000825 0.011580 0.032925 0.010267 -0.013339 -0.002199 -0.034053 -0.070827 0.012958 0.021164 0.046041 -0.000103 -0.100514 0.044219 -0.075058 
0.066645 0.066893 0.001358 -0.036280 0.090226 0.004324 -0.008721 -0.061645 0.105984 -0.061312 68.006799 0.000125 0.076154 0.081437 -0.090200 0.054310 -0.065462 0.027006 -0.010420 0.098417 -0.095287 -0.002351 -0.067333 0.078512 0.000168 0.081073 0.048792 -0.004583 0.000000 0.005844 -0.103364 -0.095393 0.111674 0.034333 -0.005602 0.081340 0.001436 0.025555 0.018838 0.018433 0.000628 -0.050825 -0.026964 0.004877 0.017158 -0.031642 -0.020913 0.004045 0.040679 -0.060280 -0.048968 0.006267 -0.053271 0.000000 0.106648 -0.000841 -0.033097 -0.001636 -0.034874 0.027382 -0.033438 -0.000271 0.031089 -0.017280 -0.092835 -0.070735 -0.009029 -0.036110 -0.038500 0.006945 0.076346 -0.050213 -0.104650 -0.006312 -0.105078 0.028072 0.036264 0.048899 0.107720 -0.083673 0.002788 0.042125 0.029699 -0.004587 0.041879 0.000291 -0.069967 -0.018911 0.084502 0.006248 -0.005427 -0.002602 -0.084239 0.055258 -0.005467 -0.033601 0.047566 -0.006532 0.002837 0.001365 0.019182 -0.021269 0.053199 0.010692 0.036004 -0.061351 -0.084784 0.023175 -0.037698 -0.026926 -0.039458 -0.025092 -0.043560 -0.041435 0.013586 -0.107164 0.032656 0.031139 0.090260 -0.047106 -0.076054 -0.041410 -0.049704 0.007406 0.000000 0.103614 0.049360 0.089791 0.003913 -0.084059 0.020871 0.040785 0.043289 -0.031129 0.041828 -0.020708 0.047248 0.092984 -0.075043 -0.048204 -0.000508 0.000000 -0.003164 0.002667 0.009614 -0.080183 -0.017818 0.010987 -0.031801 0.002586 -0.014811 -0.021734 0.018412 -0.020697 -0.069400 0.004740 -0.004907 0.062162 0.033651 -0.034899 0.001459 0.074302 -0.069001 -0.006146 -0.036040 0.097715 0.011491 0.046180 0.009979 -0.013746 0.000000 -0.025116 0.000344 0.097354 0.080502 -0.028429 -0.010841 0.055337 -0.000495 -0.001544 -0.014204 -0.030210 -0.049749 -0.026350 0.024162 -0.003005 0.004835 0.026108 0.108619 -0.080618 0.104488 0.029069 0.009304 -0.001105 0.059653 0.032875 
-0.067680 -0.020744 0.006201 -0.001174 0.005623 0.070406 0.082807 0.047568 -0.067809 -0.081458 0.000125 79.563172 0.010245 0.006516 0.000000 0.003209 -0.054359 0.019568 0.026598 -0.014502 0.000000 -0.034692 -0.016527 -0.103363 0.017764 0.096043 -0.084785 0.000000 0.011489 -0.095738 -0.002901 -0.010723 0.066352 0.017125 0.000000 -0.060737 -0.004039 0.005538 0.025448 -0.001079 0.049445 0.001194 0.026479 -0.003721 0.001651 -0.019869 -0.029331 -0.003115 0.000000 0.012587 0.026706 -0.019438 0.000112 -0.038257 0.004036 -0.000561 -0.002210 -0.000120 -0.075512 0.045244 0.052447 -0.064486 -0.000854 0.038488 -0.010718 -0.002397 -0.019390 -0.004155 -0.050174 0.036333 -0.038220 0.006260 0.066975 0.054351 -0.020264 0.066854 0.000973 0.032885 -0.046144 0.013867 -0.072627 0.084122 -0.025326 -0.048238 0.008096 0.067454 0.002247 0.008646 -0.074591 0.081962 0.001388 -0.085010 -0.033976 0.055011 -0.026416 -0.005173 -0.010047 0.002083 -0.025821 -0.002421 0.009170 0.024914 -0.041473 -0.049558 0.029562 0.062760 0.018510 0.071480 0.047533 0.027478 -0.015182 0.000544 0.000531 -0.011515 -0.000873 -0.097063 0.000619 0.005940 -0.030089 -0.008165 -0.111511 -0.028678 -0.042142 -0.055661 0.015293 0.071826 0.101442 -0.024440 -0.003652 0.058071 0.000736 0.043906 -0.035527 -0.061245 0.001508 -0.012399 0.061159 -0.005866 -0.091960 0.028856 -0.011065 -0.014238 0.034656 -0.048990 0.002313 0.000213 0.006114 0.002622 -0.000264 -0.014236 0.018310 0.008802 -0.000181 -0.011080 0.046010 -0.016909 -0.000211 -0.093833 -0.099205 0.106034 -0.000405 0.051297 0.011772 0.013847 0.011372 0.055326 0.032911 -0.048856 0.000377 0.000373 -0.014086 0.006152 0.000000 -0.102493 -0.071477 0.076599 0.000459 0.084347 -0.008193 -0.003825 0.004122 -0.054856 0.090694 0.013038 0.000928 -0.005130 0.002970 -0.064383 -0.068154 -0.004691 0.054837 0.005206 0.030142 0.031444 -0.097214 -0.006780 
0.051806 0.004450 0.053936 -0.001392 0.007868 0.080073 0.055704 -0.000351 0.000437 -0.041014 0.076154 0.010245 4347.980537 -0.000755 0.000785 -0.055711 -0.001597 0.000291 -0.069893 0.003020 0.000810 -0.000320 0.019768 0.022217 0.000000 0.000000 0.041492 -0.011832 0.070924 -0.002425 0.053324 0.050466 0.106330 -0.001783 0.003898 0.023530 -0.000666 0.065315 0.085956 0.006296 -0.037626 0.101388 0.015683 0.024005 -0.040644 -0.004411 0.080389 -0.107064 -0.003076 -0.000403 -0.072369 -0.000370 -0.005749 -0.004004 -0.001664 0.000000 0.000000 0.025632 0.074579 -0.046367 0.105458 -0.028132 0.004307 -0.082949 0.000000 -0.001468 0.022992 -0.091022 0.013637 -0.000496 -0.030441 -0.012768 -0.001986 0.002703 0.008451 -0.095007 -0.073779 -0.047075 0.086097 -0.039070 -0.054085 0.007307 0.005903 0.003286 -0.001679 -0.007368 0.066363 -0.023026 0.049824 -0.018762 0.019976 -0.102216 -0.088058 0.048447 0.016579 0.003293 0.076275 -0.058096 0.011136 -0.092452 -0.028507 -0.021951 0.011959 -0.008942 -0.106859 0.006758 -0.047988 0.003526 -0.027163 -0.094940 0.090351 -0.008078 0.008628 -0.003444 0.018459 -0.015662 0.003119 -0.011711 -0.009128 -0.102906 -0.030755 0.023147 0.036469 0.028367 0.000000 -0.001945 0.010136 -0.098184 -0.014720 0.004698 0.003654 -0.006290 0.003515 0.016398 -0.008198 0.058465 0.001893 0.002692 0.008030 0.015030 -0.005289 0.000000 0.000000 -0.040717 -0.005533 0.000000 0.003454 -0.004572 -0.000838 -0.013160 -0.016605 0.001386 -0.058530 0.045351 0.008864 0.064564 0.000714 -0.025919 -0.013595 -0.002368 0.000378 0.055619 -0.074549 -0.011356 0.010953 0.108473 -0.015750 -0.003987 -0.002731 -0.002539 -0.017563 -0.006582 -0.001158 -0.062403 -0.086598 0.002072 -0.008894 0.000000 0.010759 -0.003567 0.001850 0.000000 0.000795 0.002147 0.005051 -0.100894 -0.001076 -0.016864 -0.063788 -0.018758 0.021560 -0.000769 -0.000225 -0.051743 0.010414 -0.014450 
-0.001330 0.037913 0.028014 0.073335 -0.021991 0.049624 0.021796 -0.085812 0.003244 0.102107 0.081437 0.006516 -0.000755 46.412102 -0.001046 -0.027360 -0.000558 -0.085880 0.015231 0.004818 -0.008013 -0.057995 -0.010958 0.000243 0.023998 0.010187 0.091904 0.065256 0.067253 0.000364 -0.049294 -0.006180 -0.005989 0.002593 0.019234 -0.075931 0.011994 -0.078028 0.058131 0.004614 0.008519 0.048852 0.025492 -0.043447 0.020174 -0.024709 -0.080788 0.079932 0.000603 0.001252 -0.045589 -0.014204 -0.013455 -0.095664 -0.016707 0.059821 0.043682 0.032910 0.051241 0.012850 -0.025068 -0.004282 0.081846 -0.026115 0.000155 -0.077943 0.034957 0.028493 -0.097408 0.014299 0.008019 0.002741 -0.011736 0.000823 0.012498 -0.080975 0.000980 0.034359 0.001768 0.051291 0.003264 -0.001712 -0.023088 0.005522 0.063806 0.011578 -0.057335 -0.042807 -0.070646 0.006415 -0.037812 0.029917 0.043947 0.048012 0.014373 -0.019980 -0.039606 -0.000480 -0.003496 -0.046621 0.000755 0.061608 0.053195 -0.000952 -0.079345 0.025693 -0.028892 0.035884 0.003546 -0.105479 -0.035866 0.022092 0.029704 -0.074722 -0.007127 -0.073808 0.045760 -0.006834 0.003824 0.064040 0.004796 0.037485 0.031633 0.030280 0.020636 -0.109153 0.111899 0.088162 0.019020 0.017634 -0.103950 0.021579 -0.000855 -0.029739 -0.083495 0.000000 -0.086218 0.107637 0.026196 -0.011740 -0.017759 0.041900 0.020404 0.075883 -0.006554 -0.000579 0.001700 -0.041746 0.005306 -0.095503 0.097307 -0.005437 -0.003179 0.007792 -0.100556 -0.086355 -0.002493 -0.033702 -0.002089 -0.001167 0.000000 0.008846 0.010301 0.004485 0.001558 -0.014201 0.020969 -0.031929 0.047179 -0.043779 0.079310 -0.014291 0.000641 -0.011660 -0.022630 -0.000437 0.072751 -0.000629 0.001894 0.001057 0.095638 -0.034753 0.011832 -0.014389 -0.001045 -0.032621 0.005883 -0.048151 -0.033015 0.006097 0.031888 -0.020596 -0.019385 0.061058 0.000109 0.026433 
0.018701 0.086454 -0.000578 0.038349 0.000000 0.024356 0.006958 0.001860 0.000000 0.045374 -0.090200 0.000000 0.000785 -0.001046 100.477891 -0.041846 -0.037044 -0.001206 0.001757 0.005042 -0.024025 0.082292 0.014498 -0.009264 0.000603 0.088764 0.068456 0.000520 -0.001650 -0.006079 0.019928 -0.015306 0.064122 0.062172 0.004548 -0.070757 -0.001350 0.078125 0.004339 -0.001046 -0.068418 -0.000430 -0.004594 0.091749 -0.021757 0.002898 -0.001326 -0.057184 0.000354 -0.086993 -0.053748 -0.048635 0.108502 0.106568 -0.038079 -0.083847 0.000912 -0.000819 -0.051507 -0.096380 -0.027104 -0.001644 0.066828 0.021905 0.008829 0.002099 0.000000 0.003774 -0.027141 -0.004927 -0.082881 -0.007683 -0.055719 0.050713 0.007647 0.001251 0.004467 -0.000643 -0.045715 0.041704 -0.011549 -0.027879 -0.012411 -0.000721 0.013978 -0.057409 -0.002035 0.042242 -0.042659 0.002183 -0.005541 0.000000 -0.004425 -0.022811 -0.069583 0.004901 0.015885 0.003378 -0.033333 0.056056 0.001386 0.074023 0.072757 -0.004207 0.032607 0.000727 0.083740 0.046772 -0.006375 0.000421 -0.076394 -0.008376 -0.079375 0.000000 0.016536 -0.006937 -0.002388 0.032762 0.109824 0.004664 0.012336 0.068621 0.003148 0.003230 0.046121 0.047141 0.065356 0.039342 0.000000 0.022277 -0.000440 -0.053146 -0.000453 0.079719 -0.024801 0.063361 0.000000 -0.012782 0.076275 0.086746 0.010362 -0.012781 -0.007966 0.021506 0.019850 0.009036 -0.047195 0.022358 0.007678 -0.004842 -0.036219 0.007396 0.026426 -0.052669 -0.105166 -0.030981 0.007780 -0.010746 -0.015940 -0.002705 0.000163 -0.015780 -0.088938 -0.000532 -0.048132 -0.005720 0.012071 -0.010955 -0.101680 0.017987 0.000137 -0.004872 0.059669 0.013059 0.000913 -0.057423 -0.000710 -0.000456 0.001157 0.010165 -0.077817 -0.001358 0.046034 -0.054144 0.035386 -0.012785 -0.022360 0.009493 0.031645 -0.044352 -0.077927 -0.094494 0.001357 -0.013164 0.009615 0.043312 
-0.037032 -0.011104 -0.051089 0.018083 -0.089277 0.027606 -0.008303 0.035275 -0.060334 -0.018850 0.054310 0.003209 -0.055711 -0.027360 -0.041846 7.275247 -0.021921 -0.051525 0.095828 -0.052443 -0.061628 -0.026219 0.042659 0.008899 -0.031052 0.064422 -0.045614 0.048217 0.009719 0.007349 -0.033924 -0.073619 0.025226 -0.107549 0.066858 0.054684 -0.059676 -0.017155 -0.024031 0.000627 -0.018516 0.005626 -0.028115 -0.064393 0.084992 -0.102167 0.042170 -0.014435 0.108533 0.067051 -0.078852 -0.084442 -0.008791 -0.074067 0.021229 -0.047946 -0.059812 0.031068 0.051300 -0.042428 -0.018250 -0.007956 -0.004948 -0.010894 -0.050227 -0.014493 0.013838 0.048885 -0.110616 0.029373 -0.053270 0.016068 0.004052 0.026486 -0.044422 -0.030679 -0.080355 0.015138 -0.081112 -0.071675 0.034412 0.011123 0.016768 0.003132 0.042675 -0.020956 0.065917 -0.101715 0.009930 -0.034389 0.013668 0.067550 0.035505 0.049116 0.008181 0.022086 0.025549 -0.086135 -0.093238 0.003646 0.095600 0.111318 -0.019984 -0.013824 0.025015 0.008909 0.076835 0.068640 0.017880 -0.040676 -0.054297 -0.052147 -0.100465 0.009276 0.089191 -0.013531 0.000000 0.090020 0.073501 -0.072643 -0.008292 -0.063233 -0.083707 0.030508 0.084056 -0.041543 0.060691 0.045630 0.043118 -0.023406 -0.004316 0.082060 0.093809 -0.037149 -0.000844 -0.003454 -0.030112 -0.043717 -0.031147 0.005709 -0.037422 0.072945 0.096318 0.002427 0.034486 -0.034368 0.110634 -0.020499 -0.006426 -0.032736 -0.033399 0.006083 -0.026395 0.001625 -0.018491 -0.005412 0.053687 0.018931 -0.053166 0.049506 0.063201 0.076211 -0.007271 -0.033836 0.002967 -0.106974 0.004550 0.023307 0.066456 0.009152 -0.008352 0.065351 -0.009295 0.070951 0.035932 0.022207 -0.106075 0.000000 0.006210 -0.032500 -0.053634 -0.078149 0.018382 -0.002459 0.007893 -0.097915 0.004808 0.095440 -0.024124 0.008326 -0.015008 0.003753 -0.013977 -0.063526 -0.024482 0.082619 
-0.008228 0.001147 0.008208 -0.014568 -0.034118 0.042571 0.016539 0.044704 0.000000 0.001289 -0.065462 -0.054359 -0.001597 -0.000558 -0.037044 -0.021921 1339.975680 -0.065480 0.085248 0.003537 0.032801 -0.013353 0.003980 -0.044587 -0.033482 0.032944 0.044790 -0.057895 0.062581 -0.000586 -0.075318 -0.026869 0.001837 -0.008524 0.055039 0.085814 0.002914 -0.054051 0.011046 -0.055755 -0.025904 0.016426 -0.052733 0.059001 0.009475 0.037845 -0.035574 0.004342 0.014374 -0.000780 -0.014947 -0.012687 -0.084686 0.010095 0.083655 0.000000 -0.098744 0.007274 0.000142 0.091097 -0.004237 0.000444 -0.016407 -0.048572 0.001413 -0.018278 0.016251 0.040988 0.001975 -0.002243 -0.001898 -0.019666 -0.072724 -0.008496 -0.003331 0.000678 0.000000 0.031711 -0.108339 0.085035 -0.000916 0.102718 -0.041235 -0.018448 0.001565 0.000000 -0.088151 -0.091145 -0.007085 0.082172 -0.015043 0.063153 0.109963 -0.000527 -0.090444 0.000113 -0.105418 -0.000822 0.087400 0.011755 0.063166 0.036577 -0.071594 0.093146 -0.007221 -0.000286 0.030839 0.024209 0.000000 -0.101251 -0.006563 -0.001122 0.071022 0.008008 0.027141 0.027157 -0.028162 0.006773 -0.040703 0.067337 -0.037241 0.014920 -0.024091 0.071370 0.000000 -0.014696 0.065683 -0.006757 0.003665 0.021335 -0.107725 -0.001434 -0.001640 0.035543 -0.034118 0.001994 0.039147 0.026344 0.026412 -0.105104 -0.088085 0.021687 0.002244 0.008790 0.008976 0.000858 -0.010690 0.061849 0.031626 -0.015335 0.047392 -0.081575 0.011550 0.011899 0.006449 0.000000 0.013963 0.029221 -0.044184 0.012419 -0.020476 0.000160 -0.050891 -0.016226 0.018098 0.000000 -0.064040 -0.002959 0.000548 -0.012760 0.000000 -0.010392 -0.007091 -0.106244 0.050917 -0.022283 0.040890 0.000000 -0.002080 0.002010 0.011640 -0.009399 -0.002740 0.097543 -0.001113 0.009641 -0.000136 0.064468 -0.007376 0.009127 0.030193 -0.000956 0.000000 -0.070237 -0.011211 -0.054405 
-0.063639 0.000741 -0.076484 -0.018286 0.015119 -0.087391 0.046730 0.003308 -0.046455 0.000414 0.027006 0.019568 0.000291 -0.085880 -0.001206 -0.051525 -0.065480 30.298528 0.013878 -0.088382 -0.000335 0.080130 0.061190 -0.062000 -0.066802 0.013521 0.020975 -0.001573 -0.013862 0.003110 0.053921 -0.022938 0.009287 0.051667 -0.027732 -0.028265 0.000000 -0.045088 -0.004803 -0.036404 -0.063684 -0.015618 0.030985 0.017590 0.007333 -0.066783 -0.009309 -0.059905 -0.009840 0.047790 -0.048114 0.000112 0.069207 0.000611 -0.048682 0.017496 0.059528 0.003764 0.000121 0.033008 -0.005479 0.038096 -0.001455 -0.000597 0.000000 -0.038771 0.005751 0.066833 -0.112459 0.062557 -0.065892 0.007918 -0.004648 -0.006935 0.003126 -0.002226 0.020969 -0.067567 -0.042478 0.000843 0.102312 -0.040510 0.021088 -0.050477 -0.068674 -0.002012 -0.093215 -0.034059 -0.006245 -0.016260 0.024072 -0.105729 -0.002364 0.004930 0.043586 -0.045618 -0.014182 0.002239 -0.003357 0.002476 -0.082908 -0.004141 -0.099482 -0.110348 0.007389 0.018356 0.018343 0.056098 -0.045452 -0.002358 -0.017960 -0.020539 -0.003539 -0.001576 -0.007954 -0.040887 -0.041143 -0.031979 0.063544 -0.028571 -0.054898 -0.101025 -0.005163 0.005690 -0.054353 -0.022547 0.078231 0.002488 -0.010499 -0.052817 0.019999 0.031068 -0.002226 0.018178 0.042214 0.092258 0.064641 -0.056433 -0.010577 0.000979 0.093995 0.033863 -0.000991 0.022840 0.004299 0.021777 0.011389 0.021224 -0.002267 -0.022919 0.068909 -0.058634 -0.055023 -0.009655 0.101332 -0.023642 0.015121 -0.005461 -0.075110 0.000253 -0.014496 -0.019171 -0.010153 -0.063970 -0.001609 0.001187 0.036214 0.000666 0.000129 0.000227 0.014665 -0.081536 0.000324 0.082783 0.058886 -0.020152 0.023966 -0.003286 0.001925 -0.064882 -0.003664 0.070607 -0.011457 -0.051011 -0.110074 -0.040142 -0.036192 0.050557 -0.024814 0.057095 0.005643 -0.037266 -0.008380 0.023702 0.058463 0.019612 
0.070393 -0.056532 0.083201 0.070100 -0.050466 0.022816 -0.018352 0.077046 0.033341 -0.003220 -0.010420 0.026598 -0.069893 0.015231 0.001757 0.095828 0.085248 0.013878 11.586188 -0.002916 -0.005150 0.028601 -0.006920 0.067337 0.068427 -0.058115 0.003680 0.000000 0.104982 0.051834 -0.031224 0.064076 -0.010477 -0.014078 0.008234 -0.084055 -0.097453 0.010192 -0.002183 -0.013178 0.107769 0.022800 -0.069299 -0.040799 0.034288 0.073242 -0.048467 -0.049011 0.029818 0.032251 -0.018727 0.021288 0.000854 0.008254 0.003447 0.047986 0.020935 0.013525 -0.026972 0.037146 0.000207 0.036708 -0.008944 0.061275 0.092746 -0.000504 -0.018989 -0.002177 -0.003594 0.093287 -0.070316 0.004091 -0.045815 0.102634 0.044150 0.021562 0.005813 0.094579 -0.002227 -0.051401 -0.000543 -0.004487 0.028563 0.005156 -0.091877 0.015651 0.016727 0.055178 -0.012291 -0.079851 -0.010629 -0.013647 0.015180 -0.002265 0.021076 0.097560 0.026038 -0.000607 -0.006153 -0.035367 -0.049093 0.030511 -0.005333 -0.060761 0.041069 0.006066 -0.070685 0.046170 -0.000645 -0.047822 0.108394 -0.099625 -0.047187 -0.001255 -0.077635 -0.049783 -0.031366 0.000191 -0.019026 -0.053272 -0.064633 -0.075465 0.004252 0.103136 -0.081022 -0.045387 0.052426 0.022227 0.052953 0.071058 0.081079 -0.020657 -0.000710 0.009767 0.015975 0.055058 -0.016896 0.058979 0.075290 0.045347 -0.070473 0.000227 0.013458 -0.032088 0.000000 0.013829 0.004186 -0.013656 0.056167 0.002428 -0.018283 0.077517 0.078920 0.033465 0.046632 -0.072231 -0.043992 -0.100382 0.050066 0.070941 0.021808 -0.068807 0.057900 -0.006449 -0.009930 0.038938 -0.000829 0.019476 0.001828 0.071571 0.017559 -0.074748 -0.094257 -0.004304 0.072625 -0.038231 -0.005944 -0.004766 0.004750 0.000400 -0.020874 -0.098706 0.003055 -0.025704 0.033547 -0.060736 -0.084555 0.020453 -0.052690 0.025677 0.016298 -0.015317 0.085594 0.013915 -0.003588 0.000720 
-0.094689 -0.005314 0.004408 0.050036 -0.023081 0.030461 -0.027773 0.102877 0.026569 -0.072236 0.098417 -0.014502 0.003020 0.004818 0.005042 -0.052443 0.003537 -0.088382 -0.002916 6.078660 -0.018617 -0.101810 0.030599 -0.051274 -0.034432 -0.006762 -0.000954 -0.085236 -0.097732 0.010970 0.051418 -0.008915 -0.054175 -0.018327 -0.043876 -0.006284 -0.007523 0.048747 -0.001502 -0.003878 -0.064076 -0.000650 -0.081697 0.005311 0.065573 -0.108155 -0.062575 0.041237 0.063087 -0.067330 0.019738 0.026755 -0.000891 0.000302 -0.001529 0.083100 0.084520 0.051246 -0.027338 0.001243 0.091148 0.082902 -0.000138 -0.105642 0.001107 -0.079320 0.011802 0.006820 -0.006432 -0.006589 0.000855 -0.059286 -0.024235 -0.002935 0.020121 -0.082570 0.005667 -0.020578 -0.079509 0.003691 0.108344 -0.037796 0.063075 0.001807 -0.057729 -0.006349 -0.004967 0.033825 0.029390 0.099593 0.064497 0.029998 -0.060200 -0.081180 -0.021937 -0.024327 0.010666 -0.069648 0.047307 -0.090983 0.006787 0.012302 -0.110376 0.085234 -0.009950 0.019247 -0.045219 0.022189 -0.012118 -0.019373 -0.020985 -0.034817 -0.064116 -0.111629 0.037658 -0.000763 -0.016630 0.002013 0.043917 -0.070806 0.086815 -0.065966 0.012029 -0.089374 -0.070145 -0.006152 -0.058686 0.074627 -0.031085 -0.069996 -0.024819 -0.013041 0.021008 -0.000452 0.065711 -0.001669 -0.001689 0.033139 0.073741 0.037683 -0.003083 -0.064850 0.034971 -0.066530 0.001306 -0.022016 -0.004563 -0.071677 -0.016476 0.002758 0.000000 0.055750 -0.000301 -0.077361 0.011850 -0.048880 -0.039268 -0.110356 -0.003568 -0.016850 0.047482 -0.009307 -0.003084 -0.066844 0.002841 0.001202 -0.005611 -0.028202 -0.016914 -0.004272 0.024243 -0.010169 -0.025133 -0.020972 0.017900 -0.015752 -0.033890 -0.010347 0.070291 0.011860 -0.080065 0.029035 -0.005653 0.035788 0.097839 -0.067620 0.024561 0.035884 -0.030236 -0.053434 -0.047651 -0.010524 -0.002211 -0.003735 -0.099606 0.014606 
-0.007471 -0.000491 0.009999 -0.005814 -0.000645 0.012256 -0.035433 -0.047681 -0.003095 -0.031160 -0.095287 0.000000 0.000810 -0.008013 -0.024025 -0.061628 0.032801 -0.000335 -0.005150 -0.018617 1347.536232 -0.079489 -0.022455 -0.003004 0.075422 -0.032761 0.035195 0.000000 -0.012178 0.000000 -0.004302 0.069106 -0.034702 0.018423 0.002826 0.098652 0.011414 -0.000539 0.017475 0.060585 0.000000 -0.000985 -0.097554 0.046986 -0.009470 0.029212 -0.043266 0.039893 -0.014123 -0.018850 -0.058383 -0.008911 -0.002019 -0.029352 0.102109 0.001006 -0.004502 0.030163 -0.037568 -0.094396 0.002439 0.000593 -0.003946 0.011555 -0.010881 0.016803 0.000975 0.031324 -0.004469 -0.002738 -0.088077 0.019335 -0.045478 -0.000222 -0.027939 0.030748 0.091827 -0.000457 0.093218 0.038810 0.000000 0.069983 0.086539 -0.048158 0.058976 0.000000 -0.001438 -0.077473 -0.001876 -0.001285 -0.000755 0.010976 -0.036993 0.054165 -0.090262 0.044845 -0.035117 -0.005365 0.020250 -0.051187 0.101583 -0.067198 -0.106347 0.006782 0.098633 -0.011374 0.082389 0.094401 0.000000 0.029486 0.104752 0.002317 -0.055193 0.000117 0.051874 -0.008370 -0.036508 0.045269 -0.020138 0.007118 0.001523 -0.021381 0.001653 -0.058549 -0.000562 -0.048081 0.021482 -0.009428 0.000000 -0.038909 0.032883 -0.051156 0.000597 -0.065205 -0.026706 0.032880 -0.068288 -0.069075 -0.017537 0.011800 0.000000 0.011596 0.000000 -0.048289 0.000556 -0.104470 -0.020217 0.008672 0.013835 0.029041 -0.057845 0.064708 0.010149 0.033809 -0.062252 -0.001056 -0.003892 -0.065477 -0.104229 -0.002524 -0.001928 0.025296 -0.068545 -0.016826 0.006245 0.008683 0.026948 0.102784 0.001645 0.033256 -0.003847 -0.033847 0.002309 -0.021516 0.000000 -0.002156 -0.018834 -0.003394 -0.000391 -0.005019 0.000000 -0.011681 0.000135 -0.000649 0.003831 -0.061671 -0.001042 0.044835 0.041284 -0.019486 -0.019104 0.000459 0.000000 0.012262 -0.012805 0.025189 
