14.017300 0.019291 0.023304 0.006215 0.018570 0.000597 -0.073146 0.024081 -0.000532 -0.045010 0.081467 -0.064544 0.024772 0.020100 -0.076302 -0.059771 -0.000699 0.091762 -0.031376 -0.013001 -0.085093 -0.047148 0.046278 0.013329 0.077624 -0.038462 0.079982 -0.055067 0.022822 -0.079179 -0.043399 -0.056422 -0.089508 -0.000925 -0.012366 0.037688 0.078899 0.013538 -0.090100 0.092930 0.002113 0.002334 0.047230 -0.020060 -0.038327 0.046691 0.057987 0.039881 0.000723 -0.000614 -0.011040 0.078356 0.007062 -0.025041 -0.078935 0.048666 0.085769 -0.000797 -0.050757 -0.050094 0.007336 -0.053241 0.009634 0.003119 -0.035789 -0.038796 -0.071606 0.041621 0.068721 -0.013320 -0.050714 -0.027765 0.045862 0.000000 0.004269 -0.003353 0.006795 -0.014952 -0.041538 0.003929 0.019195 0.006017 0.025637 0.040050 0.018128 0.079359 -0.057527 -0.030317 0.050011 0.084663 0.034255 0.069385 0.036426 -0.040006 -0.023156 0.013132 0.082712 0.013397 -0.019449 -0.092118 -0.002666 -0.051091 -0.006066 0.050561 -0.001876 0.049310 0.090494 0.079351 0.046552 -0.037110 0.000106 0.004449 -0.054895 0.010900 -0.045284 0.010266 0.002273 -0.020718 -0.073748 0.035461 -0.000611 -0.024466 -0.083971 0.012493 0.046674 0.001460 0.000000 -0.008491 0.001028 -0.000340 -0.000399 0.024030 0.000220 0.040070 0.053495 -0.000840 0.003701 0.002500 0.027497 -0.088463 0.003805 0.006357 -0.005747 0.001254 0.004715 -0.000504 -0.091395 -0.027332 0.000114 0.072136 0.080550 0.055587 0.070734 -0.055038 -0.009498 -0.005803 -0.017342 0.044702 -0.007006 -0.013960 0.086830 -0.065480 0.046445 -0.002672 0.080170 -0.000188 -0.047564 0.002109 0.075172 -0.002604 -0.010247 -0.011094 -0.018561 -0.075189 0.092025 0.010228 -0.015005 0.017433 -0.017265 0.012396 0.002028 0.006909 -0.030218 -0.027825 0.005444 -0.002527 0.001579 -0.037315 -0.075777 0.012821 -0.073210 -0.018669 -0.001586 -0.053737 0.002379 0.064426 
0.019291 16.196259 -0.020171 0.024637 0.085049 0.026262 -0.041460 0.085200 -0.035632 -0.006755 -0.009329 0.025138 -0.000264 0.063880 0.096393 -0.007282 0.053024 0.000000 0.053698 0.071952 -0.003630 0.003189 0.002775 0.027881 0.035526 -0.013312 0.022241 -0.001309 -0.063407 -0.001047 -0.091422 -0.073100 0.058563 -0.038436 -0.060899 -0.090851 0.023622 0.005208 -0.001632 -0.007622 0.057991 -0.086262 0.072135 0.010197 0.020670 0.053390 -0.049307 0.001756 -0.010884 -0.039746 -0.008980 0.016845 0.047283 0.040249 -0.004767 0.010767 0.058767 -0.002211 0.004312 0.022790 -0.000892 0.000565 -0.040180 -0.081680 -0.061721 -0.013655 0.071481 0.028951 -0.007179 -0.009193 0.026525 -0.061503 0.031118 0.022449 -0.033590 -0.042025 0.082380 -0.001182 -0.045272 -0.052003 -0.032561 -0.006149 0.051042 0.000000 -0.023706 -0.052607 -0.084717 0.049419 -0.007712 -0.003336 0.050903 0.003372 0.028573 -0.056825 0.072037 -0.065792 0.000308 0.011149 0.031374 -0.069840 -0.001782 -0.000102 -0.086799 0.026331 -0.004372 0.002244 0.078362 0.081762 -0.000856 -0.055396 0.005646 -0.005409 -0.027715 -0.046683 0.013135 0.021847 0.036410 -0.047368 -0.034977 0.020701 -0.007676 0.045216 -0.012797 -0.082229 0.014682 -0.013877 -0.001511 -0.002303 -0.012351 -0.017016 -0.040907 0.040467 -0.000545 -0.016208 0.054478 0.059564 0.019008 -0.006474 0.045606 0.066989 0.090498 -0.040750 -0.016552 -0.006362 -0.049387 -0.036907 0.000239 0.000539 -0.008166 -0.000931 0.026549 0.001089 -0.035478 0.037463 0.002592 0.000509 0.005747 -0.083727 0.000170 -0.030043 -0.002604 0.060872 0.079939 0.007038 0.046241 -0.006288 0.058936 0.026194 0.006775 -0.000767 -0.002640 -0.002376 -0.005662 -0.005589 -0.014344 -0.015788 -0.006751 -0.033290 0.003290 0.085726 -0.080943 -0.017290 0.018549 0.006240 -0.053217 0.004770 -0.045979 0.006222 -0.005059 -0.012674 0.045243 -0.000988 0.000000 -0.003532 0.049635 -0.013221 
0.023304 -0.020171 0.058250 -0.001273 -0.001880 -0.047976 0.019135 0.024387 -0.047723 0.007762 -0.000286 0.070668 -0.039014 0.000000 0.034392 -0.045979 0.005073 -0.046945 -0.027740 -0.018674 0.015185 -0.063704 0.032248 0.010370 -0.031968 0.014087 -0.051497 -0.029638 0.009363 0.056388 0.035848 0.009933 0.066273 0.000885 -0.001626 0.012351 -0.056793 0.041986 0.058051 -0.060877 -0.016044 -0.000109 0.019274 0.005858 -0.041307 0.004530 0.030394 0.044104 -0.005988 -0.001697 0.051801 0.010456 0.000871 0.037488 -0.030510 -0.026546 0.001329 0.030003 -0.011905 -0.006273 -0.046464 -0.002420 0.004214 0.008392 -0.000940 -0.012717 0.080987 0.089259 0.019486 -0.023894 0.037380 -0.010861 -0.002306 -0.010072 -0.076924 -0.019539 0.000000 -0.022729 0.067985 0.000000 0.017745 0.029575 -0.017394 0.057126 -0.026131 -0.034650 -0.016820 -0.004247 0.054018 0.004469 -0.021830 -0.002443 -0.014293 -0.002191 -0.052100 0.023516 -0.016925 -0.041654 -0.001004 0.023178 0.062827 0.004144 0.010456 0.006103 0.027156 -0.006020 -0.047026 0.004123 -0.012726 0.070073 -0.000179 0.006561 0.043683 0.022593 0.001376 0.000163 0.004523 0.025915 -0.014987 -0.000675 -0.010461 -0.006167 0.004292 0.004316 -0.015425 -0.020749 0.001481 -0.015089 0.017908 0.000000 -0.030631 -0.011342 -0.000152 0.008382 -0.027670 0.001357 -0.003205 0.004664 -0.008720 -0.028335 -0.001778 -0.014573 0.006152 -0.006565 -0.001019 -0.002915 -0.055543 0.001249 -0.061888 -0.016841 0.000445 -0.029235 -0.018060 -0.068369 0.000000 -0.007230 0.042757 0.000531 0.002536 -0.001598 0.014961 0.014897 0.020969 0.013591 0.017314 0.001462 -0.078480 0.030840 -0.086995 0.013472 -0.005294 0.027232 0.006643 -0.018048 0.003904 -0.001250 0.004101 0.048622 -0.005727 -0.004521 -0.017674 0.020382 -0.008780 -0.001551 -0.008663 -0.011295 -0.007547 -0.002740 0.000415 -0.006056 -0.044840 0.043262 0.057992 -0.003149 0.003756 -0.011373 
0.006215 0.024637 -0.001273 0.036472 0.005178 0.003011 -0.022852 0.006491 -0.001150 -0.001065 0.003087 -0.012512 0.007624 -0.013823 0.013772 -0.023181 0.000597 0.085449 0.000518 -0.023364 0.000173 0.000105 -0.019824 0.021601 -0.011332 -0.009940 -0.000225 0.031197 0.017358 0.001756 -0.063625 0.010920 0.035444 0.001591 -0.008708 0.016557 0.000512 0.009198 -0.006993 0.003509 -0.022079 0.000000 -0.052243 0.073388 0.082542 0.003714 -0.005427 0.021125 0.006448 0.001391 0.084443 0.001206 0.010918 0.003164 -0.007160 0.076207 0.062980 -0.005676 0.024527 -0.005495 -0.053083 0.000000 0.000000 -0.013282 0.003883 -0.003162 0.036118 0.033794 0.023542 -0.007207 -0.009301 -0.032982 0.072279 -0.001725 -0.044803 0.013743 -0.006206 -0.013316 0.072459 0.038549 -0.000293 -0.001095 0.010826 0.027697 0.052793 -0.005367 0.046382 0.005073 0.010753 -0.087417 -0.006007 -0.007005 0.010971 0.001816 0.014402 0.003657 0.092646 0.004147 0.016009 -0.034295 -0.068126 -0.044403 0.014382 0.000000 0.010934 -0.015077 -0.024562 -0.000414 -0.006079 0.000000 0.012052 -0.008735 -0.049253 0.004903 -0.004418 -0.006748 0.014339 0.010267 -0.000891 -0.019150 -0.008642 0.003779 0.008627 0.006572 -0.012514 -0.012034 0.003866 0.008080 0.013004 -0.001934 0.005936 -0.010677 -0.003694 0.000139 0.069067 -0.008072 -0.065105 0.003666 -0.001433 -0.053994 0.007595 0.014844 -0.076655 -0.010885 0.010518 -0.036684 0.009300 0.019424 0.062684 0.000452 0.006810 0.008376 0.028800 0.068214 0.001774 0.002476 0.000968 0.037548 -0.002655 -0.008835 0.020180 0.001366 0.007090 -0.008028 0.012620 -0.004818 -0.005641 -0.008003 0.002989 -0.011438 0.002195 0.008444 0.000728 -0.010917 -0.014916 -0.001439 0.001297 -0.010591 0.000307 -0.040672 0.002750 0.030244 -0.008847 0.029498 0.013144 0.028440 0.072178 0.002746 -0.001462 0.000455 0.007421 -0.042330 0.001455 0.001952 -0.004717 -0.078638 
0.018570 0.085049 -0.001880 0.005178 698.406014 0.000000 0.030610 0.024652 0.001115 -0.060019 -0.006754 0.000629 0.027406 0.081601 -0.046241 -0.072396 -0.003773 -0.015070 0.025574 -0.012404 0.038431 -0.013905 -0.083235 0.037831 -0.002269 0.018449 0.022096 0.031645 -0.015523 0.000000 0.004288 0.000177 -0.005497 -0.000421 -0.000268 0.014105 -0.005107 -0.046093 -0.017921 -0.065666 -0.001777 0.008858 -0.006517 0.015515 -0.021409 -0.005318 -0.057517 0.017020 -0.061941 0.059358 0.006951 0.039525 -0.000284 -0.006444 -0.005048 -0.004644 0.000000 0.000000 0.045071 -0.005070 -0.004709 0.004842 0.003240 0.019177 0.004267 -0.091139 -0.000172 0.000830 0.071566 -0.001342 -0.036021 -0.043652 -0.023301 0.073288 0.003439 0.029710 -0.008522 -0.009863 -0.002352 0.063956 0.012766 0.000000 0.017690 0.014591 0.026792 0.018626 -0.007691 -0.000491 0.061099 -0.057310 -0.050420 -0.001081 -0.044650 0.004952 -0.038865 0.002326 -0.000503 -0.001331 -0.052366 0.011701 -0.005155 -0.003262 0.018512 0.008177 -0.066669 -0.001403 -0.001218 0.088667 -0.004648 -0.050600 -0.074797 0.026505 0.058616 -0.000606 0.013557 -0.019714 0.028299 -0.028659 -0.010262 0.027349 0.021238 0.005488 0.027852 0.066391 0.010289 -0.029461 -0.022872 -0.004981 0.057410 0.009833 0.005775 0.015235 -0.008651 0.000694 0.043893 0.007009 -0.010412 0.001539 -0.052523 0.003414 -0.007691 0.000857 -0.022442 -0.008740 -0.036879 0.012421 -0.038574 -0.090900 0.021500 0.049664 -0.074419 -0.042052 -0.003213 -0.060833 -0.005106 0.092427 0.001891 -0.005782 0.017180 -0.035072 0.000000 0.002697 -0.007972 0.020729 0.043482 0.002081 0.011352 0.055632 0.018398 0.000000 -0.073262 0.007422 -0.014797 -0.004169 -0.004162 -0.002380 -0.003419 -0.001338 0.016135 0.016741 0.085269 0.013259 -0.016332 -0.003351 0.008786 -0.070496 0.003936 -0.000227 0.004620 0.000142 0.047241 0.059010 -0.013304 -0.012775 -0.061874 0.050758 
0.000597 0.026262 -0.047976 0.003011 0.000000 252.332249 0.025007 0.017664 0.001251 -0.012341 -0.008471 0.028415 0.019061 0.000846 0.001529 0.025745 -0.000469 0.004881 0.064192 -0.019868 -0.020089 -0.031952 -0.043234 0.000666 0.004728 0.006872 -0.025154 -0.000899 0.038967 -0.047480 0.007598 -0.059590 -0.022669 -0.027234 0.005437 0.049696 -0.000715 0.000000 0.039664 0.028425 -0.016959 0.009305 -0.039358 0.016599 0.025239 -0.047777 0.063412 -0.079156 -0.050943 0.021522 0.010996 0.001076 0.000877 -0.024792 -0.043190 -0.034108 -0.061606 -0.008517 0.042009 0.016749 -0.016442 -0.010366 -0.000233 0.072522 0.011642 -0.001198 0.011194 0.000646 0.000549 0.000674 -0.011491 -0.017735 -0.049264 0.000000 0.001395 0.006415 -0.057052 -0.066482 -0.042953 -0.024664 0.020669 0.000000 0.016529 -0.088642 -0.000467 -0.000643 0.062370 -0.000435 0.029338 0.029813 0.031305 0.012439 0.025009 0.002232 -0.006573 0.012808 -0.092293 0.080574 -0.048303 0.014111 0.001373 0.000160 0.000347 0.004253 -0.060894 0.000000 -0.016187 -0.078753 0.000000 -0.000262 -0.007826 -0.049691 0.014953 0.029368 0.019742 -0.004368 -0.011220 -0.047743 0.036807 0.039614 -0.002337 0.024800 -0.092763 0.014693 -0.019770 0.057905 0.002639 0.000000 -0.004435 0.006058 0.054266 0.028658 0.011275 0.000000 -0.019331 -0.012465 0.026496 0.000000 0.008294 -0.076119 -0.000296 0.000000 0.067720 -0.014867 0.005354 0.044786 0.080137 0.000000 0.070718 0.000613 -0.008103 0.001858 -0.058733 -0.022158 0.005037 -0.069961 -0.029964 -0.014018 0.026837 0.032629 0.038105 0.007215 -0.010063 0.003967 0.031308 0.000000 0.026664 0.012720 0.031047 -0.007804 -0.007768 0.027497 0.043840 0.000000 -0.067582 -0.021155 0.001002 0.074992 0.082897 0.060724 0.000146 0.000424 -0.015427 -0.091954 -0.028225 0.000000 0.058441 0.005312 0.048987 -0.003581 -0.056782 0.033059 0.009262 0.000000 0.000000 -0.000242 
-0.073146 -0.041460 0.019135 -0.022852 0.030610 0.025007 0.361306 -0.032582 -0.007099 0.065567 0.029070 -0.032889 -0.007257 0.030316 -0.037559 -0.020835 0.079693 0.021104 -0.042301 0.023006 -0.018390 0.061643 0.003088 0.011835 -0.067633 -0.075589 -0.008940 0.054577 -0.039918 -0.067792 0.070953 0.009530 -0.000943 -0.010389 0.003637 0.033385 -0.036510 -0.059356 -0.024378 0.002046 -0.003060 0.065118 0.050258 -0.065634 0.016193 0.013238 0.026357 -0.004553 0.021549 -0.009421 0.011148 0.011972 -0.001430 0.017162 -0.012631 0.041334 0.019799 0.057974 0.025319 -0.004207 0.002266 0.030966 0.088672 0.017139 -0.010327 -0.015002 0.008765 0.031378 -0.034074 0.070451 0.071528 0.059494 0.008756 -0.031946 -0.088407 -0.030451 -0.063858 -0.034704 -0.019984 0.011825 0.010972 0.021486 -0.014277 0.028892 -0.051691 0.031149 0.036030 0.001687 -0.008568 0.013725 -0.017631 0.007481 -0.043909 -0.020697 0.033529 0.056762 -0.056435 0.002273 -0.041501 0.058422 -0.003860 -0.022629 0.011986 -0.025336 -0.012245 0.007770 -0.027380 0.037543 0.012581 0.003059 -0.067032 -0.058901 0.040692 0.007857 0.043452 0.038016 -0.013282 0.007301 0.024719 0.009839 -0.047761 -0.070254 -0.007616 -0.003934 0.035587 0.028671 0.004212 -0.031791 -0.076907 -0.058120 0.057045 0.045492 -0.006777 -0.026159 -0.032564 -0.000247 -0.050201 0.037912 0.011244 0.014171 0.000000 0.051687 0.020522 -0.022324 -0.072572 -0.090758 0.019437 0.067323 -0.025297 -0.063288 -0.065713 -0.024804 -0.044239 0.015120 -0.018792 -0.066538 -0.023873 -0.014837 -0.031426 0.051081 0.015559 0.081144 0.018738 0.044485 -0.034368 -0.064351 0.041891 0.012649 0.004329 -0.063222 0.016306 0.040710 0.008961 -0.047237 0.014605 0.004823 0.014520 0.021770 -0.046974 0.081021 -0.017935 0.048379 -0.009872 0.000000 -0.022339 0.024852 0.003178 0.019182 0.003824 0.008301 0.042093 0.038223 -0.033917 -0.038208 0.067287 -0.030048 
0.024081 0.085200 0.024387 0.006491 0.024652 0.017664 -0.032582 2.627302 -0.006165 -0.044172 0.020552 0.071849 -0.052824 -0.028768 0.034028 -0.004913 -0.009258 0.030480 -0.006698 -0.004155 -0.022862 0.061054 0.015017 -0.098611 -0.012574 0.013020 0.023866 -0.034359 0.065136 0.000402 0.040651 0.042803 -0.021256 0.023474 0.067120 -0.026298 -0.003116 0.006900 -0.084903 0.019543 -0.012773 0.003632 0.001689 -0.044170 -0.013786 -0.021369 0.007192 -0.016873 0.051651 -0.084997 0.008751 -0.022212 0.035739 -0.080716 -0.040752 -0.069286 0.007516 -0.017251 -0.046486 0.012643 0.033289 0.031182 0.008272 0.014997 -0.007379 0.000161 0.040657 -0.002539 0.052427 -0.081557 -0.001983 0.023628 -0.061209 0.008001 -0.015749 0.050481 -0.024954 0.000000 -0.072894 0.041754 0.009733 -0.004554 -0.033145 -0.016775 -0.005905 0.084235 -0.021299 -0.074345 -0.011215 -0.032393 0.023485 -0.062815 -0.069960 0.024077 -0.000309 0.055101 0.026328 0.000760 0.016747 0.060984 0.020902 -0.010943 -0.033264 0.013703 0.035526 0.031013 0.031732 0.039756 -0.013452 0.006146 -0.018917 0.036802 0.057743 -0.019230 -0.085783 0.055821 -0.011272 -0.075915 -0.042181 -0.002518 0.070729 0.012936 -0.066501 0.023545 0.058203 -0.032301 -0.074810 -0.036872 0.058289 -0.001471 0.045510 0.012071 -0.016409 -0.020271 -0.011902 -0.017502 0.010814 0.000000 0.043761 0.045241 0.000000 -0.000980 0.055602 -0.042087 0.000139 -0.007679 0.011169 -0.002537 -0.051056 0.057657 -0.008360 0.026493 0.025612 0.084081 0.015521 0.001504 0.018746 0.018700 0.048098 0.078510 -0.029109 -0.037120 0.007992 0.009543 -0.048589 0.053171 0.069689 -0.022095 0.015226 -0.019326 0.084283 0.032898 -0.014929 0.026762 -0.069045 0.030989 0.056589 0.001269 -0.005125 0.082657 0.083309 0.001589 0.036328 -0.022520 -0.009450 0.035346 -0.011017 -0.053283 0.034283 -0.073667 -0.014386 0.043858 -0.023682 0.033692 -0.026501 -0.005197 
-0.000532 -0.035632 -0.047723 -0.001150 0.001115 0.001251 -0.007099 -0.006165 2744.253527 -0.001032 -0.012073 0.000139 0.000000 0.000000 0.009884 -0.068395 0.000000 -0.060476 0.063726 0.077001 0.000354 0.030315 -0.037664 0.007939 -0.057276 0.000000 0.005038 -0.079316 -0.048643 0.000333 0.000666 -0.002479 -0.018684 -0.000571 -0.050285 -0.015182 0.074403 0.043075 -0.059746 -0.000424 -0.058385 -0.027218 0.037179 0.032896 -0.002468 0.004467 -0.070186 -0.014436 -0.000549 0.013138 -0.064875 0.041369 0.000879 -0.006532 -0.050757 0.026136 0.000234 -0.002327 -0.005230 0.086688 -0.011162 -0.009610 -0.006661 -0.016971 0.050854 -0.004383 0.056511 -0.004013 -0.021271 0.035635 0.052860 0.008891 0.000383 -0.000437 0.028703 0.027567 -0.001398 0.025023 0.058732 0.022171 -0.002940 -0.007513 0.030069 0.000000 -0.014993 0.090082 0.042275 -0.013016 0.008349 -0.028425 -0.042972 0.053541 0.020278 0.004858 0.052594 0.012487 -0.001630 0.083865 -0.001731 -0.048522 0.002372 -0.003196 0.033865 0.011139 0.009142 0.000000 -0.081140 -0.039595 0.000000 0.013908 -0.055491 -0.002027 -0.017996 -0.000828 -0.006428 0.057584 0.053440 0.000000 0.048146 0.036141 0.000380 0.038650 0.007506 0.020665 0.032588 0.005706 -0.000318 -0.075886 -0.010678 -0.033046 -0.043278 -0.092283 0.000000 0.000453 -0.007213 0.001715 -0.006488 -0.041976 -0.050289 0.000605 -0.047898 -0.007845 0.016587 -0.009928 0.086928 -0.002607 -0.062469 0.000000 0.003238 -0.003672 0.040273 -0.069927 -0.030673 -0.044306 -0.008851 0.000000 -0.080420 0.006053 -0.019305 -0.007489 -0.065517 -0.008083 -0.055322 -0.013029 -0.003185 0.000000 0.020644 -0.033298 -0.000443 0.004634 -0.035726 0.052455 0.000842 0.000000 -0.059555 0.000558 -0.012822 0.064929 -0.009031 0.002786 -0.049888 0.000000 0.022881 -0.063018 0.000000 0.041479 0.000453 0.000172 -0.017923 -0.066775 0.062690 0.057131 0.077445 -0.006011 -0.001596 -0.001801 
-0.045010 -0.006755 0.007762 -0.001065 -0.060019 -0.012341 0.065567 -0.044172 -0.001032 115.773979 -0.057508 0.004128 0.073975 -0.011647 0.084924 0.001775 -0.035905 0.007175 -0.063793 0.004202 -0.011247 -0.026015 0.001396 0.015525 0.000000 0.036673 -0.033921 0.057036 -0.073526 0.078217 0.004769 0.011474 -0.091316 -0.062513 0.000130 -0.073296 0.009260 0.002652 0.053924 0.002177 -0.000769 -0.068892 -0.032842 0.004346 0.041112 0.000724 -0.003562 -0.069519 0.021136 0.038171 -0.071921 -0.043799 -0.009520 0.003333 0.005592 -0.087949 0.000000 0.005289 0.033519 0.034325 0.085740 0.010450 0.040236 -0.026161 0.034161 -0.000961 -0.060529 0.059587 0.050542 -0.018219 -0.032538 -0.051813 -0.003567 -0.033006 0.058870 0.009733 0.032306 0.056337 0.038485 -0.039943 -0.017135 -0.000213 0.014403 -0.064115 0.056021 -0.024290 0.048902 -0.031229 -0.073412 0.011197 -0.033144 0.007913 -0.032793 -0.050344 0.070972 -0.010874 0.055557 -0.003613 -0.058576 -0.000464 -0.060441 -0.016969 0.013268 -0.001762 -0.069022 -0.026835 0.019803 0.000305 0.000369 -0.036211 0.006053 0.048807 -0.001736 0.008971 0.010638 0.033889 0.059835 0.088737 -0.078297 -0.076564 -0.013681 -0.028250 -0.017747 0.034125 -0.068748 -0.036351 0.088633 -0.002460 -0.003390 0.007226 -0.013495 0.065727 0.025118 0.029800 0.045100 -0.059481 0.036806 -0.044737 -0.066107 -0.049175 -0.001324 -0.003795 0.021752 0.071919 -0.002897 -0.040323 -0.034216 0.000000 0.045378 -0.002791 0.017106 0.001425 -0.014290 0.000248 -0.018997 -0.030712 -0.030090 -0.003155 -0.006887 0.004696 -0.030316 -0.027080 -0.076453 -0.047370 0.029003 0.083490 0.024481 -0.086746 0.012550 0.003614 0.011023 0.000000 0.003519 0.018145 0.061558 0.008251 -0.000284 0.091531 -0.017776 -0.005755 0.006241 0.009178 -0.048595 -0.021206 0.017759 0.000233 -0.050332 -0.025896 -0.007998 -0.010623 0.018179 -0.075701 0.010718 -0.012616 0.073714 0.000845 
0.081467 -0.009329 -0.000286 0.003087 -0.006754 -0.008471 0.029070 0.020552 -0.012073 -0.057508 7.567511 0.024947 0.017088 -0.020044 -0.022495 -0.001018 0.029060 -0.076149 -0.039265 -0.029713 0.009519 0.002801 -0.019349 0.008157 -0.006186 0.076974 -0.085377 -0.086100 -0.052140 -0.010860 0.022202 -0.022882 0.065520 0.060952 0.075903 0.004769 -0.038527 -0.016777 0.020186 -0.083135 0.080372 -0.017727 -0.002016 -0.059387 -0.002955 0.031344 -0.003786 -0.064971 -0.009682 0.070359 0.003839 -0.000387 0.007528 -0.001326 0.077353 -0.048952 -0.005822 -0.001713 -0.036149 0.001740 -0.044055 -0.086503 -0.027342 0.037014 0.002551 0.017498 -0.059380 -0.075161 0.004229 -0.025635 -0.027250 0.062241 0.009694 0.000000 -0.038743 0.018287 -0.029885 -0.013511 0.027590 -0.025893 -0.089975 -0.084109 -0.037101 0.056233 -0.028989 0.052369 -0.085763 0.014666 0.050952 -0.006977 -0.002711 -0.073568 0.050986 -0.018602 0.002572 0.006498 0.004484 -0.041639 -0.091370 -0.048955 0.087600 -0.000187 -0.002654 0.003619 -0.002331 0.003555 -0.000298 0.022202 0.000000 0.050631 -0.018090 -0.003661 0.023943 0.074071 0.006130 0.034737 0.019112 0.002244 -0.014681 -0.087689 -0.013779 -0.077139 -0.041783 -0.044407 0.023185 0.000513 -0.012654 0.003098 -0.078198 -0.001340 0.028185 -0.088116 0.061044 -0.004241 -0.081734 -0.059785 -0.032246 0.021666 -0.063639 -0.001848 -0.019810 -0.038260 -0.000570 0.003498 -0.020077 0.092673 0.009725 0.029497 0.044223 0.070340 0.038810 0.052406 -0.002699 -0.049698 0.002813 -0.047203 0.069949 0.008196 -0.031035 0.080018 -0.000192 -0.035586 -0.023304 -0.006252 0.085429 0.091710 0.031110 -0.021028 0.029843 0.000892 -0.011912 0.055089 -0.040484 -0.003471 0.036302 -0.045307 0.003473 -0.004624 0.000000 -0.014822 0.002014 0.008867 0.023130 0.016214 0.006619 -0.045299 0.067055 0.003711 -0.001367 -0.093063 -0.007053 0.045071 -0.032126 0.010976 0.029839 0.001090 
-0.064544 0.025138 0.070668 -0.012512 0.000629 0.028415 -0.032889 0.071849 0.000139 0.004128 0.024947 57.390002 -0.020193 0.003511 0.000869 -0.006163 -0.016102 0.005922 0.000000 0.073329 0.006278 -0.029339 0.029693 0.005583 0.011022 0.063555 -0.011147 -0.014143 0.080103 0.035394 0.008785 0.030079 -0.034268 0.009385 0.040859 0.000000 -0.000902 0.001893 0.018212 0.011322 -0.039925 -0.002805 0.027625 0.000000 -0.075894 -0.000150 0.054683 -0.028575 0.000221 0.013496 -0.051879 -0.000430 0.003944 0.048983 0.015037 0.061017 0.069582 0.006536 0.089061 -0.087582 0.003438 0.042568 0.005637 0.021273 -0.012910 0.069099 0.027596 -0.007132 0.001118 0.001390 -0.023401 -0.007178 0.001913 -0.029399 0.024300 0.016282 -0.023155 -0.081806 -0.004788 0.000000 0.000161 -0.065453 0.023110 -0.012061 -0.088606 0.000999 -0.008413 -0.005104 0.001210 0.010476 -0.014418 0.060202 -0.069071 -0.015999 -0.028900 -0.019291 -0.062881 0.027491 0.009099 0.028580 -0.023511 -0.005419 0.054870 0.055258 0.041710 0.059430 0.086069 -0.022394 -0.027807 -0.092371 -0.036295 0.000597 0.022651 0.000000 -0.018884 0.072713 -0.033439 -0.048571 -0.008311 -0.002512 0.058740 -0.043744 -0.041862 -0.003371 -0.043667 0.023703 -0.047047 0.036727 -0.020259 -0.000635 -0.034721 0.000404 0.001769 0.000643 -0.075182 0.000794 0.048475 0.024850 0.003739 0.016287 0.000309 -0.000408 0.029984 -0.092137 -0.024802 0.000000 -0.044145 0.000000 -0.041082 -0.000159 -0.077767 0.037732 -0.007065 -0.001751 -0.062449 0.020340 0.039238 0.038402 0.005740 0.001137 -0.034362 -0.028936 -0.041081 -0.033517 -0.079083 -0.080313 0.031343 -0.018422 0.077690 0.021020 -0.026396 -0.007106 -0.006738 0.002007 0.044100 -0.002114 -0.000156 -0.000791 0.001720 0.006087 -0.011370 -0.033387 0.082120 -0.002104 -0.004130 0.021675 -0.054856 0.003543 0.001688 0.016215 -0.014021 -0.012755 -0.000739 0.021505 0.005683 0.037148 
0.024772 -0.000264 -0.039014 0.007624 0.027406 0.019061 -0.007257 -0.052824 0.000000 0.073975 0.017088 -0.020193 6510.421954 0.000000 0.051228 -0.026305 0.013052 -0.000237 0.017871 0.000218 0.075818 -0.002313 -0.079623 -0.032382 0.000000 -0.001485 -0.005190 0.006621 -0.062312 -0.010229 -0.009774 0.014764 -0.086186 0.022402 0.072826 -0.014880 0.020750 0.083294 -0.018261 -0.057842 0.000000 -0.000619 -0.014695 -0.015737 -0.055537 0.003489 0.081271 0.010807 -0.002102 0.025802 -0.000619 -0.052326 -0.027757 0.000000 -0.030087 0.002882 0.010646 0.003278 -0.009510 -0.010614 -0.089145 0.000000 0.001141 0.049530 0.039656 -0.079965 0.001967 -0.032177 -0.031012 -0.014108 0.041751 0.042925 0.014160 0.034196 0.043539 0.000000 -0.004751 0.013092 -0.039205 0.093043 0.001440 -0.003274 -0.022718 0.032086 0.017858 0.004501 -0.015684 -0.001052 0.019747 -0.020819 -0.026382 0.000874 0.002045 0.001087 0.000165 0.039823 -0.001358 -0.003330 0.006710 -0.081310 0.000772 0.002182 -0.000772 0.007769 -0.093185 -0.001152 0.069536 -0.004852 0.000345 0.004722 0.003752 -0.000749 -0.002928 0.038326 0.017371 -0.024986 -0.000361 -0.032183 -0.001683 -0.034289 -0.002118 -0.044284 0.001116 0.000808 -0.028094 0.074556 -0.001234 0.036975 -0.020289 -0.000856 0.063098 0.039551 -0.003970 -0.001844 -0.010766 -0.048676 0.051660 0.000000 -0.056383 0.079196 -0.064831 -0.032085 0.000328 -0.000132 -0.003140 -0.001471 -0.020256 0.000000 -0.027830 0.001986 0.023057 0.000290 0.090017 -0.039153 -0.009027 -0.051680 0.004172 -0.010366 -0.004811 0.000303 -0.029737 0.063148 -0.020699 0.014120 0.005486 -0.001823 0.036322 -0.054950 0.000636 -0.001469 -0.000150 -0.058451 0.000000 0.001429 0.031084 0.007823 -0.041581 0.000705 -0.026383 -0.014288 0.044255 0.033039 0.063226 -0.058380 0.009865 0.000000 0.021849 0.009094 0.000693 0.009039 -0.078276 -0.047208 -0.027421 0.000000 -0.000908 -0.082252 
0.020100 0.063880 0.000000 -0.013823 0.081601 0.000846 0.030316 -0.028768 0.000000 -0.011647 -0.020044 0.003511 0.000000 1559.026241 0.057885 -0.002334 -0.038999 -0.008916 0.024472 -0.032856 0.005798 0.007011 -0.005497 -0.032489 0.001498 -0.004230 0.001222 0.000504 0.021697 -0.000689 0.062904 -0.035799 0.000314 -0.027621 -0.002747 -0.030300 -0.001993 0.000000 -0.006198 -0.057322 0.000446 -0.002527 -0.047498 0.036457 0.034854 -0.053440 -0.008001 -0.031575 -0.030730 -0.033595 0.067610 0.071807 -0.016435 0.037003 -0.005147 0.081160 -0.056209 -0.006437 -0.086994 -0.002108 -0.009247 -0.012509 0.013376 0.017761 0.045203 -0.027479 0.014211 0.054150 0.000000 -0.008768 0.042619 -0.045284 -0.029393 0.023231 0.003688 -0.002293 0.001228 0.000331 0.057836 0.021828 -0.010509 -0.005093 -0.034565 0.002109 0.019409 0.001597 -0.064329 -0.002182 0.021351 -0.081434 0.050235 0.048363 -0.008695 -0.054563 0.003228 0.001970 -0.004981 -0.000377 0.022447 -0.068156 -0.000508 -0.000226 0.045634 0.000898 -0.089484 -0.001263 0.000222 -0.088937 0.000459 0.000422 0.063600 -0.001047 0.000000 0.048918 0.037212 0.034303 0.018731 -0.027364 0.065498 0.029675 -0.053525 0.054672 -0.007126 -0.045103 -0.046096 -0.035519 -0.048575 0.010556 0.000000 -0.000254 0.018960 0.049600 0.010554 0.050235 -0.028961 0.047606 -0.049585 0.001037 0.065145 -0.002662 0.001363 -0.044569 0.055065 -0.000416 -0.001087 0.000000 -0.003661 -0.089779 -0.021843 -0.000639 0.040139 -0.003896 0.002826 -0.033710 0.001328 -0.064233 0.002693 -0.076352 -0.011589 -0.004985 0.033575 0.000000 -0.025040 0.001282 -0.004816 0.001111 -0.013658 0.077005 -0.030382 -0.004327 -0.062933 -0.015986 0.020536 0.033034 -0.064834 0.000814 -0.002826 -0.082606 0.041023 -0.018566 -0.015803 0.013087 -0.045349 -0.014842 0.009930 -0.000698 0.002792 0.000000 0.011449 -0.012352 -0.062996 0.045099 0.000000 -0.000477 0.018582 -0.017463 
-0.076302 0.096393 0.034392 0.013772 -0.046241 0.001529 -0.037559 0.034028 0.009884 0.084924 -0.022495 0.000869 0.051228 0.057885 0.422311 -0.037187 -0.043829 -0.002809 -0.029073 0.076809 0.032148 -0.004707 0.001522 0.001743 0.031087 -0.020985 -0.090582 0.097384 0.105647 -0.067397 -0.036364 -0.029354 0.034571 -0.040599 0.017984 0.012448 0.099428 0.059639 0.002670 0.002996 0.049186 -0.003680 0.017724 -0.038950 0.030762 0.023940 -0.051711 0.022639 -0.031283 -0.004368 -0.058285 0.073812 0.017423 0.017295 -0.036769 0.014003 0.015580 -0.079151 0.002907 0.049509 -0.064953 0.060791 -0.079790 -0.036465 0.008756 0.047773 -0.063704 -0.006021 -0.037073 0.048522 0.070554 -0.002707 -0.011135 0.019927 0.009461 0.033536 0.003078 -0.061863 0.000508 -0.030822 -0.007914 -0.032676 0.046303 0.053146 -0.027526 0.017732 -0.010468 -0.017528 -0.024805 0.103555 -0.061168 -0.018662 -0.040756 -0.003156 -0.000251 0.042012 0.005633 -0.042054 -0.006737 -0.060950 0.026175 0.064527 0.042184 -0.010835 0.004305 -0.034696 0.050754 0.022258 0.061835 -0.058970 0.033562 -0.031577 0.018430 0.041559 -0.013128 -0.052868 0.010166 -0.004206 -0.006124 0.009192 -0.035949 0.028791 -0.041586 0.011564 -0.013494 -0.044815 -0.105791 0.030840 -0.049618 0.029061 0.003889 -0.055738 -0.043673 0.079197 0.021570 0.042626 0.076172 0.003534 -0.059553 -0.084663 -0.029651 0.062526 -0.026009 -0.005107 -0.002948 0.048158 -0.064837 -0.008571 -0.060312 0.027321 0.029045 -0.031598 -0.039538 -0.025790 0.011582 0.044748 -0.016472 -0.089364 0.038648 -0.038953 -0.034440 0.054714 0.020156 0.052666 -0.014620 0.088186 -0.003506 -0.058666 0.003203 0.048844 -0.034183 -0.056543 0.049311 -0.012390 -0.029509 0.002356 0.044172 -0.027931 -0.026365 0.043966 -0.096454 -0.027669 -0.056081 0.100566 0.042871 -0.039390 -0.031254 0.035895 0.010398 0.024594 0.063038 0.034822 -0.006742 0.018810 0.020261 -0.017148 
-0.059771 -0.007282 -0.045979 -0.023181 -0.072396 0.025745 -0.020835 -0.004913 -0.068395 0.001775 -0.001018 -0.006163 -0.026305 -0.002334 -0.037187 33.945117 0.000000 -0.002478 0.086331 0.022369 -0.040269 0.084475 -0.039432 0.075752 0.087514 -0.051599 -0.013244 0.028153 -0.033838 -0.073470 0.053785 0.014807 -0.002948 -0.002369 -0.023838 -0.016994 -0.005928 0.000819 -0.009346 0.005267 -0.088335 -0.010322 0.036284 -0.013407 -0.036637 0.032933 -0.007582 0.013630 -0.031616 -0.001544 -0.027579 0.064791 0.055482 0.000000 -0.041387 0.000982 -0.066862 -0.000952 0.000700 0.025737 0.031551 -0.030585 0.005736 -0.078257 0.082276 -0.047598 0.000423 -0.031801 0.000000 -0.040629 0.003791 0.042196 -0.001339 -0.021322 -0.009953 0.001917 -0.061762 -0.030306 0.036531 0.054602 -0.000809 -0.086875 -0.003303 0.038595 -0.007714 0.002259 0.086482 -0.087092 0.047692 -0.044101 -0.030933 0.013391 -0.029153 0.004368 -0.033849 0.071039 -0.000424 -0.000543 -0.088687 -0.012837 0.002509 0.089878 0.050041 -0.000303 0.010857 0.043537 0.041445 0.001493 0.000000 -0.001281 0.057349 0.004000 -0.053830 -0.055159 -0.072453 -0.027863 0.035157 -0.088366 -0.004685 0.078729 -0.006895 0.082279 -0.038742 -0.010138 0.021207 -0.027290 0.057068 -0.009188 0.083736 -0.054737 0.014559 -0.048345 -0.009280 0.000436 0.016006 0.018403 0.018863 -0.025694 -0.022714 -0.090436 0.069064 0.043135 -0.035941 0.012214 0.007225 -0.033841 -0.013391 -0.057410 0.042859 0.010550 -0.001674 -0.000381 -0.008389 0.088544 -0.041758 -0.011894 -0.003280 0.000287 0.008668 -0.083826 0.012095 0.050197 0.002988 -0.000448 -0.016145 0.004832 0.029966 0.014312 -0.004449 0.040637 -0.002212 -0.062243 0.001563 -0.066361 -0.004061 0.006675 -0.013434 -0.076043 -0.002506 0.002858 0.000000 -0.000624 0.041339 -0.091830 0.003869 0.042660 0.013340 0.014203 0.002938 -0.001203 -0.000664 -0.024605 -0.005037 -0.011711 0.038557 -0.015031 
-0.000699 0.053024 0.005073 0.000597 -0.003773 -0.000469 0.079693 -0.009258 0.000000 -0.035905 0.029060 -0.016102 0.013052 -0.038999 -0.043829 0.000000 606.735498 0.002337 -0.036940 0.061478 0.000000 0.000000 -0.052174 0.033392 0.005946 0.000000 0.024169 -0.031608 0.012755 0.013919 0.000000 0.035073 -0.029173 0.002003 -0.017230 -0.001180 0.019976 0.000000 -0.032464 -0.013266 -0.043412 0.005024 -0.018954 0.009466 -0.011348 0.004947 -0.071990 0.052482 0.014541 -0.015899 0.037474 0.008682 -0.014525 0.008338 0.044393 0.028072 -0.037165 -0.017700 -0.060969 0.089180 -0.008495 -0.000205 0.002205 -0.088551 0.077313 0.000000 0.004301 -0.042359 0.009568 0.000000 0.000144 0.008532 0.003324 0.006475 -0.009935 0.013548 -0.019254 0.000637 0.091568 0.038031 0.001747 -0.027902 -0.051278 -0.014024 -0.002159 0.000000 -0.032120 -0.086371 -0.010294 0.026839 0.050309 -0.003989 0.003523 -0.000273 0.042918 0.011363 -0.011436 -0.000451 0.027267 0.007204 -0.010527 -0.015634 -0.039631 -0.006067 -0.035593 0.006579 -0.006868 0.046059 0.002039 0.000000 -0.013101 -0.007465 -0.081107 0.001684 0.011184 -0.007991 -0.032971 0.011299 0.044253 0.024774 0.072831 0.047428 0.003369 -0.036422 -0.014048 0.044862 -0.018662 -0.021102 -0.066841 -0.000337 0.053217 -0.041649 0.000441 0.082742 -0.009928 0.036872 -0.055241 0.014410 0.008525 -0.009717 0.000000 0.000000 -0.078307 -0.000862 0.000381 -0.022786 0.006626 -0.050092 0.000246 0.008582 0.058585 0.013980 0.000000 -0.027379 -0.022500 0.047964 -0.002375 0.009186 -0.007745 0.000000 0.022529 0.006898 -0.025622 -0.018074 0.007963 -0.002565 0.010331 0.000000 0.079090 -0.069602 -0.066251 -0.007310 0.002734 0.000000 0.055794 -0.009013 0.004011 0.000000 0.002357 0.033238 -0.068723 0.004081 -0.003370 0.000548 -0.053806 0.000748 0.001367 -0.005527 0.012307 0.000000 -0.019824 -0.008768 -0.010128 0.016076 0.000916 0.001068 
0.091762 0.000000 -0.046945 0.085449 -0.015070 0.004881 0.021104 0.030480 -0.060476 0.007175 -0.076149 0.005922 -0.000237 -0.008916 -0.002809 -0.002478 0.002337 65.687671 0.038733 0.030090 0.002203 -0.013893 0.063301 0.026631 -0.000123 0.001150 0.007619 0.000710 -0.058943 0.000000 0.005339 0.062360 -0.003933 0.014170 0.009179 0.014214 -0.002044 0.010906 0.009178 -0.011857 0.000301 -0.089841 -0.002709 0.059158 -0.004806 0.001226 0.001987 -0.050796 -0.013425 -0.024546 0.004897 -0.004665 0.027574 -0.035655 0.028405 0.038977 0.000584 -0.005847 -0.039355 -0.051700 0.028225 0.000285 0.071973 0.031166 -0.002740 -0.011142 0.035636 0.029489 -0.004576 0.044635 -0.042557 0.016993 0.015319 0.000000 -0.043041 0.002498 -0.075803 -0.068053 -0.001955 0.002248 -0.000829 0.000000 -0.084322 0.024812 -0.080473 -0.038628 -0.012009 0.010713 -0.009310 -0.063997 -0.030414 -0.020093 0.013671 0.000453 0.028643 0.001068 -0.049549 0.035283 -0.047441 -0.011913 -0.037488 0.085029 -0.041686 -0.044263 0.017431 0.010573 -0.049180 -0.000921 -0.001628 0.003417 0.039860 -0.000732 0.012983 0.025203 0.000112 -0.015825 -0.045927 0.008338 -0.022032 0.084837 0.027973 0.005674 -0.001829 0.003183 -0.046348 0.021790 -0.037350 -0.016635 0.004446 -0.011257 0.083299 0.013224 -0.008827 -0.036673 -0.034331 0.001450 0.013208 0.020497 -0.024367 -0.057735 -0.002152 0.032898 0.000900 -0.000251 0.006143 0.000157 0.043996 0.046967 -0.024783 -0.001032 0.055990 -0.006275 -0.043384 0.036555 0.002596 0.010465 -0.041163 0.045497 0.059220 0.039800 -0.066613 0.014665 0.081073 -0.017961 -0.019356 -0.000482 -0.042251 -0.021170 -0.005213 0.003862 -0.051089 -0.022491 -0.013874 0.022099 -0.086556 0.066792 0.000549 0.000920 0.077452 0.002733 0.000799 -0.000924 -0.003075 0.008375 -0.020482 -0.020911 0.000812 0.001032 0.001499 -0.037897 0.043853 -0.005924 -0.007908 -0.033297 -0.000985 -0.006659 
-0.031376 0.053698 -0.027740 0.000518 0.025574 0.064192 -0.042301 -0.006698 0.063726 -0.063793 -0.039265 0.000000 0.017871 0.024472 -0.029073 0.086331 -0.036940 0.038733 14.569872 0.026472 0.017748 -0.010532 -0.014167 0.012174 -0.090185 0.029831 0.048801 0.000000 -0.044622 0.018964 -0.009641 0.020716 0.012018 0.005383 -0.067972 -0.079100 0.000285 0.016218 0.031160 0.045749 0.000478 -0.001678 -0.045875 0.003569 0.068824 0.050901 -0.022899 0.000460 0.000878 -0.001467 -0.063710 0.090175 -0.090945 0.006898 0.000501 -0.053726 0.004214 -0.025118 0.005273 0.005495 -0.041616 0.008829 -0.011408 0.084173 -0.002735 -0.076414 0.002762 0.009077 -0.065760 0.025288 0.089873 -0.086547 -0.000629 -0.033499 -0.021970 -0.061048 0.008646 -0.027382 -0.085102 0.034228 0.073579 -0.017277 -0.054699 -0.000140 0.051829 -0.000891 0.025500 -0.014492 -0.049717 0.017061 -0.042463 0.048250 0.012305 -0.001242 0.006213 0.000306 -0.060108 0.013182 -0.000723 0.062884 0.000705 -0.015888 0.011043 -0.059914 0.031547 -0.034892 0.007602 0.000000 -0.004292 0.007219 0.030120 -0.087501 0.015259 0.066460 -0.019443 0.022632 -0.027938 -0.011731 0.053697 0.008963 0.025273 0.011064 0.000000 -0.021693 -0.058940 0.030536 -0.044038 0.015107 0.007667 -0.051079 -0.060903 0.059943 -0.012239 0.010892 -0.018501 0.002738 0.069452 0.028406 0.057041 0.038299 0.010147 -0.067032 -0.070449 -0.000430 0.007610 0.000323 0.002594 0.003897 -0.016649 0.001726 -0.011209 -0.010986 0.015174 -0.001286 -0.021917 0.007912 -0.044652 -0.000916 0.028429 0.007056 -0.055206 0.008907 0.003352 0.004237 0.001910 0.001215 0.056760 -0.064043 0.072143 -0.000906 0.060809 0.018297 0.002974 0.013340 0.040566 0.012955 -0.071334 0.000326 0.068996 0.000000 -0.015992 0.081849 0.013849 0.073100 0.002278 0.026747 0.058976 0.037758 0.056343 0.056228 0.018469 -0.033984 0.033609 -0.027247 0.006686 0.040532 
-0.013001 0.071952 -0.018674 -0.023364 -0.012404 -0.019868 0.023006 -0.004155 0.077001 0.004202 -0.029713 0.073329 0.000218 -0.032856 0.076809 0.022369 0.061478 0.030090 0.026472 1.317441 -0.016129 0.024771 -0.030455 -0.004422 -0.064497 -0.002507 0.059444 -0.019016 0.034910 0.051986 0.004152 -0.004454 0.058373 -0.048254 -0.034581 0.067103 -0.000210 -0.087256 0.046327 -0.020170 0.060574 0.065635 -0.019501 -0.019903 -0.010349 -0.054920 0.000417 -0.069016 0.037209 0.014319 -0.003136 -0.044901 0.003462 -0.034136 -0.017456 -0.000459 -0.058538 0.081836 0.072435 0.074458 -0.015052 0.051458 0.023217 0.015900 0.012176 -0.026891 0.092024 -0.047532 -0.062374 -0.019922 0.058880 -0.086754 -0.016005 -0.030003 0.005050 -0.035170 -0.000426 0.036972 0.018569 -0.034302 0.055598 0.063720 -0.021208 0.054024 0.082689 -0.021947 -0.014247 0.002838 -0.021397 0.040699 -0.005817 0.003434 -0.033488 -0.013612 -0.026762 -0.000864 -0.032220 0.008095 -0.025040 0.032089 0.034462 -0.008606 0.010110 0.038351 -0.005883 0.001849 0.027448 -0.029279 -0.024281 0.022703 0.014593 0.015561 0.004330 0.000000 0.056600 0.055203 -0.010923 -0.028891 -0.001549 0.030619 0.069275 0.015601 0.012955 -0.045524 0.034575 -0.018079 -0.040850 -0.057613 0.015136 -0.019334 -0.031469 -0.000280 -0.088449 -0.021117 -0.028527 0.067531 0.013063 0.053054 0.053650 -0.003169 0.046036 -0.064123 -0.016369 -0.031719 0.006935 -0.027317 -0.005517 -0.021709 0.013932 0.005345 0.079272 0.042214 -0.073115 0.033104 0.010466 0.061507 0.014409 0.043664 0.037450 -0.000450 0.039815 0.000000 -0.061864 0.012712 -0.003510 0.058368 0.026009 -0.027283 0.047587 0.047954 -0.060175 -0.054911 0.003098 -0.057267 -0.005915 -0.065479 0.019686 -0.038406 0.057329 0.017959 -0.048504 -0.033535 -0.037029 -0.007573 -0.032149 -0.027010 -0.050616 -0.078213 0.004661 0.036176 -0.068174 -0.032171 0.080941 0.083628 -0.004869 -0.047167 
-0.085093 -0.003630 0.015185 0.000173 0.038431 -0.020089 -0.018390 -0.022862 0.000354 -0.011247 0.009519 0.006278 0.075818 0.005798 0.032148 -0.040269 0.000000 0.002203 0.017748 -0.016129 182.687591 -0.004970 0.026909 0.040526 0.016302 0.000938 0.020766 -0.043096 -0.086419 0.000000 -0.003827 -0.039451 0.005085 -0.031305 0.048900 0.007006 0.002108 -0.019352 0.038962 0.090848 0.001254 0.016409 -0.022169 0.089652 0.032793 0.015966 0.003827 0.071919 -0.002369 0.001738 0.022022 0.023544 -0.001512 -0.000254 -0.008117 0.005512 0.008872 0.002129 0.027682 -0.048784 -0.002653 -0.059036 0.022827 0.032114 0.009179 -0.004542 -0.003298 0.027662 0.001731 -0.086254 0.000000 0.026160 0.000000 -0.002080 -0.057352 0.077262 0.005038 0.006117 -0.009409 -0.009161 0.002899 0.007409 -0.068101 0.001211 0.008413 0.000778 -0.010507 0.010482 0.030293 -0.000356 -0.087331 -0.049709 0.000869 0.060529 0.020878 0.030927 0.017581 0.000901 0.006492 0.000000 0.000000 0.002362 0.071583 0.001031 0.078040 0.041638 0.025544 0.077958 -0.037595 0.043304 0.082266 0.019168 0.087781 -0.040019 0.034849 0.019500 0.079012 -0.003472 -0.056339 0.023887 0.043995 -0.000336 -0.024421 -0.045361 0.069024 0.018113 0.013499 -0.016341 0.032647 -0.000709 0.027948 -0.013051 -0.036001 0.059779 0.038679 0.004069 -0.001730 -0.083500 -0.061403 -0.035338 0.002357 0.000240 -0.007394 -0.002394 0.089391 0.002328 -0.039738 -0.072273 -0.047715 0.002826 -0.023444 -0.001923 -0.024708 0.012536 0.006329 -0.005359 0.024458 -0.045832 -0.032046 -0.083826 0.051998 -0.001914 -0.000913 -0.058511 -0.002970 0.000000 -0.012325 0.026789 0.021669 -0.002670 0.006515 -0.082667 -0.042766 0.000000 -0.001000 0.012851 0.000222 0.000000 0.055148 -0.004994 0.000453 -0.001757 -0.050735 -0.025705 -0.002503 0.026765 0.003602 -0.057768 0.004393 0.006476 -0.068103 0.000000 -0.045009 0.000108 0.005278 0.008794 
