0.091891 0.012491 0.015615 0.039979 -0.016744 0.014934 -0.014054 0.000000 -0.047144 0.026222 0.025922 0.027996 0.003173 -0.037487 -0.010557 0.043488 0.000000 0.042502 0.001849 0.001072 0.074612 -0.011206 -0.003061 0.003345 0.003006 0.015590 0.026010 0.012897 -0.001402 -0.000301 -0.033845 -0.013431 -0.011645 0.000000 0.068871 0.015749 -0.030756 -0.009148 -0.000207 -0.021222 0.068328 0.006170 0.035200 -0.033193 0.071517 0.053416 -0.007274 -0.006069 -0.015187 -0.003944 0.078779 0.024751 -0.001775 0.009297 0.064507 -0.007958 0.013525 0.054144 0.008463 -0.034417 -0.053982 -0.082235 0.009840 0.020159 0.082960 -0.007927 -0.081272 0.020316 0.053112 -0.009814 0.010351 0.020942 0.011100 0.013148 -0.054105 0.003557 0.013383 0.016033 0.010355 -0.048919 -0.024043 0.014612 0.003480 -0.009800 -0.012645 0.029583 -0.024880 0.035612 0.017011 -0.051840 0.000956 -0.011784 -0.037834 -0.013147 0.054101 0.002539 -0.002522 -0.048525 0.014704 0.007007 0.000127 0.002941 0.022938 -0.018935 -0.024150 -0.041650 -0.009095 0.028151 0.013933 0.046331 0.015848 0.018228 -0.044760 -0.004644 0.007792 0.068245 -0.003337 0.000215 0.000226 -0.002019 -0.036934 0.002404 -0.000704 -0.001208 0.014735 -0.082949 -0.033835 -0.009318 -0.010916 -0.001953 0.004787 0.016091 0.072584 0.004085 0.007720 -0.007176 -0.008643 -0.000949 0.002523 -0.012291 0.025799 -0.024067 0.022544 0.016208 0.008545 0.052585 -0.006504 0.016990 0.040091 0.001290 -0.032550 0.001054 -0.006458 -0.001501 -0.000562 0.029362 -0.062816 -0.010136 -0.009842 -0.014568 -0.005903 -0.076752 -0.066622 -0.002455 0.010288 0.008143 -0.050879 0.003170 0.022834 0.001278 -0.005505 -0.020203 -0.039676 -0.001333 0.072160 0.015668 0.029917 -0.001180 0.004562 0.018738 0.017238 0.020165 -0.023941 0.012680 0.012064 0.002145 0.000400 0.017810 0.010715 -0.040385 0.026597 -0.008206 0.071954 -0.044842 -0.051032 -0.006496 
0.012491 177.881501 0.048197 0.024511 -0.004436 -0.001926 0.056260 0.000000 -0.000239 0.049279 -0.030700 -0.018894 0.000000 -0.013250 0.017054 -0.078480 0.000196 -0.002621 0.017027 0.010433 0.019443 -0.000164 -0.004044 -0.023603 -0.000686 -0.068824 0.000000 -0.007493 -0.074854 0.017063 0.049148 0.001712 -0.063423 0.000000 0.077562 -0.070355 -0.021795 0.000000 0.003382 -0.013615 -0.006104 0.002412 0.004280 -0.012206 -0.003559 0.000000 -0.014478 0.052882 -0.000888 -0.000625 0.027324 0.027914 0.067534 0.000123 -0.060020 0.028124 -0.008261 -0.000199 0.002708 -0.012543 0.041627 -0.001386 -0.000286 -0.032546 0.036259 -0.004571 0.022218 0.016236 0.063961 0.000700 0.008421 0.064798 0.004556 0.000000 -0.005823 -0.016653 0.035388 -0.047797 0.030303 0.004631 0.004216 0.015368 0.039373 0.028581 -0.029333 0.000000 -0.026445 0.000547 -0.081715 0.030697 -0.042380 -0.000133 0.038920 -0.041147 0.032029 -0.007232 -0.001073 0.000000 0.004960 -0.008615 0.030842 -0.028523 0.014007 0.025476 -0.017079 -0.072010 -0.003348 -0.020008 0.061293 -0.021652 0.023231 -0.037406 -0.000528 0.000217 -0.053170 -0.007676 -0.001161 -0.033928 -0.053211 -0.052675 -0.005485 -0.006986 -0.001169 -0.000703 0.000536 0.013688 0.021056 0.008875 0.004513 0.000000 0.022609 0.075952 0.000000 -0.008788 0.001368 0.045513 0.041930 0.007448 -0.037191 0.019189 0.042866 0.020042 0.003222 0.071281 -0.023411 -0.007534 0.003127 0.000000 0.000000 -0.063568 0.018972 0.041991 -0.000451 -0.001075 0.060849 0.006913 0.000446 0.038879 -0.000693 -0.040368 0.018067 0.023452 0.024682 0.010767 -0.000941 0.001409 -0.049443 0.042326 0.004575 0.005756 -0.020004 0.001016 0.041864 -0.019408 -0.007156 0.062275 -0.000499 0.000000 -0.000683 -0.037729 0.001423 0.007408 0.001090 0.000000 -0.003031 0.001431 0.000000 0.010310 0.066839 -0.037051 -0.002228 -0.036361 -0.000511 -0.060288 -0.036985 -0.014014 
0.015615 0.048197 0.282370 -0.028510 -0.035364 -0.042833 0.000410 0.000000 -0.000560 0.015282 0.039192 -0.013844 0.015950 -0.034856 -0.036933 -0.006986 -0.034540 -0.060424 -0.018707 0.063223 -0.017528 -0.035396 -0.001210 -0.061644 0.019509 -0.069271 0.017373 0.032788 -0.009723 0.002092 0.055534 -0.058573 -0.015022 0.034708 0.056080 -0.002000 -0.001448 -0.017436 -0.010984 -0.033623 -0.012009 0.038249 0.008789 0.028548 -0.014636 -0.050727 -0.030772 0.012225 0.041339 -0.031832 -0.083256 -0.049011 0.055946 -0.001301 0.020161 0.051513 -0.014220 -0.003882 0.043170 -0.018443 -0.067515 -0.051586 0.009401 0.002100 0.045812 0.000000 -0.043582 0.049092 0.023223 -0.022599 0.032145 -0.036490 -0.034424 -0.031188 0.024647 -0.035571 0.016119 -0.023336 -0.045019 0.059981 -0.015787 0.010920 0.030336 -0.009526 0.050997 0.018457 -0.007651 0.051791 -0.017355 -0.039979 -0.032297 0.030903 0.031071 0.027728 0.029200 -0.078381 -0.030658 0.000000 -0.003354 0.000327 -0.002879 -0.016987 0.018630 -0.021605 -0.056117 -0.009081 0.004182 0.021278 0.068822 -0.002012 -0.015121 0.009534 0.013327 -0.002631 0.003599 -0.014955 -0.004550 0.006900 0.050010 -0.057142 -0.075945 -0.005063 -0.025208 -0.045789 -0.015069 0.000000 -0.040955 0.066338 -0.001121 -0.083198 0.048503 0.037494 0.034539 0.053348 0.004475 -0.026980 -0.020700 0.020168 -0.039643 -0.005599 0.037655 -0.075009 0.021985 -0.013954 -0.003873 -0.005646 -0.034332 0.012006 0.042132 -0.012946 0.032129 0.003221 0.003763 0.020331 0.074452 -0.019743 0.003680 0.021542 0.000000 -0.043185 -0.011550 0.044280 0.044735 -0.054517 0.004616 -0.012484 0.050165 -0.006002 0.021723 -0.008658 -0.027208 -0.016199 0.021773 0.017124 0.046591 0.004718 -0.045509 -0.004416 0.034650 0.039108 0.065815 -0.054653 -0.017221 -0.017136 0.024803 0.007982 0.040773 0.018620 0.023382 0.044749 -0.009516 0.000000 0.024520 0.007718 0.036371 -0.001181 
0.039979 0.024511 -0.028510 0.088865 -0.019662 0.010565 0.034910 0.000000 0.065338 -0.038554 0.005140 0.031609 -0.003781 0.003779 -0.007380 0.015623 0.042025 -0.037619 0.001955 0.015232 -0.008318 0.030170 0.001369 0.071751 0.006331 0.077614 0.027289 0.002508 0.000938 0.000538 0.028403 0.008548 -0.027080 -0.058994 -0.071139 -0.005708 -0.022688 0.010929 0.040352 -0.023364 0.007783 0.040696 -0.010635 -0.013621 -0.006618 -0.024027 0.008691 0.021466 -0.020330 0.003860 -0.039244 0.021391 -0.000131 -0.007550 0.012032 -0.034974 -0.007887 -0.051315 0.041447 -0.054982 -0.046872 -0.001936 0.014432 -0.027441 0.015844 0.009183 -0.058139 -0.002096 0.050790 0.066644 0.046031 0.008648 0.005158 -0.011155 -0.070010 -0.011474 -0.002499 0.014239 0.030204 -0.004684 0.001524 0.058231 -0.001701 0.003181 -0.045116 0.043073 -0.026655 0.075048 -0.014712 0.004105 -0.080294 -0.017816 -0.060189 0.001873 -0.010159 0.005583 0.025880 -0.003927 -0.025769 -0.040019 0.005457 -0.018879 -0.068381 0.027924 -0.007147 0.040718 0.000461 0.017259 0.060387 0.000000 0.007892 0.000530 -0.007343 0.041693 -0.007738 0.059529 0.019953 -0.007852 0.020918 -0.021120 0.006458 -0.013988 -0.013215 -0.012379 -0.010323 -0.058185 -0.073031 -0.001506 -0.016831 -0.024042 0.045714 -0.049031 -0.013678 0.000381 0.035055 -0.002679 0.006949 -0.000700 -0.001776 0.000275 -0.004503 -0.006789 0.010061 -0.006194 0.024451 0.003121 0.020265 0.003185 -0.037489 0.003702 -0.017274 0.005280 0.014110 0.030012 -0.014916 0.053066 -0.030143 -0.038649 0.001946 0.058439 0.006778 -0.004392 -0.036349 -0.006270 -0.021031 -0.006142 -0.037023 -0.007758 0.016362 -0.011268 0.020924 -0.023316 0.025498 -0.033111 -0.017575 0.023956 0.005149 -0.020166 -0.009941 0.064282 0.005599 -0.007731 0.018725 0.076422 0.049552 -0.036588 -0.018193 0.008807 0.003306 0.033575 0.014417 0.009247 -0.004096 0.045208 -0.001097 -0.002355 
-0.016744 -0.004436 -0.035364 -0.019662 0.103907 0.000232 -0.021435 0.000000 0.017020 -0.053290 0.022143 -0.026982 -0.065050 -0.008520 -0.024200 -0.000118 0.001078 0.009797 0.016537 0.062190 0.005588 0.035278 -0.015961 -0.029252 -0.029003 -0.023025 -0.001699 -0.043844 0.039839 0.036300 -0.048911 -0.003382 0.036870 0.042502 -0.027384 -0.017994 0.007512 0.072463 -0.003099 -0.008507 0.010051 -0.028008 -0.008245 -0.016282 -0.006871 -0.048105 0.052455 -0.001737 0.028161 0.006627 0.015606 -0.008495 -0.078820 -0.002821 0.000146 -0.008403 0.001019 0.000000 -0.010136 -0.014178 -0.034829 -0.008063 0.000000 -0.014188 -0.000798 0.054690 -0.002984 -0.021406 -0.000474 -0.017995 -0.010822 0.000183 -0.030180 -0.002740 0.060015 0.002041 0.000000 -0.046125 0.010152 0.006825 0.022952 -0.060472 -0.061605 -0.024092 -0.050782 0.001561 -0.040373 0.063960 0.032781 0.010756 0.003554 0.003815 -0.004808 -0.016717 -0.002267 0.011436 0.082644 -0.028478 0.008584 -0.015830 0.003725 0.001479 -0.022613 0.019330 0.005574 -0.074155 0.034899 -0.009222 0.002746 0.073510 0.009374 -0.011105 0.000240 -0.072624 -0.005391 -0.047892 -0.009161 0.000000 -0.005513 0.011775 -0.040056 -0.013007 -0.009446 -0.001204 -0.056804 -0.040108 0.056323 0.023633 0.024753 -0.002316 -0.009252 -0.009148 -0.003250 -0.001405 0.009532 -0.010156 0.000772 -0.038781 0.018088 0.020515 0.057111 0.036878 -0.002899 0.019339 0.078312 -0.067334 -0.004588 0.015268 -0.053043 -0.012831 0.001957 0.016926 0.061060 0.045826 0.004743 -0.021376 0.029146 0.014834 -0.016102 -0.028968 -0.000345 -0.009967 -0.007071 -0.005668 0.000704 -0.009622 0.010240 0.013323 -0.020078 -0.016606 0.007807 0.019592 -0.030289 -0.027237 -0.010721 0.006007 0.000256 -0.055341 0.049114 -0.065669 0.008225 0.000760 -0.031213 -0.026472 -0.046226 -0.025974 0.002065 0.059372 0.010386 -0.014969 -0.008869 -0.002282 -0.043840 -0.070757 0.054357 -0.004037 
0.014934 -0.001926 -0.042833 0.010565 0.000232 0.345660 -0.024998 0.000000 0.006004 0.002497 0.081893 0.005141 0.059859 -0.002561 -0.014309 -0.077565 0.062966 0.059674 -0.010224 0.015826 0.013882 -0.005560 0.051918 0.044320 0.014914 -0.005346 -0.020314 0.066125 -0.064246 -0.026098 -0.029982 0.002021 0.006296 0.002916 0.032166 0.036015 -0.011078 -0.002282 0.028136 0.027620 -0.002393 0.004600 0.040566 0.008679 0.064436 -0.041641 0.067275 0.010894 0.023931 0.006283 -0.023039 -0.018778 -0.037138 0.074124 -0.046013 -0.036685 0.051631 0.009870 0.047375 0.055270 0.014980 0.048721 -0.010825 0.025902 0.001598 0.074631 -0.020439 -0.054073 0.019869 0.014190 0.000160 -0.014764 0.010110 -0.065617 -0.020188 0.000000 -0.039217 -0.031167 -0.050647 -0.016682 -0.046283 0.000000 -0.061204 -0.052222 0.015519 0.003845 0.047590 0.012244 -0.035178 -0.014680 -0.064031 0.005039 -0.016529 0.000000 0.036761 -0.071148 0.013500 -0.073874 -0.048001 0.009377 -0.003065 -0.002043 -0.067374 -0.016354 0.023681 0.037493 -0.015326 -0.004699 -0.042835 -0.009336 -0.021051 0.056217 0.051969 0.024269 0.001492 -0.017599 0.010992 0.024827 -0.043302 -0.018165 -0.050654 -0.021685 -0.013670 0.004778 0.000996 -0.028551 -0.061929 0.010540 -0.012706 -0.004876 0.009184 -0.035119 -0.030694 0.038280 -0.042692 -0.013636 -0.045071 -0.018074 -0.072032 0.033598 0.028908 -0.020190 -0.005152 -0.036898 0.027019 -0.028257 0.078954 0.019252 -0.018653 0.019208 0.004115 0.034642 -0.025200 -0.006061 0.023079 -0.045196 -0.067095 -0.075291 0.000245 0.045931 -0.012735 0.026157 0.067389 -0.018293 0.024253 -0.021232 -0.037235 -0.003211 -0.032669 -0.068955 0.006123 0.024578 -0.017008 0.030958 -0.033383 -0.011372 0.041058 -0.052153 0.059933 0.000189 -0.000471 0.001335 0.010775 0.001194 -0.019013 0.032756 -0.029907 0.029816 0.027975 0.033741 0.049196 -0.054830 -0.040473 0.001017 -0.003678 -0.050631 
-0.014054 0.056260 0.000410 0.034910 -0.021435 -0.024998 0.101367 0.000000 0.012469 -0.027565 -0.017268 -0.013124 0.053321 -0.001480 0.000000 0.009191 -0.008518 0.020737 0.017769 -0.053391 0.002800 0.029782 0.000000 0.049563 -0.083244 -0.003231 -0.034665 0.014496 -0.009798 0.003834 0.012120 0.039913 -0.028808 0.040453 0.000434 0.005229 -0.008088 0.070330 0.061304 -0.013095 0.010281 -0.023940 -0.015488 0.009781 0.000000 0.011982 -0.057820 0.019677 -0.031529 -0.032166 -0.013901 0.009433 0.033071 0.014196 0.018144 -0.063374 -0.004532 0.018027 0.005717 -0.004419 0.021821 0.061654 -0.008471 -0.059959 -0.004260 -0.030667 0.001555 0.049486 0.040441 -0.061078 0.000879 -0.010038 -0.011187 -0.043498 0.039711 0.037676 0.028450 -0.033071 -0.025663 0.049871 0.003607 0.021430 -0.033368 0.022694 0.013962 -0.003528 0.029276 0.041031 0.008297 -0.004328 -0.030652 0.007938 0.009378 0.015594 0.050112 -0.012034 -0.010094 0.032656 -0.074101 0.008441 -0.042476 0.001426 -0.082609 -0.036043 -0.028500 0.011576 0.000000 0.009661 -0.041474 -0.006108 0.013830 -0.008862 0.043730 0.007700 -0.006445 -0.014101 0.064799 -0.001962 0.021060 0.003491 0.026757 -0.033993 0.040376 -0.068088 -0.036441 0.024587 -0.066480 -0.016808 0.002631 -0.026478 -0.072095 -0.004804 0.044408 -0.024697 0.044682 -0.001260 0.002765 0.002092 0.006622 -0.017063 0.026910 0.005441 -0.002152 -0.026678 -0.025757 0.025365 0.016481 -0.005617 -0.013281 0.005661 0.007197 0.022398 0.006892 0.001874 -0.012102 0.007135 0.000000 0.010664 0.025967 -0.006539 -0.001065 -0.032326 0.052401 -0.008750 -0.024984 0.000000 0.036960 -0.019367 0.031891 0.005372 0.009132 -0.027500 -0.004834 0.032586 0.020906 0.025854 0.006987 -0.002835 -0.013183 -0.049577 0.051267 0.056875 0.015571 0.015025 0.015049 0.009748 0.010997 -0.076007 0.030537 -0.026843 -0.010786 0.037110 0.052564 0.034128 -0.053016 -0.017744 
0.000000 0.000000 0.000000 0.000000 0.000000 0.000000 0.000000 0.000000 0.000000 0.000000 0.000000 0.000000 0.000000 0.000000 0.000000 0.000000 0.000000 0.000000 0.000000 0.000000 0.000000 0.000000 0.000000 0.000000 0.000000 0.000000 0.000000 0.000000 0.000000 0.000000 0.000000 0.000000 0.000000 0.000000 0.000000 0.000000 0.000000 0.000000 0.000000 0.000000 0.000000 0.000000 0.000000 0.000000 0.000000 0.000000 0.000000 0.000000 0.000000 0.000000 0.000000 0.000000 0.000000 0.000000 0.000000 0.000000 0.000000 0.000000 0.000000 0.000000 0.000000 0.000000 0.000000 0.000000 0.000000 0.000000 0.000000 0.000000 0.000000 0.000000 0.000000 0.000000 0.000000 0.000000 0.000000 0.000000 0.000000 0.000000 0.000000 0.000000 0.000000 0.000000 0.000000 0.000000 0.000000 0.000000 0.000000 0.000000 0.000000 0.000000 0.000000 0.000000 0.000000 0.000000 0.000000 0.000000 0.000000 0.000000 0.000000 0.000000 0.000000 0.000000 0.000000 0.000000 0.000000 0.000000 0.000000 0.000000 0.000000 0.000000 0.000000 0.000000 0.000000 0.000000 0.000000 0.000000 0.000000 0.000000 0.000000 0.000000 0.000000 0.000000 0.000000 0.000000 0.000000 0.000000 0.000000 0.000000 0.000000 0.000000 0.000000 0.000000 0.000000 0.000000 0.000000 0.000000 0.000000 0.000000 0.000000 0.000000 0.000000 0.000000 0.000000 0.000000 0.000000 0.000000 0.000000 0.000000 0.000000 0.000000 0.000000 0.000000 0.000000 0.000000 0.000000 0.000000 0.000000 0.000000 0.000000 0.000000 0.000000 0.000000 0.000000 0.000000 0.000000 0.000000 0.000000 0.000000 0.000000 0.000000 0.000000 0.000000 0.000000 0.000000 0.000000 0.000000 0.000000 0.000000 0.000000 0.000000 0.000000 0.000000 0.000000 0.000000 0.000000 0.000000 0.000000 0.000000 0.000000 0.000000 0.000000 0.000000 0.000000 0.000000 0.000000 0.000000 
-0.047144 -0.000239 -0.000560 0.065338 0.017020 0.006004 0.012469 0.000000 72.706097 -0.001047 0.001370 -0.053536 0.009531 0.078083 -0.044167 0.009234 -0.032383 0.005319 0.001004 0.014747 0.070135 0.044670 0.000000 -0.007163 -0.062275 0.001470 -0.001415 0.009140 0.049122 -0.008767 -0.029614 -0.001787 -0.034298 -0.000772 -0.056728 -0.022594 -0.000387 0.009652 0.004526 -0.015196 -0.048465 -0.072307 -0.030463 -0.010102 0.004455 0.044751 -0.062133 0.066246 0.024000 0.028642 0.045536 0.039054 0.078282 0.004218 -0.004206 0.081159 0.000000 0.009946 -0.004872 -0.040369 0.063688 -0.008512 0.002312 0.001462 -0.020670 0.051766 0.033239 0.059744 0.013555 0.000203 0.051633 0.026917 0.041028 -0.002072 0.012932 0.070756 -0.027171 -0.005267 0.005565 -0.035256 -0.024448 0.000000 0.023114 -0.048610 -0.001862 0.002493 -0.011768 0.015440 -0.008124 -0.051285 0.008063 -0.024828 0.019413 0.002523 -0.023268 -0.046029 0.027136 0.000598 0.007212 -0.017288 0.008816 0.000734 -0.056016 0.013170 0.074627 -0.035921 0.026067 -0.031997 0.055845 -0.034061 0.006013 -0.056097 -0.007996 -0.042753 -0.068006 0.010956 0.000285 -0.040308 0.000268 0.010175 0.000142 -0.030918 -0.004724 -0.051832 0.000000 -0.002276 0.010587 -0.064385 -0.018361 0.003047 -0.049640 -0.010394 -0.034014 -0.003678 -0.010749 -0.020138 0.013671 -0.003996 0.028580 0.008937 -0.012788 -0.073158 -0.002021 -0.004280 0.001530 -0.012002 -0.010512 -0.001015 -0.001106 0.000000 0.000000 -0.000266 -0.009818 0.009818 -0.043255 0.058484 0.002365 0.000000 0.000168 -0.063269 -0.005453 -0.003161 -0.020029 0.000000 0.000000 0.004819 -0.037068 0.013980 -0.001121 -0.000801 0.009415 0.067681 -0.041248 -0.034857 -0.067778 -0.066907 0.004475 0.001023 0.000000 0.032539 -0.020634 0.009816 0.012123 0.006243 -0.004125 -0.010258 0.007455 -0.061910 -0.001765 0.041573 -0.072873 0.014702 0.008823 -0.029019 0.001767 -0.021396 
0.026222 0.049279 0.015282 -0.038554 -0.053290 0.002497 -0.027565 0.000000 -0.001047 12.205300 -0.008041 0.016064 0.008564 -0.067630 0.053424 -0.062075 -0.005115 0.021683 -0.001281 0.033941 0.057175 0.065726 0.006285 0.020056 -0.081990 -0.022905 0.052525 -0.003244 -0.061630 -0.070831 0.010789 0.057216 0.040408 -0.077864 0.074683 -0.019578 -0.038718 0.014063 -0.051472 0.004747 -0.003093 0.013507 0.000286 0.048961 -0.003365 -0.001716 0.081007 0.041217 -0.012290 -0.016699 0.032176 -0.029462 0.000000 -0.000748 0.022921 -0.061598 0.006316 0.017145 -0.004246 -0.004820 0.063051 0.002015 0.065951 -0.042655 -0.026573 -0.067445 -0.004407 0.080694 -0.013097 -0.000327 -0.006452 -0.007340 -0.001234 -0.001976 -0.028537 -0.040456 0.008611 0.030711 0.000000 0.000926 0.050965 0.030258 -0.049044 0.082764 -0.072264 0.040078 -0.034932 -0.024371 0.039113 -0.005498 0.010572 -0.033342 0.019781 -0.014575 -0.002106 -0.008485 -0.000307 0.002423 -0.046276 0.073907 0.017593 -0.001542 -0.067159 0.032388 -0.011914 -0.028115 0.008635 -0.002900 -0.041049 -0.039099 0.029017 -0.002807 0.045174 -0.014680 -0.081757 0.005764 -0.002383 -0.002604 0.042468 0.053898 0.012456 -0.010985 0.000777 -0.003371 0.008299 -0.082602 -0.001978 0.054273 -0.000169 -0.001855 0.070194 0.054860 -0.018158 -0.006814 0.045901 0.001017 -0.024991 -0.051559 0.000000 -0.004610 0.026077 -0.002736 0.061960 -0.017060 0.076508 0.001246 -0.051908 -0.065439 0.029051 0.012265 0.009631 -0.004613 0.023780 -0.028735 -0.004895 0.013035 -0.072742 0.043321 0.002803 0.041034 -0.008075 -0.002337 -0.000848 -0.018456 0.024917 0.000209 -0.001701 0.027442 -0.009671 -0.079779 -0.014609 0.002843 0.021130 0.000900 0.024134 0.081251 0.000204 0.058090 -0.048570 0.080120 -0.064113 -0.002362 0.002475 -0.054620 0.012165 -0.014700 -0.009202 0.063278 -0.014577 0.021897 0.000898 0.006689 -0.003046 -0.008138 0.012061 -0.008048 
0.025922 -0.030700 0.039192 0.005140 0.022143 0.081893 -0.017268 0.000000 0.001370 -0.008041 0.166085 -0.047200 0.003818 0.010712 -0.014013 0.061793 0.057823 -0.009348 -0.009707 0.023531 0.037927 0.007189 -0.040014 -0.014831 -0.082814 0.000000 -0.000124 0.000000 -0.069634 -0.009664 0.000185 0.051895 0.011457 0.000000 0.019709 0.000173 0.008190 0.078777 -0.005449 -0.011953 0.009632 0.016577 0.023294 -0.018734 0.045042 -0.002675 0.000287 0.018656 0.032420 0.066235 -0.027924 -0.016612 0.048980 -0.002266 0.063272 0.025635 0.042940 -0.006095 0.038892 0.031708 0.052283 -0.044152 -0.035600 -0.043280 0.071270 0.011847 0.070615 0.057583 0.016432 -0.004046 -0.058687 -0.015098 -0.026735 0.015428 0.018513 -0.002014 0.023800 -0.009599 0.010451 -0.016505 0.015479 0.014777 -0.009695 -0.000594 0.026084 0.014224 0.058156 -0.017783 -0.017495 0.006419 -0.042230 0.012931 -0.045770 -0.003250 -0.010889 -0.055360 -0.001812 0.066710 0.025852 -0.043361 -0.002503 0.007280 -0.017146 0.001142 0.003312 -0.066033 0.005867 0.008860 0.035436 -0.049315 0.004782 0.012692 -0.024665 -0.019019 0.011411 0.024649 -0.003830 0.079245 0.040553 -0.055263 0.023015 0.014912 -0.026746 0.081204 -0.015890 -0.001447 -0.005491 -0.003392 -0.001493 0.042581 0.017107 -0.033328 0.019673 0.056302 0.075435 -0.053556 -0.012172 0.028174 -0.010009 0.025823 0.041463 -0.053290 0.017414 0.028531 -0.035296 0.007202 0.032271 0.057767 -0.018822 -0.015039 -0.036978 0.000000 -0.006332 0.003765 0.010005 0.001728 -0.059327 -0.056414 -0.013170 0.057375 -0.023601 0.030624 -0.017608 -0.010347 0.014248 0.003004 0.025859 0.008788 -0.004701 -0.004307 0.029331 -0.009445 -0.010985 0.067991 -0.008247 0.039042 -0.014252 -0.011129 0.009349 0.032194 0.026683 0.046434 -0.081389 -0.044380 -0.078704 -0.065745 0.000000 0.003045 -0.008680 0.046904 -0.011992 0.002345 0.011548 0.002131 0.001760 -0.004399 
0.027996 -0.018894 -0.013844 0.031609 -0.026982 0.005141 -0.013124 0.000000 -0.053536 0.016064 -0.047200 0.297003 0.010972 -0.021918 0.025380 -0.072557 -0.000450 0.052065 0.000000 -0.052209 0.039482 -0.001721 0.017545 0.009435 -0.035380 0.000000 0.014611 -0.019325 -0.060594 -0.003908 -0.057651 -0.031953 -0.060078 -0.005844 -0.009072 0.024952 -0.033477 0.021296 -0.052816 -0.024119 -0.005643 -0.050440 -0.033814 0.016062 0.067557 -0.076070 0.000110 0.008463 -0.009208 -0.020858 -0.000350 0.000580 -0.006664 -0.019744 -0.038356 0.040532 -0.011501 -0.025225 0.020447 0.015650 -0.043027 -0.032256 -0.031295 0.002617 -0.063462 0.011721 -0.054338 -0.073949 -0.046401 -0.034509 0.008555 0.015913 0.007720 0.046380 -0.024803 0.054181 -0.062655 -0.080016 0.064682 0.042784 -0.039148 -0.032170 -0.064038 0.034988 -0.022450 -0.008379 -0.054075 -0.017213 0.051908 -0.036157 0.001556 -0.032668 -0.043684 -0.001505 0.038865 -0.009155 -0.052468 -0.008691 0.024823 0.021831 0.018730 0.067425 0.044858 0.050995 0.052995 0.018486 0.026500 0.036597 -0.025400 0.017447 -0.012182 0.018733 -0.005397 -0.046430 0.002290 0.063361 -0.039321 0.001242 -0.045857 -0.031091 -0.000127 -0.001503 -0.019569 -0.041394 0.034726 -0.062574 -0.007503 0.021801 0.051949 -0.017620 0.013336 0.052878 0.024944 0.017088 0.000945 0.025575 -0.024398 0.062272 -0.011120 0.000663 0.016136 0.008052 -0.004512 -0.015488 -0.034083 -0.021539 0.002979 0.002007 -0.065158 -0.007102 -0.035546 -0.056943 -0.003472 -0.010009 -0.001264 0.029660 0.039370 -0.066233 0.040184 -0.019119 0.015778 -0.056633 -0.042793 0.011830 0.007434 0.043680 0.062187 -0.028789 0.046745 -0.033336 -0.003289 0.011814 -0.016745 -0.000394 -0.017623 0.030685 0.016296 0.056233 -0.057408 0.017129 0.014160 -0.028085 -0.023950 0.018298 -0.022990 0.018733 0.055161 0.048947 -0.018901 0.020128 -0.029178 0.005643 -0.006370 0.058476 0.025093 0.027150 
0.003173 0.000000 0.015950 -0.003781 -0.065050 0.059859 0.053321 0.000000 0.009531 0.008564 0.003818 0.010972 7909.015051 -0.003604 -0.010355 0.028873 -0.004698 0.001333 -0.007564 0.068994 0.000425 0.013511 0.001635 0.025254 -0.000233 -0.014790 -0.001630 -0.001818 -0.026365 -0.012076 -0.039288 0.010861 0.004279 0.000159 0.014980 -0.024500 0.002248 -0.069867 0.072038 -0.064041 0.017842 0.071197 -0.025560 -0.000873 -0.002556 0.011087 -0.030517 -0.074792 -0.027167 -0.056518 0.012942 0.002045 -0.000863 0.000000 0.014944 -0.034300 0.013004 -0.003662 0.000554 0.004342 -0.032423 -0.000355 0.032323 -0.020005 0.062462 -0.010450 0.015321 0.003204 -0.058331 -0.000152 0.001532 0.005347 0.080797 0.000000 -0.059249 -0.010356 -0.001142 0.003644 0.040120 0.044842 0.001746 -0.007125 -0.038737 -0.030184 -0.029730 0.016675 -0.005678 -0.032170 -0.031203 0.002331 0.021373 0.069143 0.022290 0.029658 -0.000181 -0.036495 0.006460 -0.010421 0.025036 -0.045152 0.070313 -0.023388 -0.001902 0.030207 -0.031539 -0.021924 -0.017679 0.006269 0.000783 -0.045927 -0.039647 0.001084 0.000102 0.052865 0.049932 0.014322 -0.021929 -0.035437 -0.002227 0.023523 0.000000 -0.018119 0.000000 -0.000249 0.000462 0.047770 0.028324 -0.061819 0.000286 -0.007785 -0.002350 0.070934 0.015892 0.003646 -0.004607 0.043652 0.000898 -0.004612 -0.009566 -0.060296 -0.003447 0.030745 -0.004270 0.042549 -0.013241 -0.004268 0.028152 -0.029680 -0.000438 0.000326 -0.000834 0.002295 -0.000945 -0.015451 -0.063922 -0.011081 0.000263 0.030107 0.000850 -0.009408 0.000343 0.054544 0.058883 0.006404 0.000000 0.033266 0.008819 -0.046845 -0.006041 -0.063106 0.032601 0.008601 -0.000756 0.000000 -0.036757 -0.016206 -0.083468 -0.008816 0.003385 -0.033172 0.000000 0.000000 0.005448 0.045687 0.000000 -0.008828 -0.000395 0.076554 0.010846 -0.008566 0.010986 -0.006293 -0.022554 0.000435 0.041029 -0.070047 
-0.037487 -0.013250 -0.034856 0.003779 -0.008520 -0.002561 -0.001480 0.000000 0.078083 -0.067630 0.010712 -0.021918 -0.003604 915.314557 0.081866 -0.003479 -0.008207 -0.025331 -0.006739 0.002701 -0.052183 -0.021988 0.014791 0.019960 0.043790 -0.057878 0.031741 0.015173 0.074008 0.000000 0.000000 -0.016665 0.018798 -0.082752 0.058541 -0.019962 0.048075 0.063611 -0.047042 0.000000 -0.005523 0.001183 0.023203 0.016816 -0.074956 0.034542 -0.069349 -0.023453 -0.000436 -0.001389 -0.002719 0.018707 0.009266 -0.004440 0.001752 0.000000 -0.001725 0.000000 0.000621 0.007659 0.019709 -0.001709 -0.074190 0.013550 0.003870 0.002798 -0.000142 0.040245 0.013853 0.000000 -0.006625 -0.022665 0.011424 0.000120 -0.046369 -0.001984 0.003106 -0.000123 -0.083016 -0.029614 0.005277 -0.016825 -0.006332 0.056539 -0.006455 0.000000 -0.043468 0.059148 0.000958 -0.072353 -0.002973 -0.045461 0.000373 -0.032517 -0.004646 -0.042486 -0.015796 0.003038 0.008632 0.033278 0.000000 0.013374 0.000155 0.078788 -0.000607 0.070661 -0.067837 0.075187 0.009033 -0.003736 0.003511 0.002723 0.006880 -0.032235 -0.003068 -0.039340 0.059638 0.000477 0.049417 -0.007644 0.041173 0.015223 0.000834 0.082862 -0.019033 0.004785 0.048871 -0.001528 0.000000 -0.000422 0.000206 -0.001713 -0.000109 0.014941 -0.006373 0.018868 -0.012798 -0.004320 -0.043419 0.000000 0.007209 0.023404 0.037057 -0.056251 0.016293 0.039715 -0.001812 0.072337 0.073688 0.000000 -0.068312 0.000000 0.044647 -0.003632 0.011938 -0.006198 0.006838 -0.002193 -0.016251 0.065659 0.000000 -0.010054 -0.027405 -0.069822 0.042394 0.009976 0.057160 0.080583 -0.040108 -0.062833 0.043670 -0.001182 0.007796 -0.001417 0.071959 0.032641 -0.046549 -0.003860 -0.004364 -0.043949 -0.011513 -0.002757 0.043192 0.023320 0.009521 -0.010101 -0.000747 0.011529 0.025676 -0.019333 0.024133 -0.022290 -0.000348 0.028407 -0.020030 0.058276 
-0.010557 0.017054 -0.036933 -0.007380 -0.024200 -0.014309 0.000000 0.000000 -0.044167 0.053424 -0.014013 0.025380 -0.010355 0.081866 0.427728 0.037781 -0.014996 0.047373 -0.007199 -0.048987 -0.000980 0.008084 0.064978 0.007145 -0.001947 -0.079942 0.006356 -0.017509 -0.068832 -0.024014 0.034092 0.052787 -0.034634 -0.050449 -0.074799 -0.018073 0.023934 0.035632 0.000167 0.008030 -0.022437 -0.049419 0.079271 0.073927 0.022285 -0.010730 -0.008593 -0.017200 -0.028807 0.030665 0.036434 0.002743 0.024060 -0.040545 -0.018170 0.022123 -0.007151 -0.072008 -0.009333 0.060442 -0.000458 -0.002022 0.062650 0.032451 -0.058098 -0.027491 -0.015073 -0.040642 -0.000227 -0.002733 0.018951 -0.031286 -0.036238 -0.025017 0.014832 -0.026377 0.026855 -0.039802 -0.016327 -0.023039 -0.025171 -0.038265 0.035915 0.018270 -0.020383 0.050736 0.023526 0.018045 0.026294 -0.064002 -0.012534 0.019514 -0.039010 0.009273 0.059329 -0.039824 0.032235 -0.006572 -0.077685 -0.073769 -0.015267 0.029011 0.068790 -0.018463 -0.001289 -0.008677 0.028088 -0.062340 0.015497 0.052145 -0.028577 0.009122 -0.035688 -0.005658 -0.003899 0.006093 0.050714 -0.025432 -0.058024 0.045707 -0.031052 0.027001 0.068940 0.018254 0.026388 -0.051422 -0.047406 -0.003364 -0.014854 -0.004874 0.030110 -0.062918 -0.029125 -0.024913 -0.041425 0.013774 -0.049458 0.022611 -0.013481 0.054217 0.003240 -0.013719 0.009502 0.029250 -0.003868 0.038444 0.061849 0.008719 -0.074057 -0.000950 0.076320 -0.033715 0.027947 -0.017488 -0.049356 -0.067755 -0.010702 -0.022946 0.036084 0.014060 -0.019772 -0.023667 0.002479 0.007534 -0.047348 0.045092 0.005694 -0.022252 0.013691 0.000000 0.053549 -0.023146 -0.004359 -0.013992 0.001899 -0.005035 -0.014834 -0.055976 0.039382 -0.019847 -0.010855 -0.004177 0.012975 -0.054408 0.024015 0.028013 0.034115 -0.017238 0.017317 0.025989 0.004399 0.057961 0.003483 -0.072519 0.000996 -0.004711 
0.043488 -0.078480 -0.006986 0.015623 -0.000118 -0.077565 0.009191 0.000000 0.009234 -0.062075 0.061793 -0.072557 0.028873 -0.003479 0.037781 61.216346 -0.004045 -0.001897 -0.007339 -0.003553 0.001172 0.004048 0.039162 -0.083011 0.004244 0.000000 0.001801 0.023564 0.034714 0.014272 -0.055252 -0.014107 0.003478 0.000000 -0.039366 0.001348 -0.054824 0.002315 0.003728 -0.060308 0.005559 -0.077006 -0.034133 0.016401 -0.000822 0.002481 0.023181 -0.054956 -0.036330 -0.000157 0.001455 0.018904 -0.000727 0.017045 0.011723 0.019675 0.000325 0.000150 0.029212 0.018792 -0.081774 0.008183 -0.005526 -0.003671 0.038751 0.000000 0.026549 0.050992 0.033674 -0.002217 0.029299 0.011407 -0.075952 0.029779 -0.021639 0.019048 0.001375 0.004203 -0.044549 -0.026936 0.000000 0.006753 -0.021726 0.002741 0.031076 -0.041490 -0.064928 0.014528 0.062862 0.000516 -0.003112 -0.001143 0.015671 0.043348 -0.000164 0.022908 0.066389 0.000000 -0.002881 0.058033 0.042962 0.036168 -0.009317 0.059980 0.014635 0.026487 -0.017866 -0.037611 -0.002420 0.001891 0.065698 -0.000926 0.000859 0.073973 0.052778 0.064745 0.000000 -0.024798 -0.013143 -0.000345 -0.031672 0.010978 -0.050564 0.001883 -0.005145 0.000000 -0.043309 -0.042115 0.046556 0.011808 0.023902 0.064756 -0.000167 -0.062881 0.019180 -0.062928 0.061376 -0.018567 0.048640 0.016019 0.017523 -0.022995 -0.004074 0.015983 0.062040 -0.003519 -0.006188 -0.023202 -0.011440 -0.001451 -0.002566 -0.000630 -0.008414 0.000356 -0.002367 -0.004323 0.039021 0.024922 0.001422 0.064009 0.000553 0.021237 -0.016175 -0.021003 -0.074989 -0.002179 -0.016682 -0.034258 0.031710 -0.004054 -0.000972 0.038929 -0.016692 0.000877 -0.002604 -0.002130 -0.074860 0.001234 0.011951 0.047156 0.000271 0.004720 0.014262 -0.000178 -0.000507 0.024932 0.050094 0.000000 0.028330 -0.041281 0.053222 -0.048757 0.073575 0.034621 -0.013944 -0.010323 
0.000000 0.000196 -0.034540 0.042025 0.001078 0.062966 -0.008518 0.000000 -0.032383 -0.005115 0.057823 -0.000450 -0.004698 -0.008207 -0.014996 -0.004045 1751.296949 0.000249 0.010573 -0.048692 0.000000 -0.028642 -0.045081 0.031710 -0.003541 -0.033747 0.008656 0.000000 0.071889 0.000000 -0.010802 0.054207 0.065998 -0.004148 -0.019406 -0.043602 -0.049930 -0.074636 0.005049 -0.038183 0.004665 0.000000 0.082440 0.037009 -0.007346 0.000000 -0.001011 0.000652 -0.002341 0.000510 0.057916 0.008198 0.002875 -0.000823 0.000992 0.001633 0.010675 -0.002974 0.000000 0.009127 -0.002581 0.001420 0.000120 -0.023188 0.063258 -0.009442 0.019718 -0.081726 -0.052076 0.067223 -0.053837 -0.018376 0.002477 -0.002371 -0.001001 0.000000 0.044588 -0.036355 0.029898 0.031563 0.000000 0.011027 -0.079257 -0.053945 -0.053172 0.040913 -0.012675 -0.021416 -0.033049 0.031281 0.001118 -0.053482 -0.002467 0.074946 0.021021 0.044091 0.025974 0.000243 0.000000 0.000280 -0.017749 0.075159 -0.049731 0.065912 -0.065012 0.000000 0.004226 -0.019668 -0.019488 -0.000896 -0.041541 -0.006733 -0.001182 -0.007603 0.050493 -0.024819 0.001302 0.001643 0.065118 -0.024610 0.006383 0.014303 -0.007732 -0.005808 0.001481 0.000000 0.052246 0.030552 0.005841 -0.028959 0.046938 -0.007496 -0.002092 0.043395 -0.026530 -0.024879 -0.005908 0.008862 -0.000208 0.001241 0.003729 0.020554 -0.011626 -0.033667 -0.012210 -0.000748 -0.011652 0.062251 -0.008807 0.000000 0.060870 0.001804 0.000000 -0.028313 0.005193 -0.000104 0.000000 0.000000 -0.001554 -0.013522 0.000000 -0.001917 0.002441 -0.047540 0.000000 0.001197 0.016450 -0.004192 0.067643 0.000000 -0.026786 0.019601 -0.036068 0.039696 -0.024223 -0.049725 -0.015260 0.000000 -0.079789 -0.003811 -0.003152 -0.001528 0.015295 0.016008 -0.056791 0.005058 0.000647 -0.018044 0.000000 0.000956 0.010183 -0.076249 0.000872 -0.015380 -0.011247 -0.028250 
0.042502 -0.002621 -0.060424 -0.037619 0.009797 0.059674 0.020737 0.000000 0.005319 0.021683 -0.009348 0.052065 0.001333 -0.025331 0.047373 -0.001897 0.000249 510.707165 -0.069965 0.014257 0.010780 0.000000 0.004855 -0.047219 -0.025389 -0.005612 -0.001479 0.000000 0.034044 0.028398 0.022603 0.032461 0.015558 0.000000 -0.019439 -0.035127 0.000265 0.000000 -0.053939 -0.064530 -0.060964 -0.027808 -0.019908 -0.047315 0.048223 0.000000 0.027428 0.021061 0.004275 0.000000 -0.028886 0.035908 0.001457 0.059951 0.004643 0.035982 -0.021660 -0.001518 -0.002238 0.000000 0.022925 0.001820 0.041340 -0.066746 0.000609 -0.030692 -0.058295 -0.020063 -0.023531 0.000000 -0.000688 -0.003242 0.002596 0.003948 -0.005870 -0.000404 0.000000 0.014242 -0.023151 -0.006646 0.077056 0.028819 0.052888 -0.032601 0.076441 0.000000 0.045405 -0.035619 -0.013007 0.000000 0.042630 -0.037407 -0.019604 0.000000 0.013969 0.016054 0.000000 -0.000672 -0.053053 0.006271 -0.050956 0.049018 0.038684 0.020873 -0.038659 0.069631 -0.082348 -0.041468 -0.071686 -0.025813 -0.003063 0.004733 -0.023689 -0.017141 -0.021516 0.072621 0.011243 0.004139 0.000772 0.058804 0.000000 0.015647 0.024627 -0.042077 0.000000 0.049736 -0.049089 -0.001107 0.000000 -0.071533 -0.026240 -0.062907 0.067678 -0.010028 -0.008709 0.049845 -0.000706 -0.000473 -0.005922 -0.006364 0.003006 -0.039468 -0.017575 0.060854 0.000000 0.001045 -0.017193 0.006745 -0.007518 0.000000 -0.009689 0.027024 -0.006936 0.014233 0.000151 -0.000300 0.001465 0.000000 -0.023962 -0.027021 0.031569 0.013190 0.079686 -0.017255 -0.001228 0.007009 -0.000182 -0.042640 0.069623 0.028560 0.038181 0.001811 0.068742 0.006942 -0.040361 0.021896 -0.028312 0.000000 0.004380 0.029095 0.002748 0.021726 0.006371 -0.002855 0.014466 -0.001730 0.004375 -0.022888 -0.015290 -0.059129 0.029536 -0.013893 0.007804 0.033969 0.036022 0.011797 
0.001849 0.017027 -0.018707 0.001955 0.016537 -0.010224 0.017769 0.000000 0.001004 -0.001281 -0.009707 0.000000 -0.007564 -0.006739 -0.007199 -0.007339 0.010573 -0.069965 52.646889 0.004381 -0.004456 0.004747 -0.010500 0.005700 -0.001543 0.016364 -0.003042 -0.022169 -0.028450 0.012018 0.068162 0.015385 -0.026096 0.035789 -0.010020 -0.015297 0.000000 -0.005107 -0.001297 0.028521 0.005504 0.043901 0.014179 0.062012 0.064127 -0.003092 -0.067492 0.026568 0.001502 0.014785 -0.032183 0.030652 0.006579 -0.031616 0.037858 0.005482 0.019357 0.000000 -0.018564 -0.012740 -0.008397 0.049915 -0.010061 -0.040697 0.053426 0.076038 -0.064430 -0.027364 -0.003522 -0.038376 0.007611 0.017926 0.013049 -0.000424 -0.000708 0.004100 0.021187 -0.014961 -0.039285 -0.020102 0.001049 0.009976 -0.055442 -0.071527 -0.005872 0.005440 -0.009551 0.050952 -0.017855 0.000000 -0.070877 0.074554 -0.001645 0.030820 -0.011733 -0.008069 -0.025473 -0.013047 -0.014967 -0.019731 -0.007331 -0.002524 -0.009715 -0.015385 -0.041179 -0.002577 0.025417 -0.039634 0.001724 -0.017636 0.034956 -0.082785 -0.056353 0.062165 -0.004277 0.000000 0.014596 -0.017810 -0.043446 -0.026360 0.001114 -0.037070 0.008658 -0.000538 -0.000728 -0.002967 0.062734 -0.003228 -0.011421 -0.045607 -0.000638 -0.005076 -0.000439 0.004673 0.026239 0.015828 -0.023909 -0.053063 0.003395 -0.006824 -0.006967 0.000000 0.005171 0.011401 0.043079 0.011220 -0.036240 -0.033156 0.019345 -0.022264 -0.070669 0.003292 0.037180 0.042595 0.006721 0.081403 -0.018585 0.000000 -0.030512 -0.007501 -0.006673 0.006134 0.061600 -0.027241 0.001860 -0.023610 0.032564 0.026047 0.059661 0.044907 0.033220 0.079833 0.035320 0.009289 0.069759 0.009737 -0.030241 0.013068 -0.021008 0.061776 0.038277 0.002795 -0.002214 -0.007631 0.000000 -0.012741 -0.004161 -0.043346 0.038016 0.011435 -0.010595 -0.010169 0.000456 0.000404 0.029923 0.018631 
0.001072 0.010433 0.063223 0.015232 0.062190 0.015826 -0.053391 0.000000 0.014747 0.033941 0.023531 -0.052209 0.068994 0.002701 -0.048987 -0.003553 -0.048692 0.014257 0.004381 57.370374 -0.007698 0.000000 -0.051021 0.016022 -0.057176 -0.002702 -0.000587 -0.000358 -0.042960 0.001497 -0.022587 -0.006590 -0.034851 0.067555 0.012761 -0.011881 0.038115 -0.020249 -0.005049 -0.017125 0.023494 -0.001755 -0.005962 -0.054162 0.001687 -0.012749 -0.000951 0.022100 -0.003234 -0.000913 -0.067953 -0.080252 0.005527 0.056787 -0.006786 0.004676 -0.010973 0.000000 -0.011852 -0.003165 -0.010113 -0.001107 -0.014954 0.063433 0.008791 -0.002491 0.042297 0.003787 -0.039514 -0.000237 0.016224 -0.005274 0.020756 0.000677 -0.051396 -0.044650 -0.002816 -0.003990 0.012050 0.004624 -0.058852 0.000000 0.055598 -0.004466 0.007349 0.002730 0.037230 0.052114 -0.012234 -0.012905 0.018825 0.014023 -0.030324 -0.001834 -0.002705 -0.025101 -0.010413 -0.031810 0.014555 0.042576 0.027870 0.000635 -0.025558 -0.025336 -0.001155 -0.002332 -0.073336 -0.028756 0.009336 -0.002089 0.007312 0.003650 -0.013494 0.005705 -0.063553 -0.042717 -0.001148 -0.024921 0.028576 0.034224 0.000000 0.030500 0.001304 0.010239 -0.067440 0.020165 0.077630 0.001641 -0.004727 0.001591 -0.040196 -0.012117 0.000217 -0.028351 -0.037366 -0.071118 -0.003087 0.000000 -0.004120 0.000384 0.030762 -0.036477 0.004131 0.081655 0.026166 0.027390 -0.043564 -0.018438 -0.025997 0.005918 -0.067420 -0.010029 0.000866 0.000429 -0.037843 -0.000497 0.010173 0.003528 0.000000 0.026720 0.011759 0.063246 0.029453 -0.062624 -0.035889 0.005444 0.011945 0.002601 -0.000106 -0.031765 -0.042274 -0.000354 -0.064584 0.032193 -0.022982 0.006226 0.005231 0.001030 0.017762 -0.001000 0.010590 0.079263 0.077880 -0.001514 0.002573 -0.031641 -0.021760 -0.060360 0.009298 -0.039254 0.009249 -0.006360 -0.020326 0.023308 -0.034816 -0.058911 
0.074612 0.019443 -0.017528 -0.008318 0.005588 0.013882 0.002800 0.000000 0.070135 0.057175 0.037927 0.039482 0.000425 -0.052183 -0.000980 0.001172 0.000000 0.010780 -0.004456 -0.007698 468.115498 -0.000977 0.000000 0.017051 0.031460 0.037949 0.040293 -0.000989 0.076925 -0.002063 -0.027595 0.071522 0.029167 0.021395 -0.046770 0.015210 -0.053179 0.046611 -0.002378 0.077665 0.009522 0.000000 0.023651 -0.022602 -0.055157 -0.076497 -0.011345 0.015079 0.022999 0.000402 -0.022863 -0.007274 0.055402 0.000000 0.064075 0.005039 -0.000544 0.000000 -0.001798 0.040972 0.029240 0.000000 0.062053 -0.018111 0.020263 0.001656 0.074226 -0.025677 -0.032091 0.015152 -0.042933 0.000000 0.004003 -0.010939 0.002843 -0.000198 0.018538 -0.048630 0.046839 -0.018043 -0.002934 -0.025902 -0.014080 0.016811 -0.072237 -0.003753 0.036161 0.001168 0.000363 0.000000 -0.040961 0.018540 -0.011410 0.051311 0.003270 0.011734 0.024798 -0.024589 0.044008 0.009447 0.041621 0.038033 0.066757 -0.013428 0.006856 0.000590 -0.018258 -0.018329 -0.042166 0.008680 -0.005681 -0.003019 -0.000768 0.009593 -0.001433 0.011988 -0.020243 0.022570 0.000489 -0.012419 -0.000827 0.025665 0.002178 -0.000709 0.000000 0.004026 -0.053250 0.030585 0.000000 0.035220 0.000000 -0.035472 0.019740 -0.009328 -0.020288 0.030546 -0.004047 -0.000995 -0.025372 0.058991 0.071365 0.000000 -0.077720 -0.032180 0.014172 0.030056 -0.021858 0.035694 -0.001493 0.000000 -0.015190 0.000000 0.001565 0.000000 0.040659 0.050109 0.009653 0.009090 0.048986 -0.042459 0.000000 0.073888 -0.075551 -0.015260 0.001442 -0.008167 0.050848 -0.009622 -0.021737 0.077477 0.043680 0.010377 -0.006894 -0.057289 -0.053060 0.033067 -0.043830 0.000000 -0.002679 -0.023270 0.000378 0.000000 -0.052168 0.000610 -0.036616 0.000117 0.070446 0.066777 0.025808 0.037843 0.021717 -0.000400 -0.002461 -0.012229 -0.040029 0.071404 
